-7.573634e+00 1.335952e+00 4.851359e+00 3.347692e+00 7.004892e+00 1.537547e+00 -2.605201e+00 3.036875e+00 -9.410989e-02 2.020947e+00 4.528255e+00 9.023225e-01 -1.512927e-01 1.398508e-01 3.444865e-01 -6.878130e-01 -3.561300e-01 -1.179409e-01 -3.907702e-01 1.141148e+00 7.962872e-01 1.100819e+00 -2.372074e-01 -1.312671e+00 1.796387e-01 0.000000e+00 
-7.310088e+00 3.082290e+00 3.506842e+00 1.047862e+00 3.512903e+00 2.314299e-02 7.057559e-01 7.752300e+00 4.102849e+00 -9.680221e-01 -2.179259e+00 -1.205120e+00 -1.512927e-01 -1.764575e-01 -9.498861e-02 -9.457018e-01 9.935190e-02 1.036755e+00 1.414358e-01 1.071644e+00 8.077008e-01 1.281304e+00 1.345588e+00 -1.441596e-02 1.884412e-01 0.000000e+00 
-7.006153e+00 2.185216e+00 2.084553e+00 2.716957e+00 8.161182e+00 3.408983e-01 1.445061e+00 4.660599e+00 3.311503e+00 2.329395e+00 1.318655e+00 2.854237e+00 -1.512927e-01 -2.600206e-01 -2.460370e-01 -2.811400e-01 4.277918e-01 3.865404e-02 -6.064198e-02 8.640342e-01 8.643599e-01 6.526705e-01 1.699421e+00 1.110718e+00 3.085781e-01 0.000000e+00 
-8.739662e+00 4.363772e-01 1.506254e+00 4.159819e+00 1.161052e+01 2.843051e+00 7.278861e-01 6.263517e+00 4.609604e+00 8.594664e+00 6.060975e+00 8.685715e-01 -1.512927e-01 -4.705171e-01 -6.528602e-01 -9.715343e-02 -2.484996e-02 -1.583178e-01 1.911360e-01 -1.177092e-02 -4.935340e-01 -1.466716e+00 6.123201e-01 1.047913e+00 8.152477e-01 0.000000e+00 
-8.158949e+00 1.428724e+00 4.445953e+00 3.930672e+00 3.149351e+00 -1.756167e-01 1.703905e+00 8.103066e+00 2.915865e+00 5.736710e+00 5.961730e+00 1.408367e+00 -1.512927e-01 -7.099069e-01 -4.827109e-01 2.870982e-01 -5.646557e-01 -9.760956e-01 -1.010075e+00 -2.901165e-01 -2.805925e-01 -1.305235e+00 -5.691335e-01 5.396788e-01 6.709820e-01 0.000000e+00 
-9.086275e+00 1.962351e-01 1.840375e+00 3.167543e-01 5.227230e+00 1.237080e+00 5.174794e-01 3.563396e+00 -3.032912e+00 3.899208e-01 7.387703e-01 3.594053e+00 -1.512927e-01 -2.344876e-01 2.999109e-02 1.941883e-01 -2.392507e-01 -1.027213e+00 -1.427709e+00 2.971254e-01 8.287025e-03 -1.461585e-01 -1.661058e+00 -2.864261e-02 1.512398e+00 0.000000e+00 
-1.038238e+01 -1.082681e-01 3.352984e+00 1.815211e+00 6.472352e+00 -3.906493e+00 9.968162e-02 4.607697e+00 6.065882e-01 3.586098e+00 6.678151e+00 4.846406e+00 -1.512927e-01 -4.758186e-02 -5.702313e-02 -5.624546e-01 3.612638e-02 2.811907e-01 -7.675861e-01 6.542281e-01 1.265526e-01 -2.904766e-01 -7.099577e-01 -1.537958e-01 5.116183e-01 0.000000e+00 
-8.800385e+00 1.354829e+00 3.023680e+00 4.021296e+00 4.812957e+00 -2.430057e+00 3.015625e+00 8.052637e+00 5.033451e+00 1.364677e+00 5.559551e+00 6.711543e+00 -1.512927e-01 3.272949e-01 6.118390e-01 2.811104e-01 9.703574e-02 -3.358996e-02 3.802801e-01 2.048757e-01 1.174008e+00 7.032430e-01 3.391794e-02 -7.019069e-01 -3.067645e-01 0.000000e+00 
-8.539804e+00 5.643114e-01 1.042027e+00 2.259033e+00 4.762441e+00 -2.179978e+00 3.725972e+00 6.491209e+00 -2.569699e+00 1.699543e+00 2.782360e+00 2.407714e+00 -1.512927e-01 4.082486e-01 6.149990e-01 -1.290582e-01 1.721228e-01 4.827441e-01 1.941581e+00 7.287693e-02 3.205150e-01 -6.303585e-02 4.460433e-01 -1.466978e+00 -1.251760e+00 0.000000e+00 
-8.371088e+00 2.919140e+00 4.401405e+00 5.800219e-01 5.914235e+00 2.275224e+00 -2.712873e-01 8.491682e+00 2.071447e+00 1.502788e+00 -8.228688e-01 3.279577e+00 -1.512927e-01 -8.260822e-02 1.157081e-03 -2.194394e-01 -7.506166e-01 1.048878e-01 9.131868e-01 -1.091338e+00 -1.415979e+00 -1.386323e-01 1.997315e+00 8.221218e-01 3.392474e-01 0.000000e+00 
-8.555786e+00 2.184571e+00 2.018830e+00 4.396462e+00 8.335434e+00 3.448771e+00 2.107522e+00 5.990750e+00 1.772411e+00 5.747259e+00 2.534469e+00 3.035910e-01 -1.512927e-01 -5.431129e-01 -4.365172e-01 1.353245e-01 -1.381936e+00 -5.135902e-01 1.434595e+00 4.268821e-01 -5.466650e-01 2.363204e+00 1.646734e+00 -1.109598e-01 2.734784e-01 0.000000e+00 
-9.205435e+00 5.504843e-01 1.438082e+00 -8.005017e-01 3.550900e+00 -6.784972e-01 -1.631839e+00 1.222974e+00 2.169234e+00 9.327394e+00 9.794106e+00 9.459842e+00 -1.512927e-01 -3.223684e-01 -5.765373e-01 1.655582e-02 -3.482502e-01 -2.439528e-02 6.269469e-02 8.489634e-01 2.961865e-01 1.659410e+00 9.908593e-01 -1.760082e-01 -2.791549e-01 0.000000e+00 
-1.083820e+01 -4.339466e-01 3.200312e+00 -3.960387e+00 3.376158e+00 6.469855e+00 6.540659e+00 7.392238e+00 9.197427e+00 6.020911e+00 -3.080926e+00 6.849735e-01 -1.512927e-01 3.450121e-01 -3.620931e-01 -4.115095e-01 -1.767182e-01 -6.675001e-01 -9.983791e-01 -1.732098e+00 -1.116310e+00 -5.764022e-02 -5.868807e-01 -1.646074e+00 -1.961073e+00 1.014555e-02 
-8.841726e+00 1.345713e+00 3.893443e+00 3.017195e+00 8.271897e+00 1.078155e+00 1.756961e+00 9.271870e+00 6.655987e+00 6.320258e+00 1.104788e+00 1.693111e+00 -1.512927e-01 6.514621e-01 1.035198e-01 -5.688937e-01 1.261958e+00 -2.210959e-01 -1.288820e+00 -1.022858e+00 1.884286e-01 -1.696606e+00 -1.701775e+00 -1.679389e+00 -2.303770e+00 5.072773e-03 
-7.012579e+00 -2.350879e-02 -1.266398e+00 1.604023e+00 2.637435e+00 -2.421451e+00 -8.247368e+00 -3.615251e+00 -7.591670e-01 4.316423e+00 -1.351243e+00 -5.618408e+00 -1.005650e-01 1.818502e-01 6.500907e-01 -1.032230e+00 1.686301e+00 -5.583730e-01 -1.262444e+00 -9.984542e-01 -4.313113e-01 -1.995739e+00 -1.260502e+00 1.264781e+00 -3.232901e-01 1.016529e-02 
-7.860932e+00 8.628643e-01 8.269682e-01 2.727084e+00 2.814782e+00 -2.676942e+00 6.478819e-01 7.668861e+00 -1.335498e+00 1.670762e+00 5.323204e-01 1.092684e+00 -1.512927e-01 -7.701989e-01 2.181454e-01 -5.716239e-01 2.885309e-01 -9.660717e-01 3.611893e-01 9.673979e-01 1.342489e-01 -1.019156e-02 -1.052595e+00 1.129082e+00 5.326574e-01 3.759050e-03 
-1.041934e+01 3.057931e+00 -4.276018e-01 4.616172e+00 3.312850e+00 2.035184e+00 2.102927e+00 6.037186e+00 3.214477e+00 2.043147e+00 3.529213e+00 -6.312633e-01 -1.004663e-01 -8.595077e-01 -1.398735e-01 6.795325e-01 1.181239e-01 -9.088946e-03 6.953939e-01 2.072963e+00 1.725265e+00 4.861617e-02 -6.286837e-01 1.228747e+00 1.730840e+00 -8.270955e-03 
-1.098934e+01 8.957200e-01 6.159253e-01 2.953775e+00 3.103831e+00 6.557841e-01 1.418803e+00 5.116897e+00 4.618207e+00 2.193920e+00 4.309970e+00 1.862826e+00 -1.325468e-01 1.569208e-01 -3.380347e-01 6.004103e-01 -7.159077e-01 -7.906710e-01 -4.773452e-01 -1.874962e-01 -5.171859e-01 -8.158411e-01 1.891475e-01 4.214681e-01 4.287671e-01 -5.082643e-03 
-9.745914e+00 -7.393041e-01 2.236785e+00 2.081296e+00 2.447466e+00 -6.108440e-01 1.731987e+00 6.287057e+00 -3.492939e+00 9.114257e-01 2.903669e+00 2.650723e+00 -1.512927e-01 2.060039e+00 4.517272e-01 6.939966e-01 -1.350185e+00 -3.520551e+00 -1.561374e+00 -6.040348e-01 -2.920764e-01 -1.742226e+00 2.626119e-02 -1.786492e+00 -2.079156e-01 2.897191e-03 
-7.413042e+00 1.071308e+00 2.496826e+00 4.149832e-01 -7.058806e-01 -3.740654e+00 -1.041287e-01 4.957996e+00 -2.060996e+00 3.182361e+00 2.952433e+00 1.595526e+00 -1.512927e-01 1.006562e+00 1.650548e+00 1.051807e-01 7.154170e-01 -3.055037e+00 6.481637e-01 -9.997927e-01 8.792087e-01 -7.297295e-01 2.562539e-01 -2.488169e+00 -9.886513e-01 5.984581e-02 
-1.907297e+00 5.228773e+00 2.101931e+00 -8.653554e-01 -1.238505e+01 -3.573466e+00 -1.557807e-01 4.656254e+00 -2.157051e+00 1.680233e+00 -4.724477e+00 -1.537191e+00 -7.660735e-02 -3.112312e-01 9.188879e-01 4.472618e-01 1.112942e+00 -6.267524e-02 1.396556e+00 -1.082337e+00 6.537487e-01 1.621743e+00 1.075287e+00 -9.760290e-01 -4.762881e-02 2.888119e-02 
-9.875837e+00 6.164421e+00 1.209256e+00 8.004187e+00 -4.755100e+00 5.377913e+00 -2.636276e+00 1.032834e+01 3.016164e-01 3.090786e+00 -4.316802e+00 -9.864732e-01 1.293396e-01 -1.324887e+00 -4.712429e-01 9.440433e-01 1.313148e+00 2.670938e+00 1.643196e+00 -4.337983e-02 2.672285e-02 1.981283e+00 6.945000e-01 1.496816e+00 1.268515e+00 -7.059550e-03 
-1.007067e+01 1.308580e+00 5.116879e+00 3.851407e+00 4.158699e+00 1.812652e+00 -2.413624e+00 6.870628e+00 3.434468e+00 6.333648e+00 1.658141e+00 3.703578e+00 -1.472028e-01 -1.024320e+00 -1.266269e+00 5.046065e-01 6.473724e-01 3.118995e+00 9.513708e-01 8.055981e-01 1.340074e-01 1.938882e+00 1.628703e+00 2.300250e+00 1.466799e+00 -3.795059e-02 
-9.955790e+00 6.751903e-01 5.709569e+00 4.622340e+00 4.376935e+00 1.782267e+00 8.078940e-01 3.984423e+00 5.049661e+00 4.328153e+00 7.245202e+00 5.317718e+00 -1.512927e-01 4.463331e-01 -1.344635e+00 5.381598e-02 -7.349700e-01 1.085216e+00 -1.205849e+00 1.019919e+00 -7.708894e-01 1.606529e-01 1.451067e+00 1.132784e+00 2.383616e-01 -5.401058e-02 
-6.988922e+00 1.642043e+00 2.374807e+00 4.062430e+00 -1.356091e+00 2.981211e+00 2.150124e+00 8.498251e+00 5.163334e+00 9.205067e+00 9.957677e-01 2.644707e+00 -1.260442e-01 3.620052e-02 -1.290484e-01 -6.049111e-01 -8.964833e-01 7.473455e-02 -1.818896e-01 6.588132e-01 1.668696e-01 -5.561433e-01 1.559782e-01 1.984415e-01 -3.688617e-01 -8.179665e-04 
-9.185047e+00 -7.254855e-01 2.849372e+00 4.223825e+00 3.428375e+00 -1.235609e+00 1.814457e-01 5.660084e+00 2.404478e-01 8.910413e+00 1.678304e+00 7.347705e-01 -1.512927e-01 -3.927626e-01 -4.389281e-01 -8.725788e-01 -1.529803e+00 4.543292e-01 -8.002442e-01 -3.309489e-01 -6.982000e-02 -1.347760e+00 -1.130607e+00 1.038189e-01 7.711649e-03 -2.524853e-03 
-1.027504e+01 1.363675e+00 3.522422e+00 -4.317524e-01 5.006652e+00 2.412142e+00 1.193666e+00 6.867146e+00 3.058358e+00 4.822409e+00 5.433797e+00 4.150743e+00 -1.512927e-01 -7.833980e-01 -2.857619e-01 -2.978587e-03 -7.385353e-01 1.180557e+00 -1.206268e+00 -1.587656e+00 -7.948205e-01 9.153204e-02 -1.572733e+00 9.754912e-01 8.115279e-01 -5.049706e-03 
-1.027654e+01 -1.380267e+00 7.728672e-01 -7.795844e-01 3.467210e+00 -1.934419e+00 -3.686215e-01 4.450876e+00 -6.366522e-01 8.664467e-01 5.545282e+00 4.603258e+00 -1.512927e-01 -3.338604e-02 1.510296e-01 1.525910e-01 2.487753e-01 2.933611e-01 1.199675e-03 -2.141837e-01 -8.238807e-01 4.334565e-01 -1.475065e+00 9.799182e-02 5.021412e-01 0.000000e+00 
-1.036016e+01 5.406241e-01 3.398167e+00 2.871458e+00 4.527278e+00 -2.700725e+00 -5.513122e+00 5.128752e+00 6.059545e+00 5.363383e+00 3.939735e+00 4.768103e+00 -1.512927e-01 5.622932e-01 3.085446e-01 5.679812e-02 1.767056e+00 3.673269e-01 3.688109e-01 3.830774e-01 -5.780123e-01 -6.242778e-01 -1.208729e+00 -1.702088e+00 -7.737275e-01 0.000000e+00 
-9.309416e+00 4.411881e-01 3.674455e+00 3.816096e+00 5.134868e+00 1.326823e+00 2.463921e+00 2.409877e+00 9.071370e-01 1.264601e+00 2.915295e+00 2.936797e+00 -1.512927e-01 1.047399e+00 -3.266787e-01 -3.370221e-01 1.349355e+00 1.560523e+00 2.084946e+00 1.912038e-01 1.998269e-01 -1.014149e+00 -1.335136e+00 -2.185793e+00 -2.433485e+00 3.116560e-03 
-7.947138e+00 1.995671e+00 2.355619e+00 6.105685e+00 6.009458e+00 2.625575e+00 1.692782e+00 4.997583e+00 -8.349253e-01 -1.420311e+00 -1.761648e+00 1.115336e+00 -1.512927e-01 9.447948e-01 -8.757132e-01 1.528226e-01 1.682957e-01 -2.749124e-02 1.744838e+00 1.141392e+00 1.510737e+00 -1.487177e+00 -1.968944e+00 -7.827717e-01 -3.034810e+00 1.316454e-02 
-6.246058e+00 -3.741184e+00 -3.909690e-01 4.350079e+00 1.052874e+01 5.827163e+00 -3.015554e+00 5.515594e+00 -2.260165e+00 -2.417386e+00 -2.532994e+00 -5.737783e+00 -1.357099e-01 2.583543e+00 -1.693702e-01 -7.856687e-01 -7.033402e-01 -1.309509e+00 8.625798e-02 6.067320e-01 2.181040e+00 -7.522531e-01 -1.082529e+00 -4.053029e-01 -2.440157e+00 2.500567e-02 
-7.167869e+00 -1.746756e+00 6.194992e+00 3.445945e+00 1.692887e+00 3.773297e+00 2.933577e+00 1.112958e+01 2.073078e-01 -2.640345e+00 2.750021e+00 -6.068658e+00 -9.326136e-02 2.396109e+00 -7.386087e-01 -2.210279e+00 5.399691e-01 -3.926962e+00 2.694760e-01 -5.432988e-01 3.630295e-01 -8.077111e-01 4.759957e-01 -3.523369e-01 -1.064639e+00 1.029672e-01 
3.218667e+00 1.465551e+00 -2.173575e+00 1.629265e+00 7.456074e-01 1.184252e+00 4.877183e+00 1.024908e+01 -3.375245e+00 -3.538029e+00 -1.367054e+00 -5.671989e+00 -5.527997e-02 1.079333e+00 -4.256649e-01 -2.969409e+00 1.435354e+00 -4.954240e+00 -3.814332e-01 -1.887686e+00 -1.602464e+00 -1.128376e+00 1.606292e+00 -4.814226e-01 1.012448e+00 1.589211e-01 
-6.989551e-01 -4.300739e+00 -7.804471e+00 1.016594e+01 -8.733789e+00 6.294410e+00 -4.970081e+00 4.445988e+00 -4.315940e+00 1.519989e+00 -4.106302e+00 -4.240756e+00 3.233283e-01 -2.433835e+00 -9.697248e-01 -1.766033e+00 1.377791e+00 -2.422022e+00 -2.658334e-01 -3.028569e+00 -2.973683e+00 -1.848940e+00 8.040226e-01 -1.557150e+00 1.251697e+00 1.594841e-01 
-4.083849e+00 -4.592516e+00 -8.238284e+00 8.166855e+00 -9.029127e+00 2.659441e+00 -8.502156e+00 8.450685e-01 -5.640423e+00 3.533908e+00 -1.511945e+00 -1.589494e+00 4.506007e-01 -6.328146e+00 -1.395460e+00 1.225936e+00 5.313618e-01 -7.016150e-01 -6.568977e-01 -8.697575e-01 -1.124378e+00 3.888149e-01 7.587661e-01 4.169272e-01 1.794157e+00 1.303101e-01 
-1.568579e+01 -3.566347e+00 3.971791e-01 7.066106e+00 -5.529855e+00 1.706536e+00 -5.519599e+00 9.631684e-01 -7.904800e+00 -2.156200e+00 -4.963283e+00 -1.851423e+00 4.512186e-01 -5.173168e+00 -3.809265e-01 1.825048e+00 -1.212312e+00 1.736717e+00 -1.517925e+00 1.898874e+00 3.183402e-01 1.166788e+00 -4.722696e-02 1.108475e+00 1.194430e+00 7.220976e-02 
-2.092865e+01 -5.878947e+00 -1.447189e-01 5.835989e+00 -4.364435e+00 1.937010e-01 8.031551e-01 6.368598e+00 3.632594e-01 2.093897e+00 1.146072e+00 2.104129e+00 5.323253e-01 -1.243912e+00 -8.720173e-01 5.906419e-01 -5.955936e-01 1.574113e+00 6.841848e-01 4.674987e+00 2.292666e+00 1.409204e+00 -1.546490e-01 5.838212e-01 -2.639300e-01 7.767516e-02 
-1.814240e+01 -5.562157e+00 -2.726015e+00 5.269811e+00 -2.382551e+00 -6.234670e-02 -1.283668e-01 3.275925e+00 -1.483844e+00 2.003860e+00 1.070657e-01 -1.154158e-01 6.435148e-01 5.274159e+00 7.356315e-01 -9.533235e-01 -1.994252e+00 -1.551580e+00 -4.094644e-01 2.523272e+00 3.209504e-01 -2.091489e-01 -4.116677e-01 -9.892526e-02 -9.560699e-01 6.834123e-02 
-9.075104e+00 -7.954698e+00 -3.723478e+00 6.087034e+00 -2.732216e+00 6.964806e+00 1.217716e+01 1.115202e+01 -1.804882e+00 6.806331e-01 -1.128013e+00 -3.777148e+00 7.428284e-01 8.402924e+00 1.586480e+00 -7.726066e-01 -3.894939e+00 -3.428602e+00 -1.435599e+00 1.541310e+00 -3.157469e+00 2.825214e-01 -3.884506e+00 -8.243088e-01 1.715019e+00 8.366463e-02 
4.758236e+00 1.149686e+00 -2.580059e+00 -3.030674e+00 -1.410386e+01 -3.726339e+00 1.409755e+00 1.762085e-01 -7.866474e+00 -3.507907e+00 -4.320866e+00 -3.691134e+00 6.876732e-01 7.014116e+00 1.435357e+00 -2.816416e-01 -4.673619e+00 -4.067097e+00 -2.432780e+00 1.115298e+00 -4.233629e+00 1.839218e+00 -4.910840e+00 -1.539571e-01 3.845194e+00 8.167074e-02 
9.635654e+00 -1.302470e+00 -4.080730e+00 -9.488465e+00 -1.564678e+01 -5.152297e+00 7.740644e+00 -7.868891e+00 4.967182e+00 -1.457275e+01 -7.615057e-01 1.246708e+01 9.285692e-01 3.452300e+00 1.055451e+00 -3.573928e-01 -4.356529e+00 -2.851257e+00 -3.268486e+00 -2.931347e-01 -4.979240e+00 2.631554e+00 -4.134158e+00 1.486149e-01 3.835979e+00 7.139865e-02 
7.572807e+00 -1.711484e+00 -3.955597e+00 -1.031054e+01 -1.626075e+01 -6.167694e+00 7.666384e+00 -8.381765e+00 4.326216e+00 -1.492365e+01 -8.459737e-01 1.098844e+01 9.589981e-01 -2.389171e-02 -3.600344e-01 -4.175862e-01 -2.574224e+00 -1.284849e-01 -1.420525e+00 1.409869e+00 -1.978804e+00 2.876495e+00 -2.030982e+00 2.072459e-01 1.373669e+00 6.095974e-02 
6.779111e+00 -1.246858e+00 -4.822673e+00 -1.205568e+01 -1.591006e+01 -8.156945e+00 7.583176e+00 -9.465195e+00 5.256544e+00 -1.428228e+01 -2.122385e+00 8.062960e+00 9.641592e-01 -8.657821e-01 2.593139e-01 1.695176e-01 -1.848887e+00 3.146351e-01 -1.320470e+00 5.820977e-01 -2.369663e-01 5.028712e-01 3.153037e-01 -6.682869e-01 -2.472527e+00 1.257535e-02 
6.067049e+00 -6.782922e-01 -4.297018e+00 -1.461819e+01 -1.461465e+01 -9.326641e+00 8.537831e+00 -8.919659e+00 6.371318e+00 -1.380805e+01 -2.604197e+00 5.379269e+00 9.746769e-01 -3.893072e-01 3.094349e-01 4.367937e-01 -1.924577e+00 -1.902277e-01 -1.116844e+00 9.199495e-01 -2.504479e-01 1.285322e-01 4.269322e-01 -1.175176e+00 -2.512922e+00 8.995938e-03 
6.059623e+00 -5.224965e-01 -3.062431e+00 -1.657907e+01 -1.489666e+01 -1.017517e+01 1.021541e+01 -8.784776e+00 6.458987e+00 -1.355403e+01 -3.223828e+00 2.909030e+00 9.836065e-01 -1.484565e-01 2.562768e-01 8.883793e-01 -1.482425e+00 -1.201254e+00 -7.925366e-01 1.161013e+00 -5.520605e-01 -3.900271e-01 6.439362e-01 -1.689824e+00 -1.905351e+00 9.125883e-03 
5.986015e+00 -5.264897e-01 -2.651749e+00 -1.767172e+01 -1.771859e+01 -1.074280e+01 1.095002e+01 -9.974215e+00 4.367656e+00 -1.315311e+01 -6.171132e+00 1.000795e+00 9.942541e-01 1.130685e-01 6.549686e-01 1.418292e+00 -4.098026e-01 -2.468262e+00 -2.592552e-01 6.692425e-01 -8.357295e-01 -2.615199e-01 1.532986e+00 -2.279402e+00 -7.823426e-01 1.330793e-04 
6.077345e+00 -4.137504e-02 -1.203411e+00 -1.794104e+01 -2.036436e+01 -1.141155e+01 1.218215e+01 -1.169822e+01 4.308239e+00 -1.139007e+01 -8.788035e+00 7.254422e-01 1.000000e+00 3.585403e-01 1.240792e+00 2.089460e+00 8.468437e-01 -2.887315e+00 7.097260e-01 -3.678508e-01 -1.182239e+00 2.049551e-02 2.167353e+00 -1.417300e+00 2.576283e-01 -1.628187e-02 
6.623531e+00 2.355990e+00 1.864931e+00 -1.598622e+01 -2.422211e+01 -1.000473e+01 1.090067e+01 -1.164158e+01 6.139092e+00 -7.225101e+00 -1.121910e+01 2.559349e+00 9.671456e-01 4.966059e-01 1.581497e+00 2.359030e+00 1.827079e+00 -2.493405e+00 1.112472e+00 -1.111802e+00 -1.644253e+00 2.816109e-01 1.934941e+00 7.611008e-02 7.333473e-01 -3.132723e-02 
7.533567e+00 4.240224e+00 5.126530e+00 -1.318761e+01 -2.608147e+01 -6.995580e+00 8.400826e+00 -1.386229e+01 5.675746e+00 -5.681273e+00 -7.786340e+00 3.417894e+00 9.157515e-01 7.428734e-01 1.693694e+00 2.066163e+00 2.189517e+00 -1.521505e+00 1.321170e+00 -1.419593e+00 -2.076855e+00 4.295775e-01 8.872913e-01 1.175976e+00 7.991036e-01 -4.088701e-02 
7.740934e+00 5.240198e+00 5.978431e+00 -1.091304e+01 -2.732705e+01 -7.388428e+00 7.281670e+00 -1.711345e+01 5.091957e+00 -6.332808e+00 -6.291429e+00 3.321306e+00 8.797423e-01 1.234299e+00 9.297279e-01 1.560417e+00 2.027523e+00 -1.297093e+00 1.387095e+00 -1.097202e+00 -1.867696e+00 3.785860e-01 3.521677e-01 1.218304e+00 5.697536e-02 -3.908727e-02 
9.233011e+00 6.984993e+00 7.070655e+00 -9.530045e+00 -2.641941e+01 -6.113849e+00 6.893686e+00 -1.934656e+01 6.979695e+00 -7.399760e+00 -5.371991e+00 4.339982e+00 8.392666e-01 1.502855e+00 5.021868e-02 8.280012e-01 9.936296e-01 -8.971336e-01 8.840803e-01 -4.581538e-01 -9.274940e-02 5.922146e-01 1.029894e+00 3.360884e-01 -9.879723e-01 -2.915153e-02 
1.194530e+01 5.632246e+00 8.694952e+00 -7.677386e+00 -3.053861e+01 -3.510120e+00 6.168236e+00 -1.823793e+01 7.380048e+00 -4.605019e+00 -6.334756e+00 2.383182e+00 8.099517e-01 1.650473e+00 4.219804e-01 -8.149092e-02 -3.062893e-01 -5.590798e-01 1.628937e+00 -2.524701e-01 2.294490e+00 9.024596e-01 1.243350e+00 3.812710e-01 -1.996295e+00 -1.827698e-02 
1.294566e+01 4.295294e+00 7.908276e+00 -9.837286e+00 -2.896136e+01 -4.514332e+00 6.666773e+00 -1.376379e+01 7.492774e+00 -1.395698e+00 -6.084234e+00 -1.052905e+00 8.048891e-01 1.216818e+00 4.644709e-01 -5.057598e-01 -9.267920e-01 -4.646072e-01 1.101191e+00 2.371373e-02 4.186263e+00 4.184772e-01 5.255316e-01 4.913622e-01 -2.152152e+00 -1.696989e-02 
1.413698e+01 8.694950e+00 5.152166e+00 -1.229087e+01 -2.885148e+01 -4.349828e-02 6.132775e+00 -8.432380e+00 9.347715e+00 -3.118091e+00 -4.028952e+00 -3.963724e+00 8.055461e-01 5.038962e-01 9.357269e-01 -1.086510e+00 3.909443e-01 9.603809e-01 -1.009171e-01 8.084450e-02 3.734623e+00 -1.025382e+00 -1.013956e+00 1.573700e+00 9.225871e-02 -3.397375e-02 
1.422126e+01 7.775996e+00 6.313249e+00 -1.185726e+01 -2.958601e+01 -2.341205e+00 7.029985e+00 -3.318024e+00 8.088246e+00 -5.515566e+00 -4.068082e+00 -3.247324e+00 7.566199e-01 5.328017e-01 5.126014e-01 -1.124275e+00 1.560652e+00 1.775316e+00 -2.825073e-01 -1.309662e+00 3.515418e+00 -2.532537e+00 -2.391474e+00 1.560415e+00 2.850041e+00 -4.644645e-02 
1.382698e+01 8.570530e+00 4.059916e+00 -4.712676e+00 -2.542438e+01 -5.101269e+00 6.390853e+00 -4.787699e+00 1.955401e+00 -7.614866e+00 5.256692e-01 3.941685e+00 6.642175e-01 4.834524e-01 -6.402534e-01 -1.441921e+00 1.271566e+00 3.245522e+00 -1.160763e+00 -1.450071e+00 2.699197e+00 -3.131775e+00 -2.898504e+00 1.585012e+00 4.506677e+00 -4.761670e-02 
1.576466e+01 6.920511e+00 2.833024e+00 -5.823124e+00 -2.179833e+01 -3.397983e+00 -1.057303e-02 1.990959e+00 -1.473755e+00 -1.110468e+01 -5.594684e-01 9.244596e+00 6.433212e-01 2.033281e-02 -6.371044e-01 -2.294511e+00 6.234234e-01 4.880334e+00 -8.668920e-01 -6.236110e-01 1.393895e+00 -1.822664e+00 -2.863958e+00 1.184286e+00 4.013734e+00 -4.988104e-02 
1.578254e+01 5.921425e+00 -3.173261e-01 -8.950108e+00 -1.651771e+01 -5.318926e+00 2.402701e+00 2.409113e+00 -1.530160e+00 -1.481605e+01 2.141799e+00 1.232370e+01 6.241120e-01 -6.645552e-01 -7.708879e-01 -2.305511e+00 -1.165400e-01 5.111334e+00 -3.059422e-01 -2.655072e-02 2.956548e-02 4.730500e-01 -2.218574e+00 9.162673e-01 2.204862e+00 -4.871029e-02 
1.334515e+01 5.915026e+00 -2.970687e+00 -6.621431e+00 -9.637676e+00 -6.566837e+00 5.906006e+00 5.304337e-02 7.177086e-01 -1.623476e+01 1.045283e+00 1.263034e+01 5.272675e-01 -6.270612e-01 -6.405287e-01 -2.413186e+00 8.252106e-01 5.326341e+00 -4.368437e-01 -4.867953e-02 -1.835797e+00 1.387735e+00 -1.071651e+00 1.299412e+00 1.417248e+00 -5.857488e-02 
1.171396e+01 5.218832e+00 -4.565782e+00 -4.896223e+00 -5.948038e+00 -5.046553e+00 3.299810e+00 -3.670914e+00 3.224920e+00 -1.614270e+01 4.304630e+00 1.327312e+01 4.786929e-01 6.773720e-02 -6.805184e-01 -1.879629e+00 1.027544e+00 4.943735e+00 9.742386e-01 -2.671893e+00 -2.236122e+00 1.284431e+00 6.593685e-01 9.806368e-01 1.873989e-02 -4.828934e-02 
1.466365e+01 4.069164e+00 -7.108678e+00 -3.724014e+00 -4.514575e-01 -5.718388e+00 -7.025250e-01 -4.148014e+00 3.087379e+00 -1.579962e+01 4.856174e+00 1.585612e+01 4.231563e-01 5.653471e-01 -5.599993e-01 -1.301120e+00 4.858518e-02 3.462613e+00 1.229879e+00 -4.472243e+00 -2.105984e+00 2.289938e-01 2.890557e+00 5.859969e-01 3.993556e-01 -2.671331e-02 
1.546198e+01 3.441764e+00 -7.646474e+00 -5.261094e+00 3.607859e+00 -8.719573e-01 -7.652496e+00 -6.670970e+00 3.707159e+00 -1.173678e+01 5.139538e+00 1.080451e+01 4.347209e-01 4.097229e-01 -5.483282e-01 -7.673844e-01 2.038651e-01 2.501378e+00 7.754234e-01 -4.182992e+00 -1.625835e+00 1.781754e-01 3.502339e+00 -9.730815e-01 -5.575150e-01 -2.620754e-02 
1.429788e+01 4.003563e+00 -7.935939e+00 -6.196070e+00 2.897441e+00 -2.504738e+00 -1.097906e+01 -8.976851e+00 1.621558e+00 -3.984932e+00 3.557813e+00 1.586143e+01 4.156869e-01 -3.315584e-01 -6.889969e-01 -4.006316e-01 1.326065e+00 1.488281e+00 3.729081e-01 -3.492785e+00 -2.229619e+00 8.681499e-01 3.990479e+00 -1.913035e+00 -1.570717e+00 -2.556614e-02 
1.394546e+01 2.509992e+00 -7.989073e+00 -2.640869e+00 4.884405e+00 -2.776261e+00 -1.247689e+01 -9.385671e+00 4.848707e+00 -4.538343e+00 8.840317e-02 1.048289e+01 3.513899e-01 -5.865676e-01 -7.305681e-01 -2.487262e-01 2.277169e+00 1.632896e+00 -4.752117e-01 -2.207188e+00 -2.284396e+00 3.271530e-01 3.115541e+00 -1.091604e+00 -2.548898e+00 -3.595345e-02 
1.376411e+01 1.090065e+00 -8.940536e+00 1.596201e+00 6.351675e+00 -2.901696e+00 -1.575425e+01 -1.393876e+01 6.857354e+00 5.535588e-01 -2.183434e+00 8.163348e+00 3.369911e-01 -5.590418e-01 -9.249318e-01 -4.185667e-01 2.246892e+00 2.242889e+00 -3.821489e-01 -1.934573e+00 -1.905177e+00 -4.997322e-01 2.330130e+00 7.693000e-01 -2.995505e+00 -2.511553e-02 
1.279602e+01 1.245672e+00 -8.387806e+00 2.228613e+00 1.004522e+01 -3.049537e+00 -1.630084e+01 -1.561200e+01 2.725026e+00 1.571676e+00 2.552143e+00 1.909057e+00 2.943015e-01 -7.809291e-01 -9.593067e-01 4.788978e-01 1.039907e+00 1.860041e+00 5.198886e-02 -1.359296e+00 -1.221312e-01 -3.357844e+00 2.036808e+00 2.046309e+00 -3.705761e+00 -6.184739e-03 
1.207739e+01 1.106358e-02 -9.829406e+00 2.603648e+00 1.153148e+01 -4.278844e+00 -1.873995e+01 -1.538957e+01 1.847382e-01 4.610706e+00 6.172443e+00 5.170818e+00 3.186535e-01 -9.638505e-01 -3.735234e-01 3.818801e-01 7.499679e-02 1.344947e+00 4.325354e-01 -1.579337e+00 1.920321e-01 -3.194289e+00 2.223079e+00 2.448747e+00 -1.487353e+00 -1.308414e-02 
1.088418e+01 -1.747040e+00 -5.150149e+00 2.054943e+00 1.159471e+01 -1.827742e+00 -1.778052e+01 -9.270920e+00 -8.604207e+00 3.617125e+00 6.142008e+00 -6.549645e+00 3.296350e-01 -9.407150e-01 1.064169e-01 1.686166e+00 -3.231586e-01 2.291006e-01 1.712544e+00 -1.782562e-01 8.096083e-01 -1.640624e+00 2.731132e+00 1.848374e-01 -2.707575e+00 -2.331538e-02 
9.900781e+00 7.188051e-01 -8.649964e+00 2.058020e+00 1.230166e+01 -1.349916e+00 -2.291110e+01 -1.614914e+01 -3.449478e+00 1.064623e+01 8.265367e+00 4.955935e+00 2.539037e-01 -6.618113e-01 2.944570e-01 1.372393e+00 -1.044693e+00 7.096525e-01 1.353577e+00 1.795797e+00 2.716563e+00 -6.671284e-01 1.470778e+00 -3.863936e-01 -3.891983e+00 -2.617576e-02 
9.180749e+00 1.423886e+00 -5.466943e-01 8.856338e-01 1.080563e+01 4.048717e+00 -1.510654e+01 -1.118417e+01 -3.660985e+00 1.220958e+01 2.429868e+00 -1.152138e+01 2.100995e-01 -4.258111e-01 -1.230751e+00 4.405905e-01 -1.581507e+00 -2.242689e-01 2.010418e-02 2.533008e+00 4.654783e+00 -4.054928e-01 6.100024e-01 8.880295e-01 -2.925329e+00 2.262145e-02 
9.620046e+00 -1.021144e-01 -5.269166e+00 -2.035162e+00 1.547428e+01 -4.491874e-01 -1.109795e+01 -8.501291e-01 -5.622515e+00 7.668370e+00 6.096545e+00 -1.180323e+01 2.475424e-01 5.941725e-03 -1.756202e+00 1.053578e+00 -1.707934e+00 1.891188e-01 -5.188673e-01 2.537000e+00 5.394428e+00 -1.177127e+00 -1.647753e+00 9.003657e-01 -3.658067e+00 3.891136e-02 
8.895487e+00 -7.490338e+00 -4.637596e+00 -3.806001e+00 8.887057e+00 -2.177586e+00 -1.102205e+01 6.353490e+00 -9.545153e+00 8.156067e+00 1.166657e+01 -1.279671e+01 4.459229e-01 2.346602e-01 -2.706605e-01 4.707659e-01 4.430604e-01 2.955221e-01 -9.664453e-01 2.441183e+00 2.949103e+00 -6.594554e-01 -2.109830e+00 -7.515050e-01 -1.443553e+00 9.680128e-03 
1.007312e+01 -3.605091e+00 -1.336623e+00 -4.135833e+00 1.420654e+01 -8.311012e-01 -1.226835e+01 2.054170e+00 -6.393030e+00 4.434217e+00 8.148846e+00 -1.269674e+01 3.305488e-01 2.005347e-01 1.245828e+00 1.100241e+00 2.477705e+00 3.286796e-01 4.951139e-01 2.638613e+00 -6.288417e-01 2.428476e-01 -2.458578e-01 -2.813552e+00 -1.026700e+00 -3.556595e-02 
1.012751e+01 1.822073e+00 -1.591361e-01 4.151271e+00 1.291711e+01 -5.925524e-01 -2.315430e+00 2.109190e+00 -6.573005e+00 3.277504e+00 -2.353807e+00 -1.829239e+01 2.169970e-01 -1.036430e-01 2.243300e+00 1.135122e+00 3.303209e+00 1.024690e+00 1.441392e+00 3.265870e+00 -1.216434e+00 1.775922e-01 -4.174923e-01 -3.592908e+00 -3.896355e-01 -7.494893e-02 
1.000671e+01 1.470818e+00 -2.007190e+00 6.374727e+00 1.510265e+01 1.233865e+00 -2.258193e+00 -1.872188e+00 -5.894351e+00 8.878363e+00 -9.610268e-01 -1.418889e+01 1.841757e-01 -1.052477e+00 8.427877e-01 4.067724e-01 1.897331e+00 -1.344645e-01 2.249468e+00 3.355628e+00 1.044388e-01 -8.416303e-01 5.011190e-01 -1.878582e+00 4.094639e-01 -5.983204e-02 
8.410480e+00 1.188208e+00 1.373299e+00 7.454764e+00 1.356245e+01 3.996890e+00 3.022188e-01 2.234498e+00 -8.906531e+00 3.846532e+00 -1.743038e+00 -1.399881e+01 1.443648e-01 -7.009121e-01 -2.704194e-01 1.490758e+00 -6.904612e-01 -2.026085e+00 7.005394e-01 6.447272e-01 2.808473e-01 -7.956740e-01 1.114057e+00 8.150167e-01 1.697420e+00 -2.000687e-02 
5.669250e+00 9.257796e-01 -6.897879e-02 3.699073e+00 1.321155e+01 8.121517e+00 3.200967e+00 2.513710e+00 -9.434420e+00 6.655298e+00 -1.549450e+00 -1.279621e+01 6.770468e-02 -5.341194e-01 9.086967e-02 1.796915e+00 -5.023772e-01 -1.724809e+00 1.141615e+00 1.033482e+00 7.329285e-01 4.558738e-01 1.603211e-01 -5.638897e-02 1.755509e+00 -4.140121e-03 
8.791680e+00 7.424946e-01 6.325546e+00 2.036793e+00 3.732236e+00 -5.336810e-01 -1.821374e+00 1.320478e+00 -8.781341e+00 9.959322e+00 2.015488e+00 -1.050163e+01 1.751981e-01 -4.397203e-01 9.553616e-02 1.688752e+00 7.714852e-01 -1.071381e+00 6.382142e-01 1.002836e+00 4.147016e-01 1.995142e+00 5.794539e-01 -4.105910e-01 1.780344e+00 -5.139255e-03 
7.145509e+00 2.148023e+00 4.501259e+00 6.571827e+00 1.139372e+01 9.207226e+00 3.971011e+00 2.249465e+00 -3.677577e+00 6.623573e+00 -3.122234e+00 -7.159935e+00 1.480584e-01 -1.171175e+00 -6.599132e-01 1.253829e+00 9.566408e-01 -8.377449e-01 1.246557e+00 1.725256e+00 1.142030e+00 1.962940e+00 -9.572123e-01 1.974206e-01 1.726637e+00 -2.685934e-02 
5.473749e+00 1.054767e+00 7.531942e+00 9.875813e+00 9.114463e+00 6.645106e+00 4.931379e+00 4.440129e+00 -1.809242e+00 6.759664e+00 -3.009600e+00 -7.915226e+00 7.849169e-02 -2.965389e+00 -1.656952e+00 -6.614466e-01 5.896857e-02 3.085336e-01 2.888794e+00 1.544327e+00 3.611058e-01 -3.015948e-01 -2.434717e+00 -8.887749e-01 1.019869e+00 -5.313767e-02 
1.472343e+00 -2.529923e+00 5.596967e+00 4.562767e+00 6.331710e+00 1.076491e+01 8.450870e+00 6.664037e+00 -3.105767e+00 3.469065e+00 1.950197e+00 -5.456222e+00 -1.823878e-02 -2.856026e+00 -2.330663e+00 -1.456878e+00 -1.036381e+00 -1.490393e+00 -1.289856e-01 -2.779486e-01 -1.407752e-02 -1.670205e+00 -2.368044e+00 -1.519558e-02 9.525976e-02 -4.592652e-02 
-3.198683e+00 -5.203290e+00 2.470459e+00 3.336166e+00 7.805907e+00 1.313145e+01 3.660330e+00 9.187212e-01 -1.057522e+01 -6.370103e-01 -4.964602e+00 -6.254144e+00 -7.341623e-03 -2.001511e+00 -1.537786e+00 -1.994434e+00 -1.287081e+00 -4.236679e-01 -6.378225e-01 -3.923696e-01 -7.012030e-01 -8.395244e-01 -2.026080e+00 -4.898167e-03 1.471131e-01 -3.257283e-02 
-2.798403e+00 -6.376265e+00 -2.523906e-01 4.659747e+00 4.596030e+00 5.319127e+00 3.216793e+00 3.939781e+00 -7.645612e+00 -1.518312e+00 -2.220711e+00 -7.514177e+00 -3.865755e-02 -1.131705e+00 -7.996968e-01 -1.837960e+00 -1.067025e+00 8.895717e-02 -1.211468e+00 -5.883212e-01 -6.261430e-01 7.759060e-01 -5.020094e-01 -9.985646e-01 -1.309596e-01 -1.370906e-02 
-2.398431e+00 -4.710993e+00 4.844532e-01 3.391919e+00 7.863964e+00 6.178883e+00 5.586570e+00 2.296241e+00 -3.736942e+00 -8.770483e-01 -9.486372e-01 -6.150683e+00 -7.416308e-02 -2.728811e-01 -6.320960e-01 -1.191721e+00 -1.143570e+00 -2.014323e-01 -1.017522e+00 -1.335553e-02 -3.121393e-01 2.436312e+00 4.409009e-01 -1.915619e-01 3.789805e-01 -1.144932e-02 
-4.586306e+00 -6.774556e+00 -2.599827e+00 -8.002367e-01 6.747468e+00 8.183850e+00 4.546144e+00 2.844562e+00 -2.645376e+00 1.079037e+00 -5.050609e+00 -6.162750e+00 -5.337334e-02 -3.100611e-01 -3.352136e-01 -3.345961e-01 -7.424071e-01 4.899833e-01 1.002808e+00 2.996725e-01 -4.971458e-01 1.923618e+00 1.219289e+00 3.128561e-01 8.114597e-01 -7.936740e-03 
-3.669137e+00 -8.164625e+00 -2.314430e+00 3.483058e-01 5.723027e+00 6.611477e+00 2.928877e+00 -9.436560e-02 -8.937751e-01 2.688198e-01 -4.507463e+00 -5.034955e+00 -5.723035e-02 1.291186e-01 4.542642e-02 -2.018337e-01 5.361096e-01 7.537411e-01 8.896065e-03 -1.286662e+00 -4.808923e-01 2.014050e-01 1.041584e-02 3.455057e-01 1.190169e-01 -5.872190e-03 
-3.713356e+00 -6.325517e+00 -5.259295e-01 2.469518e+00 8.116415e+00 1.011687e+01 6.044002e+00 2.649355e+00 5.508949e-01 4.005200e+00 1.122983e+00 -4.014742e+00 -8.680761e-02 4.317291e-01 5.604919e-01 6.883395e-01 1.807461e+00 1.064106e+00 -5.797760e-01 -1.368806e+00 2.523561e-01 1.894403e-01 -4.900886e-01 3.625590e-01 1.156272e-01 -8.454037e-03 
-2.189313e+00 -4.708380e+00 -1.561664e+00 4.437590e+00 1.094820e+01 5.256854e+00 -1.595667e+00 -1.061678e-02 -4.328052e+00 -2.288051e+00 -2.307904e+00 -6.629602e+00 -8.680689e-02 -3.273115e-02 2.130578e-01 -5.446780e-02 7.043648e-01 5.190870e-01 -6.929197e-01 -1.190739e+00 1.373191e-01 8.849174e-02 2.551875e-01 3.195051e-01 -9.840830e-02 -3.969741e-03 
-3.167572e+00 -5.700219e+00 4.654872e-01 6.192424e+00 9.455414e+00 5.962281e+00 -3.561580e-02 4.064467e+00 1.896399e-02 -9.297109e-02 -4.337593e+00 -4.787290e+00 -8.085525e-02 -3.452991e-01 -3.128201e-01 -4.489608e-01 3.282769e-02 -2.786883e-01 -1.705090e+00 -1.733881e+00 -5.596671e-02 -4.310165e-01 -4.968120e-01 2.997140e-01 1.377322e+00 -3.464973e-03 
-4.105685e+00 -7.411984e+00 -3.082477e+00 2.008676e+00 7.648962e+00 5.224173e+00 1.499164e-02 -1.153264e-01 -1.853510e-01 3.593843e+00 -1.796499e-01 -5.140723e+00 -8.005524e-02 -4.645170e-01 -1.010548e-01 -6.799701e-01 -8.407308e-01 -1.653792e+00 -1.166380e+00 -1.026526e+00 1.031070e+00 8.204395e-01 3.938037e-01 3.223959e-01 1.541571e+00 -1.030662e-02 
-4.481665e+00 -6.537815e+00 -2.010327e+00 3.848113e+00 8.372591e+00 1.607758e+00 -3.430732e+00 2.421876e+00 -3.675538e+00 -1.419807e+00 1.557425e+00 2.127426e+00 -1.075083e-01 3.372178e-01 4.855211e-01 -1.056000e+00 -2.915512e-01 -5.759170e-01 -1.075049e+00 -1.430539e+00 -3.899884e-02 -5.485366e-01 -1.422974e-01 -6.014109e-02 8.909298e-01 -4.837906e-03 
-3.854852e+00 -4.794856e+00 -3.723608e+00 1.406091e+00 3.220646e+00 1.602218e+00 -5.030736e+00 5.966028e+00 1.621397e+00 3.443854e-01 -3.643434e+00 -2.379104e+00 -1.250135e-01 3.695631e-01 7.017700e-01 -2.641940e-02 -1.015527e-02 -1.146559e+00 -1.958881e+00 -1.073605e+00 4.696804e-01 -1.104652e-01 -4.877076e-01 -1.711705e+00 -2.475811e-01 -8.679390e-03 
-1.606900e+00 -4.581177e+00 -4.493946e+00 5.035961e+00 8.789987e+00 2.398015e+00 -4.665444e+00 8.287959e-01 -3.627093e+00 8.202707e-01 -2.906406e+00 -1.713451e+00 -8.256567e-02 5.268548e-01 7.619410e-01 1.099829e-01 -1.999471e-01 -5.550221e-01 -3.680104e-01 9.236578e-01 -1.312311e+00 -5.605282e-01 3.692349e-01 -1.320486e+00 -6.651334e-01 -6.167650e-03 
-3.695252e+00 -4.881454e+00 -1.972764e+00 1.363976e+00 1.707469e+00 -4.965361e+00 -4.735680e+00 3.029616e+00 -7.618995e-01 3.526616e-02 -6.506260e+00 -4.458190e+00 -1.359235e-01 -7.018642e-02 1.007381e-01 3.633640e-01 5.985546e-02 4.076894e-01 8.034628e-01 1.681365e+00 -1.942440e+00 -6.438031e-01 4.837510e-01 5.226511e-01 -2.946832e-02 -9.757328e-03 
-1.927191e+00 -2.684812e+00 -2.335834e+00 2.869435e+00 6.354069e+00 3.051496e+00 1.040028e+00 -2.671473e+00 -5.286530e+00 5.809274e-01 -3.613591e+00 -1.586980e-01 -1.328915e-01 -4.057023e-01 1.598776e-01 4.160174e-01 -1.249386e-01 7.086322e-01 1.120705e+00 1.077705e+00 -8.085475e-02 2.646300e-01 1.942975e-01 4.286682e-01 7.325321e-01 -1.501677e-02 
-4.045639e+00 -5.239348e+00 -2.985844e+00 2.788631e+00 6.477052e+00 5.292791e+00 5.233541e-01 -1.996038e+00 -7.678998e-01 2.882812e+00 -6.765862e-01 -3.303822e+00 -1.486372e-01 -4.230928e-02 4.738797e-01 5.620703e-01 6.462873e-01 1.384736e+00 6.428950e-01 7.668433e-01 1.267013e+00 -3.137487e-01 9.209232e-01 1.231795e+00 -1.438866e-01 -4.913950e-03 
-3.460218e+00 -3.602842e+00 -1.907320e+00 3.698940e+00 9.948356e+00 2.872462e+00 -1.906437e+00 2.937349e+00 -2.300943e+00 3.679854e-01 -3.677902e+00 1.372026e+00 -1.512927e-01 -3.477468e-01 6.984817e-01 5.605443e-01 2.185165e-01 -2.238396e-01 -1.271069e+00 -9.730906e-01 3.843562e-01 1.353507e-02 1.320385e+00 1.138951e+00 -5.294349e-01 -1.304340e-03 
-3.140285e+00 -2.053040e+00 6.233296e-01 4.180660e+00 6.834004e+00 -1.661369e+00 5.717690e-01 6.560272e+00 -3.823437e+00 4.746353e+00 -3.151297e-01 -5.942985e+00 -1.512927e-01 -2.644411e-01 1.576170e+00 1.414391e+00 1.927623e-01 -9.674549e-01 -1.589442e+00 -8.737226e-02 -6.600847e-01 -2.308248e-01 5.942931e-01 -9.299650e-02 8.794141e-01 9.047270e-04 
-4.118602e+00 -7.855574e-01 -1.337699e+00 3.266003e+00 5.056395e+00 1.732308e-01 -3.849632e+00 -5.027847e+00 -3.691087e+00 6.251083e+00 1.900437e+00 -1.486290e+00 -1.380855e-01 -5.775381e-01 1.145666e+00 1.406093e+00 9.209563e-01 -6.657346e-01 -2.475304e-01 2.689719e-01 -1.021100e+00 8.426344e-02 1.129003e+00 9.250568e-01 8.332254e-01 5.209208e-03 
-5.038652e+00 1.232862e+00 3.801301e+00 3.968911e+00 4.085758e+00 -1.304805e+00 1.058091e+00 -1.313864e+00 -1.226952e+00 2.912729e+00 -3.930738e+00 2.522407e+00 -1.507171e-01 -5.797003e-01 6.339258e-01 1.069352e+00 1.360147e+00 5.257014e-01 7.519091e-01 2.918806e-02 -2.785948e-01 1.804356e-01 5.045642e-01 6.995380e-01 1.728863e+00 6.406760e-03 
-5.398725e+00 4.825404e-01 3.534159e+00 8.409595e+00 7.993805e+00 1.456528e+00 -8.047379e-01 1.768916e+00 -3.177868e+00 6.929811e+00 2.755186e+00 1.305457e+00 -1.255344e-01 -2.920319e-01 1.785875e-01 9.476575e-01 1.472787e+00 9.782869e-01 5.327927e-01 4.226960e-01 1.667631e+00 -9.244792e-02 5.374537e-01 8.395422e-01 4.366545e-01 5.028486e-03 
