-7.084492e+00 3.511269e+00 -9.086840e-01 1.338356e+00 5.009529e+00 -3.346356e+00 9.722825e+00 1.644374e+00 8.055231e+00 7.048653e+00 -8.738337e-01 3.066500e+00 -1.367450e-03 -7.934914e-02 1.177250e-01 -1.924230e-01 -4.288463e-01 2.674064e-01 -5.688385e-01 -9.925820e-01 -7.253261e-01 -6.862118e-01 -1.126400e+00 4.588140e-01 -1.083900e+00 6.763113e-03 
-7.023441e+00 5.820544e+00 6.305970e-02 -4.762319e-01 2.736790e+00 -4.552968e+00 5.507111e+00 4.841900e-01 1.009764e+01 4.970183e+00 -2.410712e+00 -2.355753e+00 2.323914e-02 -1.738199e-01 -1.712952e+00 -2.832478e+00 -2.931346e+00 1.496650e-01 2.361764e+00 -1.502632e-01 -1.011644e+00 -1.034862e+00 -1.918090e+00 -9.377913e-01 9.251831e-01 5.135933e-02 
-7.511763e+00 2.945257e+00 -2.356671e+00 1.014183e-01 7.482930e+00 -5.587243e+00 6.867772e+00 -1.402164e+00 3.602968e+00 2.455890e+00 2.188675e+00 3.581281e-01 2.014482e-02 1.208601e-01 -2.387272e+00 -3.531890e+00 -3.808391e+00 4.094765e-02 4.185614e+00 7.193073e-01 -1.769473e+00 -2.771751e+00 -3.092261e+00 -2.282697e+00 2.261400e+00 5.441387e-02 
-7.739956e+00 -4.770486e+00 -1.434708e+01 -1.269991e+01 4.521153e+00 9.582906e+00 1.039903e+01 -1.890576e+00 5.107051e+00 -2.454183e-01 -7.094045e+00 9.046601e+00 2.446731e-01 -3.023849e-01 -2.847372e+00 -7.608532e-01 -1.197960e+00 -5.638869e-02 3.873131e+00 -6.876342e-01 -2.417720e+00 -3.551462e-01 -1.785941e+00 -7.284852e-01 2.067213e+00 4.038236e-02 
-6.121934e+00 -3.129577e+00 -1.136306e+01 -1.159176e+01 4.322085e+00 1.051377e+01 1.087340e+01 -6.015605e+00 -3.308230e+00 -5.804852e+00 -9.945653e+00 8.672322e+00 1.599849e-01 -3.664396e-01 -3.522244e-01 1.559091e+00 7.450198e-01 -6.155909e-01 6.013365e-01 -1.994187e+00 -1.655315e+00 1.263226e+00 -6.765442e-02 1.003250e+00 2.492231e-01 -3.816229e-03 
-9.230280e+00 -5.378900e+00 7.619892e-01 -6.194413e-01 4.035269e+00 6.762178e+00 6.612587e-02 -9.297688e+00 1.177751e+01 1.708521e-01 1.402652e-02 3.823214e+00 1.552309e-01 -2.554727e-01 2.130231e+00 3.717756e+00 3.255559e+00 1.309169e-01 -3.759606e+00 -1.085908e+00 4.924843e-01 5.539213e-01 1.364713e+00 3.134642e+00 -2.502522e+00 -5.523015e-02 
-8.598799e+00 1.488342e+00 -2.115751e+00 -2.213716e+00 4.647918e+00 -1.170197e+00 2.063293e+00 -5.975185e+00 6.583869e+00 1.909482e+00 3.650887e+00 4.215938e+00 4.578477e-02 -4.391046e-01 2.498105e+00 2.720720e+00 1.522281e+00 1.184940e-01 -3.096914e+00 -3.778518e-01 1.531909e+00 7.804362e-01 2.124870e+00 3.013731e+00 -1.137552e+00 -3.647696e-02 
-7.778887e+00 3.571710e+00 -3.819577e-01 -1.111136e+00 5.012822e+00 -3.373136e+00 9.374549e+00 5.516350e-01 2.930608e+00 2.720979e+00 1.780895e+00 -1.237813e+00 2.562243e-02 3.086346e-01 2.173117e+00 -2.057304e-01 1.385117e-01 3.130563e-01 -2.243524e+00 1.359589e+00 2.562093e+00 -1.073755e+00 4.090079e-01 9.884596e-02 2.459056e-01 -2.557520e-02 
-9.043154e+00 4.885644e+00 2.812512e+00 -3.734509e+00 4.425779e+00 9.686112e-02 4.329929e+00 -3.280724e+00 5.017400e+00 3.544434e+00 4.239567e+00 5.515078e+00 4.240435e-02 2.647862e-01 7.899918e-01 7.955366e-01 9.305118e-01 9.282730e-02 -2.385561e-01 7.750452e-01 1.129273e+00 3.969497e-01 -3.656157e-01 -6.417949e-01 7.338681e-01 -6.461102e-03 
-7.464930e+00 3.788034e+00 -2.730794e+00 8.335139e-01 5.711619e+00 -5.088969e+00 5.730751e+00 2.165548e+00 7.191968e+00 1.398416e+00 2.139162e-01 4.403172e+00 2.904510e-02 2.191824e-01 5.746586e-01 2.577770e-01 6.555202e-01 7.844317e-02 9.358074e-01 2.510920e-01 -4.126323e-01 9.702905e-01 -4.387500e-01 -1.142876e+00 -1.632373e-01 -5.364799e-03 
-7.431847e+00 5.330138e+00 3.036351e+00 1.466518e+00 4.762655e+00 -1.505061e+00 7.760417e+00 -1.135779e+00 6.437937e+00 7.426859e-01 1.225402e+00 5.064786e+00 1.176792e-02 5.560589e-01 1.129241e-01 -6.770337e-02 1.217733e+00 5.714557e-01 4.043065e-01 1.449808e+00 -2.769569e-01 2.009953e-01 8.105801e-01 -1.338279e+00 -1.873970e+00 -9.605276e-03 
-7.488628e+00 6.222755e+00 7.950082e-01 -4.340491e-01 5.236599e+00 2.106862e+00 8.914764e+00 -2.583999e+00 7.071793e+00 1.928103e+00 -2.426401e+00 -1.828854e+00 1.411664e-02 -1.823950e-02 -4.647853e-01 7.931223e-01 -1.486406e-01 -4.662607e-02 7.913097e-01 -1.918219e-01 -1.274313e+00 -6.732851e-01 1.683432e+00 1.881635e-01 -4.473836e-01 2.377272e-04 
-6.251010e+00 4.232903e+00 7.110941e-01 2.987937e+00 7.520567e+00 -1.479522e+00 9.986965e+00 -2.290735e+00 6.082464e+00 7.332491e+00 -1.131670e+00 -7.387598e-01 1.842201e-03 -2.137093e-01 -1.069291e+00 -1.812065e-01 -8.040107e-01 1.353235e-01 8.701206e-01 -4.108009e-01 -5.455269e-01 -1.054713e+00 9.573641e-01 2.237463e-01 6.586072e-01 9.271962e-03 
-8.146545e+00 2.012725e+00 2.397446e+00 -6.703985e-01 4.099533e+00 -1.145190e+00 3.658368e+00 -3.628540e+00 4.003279e+00 6.520676e+00 2.333270e+00 5.068026e+00 3.519660e-02 -1.085845e-01 -7.846736e-01 -1.278099e-01 -7.236823e-01 -1.130088e-01 8.459736e-01 -3.696947e-01 -1.201025e-01 -1.328896e+00 -1.215929e+00 4.726920e-01 1.396908e+00 6.819314e-03 
-8.171434e+00 2.088700e+00 1.329099e+00 -2.435361e+00 6.007806e+00 4.471568e+00 8.334611e+00 -3.341143e+00 2.698628e+00 3.233220e+00 -3.570259e-02 4.909382e+00 4.758775e-02 -1.326818e-01 -1.993319e-01 -7.274112e-01 -9.346286e-01 -1.547383e-01 1.125436e-02 -5.770764e-01 -2.882164e-01 -1.685433e-01 -1.978604e+00 -1.784336e-01 9.546784e-01 -3.979862e-04 
-7.071339e+00 3.371490e+00 -1.530438e-01 -1.340812e+00 5.427937e+00 3.361185e+00 7.892467e+00 -2.659307e+00 2.119229e+00 -2.101905e+00 -6.109250e-01 2.331614e+00 2.534044e-02 4.399717e-01 3.729460e-01 -6.055934e-01 6.974980e-01 4.864024e-02 -1.127033e+00 7.328011e-01 1.085733e+00 1.072427e+00 -4.877020e-01 -3.716013e-01 -4.595989e-01 -1.410453e-02 
-7.452023e+00 2.556862e+00 -1.650717e+00 -1.349999e+00 6.082674e+00 -3.676438e+00 4.984533e+00 -4.216433e+00 6.181773e+00 1.750761e+00 -5.517404e-01 5.402838e+00 4.780352e-03 2.746529e-01 2.895589e-01 -6.126994e-02 1.222099e+00 -3.158208e-01 -2.150689e+00 3.801016e-01 1.237550e+00 1.112440e+00 1.311568e+00 2.756024e-01 -9.434636e-01 -1.589150e-02 
-6.306393e+00 3.643374e+00 8.593867e-01 2.274410e+00 4.305300e+00 -2.706353e+00 8.997413e+00 2.237770e+00 7.623841e+00 4.823395e+00 7.332822e-01 2.523303e+00 -1.392233e-02 -6.603489e-02 -3.850096e-02 5.469559e-01 1.156347e+00 -7.092482e-01 -7.661651e-01 6.878848e-01 1.590376e+00 6.851370e-01 2.397467e+00 1.005597e+00 -1.171630e+00 -6.210917e-03 
-7.180643e+00 3.400552e+00 5.165345e-01 1.867522e+00 4.990020e+00 -3.248110e+00 9.682647e+00 3.980706e-01 5.508524e+00 6.328408e+00 6.702060e-01 9.621890e-02 -1.223838e-02 -7.257366e-02 -5.185338e-02 4.307644e-01 3.760164e-01 -2.399044e-01 8.954867e-01 1.147652e+00 -6.409831e-02 -8.944902e-01 -3.279509e-01 4.967674e-01 -7.863828e-01 6.182194e-04 
-7.537203e+00 2.757140e+00 1.498110e+00 2.832160e+00 2.428023e+00 -6.838046e-01 8.982835e+00 2.985323e+00 5.881538e+00 7.596608e+00 3.806085e+00 -8.732245e-01 2.795219e-03 -2.905905e-01 -1.630012e+00 -1.085547e+00 -7.512217e-01 -1.816257e+00 -3.681230e-01 -1.708027e+00 -1.873708e+00 -1.852263e+00 -2.048974e+00 -8.689079e-01 3.027654e-01 1.232594e-01 
-7.199486e+00 2.740712e+00 1.837434e-01 2.512080e-01 5.821791e+00 -2.102785e-01 1.073008e+01 -4.910701e+00 2.580473e+00 -1.275600e+00 3.956953e-01 3.169188e+00 -4.873276e-04 -1.368753e-01 -2.757788e+00 -2.253782e+00 -1.210705e+00 -2.828486e+00 -7.349583e-01 -2.863006e+00 -1.728151e+00 -1.200325e+00 -2.721811e+00 -1.598889e+00 1.217804e+00 2.112662e-01 
-7.749924e+00 -4.176766e+00 -4.401953e+00 -6.735408e-01 -5.191869e+00 -6.065884e+00 -6.644154e-02 -4.476382e+00 -1.734469e-01 -1.619471e+00 -3.474002e+00 2.500645e+00 5.964993e-01 -7.679756e-01 -1.376312e+00 -2.894734e+00 -1.728211e+00 -1.467831e+00 -1.070665e+00 -8.016599e-01 -1.756101e+00 6.409342e-01 6.963690e-02 -1.921323e+00 1.282246e+00 2.330447e-01 
-7.758659e+00 -6.921437e+00 -7.802343e+00 -2.433154e+00 -5.342463e+00 -4.231862e+00 -1.077452e-01 -4.511831e+00 2.534390e+00 -2.672607e+00 -3.684195e+00 4.498306e+00 7.472407e-01 -5.745417e-01 -3.306983e-01 -1.082871e+00 -8.415743e-01 -1.483445e+00 -6.075394e-01 1.365211e+00 4.425641e-01 2.239483e+00 3.045391e+00 -7.181508e-01 2.982627e-01 1.467859e-01 
-1.109749e+01 7.066573e-01 -8.982514e+00 -4.466714e+00 6.709967e-01 -4.026339e+00 1.039345e+01 -5.994618e+00 9.109251e+00 8.643296e+00 -3.760585e+00 4.873444e+00 7.941548e-01 2.121466e-01 -2.146997e-01 1.411422e+00 -5.657320e-01 -1.400764e-01 -7.812711e-01 2.735086e+00 1.346623e+00 5.250593e-01 4.075763e+00 1.498916e-01 -8.956151e-02 -2.662153e-02 
-8.398409e+00 -1.354491e+00 -2.940333e+00 -2.060077e+00 -4.526868e+00 -4.267748e+00 1.232619e+01 -1.938762e+00 9.136541e+00 8.819969e+00 -3.051767e+00 3.474102e+00 6.346146e-01 1.444572e+00 3.739510e-02 2.551929e+00 1.255669e+00 4.329492e-01 -1.178082e+00 5.384664e-01 2.321650e+00 -2.315100e+00 2.004299e+00 2.551994e-01 -1.459195e+00 -9.670366e-02 
-6.369316e+00 -8.033738e+00 2.241544e-01 -3.688739e+00 -6.300048e+00 -9.954296e+00 7.392017e+00 9.701965e-01 -8.492255e-01 1.301306e+01 -3.040758e+00 2.564939e+00 5.197047e-01 4.499768e+00 3.880646e-01 1.373385e+00 2.342903e+00 -3.534546e-02 -8.857920e-01 -4.822743e+00 2.038715e+00 -4.284366e+00 -3.180241e+00 -2.760839e-01 -3.451051e+00 -9.817924e-02 
-2.899886e+00 -2.364264e+00 3.539671e-01 3.456203e+00 3.078055e-01 -7.158296e+00 4.085302e+00 3.614009e+00 -4.061873e+00 5.164007e+00 -2.768111e+00 -1.643417e+00 4.009474e-01 6.371703e+00 6.469421e-01 -1.693536e+00 2.467239e+00 8.132194e-01 -6.871879e-01 -8.419366e+00 -1.773707e-01 -2.775165e+00 -4.938688e+00 -5.832896e-02 -2.491069e+00 5.289048e-03 
8.652087e+00 3.151867e+00 -3.762739e+00 4.489660e+00 -1.923068e+00 -7.010025e+00 -9.599825e+00 1.422570e+00 -5.713369e+00 -5.429930e+00 -5.282833e+00 -9.823050e+00 4.200923e-01 5.919276e+00 1.294358e+00 -3.366764e+00 2.029519e+00 1.361525e+00 -1.915889e-01 -8.031235e+00 -2.401668e+00 1.106643e+00 -5.406545e+00 -9.559759e-02 -9.012221e-01 7.443715e-02 
1.594940e+01 -3.712583e+00 -9.414567e+00 6.186917e+00 -2.649262e+00 -9.175823e+00 -2.127471e+01 -3.051802e+00 -2.307211e+00 -6.651978e+00 -2.222375e+00 -2.787246e+00 7.108661e-01 4.286635e+00 -1.781698e-01 -3.701105e+00 3.043845e-01 4.289274e-01 3.188758e-02 -6.647855e+00 -3.017572e+00 2.556972e+00 -3.010779e+00 -4.554235e-01 7.829739e-01 1.015739e-01 
1.380242e+01 -8.877881e-01 -1.172540e+01 5.093498e+00 1.986109e+00 -9.903477e+00 -2.008415e+01 -7.705237e+00 3.806658e+00 -8.111677e+00 -3.791614e+00 -1.369257e+00 7.369311e-01 1.630963e+00 -4.545477e-01 -2.707016e+00 -8.037568e-01 1.040275e+00 1.361782e+00 -2.957130e+00 -2.297033e+00 2.737489e+00 -8.185517e-01 -4.863572e-01 1.991770e+00 7.274404e-02 
1.595812e+01 -1.235286e+00 -1.417023e+01 4.676207e+00 4.978542e-01 -5.552132e+00 -2.391181e+01 -6.909946e+00 3.962973e+00 -8.549015e+00 -5.790839e+00 -1.955444e+00 7.503975e-01 6.154889e-01 7.686368e-01 -1.644609e+00 -1.421962e+00 1.033127e+00 2.480218e+00 -2.228279e-02 -1.509332e+00 1.286430e+00 -2.590427e-01 1.019659e-01 5.513856e-01 1.984211e-02 
1.680255e+01 -3.595202e-01 -1.491999e+01 1.226231e+00 1.704750e+00 -2.012962e+00 -2.306693e+01 -8.133523e+00 4.838981e+00 -8.574169e+00 -5.930387e+00 -2.800986e-01 7.640468e-01 8.553404e-01 -8.391221e-02 -1.082403e+00 -1.965032e+00 5.932362e-01 2.067569e+00 2.055710e-01 -1.100036e+00 -6.889449e-01 7.332193e-01 8.261725e-01 2.403314e-01 2.392439e-02 
1.752678e+01 -1.335330e-01 -1.604032e+01 1.010740e+00 2.657051e+00 -7.199885e-01 -1.989474e+01 -1.038432e+01 3.608777e+00 -7.715944e+00 -6.431590e-01 -5.748971e-01 7.965188e-01 4.131258e-01 -3.835841e-01 -9.081773e-01 -1.271991e+00 -7.962330e-02 1.966888e+00 -1.816296e-01 -9.003032e-01 -6.506055e-01 1.043826e+00 1.422277e+00 -7.194100e-01 2.990978e-02 
1.729479e+01 -1.858226e+00 -1.620237e+01 -2.898930e+00 3.872691e+00 -1.981701e+00 -2.106483e+01 -1.146823e+01 5.390313e-01 -4.862117e+00 -2.234591e+00 -8.578734e-01 8.334924e-01 1.726762e-01 -9.254408e-01 -3.070812e-01 -7.252301e-01 -5.703066e-01 1.397226e+00 -1.281723e+00 4.474630e-01 -5.453783e-01 1.528393e+00 8.382347e-01 -1.457287e+00 2.956263e-02 
1.777763e+01 -2.403854e+00 -1.806992e+01 3.788348e-01 -9.842329e-01 4.266675e+00 -2.582101e+01 -9.744109e+00 2.859921e+00 -5.185913e+00 -5.273520e-01 -5.263607e+00 8.652236e-01 -1.718650e-01 -8.654915e-01 4.596500e-02 -3.567758e-01 -9.081370e-01 1.021998e+00 -2.166114e+00 1.543375e+00 5.230235e-01 1.341636e+00 -3.050289e-01 -1.854164e+00 2.411041e-02 
1.754050e+01 -3.851564e+00 -1.544059e+01 -2.083966e+00 6.738591e-01 2.479836e+00 -2.651241e+01 -6.216313e+00 2.486518e+00 -2.197222e+00 -1.797116e+00 -5.222178e+00 8.775076e-01 -3.107909e-01 -9.719518e-01 6.860930e-01 1.633502e-01 -7.406394e-01 6.512215e-01 -2.050176e+00 2.295422e+00 1.903503e+00 2.123362e-01 5.828656e-01 -2.271316e+00 2.023055e-02 
1.654460e+01 -3.464321e+00 -1.619138e+01 -1.180620e+00 -2.842178e-01 2.159233e+00 -2.800152e+01 -5.293404e+00 5.250151e+00 -2.340212e+00 -2.387042e+00 -7.663568e+00 8.950633e-01 -8.974673e-01 -1.289313e+00 1.278618e+00 -2.921117e-01 -1.168186e-01 -9.562572e-01 -1.383265e+00 2.352621e+00 1.626970e+00 -2.541743e-01 1.114360e-01 -1.442366e+00 1.733273e-02 
1.635735e+01 -6.187751e+00 -1.371117e+01 -1.302451e+00 -1.805134e-01 2.328128e+00 -3.022545e+01 -2.216474e+00 8.861431e+00 -5.223287e+00 1.609581e+00 -1.101447e+01 9.197253e-01 -1.131876e+00 -1.563664e+00 1.834998e+00 2.971516e-01 -1.190468e+00 -5.337958e-01 -1.005652e+00 2.616694e+00 1.768637e+00 -1.521309e+00 7.484041e-01 -9.616869e-01 1.380770e-02 
1.388187e+01 -7.682324e+00 -1.254154e+01 -1.472481e+00 -1.141140e+00 -4.387567e-01 -3.088081e+01 1.907754e-02 7.807311e+00 -4.943752e+00 -1.673521e+00 -9.579290e+00 9.307784e-01 -1.208595e+00 -1.790285e+00 2.790457e+00 3.783159e-01 -2.028175e+00 -1.524365e-01 -7.451259e-01 3.639660e+00 6.579400e-01 -1.565088e+00 1.109925e+00 3.780174e-01 1.077622e-02 
1.321249e+01 -9.560884e+00 -8.090523e+00 -4.522779e-01 -4.850018e+00 1.109852e+00 -3.010102e+01 4.210915e+00 1.005112e+01 -8.501996e+00 1.588144e+00 -9.072752e+00 9.286885e-01 -1.360863e+00 -1.260413e+00 2.864654e+00 5.713421e-01 -3.228089e+00 1.968517e-02 -5.342373e-01 3.885181e+00 -7.835736e-01 -1.185753e+00 1.112789e+00 9.749817e-01 8.551538e-03 
1.207405e+01 -1.072918e+01 -5.049420e+00 2.858723e-01 -8.090342e+00 2.006188e+00 -3.178937e+01 9.691204e+00 7.945004e+00 -8.526297e+00 3.173300e+00 -6.744341e+00 9.444628e-01 -1.282552e+00 -7.811716e-01 3.261802e+00 4.089947e-01 -3.572515e+00 1.194357e-01 3.462151e-01 3.581382e+00 -1.486098e+00 -7.369053e-01 1.678965e+00 1.285345e+00 1.039023e-02 
1.045694e+01 -1.096639e+01 -3.133964e+00 6.750825e-01 -1.284636e+01 1.204081e+00 -3.244236e+01 1.237337e+01 4.874717e+00 -9.360780e+00 4.750116e+00 -7.557039e+00 9.556408e-01 -1.376072e+00 -6.022204e-01 3.218504e+00 1.381200e-01 -3.606542e+00 9.177914e-02 4.546967e-01 3.170947e+00 -2.981496e+00 2.436075e-01 1.169089e+00 1.179272e+00 1.388689e-02 
8.846886e+00 -1.088543e+01 1.289191e+00 8.811831e-03 -1.500554e+01 1.113069e-01 -2.797906e+01 1.384476e+01 2.965023e+00 -8.198887e+00 5.140317e+00 -3.910421e+00 9.692534e-01 -1.112253e+00 -5.011659e-01 3.378719e+00 -2.998711e-01 -3.244133e+00 2.122953e-01 1.224093e+00 2.161432e+00 -3.577947e+00 8.343520e-01 9.805878e-01 1.068114e+00 1.296696e-02 
7.945717e+00 -1.249386e+01 4.832692e+00 3.768523e-01 -1.942513e+01 2.516188e+00 -2.973269e+01 1.798887e+01 -2.366366e+00 -7.447663e+00 6.450079e+00 -4.593349e+00 9.857277e-01 -1.067383e+00 -8.784132e-02 3.354321e+00 -4.739068e-01 -2.263493e+00 -1.009741e-01 2.521240e+00 5.563504e-01 -3.183045e+00 1.236750e+00 9.158014e-01 1.275256e+00 1.137191e-02 
7.768399e+00 -1.247127e+01 7.860848e+00 -1.064368e+00 -2.102162e+01 2.411611e+00 -2.702374e+01 1.769061e+01 -6.324190e+00 -5.311095e+00 7.226258e+00 -2.885614e+00 9.942541e-01 -9.212927e-01 2.811941e-01 2.809399e+00 -3.919955e-01 -1.887526e+00 1.051665e-01 2.499266e+00 -8.681436e-01 -2.614608e+00 1.308736e+00 9.641935e-01 4.049565e-01 7.412612e-03 
5.659271e+00 -1.061267e+01 1.035181e+01 -1.157862e+00 -2.115579e+01 -4.509416e-01 -2.031382e+01 1.323219e+01 -6.395901e+00 -4.620926e+00 8.286154e+00 -1.693162e+00 1.000000e+00 -7.774730e-01 6.710653e-01 2.395646e+00 -4.435176e-01 -1.117710e+00 -1.811451e-01 2.704231e+00 -1.866554e+00 -2.377271e+00 1.908967e+00 -2.840986e-02 9.414460e-01 -9.453297e-04 
5.383646e+00 -1.042005e+01 1.257663e+01 -1.183809e+00 -2.357784e+01 2.120704e+00 -2.019217e+01 1.188238e+01 -8.093250e+00 -3.068574e+00 9.043248e+00 -3.335732e+00 9.991803e-01 -6.383536e-01 3.194638e-01 2.428467e+00 -3.355242e-01 -4.991518e-01 -2.609511e-01 2.276986e+00 -2.142484e+00 -2.188409e+00 1.677835e+00 -9.866705e-02 2.769032e-01 -5.721128e-03 
5.250729e+00 -1.016414e+01 1.445303e+01 -1.781016e+00 -2.373557e+01 1.755916e+00 -1.962732e+01 1.156021e+01 -1.336819e+01 9.759127e-01 5.399535e+00 3.389394e-01 9.785379e-01 -3.186299e-01 2.329809e-01 2.153852e+00 -4.459166e-01 -3.724237e-01 -7.708170e-02 2.410408e+00 -1.797506e+00 -1.980996e+00 1.323089e+00 -5.593084e-01 -2.585428e-01 -5.900359e-03 
4.780902e+00 -1.109822e+01 1.795257e+01 -2.430412e+00 -2.222749e+01 3.427029e-03 -1.598206e+01 7.814184e+00 -1.378009e+01 2.796621e-01 8.176232e+00 -2.517149e+00 9.763795e-01 -3.479882e-01 4.033318e-01 2.044722e+00 -6.061493e-01 2.874363e-01 4.165965e-01 3.140345e+00 -1.215450e+00 -1.946858e+00 8.378083e-01 -1.199108e+00 -7.842744e-01 -6.407482e-03 
4.367494e+00 -9.108685e+00 1.843310e+01 -2.764143e+00 -2.369308e+01 2.222884e-01 -1.036684e+01 6.278763e+00 -1.345746e+01 3.204011e-01 5.923119e+00 -3.395167e+00 9.818986e-01 -3.024831e-01 8.033079e-01 1.456979e+00 -6.917254e-01 5.862375e-01 9.297302e-01 3.342049e+00 -1.033076e+00 -8.117123e-01 1.128672e-01 -1.127523e+00 -2.233063e+00 -1.153635e-02 
4.085322e+00 -8.931124e+00 2.081020e+01 -3.722991e+00 -2.216191e+01 4.970500e+00 -9.120687e+00 8.445858e+00 -1.778291e+01 1.448223e+00 2.785916e+00 -5.390051e+00 9.654626e-01 9.004412e-02 1.240166e+00 3.113203e-01 -7.654193e-01 1.458174e-01 1.954765e+00 2.507039e+00 -1.543943e-01 -1.054956e+00 1.834585e-01 -1.707454e+00 -2.276410e+00 -2.640200e-02 
4.086103e+00 -7.231152e+00 2.030911e+01 -4.593353e+00 -2.083717e+01 3.921030e+00 -6.347758e+00 6.078999e+00 -1.542535e+01 9.559680e-01 2.457078e+00 -9.389928e+00 9.263147e-01 6.128444e-01 1.258338e+00 -7.032701e-01 -1.073269e+00 8.248049e-01 1.716196e+00 2.424788e+00 -8.158764e-01 -1.448107e+00 -3.581449e-01 -1.358786e+00 -2.322367e+00 -5.178448e-02 
5.371818e+00 -5.836156e+00 1.857117e+01 -5.342904e+00 -2.292636e+01 7.927881e+00 -5.456406e+00 7.142095e+00 -1.807093e+01 8.791709e-01 1.371982e+00 -1.090182e+01 8.721615e-01 7.550317e-01 2.348745e+00 -1.456835e+00 -1.147611e+00 1.869923e+00 9.590408e-01 3.251504e+00 -2.329200e+00 -1.396405e+00 -6.386060e-01 -2.010061e+00 -1.635131e+00 -7.772119e-02 
6.788468e+00 -4.364480e+00 1.603626e+01 -7.320530e+00 -1.918683e+01 7.324578e+00 -7.503605e-02 2.851263e+00 -2.055399e+01 -1.185797e+00 -1.638430e-01 -1.225112e+01 7.696267e-01 4.603795e-01 3.615977e+00 -1.136299e+00 -3.377844e-01 3.727149e+00 9.209045e-01 4.022626e+00 -3.919018e+00 -2.460546e+00 -9.995548e-01 -2.972001e+00 1.165244e-01 -1.019795e-01 
6.509298e+00 1.379265e+00 1.566245e+01 -8.097456e+00 -1.363746e+01 8.063930e+00 4.000475e+00 -1.586275e+00 -2.220061e+01 -6.739242e-01 -5.953928e+00 -1.213511e+01 6.552006e-01 -5.914641e-03 3.293967e+00 -7.626287e-01 2.120445e+00 4.402377e+00 -5.504622e-01 5.280066e+00 -5.247300e+00 -3.811100e-01 -1.837148e+00 -3.139031e+00 7.829639e-01 -1.058306e-01 
5.819261e+00 7.241023e+00 1.608197e+01 -4.904999e+00 -6.845874e+00 8.457528e+00 9.036929e+00 -9.151907e+00 -2.566324e+01 -3.265259e+00 -8.739971e+00 -8.190660e+00 5.248975e-01 -9.809449e-01 1.695278e+00 -1.003409e+00 4.095548e+00 4.799343e+00 -2.174708e+00 4.481164e+00 -2.765226e+00 2.245764e+00 -1.225878e+00 -2.248106e+00 1.204574e+00 -1.005108e-01 
5.826848e+00 4.830929e+00 1.473517e+01 4.051556e+00 -7.084951e+00 4.609096e+00 1.638794e+01 -1.309282e+01 -1.742185e+01 -7.266836e+00 -1.003511e+01 -9.017228e+00 4.653733e-01 -1.851778e+00 -6.548602e-01 -2.282055e+00 4.498887e+00 5.129000e+00 -4.011443e+00 3.794014e+00 -9.494630e-01 3.138198e+00 -5.820525e-01 -6.771048e-01 1.883514e+00 -8.686399e-02 
2.224968e+00 2.386076e+00 1.148286e+01 7.082703e+00 1.533632e+00 -1.821544e+00 1.613705e+01 -5.221595e+00 -1.171455e+01 -4.018731e+00 -9.363778e+00 -7.787191e+00 3.619863e-01 -2.081022e+00 -1.594991e+00 -4.126377e+00 2.116640e+00 3.370107e+00 -5.941785e+00 2.522811e+00 7.223991e-01 4.297283e+00 1.853453e+00 1.460703e+00 3.249374e+00 -6.384733e-02 
-9.524441e-01 5.324371e-01 6.551731e+00 8.403128e+00 7.817786e+00 -6.853752e+00 1.942048e+01 -8.298746e+00 -1.348397e+01 -3.207450e+00 -9.027549e+00 -2.919272e+00 3.023362e-01 -1.849280e+00 -5.913314e-01 -5.116123e+00 -1.108511e+00 2.418934e+00 -4.504282e+00 9.117029e-01 1.216763e+00 1.863122e+00 2.095710e+00 3.361350e+00 4.820241e+00 -5.512799e-02 
-1.196204e+00 1.415315e+00 -4.581929e-01 3.502414e+00 2.553293e+00 -1.551997e+01 2.013471e+01 -7.936950e+00 -6.145764e+00 3.972313e+00 -1.940238e+00 5.007232e+00 2.871794e-01 -1.778501e+00 -2.130412e-01 -2.290548e+00 -3.258719e+00 1.335195e+00 -3.255548e-01 -1.104231e+00 1.768842e+00 1.328730e+00 9.994698e-01 4.759940e+00 3.523884e+00 -2.603530e-02 
-1.708963e+00 2.359653e+00 -4.874919e+00 2.991454e-01 4.499888e+00 -1.106310e+01 1.894762e+01 -5.651329e+00 -1.089063e+01 -7.838092e-01 3.059868e+00 8.686767e+00 2.271369e-01 -1.742076e+00 -2.606398e-01 1.802428e+00 -3.441509e+00 1.906485e+00 2.850786e+00 -2.984478e+00 4.034991e+00 1.812632e+00 -5.824146e-01 4.090188e+00 2.223443e-01 2.045459e-02 
-6.289277e+00 4.072624e-01 5.743447e+00 -5.158903e+00 9.868557e+00 -1.344643e+00 1.085233e+01 2.298910e+00 -6.367562e+00 -2.332032e-01 8.392216e+00 4.029207e+00 2.694095e-01 -8.839996e-01 3.488244e-01 1.948208e+00 -1.047437e+00 2.005125e+00 3.562992e+00 -2.355144e+00 3.173270e+00 1.459821e+00 -1.756781e+00 9.290624e-01 -2.082856e+00 -1.569824e-02 
-7.116289e+00 -2.667360e-01 1.246305e+01 -4.473755e+00 1.369258e+01 3.125124e-01 9.139286e+00 6.758277e+00 -4.309909e+00 -4.016765e+00 6.257163e+00 -1.318538e+00 4.134941e-01 2.315985e-01 1.081474e+00 2.053135e-01 9.255421e-01 2.355260e-01 8.727253e-01 -1.465737e+00 1.703688e+00 3.011801e+00 5.113301e-01 -9.335915e-01 -1.459332e+00 -4.462932e-02 
-2.912539e+00 4.472631e+00 6.138624e-01 6.516779e-01 7.982573e+00 -3.392823e+00 1.326316e+01 1.724597e+00 -2.137021e+00 -3.195114e+00 1.106426e+00 -4.043978e-01 1.155096e-01 1.357409e+00 1.825745e+00 -2.834986e+00 2.773946e+00 -4.686012e-01 -1.234885e+00 7.699782e-01 -1.005319e+00 2.168571e+00 3.925847e-01 -2.584834e+00 3.290151e-01 -7.326876e-02 
-2.239340e+00 5.734338e+00 -1.283560e+00 2.021565e+00 6.620510e+00 -5.675385e+00 1.041352e+01 3.154266e+00 2.053099e+00 3.253797e+00 2.034805e+00 3.606912e+00 8.094025e-02 1.120053e+00 1.458390e+00 -2.325563e+00 2.262374e+00 -3.452468e-01 2.811183e-01 2.002150e+00 -2.051919e+00 1.321235e+00 2.058985e+00 -1.484481e+00 1.675179e+00 -7.739241e-02 
-1.940705e+00 6.535452e+00 -1.558179e+00 5.463166e+00 1.106158e+01 -4.525120e+00 1.406510e+01 -9.256823e-01 1.293788e+00 -1.905560e+00 -2.420774e+00 3.211557e+00 6.934261e-02 3.717720e-01 1.038917e+00 5.958047e-01 8.208150e-01 9.477841e-01 2.841980e+00 1.223653e+00 4.564137e-02 4.453740e-01 1.196969e+00 -8.571843e-01 1.137136e+00 -1.229312e-02 
-2.001942e+00 5.993805e+00 1.921255e+00 4.432371e+00 1.042684e+01 2.284252e+00 1.874907e+01 -2.176176e+00 5.808630e-01 5.633381e+00 5.983598e-01 5.249380e+00 4.961556e-02 -2.370759e-01 1.980167e-01 7.836812e-01 5.464022e-01 8.953640e-01 3.068372e+00 3.598969e-01 -4.880924e-01 2.558083e-01 3.948213e-01 -6.301581e-01 2.355077e-01 -1.023473e-02 
-1.172379e+00 9.537481e+00 1.990479e+00 3.550350e+00 1.081833e+01 6.837258e+00 1.521366e+01 4.618024e+00 8.259671e-01 1.599939e+00 -2.461273e+00 4.460049e+00 6.970632e-02 -7.714099e-01 -2.149600e-01 5.046856e-01 -3.370796e-01 1.705908e-01 1.219596e+00 -1.768754e+00 2.208126e-01 8.843915e-01 1.491659e-01 -2.953085e-01 -3.600402e-01 -1.147925e-02 
-3.808883e+00 5.223407e+00 8.605179e-01 5.709984e+00 1.121896e+01 3.985285e+00 1.163873e+01 -2.058049e+00 3.566051e+00 3.475154e+00 -1.095735e+00 4.160205e+00 2.958477e-02 -9.121717e-01 -5.609375e-01 -7.159047e-01 -3.010806e-01 -3.361351e-01 -5.654985e-01 -1.541123e+00 -5.240242e-01 8.165485e-01 -2.998911e-01 5.615441e-01 -5.445117e-01 -6.498224e-03 
-4.894284e+00 5.845850e+00 1.495617e+00 3.138962e+00 1.151848e+01 7.223437e-01 8.776500e+00 1.193178e-01 4.223152e+00 -8.061671e-02 -3.050269e+00 1.955943e+00 2.196175e-02 -5.828210e-01 -5.361825e-01 -1.325240e+00 -9.786047e-01 -6.170828e-01 -4.246217e-01 -8.777573e-01 -1.410631e+00 -2.452832e-01 -2.966973e-01 1.831311e-01 -5.621369e-01 -1.365787e-03 
-4.701847e+00 5.034933e+00 -1.410838e+00 3.132662e+00 8.396088e+00 2.514218e+00 1.426203e+01 -2.546943e+00 2.965014e+00 4.974203e+00 3.700578e+00 3.778874e+00 4.099673e-02 -1.691937e-01 1.265478e-01 -1.476299e+00 -1.482643e+00 -3.292775e-01 1.195679e+00 7.686689e-01 1.604965e+00 1.616845e-02 8.305756e-02 -9.643482e-02 -2.829224e-01 7.102430e-03 
-3.640001e+00 6.950806e+00 -3.500041e+00 -5.401188e-02 9.144350e+00 5.449683e+00 9.513222e+00 -2.190684e+00 -9.993029e-02 -6.330725e-01 -3.943774e+00 1.840030e+00 5.717140e-02 -1.073905e-01 -4.473829e-02 -5.184991e-01 4.351685e-02 2.106228e-01 1.773256e+00 6.951256e-01 1.082645e+00 6.647571e-01 6.822421e-01 2.674269e-01 -4.355062e-01 3.735173e-03 
-5.281993e+00 5.303668e+00 -4.023148e+00 -1.067450e-01 1.075963e+01 7.600009e+00 1.511371e+01 7.121777e+00 5.808434e+00 4.166670e+00 -1.131157e+00 2.803550e+00 4.749209e-02 -2.304235e-01 1.409460e-01 4.091431e-01 1.287554e+00 2.673340e-02 3.057837e-01 -4.847831e-01 4.041162e-01 6.270615e-01 1.168592e+00 6.773754e-01 3.267754e-01 5.661773e-03 
-5.141164e+00 5.487791e+00 2.092769e-01 4.976249e+00 1.138982e+01 7.045730e+00 1.182629e+01 6.981833e-01 6.125226e+00 3.734360e+00 7.027334e-01 2.660747e-01 3.738993e-02 -3.743315e-01 -1.200429e-01 9.434940e-01 1.151352e+00 -8.807542e-02 -1.122603e+00 3.755268e-01 -6.127423e-01 1.820105e-01 5.948287e-01 6.241061e-01 1.922257e+00 -2.417868e-03 
-5.103383e+00 6.471170e+00 -1.219782e+00 7.055301e+00 7.407020e+00 3.245113e+00 1.068158e+01 -1.970796e+00 2.987742e+00 8.633448e+00 4.764201e+00 6.199728e+00 7.919633e-02 -5.097554e-01 -2.649251e-01 5.342962e-01 -3.907673e-01 -6.547483e-01 -1.631006e+00 -2.435269e-01 -1.283720e+00 -8.646861e-01 -2.910807e-01 7.243328e-01 1.649707e+00 -6.015635e-03 
-5.600964e+00 5.766840e+00 -1.842551e-01 2.121723e+00 1.038028e+01 2.014118e+00 1.360692e+01 -7.081094e-01 2.220469e+00 1.076820e-01 -3.770923e+00 9.753225e+00 2.922994e-02 8.405523e-02 1.672144e-01 -3.090388e-01 -1.399069e+00 -7.549555e-01 -1.310198e+00 1.270187e-01 4.378295e-03 -1.237474e+00 -2.528914e-01 4.384310e-01 5.967271e-01 -5.192661e-03 
-7.600870e+00 3.839519e+00 -1.154901e+00 -6.333182e-01 7.990663e+00 1.960788e+00 1.300576e+01 1.406321e+00 3.437383e+00 4.524605e+00 4.727335e+00 6.308508e+00 2.149391e-02 7.509851e-02 -1.786245e-01 -5.401133e-01 -1.240902e+00 -8.340026e-01 -4.943734e-01 -5.155547e-01 1.155750e+00 -3.876318e-01 -1.177926e+00 -1.930987e-01 -5.998991e-01 1.009107e-05 
-3.472144e+00 7.639689e+00 -1.368358e+00 1.825212e+00 7.323221e+00 1.136904e+00 1.129929e+01 -9.684839e-01 -2.869632e-01 4.524325e+00 2.913321e+00 3.195320e+00 4.027784e-02 5.005137e-01 2.202144e-01 -1.156942e+00 7.108587e-02 -1.405934e+00 1.086563e-01 -1.347476e+00 6.224836e-01 -1.717247e-02 -5.329709e-01 -3.396217e-01 -8.531383e-01 2.030240e-02 
-5.792300e+00 4.641623e+00 -3.328297e+00 9.990478e-01 4.765536e+00 1.211853e+00 9.257623e+00 3.938139e+00 2.303299e+00 5.354951e-01 4.565855e-01 6.479186e+00 7.372284e-02 3.627542e-01 5.351070e-01 -4.992033e-01 -2.894894e-01 -1.984035e+00 -2.645357e-01 -7.881653e-01 4.638314e-02 1.055283e+00 -3.711769e-01 -1.262402e+00 3.672456e-01 1.510435e-02 
-4.002680e+00 6.466860e+00 -4.882269e+00 1.660969e+00 4.963172e+00 2.931867e+00 8.743611e+00 1.138400e+00 2.701648e+00 -5.626173e-01 -3.333656e+00 5.402195e+00 1.046275e-01 -4.984611e-01 -2.292177e-01 6.217715e-01 9.714513e-02 1.912321e-01 5.553302e-01 3.671508e-01 6.120576e-01 1.829488e+00 3.711278e-01 -2.351348e-02 -3.207831e-02 -2.544123e-03 
-5.521832e+00 7.101468e+00 -1.893961e+00 -1.998644e+00 -7.494864e-01 -2.593725e-01 1.034277e+01 5.847952e-01 7.219493e+00 5.212193e+00 1.538816e+00 7.041298e+00 6.484085e-02 -2.890438e-01 1.034350e-01 1.238613e+00 3.875152e-01 1.439731e+00 -1.920693e-01 1.194118e+00 -3.000652e-01 1.094895e+00 1.155272e+00 1.149645e+00 -1.346135e+00 -1.903855e-02 
-6.099684e+00 5.263679e+00 1.023332e+00 3.809783e+00 1.103689e+01 4.649167e+00 1.259247e+01 3.768476e+00 6.402381e+00 4.041615e+00 2.254639e+00 2.753872e+00 3.199822e-02 -8.777316e-01 -3.881168e-01 1.151781e+00 1.761635e-01 1.680160e+00 -4.170911e-01 2.034188e-01 -3.484046e-01 3.146698e-01 4.315225e-01 1.458361e+00 -2.172287e-01 -2.325510e-02 
-6.189017e+00 5.760389e+00 -8.803284e-02 1.862217e+00 8.927330e+00 -6.071442e-01 1.330378e+01 1.122775e+00 5.927406e+00 4.009738e+00 3.410665e+00 1.072670e+00 1.484472e-02 -7.029888e-01 -3.876167e-01 2.685605e-01 2.021574e-01 1.603877e+00 -1.069531e-01 -8.437412e-01 -7.555906e-01 -6.078245e-01 -7.877333e-01 3.734406e-01 5.064629e-01 -1.216297e-02 
-8.057745e+00 5.196815e+00 -2.632868e-02 6.113564e-01 8.525563e+00 1.020297e+00 8.280200e+00 -8.726128e-01 4.921041e+00 2.196223e+00 3.022225e+00 7.300366e+00 1.335007e-02 -5.784850e-01 -6.972983e-02 -2.037617e-01 -7.647713e-01 -5.424427e-01 -5.630299e-01 -1.364812e+00 -1.127756e+00 -3.969046e-01 -5.504302e-01 1.146734e-01 1.532068e+00 -3.879094e-03 
