-3.052774e+00 -8.791827e+00 -4.885676e+00 -3.658309e+00 -1.639339e+00 -2.745019e+00 -6.642564e+00 -3.880023e+00 4.735925e+00 3.467831e+00 2.631995e+00 2.861642e+00 8.289343e-02 -9.423170e-02 5.667126e-01 -7.506067e-01 -1.060193e+00 -2.414650e-01 -1.514450e+00 6.905679e-02 6.114180e-01 -2.585298e-01 -2.309509e-01 1.728916e-01 1.454695e+00 -2.136907e-02 
-2.771340e+00 -6.732276e+00 -6.473522e+00 -6.065227e+00 -1.890030e+00 -8.078135e+00 -5.975592e+00 3.780839e-01 1.882075e+00 3.218325e+00 5.259234e+00 4.778924e+00 3.671837e-02 -2.112013e-01 6.354454e-01 -1.039567e+00 -1.064104e+00 -5.690185e-01 -1.897297e+00 7.229762e-01 1.899835e+00 -4.856948e-01 -8.135755e-02 1.960642e-01 1.166358e+00 -2.640989e-02 
-3.664650e+00 -6.988040e+00 -7.844788e+00 -7.755814e+00 -2.721319e+00 -7.650712e+00 -6.630766e+00 -2.951987e+00 4.870201e+00 2.437829e+00 2.182833e+00 9.176474e+00 -8.643866e-04 -4.537591e-01 6.578554e-01 -2.223689e-01 2.938843e-01 6.891347e-01 -8.451065e-01 -1.876006e-01 1.267978e+00 2.166685e-01 -1.227583e-01 -1.639671e+00 -3.574352e-01 -2.309670e-02 
-3.802843e+00 -6.516494e+00 -8.603955e+00 -6.930078e+00 -3.943442e+00 -9.778660e+00 -3.033582e+00 5.155134e+00 2.240313e+00 3.576044e+00 3.836897e+00 5.536016e+00 -7.277131e-03 -7.964573e-01 3.382409e-01 2.186759e-01 1.661020e+00 1.689650e+00 1.960906e+00 -1.040644e+00 -6.550878e-01 6.170468e-01 -6.749263e-01 -2.786551e+00 -2.033401e+00 -1.380758e-02 
-4.805819e+00 -5.610441e+00 -4.932304e+00 -1.756462e+00 2.833040e+00 -6.120290e+00 -9.051572e+00 7.133940e-02 5.640149e+00 2.675180e+00 -4.855192e+00 6.959205e-01 -1.059234e-02 -4.610411e-01 5.659019e-01 3.045476e-01 1.660545e+00 9.633460e-01 1.607015e+00 -1.321244e-01 -6.474169e-01 4.030147e-01 -6.387253e-01 -2.514468e+00 -3.432067e+00 -1.354195e-02 
-6.183043e+00 -5.729871e+00 -6.836384e+00 -7.598016e-01 3.781043e+00 9.611831e-01 -9.968409e+00 -4.409019e+00 4.582335e+00 -2.749816e-01 -5.154506e+00 -1.147802e+00 -2.745557e-02 1.410497e-01 6.672168e-01 3.464695e-01 4.886639e-01 -2.350565e-01 6.817831e-01 -2.051419e-01 -1.769188e+00 3.668183e-01 -8.529318e-01 -1.689167e+00 -2.164799e+00 -1.765144e-02 
-4.779756e+00 -4.551842e+00 -7.205834e+00 -2.538229e+00 -1.766831e+00 -4.985560e+00 -3.823975e+00 -1.406995e+00 5.714263e+00 1.169715e+00 -5.893807e+00 -4.641951e+00 -5.848491e-02 6.390659e-01 9.234810e-01 -4.112301e-02 -1.979413e-01 -1.079507e+00 -5.906017e-01 7.186592e-01 -4.030761e-01 -9.037832e-01 -9.329364e-01 5.389520e-01 -7.563759e-01 -2.007711e-02 
-3.110626e+00 -3.709710e+00 -5.734842e+00 -4.095875e+00 -2.818789e+00 -6.937109e+00 -6.673090e+00 -2.951639e+00 4.037347e+00 6.411731e-02 -4.089633e+00 -2.619046e+00 -7.158804e-02 3.992071e-01 7.946283e-01 -5.079929e-01 1.293840e-01 8.286273e-02 -1.369109e+00 4.032920e-01 6.209052e-01 -7.582120e-01 2.604282e-01 1.645927e+00 7.337283e-01 -2.353492e-02 
-3.146697e+00 -2.003117e+00 -5.688690e+00 -1.078131e+00 7.354226e-01 -5.124152e+00 -7.105935e+00 -2.672731e+00 1.393727e+00 -2.159051e+00 -2.692869e+00 -2.350337e+00 -8.891165e-02 -5.055313e-02 8.769754e-01 -5.447986e-01 7.048278e-01 1.244177e+00 8.421983e-01 4.913655e-01 1.541748e+00 -7.909761e-01 -9.250320e-01 9.959286e-01 8.286740e-01 -2.382764e-02 
-5.003536e+00 -3.031092e+00 -1.013492e+01 -8.429303e-01 2.944230e+00 -5.815067e+00 -6.310968e+00 -6.716247e-01 2.951543e+00 2.691542e+00 1.474658e+00 1.375032e+00 -1.299168e-01 -3.068790e-01 1.433290e+00 -1.222597e+00 5.801942e-01 1.794472e+00 2.329924e+00 2.066048e+00 1.937698e+00 -4.664275e-01 -1.189356e+00 -2.443279e-01 -1.165261e-01 -2.189564e-02 
-4.086066e+00 -5.062740e-01 -7.729789e+00 -6.405623e-01 1.572547e+00 -1.335590e+00 -1.548208e+00 5.161736e+00 2.302285e+00 -4.769158e+00 -3.696310e+00 -2.495621e+00 -1.484587e-01 -9.489239e-01 1.443550e+00 1.588627e+00 -8.380793e-01 5.571988e-01 2.904163e+00 1.133446e+00 -1.023636e-01 2.605376e-01 -6.047289e-01 -8.551920e-01 4.681798e-01 -7.167506e-03 
-4.175337e+00 2.708317e+00 -1.082728e+01 -1.413688e+00 5.735008e+00 2.818228e+00 8.782842e-01 2.819619e+00 1.250931e+00 -4.577608e+00 -4.809553e+00 -3.129035e+00 -1.512927e-01 -1.664258e+00 1.410698e+00 3.805218e+00 -1.465753e+00 3.366820e-01 4.172755e+00 5.375227e-01 -1.033496e+00 2.470847e-01 -1.112181e+00 -1.863492e+00 6.396354e-01 1.560112e-02 
-8.305416e+00 2.344927e+00 2.600626e+00 -4.983150e+00 2.126028e+00 5.080014e+00 -5.033334e+00 -4.930171e+00 3.546721e+00 -1.548121e+00 -3.826723e+00 2.242595e+00 -1.140612e-01 -1.762911e+00 1.283982e+00 2.739774e+00 -1.107182e+00 1.389222e-01 2.385835e+00 8.556846e-01 -1.078858e+00 2.451216e-01 5.822059e-01 -1.727934e-02 1.127631e+00 7.651484e-03 
-1.121515e+01 2.596799e+00 3.725965e+00 -6.000402e+00 4.350899e+00 1.184091e+01 -1.880792e+00 -7.931502e-01 3.564749e+00 -4.479880e+00 -7.777595e+00 2.204102e+00 -6.910992e-02 -2.889586e-01 2.377345e+00 2.308687e+00 3.055584e-01 -4.953650e-01 9.568404e-02 9.088236e-01 4.748347e-01 6.764051e-01 1.476694e+00 1.777993e+00 1.544012e-01 -3.723145e-03 
-9.380715e+00 5.969396e+00 -1.307544e+00 -3.883117e+00 2.959212e+00 6.082245e+00 4.109753e+00 1.573829e+00 2.370984e+00 -1.906993e+00 -2.298685e+00 4.759676e-01 -1.512927e-01 8.305974e-01 2.967144e+00 -6.348193e-01 1.246653e+00 1.988200e-01 -1.832384e+00 6.129611e-01 3.215151e-01 2.222131e-01 1.348877e+00 2.409974e+00 -1.432142e+00 -1.566457e-02 
-5.082480e+00 1.278281e+01 2.670239e+00 -4.359128e-01 2.841591e+00 2.795533e+00 8.508582e-01 1.941793e+00 5.220825e+00 2.985296e+00 3.316393e+00 -1.473715e+00 -1.512927e-01 7.160743e-01 2.001834e+00 -5.865447e-01 9.645074e-01 1.084919e-01 -1.746933e+00 -5.877559e-01 -1.131292e+00 -1.570485e+00 1.118401e+00 2.821064e+00 -3.549844e-01 -1.643655e-02 
-7.218764e+00 1.208765e+01 -4.560798e-02 -1.532128e+00 3.874782e+00 4.407785e-01 -3.334353e+00 -4.690067e+00 3.829749e+00 1.463674e+00 2.676154e+00 -3.079208e+00 -1.512927e-01 9.611263e-02 -1.412346e-01 -2.425975e-01 3.017297e-02 -1.951811e-01 -9.584049e-01 -7.662469e-01 -2.456915e+00 -2.902566e+00 -9.021057e-01 5.315141e-01 5.386068e-01 0.000000e+00 
-8.715755e+00 9.546844e+00 1.622732e-01 -2.353360e+00 4.435574e+00 5.926976e+00 -1.097518e+00 -3.317663e+00 -5.017062e+00 -5.732094e-01 3.840304e+00 2.206768e+00 -1.512927e-01 -1.929439e-01 -1.686664e+00 -6.862323e-01 1.122325e-01 -9.940170e-01 -9.539945e-01 4.568153e-01 -1.335392e+00 -3.869593e+00 -1.296928e+00 -8.545704e-01 -4.828763e-01 0.000000e+00 
-7.083515e+00 6.881204e+00 -1.266549e+00 -2.773529e+00 1.186315e+00 -2.755015e-01 1.252707e+00 -8.081019e+00 -7.022902e+00 -4.638268e+00 9.693003e-02 1.328760e+00 -1.512927e-01 1.795324e+00 -5.606976e-01 2.877441e-01 2.008944e+00 5.901861e-02 7.411221e-01 2.667169e+00 1.768313e+00 -1.457905e+00 3.031440e-02 -2.678283e-01 -8.397086e-01 1.266491e-02 
-6.114824e+00 6.952710e+00 -1.504527e-01 7.459500e-01 -7.842612e-01 -1.616300e+00 8.414049e-01 -3.039691e+00 -8.700814e+00 -4.483709e-01 3.331532e-01 -6.092081e+00 -1.512927e-01 4.202108e+00 -8.660897e-01 1.897717e+00 3.046584e+00 -1.583381e+00 -1.169426e+00 2.653133e+00 1.209768e+00 -1.564433e+00 -3.487225e-02 1.054601e+00 -1.646994e+00 1.077328e-01 
4.573889e-01 1.058122e+01 1.549475e+00 6.962935e+00 6.779792e+00 7.918027e+00 9.032031e+00 4.012514e+00 -1.617901e+00 1.552827e+00 3.090589e+00 -3.128327e+00 -8.796811e-02 4.827191e+00 -1.502138e+00 2.965910e+00 2.900057e+00 -2.200496e+00 -1.215241e+00 2.281472e+00 9.795483e-01 -2.204090e+00 -9.704461e-02 2.427053e+00 -6.646010e-01 1.674553e-01 
8.524335e+00 3.366386e+00 8.242845e+00 8.011328e+00 -6.278069e+00 -4.016919e+00 8.278484e+00 -3.315588e+00 -1.554173e+01 -3.843118e+00 7.616480e+00 -3.799661e+00 3.557093e-01 3.600635e+00 -1.505190e+00 2.608405e+00 1.651254e+00 -2.711718e+00 -2.141389e+00 1.946582e+00 -1.558417e+00 -2.440962e+00 -7.849365e-01 1.925143e+00 4.167023e-01 1.804940e-01 
9.732859e+00 1.163674e+00 9.366352e+00 8.094067e+00 -7.069262e+00 -5.151397e+00 8.941525e+00 -3.045329e+00 -1.462289e+01 -3.426118e+00 8.590532e+00 -3.140455e+00 4.324828e-01 1.333078e+00 -1.372367e+00 1.507800e+00 5.223693e-01 -3.128719e+00 -2.876507e+00 4.442351e-01 -2.518065e+00 -2.410594e+00 -4.683843e-01 4.311396e-01 -2.404783e-01 1.368396e-01 
7.250613e+00 4.135533e+00 8.983131e+00 8.436656e+00 -7.418325e+00 -5.788534e+00 1.061957e+01 -7.302855e+00 -1.440313e+01 -1.883582e+00 7.208898e+00 -4.002505e+00 4.909521e-01 -2.366551e-01 -6.034653e-02 3.156659e-01 2.455982e-01 -3.594787e-01 -6.259089e-01 5.050053e-01 -6.875737e-01 7.950191e-02 3.654986e-01 -7.994341e-01 -2.089427e-01 4.891064e-02 
7.759640e+00 3.334815e+00 8.718331e+00 9.362118e+00 -8.293673e+00 -5.578699e+00 1.008266e+01 -6.584177e+00 -1.424017e+01 -1.768863e+00 5.450078e+00 -4.229297e+00 5.286085e-01 -2.776470e-01 5.717223e-02 9.608565e-02 3.093089e-01 -2.203311e-01 -4.637596e-01 2.934356e-02 -5.268969e-02 2.251377e-02 -1.395348e-01 -8.354363e-01 -7.539518e-01 3.500699e-02 
8.327669e+00 1.979082e+00 1.014518e+01 8.605293e+00 -7.463257e+00 -6.932812e+00 1.023294e+01 -4.984033e+00 -1.533558e+01 -2.844253e+00 5.189537e+00 -4.299953e+00 5.521996e-01 -2.973516e-02 -2.290906e-01 -5.102235e-01 6.787263e-01 -1.077745e-01 -4.306023e-01 -8.754711e-01 8.879496e-01 1.300566e-01 -7.426047e-03 -9.206317e-01 -8.337123e-01 2.556349e-02 
7.806097e+00 2.527760e+00 9.265754e+00 9.556293e+00 -8.148451e+00 -6.898056e+00 9.281557e+00 -4.468188e+00 -1.404410e+01 -3.643456e+00 5.423030e+00 -6.761490e+00 5.768940e-01 -4.094492e-01 -1.520588e+00 -1.561686e+00 -1.602915e-01 -5.500110e-01 1.423288e+00 -4.259312e+00 -1.488909e-01 4.146109e+00 3.899553e-01 -2.660295e+00 4.014657e-02 4.413886e-02 
7.078709e+00 3.393608e+00 6.158303e+00 1.173320e+01 -8.029808e+00 -7.281867e+00 6.642769e+00 -3.921101e+00 -1.385088e+01 -9.834152e-01 2.619263e+00 -6.904970e+00 5.946268e-01 -8.074482e-01 -3.091768e+00 -2.703595e+00 -1.131753e+00 -1.556141e+00 2.063626e+00 -4.563787e+00 -1.055086e+00 7.057752e+00 1.123767e+00 -4.629408e+00 2.092170e+00 8.871192e-02 
6.336874e+00 -4.975387e+00 2.903342e+00 6.996707e+00 -1.076045e+01 1.712269e+00 -9.418811e+00 -7.860097e+00 5.748025e+00 -7.495056e-01 -6.566259e+00 -2.726055e+00 7.280892e-01 -1.146485e+00 -3.922375e+00 -2.897372e+00 -2.558144e+00 -1.199703e+00 1.788486e+00 -2.613593e+00 -7.764028e-01 7.068179e+00 1.179584e+00 -5.501562e+00 3.742329e+00 1.102031e-01 
5.025039e+00 -9.728185e+00 -1.915854e-01 4.226320e+00 -1.393796e+01 -9.198465e-01 -3.235808e+00 -8.563511e+00 1.005712e+01 1.327608e+00 -1.196286e+01 4.143178e+00 9.201616e-01 -1.160118e+00 -3.521564e+00 -2.317354e+00 -3.563740e+00 1.998747e-01 1.008266e+00 3.711373e-01 -1.971598e-01 5.257161e+00 -3.069822e-02 -3.686187e+00 2.821908e+00 1.026810e-01 
3.100508e+00 -1.052322e+01 -2.046165e+00 5.190108e-01 -1.119289e+01 -1.136637e+00 1.152880e+00 -6.028997e+00 9.342800e+00 1.098951e+00 -1.479372e+01 6.426081e+00 9.651421e-01 -8.799507e-01 -1.717405e+00 -1.531809e+00 -3.502765e+00 2.229069e+00 -3.922736e-01 3.173148e+00 2.982888e-01 8.955201e-01 -7.821919e-01 -7.252574e-01 5.255837e-01 5.889227e-02 
2.896301e+00 -1.144030e+01 -2.953712e+00 -2.846653e+00 -6.814216e+00 -8.160844e-01 3.212610e+00 -5.822450e+00 1.063753e+01 -2.061134e+00 -1.169794e+01 2.628500e+00 9.895052e-01 -2.644916e-01 -9.349028e-01 -9.677793e-01 -3.057577e+00 3.432620e+00 4.395284e-01 1.483368e+00 -2.129627e-01 -3.307678e-01 -7.800496e-01 7.682040e-01 -1.420904e+00 1.793023e-02 
3.001489e+00 -1.270636e+01 -3.374641e+00 -6.980632e+00 -3.176981e+00 -3.009799e-01 3.222721e+00 -7.739183e+00 9.935420e+00 -2.966094e+00 -1.032500e+01 6.592026e-01 9.878788e-01 3.456782e-01 -9.027834e-01 -7.320505e-01 -2.021426e+00 2.960763e+00 8.025087e-01 -2.799747e-02 -9.157199e-01 -6.861845e-01 4.166224e-02 9.438200e-01 -1.647147e+00 7.865506e-03 
3.752090e+00 -1.331113e+01 -4.366244e+00 -7.311743e+00 -7.828197e-01 8.599665e-01 3.146113e+00 -8.773232e+00 8.106972e+00 -5.401176e-01 -1.035620e+01 -7.790411e-02 9.984444e-01 3.614412e-01 -6.578264e-01 -6.450582e-01 -1.131091e+00 2.097315e+00 7.591807e-01 -6.611649e-01 -8.003420e-01 -1.614131e+00 1.448851e+00 -1.057775e-01 -5.911011e-01 1.733971e-03 
4.401004e+00 -1.410172e+01 -5.000151e+00 -7.355576e+00 5.952287e-01 2.037880e+00 1.046141e+00 -9.132206e+00 7.177158e+00 5.467534e-01 -1.074549e+01 -4.564503e-01 1.000000e+00 3.074797e-01 -2.830406e-01 -4.352132e-01 -2.705800e-01 1.332656e+00 7.703889e-01 -5.431075e-01 -5.838655e-01 -1.619865e+00 2.215530e+00 -7.689997e-01 2.509494e-01 -1.627713e-03 
4.003749e+00 -1.403175e+01 -5.366248e+00 -8.314635e+00 1.786253e+00 1.810389e+00 9.950757e-01 -9.127648e+00 3.946009e+00 3.426695e+00 -1.201659e+01 2.308209e-01 9.921144e-01 2.943995e-01 -1.368544e-01 -1.646033e-01 -1.497747e-01 8.500021e-01 6.011654e-01 -3.462739e-01 -7.395647e-01 -1.051007e+00 1.771289e+00 -7.543266e-01 6.099742e-01 -6.911427e-03 
4.413058e+00 -1.376125e+01 -5.050705e+00 -7.832086e+00 2.201762e+00 3.075753e+00 1.582702e+00 -1.048130e+01 3.916576e+00 6.128153e+00 -1.333981e+01 1.759587e+00 9.829052e-01 4.075853e-01 8.633327e-02 -1.136212e-01 6.616664e-03 8.099220e-01 2.535809e-01 -6.400237e-02 -6.568152e-01 -6.879503e-01 1.421608e+00 -3.303099e-01 6.197299e-01 -9.640026e-03 
5.218061e+00 -1.416563e+01 -5.163983e+00 -7.822361e+00 2.663924e+00 3.346857e+00 1.146463e+00 -1.179651e+01 4.482227e+00 5.525625e+00 -1.283067e+01 1.863948e+00 9.724346e-01 5.910659e-01 -6.834030e-03 2.394589e-01 -6.027491e-02 8.841702e-01 1.963711e-01 -2.594218e-01 -2.494958e-01 -2.079051e-01 4.192908e-01 5.910321e-01 1.100358e-01 -1.094078e-02 
5.831775e+00 -1.360311e+01 -5.669390e+00 -7.568630e+00 4.206003e+00 2.537551e+00 6.504354e-01 -1.108185e+01 3.469297e+00 6.605327e+00 -1.199000e+01 1.825636e+00 9.616398e-01 6.535878e-01 -3.886642e-02 1.880196e-01 8.196099e-02 6.865988e-01 1.121389e-01 -5.200289e-01 6.454727e-01 -4.891763e-01 -2.250177e-01 1.015149e+00 -4.036599e-01 -1.392634e-02 
6.249721e+00 -1.414499e+01 -3.859612e+00 -8.747738e+00 5.204983e+00 3.061346e+00 1.641002e-01 -1.007485e+01 3.130123e+00 5.284562e+00 -9.736330e+00 7.479758e-01 9.480432e-01 4.325632e-01 1.287640e-01 1.238740e-01 6.822124e-01 -1.827739e-01 4.570518e-01 -5.207411e-01 1.245727e+00 -1.979443e-01 -6.350746e-01 7.205275e-01 -3.240783e-01 -1.542755e-02 
7.165167e+00 -1.396591e+01 -4.762793e+00 -6.959593e+00 4.364226e+00 3.779203e+00 -5.262609e-01 -8.114766e+00 2.146747e+00 5.123596e+00 -9.811232e+00 2.992737e-01 9.254692e-01 2.481794e-01 6.060829e-02 -6.632590e-03 1.349047e+00 -9.947975e-01 4.225422e-01 -3.283074e-01 1.482658e+00 3.071555e-01 -8.534662e-01 9.250136e-02 -3.262449e-01 -1.313117e-02 
6.714181e+00 -1.334042e+01 -4.997912e+00 -4.715818e+00 1.670943e+00 5.011290e+00 -8.688946e-01 -7.051416e+00 4.153780e+00 3.091118e+00 -1.031742e+01 1.006738e+00 9.133822e-01 -5.631583e-02 8.970280e-02 1.110593e-01 1.833049e+00 -1.480103e+00 -9.137456e-02 -1.773097e-01 1.545840e+00 1.025807e+00 -9.939139e-01 -2.698919e-01 -2.886029e-01 -9.672421e-03 
6.840442e+00 -1.370235e+01 -5.133402e+00 -2.839355e+00 9.990358e-01 3.675290e+00 -4.746041e-01 -5.180279e+00 4.493246e+00 3.434718e+00 -1.123695e+01 6.503010e-02 9.133145e-01 -2.224148e-01 4.504738e-02 1.003071e+00 1.709684e+00 -2.130444e+00 -4.306588e-01 2.923962e-01 7.962406e-01 2.220059e+00 -2.309762e+00 9.111870e-01 -3.460778e-01 -1.169068e-02 
6.130505e+00 -1.382825e+01 -3.119010e+00 -1.642614e+00 -5.129380e-01 2.656430e+00 -7.482767e-01 -3.812894e+00 7.085909e+00 1.159431e+00 -1.037293e+01 -5.779170e-01 9.057585e-01 -2.068813e-01 2.026888e-01 2.002293e+00 1.309185e+00 -2.457533e+00 -9.238102e-01 3.956001e-01 8.870034e-01 1.557564e+00 -2.587975e+00 2.070352e+00 -6.998645e-01 -1.749022e-02 
6.344932e+00 -1.349675e+01 -6.868880e-01 5.222344e-02 -5.196052e+00 2.803340e+00 8.754115e-01 -5.752824e+00 1.178098e+01 -5.459371e+00 -5.227540e+00 -6.387881e-01 8.708277e-01 -2.607909e-01 6.334421e-01 2.927853e+00 7.636876e-01 -2.486335e+00 -1.387329e+00 7.646246e-01 1.220477e+00 -2.404074e-01 -2.256772e+00 2.749764e+00 -2.327072e-01 -2.363794e-02 
5.927530e+00 -1.242977e+01 2.790296e+00 3.843195e-01 -7.519178e+00 8.282142e-01 4.340982e-01 -2.330127e+00 8.297733e+00 -5.401713e+00 -2.970363e+00 -2.140676e+00 8.471745e-01 -2.515103e-01 1.450307e+00 2.695269e+00 9.804560e-01 -2.940611e+00 -1.053101e+00 1.069329e-01 2.613759e+00 -3.488372e+00 -1.944088e-01 2.120614e+00 6.465421e-01 -2.839533e-02 
5.637975e+00 -1.123438e+01 6.551208e+00 -3.438401e-02 -7.929517e+00 -2.347248e+00 2.757331e+00 1.807201e-01 2.685297e+00 -4.568569e+00 -1.189412e+00 -3.171264e-01 8.244168e-01 -3.007218e-01 2.166681e+00 1.893793e+00 1.264664e+00 -2.960469e+00 -1.634385e-01 -1.205009e+00 4.176717e+00 -6.154594e+00 1.392270e+00 1.835085e+00 6.419263e-01 -3.042315e-02 
5.226431e+00 -7.707899e+00 6.738286e+00 3.302970e+00 -1.384926e+01 -3.378177e-02 -1.154572e+00 6.289128e+00 -5.808110e+00 -2.580140e-01 -1.788925e+00 2.493962e+00 7.869873e-01 -3.601441e-01 2.565791e+00 1.074560e+00 1.541864e+00 -3.416154e+00 1.704064e+00 -1.723084e+00 2.769006e+00 -4.956549e+00 3.698691e-01 2.661587e+00 1.047110e-01 -3.364334e-02 
5.191872e+00 -5.024286e+00 6.808079e+00 4.916220e+00 -1.683336e+01 2.417145e+00 -4.355296e+00 1.082113e+01 -1.193907e+01 -1.069870e+00 3.357165e+00 2.535243e-01 7.488055e-01 -7.396964e-01 2.902923e+00 4.292464e-01 1.224066e+00 -3.054394e+00 2.334790e+00 -1.118062e+00 3.797998e-01 -2.257750e+00 -1.048977e+00 2.316287e+00 3.262258e-01 -3.137249e-02 
4.349861e+00 -2.705866e+00 8.034660e+00 5.618336e+00 -2.014803e+01 6.966339e+00 -4.625007e+00 6.194697e+00 -9.172824e+00 -5.301717e+00 8.064282e+00 -1.902446e+00 7.167634e-01 -6.740962e-01 2.173900e+00 6.915025e-01 2.002180e-01 -1.431650e+00 1.372535e+00 3.555457e-01 -1.470712e+00 1.745758e-02 -2.119806e+00 1.624637e+00 6.043777e-01 -2.459853e-02 
2.377778e+00 7.792146e-01 8.049253e+00 4.928262e+00 -2.005211e+01 5.826639e+00 -1.097763e+00 2.126935e+00 -6.921094e+00 -7.291605e+00 5.465421e+00 3.512207e+00 7.026663e-01 -4.953524e-01 1.960053e+00 3.722458e-02 2.733485e-01 -4.476921e-01 8.360961e-01 3.122585e-01 -1.874966e+00 1.292645e+00 -2.449642e+00 8.376890e-01 1.365682e+00 -2.763314e-02 
3.262997e+00 2.598517e-01 9.575212e+00 4.298039e+00 -1.939813e+01 5.124147e+00 -1.005610e+00 3.282665e+00 -8.229811e+00 -7.746174e+00 5.280134e+00 3.886510e+00 6.870643e-01 3.816543e-01 1.592389e+00 -2.962839e-01 -5.058174e-02 1.420983e+00 4.629757e-01 -1.333815e+00 1.346838e-03 3.014458e-01 -1.612040e+00 -5.579489e-01 1.562909e+00 -4.509209e-02 
3.258541e+00 3.293122e+00 6.223927e+00 6.943110e+00 -1.944676e+01 7.518722e+00 -4.603702e+00 2.902314e+00 -5.947357e+00 -1.209585e+01 8.937685e+00 4.187454e+00 6.254894e-01 1.909054e+00 9.350270e-01 -2.912045e-03 -3.547745e-02 4.746951e+00 -9.910162e-01 -1.205203e+00 8.642828e-01 -2.717472e+00 -5.219476e-01 1.894379e+00 -2.164184e+00 -6.409858e-02 
5.817750e+00 3.999128e+00 7.465904e+00 4.358003e+00 -1.334578e+01 8.435176e+00 -9.541112e+00 5.813741e+00 -8.152464e+00 -1.095979e+01 3.538406e+00 5.574474e+00 5.298914e-01 2.343842e+00 7.017838e-01 2.848219e-01 -6.588934e-01 6.655595e+00 -2.324031e+00 -1.983537e-01 6.335551e-01 -4.049382e+00 4.518500e-01 2.550994e+00 -3.606233e+00 -6.233342e-02 
1.064567e+01 3.584712e+00 9.089346e+00 4.720893e+00 6.564751e-01 -7.839561e-01 -2.856027e+00 5.182810e+00 -2.054713e+01 -8.294534e+00 1.580818e+01 -8.152695e+00 4.607598e-01 1.893135e+00 1.150134e-01 8.617164e-01 -1.087048e+00 6.472986e+00 -3.314780e+00 1.588007e+00 -7.739959e-02 -4.043609e+00 1.282639e+00 2.103889e+00 -3.861478e+00 -4.171385e-02 
1.128864e+01 3.622976e+00 9.566611e+00 2.114681e+00 3.828221e+00 -2.344670e+00 -2.871216e+00 5.310193e+00 -2.117684e+01 -7.387584e+00 1.459986e+01 -7.974581e+00 4.577619e-01 7.712362e-01 -1.541813e-01 7.540835e-01 -4.922727e-01 4.004216e+00 -2.952202e+00 2.217192e+00 -5.775043e-01 -2.285422e+00 7.051447e-01 1.656675e+00 -2.940884e+00 -1.651872e-02 
9.988772e+00 4.056265e+00 9.482155e+00 2.629529e+00 4.331166e+00 -3.665257e+00 1.383781e-03 2.767091e+00 -1.965322e+01 -7.468762e+00 1.392641e+01 -8.345409e+00 4.529848e-01 -2.810904e-01 -4.944232e-01 7.866296e-01 -7.799401e-02 1.289983e+00 -1.262716e+00 9.224514e-01 -4.233900e-01 1.985409e-01 5.479727e-01 -1.677527e+00 -3.082724e-02 -5.396211e-03 
1.000238e+01 2.992445e+00 1.103992e+01 2.942321e+00 4.837954e+00 -4.885185e+00 1.161451e-01 4.134079e+00 -2.002653e+01 -7.846954e+00 1.276267e+01 -9.033587e+00 4.511853e-01 -5.317507e-01 -9.435215e-01 1.305443e+00 3.873137e-01 5.230233e-01 -8.676125e-01 1.121462e+00 -4.139309e-01 8.188459e-01 8.544542e-01 -2.559729e+00 -1.045909e-02 -8.229059e-03 
9.883348e+00 1.427861e+00 1.228584e+01 3.917103e+00 6.601525e+00 -5.827280e+00 2.625494e-01 3.653917e+00 -2.012958e+01 -5.324985e+00 8.339136e+00 -7.777328e+00 4.370671e-01 -8.446142e-01 -7.037016e-01 1.147778e+00 1.324094e-01 1.892064e-01 -4.462175e-02 -5.044164e-01 9.178534e-01 1.088888e+00 7.770531e-01 -2.727113e+00 -5.827415e-01 -1.090206e-02 
8.682598e+00 2.195699e-01 1.469198e+01 3.407462e+00 5.308158e+00 -5.601721e+00 2.605512e+00 2.797125e+00 -1.684443e+01 -4.187201e+00 4.594848e+00 -8.310917e+00 4.245755e-01 -1.069957e+00 6.072641e-01 -5.937405e-01 -9.331648e-01 -1.222265e+00 1.718640e+00 -1.608581e+00 1.632006e+00 2.634724e+00 8.536373e-01 -2.540256e+00 7.807119e-01 -1.455172e-02 
6.425592e+00 1.924194e+00 1.339501e+01 3.059005e+00 5.042096e+00 -3.530097e+00 -3.765382e+00 8.024835e+00 -1.579983e+01 -5.413373e+00 4.374753e+00 -1.162045e+01 4.117794e-01 -1.340999e+00 1.918819e+00 -2.015409e+00 -5.039512e-01 -1.198974e+00 1.676774e+00 -1.499371e+00 8.979028e-01 5.077726e+00 6.150957e-01 -2.365295e+00 2.832076e+00 -2.172648e-02 
6.381474e+00 5.780598e+00 7.516629e+00 -1.294455e+00 -4.936576e-01 2.559424e+00 -5.912793e+00 1.010865e+01 -9.017780e+00 -3.534574e+00 2.043582e+00 -3.208465e+00 3.910705e-01 -1.179970e+00 1.331976e+00 -3.301738e+00 -9.976010e-02 -2.800859e-01 1.031033e+00 1.117521e+00 1.363767e+00 4.959841e+00 1.566707e-01 -3.018068e+00 3.612536e+00 -3.238178e-02 
4.328914e+00 8.241442e+00 5.796472e+00 3.748305e+00 3.507561e+00 -1.523983e+00 -2.975153e+00 4.487669e+00 1.345732e+00 -2.575820e+00 -2.211708e+00 3.831826e+00 3.451872e-01 -1.177024e+00 -2.487696e-01 -2.595592e+00 -9.658830e-02 4.957585e-01 -2.690762e-01 4.333773e+00 1.786462e+00 3.910941e+00 -4.241600e-02 -3.434465e+00 3.094321e+00 -5.220032e-02 
3.831087e+00 3.720827e+00 1.982565e+00 2.564012e+00 4.674996e+00 -1.449615e+00 7.798002e+00 1.138454e+01 -6.180037e-01 -4.822624e+00 -7.202262e+00 2.025625e+00 2.959627e-01 -1.789170e+00 -2.220191e+00 -1.520317e+00 1.958013e-02 1.119548e+00 -1.152216e+00 3.508438e+00 1.015386e+00 2.368069e+00 -1.927778e-01 -3.062481e+00 7.711397e-01 -7.952230e-02 
1.815664e+00 1.710232e+00 3.184086e+00 6.468303e-01 4.936562e+00 -2.870959e+00 1.104809e+01 1.631919e+01 -4.450132e-01 -4.981428e+00 -8.174646e+00 1.234112e+00 1.983317e-01 -1.953166e+00 -3.362926e+00 -2.047957e+00 -1.012566e+00 2.387480e-02 -6.970775e-01 -4.979133e-04 -1.482694e-01 7.121662e-01 -5.496600e-01 -1.049988e+00 -2.352112e-01 -8.390802e-02 
-1.307749e+00 -2.054751e+00 1.221236e+00 3.541834e-01 4.389584e+00 -2.528166e+00 4.617776e+00 9.269815e+00 3.717937e+00 -3.295659e+00 -1.028735e+01 1.946090e+00 6.688678e-02 -1.724602e+00 -2.237954e+00 -2.682084e+00 -7.166964e-01 -6.644510e-01 -1.058755e+00 -2.319099e+00 -9.253780e-01 2.733676e+00 3.191395e-01 1.286588e+00 1.113462e+00 -7.792776e-02 
-2.867497e+00 -5.685399e+00 -4.062647e+00 -2.096095e-01 3.769641e+00 -4.470095e+00 -1.387530e+00 4.803686e+00 2.738593e+00 -6.087603e+00 -5.919103e+00 2.695537e+00 4.018503e-02 -9.391578e-01 -2.530630e-01 -2.410556e+00 1.948001e-01 -3.446613e-01 -4.221089e-01 -3.700587e+00 -1.776003e+00 2.334620e+00 1.171975e+00 2.483071e+00 9.232397e-01 -6.755088e-02 
-2.450341e+00 -3.771126e+00 -7.804488e+00 -5.912507e-01 1.936202e+00 -5.943824e+00 2.420316e+00 1.251541e+01 1.145858e+01 -2.673839e+00 -1.897096e+00 6.862224e+00 -1.460278e-02 -1.958430e-01 1.064227e+00 -1.723273e+00 3.072609e-01 2.424105e-01 5.396675e-01 -1.049475e+00 -3.606258e-02 1.202473e+00 1.262142e+00 2.446913e+00 -1.961549e-01 -5.515650e-02 
-2.308828e+00 1.303104e+00 -4.355833e+00 2.093548e+00 4.439946e+00 -3.273674e+00 -6.356119e+00 5.816385e+00 7.357765e+00 5.675372e-01 4.557848e-02 3.392243e+00 -9.867787e-02 2.280556e-01 1.803989e+00 -2.352049e-01 6.633922e-01 9.932545e-01 8.581713e-01 -1.871287e-01 -1.766059e-01 3.623828e-01 8.590225e-01 1.702468e+00 -9.432878e-01 -5.078169e-02 
-2.566298e+00 -2.278678e-01 -7.248536e+00 7.389090e-01 5.266484e+00 -4.280386e-01 1.854696e+00 8.583153e+00 7.420714e+00 -3.125194e-01 -1.035129e+00 6.169629e-01 -1.394643e-01 1.854102e-01 1.565666e+00 8.906992e-02 -2.095703e-01 1.429946e+00 1.248342e+00 6.988897e-02 -7.608920e-01 -7.333744e-01 6.259953e-01 7.053822e-01 -5.491083e-01 -3.259946e-02 
-1.669240e+00 1.562918e+00 -5.516647e+00 2.442271e+00 7.070773e+00 -2.937130e+00 -2.040363e+00 5.886784e+00 6.569438e+00 -2.973150e+00 2.162255e+00 1.101728e+00 -1.512927e-01 -7.990985e-02 6.900756e-01 -6.707199e-01 -1.038679e+00 8.531059e-01 3.783980e-01 8.458278e-01 5.914450e-02 9.704323e-01 4.516593e-01 4.920072e-01 3.615343e-01 -1.170580e-02 
-1.843084e+00 3.927298e+00 -6.778731e+00 -1.813464e+00 7.770517e+00 1.296117e-01 6.118832e-01 8.675749e+00 8.185868e+00 2.226481e+00 5.714769e-01 5.261940e+00 -1.512927e-01 -1.996276e-01 8.914701e-01 -9.466958e-02 -9.358058e-02 3.877982e-01 3.875484e-01 -1.450613e-01 -8.024740e-01 1.308185e+00 1.535809e+00 -1.852051e-01 5.184692e-01 -2.365685e-03 
-3.069984e+00 2.675899e+00 -7.944335e+00 -1.823660e+00 7.453460e+00 -1.660510e+00 -1.505574e+00 6.065810e+00 1.182735e+01 1.556334e+00 1.702312e+00 2.877426e+00 -1.512927e-01 -6.789681e-01 6.408314e-01 -1.623919e-01 -5.658007e-01 -1.139357e+00 2.654144e-01 1.295758e-01 -3.078293e-01 2.119706e+00 3.310107e+00 5.386160e-01 -1.049615e+00 0.000000e+00 
-2.864064e+00 3.672992e+00 -6.508040e+00 2.403972e+00 7.014131e+00 8.713932e-01 8.619945e-01 4.481270e+00 1.133269e+01 5.101782e+00 -1.731183e+00 2.321460e+00 -1.512927e-01 -5.587387e-01 1.246493e+00 1.132949e+00 1.351988e+00 -1.738773e-01 -2.277177e-01 -4.682133e-01 -1.571697e+00 7.474278e-01 2.032280e+00 1.214270e+00 -6.524109e-01 0.000000e+00 
-4.553591e+00 4.894228e+00 -6.463952e+00 -2.495450e+00 1.752182e+00 -1.980949e+00 -1.517540e+00 6.444877e+00 1.559456e+01 1.213974e+01 6.006665e+00 -2.676107e+00 -1.512927e-01 -3.745472e-01 1.109499e+00 1.017040e+00 1.227225e+00 1.465730e-01 -4.575023e-01 -6.587452e-01 -1.439867e+00 -1.878103e+00 3.791768e-01 6.127693e-01 9.490647e-02 0.000000e+00 
-3.894975e+00 9.050598e+00 -1.854176e+00 5.282372e+00 9.751770e+00 -8.487573e-01 -1.723200e+00 6.277296e-01 1.003940e+01 7.096179e+00 4.490650e+00 4.776652e+00 -1.512927e-01 -4.513475e-01 1.499024e+00 1.280584e+00 3.604261e-01 7.700505e-01 8.872677e-01 -5.942955e-02 -1.217607e+00 -3.216609e+00 -1.080403e+00 4.748159e-01 2.022883e-01 0.000000e+00 
-4.427265e+00 5.534590e+00 -5.186065e+00 2.873262e+00 6.817505e+00 -3.087946e+00 -3.506702e+00 7.932425e-01 3.083479e+00 2.455019e+00 1.655242e+00 2.124362e+00 -1.512927e-01 7.569866e-02 1.831212e+00 1.860556e+00 2.375005e-01 7.573625e-01 1.668432e+00 7.497559e-01 -4.089364e-01 -2.023324e+00 -5.320418e-01 -9.845685e-01 3.866490e-01 0.000000e+00 
-5.183965e+00 1.084793e+01 -7.440663e-01 1.521746e+00 8.331722e+00 5.861230e+00 1.559428e+00 1.219055e+00 1.505185e+00 4.542128e+00 2.818608e+00 9.326670e-01 -1.512927e-01 -1.273663e-01 1.247847e+00 1.075726e+00 -8.010386e-01 -1.861903e-01 1.660488e+00 4.740883e-01 3.944045e-01 -2.070578e-01 8.353702e-01 7.013510e-01 -4.138742e-01 0.000000e+00 
-3.530602e+00 1.315162e+01 2.283774e+00 5.723655e-01 6.249018e+00 3.006219e+00 5.899253e-01 4.104532e+00 9.745051e+00 1.075655e+01 1.919843e+00 1.179130e+00 -1.512927e-01 -2.136564e-01 1.314419e+00 1.477749e+00 -5.093865e-01 -9.775138e-03 1.306263e+00 1.343251e+00 9.603540e-01 -1.079659e-01 -3.636517e-02 6.866498e-02 -3.200445e-01 0.000000e+00 
-4.980138e+00 1.148132e+01 -2.104656e-01 2.427628e+00 9.105062e+00 4.406599e+00 -1.401073e+00 9.441069e-01 5.673326e+00 7.122263e+00 7.865104e+00 3.179897e+00 -1.512927e-01 -7.352239e-01 -2.356218e-01 4.369744e-01 -2.761092e-01 -2.455515e-01 -5.832757e-01 3.286556e-01 -5.748478e-01 -4.322707e-01 -6.273449e-01 1.183801e-01 5.406516e-01 0.000000e+00 
-5.597461e+00 1.178999e+01 1.935881e+00 -1.266112e-01 6.381959e+00 4.170685e+00 4.689804e+00 5.732486e+00 4.595792e-01 9.831256e-01 -5.246816e-01 -5.994753e-01 -1.512927e-01 -1.608340e+00 -1.658169e+00 -1.040334e+00 -5.290185e-01 -3.632375e-01 -4.870756e-01 1.194150e+00 -5.234917e-01 -9.741771e-01 -2.168889e-02 1.498956e-01 -1.374465e+00 0.000000e+00 
-7.826655e+00 1.035064e+01 1.614753e+00 4.906890e-01 7.037493e+00 2.362618e+00 1.152767e+00 -2.469161e+00 3.986567e+00 6.292118e+00 4.632771e+00 4.525228e+00 -1.512927e-01 -8.951635e-01 -1.003747e+00 -1.325065e+00 -1.142977e+00 -1.136509e+00 -6.483741e-01 -2.739403e-02 1.719596e-02 -6.978871e-01 6.408589e-01 4.399697e-01 -6.660302e-01 0.000000e+00 
-1.014904e+01 5.426121e+00 -3.830507e+00 -1.104258e+00 5.466614e+00 1.592831e+00 5.283755e+00 3.193708e+00 5.717545e+00 1.106318e+01 4.285488e+00 -6.365859e+00 -1.512927e-01 -6.812449e-01 -1.132649e+00 -1.476192e+00 -1.116260e+00 -1.358465e+00 -3.543860e-01 -1.052728e+00 -9.129783e-01 8.652152e-01 1.535469e-01 1.270939e+00 7.301215e-01 0.000000e+00 
-7.180163e+00 9.644516e+00 -3.952599e+00 -2.798436e+00 3.880187e+00 2.453655e+00 -1.835018e+00 2.299476e+00 -4.450926e-01 5.286530e+00 7.659868e+00 2.732938e+00 -1.512927e-01 2.540999e-02 -3.737995e-01 -2.824594e-01 -2.961531e-01 -7.099804e-01 -2.175891e-01 -1.056846e+00 -1.123126e+00 -7.429853e-01 -1.351495e+00 4.804437e-01 1.699583e-01 0.000000e+00 
-9.326931e+00 6.479809e+00 -2.661403e+00 -4.063348e+00 1.168288e+00 2.353236e+00 9.200561e-01 -1.216724e+00 7.001485e+00 2.253654e+00 4.316464e+00 3.947277e+00 -1.512927e-01 -2.400942e-02 3.756499e-01 8.388363e-01 2.043994e-01 -9.203351e-02 1.732110e-01 2.112672e-01 -1.497014e+00 -7.120972e-01 -1.659766e+00 -1.391993e-01 1.094082e+00 0.000000e+00 
-8.110662e+00 7.954794e+00 -3.820962e-01 4.894688e-01 5.636755e+00 8.944702e-01 -1.949613e+00 -5.879573e+00 -3.703295e-01 3.939406e+00 7.019502e+00 2.184513e-01 -1.512927e-01 -4.007605e-01 6.690729e-02 8.705509e-01 4.486299e-01 4.697183e-01 6.327917e-02 1.126935e+00 -9.157956e-01 -6.146634e-01 2.604082e-01 -5.320657e-01 -1.562628e+00 0.000000e+00 
-9.803843e+00 8.149232e+00 -1.421577e+00 -1.726213e+00 4.128163e+00 3.238478e+00 6.397388e+00 -2.018367e-01 2.119678e+00 3.437915e+00 3.909675e+00 3.617940e-01 -1.512927e-01 9.840918e-02 7.607927e-01 5.078276e-01 8.478795e-01 1.435505e+00 6.495399e-01 5.782228e-01 6.080036e-01 -9.525779e-01 1.177815e+00 -2.783384e-02 -7.332424e-01 0.000000e+00 
-8.945510e+00 9.144341e+00 -2.197573e-01 -1.723854e+00 4.748841e+00 2.327430e+00 1.060992e+00 -2.786946e+00 -1.077506e+00 5.996439e+00 5.202935e+00 -3.287460e+00 -1.512927e-01 2.171118e-01 3.794707e-01 -5.781825e-01 -1.831907e-01 3.979860e-01 7.981635e-01 -3.156907e-01 1.439783e+00 2.937382e-01 -7.905398e-02 -2.475700e-01 6.632665e-01 0.000000e+00 
-8.417461e+00 9.688999e+00 -2.034350e-01 1.282711e+00 8.789771e+00 4.884456e+00 2.305868e+00 2.769809e-01 2.592184e+00 7.114214e+00 5.085579e+00 2.034021e+00 -1.512927e-01 4.284846e-01 8.842192e-02 -5.971898e-01 1.510225e-01 -2.865288e-01 3.276263e-01 -8.558313e-01 2.687514e-01 2.640785e-01 5.478159e-01 5.995844e-02 8.831502e-01 0.000000e+00 
-7.718294e+00 9.082264e+00 -3.882080e+00 -1.930947e+00 5.295881e+00 4.062299e+00 -1.482306e+00 1.079932e+00 8.621083e-01 1.705987e+00 5.193699e+00 2.698670e+00 -1.512927e-01 -1.023885e-01 -2.977231e-01 -5.287367e-01 -7.616498e-01 -1.042059e+00 -2.076853e-01 4.864546e-01 3.836624e-01 7.870650e-01 2.783408e-02 -1.502638e-02 1.526740e+00 0.000000e+00 
-8.275027e+00 8.622379e+00 -2.576365e+00 -8.675539e-01 2.421999e+00 4.009175e+00 3.389881e+00 -7.915186e-01 2.470263e+00 8.322221e+00 4.214085e+00 1.784480e+00 -1.512927e-01 -2.156702e-01 -1.772714e-01 -7.227122e-01 -1.165148e+00 -2.558095e+00 -1.400763e+00 -2.334409e-01 6.255051e-01 -2.591254e-01 -2.656311e-01 4.043541e-02 9.514490e-01 0.000000e+00 
-9.528669e+00 8.189034e+00 -1.676976e+00 -4.456971e+00 2.722430e+00 1.726644e+00 2.951258e+00 -3.343840e-01 2.918780e+00 5.531607e+00 5.563550e+00 4.471009e+00 -1.512927e-01 -2.060259e-01 9.608626e-02 -4.418121e-01 -5.110608e-01 -2.115571e+00 -1.498837e+00 -3.659626e-01 1.096665e+00 -3.389816e-01 -1.144476e-02 7.070081e-02 1.053347e+00 0.000000e+00 
-8.590625e+00 9.249257e+00 -4.919548e+00 -3.280019e+00 -2.713982e+00 -9.515305e-01 -1.078119e+00 4.111664e+00 2.682213e-01 3.873249e+00 5.102830e+00 5.905097e+00 -1.512927e-01 3.068495e-02 2.313977e-01 -7.928939e-01 -3.647977e-01 -1.570838e+00 -1.259959e+00 -1.296538e+00 1.425241e+00 -7.054642e-01 -1.055630e+00 1.316772e-01 9.675322e-01 0.000000e+00 
