-8.239012e+00 4.318591e+00 2.319857e-01 -5.187158e+00 2.661450e+00 2.889899e+00 2.026595e+00 4.897518e-01 -6.902069e-02 1.429029e+00 1.188633e+00 -2.173881e+00 1.986570e-01 -7.217769e-02 -4.426171e-02 -3.241565e-01 -1.709228e-02 7.785811e-01 -2.790942e-02 2.694547e-01 -2.715306e-02 1.180051e+00 8.076288e-01 1.744859e+00 3.781415e-01 -2.428943e-03 
-8.850864e+00 3.509947e+00 -9.063297e-01 -7.524735e+00 3.031058e+00 3.066093e+00 4.352575e+00 2.054688e+00 3.152762e+00 1.601591e+00 4.269645e+00 -3.077626e-02 1.805452e-01 3.058035e-01 4.246972e-02 -4.396948e-01 3.247228e-01 9.857214e-01 -1.530270e-01 3.105386e-01 -1.343030e-01 7.397288e-01 7.766186e-01 7.301062e-01 6.266953e-01 -5.633133e-03 
-8.293974e+00 4.501604e+00 -8.196390e-01 -4.103831e+00 6.369552e+00 2.662255e+00 2.210878e+00 -4.284817e-01 4.220343e+00 5.380892e+00 8.372425e+00 -1.354726e+00 1.955683e-01 2.592053e-01 6.257226e-02 1.352743e-01 1.466235e+00 1.712195e+00 4.111032e-01 5.072613e-02 -5.775763e-01 -6.320562e-02 1.078851e+00 6.245263e-01 8.032615e-01 -2.800214e-03 
-6.682513e+00 4.439433e+00 -1.440676e+00 -4.105207e+00 5.736007e+00 2.238586e+00 3.487146e+00 2.773534e-01 1.484942e+00 3.336191e+00 1.247268e+00 5.500178e-01 1.720358e-01 7.489203e-01 3.249601e-01 -1.258937e-01 9.376518e-01 4.789604e-01 7.810912e-02 -4.868950e-01 3.918733e-01 -3.760943e-01 9.755524e-01 -5.510644e-01 -2.930412e-02 5.548394e-03 
-8.027161e+00 4.166709e+00 1.175530e+00 4.342523e-01 9.869953e+00 5.359168e+00 2.712940e+00 -1.509462e+00 4.488615e-01 5.955985e+00 5.822453e+00 1.552029e+00 1.889107e-01 1.377650e-01 1.063857e-02 3.974936e-02 1.879935e-01 -5.011414e-01 -8.227569e-01 -4.085398e-03 1.103549e+00 5.900212e-01 7.676792e-02 -1.769992e+00 2.134203e-01 3.116804e-03 
-5.239670e+00 5.302196e+00 -2.533383e+00 -5.105517e+00 3.675660e+00 2.108182e+00 1.667069e+00 4.554545e+00 3.158031e+00 6.191807e+00 2.789309e+00 -1.630674e+00 2.116159e-01 -3.316265e-01 -8.629759e-02 -3.578361e-01 -8.837456e-01 -7.876676e-01 -7.050123e-01 -4.545998e-01 -6.928073e-01 8.094568e-01 -1.960393e-01 -1.631311e+00 -7.697880e-01 5.577839e-03 
-8.326571e+00 4.123416e+00 -7.453901e-02 -2.663708e+00 4.894019e+00 -1.386328e+00 3.100489e+00 2.950669e+00 6.333904e+00 4.336924e+00 -1.248555e+00 8.027220e-01 1.913622e-01 -2.088711e-01 -2.383823e-01 -5.914909e-01 -1.157330e+00 -1.041760e+00 -1.048686e+00 4.112996e-01 -3.845512e-01 4.372937e-01 -9.562335e-02 -1.969614e+00 -1.295748e+00 5.105793e-04 
-8.190941e+00 4.029592e+00 -2.604822e+00 -6.974955e+00 4.285635e+00 2.086273e+00 1.020372e+00 -5.416749e+00 2.589705e+00 3.165524e+00 -3.373781e+00 -2.924268e+00 1.986992e-01 -3.502384e-01 -2.001770e-01 3.226628e-02 -2.527358e-01 -1.913041e-01 4.160531e-01 5.353727e-01 -2.298349e+00 -6.339030e-01 -9.691597e-01 -1.830536e-01 4.929560e-01 1.958108e-03 
-7.595881e+00 3.611099e+00 -1.746205e+00 -4.417680e+00 4.356165e+00 1.266940e-01 5.092786e+00 1.553429e+00 2.919493e+00 6.991009e+00 -9.440700e-01 -4.279911e+00 1.979219e-01 2.604914e-01 4.465926e-01 -4.074803e-01 -4.948723e-01 1.582866e-01 8.780718e-01 5.435311e-01 -1.136044e+00 -1.476431e+00 -4.288666e-01 2.198434e+00 6.300362e-01 4.714525e-03 
-7.356207e+00 4.557468e+00 -1.536218e+00 -5.492210e+00 2.988066e+00 3.431937e+00 3.347785e+00 -6.238580e+00 1.695721e+00 1.896597e-02 1.721798e+00 3.375422e+00 2.181266e-01 2.698036e-01 3.086109e-01 -1.192354e-01 7.710683e-01 9.315654e-01 3.415365e-01 8.661453e-01 1.192439e+00 -3.714874e-02 -8.177586e-01 2.256487e+00 8.881522e-01 -1.281917e-03 
-7.441481e+00 6.092440e+00 -2.646243e+00 -5.879442e+00 6.334237e+00 2.331199e+00 4.654438e+00 -2.318635e+00 -6.012594e-01 3.765870e+00 7.195827e+00 8.030581e-01 2.052211e-01 3.282242e-02 -7.663178e-02 -2.651288e-01 7.556006e-01 7.243743e-01 -1.808652e-02 -4.529801e-01 1.135698e+00 2.428009e-01 -1.140307e+00 1.077535e+00 6.898167e-01 -4.534394e-03 
-6.919123e+00 4.331976e+00 -2.750980e+00 -2.388732e+00 7.954426e+00 2.691702e+00 5.570272e+00 2.481476e+00 4.164337e+00 6.893010e-01 3.838705e+00 -1.024992e+00 1.886400e-01 4.202862e-02 -6.550501e-01 -3.596264e-01 7.261945e-01 1.105551e+00 -6.894322e-02 4.661005e-02 2.294752e+00 3.461207e-01 -2.906414e-01 -9.423521e-01 1.039762e-01 -9.470659e-03 
-7.650311e+00 3.340687e+00 -2.464468e+00 -2.191417e+00 5.494856e+00 4.063785e-01 1.716642e+00 2.871888e+00 2.899190e+00 9.543077e-01 3.385154e+00 1.369380e+00 1.899933e-01 -3.391642e-01 -6.194386e-01 5.394677e-01 -2.733216e-02 -4.931783e-02 3.302776e-01 3.921895e-01 -6.756122e-02 -4.402811e-01 -4.845332e-02 -1.910526e+00 1.234463e+00 -5.882865e-03 
-7.041649e+00 2.658095e+00 -3.425237e+00 -3.705251e+00 8.935513e+00 4.049631e+00 5.049733e+00 2.639916e+00 1.676100e+00 -2.845992e-02 -1.084625e+00 3.612142e+00 1.783872e-01 -2.678848e-01 -4.167757e-02 -1.941873e-01 -9.681706e-01 -5.171337e-01 -4.222678e-01 6.545091e-01 -1.865144e+00 -1.309515e+00 -4.855921e-02 -2.922231e-01 1.506792e+00 3.223413e-03 
-9.076038e+00 3.832187e+00 3.882248e-01 -5.357843e+00 5.597105e+00 3.303623e+00 6.875656e+00 -2.735661e+00 -1.558546e+00 3.882484e+00 1.048629e-01 4.656804e+00 1.809332e-01 2.207878e-01 1.382869e-01 9.357794e-02 -3.414735e-01 -4.299703e-01 -4.283315e-01 4.578123e-02 -1.666675e+00 -1.476817e-01 8.129653e-01 4.801475e-01 2.717856e-01 8.398974e-03 
-7.545683e+00 3.877838e+00 -5.148263e+00 -5.646371e+00 5.317634e+00 -8.682588e-01 6.263311e+00 -4.040469e+00 -1.543715e-01 -1.017583e+00 4.017735e+00 4.865255e+00 2.092871e-01 1.869296e-01 -9.719886e-02 -1.038526e-01 -1.892935e-01 -7.639273e-01 -8.178161e-01 -8.273764e-01 -7.577587e-01 2.619984e-01 1.491729e+00 1.615691e+00 -7.662955e-01 2.830321e-03 
-6.294354e+00 3.422250e+00 -1.135065e+00 -2.928224e+00 5.153945e+00 7.236657e-01 1.338759e+00 -2.121292e+00 3.076017e+00 5.513696e+00 3.234711e+00 2.101751e+00 2.165382e-01 1.670361e-01 -2.359685e-01 -3.118665e-01 1.922635e-02 -6.085836e-01 3.941057e-01 -3.909749e-01 8.547475e-01 7.141352e-01 1.595377e+00 -4.550218e-01 -7.053145e-01 1.413486e-02 
-7.497843e+00 2.377069e+00 -3.182855e+00 -5.866529e+00 5.337456e+00 1.250529e+00 3.681299e+00 -1.456061e+00 6.688102e-01 6.614579e+00 5.428906e+00 1.058191e+00 1.747363e-01 -5.865413e-01 2.500755e-01 3.492458e-01 4.337587e-02 -1.128628e+00 8.916578e-01 -1.071688e-01 1.175370e+00 -2.520839e-01 8.014581e-01 -1.555236e+00 -6.386957e-01 2.772431e-02 
-8.264778e+00 3.402729e+00 -2.153811e+00 -5.151633e+00 2.544275e+00 4.214757e+00 6.211787e+00 2.458731e-01 1.600539e+00 8.043286e+00 -2.875831e+00 3.033764e+00 2.688829e-01 -1.474388e+00 1.364576e+00 -7.284283e-01 4.413226e-01 -1.915048e+00 2.608978e-01 -9.370560e-02 7.868804e-01 -4.607735e-01 -1.193996e+00 -1.241381e+00 -9.859736e-02 6.553882e-02 
-9.493177e+00 5.137976e+00 -2.892661e+00 -4.317787e+00 9.793262e-01 1.844485e+00 3.290953e+00 6.528010e-01 -6.770519e-01 1.724912e+00 -7.031750e-01 1.205770e+00 3.217363e-01 -2.608642e+00 2.186128e+00 -9.225650e-02 1.732583e+00 -2.700579e+00 -4.210548e-01 -7.222744e-01 4.547427e-01 1.890990e-01 -9.715860e-01 -8.733319e-01 -4.600074e-01 1.324967e-01 
-1.266862e+01 8.864676e+00 -4.922304e+00 -1.495981e+00 -2.242229e+00 1.731177e+00 1.065404e+00 7.586786e-01 1.445081e+00 1.988551e+00 9.384440e-02 1.534974e+00 4.707323e-01 -9.165831e-01 1.115217e+00 -3.587731e-01 1.417113e+00 -1.034511e+00 -1.664635e-01 -1.088620e+00 3.786353e-01 3.791672e-01 5.073677e-01 1.168019e+00 -7.359923e-01 5.456846e-02 
-1.833913e+01 1.057674e+01 -2.259891e+00 9.685602e-01 -5.772188e+00 3.870455e-01 2.643119e+00 5.612490e-01 1.692034e+00 4.784017e+00 -4.225916e-01 -4.924512e-01 7.362953e-01 1.335525e+00 -1.938419e-01 -8.595490e-02 -2.978377e-01 1.016979e+00 -1.210943e-01 -3.087169e-01 5.384768e-01 1.227441e+00 1.183178e+00 1.011133e+00 -5.481442e-01 -3.186700e-02 
-8.424717e+00 6.259431e+00 -4.264061e+00 -7.092419e-01 7.474775e-01 4.111159e+00 1.092602e+00 2.184825e+00 2.311832e+00 9.050572e+00 2.823973e+00 2.029133e-01 3.344457e-01 3.519594e+00 -2.416124e+00 -2.674410e-01 -2.077921e+00 1.620784e+00 -7.523835e-01 -4.091004e-01 -4.048766e-01 -1.111004e-01 -1.187624e+00 7.800406e-01 5.488096e-01 -7.839319e-02 
-4.937507e+00 5.471388e+00 -3.651557e+00 -6.200346e+00 4.569370e+00 4.902196e-02 1.733770e+00 2.632111e+00 5.026778e+00 4.109790e+00 2.987427e+00 -8.689203e-01 2.305446e-01 3.374688e+00 -3.247600e+00 -8.018753e-01 -1.359508e+00 2.575706e+00 -5.191344e-01 6.135703e-01 -6.582993e-01 -1.150925e-02 -2.174822e+00 -4.939978e-02 9.976532e-01 -4.769929e-02 
-1.771468e+00 -6.632695e-01 -5.563677e+00 -8.301134e+00 6.909108e-01 -1.861729e+00 -5.254230e-01 -2.301136e+00 -7.777930e-01 -3.612456e+00 2.289038e+00 4.467257e+00 3.316417e-01 -6.835842e-03 -3.190212e+00 -1.636694e+00 -3.332887e-01 7.979000e-01 -3.841103e-01 5.847889e-01 -1.064824e+00 -5.707628e-01 -1.453338e+00 -1.468530e-01 3.559045e-01 7.189747e-02 
-4.792315e+00 -2.199911e+00 -5.619460e+00 -2.033033e+00 7.134624e+00 7.778178e-01 6.519983e+00 -4.872666e-01 3.179300e+00 2.414213e-01 -4.021232e-01 2.363643e+00 4.992009e-01 -1.326946e+00 -2.726043e+00 -2.596569e+00 1.006250e+00 -5.926523e-02 1.228846e-01 1.552415e-01 -8.468763e-01 -1.583319e-02 1.463527e-01 -9.142127e-02 -3.902838e-01 9.720732e-02 
-8.531492e+00 -5.855981e+00 -1.146358e+01 -4.459342e+00 3.454350e+00 1.826210e+00 1.623440e+00 -1.579608e+00 3.817567e-01 3.718069e+00 3.784483e+00 3.661544e-01 5.596049e-01 -1.946260e+00 -1.596065e+00 -1.903369e+00 5.283381e-01 -1.073966e-01 2.761764e-02 1.150416e+00 -5.248325e-02 -5.534466e-02 1.544293e+00 1.778941e+00 -1.248441e+00 6.920907e-02 
-8.192223e+00 -5.562471e+00 -1.368445e+01 -3.089991e+00 2.891324e+00 -1.180525e+00 1.435546e+00 -1.963034e+00 4.367837e+00 1.176291e+00 1.782598e+00 -7.697883e-01 6.025996e-01 -1.671909e+00 -1.386795e+00 -1.526519e+00 -2.974819e-01 -7.319073e-01 1.927844e-01 6.368599e-01 2.078923e-01 1.722841e-02 -1.330502e-01 5.756010e-01 -1.062717e+00 4.249699e-02 
-9.802813e+00 -6.962313e+00 -1.104802e+01 -5.130964e+00 2.275578e+00 -7.444695e-01 7.768873e+00 -1.825669e+00 -1.648785e+00 3.641575e+00 1.009138e+01 -2.082343e-01 6.259876e-01 -1.377349e+00 -1.040840e+00 -8.473911e-02 3.998723e-01 4.962728e-02 2.485355e-01 1.265379e+00 1.149826e+00 5.416945e-01 -7.219938e-01 -3.012271e-01 -7.691692e-01 4.151919e-02 
-1.251620e+01 -8.580721e+00 -1.345983e+01 -3.184631e+00 4.064474e+00 3.027080e+00 6.631566e+00 6.752251e-01 4.280713e+00 -3.855829e-01 -6.775680e-01 -2.662748e+00 6.784945e-01 1.767387e-01 4.681720e-01 7.666476e-01 -5.138526e-01 -1.098845e+00 -4.366300e-01 -5.918071e-01 7.421003e-01 -1.026817e+00 -1.470934e+00 -9.192566e-01 -5.440595e-01 4.811966e-02 
-1.325625e+01 -9.551056e+00 -1.199959e+01 -2.412660e+00 3.115912e+00 9.650857e-01 5.352323e+00 2.850394e+00 3.133791e+00 8.890367e-01 3.508431e+00 -2.533211e+00 7.292534e-01 1.720904e+00 2.117941e+00 7.760633e-01 -1.228846e+00 -1.122628e+00 -1.592566e+00 -1.650142e+00 -2.848340e-01 -5.867468e-01 -1.095594e+00 -2.127351e+00 -8.414271e-03 6.095405e-02 
-5.581811e+00 -1.927240e+00 -9.375431e+00 -7.018406e+00 -3.023067e+00 -4.218452e+00 -3.152146e-01 -5.905640e-01 -3.157534e+00 -4.802109e+00 4.777909e-01 -2.327597e+00 7.915651e-01 2.711022e+00 3.096275e+00 1.889280e+00 -1.378348e+00 -3.631477e-01 -1.379807e+00 -9.858971e-01 -6.239913e-01 -1.333869e+00 -2.397198e-01 3.236780e-02 6.252499e-01 2.650552e-02 
-4.665484e+00 3.006537e-01 -9.209908e+00 -9.358308e+00 2.062097e-01 -5.084536e+00 2.991554e+00 -2.616944e+00 -8.633946e-01 3.718697e-01 -1.123051e+00 -4.178810e-01 8.742226e-01 3.819858e+00 3.920769e+00 4.704618e+00 8.782331e-01 2.181753e-01 4.569187e-01 -1.687207e+00 -1.914940e+00 -1.471645e+00 1.045067e+00 1.261865e-01 1.294069e-01 -2.953875e-02 
-3.256470e+00 1.974800e+00 -5.408272e+00 -6.603547e+00 3.703587e+00 -8.471435e-01 2.882465e+00 2.889380e-01 -3.900391e-01 -1.325598e+00 1.800012e+00 -5.941638e-01 7.385375e-01 4.158020e+00 2.058899e+00 6.517000e+00 4.067119e+00 -9.138117e-02 9.056513e-01 -7.463853e-01 -3.072947e+00 -1.500318e+00 1.984496e+00 1.778116e+00 -1.944989e-01 -4.011591e-02 
4.680372e+00 8.101768e+00 9.539926e+00 1.771076e+00 8.434615e-01 1.564025e+00 -4.682550e+00 -7.164059e+00 -5.608183e+00 4.376117e+00 3.478253e+00 -2.752893e+00 6.080735e-01 4.703176e+00 7.898045e-01 5.925847e+00 5.818323e+00 -1.354192e+00 -1.189841e+00 -4.482106e-01 -1.832078e+00 -2.238308e+00 -9.827381e-01 1.367729e+00 2.696340e-01 -3.294114e-02 
1.053536e+01 4.466697e+00 1.383465e+01 7.752494e+00 -3.798599e+00 -3.014476e+00 -2.100892e-01 -1.368174e+01 -8.286730e+00 3.118247e+00 7.067720e+00 -2.132586e+00 7.240601e-01 4.775002e+00 -8.000135e-01 7.946970e-01 4.245849e+00 4.863598e-01 -2.289260e+00 -1.660323e+00 -1.692340e+00 -1.176577e+00 -4.457825e-01 -1.732097e-01 4.205703e-01 1.865416e-02 
1.195448e+01 3.003728e+00 1.079787e+01 1.255529e+01 -2.813658e+00 -9.950073e+00 2.296778e+00 -4.791994e+00 -8.106588e+00 -6.763744e+00 3.081740e+00 1.699500e+00 7.167556e-01 3.533584e+00 -1.703824e+00 -4.699932e+00 1.644053e+00 2.980626e+00 -2.193816e+00 -2.450202e+00 -7.351620e-01 6.040480e-01 8.170322e-01 -1.567310e+00 -5.610477e-01 5.234935e-02 
1.698149e+01 5.237529e-01 -2.063757e+00 9.233591e+00 7.963945e+00 -6.536397e+00 -8.908813e+00 -9.358795e+00 -5.023721e+00 2.015419e+00 1.132220e+00 -7.175089e-01 7.774673e-01 2.439423e+00 -1.347668e-01 -5.017882e+00 -8.489496e-01 2.892281e+00 -7.672458e-01 -3.069970e+00 -9.585552e-01 1.421423e+00 2.465301e+00 -2.300604e+00 -1.654687e+00 3.883831e-02 
1.912523e+01 1.554119e+00 -6.010530e+00 9.250793e+00 9.865317e+00 -7.644093e+00 -1.258420e+01 -1.300134e+01 -4.219447e+00 9.012691e+00 -1.390546e+00 -6.265671e+00 8.431166e-01 1.672936e+00 4.493019e-01 -3.238328e+00 -1.528262e+00 1.092328e+00 9.176021e-01 -2.839467e+00 -2.890073e+00 1.371380e+00 4.437912e+00 -1.143867e+00 -2.351712e+00 3.766836e-02 
1.914710e+01 4.517667e+00 -2.850566e+00 5.159992e+00 4.323317e+00 -8.003695e+00 -8.119450e+00 -1.436984e+01 -3.123187e+00 7.556534e+00 -2.199159e+00 -6.423434e+00 8.550711e-01 6.826296e-01 5.011075e-01 -7.798941e-01 -1.407748e+00 -1.180596e+00 8.795883e-01 1.334133e-02 -1.479696e+00 1.565560e-01 1.800041e+00 -2.432909e-01 -9.479391e-01 2.429467e-02 
1.923635e+01 3.253280e+00 -5.000369e+00 6.950773e+00 4.468297e+00 -4.628414e+00 -1.229524e+01 -1.673683e+01 -2.199953e+00 1.265526e+01 -9.719065e-01 -7.206099e+00 8.662955e-01 3.741422e-01 -1.017391e+00 -7.412149e-01 -6.801100e-01 -1.503175e+00 1.230017e+00 1.184473e+00 -7.335883e-01 3.460565e-01 1.063823e-01 4.164135e-02 4.052052e-01 1.749402e-02 
2.033908e+01 2.179710e+00 -6.468308e+00 3.344864e+00 4.759477e+00 -3.646295e+00 -8.986586e+00 -1.488953e+01 -5.250689e+00 9.194340e+00 -2.935541e-01 -4.986991e+00 8.873512e-01 3.869022e-01 -2.602620e+00 -1.301137e+00 6.514827e-01 -1.262752e+00 1.114542e+00 3.660765e-01 -8.296863e-01 6.661504e-01 5.807747e-01 -5.719075e-01 9.584132e-01 2.893561e-02 
2.039995e+01 -2.363857e+00 -7.907734e+00 6.757808e+00 2.131360e+00 -3.672708e+00 -6.228264e+00 -1.640944e+01 -1.425414e+00 8.725700e+00 -2.135141e+00 -4.957866e+00 9.144467e-01 8.952141e-02 -2.587188e+00 -7.505273e-01 7.468732e-01 -1.902717e+00 4.774483e-01 4.864183e-01 -5.004915e-01 1.037708e+00 4.883031e-01 -1.821104e+00 1.573978e+00 3.557314e-02 
2.049981e+01 -5.686862e+00 -7.902568e+00 8.513888e+00 -8.219748e-01 -2.908836e+00 -9.322556e+00 -1.868197e+01 -1.797047e-01 1.242519e+01 -4.477078e+00 -2.755484e+00 9.756735e-01 -3.059358e-01 -1.913702e+00 -2.577899e-01 9.870281e-01 -1.998138e+00 2.515909e-01 -5.814766e-01 -1.782158e-01 1.637921e+00 8.930780e-01 -1.874296e+00 8.776100e-01 3.067349e-02 
1.960359e+01 -5.749375e+00 -8.035875e+00 8.100627e+00 -2.254560e+00 -2.609902e+00 -9.695164e+00 -1.734307e+01 4.530933e-01 1.348135e+01 -7.985664e+00 -4.519610e-01 1.000000e+00 -4.174070e-01 -7.746503e-01 1.199218e-01 2.456250e-01 -1.587212e+00 4.735487e-01 -9.417536e-01 4.168634e-01 1.495582e+00 2.319021e-02 -1.056499e+00 1.109743e-01 1.608352e-02 
1.920758e+01 -5.696043e+00 -7.693187e+00 7.608595e+00 -3.038252e+00 -2.919744e+00 -1.016052e+01 -1.531379e+01 1.999663e+00 1.128190e+01 -6.739773e+00 -2.851893e+00 9.979420e-01 -6.725235e-01 -4.345669e-01 6.283270e-01 1.811816e-01 -1.349754e+00 6.915308e-01 -8.345763e-01 1.383232e+00 1.854004e+00 -1.773372e+00 -3.098875e-01 -1.556709e-01 -6.827653e-04 
1.895904e+01 -6.232518e+00 -7.412815e+00 8.438580e+00 -4.696562e+00 -1.299511e+00 -1.051805e+01 -1.600921e+01 4.962810e+00 9.413293e+00 -6.286291e+00 -4.354790e+00 9.837300e-01 -8.185527e-01 -6.903849e-01 1.213175e+00 5.942900e-01 -1.451976e+00 5.888122e-01 -1.342875e+00 2.521919e+00 1.404535e+00 -2.364573e+00 9.741087e-02 -1.050706e-01 -3.904182e-03 
1.745947e+01 -7.618125e+00 -5.072463e+00 9.250820e+00 -6.349744e+00 -1.063774e-01 -1.308399e+01 -1.243274e+01 6.835454e+00 5.592355e+00 -6.876203e+00 -1.582424e+00 9.803947e-01 -8.081601e-01 -8.273954e-01 1.313069e+00 1.261950e+00 -1.891657e+00 5.495967e-01 -1.240536e+00 2.965342e+00 4.671019e-01 -2.000569e+00 -4.753392e-01 1.125795e+00 -2.624452e-03 
1.638488e+01 -8.240259e+00 -3.280363e+00 1.025096e+01 -7.858695e+00 -1.072524e+00 -1.494780e+01 -6.174000e+00 5.057873e+00 4.503261e+00 -7.430395e+00 -1.612049e+00 9.892527e-01 -6.305807e-01 -6.522850e-01 1.423393e+00 1.360962e+00 -1.867905e+00 -4.532355e-01 -6.522930e-01 3.227431e+00 -4.801705e-01 -1.717757e+00 -4.530029e-02 1.497336e+00 -7.379055e-04 
1.645385e+01 -8.829150e+00 -3.194067e+00 1.301215e+01 -1.091547e+01 -2.852536e-01 -1.414832e+01 -5.404687e+00 4.287641e+00 3.734077e+00 -8.544416e+00 1.405711e+00 9.820583e-01 -3.099221e-01 -1.969613e-01 1.240919e+00 1.187055e+00 -1.845420e+00 -1.298394e+00 7.140297e-01 2.643074e+00 -1.488625e+00 -1.123984e+00 2.396514e-01 1.521585e+00 -4.238916e-03 
1.630894e+01 -8.888431e+00 -1.235045e+00 1.336273e+01 -1.175322e+01 -3.476250e+00 -1.324735e+01 -3.386081e+00 3.835864e+00 1.753647e+00 -5.678685e+00 1.637820e+00 9.792086e-01 -5.540863e-01 -8.773556e-02 2.033440e+00 -1.391212e-01 -1.366629e+00 -8.233855e-01 5.014740e-01 2.630231e+00 -2.241719e+00 -1.320277e+00 1.001189e+00 1.540582e+00 -7.925260e-03 
1.594783e+01 -8.278846e+00 1.094760e-01 1.363022e+01 -1.362958e+01 -5.396484e+00 -1.036407e+01 -6.113341e-01 3.335416e-03 1.347244e+00 -6.553801e+00 4.400565e+00 9.642221e-01 -9.810074e-01 6.239376e-02 2.672184e+00 -1.055760e+00 -1.428334e+00 3.372561e-01 -5.717945e-02 2.503537e+00 -2.268593e+00 -1.616663e+00 1.428394e+00 8.487583e-01 -9.141326e-03 
1.386746e+01 -8.954089e+00 5.235066e+00 9.246326e+00 -1.333479e+01 -2.633837e+00 -1.433256e+01 4.580481e+00 -4.008571e+00 -9.047066e-01 -3.419760e+00 4.593434e+00 9.585446e-01 -1.142734e+00 9.078012e-01 2.623991e+00 -1.828265e+00 -1.215766e+00 1.551136e+00 -1.407261e-01 1.367174e+00 -1.770621e+00 -1.532332e+00 1.016452e+00 3.991812e-01 -2.050307e-02 
1.276956e+01 -8.484352e+00 6.931796e+00 9.791551e+00 -1.726636e+01 9.798204e-01 -1.389162e+01 3.129716e+00 -3.133105e+00 -3.020062e+00 -2.531910e+00 4.171696e+00 9.466838e-01 -1.104292e+00 1.210039e+00 3.413328e+00 -2.475999e+00 -1.582324e+00 2.173534e+00 5.351717e-01 1.249697e-02 -1.318449e+00 -1.554425e+00 1.379804e+00 -6.969373e-01 -1.920472e-02 
1.218441e+01 -4.246672e+00 8.473749e+00 6.140734e+00 -1.601367e+01 1.091279e+00 -1.218721e+01 1.579264e+00 -3.449018e+00 -3.724361e+00 -2.607373e+00 3.748161e+00 8.854625e-01 -8.337308e-01 7.310593e-01 2.799510e+00 -1.734047e+00 -1.054008e+00 1.380184e+00 9.127228e-01 -8.981770e-01 -8.412020e-01 -1.030417e+00 2.957514e-01 -2.397425e-01 -9.038955e-03 
1.126789e+01 -4.582361e+00 1.555678e+01 2.803017e+00 -2.020176e+01 3.608631e+00 -8.760887e+00 9.517590e-01 -6.868685e+00 -5.015051e+00 -6.097446e-02 1.338515e+00 9.047396e-01 -5.281836e-01 -2.944683e-01 2.200763e+00 -1.290236e+00 2.382080e-01 4.278249e-01 3.487898e-01 -8.921207e-01 -4.833632e-01 -1.000273e+00 4.674618e-02 2.909877e-01 1.455659e-03 
1.044964e+01 -7.249788e+00 1.492012e+01 4.070356e+00 -1.713713e+01 2.952678e+00 -1.233431e+01 1.178575e+00 -6.346791e+00 -5.059298e+00 -3.176470e+00 4.811313e+00 9.343219e-01 -5.692502e-01 -1.499726e+00 2.176904e+00 -4.453054e-01 7.679556e-01 3.859351e-01 -4.085054e-01 -3.133650e-01 -3.766322e-01 -1.298339e+00 3.848978e-01 -2.894011e-02 1.698942e-02 
1.099603e+01 -8.455135e+00 1.471243e+01 4.375557e+00 -1.551359e+01 2.188245e+00 -1.207412e+01 -1.130543e+00 -4.101035e+00 -7.353958e+00 -2.013630e+00 5.095058e+00 9.295323e-01 -4.656509e-01 -1.116248e+00 1.092783e+00 4.166413e-01 1.463132e+00 -3.152173e-01 -5.014807e-01 -1.411965e-01 -3.985461e-01 -5.370872e-01 2.786221e-01 -2.162772e-01 1.045924e-02 
9.474093e+00 -9.808913e+00 1.978045e+01 3.127936e+00 -1.451797e+01 3.731147e+00 -1.257312e+01 1.053590e+00 -6.716004e+00 -9.046600e+00 2.934440e-01 1.725189e+00 9.580132e-01 -6.631466e-01 -2.102767e-01 1.894390e+00 -6.229949e-01 1.282386e+00 -4.144619e-02 2.603620e-01 1.038787e+00 -1.330147e+00 -4.212996e-01 1.407581e+00 -1.345191e+00 -8.119344e-05 
9.427412e+00 -8.884038e+00 1.859053e+01 5.357433e+00 -1.419567e+01 1.643310e+00 -1.114888e+01 3.082685e-01 -8.676809e+00 -5.706836e+00 -4.028209e-01 1.800191e+00 9.451901e-01 -1.011174e+00 1.242336e+00 6.850397e-01 -6.968289e-01 1.572359e+00 -5.551966e-01 -3.677160e-01 3.184027e+00 -6.346654e-01 -4.776551e-01 1.529563e+00 -3.675151e-01 -2.056235e-02 
7.918212e+00 -8.086720e+00 2.245302e+01 4.644437e-01 -1.138415e+01 3.017915e+00 -1.149512e+01 5.653103e+00 -1.070964e+01 -7.989357e+00 3.056031e+00 -2.672071e-01 9.260870e-01 -7.174683e-01 1.623839e+00 -8.875332e-01 -2.295122e-02 2.971132e-01 -2.087450e+00 3.375256e+00 3.686889e+00 1.195086e+00 3.774871e-01 2.892715e-01 -2.455181e-01 -2.861027e-02 
6.718095e+00 -3.104554e+00 1.680134e+01 2.223159e+00 -9.218700e+00 -2.311220e-01 -1.445170e+01 1.248984e+01 -5.277545e+00 -1.027085e+01 4.252891e+00 4.253681e+00 8.426837e-01 -9.483796e-01 1.850102e+00 -8.333235e-01 2.151055e-02 3.933186e-01 -2.221634e+00 3.122370e+00 3.981159e+00 1.264107e+00 1.392808e-01 1.270227e+00 -2.092040e-01 -3.194402e-02 
7.241410e+00 -4.579461e+00 1.623738e+01 4.580317e+00 -1.552090e+01 -5.768886e+00 5.954567e+00 1.339725e+01 -2.440207e+00 -4.877155e+00 -5.880538e-01 -7.291468e-01 8.662151e-01 -1.080020e+00 1.034233e+00 -8.828281e-01 3.087595e-01 5.664579e-01 -9.683471e-01 4.532861e+00 1.218996e+00 4.441280e-01 4.599055e-01 2.501941e-01 6.777187e-02 -2.151927e-02 
5.023915e+00 -1.387160e+00 1.753174e+01 3.407049e+00 -1.016071e+01 -5.071463e+00 -4.261878e+00 1.634199e+01 -6.490986e+00 -6.566533e+00 7.770355e+00 9.851406e-01 8.154060e-01 -1.164784e+00 -8.850541e-02 -1.463951e-01 1.424378e-01 1.068062e+00 1.009032e+00 5.333382e+00 -3.923503e-01 -1.645102e-01 -2.220978e-01 2.717565e-01 -1.758006e-01 -1.892211e-02 
3.365201e+00 -3.774254e+00 1.767368e+01 1.416296e+00 -8.080860e+00 5.963495e-01 6.074276e+00 9.822007e+00 -7.882276e+00 -7.541991e+00 2.548270e+00 1.705922e+00 8.321295e-01 -9.721468e-01 5.592533e-01 -1.490090e+00 4.720503e-01 2.068212e+00 2.198251e+00 3.660465e+00 -5.008259e-01 4.375194e-01 -1.231121e+00 -9.439754e-03 6.174771e-01 -5.327738e-02 
2.832278e+00 -3.949685e+00 1.535121e+01 4.517359e+00 -7.598409e+00 1.631419e+00 1.215535e+01 1.231571e+01 -3.379062e+00 -1.004893e+01 4.043511e+00 2.157143e+00 7.651159e-01 -3.165703e-01 3.090014e-01 -2.787456e+00 1.028530e+00 6.903038e-01 6.079040e-01 4.664925e+00 1.577258e-01 1.288875e+00 -1.377305e+00 -1.438093e+00 7.725943e-01 -6.109812e-02 
3.476495e+00 -5.019319e-01 9.877190e+00 6.385414e+00 -6.460987e+00 1.870931e+00 1.604828e+01 1.290626e+01 -1.808573e+00 -9.291565e+00 1.228169e+00 1.772238e+00 6.249732e-01 -3.734729e-01 5.835790e-01 -2.586092e+00 3.836529e-01 7.900714e-01 4.607029e-01 1.922770e+00 7.994149e-01 1.949679e+00 -1.287171e+00 -1.326110e+00 1.585551e-01 -7.931095e-02 
3.385417e+00 -1.478314e+00 7.492703e+00 6.065142e+00 -7.519127e+00 -2.669234e+00 1.407575e+01 1.558849e+01 -3.083463e+00 -1.257827e+01 1.239938e+00 4.814955e+00 6.134936e-01 -7.280686e-01 2.257760e-01 -2.123755e+00 -1.495387e+00 2.312289e-01 -5.040976e-01 -6.119680e-02 -1.842361e+00 1.958196e-01 2.254484e-01 -1.327493e+00 -6.957239e-01 -7.210822e-02 
1.221267e+00 -2.092045e+00 8.672475e+00 2.560669e+00 -4.170144e+00 5.050190e+00 1.472793e+01 1.218269e+01 1.718319e+00 -1.271317e+01 -2.680495e+00 1.169792e+00 5.113859e-01 -1.395295e+00 -8.758980e-01 -1.295095e+00 -2.155058e+00 3.254976e-02 2.422575e-01 7.092333e-02 -1.853429e+00 -1.247626e+00 3.434715e-02 -5.901534e-01 -1.372198e+00 -4.533899e-02 
3.195486e-01 -2.025748e+00 5.334794e+00 -1.047203e+00 -7.587686e+00 -2.478699e+00 1.250954e+01 3.465688e+00 -4.163410e+00 -7.210879e+00 -6.396213e-01 -1.020254e+00 4.613684e-01 -2.944088e+00 -1.462838e+00 -1.253969e+00 -2.169003e+00 8.824961e-01 1.793780e+00 -2.895755e+00 2.856275e-01 5.540926e-01 -6.596612e-01 2.294568e-01 -3.914052e-01 7.307136e-03 
-1.967048e+00 -4.607705e+00 4.480667e+00 -8.337054e-01 -6.263958e+00 2.986952e+00 1.718600e+01 9.700520e+00 -7.506731e+00 -1.180352e+01 -7.828180e-01 -2.171148e+00 4.743408e-01 -2.466790e+00 -1.097728e+00 -8.914394e-01 -1.189582e+00 7.551231e-01 1.151832e+00 -3.824701e+00 2.126150e+00 1.628049e+00 -1.422548e+00 8.481817e-01 1.040949e+00 1.471152e-02 
-9.740868e+00 -7.534674e+00 3.318763e+00 -3.082686e+00 -2.059740e+00 7.331285e+00 -1.632060e+00 1.825772e+01 4.299525e+00 -1.633140e+01 1.438383e+00 4.528399e+00 6.685518e-01 -9.740521e-01 -6.166844e-01 -9.054645e-01 1.365867e-01 9.084541e-01 6.070942e-01 -1.123269e+00 1.028681e+00 1.633575e+00 2.496111e-01 8.594471e-02 1.373319e+00 -1.928161e-02 
-6.082477e+00 -4.826225e+00 5.223293e+00 -2.369500e+00 -3.158501e+00 5.904357e+00 2.675227e+00 1.541743e+01 5.627095e+00 -1.526566e+01 5.214111e-01 3.600212e+00 4.813519e-01 8.437436e-01 5.280890e-01 -1.622824e+00 5.936404e-01 8.477184e-01 -2.140966e+00 -8.248112e-01 -2.509082e+00 -5.120562e-01 1.591837e+00 -4.636151e-01 -3.663464e-01 -5.838890e-02 
-2.492997e+00 -4.999910e+00 4.361589e-01 4.036279e-01 -4.598144e+00 -9.019309e-01 1.414858e+01 5.750641e+00 -2.562448e+00 -4.231759e+00 -8.620122e-01 2.960661e+00 3.614548e-01 1.902195e+00 1.647380e+00 -1.136137e+00 1.318482e+00 8.209974e-01 -3.656808e+00 1.073671e+00 -4.242383e+00 -3.075644e+00 1.408893e+00 -2.775576e+00 -2.897511e+00 -8.659705e-02 
-1.372265e+00 -3.234642e+00 -2.192150e+00 3.913398e-01 -7.561646e-01 -3.601272e+00 5.171618e+00 3.408644e+00 -6.636026e+00 -9.894161e+00 -1.950696e+00 -3.219011e+00 3.359448e-01 8.088586e-01 1.163800e+00 -2.318352e+00 2.980939e-01 1.390494e+00 -2.899878e+00 -1.647391e+00 -3.384639e+00 -3.125296e+00 2.819477e-01 -3.644842e+00 -3.134810e+00 -4.173708e-02 
-2.585001e+00 -9.356439e-02 1.345798e+00 2.129304e+00 8.440795e-01 -6.199943e+00 2.488098e+00 3.050191e+00 -4.947136e+00 -1.197268e+01 -1.120345e+01 -6.549545e+00 3.082701e-01 1.603891e-01 1.488200e+00 -1.776516e+00 -8.455571e-01 1.916391e+00 3.799789e-02 -2.734419e+00 -1.642371e+00 5.136309e-02 2.749402e-01 -2.246350e+00 -2.480443e+00 -2.144581e-02 
-1.992182e+00 -1.460400e+00 -6.823284e+00 -1.741868e+00 1.072857e+00 -5.946025e+00 2.685170e-01 -1.555444e-01 -8.807040e+00 -9.985456e+00 -1.253208e+01 -7.318735e+00 2.992588e-01 -2.419036e-01 1.073994e+00 -1.390809e+00 -7.569472e-01 1.148918e+00 -1.659710e-01 -2.964741e-01 -7.967372e-02 1.815244e+00 1.388663e+00 -1.037951e+00 -3.707544e-01 -1.576709e-02 
-1.381093e+00 1.553970e+00 -6.130856e+00 -2.757554e+00 4.069301e+00 4.604352e-01 2.928041e+00 -6.791192e-01 -1.220125e+00 -2.811411e+00 -6.803066e+00 -7.391690e+00 2.725688e-01 -5.103022e-01 3.293040e-01 -1.275445e+00 -1.382932e-01 1.395057e+00 7.756038e-01 -6.730554e-02 6.084910e-01 3.257846e+00 3.200558e+00 2.040824e+00 1.618305e+00 -8.868152e-03 
-3.183737e+00 1.311559e+00 -5.407867e+00 -9.499674e-01 3.375813e+00 -7.761316e+00 3.469276e+00 4.874930e+00 5.766901e-01 -7.531482e+00 -9.340642e+00 -4.651711e+00 2.749600e-01 -7.807081e-01 2.153861e-01 5.336741e-01 7.437383e-01 1.443671e+00 1.057639e+00 1.399680e-01 1.602629e+00 4.456223e+00 2.552290e+00 2.367200e+00 2.410652e+00 -1.086375e-02 
-4.540734e+00 1.669756e-01 -5.739136e+00 1.041888e+00 6.667885e+00 -1.414278e+00 5.511911e-01 3.577409e+00 6.650228e+00 2.803122e+00 -2.595043e+00 2.084692e-01 2.760788e-01 -5.793567e-01 2.083198e-01 1.351050e-01 -3.099028e-01 1.379089e+00 1.474425e+00 -4.670849e-01 9.531862e-01 1.922792e+00 9.771855e-01 2.843549e+00 2.804371e+00 -1.416329e-02 
-4.315902e+00 3.100272e-01 -4.350774e+00 7.710266e-02 6.991917e+00 2.795246e-01 2.156781e+00 5.729335e+00 9.538897e+00 -3.127258e-02 -2.800097e+00 9.344435e-01 2.431851e-01 -4.179011e-02 6.831571e-01 6.954231e-02 -9.433400e-01 1.144540e+00 1.913491e+00 -9.090246e-01 3.838658e-01 7.565193e-01 6.549482e-02 2.312199e+00 6.156299e-01 -1.611246e-02 
-3.711794e+00 3.096335e+00 -5.983877e+00 -4.820603e+00 9.156691e+00 3.812141e+00 1.248863e+00 3.659610e+00 3.912731e+00 -1.675588e+00 4.144407e+00 3.837087e+00 2.176397e-01 -1.237612e-02 8.011764e-01 6.128364e-02 -1.005950e+00 8.275341e-01 5.477623e-01 9.060571e-02 1.004079e+00 3.239497e-01 -1.285413e+00 3.160591e-01 -1.627253e+00 -1.686787e-02 
-3.807158e+00 3.262665e+00 -4.937785e+00 -2.735422e+00 7.854113e+00 -8.070697e-01 -1.424683e+00 6.753159e+00 5.728035e+00 -4.964653e+00 -1.149373e+00 -3.387870e+00 2.236172e-01 -5.461839e-01 5.168828e-01 1.370247e-01 -7.156893e-01 7.450801e-02 -1.107839e-01 -1.059129e-01 -4.612041e-01 3.162506e-01 8.673500e-01 -8.083935e-01 -1.539716e+00 -1.007541e-02 
-4.856987e+00 2.696539e+00 -5.139213e+00 -2.581599e+00 1.037446e+01 1.867831e+00 2.794951e+00 8.085890e+00 1.017541e+01 -1.157255e+00 -1.840109e+00 -5.766640e+00 2.015234e-01 -1.003109e+00 -3.192785e-02 7.013637e-01 -3.191637e-01 -9.392737e-01 -9.054693e-01 6.482861e-01 -1.802640e+00 -7.574326e-01 9.674220e-01 -9.072744e-01 8.207531e-02 -5.278802e-03 
-6.474225e+00 3.094339e+00 -4.087983e+00 -4.620846e+00 6.755574e+00 6.977601e-01 8.541727e-01 1.210175e+00 7.988811e+00 4.046311e+00 -3.849805e+00 -1.962274e+00 2.008662e-01 -9.834589e-01 3.838532e-01 1.008199e+00 -1.457370e-01 -9.629065e-01 -1.258658e-01 1.001017e+00 -1.899946e+00 -1.788479e+00 9.562262e-01 6.354259e-01 2.168214e+00 -5.272764e-03 
-7.393805e+00 3.020859e+00 -2.901960e+00 -5.473710e+00 5.009592e+00 -1.467620e+00 3.350866e+00 -2.582097e+00 -1.004820e+00 -1.343960e+00 9.582512e-01 3.534665e+00 2.026212e-01 -7.045528e-01 4.881218e-01 1.961808e+00 8.867493e-01 -9.696255e-01 -5.489601e-01 -2.126990e-01 -1.184481e+00 -2.131344e+00 1.214714e-02 1.257743e+00 1.966923e+00 -2.799422e-03 
-7.456043e+00 5.019771e+00 -1.015417e+00 -2.018052e+00 5.722013e+00 2.313271e-01 3.302445e+00 2.587422e+00 2.375754e+00 -9.016978e-02 6.285764e-01 2.802550e+00 1.967044e-01 -1.999414e-01 3.098871e-01 1.460763e+00 1.388300e+00 7.858082e-01 3.167223e-01 3.226345e-02 -5.463886e-03 -7.724925e-01 -6.794483e-01 1.486004e+00 8.525620e-01 -2.216780e-03 
-7.888842e+00 4.174432e+00 3.133543e+00 5.507507e-01 6.043111e+00 -6.437534e-01 5.073204e-01 1.474859e+00 2.325215e+00 9.717215e-01 2.209417e+00 1.685561e+00 1.896071e-01 2.464083e-01 6.201416e-01 4.000643e-01 8.413662e-01 5.938987e-01 7.265627e-01 -1.165571e-01 2.322786e-02 9.937065e-01 1.079306e+00 -2.962316e-01 -1.084753e+00 -1.473963e-03 
-7.226414e+00 4.066988e+00 1.980802e-01 -6.915784e-01 1.016786e+01 1.869438e+00 2.437263e+00 -8.456228e-01 2.461331e+00 -5.087712e-01 2.954632e+00 3.225088e+00 1.962894e-01 1.282605e-01 1.897068e-01 -1.075656e+00 -9.158579e-01 4.665686e-02 6.912965e-01 2.823042e-01 -2.452226e+00 -2.299618e-01 1.126937e+00 3.757200e-02 -1.658333e-01 1.543301e-03 
-6.276578e+00 6.597958e+00 -1.508387e+00 -1.930116e+00 5.756164e+00 1.346137e+00 3.200672e+00 -7.494355e-01 3.920924e+00 4.261872e+00 -1.685934e+00 -2.100366e+00 1.954589e-01 1.534470e-01 7.054134e-02 -1.678162e+00 -1.143782e+00 -8.936064e-01 3.162831e-01 9.221817e-01 -1.097797e+00 -5.109296e-01 3.490737e-01 -3.554572e-01 -7.194990e-01 -6.998122e-04 
-7.620872e+00 4.756542e+00 -4.072730e+00 -5.356908e+00 6.098771e+00 2.692864e+00 3.367290e+00 -8.561563e+00 4.280909e-01 3.899438e+00 2.764112e+00 3.866347e+00 2.014951e-01 1.575708e-02 -6.062958e-02 -8.604524e-01 -8.553756e-01 -1.638392e+00 -6.295237e-01 9.454929e-01 2.838593e-01 -8.086504e-01 -3.446634e-01 -1.114153e+00 -1.026603e+00 -2.783906e-03 
-6.924377e+00 4.182362e+00 -3.121862e+00 -2.835494e+00 3.609621e+00 5.259491e-01 4.653215e+00 -1.561570e-01 7.871872e-01 5.129857e-01 5.273911e-01 -2.232563e+00 1.835052e-01 3.625986e-01 -2.998595e-02 -4.435054e-02 -5.469548e-01 -8.020199e-01 -1.364980e+00 -5.869701e-01 1.587746e+00 -7.352701e-01 -1.382873e+00 1.229310e-01 -1.380779e-01 1.486200e-03 
-6.823729e+00 4.971638e+00 -3.297444e+00 -4.515767e+00 3.049166e+00 -8.680865e-01 6.438456e+00 2.770341e-01 -1.505204e-02 -3.576452e-01 -3.722796e+00 -1.841827e+00 1.883467e-01 2.238166e-01 -2.904854e-01 8.844749e-01 1.022046e-01 -3.109711e-02 -7.349014e-01 -1.088820e+00 1.971566e+00 1.170494e-01 -3.976822e-01 6.699876e-01 -1.026159e-01 -1.922142e-03 
-4.862157e+00 6.340480e+00 -2.117783e+00 -5.085461e+00 3.270867e+00 -3.698290e+00 -1.269762e+00 2.769998e+00 4.661446e-01 -5.239506e-01 2.172174e+00 6.333113e-02 2.094641e-01 -1.642799e-01 -3.722729e-01 6.121898e-01 -9.482226e-01 6.643668e-01 3.558149e-01 -5.308810e-01 1.317627e-01 1.202504e+00 8.332259e-01 1.177126e+00 1.143790e+00 -1.510316e-03 
-7.532900e+00 2.225056e+00 -1.523955e-01 -3.720902e+00 6.112662e+00 1.130477e+00 8.846810e-01 -1.668107e-01 1.173859e+00 2.429495e+00 5.291658e+00 2.205320e+00 1.789049e-01 -1.976453e-01 2.888002e-02 6.658152e-01 -4.618841e-01 1.091833e+00 1.686350e+00 -5.082259e-02 -3.140777e-01 1.772451e+00 5.916988e-01 7.928078e-01 2.213860e-01 -2.542216e-03 
-7.391191e+00 3.694289e+00 -1.633438e+00 -7.974040e+00 5.399707e+00 1.305742e+00 4.775698e+00 7.245791e-01 6.205253e+00 3.285545e+00 1.905794e+00 1.462815e+00 1.806746e-01 -4.644575e-01 1.344967e-02 3.809814e-01 -3.498086e-01 6.905679e-01 1.951485e+00 1.165974e+00 -3.531662e-01 7.262563e-01 1.942736e-01 -5.406151e-01 -3.493478e-01 -3.899521e-03 
-6.547438e+00 6.439134e+00 -2.105403e-01 -5.380898e+00 7.443909e+00 5.061648e+00 3.161613e+00 -2.706450e-01 5.977651e+00 6.961008e-01 3.744337e-01 -1.434639e+00 1.900304e-01 -1.651001e-02 5.498365e-01 4.155392e-01 1.856786e-01 1.428808e-01 6.257914e-01 6.287549e-01 -1.298634e-01 -1.342795e+00 1.628291e-01 4.380890e-01 -2.128630e-01 5.586386e-03 
-7.677176e+00 4.300690e+00 -1.838034e-01 -6.004506e+00 6.058083e+00 4.093550e+00 3.421643e+00 1.056084e+00 1.695530e+00 1.314115e+00 1.927711e+00 1.365719e-01 1.844038e-01 2.561779e-02 1.350150e-01 -3.483256e-02 5.224977e-01 -6.264643e-02 2.145915e-01 -6.449549e-01 5.110350e-01 -2.074354e+00 -4.774479e-01 9.122251e-01 -5.031687e-01 4.986989e-03 
-7.472458e+00 4.671038e+00 1.200483e+00 -3.777276e+00 6.497878e+00 2.865530e+00 4.705482e+00 -9.818799e-01 -3.285256e+00 4.229356e+00 7.471145e+00 1.804127e+00 2.049722e-01 3.702736e-02 -1.418722e-01 -6.934452e-01 -1.723785e-01 -4.267430e-01 -3.786571e-01 -7.407904e-01 1.039132e+00 -1.225602e+00 -5.311283e-01 6.079113e-01 -5.284528e-01 2.995122e-03 
-6.800592e+00 5.253412e+00 -2.513112e+00 -6.163363e+00 5.559490e+00 3.476759e+00 7.789886e-01 3.635371e+00 4.649370e-01 -8.683223e-01 2.918564e+00 -2.672411e+00 1.981386e-01 2.425032e-01 2.487818e-01 -8.372213e-01 -2.703799e-01 -1.935574e-01 -6.223538e-02 -9.211804e-01 9.775826e-01 1.289006e-01 -9.462551e-01 -2.570875e-01 -1.009450e+00 2.063602e-03 
