-9.946243e+00 7.100987e+00 2.069600e-01 3.689589e+00 9.248692e+00 -2.932179e+00 -1.968491e+00 -1.141216e+00 2.181498e+00 -3.695533e+00 -6.626657e+00 1.379262e+00 1.124384e-01 3.310192e-01 7.055475e-01 6.337381e-01 -4.691002e-01 -8.066809e-01 -1.588361e-01 3.908610e-01 -6.539694e-01 -7.741509e-01 -2.214095e-01 1.790256e+00 -8.010302e-01 -3.032267e-03 
-8.969013e+00 8.446702e+00 2.998113e+00 2.422702e+00 8.972774e+00 -7.804472e-01 -3.489463e+00 -3.442235e+00 6.424235e-01 -3.362895e+00 -7.534461e-01 -7.691003e-01 8.608931e-02 2.010815e-01 7.721941e-01 2.053326e-01 9.327292e-03 -7.951463e-01 -7.581829e-01 3.721970e-01 -1.133270e+00 4.489999e-02 1.115887e+00 1.740236e+00 -3.760992e-01 1.335233e-03 
-8.779762e+00 9.955868e+00 1.980074e+00 1.977532e+00 5.353246e+00 -4.802226e+00 7.463002e-01 -3.260553e+00 -9.197199e-01 -4.968899e+00 -6.119813e-01 -1.551708e+00 1.104516e-01 6.304226e-02 5.754520e-01 -4.718161e-03 -3.334587e-01 -1.239928e+00 -1.649828e+00 2.422065e-01 -4.089703e-01 1.466268e+00 2.498394e+00 1.420345e+00 1.117970e-01 1.831007e-03 
-9.524076e+00 9.534517e+00 3.470662e-01 4.592254e+00 7.220682e+00 -5.788071e+00 -1.464901e+00 -5.747898e+00 3.956606e+00 2.520584e+00 -9.328163e-01 9.642507e-01 1.201079e-01 1.579988e-01 3.792492e-01 -6.665705e-01 -4.647133e-01 -9.864321e-01 -1.060821e+00 6.223858e-01 1.417453e+00 2.329299e+00 2.077746e+00 -2.972010e-01 1.081303e+00 7.312465e-03 
-9.353500e+00 9.434340e+00 1.508893e+00 9.375195e-01 3.925095e+00 -8.677505e+00 -1.769739e+00 -2.033236e+00 7.855744e+00 5.854697e+00 5.647541e-01 1.071571e+00 1.045841e-01 -1.147280e-02 2.183145e-01 8.552238e-01 1.015506e-01 -3.617356e-01 -3.706824e-01 -5.560107e-01 1.543773e+00 1.638917e+00 1.620016e+00 2.670137e-01 6.226507e-01 3.786564e-04 
-7.892150e+00 1.060371e+01 -9.914851e-02 6.191419e-01 4.754689e+00 -4.146913e+00 8.804854e-01 3.031369e+00 7.901185e+00 1.614037e+00 -2.827819e+00 3.325776e+00 1.255854e-01 -1.398375e-01 1.632901e-01 1.156336e+00 8.635603e-01 -7.600860e-02 -1.241748e-01 -5.202643e-01 9.396488e-01 6.858648e-01 -3.782794e-01 1.000690e+00 5.156175e-01 3.351569e-04 
-9.653090e+00 1.051284e+01 6.479300e+00 4.471841e+00 4.777565e+00 -7.476216e+00 -3.206447e+00 6.867671e-02 5.302576e+00 3.584452e+00 1.670589e+00 3.807829e-01 1.096061e-01 3.234262e-02 3.508785e-02 5.049948e-01 9.021506e-01 7.789757e-01 1.067282e+00 5.074195e-01 -3.649389e-01 -2.123054e-01 -6.943916e-01 1.103334e+00 -1.900096e-01 -5.038959e-03 
-1.007347e+01 9.811716e+00 3.643541e+00 7.142895e+00 6.414404e+00 -7.009590e+00 -3.347869e+00 -2.100610e+00 8.662515e+00 1.764309e+00 3.517717e+00 3.887732e+00 1.192727e-01 -2.279228e-01 -7.193726e-01 -2.141901e-01 5.178137e-02 3.368698e-01 -1.120848e-01 1.017408e+00 -1.811018e-01 -3.999467e-01 5.332240e-01 1.527586e+00 -6.265556e-01 -1.172602e-02 
-8.101128e+00 1.000578e+01 2.162522e+00 2.186396e+00 6.990116e+00 -1.909757e+00 2.881535e+00 -1.291941e+00 6.413553e+00 2.307603e+00 2.908656e+00 -1.594548e-01 8.254564e-02 2.991570e-01 -4.182186e-01 -7.694218e-01 -8.839877e-01 1.794291e-01 8.297118e-01 7.669115e-01 1.381883e-01 5.370019e-02 -7.481219e-01 -5.484570e-01 2.030521e-01 -9.129840e-03 
-9.807745e+00 7.260383e+00 9.882903e-01 2.020771e+00 5.332762e+00 -7.490567e+00 2.923535e+00 2.806169e+00 5.345963e+00 4.918582e+00 4.191075e+00 4.631174e-01 8.048552e-02 1.806185e-01 -4.565730e-01 -2.250441e-01 -1.143491e+00 -4.125163e-01 3.987738e-02 -4.289373e-01 3.738949e-01 -3.579509e-02 -6.272362e-01 -6.335999e-01 -3.647920e-01 -4.459286e-03 
-8.290167e+00 9.697417e+00 3.959817e+00 2.612964e+00 6.215531e+00 -3.087169e+00 -2.507591e+00 -1.693771e+00 7.229353e+00 -1.733294e+00 -1.408375e+00 3.108351e+00 8.335054e-02 -6.362648e-02 -5.797716e-02 -3.153299e-01 -1.947153e-01 -4.818411e-01 -1.430785e+00 -1.278125e+00 4.999346e-01 -6.136121e-01 -1.152717e+00 -1.052184e+00 9.987660e-02 6.075686e-03 
-9.075857e+00 7.683031e+00 1.619673e+00 1.212155e+00 4.739115e+00 -6.221497e+00 -2.797992e+00 -3.022075e-02 8.075640e+00 6.485763e-01 2.508233e+00 4.298696e-01 9.657383e-02 1.144123e-01 -9.871149e-03 -5.453908e-01 -3.969819e-01 -5.288990e-01 -6.274520e-01 -8.498660e-01 2.331401e-01 -5.574223e-01 -1.321424e+00 -1.648949e+00 -9.435602e-01 8.967668e-03 
-8.785204e+00 9.504566e+00 2.701809e-01 1.617128e+00 4.877734e+00 -9.698217e+00 -6.483276e-01 2.625927e+00 1.980654e+00 -1.320980e+00 -1.510842e+00 3.565522e-01 1.048799e-01 -4.205170e-02 -3.171490e-01 -2.691718e-01 -9.813948e-01 -9.362505e-01 -4.268025e-01 4.058190e-01 7.490791e-01 -9.047961e-01 -5.497906e-01 -9.145765e-01 -5.168843e-02 2.957058e-03 
-8.988165e+00 7.307452e+00 1.061540e-01 5.337801e-01 3.357166e+00 -7.322303e+00 -2.255427e+00 1.812020e+00 5.183201e+00 -1.894695e+00 -4.002439e+00 -2.878784e+00 1.145592e-01 8.668403e-02 1.018709e-01 8.414198e-01 -9.900827e-01 -7.592110e-01 7.035668e-01 2.399421e-01 -4.957583e-01 -9.032453e-01 -4.518650e-01 -2.849096e-01 1.448250e+00 -1.117784e-03 
-8.544271e+00 8.299461e+00 3.370717e+00 -1.954822e+00 2.225253e+00 -4.670778e+00 -7.497783e-01 1.130504e+00 4.151591e+00 -3.210611e+00 -2.725921e+00 4.504236e+00 8.914316e-02 4.231773e-01 -4.102142e-01 2.363059e-01 -4.942603e-02 4.529644e-01 1.633713e+00 7.863536e-02 -9.214274e-01 -2.665407e-01 6.276426e-02 9.202183e-01 1.445975e+00 3.264850e-03 
-8.762903e+00 8.794938e+00 4.276504e+00 -1.952283e+00 2.269300e+00 -5.217382e+00 -1.547556e+00 -1.761301e+00 2.473944e+00 -6.659331e-01 1.691225e+00 5.597278e+00 9.885329e-02 1.168915e+00 -7.430448e-02 1.557806e-01 8.397467e-01 5.085294e-01 7.523789e-01 9.230990e-01 8.489375e-01 -4.781210e-02 -3.446018e-01 1.777141e+00 1.320546e+00 1.496410e-02 
-6.781948e+00 6.709753e+00 -6.334646e-01 2.613029e+00 7.686488e+00 -2.582110e+00 -6.090863e-01 -1.945494e-01 2.002579e+00 -1.621540e+00 2.434181e-01 3.348398e+00 1.290571e-01 8.306549e-01 -7.771808e-01 -3.646624e-01 1.964024e+00 3.844425e-01 1.261252e-01 -1.934583e-02 9.075041e-01 -2.486227e-01 8.301331e-01 1.809936e+00 -1.708995e+00 3.691979e-02 
-4.024750e+00 7.730784e+00 2.887148e+00 2.448588e+00 3.169196e+00 -4.604742e+00 2.289722e+00 6.719234e+00 6.018646e+00 -4.412240e+00 3.398595e+00 4.301867e+00 1.694227e-01 -8.128936e-01 -2.801518e+00 -1.237227e+00 1.608069e+00 -1.185750e+00 3.097393e-01 7.806154e-01 6.682494e-01 -8.650018e-01 1.497004e+00 2.145361e+00 -2.647367e+00 7.425120e-02 
-6.760074e+00 4.945635e+00 2.242083e+00 5.664864e+00 3.697518e+00 -4.346473e+00 -2.765146e+00 1.427756e+00 1.136127e+00 2.813207e+00 5.470072e+00 -3.393033e+00 2.384574e-01 -2.275078e+00 -3.404663e+00 -1.267607e+00 -8.712993e-02 -1.403107e+00 -4.939316e-01 -3.097650e-01 -4.888002e-01 -1.956531e-01 1.404733e+00 1.210744e+00 -2.481886e+00 9.936081e-02 
-1.283831e+01 -4.330592e+00 -3.347406e+00 4.562145e+00 -1.664966e+00 -2.786505e+00 3.433551e+00 7.687931e-01 -1.417838e+00 4.601712e+00 9.804706e+00 -4.268841e+00 4.154091e-01 -2.576001e+00 -3.413462e+00 -1.912691e+00 -7.586951e-01 -5.438933e-01 -4.511019e-01 -6.299943e-01 -2.354813e+00 3.990262e-01 1.378454e+00 -6.426318e-01 -9.571142e-01 1.012996e-01 
-1.375056e+01 -4.282875e+00 -3.854223e+00 1.120601e+00 3.088034e+00 -5.960887e+00 -2.729826e+00 3.366699e-01 4.742556e+00 8.951480e-01 3.094080e+00 -4.775677e+00 5.028679e-01 -1.096964e+00 -2.536245e+00 -1.997601e+00 -2.209833e+00 -1.899153e+00 -1.497516e+00 -6.195613e-01 -2.600230e+00 1.454919e-01 -1.375938e+00 -2.257559e+00 9.224898e-01 8.484305e-02 
-1.340951e+01 -4.722271e+00 -3.628151e+00 9.272441e-01 7.544708e-01 -6.053044e+00 -8.779101e-01 -4.509288e+00 6.210563e+00 3.439060e+00 1.373432e+00 2.076178e-01 5.437155e-01 6.104168e-01 -1.534360e+00 -1.342236e+00 -1.498739e+00 -3.880137e-01 -1.245158e+00 -1.438279e+00 -1.096284e+00 -4.052431e-01 -1.849704e+00 -2.716667e+00 1.363888e+00 4.463254e-02 
-1.195929e+01 -7.539749e+00 -7.605549e+00 -3.566853e+00 -7.007966e+00 -1.020078e+01 -3.707223e+00 -8.934353e+00 -1.950615e+00 -3.485156e+00 -1.602088e+00 -1.018814e+00 5.985196e-01 1.572121e+00 -1.177507e+00 -1.464514e-01 5.645047e-01 8.750733e-01 -3.604398e-02 -4.680699e-01 -7.852674e-01 -2.852439e+00 -2.175639e+00 -1.413932e+00 1.980018e+00 -2.025056e-03 
-1.068186e+01 -1.037395e+01 -8.182923e+00 -5.878219e-01 1.442966e+00 -6.892345e+00 -3.269146e+00 -7.711744e-02 -9.746838e-02 -2.456655e+00 -1.430547e+00 6.721656e-01 5.907460e-01 3.684867e+00 2.117352e+00 1.617458e+00 1.950698e+00 2.346447e+00 2.442994e+00 1.261193e+00 7.286813e-01 -1.178253e+00 -1.850950e+00 -5.268214e-01 1.114823e+00 -6.916041e-02 
-7.253778e+00 -7.344567e+00 -2.309095e+00 4.700657e+00 7.119153e+00 -5.721457e+00 -3.874557e+00 -5.805752e+00 -6.365624e+00 -7.035189e+00 -2.573591e+00 4.892139e+00 4.692274e-01 6.061652e+00 2.775425e+00 2.587080e+00 1.900067e+00 -2.160868e-01 4.036472e+00 3.927267e+00 6.753076e-01 4.836405e-01 3.063626e-01 1.228248e+00 1.398182e+00 -1.755721e-02 
2.662067e+00 5.766900e+00 1.810912e+00 6.546978e+00 5.423144e+00 3.922264e+00 5.511722e+00 -2.430182e+00 2.526804e+00 -4.040672e+00 -7.749239e-01 2.826258e+00 2.625595e-01 6.957322e+00 1.161753e+00 1.098549e+00 7.750718e-02 -6.195693e+00 3.461398e+00 4.231051e+00 -1.613812e+00 -1.744821e-01 1.048609e+00 1.793359e+00 1.252401e+00 1.024107e-01 
1.167700e+01 -1.733052e+00 3.329363e-01 2.366081e+00 -1.007849e+01 4.574271e+00 1.153868e+01 -4.381283e+00 -8.445482e-01 -1.161334e+00 4.211339e+00 4.895050e+00 6.748267e-01 5.552426e+00 -1.096445e+00 -5.107859e-01 -1.717746e+00 -8.358203e+00 2.287219e+00 4.003983e+00 -2.409748e-01 -5.932451e-01 1.270876e+00 2.621332e+00 1.829941e-01 1.740396e-01 
1.463936e+01 -7.370946e+00 -4.011191e+00 9.670026e-01 -2.093668e+01 5.266782e+00 1.017949e+01 -8.858412e+00 -3.730417e+00 -1.505394e-01 4.143781e+00 6.932716e+00 1.000000e+00 3.360386e+00 -2.873379e+00 -1.618069e+00 -2.343798e+00 -5.910558e+00 3.896265e-02 2.131299e+00 -3.937759e-01 -2.139622e+00 6.659600e-01 1.502321e+00 2.900424e-02 1.751209e-01 
1.451970e+01 -6.257870e+00 -1.951972e+00 -1.098088e+00 -2.149195e+01 5.042379e+00 1.381147e+01 -3.796510e+00 -6.203239e+00 -2.625877e+00 8.073715e+00 3.753880e+00 9.707054e-01 1.232852e+00 -4.575461e-01 -6.967376e-01 -1.715082e+00 -1.163878e+00 -1.307533e-01 7.548469e-01 5.876292e-01 -1.482841e+00 8.262373e-01 -2.593561e-01 -5.387714e-01 5.500524e-02 
1.804265e+01 -6.337588e+00 -5.136977e+00 -3.439926e+00 -1.842291e+01 3.883023e+00 1.503182e+01 -4.691447e+00 -5.491961e+00 2.139950e-02 4.805494e+00 3.541864e+00 9.902248e-01 3.885100e-01 7.468879e-01 3.013734e-01 -1.346643e+00 1.330310e+00 -1.187877e-01 9.416946e-01 9.960434e-01 -9.928216e-01 1.447090e+00 -9.633113e-01 -1.054052e+00 -1.664646e-02 
1.613962e+01 -4.537462e+00 -2.587859e+00 -4.005864e+00 -1.715476e+01 4.612384e+00 1.288675e+01 -3.526619e+00 -7.377982e+00 2.883883e+00 2.583702e+00 3.896619e+00 9.547405e-01 -6.323762e-02 8.160666e-01 1.735056e-01 -7.070531e-01 1.231912e+00 3.126490e-01 3.098386e-01 3.770874e-01 -1.282382e+00 2.318433e+00 -2.106520e+00 -6.258712e-01 -2.098266e-02 
1.577195e+01 -4.496711e+00 -2.186381e+00 -4.312323e+00 -1.645372e+01 4.887841e+00 1.535033e+01 -4.013141e+00 -8.107154e+00 4.330029e+00 2.072231e+00 1.591088e+00 9.247501e-01 -8.634533e-01 3.842439e-01 1.217477e+00 -1.093471e+00 1.213450e+00 9.313112e-01 -5.316061e-01 1.386595e+00 -1.450938e+00 8.739443e-01 -8.533300e-01 -1.301953e+00 -2.207186e-02 
1.533887e+01 -3.097975e+00 -2.559742e+00 -4.197155e+00 -1.631699e+01 6.103215e+00 1.520141e+01 -2.250226e+00 -1.130755e+01 6.811972e+00 -1.092253e+00 1.599912e+00 8.985294e-01 -7.732629e-01 -6.282425e-02 9.049355e-01 -1.633977e+00 1.475116e+00 1.587125e+00 -1.331524e+00 1.699077e+00 -7.336093e-01 -6.045734e-01 -9.398790e-02 -1.192759e+00 -1.027846e-02 
1.412576e+01 -5.136112e+00 9.363496e-01 -8.811635e+00 -1.277455e+01 7.794164e+00 1.121646e+01 1.603330e+00 -1.078187e+01 2.427077e+00 2.376822e+00 -1.819550e+00 9.079711e-01 -9.039248e-01 -3.567517e-01 8.462381e-01 -1.673616e+00 1.694978e+00 2.102561e+00 -2.339429e+00 2.057351e+00 -7.915101e-01 -1.312176e+00 3.138831e-01 -6.207936e-01 1.734477e-03 
1.309640e+01 -4.531883e+00 3.754532e-01 -9.926093e+00 -1.161876e+01 1.109485e+01 8.296062e+00 2.160533e+00 -9.708672e+00 8.124928e-01 1.961467e+00 -3.618567e-01 9.117377e-01 -6.181555e-01 -7.825518e-01 2.099152e-01 -6.312814e-01 1.288988e+00 1.910117e+00 -1.640364e+00 5.372778e-01 -6.271581e-02 -1.478504e+00 4.958907e-01 -5.623306e-02 1.125035e-02 
1.237356e+01 -5.563516e+00 5.772123e-01 -9.815932e+00 -1.032794e+01 1.290483e+01 7.105860e+00 4.068234e+00 -1.286414e+01 7.688885e-01 2.114787e+00 -5.319960e-01 9.268184e-01 -4.419640e-01 -7.942138e-01 -2.867633e-01 5.523405e-01 5.570723e-01 1.177784e+00 -9.114647e-01 -2.087789e-01 -4.475201e-01 -2.207090e-01 -3.780271e-01 6.653862e-01 1.440577e-02 
1.312419e+01 -6.797032e+00 -1.330598e+00 -6.851413e+00 -1.109536e+01 1.309847e+01 9.054892e+00 -7.962892e-01 -1.057999e+01 2.485471e-01 1.518218e+00 6.749696e-01 9.453575e-01 -3.568164e-01 -1.205607e+00 2.549133e-02 9.252305e-01 2.366915e-01 5.460984e-01 -8.313109e-01 4.207759e-02 -7.291149e-01 5.210671e-01 -8.284815e-01 8.834177e-01 1.675550e-02 
1.190205e+01 -7.974606e+00 3.555589e-01 -7.587273e+00 -1.025089e+01 1.268127e+01 6.279721e+00 2.037847e+00 -1.258381e+01 1.605504e+00 7.083102e-01 9.889681e-01 9.631901e-01 -2.637602e-01 -1.111267e+00 1.071314e-01 1.042134e+00 -1.592327e-01 7.257406e-01 -1.510478e+00 3.521571e-01 -5.936193e-02 3.812340e-01 -6.920195e-01 6.102017e-01 1.223236e-02 
1.154808e+01 -9.354372e+00 6.137366e-01 -6.414271e+00 -1.047383e+01 1.393711e+01 4.552576e+00 3.386114e+00 -1.349441e+01 2.999521e+00 -1.477702e+00 3.294750e+00 9.773294e-01 -3.620358e-01 -4.933289e-01 1.695830e-01 5.376934e-01 2.753742e-01 3.255459e-01 -1.603863e+00 1.048416e+00 -1.842256e-01 4.373120e-01 -1.434529e-01 -3.260245e-01 1.629084e-03 
1.184281e+01 -9.841181e+00 1.407022e-01 -4.823836e+00 -1.143487e+01 1.611421e+01 1.804628e+00 3.737818e+00 -1.170374e+01 1.299572e+00 1.526493e-01 1.209122e+00 9.719942e-01 -4.771733e-02 -1.670814e-01 1.743827e-01 4.011555e-01 4.880261e-01 -1.235521e-01 -3.527962e-01 -5.280358e-01 8.291501e-01 -1.409205e-01 4.344761e-01 -8.962566e-01 -7.060432e-03 
1.134363e+01 -8.330389e+00 -3.752542e-01 -5.544664e+00 -9.126498e+00 1.300973e+01 3.273123e+00 3.595803e+00 -1.194115e+01 2.588073e+00 1.078784e+00 -1.065230e+00 9.491009e-01 -3.575935e-02 -2.407074e-04 2.889384e-01 4.485068e-01 7.401186e-01 -5.725136e-01 -8.533406e-02 -1.122527e+00 9.606038e-01 -4.861695e-01 4.847102e-01 -7.816079e-01 -8.294672e-03 
1.176568e+01 -9.322004e+00 1.721968e+00 -6.016299e+00 -8.484430e+00 1.252721e+01 5.155467e+00 -7.071763e-01 -9.214688e+00 1.106625e+00 1.602447e+00 -1.312325e+00 9.420022e-01 1.131425e-02 -1.405706e-01 3.723136e-01 -1.062765e-01 1.452442e+00 -5.698040e-01 -3.345176e-01 -1.170866e+00 5.280266e-01 -7.704542e-02 2.458128e-01 -6.218365e-01 -4.114163e-03 
1.140784e+01 -9.615164e+00 1.267796e+00 -3.575505e+00 -8.248457e+00 1.286805e+01 2.450486e+00 -4.021406e-03 -9.935923e+00 6.651464e-01 2.209498e-01 6.474341e-01 9.508520e-01 -9.267785e-02 -3.036240e-01 1.560640e-01 4.178565e-01 8.453766e-01 -2.943634e-01 -9.224702e-01 -5.032403e-01 6.708297e-01 -1.117826e-01 -1.554710e-01 -2.343963e-01 3.301263e-04 
1.186727e+01 -9.901646e+00 1.180745e+00 -6.339798e+00 -4.611677e+00 1.333603e+01 5.433578e-01 -3.165981e-01 -1.006623e+01 1.875808e+00 1.810630e+00 -2.756393e+00 9.505478e-01 -3.376848e-01 1.124807e-01 -3.597055e-01 8.665821e-01 6.836068e-01 -8.237787e-01 -1.728527e+00 1.091639e+00 5.541716e-01 1.683115e-01 -3.249234e-01 -3.839025e-01 -4.246026e-03 
1.082944e+01 -9.558687e+00 6.756773e-01 -3.293632e+00 -6.835992e+00 1.113350e+01 9.668264e-01 8.843122e-01 -8.161236e+00 1.644569e+00 1.973377e-01 -1.515177e+00 9.464787e-01 -2.628816e-01 3.015344e-01 -3.947281e-01 1.012672e+00 1.029259e+00 -1.334728e+00 -1.886972e+00 1.564579e+00 5.092362e-01 8.174305e-01 -9.382589e-01 -3.362733e-01 -1.157256e-02 
1.036646e+01 -8.787840e+00 2.194998e-01 -1.824325e+00 -5.772629e+00 9.275586e+00 -2.745337e+00 4.306849e+00 -7.331174e+00 1.458472e+00 -1.036346e-02 -2.150532e+00 9.229587e-01 -3.261250e-01 2.196179e-01 -2.639976e-02 1.603479e+00 5.048081e-01 -1.237748e+00 -2.056164e+00 1.273897e+00 8.844899e-01 8.348807e-01 -1.508485e+00 3.561132e-01 -1.161324e-02 
1.084384e+01 -8.664396e+00 -2.252219e-01 -7.698804e-01 -2.521688e+00 8.224627e+00 -5.340028e+00 5.507150e+00 -8.757267e+00 4.960968e+00 -3.559848e+00 -1.336863e+00 9.067838e-01 -1.665497e-01 8.135462e-02 2.442631e-01 1.297933e+00 6.295973e-01 -1.234540e+00 -2.062404e+00 5.805016e-01 1.329057e+00 8.831640e-01 -1.013201e+00 -2.262656e-01 -7.757175e-03 
1.022945e+01 -9.250702e+00 1.499196e+00 4.157213e-01 -4.244789e+00 8.601726e+00 -6.584035e+00 3.741471e+00 -5.345759e+00 4.392013e+00 -3.853200e+00 -1.064984e+00 9.123291e-01 -1.911807e-02 -1.618241e-01 6.832709e-01 9.092555e-01 -1.600272e-01 -1.140728e+00 -1.562370e+00 3.660566e-01 1.839281e+00 3.078389e-01 -8.637623e-01 -3.637612e-01 -6.734139e-03 
1.006520e+01 -8.920483e+00 1.257145e+00 2.076010e+00 -4.451925e+00 5.297730e+00 -7.425846e+00 4.069510e+00 -2.508655e+00 4.593618e+00 -2.947247e+00 -3.189279e+00 9.130076e-01 1.101443e-01 6.484413e-03 5.410730e-01 8.185202e-01 -9.497956e-01 -9.772545e-01 -1.353148e+00 3.721060e-01 2.552354e+00 -7.625944e-01 3.772044e-01 -1.229872e+00 -1.262374e-02 
1.066019e+01 -9.468916e+00 2.894671e+00 1.299008e+00 -5.607646e+00 5.035394e+00 -9.514279e+00 6.855952e+00 -1.259076e+00 3.181341e+00 -4.635476e+00 -3.043129e+00 8.861761e-01 -4.831958e-03 6.545070e-01 4.625961e-01 2.281617e-01 -2.788460e-01 -1.012675e+00 -1.238103e+00 7.752953e-01 1.592359e+00 -4.521010e-01 3.153877e-01 -1.007557e+00 -2.517239e-02 
1.117919e+01 -8.522867e+00 1.782405e+00 2.881078e+00 -6.589237e+00 5.121520e+00 -1.064065e+01 5.810438e+00 1.961164e+00 1.753331e+00 -1.282688e+00 -6.497151e+00 8.567415e-01 -1.620711e-01 9.694128e-01 7.067926e-01 1.886197e-01 2.336155e-01 -1.144878e+00 -7.420034e-01 4.276237e-01 1.193073e+00 -5.766629e-01 -8.990365e-02 2.408262e-01 -3.258996e-02 
9.648293e+00 -6.176976e+00 3.549546e+00 1.153996e+00 -4.570363e+00 3.626454e+00 -1.116715e+01 6.747482e+00 3.811243e-01 3.551651e+00 -3.108541e+00 -4.448833e+00 8.146002e-01 -7.769641e-02 1.098288e+00 4.745535e-01 5.211943e-01 7.718213e-01 -1.815385e+00 -5.117860e-01 -4.410429e-02 1.252964e+00 -5.818920e-01 2.978037e-01 6.148411e-01 -3.220433e-02 
9.760794e+00 -5.719389e+00 4.463670e+00 3.091614e+00 -3.802489e+00 2.778087e-01 -1.030943e+01 6.261863e+00 2.636609e+00 1.525149e+00 -4.160232e+00 -1.282296e+00 7.858458e-01 1.878728e-01 9.947698e-01 2.130258e-01 5.039853e-01 6.705707e-01 -1.796941e+00 -8.896791e-01 2.889920e-01 8.873294e-01 -3.952331e-01 4.984626e-01 6.652661e-01 -3.147152e-02 
1.098091e+01 -5.379217e+00 3.926806e+00 3.799711e+00 -3.141913e+00 -1.619674e+00 -1.223882e+01 6.409719e+00 4.668021e+00 3.859725e-01 -1.707685e+00 -2.576352e+00 7.606024e-01 5.322376e-01 8.463879e-01 5.348153e-02 2.930943e-01 7.112513e-01 -1.618712e+00 -6.675547e-01 -8.310708e-01 1.299099e+00 -6.735092e-01 1.208354e+00 -8.364668e-02 -3.297100e-02 
1.145225e+01 -3.947897e+00 2.658904e+00 4.078147e+00 -3.950608e+00 -1.240119e+00 -1.455321e+01 7.424280e+00 4.254362e+00 1.360005e+00 5.091964e-01 -4.107061e+00 7.263829e-01 2.520027e-01 1.049311e+00 2.711436e-01 -1.365744e-01 1.301086e+00 -1.714043e+00 -4.722176e-01 -1.791521e+00 8.858538e-01 -6.918768e-01 1.373850e+00 -1.284784e-01 -3.690625e-02 
1.146375e+01 -2.830782e+00 4.719337e+00 2.126201e+00 -9.400473e-01 -3.708142e+00 -1.238303e+01 2.010920e+00 6.067745e+00 2.666764e-01 5.985171e-01 -3.454683e+00 6.794766e-01 -2.213202e-01 1.374807e+00 6.885504e-01 2.252576e-01 1.455025e+00 -1.283360e+00 1.769347e-01 -2.193431e+00 -4.774306e-02 -1.015259e+00 6.977861e-01 4.352215e-01 -4.899470e-02 
1.077938e+01 -1.747054e+00 5.423123e+00 3.245497e+00 1.602010e+00 -7.248173e+00 -1.259841e+01 -4.963412e-01 6.366016e+00 -1.874588e+00 1.555915e+00 -1.485522e+00 6.418774e-01 -8.368400e-01 3.195686e+00 1.125876e+00 9.149303e-01 2.191467e+00 -1.596442e+00 7.531320e-01 -1.586187e+00 -4.300739e-01 -1.117179e+00 2.655796e-01 4.032113e-01 -8.117239e-02 
1.021074e+01 3.943977e-01 5.987449e+00 5.342324e+00 1.356905e+00 -5.032449e+00 -1.233155e+01 -5.971252e-01 3.373479e+00 -3.073027e+00 1.257887e+00 -1.711014e+00 5.578816e-01 -2.190186e+00 2.726382e+00 1.054822e+00 1.782455e+00 2.698905e+00 1.103112e+00 3.144229e+00 1.706907e-01 3.416701e-01 -8.244469e-01 -3.738029e-02 -2.084070e-01 -9.878740e-02 
7.894554e+00 1.041794e+01 7.654225e+00 7.044737e+00 5.858253e+00 -8.560175e+00 -1.081329e+01 7.973678e-01 3.451126e+00 -2.556039e+00 1.507410e+00 -2.962840e+00 3.813184e-01 -3.690904e+00 9.945531e-01 1.027228e+00 2.453674e+00 3.343336e+00 2.595010e+00 5.396746e+00 1.749930e-01 2.110878e-01 2.050757e-01 -1.103159e+00 1.345353e-02 -7.683747e-02 
1.955242e+00 4.718629e+00 8.877894e+00 9.138858e+00 1.042635e+01 2.463417e+00 2.445553e+00 2.217519e+00 9.233541e+00 -3.514832e+00 4.358679e-01 -3.758060e+00 3.158191e-01 -4.397250e+00 -1.499313e+00 3.961695e-01 1.750739e+00 2.310237e+00 2.486223e+00 5.137028e+00 -1.221263e+00 2.183378e-01 2.075012e+00 -4.427826e-01 9.947144e-01 -1.887239e-02 
-3.547388e+00 1.063596e+00 9.114038e+00 1.361560e+01 1.378397e+01 1.978943e+00 6.996773e+00 -1.028698e+00 4.491424e+00 -6.283063e-01 -3.548872e+00 -3.947318e-01 3.787213e-01 -4.216257e+00 -3.759604e+00 -1.131565e+00 2.783419e-01 1.759020e-01 1.703975e+00 2.905108e+00 -6.147628e-01 -4.934178e-01 2.034886e+00 5.055214e-01 1.954375e+00 4.116616e-02 
-6.054538e+00 -2.424994e+00 7.238390e+00 1.081059e+01 8.945233e+00 2.129107e+00 4.448561e+00 -5.790407e+00 3.945019e+00 6.338166e+00 1.572115e+00 1.978504e+00 4.648182e-01 -3.415951e+00 -2.831865e+00 -2.986102e+00 -2.594874e+00 -2.142254e+00 -1.783769e+00 -1.376861e+00 -4.603311e-01 -1.628103e+00 3.125290e-01 -3.017416e-02 2.112650e+00 5.987258e-02 
-9.181841e+00 -4.808267e+00 2.816153e+00 7.600582e+00 7.478323e+00 1.268582e-01 2.710741e+00 1.727516e+00 3.628298e+00 2.691893e+00 3.466893e+00 3.940754e+00 5.126497e-01 -2.162455e+00 -1.829956e+00 -3.166143e+00 -4.705985e+00 -3.059096e+00 -2.048805e+00 -1.840023e+00 3.641735e-01 -1.056079e+00 -2.293690e+00 -6.283131e-01 9.833156e-01 4.401748e-02 
-1.230729e+01 -6.504761e+00 -2.903672e+00 -8.280022e-01 2.867904e+00 -5.529386e+00 -2.295738e+00 -1.462244e+00 1.524586e+00 -3.612287e+00 -3.222886e+00 4.637446e+00 5.482178e-01 -1.168891e+00 -9.185764e-01 -2.512696e+00 -3.740195e+00 -2.002585e+00 -1.529735e+00 -1.039139e+00 8.675129e-01 -8.740741e-01 -3.173695e+00 -1.554940e+00 1.625459e-02 2.335119e-02 
-1.123329e+01 -6.046300e+00 -1.645644e+00 -4.095029e+00 1.527150e+00 -4.435837e+00 1.168809e+00 -1.371912e+00 4.212463e-01 -7.121530e+00 -4.292938e+00 3.192375e+00 5.571089e-01 -1.982965e-01 -5.131594e-01 -8.360122e-01 -2.003733e+00 -1.776907e+00 -2.183993e+00 -1.296821e+00 -4.669665e-01 -7.213370e-01 -2.469178e-01 1.888376e-01 -2.114002e-01 1.108873e-02 
-1.087327e+01 -6.398860e+00 -3.094190e+00 -2.042580e+00 1.907895e+00 -3.238219e+00 2.383316e-02 9.687138e-02 1.178174e+00 -4.623597e+00 -2.322668e+00 2.433967e+00 5.593445e-01 1.215017e+00 2.617693e-01 3.232588e-01 4.266515e-01 -9.793768e-01 -1.215049e+00 -7.044409e-01 9.216233e-02 -6.178657e-01 1.635117e+00 1.546586e+00 -1.559327e+00 -1.442034e-02 
-1.089033e+01 -7.427015e+00 -1.268650e+00 -1.810796e+00 -9.262090e-01 -1.193869e+01 -4.933148e+00 -1.386874e+00 1.948190e-01 1.962959e+00 3.960973e+00 3.985493e+00 5.625299e-01 2.397123e+00 1.444528e+00 1.334825e+00 1.862583e+00 -1.240355e-01 -5.823842e-01 -1.329586e+00 3.976839e-01 -3.294175e-01 -8.628464e-02 3.302307e-01 -2.996205e+00 -4.167135e-02 
-6.403679e+00 -4.505558e+00 -1.475875e+00 1.631385e-01 -8.023005e-01 -7.853206e+00 -2.766964e+00 -9.939514e-01 -1.451528e+00 2.105594e-02 3.830875e-01 -3.555748e+00 4.734055e-01 2.883052e+00 2.804630e+00 5.964390e-01 2.020838e+00 2.064943e+00 4.828840e-01 -8.335602e-01 -9.691364e-01 -7.447650e-01 -1.690143e+00 -1.419848e+00 -3.219038e+00 -9.008926e-02 
-1.482469e+00 2.296877e-01 4.219326e+00 4.115026e+00 2.262070e+00 -5.040265e+00 -4.083721e+00 1.161919e+00 8.901024e-02 -9.875278e+00 -3.994662e+00 -8.793792e+00 3.917216e-01 2.347695e+00 2.666311e+00 -2.312904e+00 5.936517e-01 3.989764e+00 3.490103e+00 2.885690e-01 -1.430774e+00 -4.206825e-01 -1.661613e+00 -2.566601e+00 -1.620971e+00 -9.914809e-02 
-1.161940e+00 3.795938e+00 -2.855983e+00 5.098697e+00 1.063847e+01 -4.273012e+00 -4.568682e+00 -6.023207e+00 -2.492747e+00 -7.155193e+00 -5.444090e+00 -7.271580e+00 1.943024e-01 4.168990e-01 8.845481e-01 -4.117939e+00 -1.600746e+00 3.180847e+00 2.223358e+00 -7.178265e-01 -1.582829e+00 3.945962e-01 -1.052212e-01 -1.662308e+00 1.473511e-01 -6.820421e-02 
-1.772728e+00 1.753790e+00 -1.214312e+01 -1.310316e+00 1.330223e+01 3.721729e+00 -2.589444e+00 -6.026119e+00 -1.387985e+00 -2.756981e+00 -5.958444e+00 -2.261444e+00 2.063410e-01 -6.570401e-01 -4.592228e-02 -4.010997e+00 -2.691759e+00 1.415002e+00 1.937786e+00 9.474663e-01 4.503465e-03 5.536186e-01 1.131432e+00 -2.587155e-01 1.904390e+00 -3.934344e-02 
-4.174054e+00 -8.448682e-01 -1.388435e+01 -5.127919e+00 9.581855e+00 -1.117413e+00 -7.103234e+00 -5.314078e+00 1.259950e+00 -4.064199e+00 -6.946559e+00 -6.085166e+00 2.250748e-01 -8.184849e-01 -2.539420e-01 -9.680792e-01 -1.164851e+00 -6.932317e-01 1.158515e+00 6.980644e-01 2.253497e+00 2.259295e+00 8.873994e-01 1.039521e+00 2.077582e+00 -6.588697e-03 
-3.261612e+00 2.320479e+00 -1.032148e+01 -4.230458e+00 9.865385e+00 3.070867e+00 1.920887e+00 8.298719e-01 9.807552e-01 -5.763617e+00 -4.537005e+00 1.349526e-01 1.796182e-01 -4.957984e-01 8.737093e-01 1.625553e+00 -1.162004e-03 -1.381711e+00 -9.736745e-02 1.189489e+00 2.260302e+00 2.161598e+00 3.786214e-01 1.396260e+00 1.067650e+00 -1.952890e-02 
-4.509922e+00 2.242884e+00 -8.607199e+00 7.345111e-01 8.890732e+00 1.844994e+00 -3.333525e+00 1.816284e+00 7.619355e+00 -1.214878e+00 -9.572042e-01 1.918130e+00 1.747203e-01 -1.398117e-01 1.659709e+00 1.886025e+00 -2.254654e-01 -1.656934e+00 1.591608e-01 1.624960e+00 1.572585e+00 1.288155e+00 8.756906e-01 1.484206e+00 7.638720e-01 -2.033483e-02 
-4.083786e+00 4.578461e+00 -6.653926e+00 -4.247342e+00 6.739236e+00 1.753689e+00 1.473147e+00 1.710208e+00 6.240301e+00 -2.288534e+00 -1.971824e+00 -9.248407e-01 1.338738e-01 -2.814679e-01 1.164352e+00 1.586288e+00 -5.010028e-01 -1.627206e+00 -1.105625e+00 1.071998e+00 2.042083e-01 3.081909e-01 1.211054e+00 8.710159e-01 -4.438199e-01 -1.805133e-02 
-4.462026e+00 6.324685e+00 -6.287997e+00 -6.246805e+00 2.860261e+00 3.369799e-01 1.245437e+00 2.108677e+00 5.070953e+00 -1.423288e+00 -8.081179e-01 -1.735910e+00 1.462728e-01 -4.263586e-01 9.586102e-01 1.707122e+00 -6.739312e-02 -7.890342e-01 -2.755882e-01 2.336669e+00 7.980652e-02 -6.567398e-01 -9.419470e-02 -4.703149e-01 -1.078219e+00 -1.548494e-02 
-4.692900e+00 6.101338e+00 -3.549636e+00 -3.244814e+00 4.744588e+00 -1.703254e+00 4.991396e+00 1.704716e+00 3.795911e+00 3.958595e-01 -2.564679e-01 -2.571273e-01 1.035853e-01 -6.665307e-01 3.729799e-01 1.230778e+00 8.915710e-01 8.789346e-02 -1.315959e+00 4.815672e-01 2.220718e-01 1.030532e+00 1.285054e+00 -1.738294e-01 4.207733e-01 -1.104826e-02 
-6.337158e+00 6.274496e+00 -1.623735e+00 -1.037180e-01 5.942884e+00 2.195524e+00 6.590696e+00 2.218062e+00 5.557852e+00 -3.028049e+00 -4.166457e+00 -3.806824e+00 1.124398e-01 -6.508849e-01 5.068072e-01 8.892710e-01 9.900249e-01 1.318263e+00 -1.530692e+00 -1.204344e+00 7.696629e-02 1.020216e-01 9.791517e-01 -1.934949e-01 5.538437e-01 -9.210343e-03 
-6.478873e+00 6.468455e+00 -2.832165e+00 -2.861029e+00 5.637391e+00 -5.755378e+00 1.208353e+00 2.765875e+00 1.114951e+01 4.939118e+00 -1.161801e+00 2.214483e+00 9.554899e-02 -7.256344e-01 6.509783e-01 7.153064e-01 4.799427e-01 5.149328e-01 -1.154820e+00 -1.265616e+00 -5.932375e-01 -5.528032e-01 3.804365e-01 1.314291e+00 9.921885e-01 -5.410826e-03 
-6.823463e+00 8.675163e+00 -2.200377e+00 -1.488573e+00 9.005175e+00 -5.290421e+00 -2.884763e+00 1.962929e+00 1.904262e+00 1.200842e+00 -1.322926e+00 -2.024965e-01 1.042393e-01 -2.110236e-01 5.984036e-01 6.406457e-01 -6.598969e-02 2.596018e-01 -5.224766e-01 -5.573617e-01 -8.825074e-01 -5.759516e-01 -3.187431e-01 1.776984e+00 7.858895e-01 -8.559877e-03 
-8.077919e+00 8.155895e+00 3.152170e-01 -1.526733e-01 5.788106e+00 -3.734380e+00 3.401044e+00 -1.133905e+00 2.858690e+00 1.835966e-01 4.893221e+00 2.901651e+00 8.063143e-02 -2.472039e-01 7.037133e-01 6.093699e-01 -2.201692e-01 -5.403402e-01 4.435464e-01 8.824241e-01 -1.350346e+00 -8.490442e-01 -1.211959e+00 9.484474e-01 9.749520e-02 -6.093556e-03 
-6.592753e+00 8.422792e+00 5.802393e-03 -1.787844e+00 7.165535e+00 -1.427358e+00 2.707542e+00 -2.445850e-01 6.823503e+00 -2.244003e+00 1.690953e+00 -2.209603e-01 7.709920e-02 -4.639345e-01 -1.686081e-01 6.093974e-01 -4.744950e-01 -1.549807e+00 -6.579018e-01 9.926172e-01 -1.059862e+00 -3.342614e-01 7.007787e-01 2.241922e-01 2.539193e-01 -3.134155e-03 
-7.830248e+00 1.011321e+01 -8.884056e-01 -3.812240e+00 3.855510e+00 -5.469177e+00 2.824321e+00 -2.882100e+00 4.444667e+00 6.017437e-01 2.073496e+00 2.711191e+00 7.865125e-02 -6.784558e-01 -8.739019e-03 3.044391e-01 -3.480681e-01 -1.092776e+00 -1.908374e+00 -7.384504e-01 -8.165145e-01 -1.281071e+00 -7.784400e-02 -7.635587e-01 -2.796284e-01 6.377220e-03 
-9.266972e+00 6.853467e+00 1.448421e+00 -2.031265e+00 2.222437e+00 -7.712531e+00 2.366684e+00 -2.462281e+00 -5.600333e-01 4.495662e+00 1.207898e+00 1.162330e+00 8.955860e-02 -4.852949e-01 1.578881e-01 6.069188e-01 1.851613e-01 -3.337113e-01 -1.267863e+00 -1.431716e+00 -7.430683e-01 -1.747875e+00 2.159938e-01 -4.078444e-01 -1.476562e-01 4.041702e-03 
-1.013309e+01 8.896864e+00 1.116103e+00 -1.771303e+00 2.795777e+00 -1.013366e+01 -1.207790e-01 -4.107630e+00 1.451015e-01 -3.575456e+00 1.316955e+00 8.118637e-01 1.062878e-01 1.324045e-01 2.381334e-01 6.442816e-01 4.008226e-01 8.147079e-01 2.347599e-01 -1.695079e+00 -1.815005e-01 -7.627571e-01 -2.925452e-01 -5.264884e-01 -6.613445e-01 3.607154e-04 
-7.867807e+00 9.820404e+00 2.038142e+00 -1.882506e+00 6.026845e+00 -5.434429e+00 -2.978490e+00 -3.347162e+00 2.339098e-01 9.245656e-01 3.000236e-02 -9.577870e-03 8.348942e-02 5.063610e-01 6.857417e-01 2.101481e-01 1.863145e-02 1.083988e+00 9.255440e-01 -1.354806e+00 -1.009295e-01 1.676695e-01 -2.642170e-01 -3.642744e-01 -3.165258e-01 -3.493679e-03 
