-1.152444e+01 5.840983e+00 3.957906e-01 5.277741e+00 1.290296e+01 -5.559464e+00 -4.104673e+00 7.160262e+00 1.509748e+00 -1.017858e+00 4.474178e+00 8.353552e+00 -2.058113e-02 -5.277632e-01 1.249944e-02 7.513175e-02 -9.530403e-01 -1.495938e+00 -3.088517e-01 -6.441148e-01 -1.580651e+00 7.797716e-01 4.197800e-01 -1.199649e+00 -1.944940e+00 6.371534e-03 
-1.263649e+01 4.810070e+00 -2.145526e-01 1.363085e+00 6.032058e+00 -7.877813e+00 -4.012975e+00 4.578922e+00 3.610092e+00 1.411327e+00 2.948260e+00 7.856698e+00 -7.959008e-03 -4.467369e-01 4.375251e-01 8.500707e-03 -1.216434e+00 -4.179577e-01 2.981418e-01 -1.510987e+00 -1.929283e+00 1.356872e+00 9.972469e-01 -1.542677e+00 -2.349540e+00 7.620782e-03 
-1.360723e+01 6.418938e+00 1.076621e+00 2.469868e+00 8.858723e+00 -5.944548e+00 -7.371096e+00 5.476751e-01 4.358435e+00 -1.335506e-01 -7.611067e-01 -1.122721e+00 4.965484e-03 -2.233677e-01 3.142907e-01 7.290788e-01 -2.499507e-01 3.365160e-01 9.510662e-01 -7.260705e-01 -1.204670e+00 7.624524e-01 6.419085e-01 9.056790e-02 -1.840835e+00 2.305132e-03 
-1.271673e+01 7.739632e+00 9.787893e-02 5.995078e-01 1.283529e+01 -3.876213e+00 -1.002639e+01 8.201412e-01 6.869767e+00 3.526223e+00 -6.215668e-01 1.343989e+00 4.749477e-03 1.249773e-01 3.577463e-01 8.118515e-01 8.321716e-01 1.533278e+00 1.853885e+00 1.103546e+00 7.825880e-01 2.507545e-01 1.854165e-01 1.265258e+00 -6.542487e-01 -1.110429e-03 
-1.260116e+01 5.947656e+00 3.884969e+00 4.409777e+00 1.118392e+01 -2.804933e+00 -4.728316e+00 3.016305e+00 3.692173e+00 1.134236e+00 6.711931e+00 2.405729e+00 -1.540971e-02 4.475307e-02 -7.266833e-01 4.083467e-01 4.198492e-01 -6.636979e-02 5.973942e-01 2.164201e+00 1.672726e+00 2.101276e-01 8.384873e-01 1.893384e+00 9.514699e-01 -2.835447e-03 
-1.251464e+01 6.834442e+00 2.440531e+00 4.553988e+00 1.253584e+01 -1.781940e-01 1.833625e-01 7.257547e+00 5.196995e+00 1.704516e+00 5.538033e+00 2.821229e+00 -3.323555e-03 -8.866386e-02 -3.884760e-01 3.649879e-01 6.711861e-01 -1.063234e+00 -3.755834e-01 1.864040e+00 8.822031e-01 -5.319599e-01 -1.059023e+00 6.351697e-01 3.508278e-01 1.684463e-03 
-1.348451e+01 3.238117e+00 1.947028e+00 2.591874e+00 8.676597e+00 -4.806586e+00 -1.654972e+00 5.692602e+00 6.245459e+00 4.969739e+00 5.626015e+00 2.896009e+00 -5.175233e-03 -1.819250e-01 1.894625e-01 -7.874643e-01 -1.564980e-01 -7.215623e-01 -4.650975e-01 2.367749e-01 -5.528088e-01 3.183937e-02 -1.443210e+00 -1.043147e+00 3.057937e-01 9.407657e-03 
-1.271838e+01 7.152021e+00 2.891788e+00 4.864389e+00 8.772785e+00 -4.753304e+00 -2.242867e+00 3.893009e+00 2.933324e+00 -3.686643e+00 3.097239e+00 2.852988e+00 8.054554e-03 2.033508e-01 -5.935669e-01 -8.156769e-01 -1.118788e+00 -1.158745e+00 -4.399972e-01 -7.733279e-01 -1.710325e-01 -3.874717e-02 -1.745779e+00 -1.124827e+00 -1.144579e+00 5.948347e-03 
-1.340892e+01 6.736179e+00 -2.779822e-01 3.472086e+00 9.457642e+00 -2.842866e+00 -2.331327e+00 1.934530e+00 4.983205e+00 -3.386236e+00 2.716591e+00 3.918818e+00 2.593952e-02 1.318199e+00 -1.176121e+00 -1.303638e+00 -1.842801e+00 -9.743809e-01 -6.529058e-01 -6.108305e-01 6.811938e-01 -1.331085e-01 -1.517387e+00 -2.512893e-01 -6.113511e-01 1.961126e-02 
-1.153569e+01 2.117577e+00 -5.253484e-01 -1.480058e+00 6.351596e+00 -3.360040e+00 -3.345099e+00 8.281421e+00 5.634386e+00 -2.846393e+00 1.368608e+00 -3.413071e+00 1.086080e-02 7.677281e-01 -1.857567e+00 -1.433300e+00 -1.339199e+00 -3.953314e-03 -5.889449e-01 -1.662848e+00 -4.685887e-01 3.385234e-01 1.242983e+00 7.440920e-01 -1.732838e-01 8.368826e-03 
-7.484863e+00 -1.252656e-01 -2.862595e+00 -3.449908e+00 5.015286e+00 -8.767748e+00 -4.158008e+00 6.904365e+00 4.229385e+00 -3.037318e+00 5.233885e+00 2.972283e+00 9.147793e-02 5.032539e-02 -7.134002e-01 -7.035538e-01 2.260483e-01 8.739624e-01 -4.222699e-01 -1.426805e+00 -7.864178e-01 4.210250e-02 1.810114e+00 1.162680e+00 9.413622e-01 -3.432423e-03 
-1.184177e+01 1.294910e+00 -2.982404e+00 1.629394e+00 1.097420e+01 -4.735587e+00 -9.643765e+00 -9.348519e-01 5.002851e+00 2.353811e+00 5.559052e+00 2.459837e+00 1.712948e-02 -1.011709e+00 6.492864e-01 -2.483863e-01 7.427294e-01 9.478502e-01 -1.517217e-01 2.498264e-01 -1.232333e+00 9.537639e-02 1.773544e+00 1.055969e+00 2.190723e+00 -8.782625e-03 
-1.300425e+01 3.580512e+00 -2.567224e+00 3.047601e+00 1.151615e+01 -4.266442e+00 -6.316020e+00 2.610577e+00 5.509485e+00 3.064230e+00 6.434767e+00 5.689175e+00 5.643070e-03 -1.401722e+00 1.591011e+00 9.440504e-01 8.915724e-01 5.428821e-01 6.123594e-01 1.122351e+00 -2.279390e-01 2.207030e-01 1.846745e+00 -5.842920e-01 -7.224571e-01 -1.801246e-02 
-1.383453e+01 3.511120e+00 -1.914966e+00 -1.015166e+00 7.840414e+00 -6.369301e+00 -1.016961e+00 4.266650e+00 5.471218e+00 2.970550e+00 6.048013e+00 6.182097e+00 9.865105e-03 -3.480873e-01 1.444597e+00 7.431281e-01 -4.576584e-01 -7.806320e-01 -9.532550e-01 4.250969e-01 4.147688e-01 5.821804e-01 -3.824785e-01 -1.544070e+00 -1.352449e+00 9.631932e-04 
-1.349709e+01 6.721684e+00 1.323939e+00 2.330233e+00 9.296589e+00 -4.889093e+00 -2.859653e+00 3.163918e+00 5.098717e+00 5.888039e+00 2.067945e+00 -2.501133e+00 5.047798e-03 9.874058e-02 7.621134e-01 6.731762e-01 -5.415468e-02 -1.232847e+00 -1.002161e+00 -8.306090e-01 8.343863e-03 1.832905e-01 -1.777064e+00 -1.891863e+00 -1.786821e+00 1.661038e-03 
-1.333578e+01 6.947307e+00 -1.212344e+00 -3.002138e-01 8.180819e+00 -9.190536e+00 -9.246465e+00 8.623219e-01 8.119138e+00 -9.704859e-01 2.211601e-02 -2.072539e-01 2.224308e-02 3.034244e-01 1.297990e-01 5.298063e-01 9.034459e-01 -5.717154e-01 -3.986771e-01 -1.553123e+00 -5.485778e-01 -1.991132e-01 -2.114737e+00 -1.826218e+00 -4.345362e-01 3.904313e-03 
-1.275993e+01 5.672985e+00 4.473467e-01 2.419352e+00 5.181714e+00 -7.866629e+00 -6.354314e+00 4.354461e+00 5.101977e+00 -3.850570e+00 -1.159829e-02 -5.025336e-02 7.759273e-03 2.470443e+00 -1.637010e+00 -1.239885e+00 1.956589e-01 -1.439723e+00 -4.386355e-01 -1.566183e+00 -3.428594e+00 -2.542753e+00 -1.009005e+00 -4.678211e-02 -2.014643e-01 2.898207e-02 
-1.268599e+01 4.684465e+00 1.172361e+00 3.457504e+00 7.039274e+00 -6.873919e+00 -7.035248e+00 9.284899e-01 4.474021e+00 -2.733831e+00 -2.043306e+00 2.783977e+00 2.803093e-02 3.216023e+00 -2.119909e+00 -1.723928e+00 7.000248e-02 -1.284531e+00 3.640069e-01 -9.927183e-01 -4.637652e+00 -3.995042e+00 1.496995e+00 5.728216e-01 -1.937632e+00 4.414731e-02 
-1.469772e+00 -3.319464e-01 -6.067839e+00 1.429669e+00 2.668744e+00 -8.240580e+00 -1.179618e+01 -1.401214e+01 -5.792490e+00 1.724688e+00 2.866745e+00 -5.004070e+00 1.470642e-01 2.739703e+00 -1.553023e+00 -1.661155e+00 -7.159763e-01 -4.493076e-01 1.872951e+00 1.360425e+00 -3.044885e+00 -2.094409e+00 1.655096e+00 7.969463e-02 -2.077920e+00 3.215963e-02 
-2.900745e+00 -6.497722e-01 -6.574394e+00 5.446401e-01 3.014649e+00 -7.183527e+00 -1.148913e+01 -1.314264e+01 -6.408839e+00 3.726859e+00 1.447052e+00 -7.418507e+00 1.733271e-01 3.546060e+00 -2.187019e+00 -8.609778e-01 -2.743587e-01 -1.953503e+00 2.953261e+00 3.621194e+00 -1.186279e+00 -4.276445e-01 1.019597e+00 -3.765098e-01 -1.335050e+00 8.089627e-02 
-3.954037e+00 5.749867e-01 -3.985053e+00 2.959025e-01 4.947488e+00 1.652932e+00 2.674750e+00 -3.834400e+00 7.136440e-02 1.194566e+00 -1.358305e+00 -5.338615e+00 9.590930e-02 2.701125e+00 -2.034297e+00 9.361416e-01 6.077893e-01 -2.493652e+00 3.447367e+00 5.054114e+00 1.407942e+00 1.185322e+00 8.727798e-01 -1.482620e-01 3.364329e-01 1.112208e-01 
6.286438e+00 -6.704095e+00 -4.173921e+00 2.652594e+00 -3.867613e+00 2.945631e+00 3.835262e+00 -1.009177e+01 -5.961280e-01 2.629216e+00 -1.813331e+00 -3.724001e+00 4.580897e-01 3.979634e+00 -2.489473e+00 8.524283e-01 1.164142e+00 -3.758086e+00 1.817727e+00 4.596971e+00 1.368475e-01 2.359119e-01 5.758145e-01 5.012015e-01 7.768949e-01 1.467854e-01 
7.442264e+00 -7.476269e+00 -2.587368e+00 3.414639e+00 -6.358385e+00 3.931675e+00 5.812202e+00 -8.497863e+00 -2.772234e+00 6.637409e+00 3.755627e+00 -5.169158e+00 5.607867e-01 3.882632e+00 -2.332033e+00 2.073439e-01 6.360953e-01 -3.487238e+00 -6.624832e-02 1.642024e+00 -6.358747e-02 -2.232602e+00 6.165348e-01 1.390247e+00 3.774030e-01 1.592434e-01 
1.129927e+01 -9.071511e+00 -3.011095e+00 4.805982e+00 -1.012285e+01 7.657375e-01 9.927002e+00 -1.012667e+01 -3.807480e+00 3.884510e+00 1.396095e+00 -3.618761e+00 6.748153e-01 1.752705e+00 -1.071857e+00 3.474888e-01 -7.044719e-01 -1.658997e+00 3.312886e-01 9.328409e-01 1.780647e+00 -2.336373e+00 2.728357e-02 1.994195e+00 5.819796e-01 1.073072e-01 
1.295271e+01 -9.901472e+00 -3.529747e+00 2.399685e+00 -9.361084e+00 2.411637e+00 7.839002e+00 -4.134888e+00 -9.485970e+00 3.649593e+00 3.988219e+00 -3.504220e+00 7.837633e-01 1.281429e+00 -6.071877e-01 6.515898e-01 -1.731383e+00 -1.762390e+00 1.423382e+00 -1.534496e-01 1.719650e+00 -1.478419e+00 -6.116666e-01 1.629578e+00 8.703455e-01 9.218931e-02 
1.229474e+01 -1.085078e+01 -1.965287e+00 -3.622888e-01 -1.066125e+01 5.362093e+00 7.486067e+00 -3.370028e+00 -8.921124e+00 4.259542e+00 8.041348e+00 -1.646572e+00 8.831376e-01 4.491243e-01 -7.552184e-01 7.742232e-01 -1.304593e+00 -1.494854e+00 1.578536e+00 -6.726959e-01 1.779367e+00 -9.521461e-01 -2.067523e-01 1.897253e+00 8.981460e-01 7.566348e-02 
1.335167e+01 -9.622575e+00 1.476774e-01 -2.658140e+00 -1.490114e+01 8.750405e+00 6.265422e+00 -3.277936e+00 -7.607507e+00 3.391560e+00 8.580889e+00 -1.803525e+00 9.175721e-01 3.210520e-01 -1.162419e+00 1.219218e+00 9.591315e-02 -2.299594e+00 8.763145e-01 -3.146626e-01 7.596006e-01 2.310957e-01 -5.108324e-01 7.024446e-01 1.496864e+00 5.355641e-02 
1.334541e+01 -1.298705e+01 -9.786906e-01 8.119276e-01 -1.482709e+01 5.489033e+00 7.350312e+00 -1.658309e+00 -9.507441e+00 2.979765e+00 8.586027e+00 2.162112e-02 9.862283e-01 2.291126e-01 -9.867880e-01 1.083069e+00 1.049164e+00 -2.016960e+00 1.919365e-02 -3.878925e-01 9.206804e-01 -7.228069e-02 -6.630599e-01 -3.798057e-01 1.657479e+00 3.040233e-02 
1.403263e+01 -1.464543e+01 2.073047e+00 2.292142e+00 -1.877614e+01 6.729739e+00 6.333566e+00 -1.192744e+00 -8.037333e+00 1.735319e+00 7.228102e+00 3.146005e+00 1.000000e+00 -9.446764e-02 -3.592855e-01 5.516437e-01 8.840604e-01 -1.316401e+00 -3.754558e-01 2.565254e-01 7.714022e-01 -1.239062e-01 -8.747801e-01 -1.627248e-01 1.043005e+00 1.674953e-02 
1.309983e+01 -1.327329e+01 2.487373e+00 2.408389e+00 -1.880855e+01 6.468394e+00 5.512532e+00 1.907783e-01 -9.067616e+00 1.772362e+00 6.818713e+00 4.166056e+00 9.939353e-01 -1.192312e-01 9.432751e-01 4.507891e-01 -6.172346e-01 -8.912433e-01 4.508876e-01 6.620388e-02 5.765439e-01 -2.266798e-02 -7.785915e-01 -6.764588e-01 8.676869e-01 -9.598136e-05 
1.300213e+01 -1.127588e+01 1.172864e+00 9.639308e-01 -1.949241e+01 6.383446e+00 8.466939e+00 -3.454695e-01 -8.446951e+00 -3.786387e-01 8.650922e+00 1.339285e+00 9.974663e-01 -1.711806e-01 1.355019e+00 -2.018671e-01 -1.095263e+00 -1.850164e-01 -4.244505e-01 1.032076e+00 4.325857e-01 -5.866032e-01 -4.883946e-01 -5.955327e-01 3.892890e-01 -1.609820e-03 
1.326451e+01 -9.955449e+00 1.725347e+00 -1.610140e+00 -1.892517e+01 7.916617e+00 6.614645e+00 8.007734e-01 -9.415972e+00 1.437867e-01 4.492323e+00 5.263415e+00 9.870152e-01 3.122902e-02 1.037661e+00 -2.001974e-02 -8.698605e-01 -2.802261e-01 -1.014556e+00 1.495780e+00 -4.483538e-01 -2.772932e-01 -1.023137e-01 -6.912613e-01 2.150758e-01 -5.196410e-03 
1.309439e+01 -9.529255e+00 1.444725e+00 -1.174908e+00 -1.964291e+01 3.883375e+00 1.094289e+01 6.651876e-01 -1.079617e+01 1.076343e-01 5.413633e+00 4.543770e+00 9.954109e-01 -5.110168e-02 9.752494e-01 3.875419e-01 -4.758914e-01 -1.613154e-01 -1.319477e+00 8.222984e-01 -6.674975e-01 -1.696409e-01 5.145423e-01 -8.506848e-01 4.488488e-01 -1.635253e-02 
1.320984e+01 -8.958300e+00 2.251344e+00 -8.714936e-01 -2.013443e+01 2.645649e+00 1.175346e+01 -2.556319e+00 -9.279472e+00 1.017657e+00 4.981050e+00 3.639193e+00 9.689809e-01 -6.700230e-03 7.040232e-01 7.220483e-01 -1.691559e-01 -2.077751e-01 -1.274647e+00 5.412375e-01 -1.024871e+00 6.771885e-01 6.817815e-02 -1.454732e-01 -4.732901e-01 -2.219088e-02 
1.277395e+01 -6.898211e+00 2.847575e+00 -1.784849e+00 -1.969436e+01 2.421545e+00 1.000902e+01 -2.004410e+00 -9.363405e+00 1.757137e+00 4.153134e+00 4.395640e+00 9.247208e-01 -3.533707e-02 6.002321e-01 1.013335e+00 -3.389605e-01 -4.209831e-01 -5.344993e-01 -4.372619e-01 -3.658815e-01 9.888682e-01 -1.739982e-01 -4.469679e-01 -6.799330e-01 -2.177042e-02 
1.339122e+01 -7.750854e+00 4.634163e+00 -2.150949e+00 -1.993832e+01 2.274300e+00 9.787765e+00 -2.988780e+00 -6.746411e+00 -3.400741e-01 4.395206e+00 2.971030e+00 9.114059e-01 -1.824994e-01 3.855411e-01 7.951878e-01 -4.574887e-01 -6.659724e-01 5.148111e-02 -4.554750e-01 2.164172e-01 7.969580e-01 -3.937629e-01 -6.018375e-01 -8.621818e-01 -1.037038e-02 
1.282701e+01 -7.131817e+00 5.319991e+00 -2.229983e+00 -2.184588e+01 1.396553e+00 9.739427e+00 -9.479897e-01 -7.118359e+00 -8.349109e-02 3.471716e+00 1.478187e+00 9.153463e-01 -2.929438e-01 3.672506e-01 4.865199e-01 -1.091521e-01 -9.625157e-01 -1.772440e-01 -1.044736e-01 3.219239e-01 3.827950e-01 2.144964e-01 -1.316600e+00 -5.747448e-01 -2.558303e-03 
1.227081e+01 -6.913792e+00 4.991075e+00 -2.936370e+00 -2.238853e+01 3.415550e+00 9.610882e+00 -2.002443e+00 -6.417205e+00 -3.084278e-02 2.312572e+00 7.870104e-01 9.218162e-01 -3.919837e-01 6.413344e-01 2.462814e-01 2.199113e-02 -9.777054e-01 -1.737901e-01 -1.861642e-01 1.529580e-01 8.734570e-02 4.154539e-01 -1.226243e+00 -2.967077e-01 -4.817969e-03 
1.186944e+01 -5.480490e+00 5.101718e+00 -1.937899e+00 -2.328183e+01 9.646993e-01 9.575098e+00 -8.879590e-01 -7.614033e+00 2.675004e+00 -1.388549e+00 2.613926e+00 9.067241e-01 -1.025074e-01 4.743702e-01 4.519952e-01 -2.785025e-01 -4.967220e-01 -5.807227e-01 7.242832e-02 -4.154779e-01 5.454084e-01 -5.023799e-01 -5.118135e-01 -5.663238e-01 -1.043665e-02 
1.191009e+01 -5.369846e+00 5.974707e+00 -2.187035e+00 -2.410887e+01 1.621276e+00 8.939108e+00 -2.254005e+00 -6.061845e+00 3.579481e-01 6.941225e-01 9.196216e-01 8.916272e-01 2.468597e-01 3.390383e-01 5.804752e-01 -4.675713e-01 -7.243538e-02 -1.132246e+00 1.362994e-01 -3.238262e-01 7.407826e-01 -9.531804e-01 -5.237005e-01 -2.399467e-01 -1.674760e-02 
1.249484e+01 -5.531939e+00 7.088151e+00 -3.997164e+00 -2.346932e+01 -6.099234e-01 1.043746e+01 -2.899598e+00 -4.568997e+00 -2.789786e+00 1.721873e+00 -1.419738e+00 8.782576e-01 3.632327e-01 1.146983e-01 6.048883e-01 -9.073755e-01 4.069866e-01 -5.517299e-01 -6.958695e-02 -2.740313e-01 1.254978e+00 -1.474721e+00 -3.734686e-01 -4.318610e-01 -1.720880e-02 
1.319241e+01 -5.192876e+00 6.900234e+00 -4.244595e+00 -2.265696e+01 -1.458367e+00 9.861200e+00 -2.615755e+00 -4.235810e+00 -2.064350e+00 -1.861141e+00 1.604109e+00 8.523115e-01 3.900561e-02 3.307404e-01 5.364944e-01 -8.373184e-01 4.770172e-01 1.691406e-01 -5.503972e-01 9.181668e-01 -1.788187e-01 -7.735234e-02 -1.504940e+00 9.606019e-02 -1.620235e-02 
1.304444e+01 -4.995483e+00 7.663396e+00 -5.445997e+00 -2.197285e+01 -2.541285e-01 8.766117e+00 -2.077241e+00 -2.252161e+00 -3.487452e+00 -1.978260e+00 1.123776e-01 8.403379e-01 -6.775560e-02 4.043150e-01 3.759127e-01 -6.807312e-01 9.741146e-01 1.025173e+00 -1.077453e+00 1.057911e+00 -8.322946e-01 7.350928e-01 -1.711094e+00 3.108533e-01 -1.895806e-02 
1.183032e+01 -3.984372e+00 8.369556e+00 -5.649211e+00 -2.247202e+01 2.289082e+00 7.022791e+00 1.925650e+00 -8.114357e+00 3.200195e-01 -4.980512e+00 6.338650e-01 8.295752e-01 -1.927448e-01 2.599254e-01 -1.348979e-01 -4.778295e-01 1.876824e+00 1.556048e+00 -4.993443e-01 8.203512e-01 -8.023747e-01 1.900139e-02 -4.767354e-01 -8.190631e-01 -2.309065e-02 
1.283711e+01 -4.114615e+00 8.233053e+00 -6.698511e+00 -1.869122e+01 2.642218e+00 6.469393e+00 1.192555e-01 -6.791197e+00 -3.065069e-01 -5.273912e+00 6.196505e-01 7.948354e-01 -2.533190e-01 1.247437e+00 -9.006723e-01 3.940640e-01 2.181262e+00 1.621322e+00 4.510503e-01 6.755661e-01 -5.052181e-01 -6.299773e-01 -3.894396e-02 -6.019268e-01 -4.606011e-02 
1.233236e+01 -4.333683e+00 5.940916e+00 -6.007484e+00 -1.491366e+01 4.873700e+00 8.512841e+00 3.877536e-01 -5.978165e+00 -3.559816e+00 -2.596992e+00 -2.744843e+00 7.596095e-01 -6.834936e-01 1.996402e+00 -7.972928e-01 8.348854e-01 2.870313e+00 5.144094e-01 1.654038e+00 8.660120e-02 1.287682e+00 -7.836437e-01 -4.038119e-01 -8.024608e-01 -6.498642e-02 
1.152683e+01 1.416356e+00 4.374355e+00 -3.296540e+00 -1.484572e+01 6.560173e+00 1.027634e+01 2.069538e+00 -5.846347e+00 -4.697421e+00 -3.364739e+00 -1.207902e+00 6.450202e-01 -1.363789e+00 2.418177e+00 -3.458498e-01 1.037431e+00 3.030665e+00 8.083132e-01 1.078998e+00 -2.227728e-01 1.330616e+00 3.751467e-01 -1.215969e+00 -4.487334e-01 -7.926082e-02 
9.067989e+00 3.232152e+00 6.312441e+00 -3.175770e+00 -1.004320e+01 2.902152e+00 1.338950e+01 1.383515e+00 -2.148370e+00 -1.402742e+00 -7.954158e+00 -2.464663e+00 5.795507e-01 -1.544554e+00 2.343977e+00 -4.841031e-01 2.428546e-01 4.912600e+00 1.451323e+00 3.580074e-01 4.924941e-01 2.151061e+00 -2.766177e-01 -3.072265e+00 2.347210e-01 -7.689539e-02 
7.650347e+00 4.193353e+00 6.318042e+00 -2.927213e+00 -5.973120e+00 7.669558e+00 9.426049e+00 -1.492489e+00 -2.053014e+00 4.906895e-01 -8.675177e+00 -1.764107e+00 4.885607e-01 -1.129433e+00 8.909792e-01 -1.084412e+00 -3.970551e-01 5.267374e+00 1.734607e+00 -3.041135e-01 1.091959e+00 1.906258e+00 -4.445547e-01 -1.905096e+00 7.702592e-01 -5.650405e-02 
6.547828e+00 5.997703e+00 2.548557e+00 -4.977876e+00 5.213038e+00 1.157562e+01 1.072803e+01 4.631238e+00 2.880472e+00 -7.536960e+00 -1.530310e+01 -1.293136e+00 4.533623e-01 -4.084171e-01 2.777186e-01 -1.989025e+00 5.698097e-01 5.027868e+00 1.677969e+00 -2.638662e+00 -3.721537e-01 1.307213e+00 1.628300e-01 8.202497e-01 1.449574e+00 -4.051576e-02 
7.139744e+00 4.488477e+00 8.342365e-01 -4.380762e+00 3.863029e+00 1.089647e+01 1.008652e+01 5.905474e+00 1.170522e+00 -3.853086e+00 -9.215749e+00 2.057631e+00 4.255942e-01 -2.438605e-01 1.684314e-01 -1.778615e+00 3.972387e-01 3.717316e+00 9.093884e-01 -2.687460e+00 -1.587211e+00 1.353137e+00 8.489214e-01 1.946324e+00 9.617811e-01 -2.711701e-02 
7.281205e+00 4.473183e+00 -8.907807e-01 4.000535e-01 1.017806e+01 9.678540e+00 -1.340401e-01 -4.176235e+00 2.775924e+00 1.583295e+00 -3.582623e+00 2.872336e+00 4.084552e-01 -5.043947e-01 -5.482770e-01 -1.269567e+00 7.006520e-01 2.777328e+00 6.992779e-01 -2.875241e+00 -2.750363e+00 -9.973955e-03 1.594308e+00 2.793449e+00 2.285371e-01 -1.335115e-02 
6.064355e+00 5.797770e+00 -8.553619e-01 -3.629984e+00 1.013095e+01 1.316504e+01 1.419783e+00 -5.024806e+00 4.764946e+00 1.751690e-01 -4.803792e+00 9.620628e-01 3.754292e-01 -1.101331e+00 -1.021731e+00 -1.128979e+00 1.096564e+00 3.347025e+00 7.560526e-01 -2.058913e+00 -2.047699e+00 -1.366355e+00 3.092293e-01 1.322960e+00 -1.460893e+00 -6.803858e-03 
4.563549e+00 2.601671e+00 -2.954479e+00 -1.850005e+00 1.596572e+01 1.393773e+01 6.851895e-01 -3.655437e+00 1.033390e+00 -1.579547e+00 -3.541832e+00 3.973337e-01 4.116891e-01 -1.337792e+00 -1.506590e+00 -1.553395e+00 -2.019078e-01 1.127483e+00 1.368918e-01 -9.684557e-01 -6.042062e-01 -1.419787e+00 2.719721e-01 2.359586e-01 -2.029445e+00 -1.827915e-02 
2.991916e+00 3.155780e-01 -3.778809e+00 2.227085e+00 1.770433e+01 1.254714e+01 -6.176653e-01 -4.593422e+00 -4.789987e+00 -7.255182e-01 -2.621342e+00 -4.009334e+00 3.899580e-01 -1.654620e+00 -2.071501e+00 -2.429843e+00 -4.229393e-02 1.279670e-01 -1.713281e+00 -1.565923e+00 -1.302410e+00 -8.893149e-01 1.203318e+00 6.947851e-03 -1.037284e+00 -3.025638e-02 
2.128464e+00 -3.186712e-01 -7.196033e+00 -3.538020e+00 1.202879e+01 1.067195e+01 -3.957594e+00 -7.412958e+00 4.544563e-01 3.393499e+00 -3.494056e+00 -4.789189e+00 3.097951e-01 -1.831046e+00 -1.393512e+00 -2.086819e+00 -2.206920e-01 -7.522303e-01 -3.226828e+00 -3.342055e+00 -1.008065e+00 8.440703e-01 6.384383e-01 -1.305606e-02 -1.090641e+00 -5.042434e-02 
-9.912019e-01 -3.099565e+00 -1.088380e+01 -2.997446e+00 1.273925e+01 6.231526e+00 -4.088439e+00 -9.658096e+00 6.078377e-01 3.705235e+00 -4.792941e+00 -1.631098e+00 2.750943e-01 -1.402421e+00 -3.616242e-01 -9.693867e-01 -4.425190e-01 -9.307062e-01 -3.879967e+00 -4.067415e+00 3.856356e-01 2.171777e+00 9.495206e-02 4.085109e-01 4.866562e-02 -5.161647e-02 
-2.600124e+00 -2.658316e+00 -9.836079e+00 -3.411995e-01 1.468710e+01 9.613981e-01 -1.428970e+01 -6.163424e+00 2.554829e+00 -6.027312e-01 -2.521313e+00 -6.244989e+00 2.169992e-01 -1.047778e+00 9.457044e-02 5.880119e-01 6.060749e-01 -7.490391e-01 -2.961644e+00 -1.977697e+00 1.254776e+00 5.108429e-01 -1.396531e+00 -5.898980e-01 1.124414e-02 -4.251197e-02 
-1.655897e+00 -3.227205e-01 -7.305720e+00 -1.583920e+00 1.172164e+01 -1.997416e+00 -1.578869e+01 -3.290011e+00 5.018712e+00 1.747357e+00 -1.065158e+00 -3.038105e+00 1.782736e-01 -5.889276e-01 9.248551e-01 1.691677e+00 9.534625e-01 -6.327044e-01 -1.893533e+00 -1.111824e+00 1.784399e+00 -2.106225e-01 -2.144280e+00 -2.417621e+00 -2.042554e+00 -3.924287e-02 
-2.778078e+00 -1.234241e+00 -6.045015e+00 -1.214408e+00 8.792399e+00 -2.180147e-02 -7.995955e+00 -4.323119e+00 8.032339e-01 -2.610215e+00 -8.307437e+00 -4.029464e+00 1.456456e-01 -3.435938e-01 1.166541e+00 1.041132e+00 -1.443777e-02 -7.541136e-01 -9.112536e-01 1.081094e+00 1.633925e+00 2.173752e-01 -1.482789e+00 -2.553935e+00 -8.999254e-01 -3.201966e-02 
-3.846863e+00 8.126733e-01 -4.320947e+00 2.206470e+00 1.252308e+01 -2.744538e+00 -1.279443e+01 -1.656251e+00 4.305229e-01 -6.012422e+00 -1.398798e+01 -1.295163e+01 1.145568e-01 -5.282224e-01 9.093264e-01 1.226796e-01 2.143485e-01 7.709228e-01 -1.641813e-01 1.138885e+00 1.587083e+00 1.073338e+00 -1.306211e+00 -1.598175e+00 -4.110293e-01 -2.450730e-02 
-3.222610e+00 2.606695e+00 -6.122803e+00 -2.308584e+00 1.051581e+01 -3.221308e+00 -1.038136e+01 1.189320e+00 5.935800e+00 -4.136789e+00 -8.829576e+00 -5.787853e+00 8.875930e-02 -4.486217e-01 1.287197e+00 -2.537274e-01 1.978691e-01 3.797608e-01 -9.355353e-01 6.803936e-01 2.076492e+00 2.830581e+00 3.015279e-01 9.099692e-01 8.100203e-01 -2.047046e-02 
-4.074742e+00 2.303444e+00 -6.653428e+00 3.491020e-02 1.471455e+01 -1.218569e+00 -8.901565e+00 1.889183e+00 7.819117e+00 -4.020410e+00 -8.794966e+00 -4.214057e+00 8.418024e-02 -7.480911e-01 5.365195e-01 -8.207954e-01 3.263207e-01 -3.251793e-01 -2.018828e+00 9.021531e-01 1.053665e+00 2.112920e+00 1.015541e+00 2.424569e+00 2.259225e+00 -1.678607e-02 
-4.907247e+00 4.456360e+00 -6.147412e+00 8.607175e-01 9.595472e+00 -5.462463e+00 -6.540419e+00 4.286624e+00 1.126184e+01 -2.098581e+00 -6.354100e+00 -4.348150e+00 5.848157e-02 -1.042880e+00 5.371450e-01 4.187674e-01 1.086365e+00 -4.637401e-01 -1.714745e+00 3.172266e-01 8.069291e-01 1.036567e+00 1.305895e+00 1.414410e+00 5.759910e-01 -1.674877e-02 
-6.745000e+00 2.570438e+00 -8.412621e+00 2.253423e+00 1.135736e+01 -1.171810e+01 -1.020413e+01 2.063422e+00 8.332104e+00 -1.953822e+00 -3.102875e+00 -2.375358e+00 4.576528e-02 -7.097839e-01 8.671941e-01 1.083646e+00 5.225481e-01 -5.684835e-01 -1.233701e+00 3.562186e-01 6.741787e-01 -7.674326e-01 3.353255e-01 1.085265e+00 6.669614e-01 -2.277165e-02 
-7.101879e+00 5.158922e+00 -3.149370e+00 2.013983e+00 9.875708e+00 -6.545269e+00 -8.143941e+00 5.136846e+00 1.086214e+01 1.359395e+00 -4.603569e+00 -3.827247e+00 2.422291e-02 -6.557539e-01 9.280403e-01 1.856892e+00 1.660832e-01 9.752972e-01 2.954815e-01 3.581250e-01 -6.872709e-01 -1.499900e+00 -2.663881e-01 -1.129234e-01 -1.586254e-02 -1.884338e-02 
-6.526345e+00 6.288134e+00 -2.734219e+00 2.071018e+00 1.173201e+01 -6.845669e+00 -6.318711e+00 4.834966e+00 4.181805e+00 -4.072770e+00 -4.243907e+00 -1.139702e+00 -1.254869e-02 -6.368973e-01 1.035568e+00 1.990811e+00 -8.617541e-02 5.809430e-01 1.926331e+00 1.139391e+00 -8.655631e-01 -2.050292e+00 -2.498165e-01 6.302021e-02 6.023160e-01 -1.382324e-02 
-8.295343e+00 7.237714e+00 2.978458e-01 1.782337e+00 1.428463e+01 -6.421271e+00 -6.692505e+00 -5.355024e-01 5.837494e+00 -2.371048e+00 -6.348201e+00 -5.045290e+00 -6.578326e-03 -7.239121e-01 3.842071e-01 1.070978e+00 -3.628990e-01 -2.323178e-01 7.228696e-01 1.322708e-01 -5.989941e-01 -1.408341e+00 5.270851e-01 9.842045e-01 1.173881e+00 -5.612052e-03 
-9.332754e+00 6.708882e+00 -1.821730e-01 1.938370e+00 1.205761e+01 -2.148444e+00 -5.232898e+00 5.717809e-01 5.929633e-01 -1.337684e+00 -1.915458e+00 1.245244e+00 -7.950306e-03 -5.646307e-01 4.101501e-01 1.065190e+00 -5.019614e-01 -1.215253e+00 3.023903e-01 6.463708e-01 6.060896e-02 2.021798e-01 9.745778e-01 8.805525e-01 1.003057e+00 6.995201e-04 
-9.318235e+00 6.869583e+00 9.294955e-01 2.658122e-01 8.551318e+00 -5.279533e+00 -8.025494e+00 4.273468e+00 5.614858e+00 2.627277e+00 -8.467714e-01 8.496843e-01 -6.136537e-03 -5.812073e-02 6.703692e-01 9.701715e-01 6.703196e-01 -7.701985e-01 1.370645e-01 7.267386e-01 1.573857e+00 6.761150e-01 8.527478e-01 1.789201e+00 2.013235e+00 1.700771e-03 
-8.838053e+00 8.522949e+00 2.275904e+00 3.194730e-01 8.522401e+00 -5.904586e+00 -2.420363e+00 2.733525e+00 5.304023e+00 -1.699043e+00 -2.591860e+00 9.280960e-01 -9.271979e-03 -3.912544e-01 5.412237e-01 7.512653e-01 1.205623e+00 8.703268e-01 -1.631273e-02 6.084627e-01 1.857393e+00 8.186454e-01 1.760022e-01 1.949608e+00 1.517283e+00 7.417941e-03 
-8.833298e+00 9.682527e+00 3.919665e+00 5.943382e+00 1.220124e+01 -3.857878e+00 -4.465080e+00 6.252912e+00 6.862540e+00 2.073371e+00 2.936007e+00 5.179458e+00 2.586365e-03 -1.134673e+00 -4.643865e-01 -1.721816e-01 7.179203e-02 3.743660e-01 -1.289030e-01 3.347081e-01 1.253160e+00 -3.603515e-01 -9.471229e-01 8.925647e-01 4.687233e-01 5.173904e-03 
-1.153150e+01 8.008530e+00 2.079069e+00 5.127699e+00 1.458428e+01 -2.940836e+00 -3.970791e+00 8.869021e+00 4.062349e+00 -1.807196e-01 5.941195e+00 6.666775e+00 2.477795e-02 -1.275563e+00 -9.632479e-01 -7.050743e-01 -3.886103e-01 -7.063961e-02 -1.796012e-01 -3.296968e-01 6.403846e-01 -9.611729e-01 3.028468e-01 1.636146e+00 -1.994751e-01 5.023521e-03 
-1.364488e+01 4.804862e+00 1.670051e-01 -1.779341e+00 7.392208e+00 -7.405924e+00 -5.576738e+00 7.471521e+00 4.433937e+00 -2.867499e+00 -6.504752e-01 3.239613e-01 2.708018e-03 -7.293894e-01 -8.882545e-01 -4.949115e-01 -1.076666e+00 -1.364018e+00 5.067039e-02 -2.517977e-01 1.121042e-01 -2.830235e-01 -5.611032e-01 -6.230242e-01 -6.236178e-01 -3.778315e-03 
-1.281008e+01 6.145543e+00 6.268623e-01 2.237783e+00 1.057372e+01 -5.028569e+00 -3.513017e+00 5.326143e+00 1.712460e+00 2.285626e+00 7.382111e+00 2.358469e+00 1.578480e-02 1.185009e-01 -2.303680e-01 2.188490e-01 -2.461019e-01 -1.440147e+00 5.605618e-01 -4.340546e-01 5.450525e-02 7.308465e-01 -2.667013e-01 -1.393063e+00 -1.010945e-01 -8.768981e-03 
-1.184095e+01 6.172747e+00 2.171211e+00 2.005013e+00 7.386436e+00 -2.560659e+00 -5.952955e+00 8.584872e+00 6.622367e+00 -1.965317e+00 -8.995724e-01 4.215522e+00 -1.180863e-02 4.576975e-01 2.762974e-01 5.552760e-01 7.335937e-01 -3.198830e-01 1.215844e+00 -3.192372e-01 5.485431e-01 9.286768e-01 -2.446579e-01 -8.779877e-01 9.640175e-01 -5.662674e-03 
