-1.012352e+01 9.032240e-01 1.404458e+00 2.002559e+00 9.873204e-01 -3.368051e+00 6.482616e+00 -1.198355e+00 5.106752e+00 4.773782e+00 1.670370e+00 3.123302e+00 -4.927886e-02 5.995356e-01 5.833534e-01 2.985285e-01 -3.398823e-01 7.616690e-01 -1.275678e-01 -9.412607e-01 4.383753e-01 -2.853853e-01 -1.391069e-01 3.403387e-02 5.049462e-02 -1.532412e-03 
-9.687863e+00 8.248503e-01 2.051814e+00 1.364419e+00 1.419376e+00 -8.459846e+00 -1.044992e+00 -1.960294e+00 6.020203e+00 5.243304e+00 -7.036308e-01 3.175258e+00 -6.870449e-02 1.006312e+00 7.958313e-01 4.739968e-01 1.933285e-01 1.398010e+00 8.900240e-01 -8.334471e-01 1.322400e-01 2.929700e-01 2.987925e-01 -1.539382e-01 -3.385130e-01 -8.090138e-04 
-7.343672e+00 3.859178e+00 2.573423e+00 6.222168e-01 4.579638e+00 -1.459992e+00 5.540117e+00 1.374491e+00 3.223101e+00 3.843487e+00 3.027540e+00 3.349798e+00 -4.722810e-02 1.047034e+00 7.540952e-01 -2.323443e-01 2.685665e-01 1.337378e+00 2.002632e+00 -3.659491e-01 -2.794121e-01 -1.060052e-01 2.742966e-01 -1.041941e+00 -1.003205e+00 6.472445e-03 
-6.481887e+00 3.404404e+00 3.189960e+00 3.659372e+00 6.181210e+00 1.280398e-01 2.786630e+00 -1.823578e+00 7.513428e+00 6.732892e+00 2.220944e-01 1.317490e+00 -5.434930e-02 8.983846e-01 7.297125e-01 -4.656363e-01 -1.099227e-01 1.060619e+00 2.590600e+00 9.125689e-01 4.508733e-01 -2.282744e-01 1.265075e+00 -3.204975e-01 -8.717834e-01 1.107038e-02 
-6.491342e+00 3.383923e+00 -3.263364e-01 2.197915e+00 5.293293e+00 2.351165e+00 2.737059e+00 -2.663773e+00 3.830113e+00 5.400471e+00 -4.002197e+00 -9.638403e-01 -2.409422e-02 4.850271e-01 3.349556e-01 3.133278e-01 4.093221e-01 6.524060e-01 -1.281497e-01 -4.705694e-01 -5.993629e-02 -5.530537e-01 1.197825e+00 3.043721e-01 -3.898714e-01 3.858793e-03 
-5.622106e+00 4.711040e+00 1.173512e+00 2.695632e-02 6.365641e+00 2.587578e+00 4.919381e+00 2.313205e+00 4.575324e+00 1.079019e+01 1.208751e+00 9.731600e-01 -2.491951e-02 4.687465e-01 4.306490e-01 3.560852e-01 1.521988e-01 -1.597347e-01 -3.827924e-01 1.045318e-01 1.229439e+00 -1.140489e+00 3.807061e-01 1.485027e+00 8.628775e-01 4.795658e-03 
-5.348427e+00 4.880638e+00 5.148286e+00 4.485035e+00 7.749453e+00 -3.330510e+00 2.120894e+00 -9.935824e-01 1.926884e+00 7.803965e+00 4.056073e+00 1.572606e+00 -4.264903e-02 5.933526e-01 -2.145848e-02 7.084676e-01 5.335343e-01 3.630805e-01 -6.338980e-02 1.104471e+00 1.218655e-02 -3.694429e-01 -6.923923e-01 2.835125e-01 1.614077e-01 -7.748556e-03 
-4.709612e+00 4.809291e+00 2.233075e+00 3.276806e+00 4.154456e+00 1.054915e+00 3.617372e+00 3.488521e+00 2.762599e+00 7.434676e+00 3.618095e+00 4.363654e+00 -2.109361e-02 3.476200e-01 -6.265341e-01 -3.389556e-01 5.756096e-01 6.153857e-01 9.618614e-01 1.604103e+00 6.919933e-03 4.649834e-01 -1.810330e+00 -2.217344e+00 -6.527516e-01 -6.137895e-03 
-3.980825e+00 3.227505e+00 2.686220e+00 3.240662e+00 8.214287e+00 2.800547e+00 8.910421e+00 -3.190499e+00 2.889261e+00 3.616265e+00 -3.789307e+00 -1.852049e+00 -6.474996e-02 4.166222e-03 -2.193073e-01 -2.006930e-01 -1.225615e-03 1.312437e-01 1.919128e+00 1.293626e+00 4.992559e-01 4.733286e-01 -1.642437e+00 -2.558246e+00 -7.522011e-01 2.067113e-03 
-4.567806e+00 2.404936e+00 7.097672e-01 3.527191e+00 9.210152e+00 4.331357e+00 9.545134e+00 3.446263e+00 6.419053e+00 3.832386e+00 -5.955276e+00 -5.782705e-01 -4.455853e-02 -1.168203e-01 -2.553556e-01 -9.440915e-02 -9.763937e-02 6.329878e-01 1.036374e-01 -8.103771e-01 -1.221214e+00 9.595752e-03 -1.903098e+00 -1.267010e+00 -2.661554e-01 -2.808666e-03 
-5.398499e+00 4.986279e+00 4.906475e+00 4.353714e+00 5.877823e+00 4.626909e+00 5.625143e+00 1.523826e+00 2.465300e+00 1.392925e+00 -3.948471e+00 2.825628e-01 -2.058101e-02 -3.857653e-01 3.020673e-01 -1.564035e-02 -7.622374e-01 -5.112057e-02 -9.838781e-01 -3.139159e+00 -5.869094e-01 -2.239286e-01 -7.047582e-01 5.351195e-01 3.641104e-01 1.695752e-03 
-4.584877e+00 2.653127e+00 6.509019e-01 2.232083e+00 8.487627e+00 6.599214e-01 1.208125e+00 -4.974712e+00 3.022558e+00 -9.691420e-01 -2.637373e+00 1.965571e+00 -5.722141e-02 -9.085178e-03 1.220438e-01 -1.985455e-01 -1.142082e+00 -9.693331e-01 -1.405582e+00 -2.178318e+00 -3.110849e-01 1.051147e+00 9.906737e-01 1.833063e+00 -2.566651e-01 -4.367125e-03 
-5.901116e+00 4.613747e+00 2.637451e+00 7.702887e-02 8.319946e+00 -2.831259e-01 -2.616869e+00 -1.914559e+00 3.467865e+00 2.493238e+00 -2.772661e+00 -1.303418e+00 -4.993975e-02 1.128946e-01 -1.342028e-01 -2.640174e-01 -1.211673e+00 -8.393480e-01 -2.920540e-01 -3.745275e-01 -1.604711e-01 1.804770e+00 2.408003e+00 1.675612e+00 -4.437422e-01 -5.498087e-03 
-4.361923e+00 3.201421e+00 8.515519e-01 -4.487813e-02 3.142425e+00 -2.415347e-01 2.774551e+00 3.610030e+00 1.117351e+01 8.235598e+00 2.622132e+00 -1.068605e+00 -5.171478e-02 -8.920250e-02 4.702660e-01 3.319722e-01 9.733833e-02 -4.807572e-01 7.854110e-01 1.822139e+00 1.509871e+00 1.080647e+00 1.479896e+00 5.923362e-01 -9.336576e-01 5.255627e-03 
-4.945502e+00 4.041117e+00 3.486063e+00 -5.661688e-01 4.353684e+00 3.617367e+00 2.969293e+00 -3.570900e+00 7.413675e+00 8.830570e+00 1.799835e+00 -4.190598e-01 -5.082476e-02 -5.214484e-01 -4.714204e-01 -2.908605e-01 1.277856e+00 3.273943e-01 1.777446e+00 3.620183e+00 2.623447e+00 9.576656e-01 1.878899e-01 6.004862e-01 -1.662109e-01 3.227472e-03 
-5.508697e+00 5.290771e+00 1.886457e+00 3.040373e+00 8.066972e+00 2.636730e+00 7.525738e+00 3.402814e+00 6.452891e+00 3.261670e+00 -1.961940e+00 -3.144896e+00 -3.050077e-02 -1.305892e+00 -6.739521e-01 -2.850505e-01 8.026010e-01 9.326361e-01 3.356364e-01 1.913100e+00 1.635246e+00 2.400748e-01 2.082486e-02 6.077378e-01 6.869413e-01 -4.243374e-03 
-7.934972e+00 1.211969e+00 6.656960e-01 4.923685e+00 7.494645e+00 7.164972e+00 1.310845e+01 1.130628e+01 1.061650e+01 5.919651e+00 2.521806e+00 -1.096327e+00 -4.440939e-02 -9.558913e-01 -6.102139e-01 -5.014542e-01 2.261269e-01 4.431725e-01 -7.663995e-01 9.483296e-01 1.249719e+00 4.680952e-01 -3.030046e-01 2.699407e-01 9.304107e-01 -8.139181e-03 
-9.396647e+00 1.246235e+00 8.364834e-01 1.223200e+00 6.235125e+00 -3.371550e-01 7.270469e+00 4.347666e+00 1.077247e+01 9.795181e+00 5.299836e+00 2.704735e+00 -7.613933e-02 -4.450021e-01 -4.852598e-01 -1.273182e-01 -3.464168e-01 3.823265e-01 4.917792e-01 -1.035811e+00 -9.206988e-01 -5.814123e-03 9.026446e-01 -3.722827e-01 6.541713e-01 -9.456634e-04 
-7.780983e+00 3.012316e+00 1.503779e+00 1.473053e+00 7.485471e+00 1.272312e+00 7.838575e+00 2.205271e+00 7.594363e+00 4.048792e+00 -4.813491e-01 1.308179e+00 -6.870139e-02 4.205314e-01 -1.737057e-01 -5.046083e-01 -4.457140e-01 -4.522552e-01 -7.031648e-01 -2.567497e+00 -2.790652e+00 -1.806888e+00 -9.210472e-01 -8.209149e-01 3.155285e-01 9.722209e-03 
-7.810701e+00 1.964299e+00 8.308241e-01 3.033605e+00 9.983191e+00 8.041956e+00 4.981623e+00 3.349826e+00 7.934889e+00 8.710323e+00 -2.321777e+00 -1.076292e+00 -2.308309e-02 -8.180929e-01 -1.699655e+00 6.117969e-01 1.010882e+00 -1.637673e+00 -6.398140e-01 -3.226784e+00 -3.246549e+00 -2.080846e+00 -7.968842e-01 -3.231953e-01 -4.627497e-02 5.644126e-02 
-6.625288e+00 -1.559150e-02 -1.854516e+00 1.789912e+00 3.359335e+00 -5.404078e-01 1.415395e+00 -2.148056e+00 3.000849e+00 1.856844e+00 2.228038e+00 2.371829e+00 -2.232647e-02 -1.483280e+00 -1.757470e+00 9.497469e-01 9.877492e-01 -1.776190e+00 -1.380478e+00 -3.316925e+00 -2.902767e+00 -1.213269e+00 4.932010e-01 3.131412e-01 -5.236907e-02 5.736937e-02 
-1.406496e+01 -5.738084e+00 5.574615e+00 6.119178e+00 1.098266e-01 -2.629865e+00 -5.651859e+00 -9.708418e+00 2.664994e+00 6.906735e+00 2.329166e+00 1.941535e+00 1.828795e-01 -1.342095e+00 -6.122428e-01 2.150517e-01 -3.927111e-01 -1.486836e+00 -2.011339e+00 -1.169965e+00 -1.620349e+00 -6.658918e-01 5.171624e-01 1.609295e+00 1.083761e+00 1.922835e-02 
-1.207025e+01 -1.923844e+00 3.880618e+00 4.869012e+00 3.541202e+00 -2.941657e-01 -3.429310e+00 -5.779444e+00 4.162968e+00 7.416592e+00 -1.241114e+00 -4.625797e-01 1.151642e-01 -4.741272e-01 9.040715e-01 -1.533312e+00 -1.222054e+00 -3.530749e-01 8.786232e-01 1.011848e+00 1.171345e+00 5.188425e-01 1.378425e+00 -1.076083e-01 4.436726e-01 -2.727073e-03 
-1.179869e+01 -1.427883e-01 -9.614843e-01 -4.695005e-01 2.458080e+00 -2.137859e+00 1.554149e+00 -2.936226e+00 4.024371e+00 8.516261e+00 7.459277e+00 5.759717e+00 4.313350e-03 1.246900e+00 1.676992e+00 -2.597012e+00 -1.731546e+00 1.548321e-01 -2.177134e-01 2.604724e+00 2.381849e+00 1.128953e+00 2.472145e-02 2.806556e-01 1.293875e+00 -5.225714e-02 
-1.012906e+01 1.707118e+00 -6.253028e+00 -1.026021e+00 4.198337e-01 3.606705e+00 2.871634e+00 3.225707e-01 4.915373e+00 7.944208e+00 -8.750595e-01 2.681101e+00 5.332124e-02 1.530477e+00 -2.340420e+00 -2.982976e+00 -1.420495e+00 -1.213838e-01 2.368068e+00 1.893867e+00 -1.744819e+00 -4.076765e-01 -3.331459e-01 -1.988496e-01 4.641653e-01 1.029264e-02 
-8.801058e+00 8.313954e-01 -2.343623e+00 4.089619e-01 2.444671e+00 -5.668868e+00 4.221288e+00 -8.501800e-01 7.933556e+00 6.766534e+00 3.549417e+00 6.839070e+00 -4.748476e-02 1.427145e+00 -3.551569e+00 -2.408706e+00 -5.966070e-01 8.656766e-01 3.944753e+00 8.271503e-01 -4.960317e+00 -1.484416e+00 -7.615306e-01 -7.947205e-01 -1.345038e+00 6.383716e-02 
-5.916684e+00 -1.411304e+01 -1.034319e+01 -2.672693e+00 2.940987e+00 1.331168e+01 4.706453e+00 -1.554656e+01 1.699929e-01 6.625726e+00 -2.804323e-01 1.318571e+00 1.925264e-01 -3.331695e-01 -8.580804e-01 -2.244416e-01 -3.824993e-01 2.032823e+00 9.541364e-01 -5.734392e-01 -3.272238e+00 -1.156784e+00 8.477941e-01 1.182185e+00 -7.966226e-01 4.812828e-02 
-6.769156e+00 -9.990553e+00 -1.095993e+01 -2.629200e+00 5.525886e+00 1.273342e+01 4.772491e+00 -1.980324e+01 -1.025017e+00 5.367849e+00 3.188361e+00 -2.842093e-01 2.538965e-01 -2.180723e+00 1.680945e+00 1.380729e+00 1.469026e-01 1.318337e+00 -1.012018e+00 1.556766e-01 1.646086e+00 -2.622125e-01 1.028926e+00 3.733883e-01 -9.382776e-01 5.784410e-02 
-1.281086e+01 2.827691e+00 -3.067080e+00 -1.419437e+00 9.043341e+00 -8.237583e-01 -2.711635e-01 -6.562090e+00 3.610741e+00 1.288252e+01 5.216395e+00 2.259627e+00 1.432720e-01 -2.857225e+00 2.816946e+00 3.963257e+00 2.555906e-01 1.092371e+00 -4.677010e+00 7.807020e-01 6.380540e+00 1.066029e+00 1.351824e+00 1.124790e+00 1.635245e-01 1.484826e-02 
-1.625758e+01 7.657559e-01 9.219667e-01 5.168470e-01 5.985182e+00 -3.661240e+00 7.488479e+00 2.888013e+00 4.902119e+00 8.782766e+00 2.667944e+00 1.677153e+00 2.663630e-01 -1.446562e+00 1.000093e+00 3.321805e+00 -5.177635e-01 -2.311727e+00 -2.786819e+00 2.884480e-01 4.813130e+00 -1.527976e+00 4.444937e-01 2.161584e-01 6.193234e-01 3.147997e-02 
-1.545860e+01 -5.406462e+00 3.532143e+00 -2.967763e+00 8.173192e+00 -1.876038e+00 7.251968e+00 5.010508e+00 2.536571e+00 1.167739e+01 5.603724e+00 1.155512e+00 2.605345e-01 2.700291e-01 -1.106928e+00 2.440358e+00 -1.209890e+00 -4.089274e+00 3.497193e-01 1.203603e-01 7.251877e-01 -3.997605e+00 -1.058599e+00 1.222828e+00 6.804490e-01 3.552990e-02 
-1.267810e+01 -8.730125e-01 2.349476e+00 -4.443854e+00 -5.597676e+00 -6.745320e-01 2.453165e+00 -1.523890e+00 -8.127814e+00 8.192883e+00 4.075488e+00 3.364465e+00 3.526651e-01 -3.394390e-01 -9.773697e-01 2.973952e+00 -1.872805e+00 -1.826189e+00 -2.015818e-01 -2.279345e+00 8.023505e-01 -2.244918e+00 -1.929242e+00 1.578518e+00 1.081662e+00 4.162871e-02 
-1.325045e+01 -1.887566e+00 8.420957e+00 -4.988538e+00 -5.611602e+00 -5.685160e-01 2.848295e+00 -7.302001e-01 -9.862316e+00 7.884469e+00 1.062676e+01 4.818216e+00 2.777704e-01 -1.931316e+00 -2.009313e+00 3.234530e+00 -7.049122e-01 1.478407e-01 -1.800986e+00 -1.232899e+00 3.203984e+00 2.425582e-01 -3.464191e+00 5.263070e-01 7.378867e-01 9.217189e-02 
-1.905885e+01 -5.880540e+00 1.334732e+01 -7.836792e+00 3.746633e+00 -5.322910e+00 -1.706410e+00 9.770120e+00 -1.230288e-01 1.033017e+00 8.049013e+00 5.254111e+00 4.658886e-01 -1.503066e+00 -4.383374e+00 2.029854e+00 3.437009e+00 2.627328e+00 -2.798381e+00 -3.734199e-01 3.690727e+00 3.655596e+00 -3.266432e-01 -5.873171e-01 -8.673243e-02 6.786466e-02 
-2.192480e+01 -1.294926e+01 1.420587e+01 -4.795855e+00 4.240242e+00 -8.556778e+00 3.167260e+00 1.538342e+01 -2.530303e-01 -2.063632e+00 6.248497e+00 3.900122e+00 6.647822e-01 8.664312e-01 -4.657251e+00 -1.096896e+00 6.257329e+00 3.711501e+00 -2.310778e+00 -9.864584e-01 2.336193e+00 4.907085e+00 1.053762e+00 -1.268606e+00 -1.447086e+00 4.169825e-02 
-1.585625e+01 -1.725904e+01 9.606288e+00 1.264485e+01 2.613043e+00 -1.067231e+01 4.265828e-01 8.872931e+00 5.345524e+00 1.153372e+01 3.328035e+00 3.389850e+00 4.984825e-01 3.499906e+00 -1.522372e+00 -3.788845e+00 5.685888e+00 1.991644e+00 -2.898846e-01 -2.034346e+00 -2.409853e+00 2.568151e+00 1.939247e+00 -1.783670e+00 -2.750722e+00 -8.834413e-02 
-1.051960e+01 -1.948458e+01 4.806991e+00 1.605729e+01 1.351270e+01 -9.447708e+00 -3.150493e+00 1.139936e+01 1.193884e+01 7.902928e+00 6.644221e+00 -1.485084e+00 4.699647e-01 3.458023e+00 3.080256e+00 -3.992748e+00 5.503389e-01 2.058372e-01 1.566350e+00 -3.647855e-01 -5.287717e+00 4.028141e-01 1.266940e+00 -1.126089e+00 -1.898434e+00 -1.808285e-01 
-7.261920e+00 -1.022474e+01 -8.974661e-01 1.016608e+01 9.068624e+00 -6.326868e+00 -8.719263e+00 -2.871090e-01 6.621794e+00 5.745974e+00 -1.067199e+00 -5.806897e+00 1.215767e-01 1.754113e+00 5.316118e+00 -2.915971e+00 -5.019523e+00 -1.096021e+00 2.579423e+00 1.910560e+00 -3.992342e+00 -1.751874e+00 -1.220436e+00 -8.471681e-01 -2.664375e-03 -1.647840e-01 
-8.931850e+00 -1.065130e+00 -5.059931e-01 -8.047742e-01 2.041637e+00 -2.897749e+00 5.916255e+00 -6.475143e+00 1.122905e+00 7.164940e+00 2.815668e+00 -9.936755e-01 -5.090761e-02 3.945839e-01 5.104887e+00 -1.220897e+00 -4.596868e+00 -3.067606e+00 2.456147e+00 2.304234e+00 -3.142530e+00 -3.816721e+00 -8.665888e-01 -7.615309e-01 8.906280e-01 -1.165216e-01 
-7.879561e+00 1.118312e-01 -2.317078e+00 -4.021732e+00 2.868470e+00 -1.050170e+00 5.446010e+00 -2.151530e+00 1.994121e+00 5.800533e+00 1.006471e+00 3.130824e+00 -6.500113e-02 9.482832e-02 2.226467e+00 -2.620674e-01 -2.432309e+00 -1.730716e+00 1.812074e+00 2.423527e+00 -5.767778e-01 -3.022263e+00 -3.252777e-01 4.429657e-01 1.048530e+00 -2.628657e-02 
-8.237857e+00 8.715677e-01 -5.876911e-01 1.668545e-01 1.274747e+00 1.946756e-01 1.288040e+00 -3.381083e+00 -4.830933e+00 3.542704e+00 1.799732e+00 -1.500805e+00 -1.935446e-02 1.661696e+00 9.153774e-01 9.846627e-01 1.051793e+00 6.214795e-02 1.599812e+00 9.115839e-01 7.778605e-01 -2.224149e+00 1.836649e-01 -9.175471e-02 -1.264163e+00 1.112688e-02 
-7.134775e+00 -6.076074e-02 -2.166954e+00 -2.481285e+00 7.984903e-01 1.187288e+00 5.712480e+00 -4.718028e+00 -5.512603e+00 5.930704e+00 1.655598e+00 -3.106836e-01 -2.563274e-02 3.888867e+00 2.741770e+00 2.577119e+00 1.751003e+00 -9.167141e-01 9.192584e-02 6.900510e-01 -1.682101e+00 -3.002062e+00 2.794552e-01 3.860598e-01 -1.930482e+00 7.948347e-02 
-9.957647e-01 3.598053e+00 4.342259e+00 3.683966e+00 3.387367e+00 3.982582e+00 1.034094e+01 -1.302592e+00 -6.244476e+00 8.018180e+00 2.032331e+00 -5.593735e+00 -1.495743e-02 5.492220e+00 3.685482e+00 2.019538e+00 1.895224e-01 -1.690854e+00 -5.252896e-01 8.436161e-01 -2.576054e+00 -2.195689e+00 -7.649827e-03 -3.557901e-02 -2.314885e+00 1.268382e-01 
7.943727e+00 1.245744e+01 8.103542e+00 2.974725e+00 -2.771410e+00 -2.484494e+00 4.369816e+00 -1.160128e+01 -1.230942e+01 4.960072e+00 2.820471e+00 -4.475120e+00 3.302177e-01 4.799274e+00 3.358902e+00 1.151761e+00 3.252262e-01 -1.964768e+00 -1.194407e+00 -9.092876e-01 -1.908059e+00 -1.132575e+00 -8.318627e-01 9.907925e-02 -1.123377e+00 1.237401e-01 
1.168399e+01 1.303988e+01 4.374754e+00 -1.613539e+00 -5.394576e+00 -5.958814e-01 6.177453e+00 -1.281973e+01 -1.241097e+01 3.989771e+00 1.039400e+00 -1.099301e+01 4.369112e-01 3.075763e+00 1.339769e+00 -1.046335e+00 -1.835883e+00 -1.939419e+00 -6.449564e-01 -2.474245e+00 -9.433333e-01 6.868348e-01 -1.905462e+00 7.371263e-01 9.367933e-01 9.872115e-02 
1.052172e+01 1.201283e+01 3.575601e+00 1.793599e+00 -4.634379e+00 -2.495518e+00 3.247786e+00 -8.499754e+00 -8.092231e+00 3.785595e+00 2.647459e+00 -3.227932e+00 3.671334e-01 1.523513e+00 -5.033028e-01 -2.138171e+00 -1.968577e+00 -8.582376e-01 3.715547e-01 -2.278127e+00 1.741476e+00 3.239000e+00 -2.282300e+00 4.853679e-01 2.230715e+00 4.455050e-02 
1.309405e+01 1.051920e+01 1.374557e+00 -4.904888e+00 -5.378243e+00 7.633119e-01 -1.469268e+00 -7.570020e+00 -4.918895e+00 -9.218922e-01 5.804468e+00 -1.533362e+00 4.601905e-01 7.908713e-01 -1.320005e+00 -1.228096e+00 -2.269307e+00 -2.083572e+00 7.062064e-01 -2.151771e+00 1.416958e+00 3.953373e+00 -2.914830e+00 1.283464e+00 1.715504e+00 4.938563e-02 
1.485626e+01 1.120126e+01 -1.087212e+00 -5.222485e+00 -7.070765e+00 -1.306317e+00 -3.197457e+00 -5.518752e+00 1.395478e-01 -3.995600e+00 2.864776e+00 1.948632e+00 5.413306e-01 7.210065e-01 -1.174126e+00 -6.210307e-01 -3.398286e+00 -3.438646e+00 4.002752e-01 -6.439498e-01 1.140091e+00 2.226488e+00 -2.458856e+00 9.490467e-01 -5.948918e-01 7.225312e-02 
1.347108e+01 6.845641e+00 5.656786e-01 -9.452032e+00 -1.459424e+01 2.340550e+00 -1.358781e+00 -7.225440e+00 3.240006e+00 -6.693783e+00 7.348063e+00 -5.003773e+00 5.967407e-01 2.387516e-01 -1.245134e+00 1.050303e-01 -2.966432e+00 -3.895724e+00 4.937696e-01 -1.829807e-01 2.090913e+00 1.214481e+00 -1.584661e+00 1.031161e-01 -1.485719e+00 6.678562e-02 
1.393824e+01 7.978982e+00 8.748868e-01 -1.292426e+01 -1.721961e+01 -1.282761e+00 -2.720666e-02 -2.971589e+00 -1.039243e+00 -5.622738e+00 6.620895e+00 -4.467186e+00 6.601239e-01 1.648726e-01 -1.250951e+00 2.401699e-01 -2.366120e+00 -2.740789e+00 1.592259e+00 2.495910e-01 2.931187e+00 4.206472e-01 -9.799223e-02 -5.259805e-01 -1.566400e+00 6.094690e-02 
1.474682e+01 5.904667e+00 9.186592e-01 -1.588616e+01 -1.978244e+01 3.220382e+00 -3.969297e+00 1.610963e+00 1.742905e+00 -8.031630e+00 4.441989e+00 -5.754049e+00 7.347219e-01 4.146715e-01 -6.749181e-01 -5.465386e-01 -1.377278e+00 -8.114101e-01 2.929431e+00 -6.867278e-02 3.045722e+00 6.758617e-01 4.437951e-01 -1.339482e+00 -4.803904e-01 5.713777e-02 
1.504275e+01 5.416996e+00 -6.285298e-02 -1.383602e+01 -1.818061e+01 6.215064e+00 -6.442447e-01 4.718982e+00 2.991335e+00 -3.816638e+00 1.687910e+00 -5.508229e+00 7.770745e-01 -2.769222e-02 -1.026455e+00 -1.098996e+00 -5.155171e-01 -2.245331e-01 4.572405e+00 -3.619315e-01 2.308269e+00 1.437499e+00 -4.524411e-01 -7.808535e-01 -3.795978e-01 4.953121e-02 
1.499218e+01 4.752044e+00 -1.698145e+00 -1.588254e+01 -1.817079e+01 1.323879e+01 -1.393626e+00 4.157886e+00 4.604026e+00 -5.377858e+00 3.117146e+00 -6.885204e+00 8.239543e-01 -6.876962e-01 -1.131471e+00 -1.295385e+00 -6.647491e-03 5.492054e-01 3.583885e+00 -2.322516e-02 1.835309e+00 2.509033e-01 -1.186716e+00 -2.485591e-02 7.605281e-02 4.020358e-02 
1.367710e+01 3.423019e+00 -3.311690e+00 -1.550366e+01 -1.914810e+01 1.657006e+01 -3.124700e+00 7.296294e+00 4.717689e+00 -9.211830e+00 3.379050e+00 -5.799598e+00 8.631638e-01 -9.944389e-01 -1.076904e+00 -1.417183e+00 6.951008e-02 8.182400e-01 2.709477e+00 -7.624518e-01 1.072758e+00 -4.009736e-01 -2.576094e+00 3.199462e-01 6.016861e-01 3.252572e-02 
1.199117e+01 1.244302e+00 -3.933846e+00 -1.508558e+01 -1.655267e+01 1.596231e+01 -2.845195e+00 9.498854e+00 2.134244e+00 -1.126762e+01 3.472140e+00 -5.228100e+00 8.926951e-01 -9.816223e-01 -1.051507e+00 -1.199387e+00 4.843627e-01 1.657630e+00 1.441386e+00 -8.602902e-01 7.744685e-01 -1.222975e+00 -2.407756e+00 2.430304e-01 1.166598e+00 2.489810e-02 
1.157106e+01 1.786347e+00 -6.030919e+00 -1.388695e+01 -1.489847e+01 1.840069e+01 -3.730719e+00 7.412288e+00 2.221357e+00 -1.375223e+01 3.110144e+00 -3.328350e+00 9.053327e-01 -5.947849e-01 -8.627889e-01 -1.137192e+00 1.970406e-01 2.561607e+00 9.848213e-01 -7.304074e-01 -2.010467e-01 -1.858056e+00 -1.325442e+00 9.994736e-02 1.533336e+00 2.296230e-02 
1.113709e+01 3.128469e-01 -6.335465e+00 -1.426908e+01 -1.200745e+01 1.953041e+01 -5.392067e+00 7.972232e+00 -2.626829e-01 -1.514644e+01 4.466750e+00 -2.287838e+00 9.273604e-01 -2.214310e-01 -8.904988e-01 -8.948467e-01 -2.352584e-01 3.105399e+00 7.079014e-01 -1.106296e+00 -9.284506e-01 -1.370152e+00 -1.280476e+00 6.507190e-01 1.727294e+00 2.127737e-02 
1.113021e+01 -4.251975e-01 -7.796839e+00 -1.492670e+01 -8.612671e+00 1.971012e+01 -5.503300e+00 7.054371e+00 -3.374126e+00 -1.389963e+01 3.381481e+00 3.969513e-01 9.606427e-01 -2.242540e-01 -1.016174e+00 -6.279663e-01 1.535206e-02 2.886658e+00 1.927145e-01 -1.224159e+00 -6.907014e-01 -1.834527e+00 -6.620836e-01 1.264595e+00 1.425476e+00 1.795332e-02 
1.110443e+01 -2.102420e+00 -7.525119e+00 -1.574199e+01 -4.168575e+00 1.884710e+01 -7.490386e+00 5.035559e+00 -1.918775e+00 -1.759629e+01 6.590067e+00 1.545719e+00 9.714270e-01 -1.145782e-01 -1.005252e+00 -7.187948e-01 5.945791e-01 2.723686e+00 -3.603418e-01 -8.524780e-01 -1.173390e+00 -1.663288e+00 1.028330e-01 1.045783e+00 1.291097e+00 1.577026e-02 
1.046612e+01 -2.086890e+00 -8.575923e+00 -1.307374e+01 -4.384619e+00 1.970592e+01 -8.802357e+00 5.427117e+00 -6.123233e+00 -1.583772e+01 8.371459e+00 1.882252e+00 9.730660e-01 -2.358617e-01 -7.640212e-01 -9.383281e-01 1.331557e+00 2.254908e+00 -4.347431e-01 -1.134077e+00 -1.021903e+00 -1.266660e+00 8.837618e-01 7.345777e-01 7.462839e-01 9.081995e-03 
1.089624e+01 -3.882565e+00 -9.539897e+00 -1.222267e+01 -5.030503e-01 1.773080e+01 -8.004929e+00 2.918908e+00 -7.204569e+00 -1.366323e+01 7.200674e+00 3.424996e+00 1.000000e+00 -2.044015e-02 -9.178775e-01 -7.354983e-01 1.144747e+00 2.520585e+00 -1.338702e+00 -5.048639e-01 -1.110128e+00 -1.188593e+00 2.621777e+00 -8.680840e-01 8.935016e-01 4.193860e-03 
1.005500e+01 -3.355231e+00 -1.148109e+01 -1.002858e+01 8.291068e-01 1.809455e+01 -1.091641e+01 3.003182e+00 -7.064530e+00 -1.144735e+01 6.749066e+00 3.188732e+00 9.917662e-01 1.396712e-01 -1.195512e+00 -3.543324e-01 8.387202e-01 2.573506e+00 -1.913162e+00 -4.374526e-01 -9.752172e-01 -7.625438e-01 3.155256e+00 -1.601967e+00 6.472096e-01 5.614638e-04 
1.120779e+01 -6.057637e+00 -9.750027e+00 -1.154084e+01 5.827487e+00 1.295927e+01 -8.957678e+00 6.968881e-01 -7.391089e+00 -6.682594e+00 3.060844e+00 5.359987e+00 9.830462e-01 1.863234e-01 -1.175658e+00 7.586813e-02 7.531623e-01 1.666870e+00 -1.735253e+00 -3.921760e-01 -9.312038e-01 -2.288383e-01 3.013772e+00 -1.746904e+00 2.895168e-01 -5.380767e-03 
1.100870e+01 -6.976915e+00 -1.024252e+01 -9.221050e+00 5.317641e+00 1.252587e+01 -1.051325e+01 1.662041e+00 -9.842691e+00 -3.551759e+00 2.431538e+00 4.150805e+00 9.843502e-01 9.884830e-02 -9.398619e-01 -7.617559e-02 1.160308e+00 6.964461e-01 -1.464517e+00 1.690876e-01 -1.586767e+00 7.372624e-01 2.532536e+00 -2.016669e+00 -1.604996e-01 -5.070806e-03 
1.135101e+01 -7.950014e+00 -9.779841e+00 -8.860622e+00 5.587032e+00 1.183888e+01 -1.016739e+01 -1.066541e+00 -6.959680e+00 -2.542166e+00 6.249161e-01 4.391544e+00 9.768041e-01 -1.371664e-01 -6.643819e-01 -3.930753e-01 2.016681e+00 -8.105136e-02 -1.533878e+00 1.849914e-01 -1.170158e+00 1.466376e+00 1.278543e+00 -1.113025e+00 -1.468755e+00 -5.493671e-03 
1.047763e+01 -7.108352e+00 -1.184706e+01 -5.567148e+00 4.431565e+00 1.133217e+01 -9.466118e+00 -4.048938e+00 -3.593924e+00 -8.548851e-01 -2.116315e+00 2.870455e+00 9.695331e-01 -2.845012e-01 -4.781504e-01 -2.919800e-01 2.192579e+00 -2.129560e-01 -2.105883e+00 4.397780e-01 -8.248652e-01 2.481105e+00 1.369081e-01 -1.122568e+00 -1.894838e+00 -8.667564e-03 
1.078749e+01 -9.313828e+00 -1.091313e+01 -3.284380e+00 5.865269e+00 5.886735e+00 -8.556284e+00 -2.298412e+00 -3.183596e+00 -1.638314e+00 -2.303551e-01 -1.343616e+00 9.629864e-01 -5.886832e-01 -2.326521e-01 -1.025942e-01 2.655392e+00 -9.235695e-01 -2.323533e+00 6.374186e-01 -1.083808e-01 2.398156e+00 -3.373281e-01 -1.539935e+00 -1.679995e+00 -9.705072e-03 
9.867952e+00 -8.685760e+00 -1.113577e+01 -1.046276e+00 4.113743e+00 4.972527e+00 -9.119909e+00 -1.846349e+00 6.747932e-01 -3.319145e+00 -2.753664e+00 -2.455806e+00 9.479213e-01 -7.816523e-01 1.022763e-01 2.487970e-01 2.607682e+00 -1.309989e+00 -2.704922e+00 7.878809e-01 1.044048e+00 1.532921e+00 -1.089062e+00 -1.210482e+00 -1.088159e+00 -1.117808e-02 
8.712437e+00 -8.324570e+00 -1.064846e+01 2.155900e+00 1.128095e+00 3.401033e+00 -7.153403e+00 -2.709739e+00 2.896743e+00 -2.996677e+00 -6.756083e+00 -1.345302e+00 9.390847e-01 -8.796005e-01 4.764959e-01 7.382994e-01 2.422557e+00 -2.321081e+00 -2.251722e+00 9.898386e-01 1.214759e+00 1.406305e+00 -1.598093e+00 -9.483439e-01 -2.940895e-01 -1.255812e-02 
7.606899e+00 -7.091599e+00 -1.073541e+01 4.751121e+00 2.502043e-01 -9.495919e-01 -6.228154e+00 1.376964e+00 1.030512e+00 -5.621016e+00 -4.905863e+00 -2.569497e+00 9.255936e-01 -4.680066e-01 2.746663e-01 1.298511e+00 2.058038e+00 -2.764404e+00 -2.243149e+00 1.509535e+00 1.137029e+00 5.636587e-01 -1.351331e+00 -1.394258e-01 -1.058235e-01 -1.524209e-02 
7.520018e+00 -7.728429e+00 -7.421816e+00 5.929707e+00 -3.808366e+00 -2.410817e+00 -5.052969e+00 2.163725e+00 3.670072e+00 -8.477844e+00 -3.895975e+00 -2.757217e+00 9.113596e-01 2.266058e-01 3.146187e-01 1.779189e+00 1.436243e+00 -3.094577e+00 -1.440635e+00 1.094695e+00 6.871661e-01 2.316573e-01 -4.619249e-01 -7.244029e-02 -8.230581e-02 -2.818459e-02 
8.124129e+00 -7.610499e+00 -6.256540e+00 7.357010e+00 -7.240047e+00 -3.337293e+00 -2.622449e+00 1.402065e+00 3.106422e+00 -7.335215e+00 -4.880847e+00 -2.278965e+00 8.855734e-01 9.443405e-01 1.036389e+00 3.095380e+00 2.040840e+00 -3.009688e+00 -9.917015e-01 1.394421e+00 -2.686481e+00 -5.708206e-01 1.935974e+00 -4.775895e-01 3.274460e-01 -5.123847e-02 
9.586850e+00 -6.492026e+00 -3.991949e+00 8.034168e+00 -1.059967e+01 -2.608290e+00 -3.482781e+00 7.135404e-01 3.017075e+00 -4.449202e+00 -7.130792e+00 -1.902097e+00 8.181719e-01 1.338475e+00 2.028951e+00 2.811607e+00 2.181330e+00 -1.785205e+00 -1.343817e+00 1.478414e+00 -4.171992e+00 -3.294334e+00 4.853683e+00 1.235733e-02 -4.229611e-01 -5.308527e-02 
1.129519e+01 -2.527856e+00 3.026552e+00 1.390309e+01 -1.140259e+01 -5.809363e+00 -4.114485e-02 -1.133035e+01 -1.497093e+00 2.044532e+00 -5.676402e+00 -1.359827e+00 7.159951e-01 9.762862e-01 2.323574e+00 2.406561e+00 1.696637e+00 -9.186186e-01 -1.582374e+00 1.640013e+00 -4.561496e+00 -3.942027e+00 5.189403e+00 8.714533e-01 -1.759689e+00 -3.695749e-02 
1.262687e+01 -1.249936e-01 1.994674e+00 1.356332e+01 -1.065312e+01 -7.893866e+00 1.048450e+00 -1.233003e+01 -1.049984e+01 1.110070e+01 -3.436410e+00 -5.331592e+00 7.307224e-01 2.922775e-01 1.779661e+00 1.335555e+00 9.660339e-01 -7.975892e-01 -8.419735e-01 1.629896e+00 -4.066741e+00 -2.921238e+00 3.594456e+00 9.885719e-01 -1.715836e+00 -1.035745e-02 
1.148555e+01 8.238521e-01 2.782953e+00 1.307562e+01 -1.180641e+01 -8.606374e+00 3.311997e+00 -1.488363e+01 -9.845256e+00 1.083685e+01 -2.370772e+00 -9.362661e+00 7.445107e-01 -3.972107e-01 7.845224e-01 -3.701652e-01 -2.886869e-01 -4.673932e-01 -4.649856e-02 4.863210e-01 -7.656547e-01 -1.239296e+00 4.676061e-01 5.111522e-01 -7.957208e-01 8.919239e-03 
1.095305e+01 7.304227e-01 2.807626e+00 1.327807e+01 -1.438570e+01 -5.419652e+00 2.990127e+00 -1.784352e+01 -7.415033e+00 9.126921e+00 -3.840748e+00 -6.479861e+00 7.521268e-01 -8.977984e-01 -1.863864e-01 -3.609045e-01 -1.512147e-01 -6.062125e-01 4.805053e-01 2.967434e-01 5.083150e-01 -1.863836e-01 -1.662491e+00 -2.559341e-01 1.854874e-01 2.808756e-03 
1.014604e+01 9.670475e-01 7.692496e-01 1.260228e+01 -1.187326e+01 -7.278963e+00 1.419622e+00 -1.240188e+01 -9.235978e+00 5.369452e+00 -2.918472e+00 -4.764297e+00 7.498891e-01 -1.084731e+00 -1.829877e+00 3.242365e-01 -7.627776e-01 5.603288e-01 4.653079e-01 -1.302723e+00 2.542913e+00 -7.993895e-01 -2.514390e+00 -6.081683e-01 -2.685803e-01 4.825592e-04 
8.807632e+00 -1.128523e+00 1.197003e+00 1.304391e+01 -1.365076e+01 -6.155045e+00 3.478355e+00 -1.102933e+01 -1.173640e+01 5.521940e+00 -4.442231e+00 -6.703338e+00 7.420770e-01 -1.380639e+00 -2.919589e+00 4.226859e-01 -2.989810e+00 2.360379e+00 -1.433945e-03 -2.259644e+00 5.372943e+00 -7.988232e-01 -4.305864e+00 -1.259405e+00 -1.470276e+00 1.334493e-02 
7.134606e+00 -7.396061e+00 5.209447e+00 9.378812e+00 -9.372240e+00 -5.912138e+00 -3.445730e+00 -5.576161e+00 -1.168152e+01 6.738949e-02 -5.110872e+00 -1.059382e+01 7.519484e-01 -1.156896e+00 -2.434551e+00 -8.309972e-01 -3.938808e+00 2.134457e+00 -3.010813e-01 -2.971190e+00 5.436666e+00 1.316126e-01 -5.036984e+00 -1.137802e+00 -1.121720e+00 1.864445e-02 
5.555573e+00 -9.685967e+00 2.700957e+00 -5.924594e-02 -3.834315e+00 -6.110234e+00 -5.875419e+00 5.608335e+00 -1.018638e+01 -9.751369e+00 -9.041572e+00 -1.091647e+01 8.178218e-01 -7.062446e-01 -4.627830e-01 -2.371684e+00 -3.787861e+00 2.510915e+00 -5.114385e-01 -3.515895e+00 4.829202e+00 1.298991e+00 -4.691051e+00 -1.058910e+00 6.267031e-01 1.438071e-02 
5.987586e+00 -6.926984e+00 -4.137714e+00 -5.401812e-01 -6.109200e+00 -8.806774e+00 -8.759443e+00 6.462623e+00 -9.352925e+00 -1.217881e+01 -6.307812e+00 -8.266328e+00 8.052389e-01 -3.036672e-01 1.868805e+00 -2.315384e+00 -2.418642e+00 1.029510e+00 -1.164811e+00 -2.189856e+00 3.011331e+00 1.571983e+00 -3.572182e+00 -6.038622e-01 2.800968e+00 -3.069562e-03 
5.849919e+00 -3.676977e+00 -5.987838e+00 -9.358918e-01 -2.727702e+00 -7.264919e+00 -1.144427e+01 7.097291e+00 -6.405743e+00 -1.181021e+01 -9.138309e+00 -4.733571e+00 7.873353e-01 -2.315452e-01 2.559969e+00 1.884093e-01 -2.386364e-01 -9.916602e-01 -1.117485e+00 -7.612071e-01 1.881625e-01 7.884209e-01 -1.294417e+00 2.506008e-02 3.976079e+00 -3.003787e-02 
5.469098e+00 -1.056534e+00 -2.023077e+00 -2.276076e+00 -4.777997e+00 -1.115885e+01 -1.161059e+01 8.736016e+00 -5.711923e+00 -1.676410e+01 -8.081814e+00 3.195626e-01 7.518438e-01 -2.160014e-01 1.668270e+00 2.899955e+00 9.149443e-01 -5.657567e-01 -1.047981e+00 -7.554140e-02 -1.814326e-01 -7.729050e-01 -3.898468e-01 -4.714134e-01 2.616203e+00 -4.726505e-02 
4.657092e+00 1.786532e-01 2.585685e+00 -3.844807e-01 -9.458218e+00 -1.052162e+01 -8.255882e+00 5.412450e+00 -8.064775e+00 -1.393081e+01 -8.029270e+00 4.670977e+00 6.943300e-01 -2.859445e-01 8.139664e-01 3.245305e+00 1.019982e+00 7.820360e-01 -9.471303e-01 9.795666e-01 7.107248e-02 -1.584206e+00 5.867996e-02 -4.861378e-01 1.478638e-01 -7.089673e-02 
5.503993e+00 -5.134478e-01 6.075297e+00 3.758835e+00 -5.572726e+00 -1.241833e+01 -1.073134e+01 6.397880e+00 -1.238793e+01 -1.306775e+01 -9.219398e+00 1.124134e-01 6.154163e-01 -6.365261e-01 -7.013439e-01 1.717854e+00 7.736055e-01 2.964936e+00 1.318398e-02 2.099280e+00 7.766840e-01 -4.373758e-01 4.507498e-01 -9.925688e-01 -1.626511e+00 -8.989859e-02 
4.402749e+00 1.213120e-01 6.189497e+00 1.146563e+00 1.579843e+00 -1.137083e+01 -6.986055e+00 8.621721e+00 -1.098877e+01 -1.336499e+01 -1.100021e+01 -3.890677e+00 5.010654e-01 -1.079954e+00 -1.683882e+00 -3.761906e-01 -5.099334e-01 3.876959e+00 8.348688e-01 2.416523e+00 8.741686e-01 6.048877e-01 -2.887344e-02 -8.676049e-01 -1.788870e+00 -1.028495e-01 
2.413639e+00 -4.534583e+00 4.764289e+00 8.264290e-01 4.527656e+00 -1.066833e+01 -1.749102e+00 1.101480e+01 -6.436805e+00 -1.479326e+01 -1.155919e+01 -3.532166e+00 3.989832e-01 -1.634367e+00 -2.164117e+00 -1.648573e+00 -1.424958e+00 1.715365e+00 6.447338e-01 2.439728e+00 -3.635573e-01 1.781406e+00 -2.851110e-01 1.414333e-01 -5.409743e-01 -9.537547e-02 
8.024983e-01 -6.230191e+00 1.360236e+00 -1.467945e+00 4.876387e+00 -7.222276e+00 -6.643891e-01 7.474833e+00 -8.015902e+00 -1.321242e+01 -1.119740e+01 -2.451083e+00 2.882991e-01 -1.316880e+00 -2.066802e+00 -1.615079e+00 2.809784e-02 3.124617e-01 9.562537e-01 1.073503e+00 -1.060831e+00 1.454914e+00 1.242185e+00 1.583144e+00 1.850143e+00 -7.159500e-02 
-8.677192e-01 -8.158283e+00 2.470640e-01 -2.058701e+00 1.355826e+00 -1.126894e+01 -1.693533e+00 5.153537e+00 -4.967336e+00 -1.456958e+01 -8.413635e+00 -3.312255e+00 2.449220e-01 -3.326871e-01 -2.632223e-01 -5.332669e-01 3.626044e-01 7.539794e-01 1.493319e+00 2.491338e-01 -5.406598e-01 1.158678e+00 3.103915e+00 2.125835e+00 1.756444e+00 -5.852516e-02 
-5.409708e-01 -8.400848e+00 3.727163e-01 2.729618e+00 4.728065e+00 -6.289258e+00 -1.646323e+00 6.248198e+00 -4.448934e+00 -7.265900e+00 -4.657262e+00 5.250081e+00 2.201210e-01 -8.432202e-02 6.425542e-01 3.675490e-01 9.541805e-01 1.345451e+00 6.407513e-01 6.384770e-01 1.201415e+00 3.096652e+00 3.303063e+00 2.154885e+00 1.930478e+00 -4.678666e-02 
1.421938e+00 -4.765366e+00 2.591715e+00 5.406698e-01 8.371714e+00 -3.668237e+00 -1.246548e-02 8.924819e+00 -2.426900e+00 -2.246948e+00 -4.200085e+00 1.399472e+00 1.404465e-01 4.362440e-03 1.663778e+00 3.860827e-01 6.933417e-01 7.755637e-02 7.568242e-01 1.439579e+00 1.061391e+00 3.272361e+00 3.121221e+00 1.043368e+00 2.000282e+00 -5.186149e-02 
-7.639403e-01 -4.713879e+00 2.025656e+00 2.003273e+00 8.095697e+00 -7.818870e+00 1.687462e+00 1.159626e+01 6.197138e+00 -2.858424e+00 -2.529750e+00 4.845443e+00 1.066036e-01 -6.031593e-01 1.768233e+00 -1.500514e-01 -6.489528e-01 -1.590955e+00 -8.101417e-01 2.065392e+00 -1.159484e+00 2.070003e+00 3.920072e-01 -4.451039e-01 1.431717e+00 -3.907585e-02 
-7.344222e-01 -1.682878e+00 1.351008e+00 1.771180e+00 5.979204e-02 -6.720011e+00 3.837471e+00 7.786457e+00 6.071432e+00 -1.167216e+00 -4.260551e+00 6.891474e+00 4.237324e-02 -8.344809e-01 1.451028e+00 -3.885564e-01 3.760386e-01 -1.456081e+00 2.399504e-02 2.271880e+00 -2.982763e+00 3.124549e-01 -1.603612e+00 -1.940927e+00 3.660562e-01 -2.418143e-02 
-2.478587e+00 -1.100928e+00 2.428128e-01 -1.130402e+00 9.292531e-01 -8.814079e+00 6.755667e+00 1.019961e+00 1.651914e+00 -5.845730e+00 -6.852549e+00 9.662666e+00 7.377833e-02 -2.944244e-01 1.606810e+00 -2.322545e-01 -2.059086e-01 -1.254046e+00 8.197120e-01 6.950359e-01 -3.451171e+00 -1.531590e+00 -2.712825e-01 -7.508315e-01 -1.786604e+00 -1.742590e-02 
-1.893143e+00 6.833000e-01 1.540354e+00 3.987700e+00 4.674532e+00 -3.050656e+00 8.812831e+00 -7.008436e-01 1.407987e+00 -8.771357e+00 -1.174332e+01 8.211415e-01 3.595197e-02 -7.345184e-01 1.021201e+00 7.063414e-01 8.924940e-01 5.001122e-01 7.754285e-01 -2.435966e-01 -1.932802e+00 -8.740022e-01 1.048424e+00 8.019174e-01 -1.675537e+00 -1.241164e-02 
-1.656702e+00 2.137082e+00 7.697104e-01 -1.345307e-01 -4.819040e-01 -5.554987e+00 2.674962e+00 -1.415942e+00 8.709121e-01 -4.127665e-01 -2.542523e+00 -1.052412e+00 2.268475e-02 -5.512218e-01 1.036942e+00 4.987114e-01 2.744863e-01 2.473737e-01 7.480412e-01 -1.481678e+00 3.597600e-01 -4.657088e-01 2.392784e+00 3.113962e+00 -8.259122e-01 -2.572581e-02 
-4.817957e+00 1.804121e+00 4.619266e+00 5.735714e+00 3.265932e+00 -4.472415e+00 4.659841e+00 -6.596032e-01 2.091923e+00 1.358424e+00 -2.405977e+00 3.871330e+00 5.861819e-03 -5.892742e-01 1.006701e+00 -2.457253e-01 -1.089011e+00 -7.191721e-01 -1.170048e-01 -1.659114e+00 2.231670e-01 -4.395977e-01 1.382914e+00 2.894035e+00 9.839287e-02 -1.923556e-02 
-3.772289e+00 3.523370e+00 1.196914e+00 -6.319778e-01 2.870422e+00 -4.362995e+00 1.423773e+00 2.798141e+00 -1.018598e+00 1.053301e+00 4.048587e+00 4.008010e+00 -3.980565e-02 -6.570349e-02 1.046132e+00 -1.871062e-01 2.511691e-01 4.165677e-01 1.447024e+00 3.750911e-02 8.129872e-01 5.412724e-02 -6.697464e-03 2.373543e-01 1.799510e-01 -7.419938e-03 
-3.781720e+00 5.023659e+00 9.812605e-02 -1.208633e+00 -5.974913e-01 -4.231677e+00 1.142856e+00 -1.692050e+00 1.547537e-01 -2.589818e+00 -5.686984e-01 -1.217106e+00 -2.898061e-02 2.250303e-01 7.304398e-01 -1.129056e-02 5.162235e-01 9.845651e-01 1.520823e+00 1.230891e+00 1.826645e+00 1.323502e+00 1.368024e+00 1.091933e+00 -3.163710e-01 -1.981813e-03 
-2.503338e+00 5.757971e+00 2.094750e+00 4.593489e+00 3.532646e+00 1.559763e+00 4.621000e+00 3.165218e+00 2.110133e+00 1.527867e+00 -2.274390e+00 2.391561e+00 3.006279e-03 -8.405972e-02 4.708392e-01 1.128954e+00 1.986257e+00 1.609002e+00 1.085710e+00 6.671547e-01 -1.325932e+00 3.415037e-01 9.923702e-01 3.998583e-01 1.415350e+00 4.118180e-03 
-4.327281e+00 4.339020e+00 4.113895e+00 5.704099e+00 7.857645e+00 1.703235e-01 9.215683e+00 8.290086e+00 7.145065e+00 7.961259e+00 6.215175e+00 3.097700e+00 -2.545321e-02 9.264126e-02 1.185902e-01 8.192259e-01 1.370969e+00 7.259954e-01 4.795963e-01 3.777594e-01 -2.610507e+00 -4.838366e-01 4.056652e-01 1.062147e+00 2.413567e+00 -2.810079e-03 
-3.919807e+00 6.219885e+00 4.833797e+00 5.842942e+00 6.687864e+00 -1.135447e+00 7.231331e-01 -8.822585e+00 -2.806235e+00 7.396138e-01 2.655941e+00 8.927359e+00 -2.097845e-02 8.189106e-03 7.925177e-02 8.975662e-02 -2.381683e-01 -1.048044e+00 -9.116712e-01 -1.039756e+00 -2.715336e+00 -1.255731e+00 -9.741920e-01 1.824410e-01 5.143202e-01 -5.970776e-03 
-2.610279e+00 5.385653e+00 2.824731e+00 5.021483e+00 1.454876e+00 -4.860902e-01 4.980586e+00 -8.750683e+00 1.937547e-01 -1.673651e-01 2.276869e+00 7.582833e+00 -3.103864e-02 -2.051287e-02 4.358423e-01 -9.479987e-01 -8.149381e-01 -8.079101e-01 7.213260e-02 -2.072975e+00 -1.275520e+00 -1.919100e+00 -1.963211e+00 -1.332401e+00 -6.044810e-01 6.598389e-03 
-3.320893e+00 5.630914e+00 3.188115e+00 3.743955e+00 1.493810e+00 -2.670386e+00 1.539768e+00 -1.891079e+00 -6.928697e-01 7.212186e-01 6.069683e-01 2.720595e+00 -2.405488e-02 -2.349748e-01 2.607839e-01 -1.078679e+00 -8.952656e-01 3.322092e-01 4.592091e-01 -1.738184e+00 3.285865e+00 1.186542e+00 3.100118e-01 -3.233943e-01 -1.085073e+00 1.308529e-02 
-4.729302e+00 6.812717e+00 1.967434e-01 2.678902e+00 6.415121e+00 1.298456e+00 -1.557508e+00 -1.553265e+00 -3.507116e+00 -1.845601e+00 5.776547e-01 3.178677e+00 9.076953e-03 -2.438574e-02 5.908499e-01 -1.408501e-01 -1.461403e-01 8.851494e-01 -1.624806e-01 -1.644515e+00 2.141354e+00 1.078882e+00 8.073376e-01 1.914769e-01 -2.128750e-01 6.885588e-03 
-4.035170e+00 6.810273e+00 7.543977e-01 2.537905e+00 5.868788e+00 2.683257e-01 -4.698739e+00 4.008030e+00 4.976910e+00 3.128790e+00 1.888577e+00 5.704071e+00 2.439022e-02 2.327047e-01 3.645473e-01 2.579458e-01 -2.876299e-01 -5.990996e-01 -1.588352e+00 -6.809520e-01 1.035573e-01 1.667523e+00 5.066404e-01 -8.201525e-02 7.601762e-02 -3.878891e-03 
-2.375070e+00 7.750223e+00 3.337339e+00 4.893807e+00 3.693135e+00 -2.767849e+00 -1.227365e-01 -9.934690e-01 2.753277e+00 2.665537e+00 2.593449e+00 5.026720e+00 -2.083325e-02 3.299746e-01 -7.798491e-02 7.834754e-01 -2.916371e-01 -1.361217e+00 -2.708811e+00 1.108117e+00 -4.878360e-01 1.497167e+00 6.748745e-01 -5.863125e-01 -8.830951e-01 -1.516057e-02 
-3.334486e+00 6.984897e+00 2.907546e+00 1.198353e+00 -1.406946e-01 -8.578994e+00 -2.582377e+00 -1.653190e+00 4.514548e+00 9.988515e-01 -8.110051e-01 2.176661e+00 -2.849424e-02 -3.078977e-01 -4.606055e-01 3.314886e-01 -2.400202e-01 -8.270656e-01 -2.245497e+00 2.727010e-01 -1.388317e+00 6.637622e-01 1.161866e+00 -1.952958e-02 -1.334271e+00 -1.288068e-02 
-3.429771e+00 6.335480e+00 3.037546e+00 1.890492e+00 2.613777e+00 -7.821941e+00 2.924895e+00 -1.161835e+00 4.209901e+00 2.593741e+00 -1.004117e+00 5.269053e-01 -4.028368e-02 -2.126922e-01 -3.168964e-02 -3.706548e-01 -1.967831e-02 8.497929e-03 -2.423582e-01 -6.715317e-02 -6.566339e-01 8.811777e-01 1.835935e+00 4.272261e-01 -7.980717e-01 1.145482e-04 
-5.047307e+00 5.214616e+00 2.561737e+00 2.839461e+00 2.273139e+00 -8.432113e+00 -4.859049e+00 -2.849373e+00 7.567409e+00 8.974019e+00 3.589712e+00 1.282622e+00 -3.028798e-02 1.616456e-01 3.535911e-01 2.375790e-01 9.235045e-01 1.130164e+00 2.155228e+00 5.533520e-01 4.212608e-01 1.311122e+00 5.017720e-01 2.927720e-01 -6.700200e-01 -2.282333e-03 
-2.582120e+00 8.476915e+00 1.656970e+00 3.974861e+00 2.528708e+00 -4.053081e+00 6.798337e-01 -3.678547e+00 5.632735e+00 7.857629e+00 2.529221e+00 1.483382e+00 -1.936364e-02 5.610294e-02 -3.806291e-01 -2.109988e-02 -3.264070e-02 4.775376e-01 2.392923e+00 1.560419e+00 6.730186e-01 7.928432e-01 -3.129215e-02 6.650106e-01 3.200046e-01 -5.007148e-03 
-2.950084e+00 7.682135e+00 4.785729e+00 4.773691e+00 5.552660e+00 3.127166e-01 1.306913e+00 1.711470e+00 1.035874e+01 8.757682e-01 -1.113814e+00 -1.651676e+00 -5.036592e-02 8.312893e-03 -9.310421e-01 -1.320291e-01 -7.373263e-01 3.010128e-01 2.022808e+00 3.197030e+00 9.145803e-01 -4.321985e-02 -6.346449e-01 4.309453e-01 6.733607e-01 -8.590174e-03 
-4.197868e+00 3.198575e+00 1.820051e+00 7.601737e-01 3.361704e+00 -2.297406e-01 7.644010e+00 -7.716295e-02 6.778451e+00 6.486406e+00 4.672699e+00 3.594077e+00 -5.528045e-02 -4.479281e-01 -1.504024e+00 -2.639515e-01 -1.044289e+00 -5.249622e-02 7.104223e-01 2.026545e+00 5.414135e-01 -1.288855e-01 2.868192e-01 1.007347e+00 9.467146e-01 -7.674813e-03 
