-5.502683e+00 2.260307e+00 -7.940983e-01 -3.189800e+00 1.280308e+00 -6.255584e-01 -3.188990e+00 2.022020e+00 3.365727e+00 -3.080572e-01 4.839289e+00 -8.120987e-01 -9.615266e-02 3.094062e-01 2.197201e-01 1.051169e-01 3.550471e-01 4.803689e-01 1.487192e-01 1.749108e+00 1.606034e+00 -5.219008e-01 8.168226e-01 -1.437320e+00 -1.120285e-01 4.708481e-03 
-3.457623e+00 3.182969e+00 -1.868463e+00 -2.497613e+00 5.356026e-02 -2.285516e-01 -8.958144e-01 1.017222e+01 9.947065e-01 2.042693e+00 3.030800e-01 -4.960227e+00 -6.156981e-02 2.143685e-01 3.199624e-01 2.670863e-01 2.849110e-01 5.896568e-01 1.473208e-01 2.016880e+00 1.127775e+00 -7.545336e-01 -1.985393e-01 -1.111945e+00 9.799559e-01 1.808178e-03 
-4.978182e+00 2.897576e+00 2.686691e-01 -1.760658e+00 4.295527e+00 -8.046579e-02 4.409965e+00 5.977090e+00 1.941734e+00 2.600681e+00 -7.920494e-02 7.018230e-01 -8.990169e-02 1.074493e-01 1.736397e-01 3.553813e-01 7.222719e-01 8.463745e-01 8.230299e-01 1.789662e+00 -4.060104e-01 -5.521468e-01 1.616050e-01 -8.193356e-01 7.487254e-01 1.525283e-03 
-4.693090e+00 3.541484e+00 9.949803e-03 -2.479816e+00 2.720983e+00 -1.615005e-01 3.095933e+00 5.683362e+00 3.050561e-01 -2.755123e+00 1.738811e+00 3.330720e+00 -9.023726e-02 1.407456e-01 2.249153e-01 4.240851e-01 5.676625e-01 1.065879e+00 1.269618e+00 -1.810096e-01 -1.374748e+00 7.236356e-02 -6.115408e-01 1.743380e-01 1.090569e+00 3.440618e-04 
-4.347702e+00 2.949248e+00 4.360175e-02 4.126613e-01 4.178470e+00 3.456066e+00 3.763448e+00 2.236397e+00 9.498188e-01 2.898876e+00 2.474535e-02 -1.213945e+00 -7.419252e-02 4.508931e-01 3.621219e-01 -8.822109e-02 2.717682e-02 -4.041648e-01 4.603535e-01 -1.059733e+00 -2.729452e-02 4.944516e-01 -2.966588e-01 -3.008300e-01 -1.110447e+00 5.279350e-03 
-3.069135e+00 4.281710e+00 3.644954e-01 -7.459602e-01 5.441483e+00 4.351272e+00 -1.477604e+00 5.168825e+00 1.852482e+00 -1.164108e+00 1.122795e+00 1.450504e+00 -6.770408e-02 1.506966e-01 -1.421883e-01 1.634728e-01 -7.361054e-02 1.958912e-01 -9.693861e-03 -1.434112e+00 -5.793133e-01 -8.414889e-03 5.390622e-02 -8.946072e-01 -6.217892e-01 -1.784980e-03 
-3.535694e+00 4.338073e+00 -3.497092e-01 -2.491702e+00 9.144530e-01 -3.508449e-02 1.398066e+00 6.097886e+00 3.640279e+00 3.218794e-01 -1.275347e+00 -3.910303e+00 -7.477152e-02 -1.432246e-01 -6.851783e-01 -5.044879e-01 -1.242369e+00 -6.428480e-01 -1.422842e+00 -1.761014e+00 -1.018529e-01 -4.038185e-01 -8.433890e-01 -9.368058e-01 -4.164914e-01 -7.066286e-03 
-4.345612e+00 2.136130e+00 1.023969e+00 -1.395687e+00 5.332448e+00 1.535605e+00 -2.891937e+00 8.560511e-01 -1.082248e+00 -1.197093e+00 -2.084179e+00 1.569952e+00 -9.887266e-02 -3.933613e-01 -1.009368e+00 -4.751352e-01 -9.313887e-01 -6.767173e-01 -2.737077e-01 5.587862e-01 1.816611e-02 1.910058e-01 2.072183e-01 -1.076435e-01 -2.354774e-01 -8.347631e-03 
-4.425587e+00 5.961461e-01 -2.808575e+00 -5.474320e+00 1.018748e+00 -2.250313e+00 -4.334453e+00 3.883519e+00 3.980912e-01 -1.301577e+00 -3.055797e+00 -3.356126e+00 -9.393966e-02 1.802651e-01 -2.563351e-01 -4.307980e-01 -2.205836e-01 4.595745e-01 1.756396e+00 2.376930e-01 4.328723e-02 9.344950e-01 7.807742e-01 1.720725e+00 6.061906e-01 -1.485956e-03 
-4.590995e+00 1.105835e+00 -7.817477e-01 -3.911594e+00 2.005749e+00 4.090348e+00 4.182587e+00 6.366838e+00 4.428604e+00 6.837111e-01 1.474802e+00 -3.971100e-03 -9.985816e-02 1.352692e-01 3.861162e-01 -3.353412e-01 2.558914e-01 3.134804e-01 1.230374e+00 8.534158e-01 6.865931e-02 2.649406e-01 8.855509e-01 2.026930e+00 -4.776537e-02 6.226492e-03 
-2.511677e+00 3.571545e+00 -1.600841e+00 -2.336666e+00 4.875674e+00 7.469522e+00 -9.507306e-01 3.558928e+00 5.557327e+00 3.285348e+00 5.548787e+00 -9.238815e-02 -8.170855e-02 1.526346e-02 5.012740e-01 1.921183e-01 1.336483e+00 1.290219e+00 1.072592e+00 6.933926e-01 -1.080672e+00 -1.274078e+00 -2.020430e-01 1.503712e+00 1.086160e+00 4.922509e-03 
-4.626221e+00 2.579012e+00 -1.256604e+00 -1.685057e+00 4.971386e+00 2.827559e+00 -3.167193e-01 1.361643e+00 -2.337163e+00 9.371984e-01 3.748180e+00 -3.007433e-01 -7.385576e-02 3.989058e-02 2.783256e-01 -2.658962e-01 1.079625e-01 2.719553e-01 -8.746330e-01 2.641582e-03 2.724428e-01 -1.789348e+00 -1.869987e-01 3.667752e-01 -4.539982e-01 1.465523e-03 
-4.331656e+00 2.365928e+00 -1.610555e+00 9.482479e-02 5.987022e+00 3.744039e+00 1.382163e+00 9.827570e-01 -2.589413e+00 -2.438535e+00 3.326072e+00 2.223060e+00 -8.232832e-02 -4.227104e-02 5.885677e-02 -5.876819e-01 -6.530440e-02 -6.189115e-01 -1.046363e+00 7.616698e-01 1.751245e+00 2.741152e-01 -8.214642e-01 -1.152377e+00 -2.791095e-01 3.134966e-03 
-3.481552e+00 3.100271e+00 -2.106371e+00 -4.587527e+00 2.809852e+00 1.579924e+00 3.029348e+00 9.017138e+00 -4.447680e-01 2.610659e+00 4.420036e+00 -3.431686e+00 -9.222066e-02 -6.902780e-02 -5.534185e-01 -6.869275e-01 -3.392940e-01 -1.104948e+00 -9.664048e-01 -1.800382e-01 7.582384e-01 1.566795e+00 5.237501e-01 -1.167291e+00 -4.905883e-01 -3.335798e-03 
-3.295366e+00 3.605199e+00 -4.114367e+00 -1.211953e+00 2.861884e+00 2.861526e+00 1.184585e+00 8.487407e+00 5.981706e+00 -1.658703e+00 -5.490263e-01 7.753563e-02 -5.685127e-02 -1.756425e-01 -7.372320e-01 -5.289816e-01 -2.653907e-01 -1.155850e+00 -5.813564e-01 -2.687496e-01 -7.498296e-01 1.587454e-02 4.971255e-01 -9.367539e-01 -6.538319e-03 -5.514550e-03 
-5.489505e+00 -8.077163e-01 -3.439336e+00 -2.728139e+00 1.009215e+00 -1.563209e+00 -1.118122e+00 1.400510e+00 1.211253e+00 3.166033e+00 -1.507251e-01 -1.680923e+00 -1.032733e-01 -3.613415e-01 -5.798022e-01 -3.806380e-01 5.444790e-01 -1.090526e-01 5.234691e-01 6.656919e-02 -1.960100e+00 -1.031648e+00 4.580760e-03 3.069943e-01 5.554669e-01 -5.758047e-04 
-4.205893e+00 6.337614e-01 -3.588981e+00 -2.161823e+00 1.108091e+00 2.408823e+00 2.112149e+00 1.041922e+00 -3.338050e+00 -2.305944e-01 9.276833e-01 1.314987e+00 -1.043748e-01 -1.242343e-01 5.674418e-01 7.045215e-01 5.624731e-02 4.819329e-02 5.723629e-02 -1.029021e-01 3.490604e-01 -5.557703e-01 2.127171e-01 1.081587e-01 -2.667981e-01 -7.333398e-04 
-4.832996e+00 1.686979e+00 -4.272254e+00 -1.390198e+00 3.141486e+00 4.423621e+00 2.898412e+00 2.939379e+00 -9.431315e-01 1.919509e+00 5.216652e+00 -1.273077e+00 -7.133794e-02 1.515557e-01 1.082314e+00 7.325841e-01 1.722213e-01 -3.286187e-01 2.134002e-01 -7.410301e-01 1.100892e+00 7.705225e-01 -7.771392e-01 -4.421891e-01 -1.029996e-01 6.837117e-03 
-4.244792e+00 5.195060e+00 -1.752996e-01 -1.599687e+00 2.036715e+00 1.542928e-01 -1.338192e+00 9.463274e+00 4.280046e+00 2.814412e-02 -2.691922e+00 -1.460378e+00 -7.648563e-02 -1.598967e-01 4.214362e-01 9.613749e-01 -6.603421e-02 -8.068674e-01 -8.550054e-01 -7.550217e-01 7.374490e-01 1.258590e+00 -6.345164e-01 -5.790325e-01 -1.455049e-01 2.654421e-03 
-4.712276e+00 2.323202e+00 -1.483256e+00 -2.148100e+00 -1.098190e+00 6.310575e-01 -3.098101e+00 2.694295e+00 1.254817e+00 -8.490323e-01 -5.518680e-01 -8.082385e-01 -8.303225e-02 -2.524449e+00 -1.762828e+00 2.898132e+00 -1.682060e+00 7.745299e-01 -1.015938e+00 -9.410567e-01 2.145994e-01 -3.144611e-01 -1.759712e-01 4.828903e-01 3.739890e-01 9.278385e-02 
-5.065736e+00 2.422831e+00 -1.766057e-01 -2.113043e+00 -8.064079e-01 3.007841e-02 1.335297e+00 4.851709e+00 1.855925e+00 -2.018906e+00 9.167807e-01 3.550429e-01 -8.525550e-02 -4.454461e+00 -3.537051e+00 3.250367e+00 -1.956155e+00 2.884086e+00 4.797387e-03 -8.354262e-01 -1.079623e+00 -2.510236e+00 9.669439e-02 2.290615e+00 3.995410e-01 1.814948e-01 
-1.704477e+01 -5.741048e+00 1.021906e+01 -9.543818e+00 8.435698e+00 -5.939598e-01 -3.143617e+00 6.318159e+00 -1.303376e+00 2.063178e+00 5.826753e+00 -3.108420e-01 3.969663e-01 -2.742499e+00 -1.690057e+00 2.800146e+00 -2.500765e+00 2.523754e+00 -5.772335e-02 -1.005588e+00 3.415940e-01 -1.733127e+00 3.651934e-01 1.148209e+00 -7.356750e-01 1.089465e-01 
-2.035085e+01 -8.458073e+00 1.022538e+01 -7.682604e+00 1.169020e+01 7.907884e-01 -5.492565e+00 2.253229e+00 -6.992039e+00 -9.444891e-01 5.571842e+00 2.886288e-01 5.909892e-01 4.913258e-01 7.298614e-01 -1.694307e-01 1.078198e-01 8.276771e-01 7.487602e-01 -1.255070e+00 -5.890905e-01 -4.479466e-01 3.134756e-02 -8.099165e-01 -9.307171e-01 -2.680088e-02 
-1.078221e+01 -6.866330e-01 7.316483e+00 -1.186714e+01 5.272273e+00 -3.791428e-02 -4.712112e+00 5.701506e+00 -2.986836e+00 4.397264e-01 2.861648e+00 -4.453406e+00 1.235778e-01 3.818729e+00 2.912441e+00 -3.004308e+00 2.523797e+00 -1.503346e+00 1.004677e+00 1.802219e+00 -2.980513e-01 1.898808e+00 -3.325687e-01 -1.971640e+00 -3.181912e-01 -1.685496e-01 
-5.740384e+00 3.544930e+00 4.275299e-01 -4.122806e-01 4.913690e+00 3.495857e+00 -4.155806e+00 2.214583e+00 4.579217e-01 -1.050442e+00 -1.650250e+00 -2.227261e+00 -8.256567e-02 3.747386e+00 2.730138e+00 -2.843080e+00 2.309453e+00 -2.515990e+00 -4.006673e-01 2.151255e+00 -5.780107e-01 2.759586e+00 8.558964e-01 -1.196228e+00 1.397900e-01 -1.644650e-01 
-5.256356e+00 2.819653e+00 9.644568e-02 -5.599957e-01 4.307221e+00 3.076892e+00 5.199096e+00 4.847225e+00 4.465684e+00 4.533110e-01 -4.204042e-01 -6.438533e-01 -1.090044e-01 2.090445e+00 9.535608e-01 -1.526227e+00 1.996565e+00 -8.825977e-01 3.335037e-02 2.103829e+00 -8.200700e-01 1.135932e+00 -5.841898e-01 -8.639387e-01 2.678396e-01 -4.936439e-02 
-4.376851e+00 3.439476e+00 -3.800033e-01 -1.788917e+00 -4.072218e-01 -2.769951e+00 3.081038e-01 -2.096841e-01 3.079632e+00 3.328201e+00 1.231729e+00 -9.171977e-01 -1.150450e-01 1.338736e+00 2.039200e-01 -6.959979e-01 -1.075044e+00 -7.660311e-01 7.211210e-01 1.509449e+00 -1.032927e+00 -1.346195e+00 -2.563144e+00 -1.715526e+00 -1.841881e+00 2.195716e-03 
-1.011756e+00 4.133898e+00 8.911216e-02 -1.196002e+00 3.519740e+00 3.261742e+00 3.575077e+00 2.813289e+00 1.381967e+00 -4.670545e+00 -2.899035e+00 -3.769239e+00 -1.070045e-01 1.362893e+00 5.119392e-01 -1.157514e+00 -1.285677e+00 -2.810912e-01 9.946280e-01 -7.411455e-01 -5.931187e-01 -2.304085e+00 -2.641820e+00 -1.988406e+00 -2.316275e+00 1.129054e-02 
-1.169003e+00 3.907408e+00 -3.048793e+00 -5.469499e+00 1.477275e+00 7.009037e+00 4.203451e+00 -1.933084e+00 -4.731195e+00 -1.130423e+01 -8.988566e+00 -9.873974e+00 -7.258701e-02 4.492002e-01 6.137601e-01 -4.334727e-01 -4.521324e-01 7.279143e-01 1.798171e+00 -4.581905e-01 -6.527127e-01 -1.998188e+00 -1.590739e+00 -1.400112e+00 -1.194945e+00 9.263778e-03 
-4.581547e-02 5.145383e+00 -4.356731e+00 -5.148088e+00 1.959517e+00 3.160538e+00 -4.543052e-01 2.743332e+00 -3.149327e+00 -5.439574e+00 -5.252285e+00 -7.746840e+00 -7.378066e-02 -5.653223e-01 4.800442e-01 -4.057276e-02 3.044626e-01 2.162087e-01 -3.750263e-01 -1.659047e+00 -8.470977e-03 -3.089475e-01 1.586650e+00 1.235465e+00 1.318327e+00 4.593885e-03 
-2.613820e+00 6.002534e+00 -3.244451e-01 -2.073535e+00 4.012461e+00 6.271506e+00 3.184271e-02 -3.438269e+00 -4.645663e+00 -4.240979e+00 -4.592207e+00 -4.903123e+00 -8.533800e-02 -9.693042e-01 9.328079e-02 4.480593e-01 3.159423e-01 5.830173e-01 -1.055949e+00 -1.291108e+00 1.065677e+00 1.400798e+00 3.166298e+00 3.201228e+00 3.477659e+00 -4.234374e-03 
-3.115959e+00 5.486556e+00 -1.475926e+00 -1.371671e+00 3.333190e+00 1.755376e+00 -2.634353e+00 3.523527e+00 -2.055365e-01 -2.689229e-01 1.080111e+00 3.369706e-01 -7.765961e-02 -5.356836e-01 -2.143239e+00 1.585548e-01 -6.274539e-01 1.471536e+00 -1.015378e+00 -6.780077e-01 3.827594e-01 1.741822e+00 1.669629e+00 2.126176e+00 3.842206e+00 9.519739e-02 
-4.480453e+00 4.203225e+00 -2.248899e+00 -5.777996e+00 3.705525e+00 2.431872e+00 -1.162067e+00 3.005202e+00 8.008983e-01 1.941931e+00 3.851374e+00 3.472418e+00 -9.181941e-02 -2.113681e-01 -2.315532e+00 -7.907376e-01 -7.175917e-01 1.403126e+00 -1.284675e+00 -6.746556e-01 6.229067e-01 1.670941e+00 6.173214e-01 1.794491e+00 2.800468e+00 2.033257e-01 
-1.790917e+00 -4.671160e+00 -2.601731e+00 -6.433128e+00 9.470665e+00 3.466368e-03 -3.247389e+00 1.435394e+00 2.836504e+00 -1.828858e-01 1.156802e+00 7.276418e+00 4.054470e-01 -1.280105e+00 -1.413120e+00 1.018119e+00 1.970548e-01 -3.558075e-01 -1.507852e+00 -8.152540e-02 1.357695e-01 5.962434e-01 -1.216655e+00 7.666157e-01 9.622589e-01 2.188509e-01 
-4.333181e+00 -4.962682e-01 -3.715231e+00 -3.130765e+00 7.959354e+00 7.240876e-01 -3.034917e+00 7.203305e-01 2.188020e+00 -1.197391e+00 4.341901e+00 5.629494e+00 6.897370e-01 -3.046469e-01 -1.084113e+00 2.506979e+00 1.476911e+00 -1.522887e+00 -1.000750e+00 -5.605918e-01 4.580471e-01 -3.275411e-01 -1.631940e+00 5.784400e-01 -3.863776e-01 1.395805e-01 
-9.590119e+00 7.707025e-01 4.347833e+00 -1.710012e+00 -5.727620e-01 -4.929992e+00 -2.105555e+00 5.344810e+00 2.082120e+00 -4.782536e+00 4.667927e+00 4.069727e+00 6.258165e-01 2.968983e+00 5.491715e-02 2.069892e+00 3.345554e+00 -3.028530e+00 -1.788800e+00 -4.799286e-01 -8.826175e-01 -2.170153e-02 -2.135451e-01 -1.301610e+00 -1.242458e+00 2.654830e-02 
-2.104086e+00 -3.938274e+00 6.811213e+00 -7.549971e-01 1.112804e+00 -1.051464e-01 -4.535943e+00 3.340729e+00 -4.596147e-01 -3.917944e+00 4.988012e+00 3.143875e+00 4.958982e-01 5.934234e+00 -2.210034e+00 1.255188e+00 4.400960e+00 -4.072373e+00 -3.255118e+00 -3.256264e-02 -2.705163e+00 8.380006e-01 1.008149e+00 -3.084360e+00 -7.045477e-01 4.653595e-02 
1.193945e+01 -2.675571e+00 2.484507e+00 9.106761e+00 -2.248709e+00 -8.525915e+00 -4.896519e+00 -4.287892e+00 4.051814e+00 1.096653e-01 -5.674302e+00 2.306937e+00 6.351079e-01 6.294217e+00 -3.127313e+00 -3.127873e-01 4.377161e+00 -3.361553e+00 -3.237193e+00 4.073524e-01 -4.969573e+00 1.528211e+00 3.057011e+00 -3.383570e+00 5.484591e-02 1.106613e-01 
1.457320e+01 -9.823302e+00 3.492373e+00 1.346565e+01 -1.156454e+01 -1.375354e+01 -1.802248e+00 -7.989136e+00 5.393176e+00 1.397254e+00 -5.908784e+00 2.988150e+00 9.177710e-01 3.515042e+00 -2.716587e+00 -4.431313e-01 3.115262e+00 -3.825528e+00 -3.403814e+00 1.030619e+00 -4.293280e+00 1.576857e+00 3.038618e+00 -2.354774e+00 4.569977e-01 1.319689e-01 
1.354232e+01 -1.192335e+01 4.443317e+00 1.306547e+01 -1.104185e+01 -1.429176e+01 -1.435640e+00 -1.383812e+01 6.796777e+00 7.844922e+00 -6.801522e+00 4.421819e+00 9.681866e-01 5.174146e-01 -2.278239e+00 2.731838e-01 5.003875e-01 -2.820952e+00 -5.978497e-01 3.597846e-01 -2.387275e+00 3.566934e-01 2.347512e+00 -3.105178e-01 5.851703e-01 8.012169e-02 
1.466969e+01 -1.289732e+01 3.616152e+00 1.284196e+01 -1.361827e+01 -1.424129e+01 -1.113286e+00 -1.335056e+01 6.052187e+00 7.407516e+00 -6.222248e+00 4.371423e+00 9.892036e-01 -1.123156e-01 -3.641462e-01 8.136844e-03 -8.660272e-01 -1.055255e+00 1.022454e+00 -6.147362e-01 -7.551758e-01 -6.114547e-01 1.865665e+00 -2.751744e-01 3.909503e-01 1.870701e-02 
1.447828e+01 -1.252976e+01 3.788537e+00 1.192055e+01 -1.532661e+01 -1.127129e+01 -3.442077e+00 -1.354356e+01 5.505774e+00 8.842094e+00 -7.070159e+00 4.541153e+00 1.000000e+00 -9.867003e-02 6.223401e-01 -1.705758e-01 -8.510992e-01 -7.700011e-01 1.081767e+00 -6.403648e-01 2.168246e-01 -1.287759e+00 1.358628e+00 -2.600126e-01 -3.567924e-02 3.460073e-03 
1.354365e+01 -1.134083e+01 3.860447e+00 9.707975e+00 -1.469844e+01 -1.015151e+01 -3.872711e+00 -1.191230e+01 2.981404e+00 1.022700e+01 -7.150338e+00 4.883235e+00 9.953993e-01 -2.752191e-01 1.156373e+00 -1.554864e-01 -9.090620e-01 9.373055e-02 9.390764e-01 -5.742510e-01 -3.869772e-01 -9.904529e-01 6.211648e-01 6.060396e-01 -3.843866e-01 -7.532120e-03 
1.361199e+01 -9.589893e+00 3.468290e+00 1.037696e+01 -1.435177e+01 -1.092782e+01 -3.257751e+00 -1.347313e+01 1.893376e+00 1.322832e+01 -7.637540e+00 3.987517e+00 9.823891e-01 -1.542746e-01 1.272080e+00 -4.005256e-01 -7.988819e-01 7.592804e-01 3.005525e-01 -6.336489e-02 -7.889716e-01 -1.463059e+00 5.135902e-01 9.940645e-01 -2.558261e-01 -1.341090e-02 
1.372674e+01 -8.585392e+00 2.998843e+00 9.068439e+00 -1.363703e+01 -9.717647e+00 -4.076704e+00 -1.532066e+01 2.906122e+00 8.320226e+00 -2.908360e+00 2.726308e+00 9.603485e-01 -4.440286e-02 1.138549e+00 -4.966370e-01 -6.799010e-01 5.517322e-01 6.386710e-01 3.646172e-01 -1.490981e+00 -2.189137e+00 5.312722e-01 1.593927e+00 -9.008217e-02 -1.550204e-02 
1.361536e+01 -7.547077e+00 2.216711e+00 8.245904e+00 -1.206091e+01 -9.985455e+00 -3.656905e+00 -1.578424e+01 -1.771881e+00 1.236343e+01 -4.220826e+00 4.340486e+00 9.504709e-01 3.489468e-01 5.634720e-01 -2.052407e-01 -1.020952e+00 -1.090956e-01 1.638992e+00 9.107771e-01 -1.535581e+00 -2.257240e+00 -2.973129e-01 1.990179e+00 7.524879e-01 -2.150041e-02 
1.331995e+01 -6.669492e+00 2.003051e+00 7.373999e+00 -1.308521e+01 -7.429333e+00 -1.850048e+00 -1.821165e+01 -6.131651e+00 1.331580e+01 -8.890619e-01 4.256339e+00 9.338482e-01 7.053480e-01 3.260424e-01 -3.017533e-01 -9.357425e-01 -3.129738e-01 2.325942e+00 1.078770e+00 -4.798208e-01 -2.645578e+00 -4.305450e-01 2.124893e+00 8.313425e-01 -3.032524e-02 
1.556012e+01 -7.730483e+00 2.939983e+00 6.119419e+00 -1.517316e+01 -3.877013e+00 1.828060e-01 -1.970554e+01 -4.873939e+00 9.243969e+00 1.303705e+00 6.984941e+00 8.881372e-01 7.702054e-01 4.762738e-01 -5.108799e-01 -1.421075e+00 -3.115118e-01 3.078877e+00 1.284033e+00 8.022442e-01 -2.276740e+00 -2.311964e+00 2.512191e+00 2.453983e-01 -3.698849e-02 
1.628110e+01 -6.863477e+00 1.128440e+00 5.452970e+00 -1.364577e+01 -1.142159e+00 -6.027110e-01 -1.575911e+01 -8.770741e+00 7.727231e+00 4.953838e+00 5.560793e+00 8.398892e-01 6.441190e-01 8.965883e-01 -1.184669e+00 -1.373263e+00 1.345844e-02 2.544899e+00 2.599149e+00 1.507128e+00 -2.833095e-02 -2.982524e+00 4.023836e-02 -9.876861e-02 -4.360773e-02 
1.598581e+01 -5.068716e+00 9.961647e-02 2.101042e+00 -1.333819e+01 2.265342e+00 2.139592e+00 -1.299929e+01 -1.183604e+01 3.597895e+00 5.418680e+00 4.915251e+00 8.125080e-01 4.452080e-01 1.929389e+00 -2.663560e+00 -1.761696e+00 1.411535e+00 2.554530e+00 3.275217e+00 2.379111e+00 1.092256e+00 -2.904557e+00 -1.494803e+00 -1.196699e+00 -4.296632e-02 
1.632769e+01 -3.517434e+00 -2.500111e+00 2.516872e+00 -1.393540e+01 2.223988e+00 1.016731e+01 -1.402914e+01 -2.792257e+00 1.226221e+00 -2.745358e+00 4.797341e+00 7.536241e-01 3.968963e-01 2.174894e+00 -2.531317e+00 -1.294898e+00 1.581832e+00 2.021408e+00 5.433059e+00 2.652931e+00 1.998924e+00 -3.427657e+00 -1.910573e+00 -1.198520e+00 -4.862858e-02 
1.776286e+01 2.434391e-01 -8.563542e+00 -1.221014e+00 -7.970669e+00 7.212566e+00 1.117388e+01 -8.674971e+00 -2.401899e+00 -2.028313e+00 -2.320712e+00 1.383170e+00 7.164381e-01 1.692473e-01 2.865685e+00 -1.526827e+00 -3.940817e-01 3.799314e+00 1.228734e+00 3.233196e+00 4.381768e+00 2.366097e+00 -3.804291e+00 -2.470798e+00 -2.130928e+00 -8.031929e-02 
1.737706e+01 1.354916e+00 -7.196565e+00 6.395073e-01 -8.420372e+00 6.491268e+00 2.204544e+01 -4.656614e+00 -3.493191e+00 -6.597949e+00 -7.293335e-01 1.334232e+00 6.447812e-01 -1.170220e+00 2.662977e+00 7.795739e-01 3.559636e-01 5.468900e+00 7.739216e-01 -5.634720e-01 4.679049e+00 2.436169e-01 -3.058807e+00 -1.277554e+00 -1.467659e+00 -1.146791e-01 
1.630737e+01 6.823534e+00 -5.186293e+00 1.069315e+00 2.900869e+00 6.275372e+00 1.236651e+01 4.223289e+00 3.449157e-01 -1.151148e+01 -7.943319e+00 -4.007836e+00 4.653330e-01 -3.097387e+00 6.117230e-01 1.968118e+00 4.111865e-01 4.638377e+00 4.730465e-01 -1.170210e+00 4.308270e+00 3.615637e-01 -7.279519e-01 -6.065316e-01 -1.279144e+00 -1.343902e-01 
1.120434e+01 6.507404e+00 -2.908664e-01 3.151525e+00 7.973323e+00 6.562193e+00 6.753634e+00 2.916982e+00 -2.947579e+00 -9.326232e+00 -6.321823e+00 1.545498e-01 3.057814e-01 -4.164159e+00 -9.782131e-01 1.703366e+00 -4.765697e-01 2.543332e+00 5.353757e-01 -3.179648e+00 2.439303e+00 2.841579e-01 8.092799e-01 4.222721e-01 9.459125e-02 -1.158536e-01 
5.362288e+00 7.258098e-01 -2.175799e+00 -4.210908e-01 7.024370e+00 9.542336e+00 1.296874e+01 9.079582e+00 -8.668861e-01 -4.303931e+00 -2.557125e+00 -4.422707e+00 2.139871e-01 -4.165690e+00 -2.091299e+00 1.190613e+00 -4.452720e-01 -1.098091e+00 -7.124118e-01 -1.954684e+00 9.731705e-01 -3.005843e-01 6.088203e-01 9.218047e-01 6.166565e-01 -6.861086e-02 
2.028800e+00 -4.872873e-01 -1.849817e-01 -9.981378e-01 2.234539e+00 7.534665e+00 5.846082e+00 5.111754e+00 -1.466501e+00 -6.155323e+00 -1.311071e+00 2.014623e+00 1.911860e-01 -2.897048e+00 -2.019034e+00 5.163851e-02 -7.306525e-01 -2.659678e+00 -1.647374e+00 -2.586422e+00 -5.903206e-02 7.447506e-02 -2.786237e-01 1.795367e+00 6.110427e-01 -3.138277e-02 
6.668568e-02 -1.356142e-01 7.138293e-01 9.177871e-01 2.798042e-01 2.227077e+00 3.046862e+00 7.991755e+00 -1.898545e+00 -1.005283e+01 -5.839672e+00 -1.854590e+00 1.795764e-01 -1.823886e+00 -9.715427e-01 1.569779e-01 5.466509e-01 -1.414349e+00 -2.542827e+00 -4.485550e+00 -1.133615e+00 1.446788e-01 -6.573311e-01 7.887080e-01 2.090761e-01 -1.763233e-02 
-6.331005e-01 -3.157052e+00 -1.477488e+00 -1.171176e+00 -1.952785e+00 1.982950e+00 -1.217540e+00 3.165735e+00 -2.059375e+00 -7.844900e+00 4.296288e+00 1.925705e+00 1.660728e-01 -9.314730e-01 -5.001417e-01 3.370733e-01 9.429825e-01 -5.101628e-01 -2.111006e+00 -2.437764e+00 -1.183893e+00 -1.972817e-01 -2.104609e-01 3.401288e-01 -1.047428e+00 -2.305369e-02 
-2.426190e+00 -2.797022e+00 -7.446563e-01 2.398682e+00 2.046286e+00 -3.959441e-01 -5.927205e+00 4.384514e+00 1.529448e-01 -6.745798e+00 -1.417264e+00 -3.332867e+00 1.383820e-01 -5.476441e-01 -6.620160e-01 -4.180207e-01 5.595202e-01 5.524171e-01 -6.675760e-01 -2.273600e-01 -8.223168e-01 1.128721e+00 1.309613e+00 8.579775e-01 -3.514430e-01 -3.321971e-02 
-1.382127e+00 -1.657292e+00 2.229628e+00 2.976327e+00 -1.199516e+00 -1.708855e+00 -1.855704e+00 9.959093e-01 -3.478654e+00 -8.861144e+00 -1.821631e+00 -2.483377e+00 9.651470e-02 -9.749318e-03 4.372496e-01 2.620227e-01 6.502209e-01 1.355842e+00 -2.145521e-01 2.280486e-01 -4.317103e-01 1.012205e+00 1.319632e+00 3.344749e-01 -4.172449e-02 -4.128065e-02 
-2.297022e+00 -4.195574e+00 -3.229832e+00 1.641637e+00 2.665256e+00 7.350997e-01 2.229144e+00 4.965083e+00 4.454699e+00 -2.996647e+00 1.509175e+00 -1.407264e+00 4.825693e-02 3.404014e-01 2.897621e-01 -3.258274e-01 1.849529e-01 5.582779e-01 -4.303709e-01 -9.833555e-02 -1.207085e+00 -7.670463e-01 7.455441e-01 7.630610e-01 -2.047389e-01 -4.102623e-02 
-7.464314e-01 -2.715278e-01 1.075214e+00 2.458452e+00 4.516942e+00 3.446683e-01 -4.155471e+00 7.168996e-01 8.507721e-01 -3.121316e+00 4.505443e+00 7.542810e-01 4.732132e-03 3.512049e-02 9.028370e-01 -9.647402e-01 1.536312e-01 1.360323e+00 3.451430e-01 -2.168399e+00 -1.052689e+00 -1.439312e+00 -1.317253e-01 -2.740667e-01 -7.627664e-01 -3.226790e-02 
-1.042031e+00 -2.041093e+00 -1.796586e+00 3.582385e+00 1.979446e+00 -3.574560e+00 -5.268999e+00 -1.511408e+00 -5.847000e+00 -5.887992e+00 -7.654952e-01 -5.975391e+00 -2.085793e-02 1.234139e-01 1.555821e+00 -7.959723e-02 -6.454333e-01 -5.495608e-03 9.190366e-02 -2.291725e+00 -7.589096e-01 -1.673391e+00 -1.130284e-01 -2.174089e+00 -1.547472e+00 -2.577710e-02 
-1.834020e+00 1.779652e+00 -3.310696e+00 2.774109e+00 5.945001e+00 2.171690e+00 -8.948627e+00 -1.029288e+00 -5.524365e+00 -8.074099e+00 -2.054630e+00 -4.013145e+00 -3.026736e-02 -1.538405e-01 1.251803e+00 -5.576959e-01 -1.151773e+00 -6.630811e-01 -1.102746e-02 3.146835e-01 -3.298160e-01 -8.821114e-01 9.726647e-01 -1.737474e+00 -1.746294e+00 -2.236373e-02 
-1.136158e+00 2.557939e+00 -1.434863e+00 -1.743359e+00 1.923748e+00 2.811069e-01 -6.832905e+00 2.043629e+00 -7.246857e-01 -1.085397e+00 -6.081236e+00 -6.760913e+00 -6.312883e-02 -3.063144e-01 1.307267e+00 1.401673e-01 -1.244249e+00 -6.595647e-01 -4.251308e-02 1.549767e+00 -2.215009e-02 7.500590e-01 1.148240e+00 6.830219e-01 -8.878689e-02 -1.833824e-02 
-1.468571e+00 3.687973e+00 -1.894127e+00 -6.375439e-01 1.229385e+00 -1.638303e+00 -1.800101e+00 -2.709699e+00 -6.120942e+00 -6.592896e-01 -1.524060e+00 -7.584426e+00 -8.595109e-02 -8.804381e-01 -1.792179e-01 -3.081450e-02 -1.623358e+00 -6.679339e-01 -9.927722e-01 1.280939e+00 -2.777070e-01 1.936227e-01 1.360087e+00 1.144584e+00 5.440131e-01 -1.541506e-02 
-2.756328e+00 3.541081e+00 -1.804034e+00 -9.330356e-01 1.039431e+00 -1.882129e+00 -1.094429e+00 -7.819529e-01 -1.798416e+00 -3.854194e+00 2.384329e+00 -4.633685e+00 -8.470726e-02 -1.194793e+00 -4.182305e-02 2.595032e-01 -6.810782e-01 6.802891e-01 -2.724575e-01 7.145457e-01 4.220634e-02 5.390178e-01 3.523319e-01 1.409548e+00 1.424134e+00 -7.644021e-03 
-5.426126e+00 3.919914e-01 -3.280183e+00 -5.747842e+00 3.047490e+00 -1.710553e+00 -5.413172e+00 -1.005033e+00 -4.019386e+00 1.107343e-01 -5.644934e-01 -2.356694e+00 -9.655344e-02 -1.216916e+00 -3.639034e-01 4.849014e-01 -1.088003e+00 -1.762378e-01 -1.764698e-02 1.597630e-01 7.797041e-01 1.286382e+00 1.343776e-01 -1.880880e-01 1.250398e+00 -5.017173e-03 
-5.131343e+00 3.996814e+00 5.556805e-01 -2.593601e+00 4.416141e+00 -1.045055e+00 -1.453641e+00 1.402328e+00 9.196252e-01 2.912501e-01 4.867198e-01 -2.254110e+00 -9.604776e-02 -8.210260e-01 1.073526e-01 1.175512e+00 -6.428736e-01 -8.315377e-01 8.158046e-01 1.614078e+00 6.234840e-01 7.610495e-01 9.380161e-01 -2.628108e-01 9.339851e-01 -3.247130e-03 
-6.365642e+00 1.640590e+00 -6.494774e-01 -5.247274e+00 -1.340158e+00 -2.145074e+00 -8.216801e-01 9.668112e-02 -1.048052e+00 -2.060123e+00 -1.515695e+00 -2.522225e+00 -1.053667e-01 -1.254219e-01 4.994543e-01 1.192629e+00 6.704792e-01 -5.629035e-01 1.185146e+00 1.783742e+00 4.607641e-01 1.078941e+00 2.163218e-01 6.312190e-01 7.154467e-01 1.715517e-03 
-6.391700e+00 3.453545e+00 2.758173e+00 -4.397687e+00 -9.244337e-01 2.414155e+00 4.680214e+00 1.784610e+00 5.211642e-01 1.921316e+00 1.545876e+00 1.190047e-01 -9.653628e-02 1.269245e-01 -2.705225e-01 1.763487e-03 7.970132e-01 -2.031872e-01 9.635679e-01 -4.135411e-01 -4.634535e-01 1.585818e-01 -1.559903e-01 3.129671e-01 7.127053e-01 2.638793e-03 
-5.423057e+00 3.160898e+00 1.581714e+00 -1.493402e+00 2.903260e+00 2.485570e+00 4.386098e-01 1.107646e+00 1.574548e+00 3.773102e-01 2.062023e+00 3.398180e-02 -8.773160e-02 3.565834e-01 -1.639559e-01 1.057924e-01 1.451923e+00 1.189446e+00 6.684368e-01 -2.002332e+00 -4.837441e-01 6.936389e-01 -4.138110e-01 6.835312e-01 6.589783e-01 -1.915121e-03 
-4.968013e+00 1.884048e+00 -5.510978e-01 -4.854705e-01 1.278495e+00 1.457462e+00 -4.151491e+00 -1.420423e+00 4.012344e-01 -1.707418e+00 2.626960e-01 3.131294e-02 -9.167135e-02 3.390261e-01 -6.801220e-01 -6.087645e-01 5.925794e-01 5.914499e-01 -3.481288e-01 -2.091591e+00 5.109996e-01 5.335968e-01 -6.710889e-01 -1.990474e-01 1.222680e-01 -6.751335e-03 
-5.294568e+00 1.605559e+00 1.534120e+00 5.623436e-02 3.505605e+00 1.675456e+00 -6.417489e+00 -7.195234e-01 2.480108e+00 -2.314811e+00 2.543551e+00 8.165126e-01 -1.173748e-01 4.224012e-01 2.070802e-02 -3.230176e-01 2.003422e-01 7.280718e-01 4.975547e-01 3.670261e-01 8.933830e-01 7.210032e-01 8.600752e-01 3.579982e-01 5.266573e-02 -1.107299e-03 
-4.760814e+00 8.306044e-01 -2.618530e-01 -2.209609e+00 1.731643e+00 1.078568e+00 -2.349691e+00 5.253193e+00 2.736368e+00 -8.806717e-02 3.098755e-01 3.390791e-01 -1.154714e-01 2.218381e-01 5.385754e-01 1.120277e-01 -2.458316e-01 4.490747e-01 3.678433e-01 1.531725e+00 1.211161e+00 2.845227e-01 1.805085e+00 1.153280e+00 2.487413e-01 3.224850e-03 
-3.414650e+00 3.791160e+00 -1.779966e-01 3.703778e-01 6.317045e+00 5.162791e+00 1.372840e+00 2.237754e+00 4.011996e+00 3.868010e+00 3.828424e+00 1.434274e-01 -8.136809e-02 4.269447e-02 5.142481e-01 -2.844242e-02 -9.499621e-02 -3.945482e-01 -8.017355e-02 2.133666e+00 1.489749e+00 -7.725651e-01 1.727358e+00 1.382568e+00 5.362178e-01 4.380655e-03 
-4.798781e+00 3.484124e+00 8.650991e-01 -1.871700e+00 2.118149e+00 1.553011e+00 -3.880329e-01 3.156742e+00 1.057903e+00 4.226598e+00 5.386659e+00 1.611562e+00 -9.355044e-02 -2.094507e-02 2.889542e-01 3.012269e-01 2.371504e-01 -3.993320e-01 -1.448777e-01 8.049257e-01 1.573448e-02 -9.739498e-01 2.543420e-01 2.323990e+00 8.086675e-01 -2.720082e-03 
-5.062112e+00 2.850040e+00 8.284317e-01 -5.877008e-01 1.339612e+00 1.037366e+00 3.270013e+00 7.777445e+00 -5.434852e-01 4.164648e+00 6.917997e+00 2.861360e+00 -1.064320e-01 -4.184893e-01 -3.932057e-01 3.985735e-01 -8.469395e-02 -1.054937e+00 -1.650639e+00 -3.567331e-01 1.287819e-01 -1.541812e-02 -3.980560e-01 -1.036232e-01 -1.810639e-01 -4.857576e-03 
-4.041808e+00 2.745936e+00 7.410676e-01 -5.448172e-01 2.223700e+00 2.416892e+00 7.263515e-01 2.562020e+00 1.443595e-01 1.035324e+00 1.038504e+01 3.023451e+00 -1.165398e-01 -1.321974e-01 -1.973244e-01 4.810291e-01 3.500562e-01 2.566832e-01 -8.380327e-01 2.231364e-02 3.224897e-02 4.200490e-01 -8.289695e-02 -4.600945e-01 -6.836693e-01 -3.687310e-03 
-5.885583e+00 2.194225e+00 1.876887e+00 -7.165335e-01 9.895844e-01 -3.522346e+00 -9.680176e-01 3.179024e+00 4.391678e+00 3.473367e+00 8.111169e-01 -1.467837e+00 -9.416127e-02 -9.780665e-02 3.021169e-03 5.840121e-01 1.549211e-01 5.826812e-01 -5.563512e-01 -1.738726e-01 -1.265319e-01 3.014312e-01 3.108641e-01 -5.802156e-01 -7.672729e-01 -2.496326e-03 
-5.048033e+00 2.825409e+00 2.746017e+00 -5.700278e-02 3.576578e+00 -3.572960e-01 1.842550e+00 5.617197e+00 6.905673e-01 4.157754e+00 6.139627e+00 3.578141e-01 -1.181223e-01 -1.174899e-01 7.901301e-02 4.879030e-01 1.635160e-01 5.292751e-01 -2.383325e-01 5.042966e-01 8.548527e-01 -2.608695e-01 6.929246e-01 -3.162320e-01 -3.505622e-01 -2.712607e-03 
