-2.677895e+00 4.839483e+00 -2.948483e+00 -4.564691e+00 2.697898e+00 -5.231730e+00 1.736687e+00 4.349326e+00 1.639358e-01 8.734074e-01 4.461577e+00 -8.696738e-01 -1.254689e-01 -3.926906e-01 1.048620e-01 8.703696e-01 1.567737e+00 3.857782e-01 2.637340e+00 -4.343719e-01 -7.444981e-01 -1.513357e+00 -1.557642e+00 -1.645226e+00 1.085469e+00 1.232852e-02 
-2.562425e+00 5.749930e+00 4.561323e-01 5.054420e+00 5.328288e+00 1.790073e+00 -1.287546e-01 4.895267e+00 1.040357e+00 1.752999e+00 -1.989571e-01 -5.761907e-01 -1.075220e-01 -5.148376e-01 -3.757784e-01 3.924085e-01 5.190760e-01 -1.959164e-01 2.976931e+00 6.123829e-03 -2.200099e+00 -1.737761e+00 -1.814317e+00 -1.408366e+00 1.132664e+00 3.835642e-03 
-4.699082e+00 4.908570e+00 -2.989433e-01 -1.535560e+00 3.311594e+00 4.444068e+00 4.975488e-01 3.538648e-01 -7.841060e+00 -7.354598e+00 -1.434284e+00 4.410930e+00 -7.279968e-02 -5.876835e-01 -1.056533e+00 -6.317399e-01 -6.951064e-01 -2.322827e-01 1.593337e+00 -4.063863e-01 -1.595913e+00 2.202590e-01 2.419240e-01 5.267106e-01 5.907158e-01 -3.144491e-03 
-4.241488e+00 2.926048e+00 -2.311210e+00 -3.483877e+00 1.411468e+00 4.815027e+00 2.386876e+00 -4.653442e+00 -4.522373e+00 -4.084177e+00 3.676773e-01 2.153343e+00 -1.326252e-01 -9.811135e-02 -7.144607e-01 -1.102534e+00 -1.153489e+00 -3.197009e-01 -4.315861e-01 -2.964962e-01 -8.596579e-01 -9.909067e-02 5.917346e-01 7.622691e-01 -2.530866e-01 -8.316088e-03 
-4.776780e+00 9.687593e-01 -4.723511e+00 -3.771075e+00 3.494895e+00 1.222479e+00 -1.553060e+00 1.144116e+00 4.046596e+00 5.001616e+00 6.811813e+00 7.191383e-01 -1.286397e-01 2.631859e-01 -5.545579e-01 -4.364694e-01 4.664064e-01 -4.037262e-01 -1.241815e+00 -4.957510e-01 8.791550e-01 8.292554e-01 1.177313e+00 1.401047e-01 -2.106853e-01 -8.458221e-03 
-3.014132e+00 4.147532e+00 -2.844255e+00 4.047303e-01 3.638134e+00 1.242937e+00 -5.859313e-01 2.018529e-01 -5.398924e+00 -1.466434e+00 -5.106597e-01 4.271895e-03 -1.211824e-01 -2.446783e-01 2.624053e-01 1.030779e+00 1.240686e+00 4.819226e-01 -8.895540e-01 -7.792003e-02 1.262404e+00 -3.572910e-01 3.778581e-01 -1.866404e-01 3.363593e-01 1.321316e-03 
-3.996831e+00 1.525038e+00 -2.214767e+00 -1.147832e+00 1.796308e-01 2.103674e-02 -4.948025e-01 2.321992e+00 -3.256508e+00 -2.776902e+00 -2.945919e-01 4.432039e+00 -1.208122e-01 -4.011886e-01 1.008663e+00 1.748645e+00 6.457400e-01 2.085352e-01 -8.139555e-01 -9.428558e-02 1.157446e-01 -7.352663e-01 -8.645719e-01 1.140840e-02 5.989921e-01 -3.545261e-03 
-5.854855e+00 3.959935e+00 1.588312e+00 1.407932e+00 5.478713e+00 9.679776e-01 1.468147e+00 1.069640e+00 -2.657276e+00 1.694372e+00 2.987678e+00 1.978689e+00 -1.299324e-01 -8.844451e-01 6.420540e-01 1.037024e+00 -5.775710e-01 2.438931e-01 -1.463131e+00 -8.778524e-01 7.663130e-01 1.383032e+00 5.080268e-01 1.095069e+00 3.133691e-01 -4.094517e-03 
-5.362362e+00 6.105871e+00 1.803429e+00 -1.043976e+00 3.617281e+00 -2.709819e+00 -3.051527e+00 1.288945e+00 -1.000560e+00 -9.016465e-01 5.119686e+00 2.726890e+00 -1.419910e-01 -5.246490e-01 9.006212e-01 1.497372e-01 -4.427068e-01 -2.223400e-01 -2.025766e+00 -2.372051e-01 4.464326e-01 5.603895e-01 -8.293524e-02 1.568000e+00 -8.140053e-02 -3.565121e-03 
-6.753592e+00 5.067386e+00 3.317685e-01 -2.535053e+00 3.138774e+00 -4.707290e+00 -3.696831e+00 4.549941e+00 3.882613e-01 1.360722e-01 2.257544e+00 2.423692e+00 -1.310656e-01 -7.186353e-01 -6.683733e-02 -8.371115e-01 -1.331230e+00 -1.971115e+00 -1.176244e+00 -6.606649e-01 -3.984724e-01 2.183040e-01 -1.527918e+00 -1.437154e-02 -5.154607e-02 1.066694e-02 
-6.170707e+00 5.474419e+00 -8.378099e-01 -1.389873e+00 2.379003e-01 -7.270161e+00 9.016612e-01 2.814005e+00 -1.977329e+00 -2.412428e+00 7.910476e+00 3.802535e+00 -1.380712e-01 -4.628666e-01 1.888901e-01 -1.924330e-01 -7.240338e-01 -1.721781e+00 1.039261e+00 6.877702e-01 -6.976699e-01 1.428623e+00 2.389688e-01 3.489869e-01 1.042991e+00 2.439917e-02 
-9.043859e+00 3.941474e+00 -1.276626e+00 -5.075270e+00 -2.687174e+00 -2.633070e+00 -3.811772e+00 -1.685252e+00 -1.077372e+00 -5.189826e+00 1.520425e+00 1.183136e+00 -7.855761e-02 2.349756e-01 5.095634e-01 3.834733e-01 -1.395233e-01 -1.982873e-01 1.701876e+00 1.200395e+00 -6.286263e-01 1.512557e+00 1.752917e+00 1.370446e+00 1.577823e+00 1.056382e-02 
-6.531562e+00 7.613277e+00 1.645461e+00 -3.394036e+00 -2.078648e+00 1.449379e+00 4.447947e-01 9.181923e-01 6.875373e+00 2.956147e+00 7.233180e+00 8.562120e+00 -4.624915e-02 3.460998e-01 4.298563e-02 1.519691e-01 1.572928e-01 1.708944e+00 1.607283e+00 1.329024e+00 9.385923e-01 1.142200e+00 2.785375e+00 9.095085e-01 3.754686e-01 -6.911778e-03 
-5.398287e+00 6.545774e+00 1.007500e+00 -2.230588e+00 3.305611e+00 -5.576786e-01 2.533575e+00 2.354716e+00 3.524697e+00 6.216371e+00 9.448421e+00 7.933015e+00 -1.241575e-01 5.179030e-01 -2.824078e-01 -3.980932e-01 1.630796e-01 1.081389e+00 -1.722500e-01 1.873950e+00 2.168417e+00 2.910973e-01 1.151275e+00 9.653641e-01 5.805791e-01 -1.617787e-02 
-6.262994e+00 4.387197e+00 -1.220027e+00 -2.025750e+00 5.786229e+00 -2.714431e-01 4.374109e+00 5.486983e+00 1.432639e+00 5.811348e+00 8.494021e+00 2.304939e+00 -1.498301e-01 -4.247954e-01 -1.478401e+00 -1.575255e+00 9.311576e-01 6.669596e-01 -7.973164e-01 -7.432345e-01 9.614271e-01 -2.124164e-01 -5.553838e-01 -2.142779e+00 -9.096781e-01 1.990568e-02 
-6.588628e+00 4.142476e+00 -1.834348e+00 -4.944016e+00 -1.212667e+00 -2.633909e+00 3.593320e+00 6.872438e+00 3.099482e+00 -8.610494e-01 5.716825e+00 7.214623e+00 -1.076565e-01 -4.714861e-01 -8.961115e-01 -8.430694e-01 2.554173e-01 -6.515897e-01 -1.452027e+00 -1.734892e+00 -7.353312e-01 -8.656073e-02 -1.688103e+00 -2.427393e+00 -6.319031e-01 1.882074e-02 
-8.060369e+00 1.422922e+00 -4.809888e+00 2.618465e+00 3.515290e+00 -1.499088e+00 -3.801250e+00 3.466466e+00 6.025898e+00 3.717938e+00 -1.614916e+00 4.372927e+00 4.502869e-02 -2.049541e-01 -5.782378e-03 1.086416e-01 -3.774194e-01 -4.331613e-01 -9.714414e-01 -8.293799e-01 -2.028767e+00 -1.351972e+00 -2.044988e+00 -1.744509e+00 -5.338771e-01 2.434862e-03 
-6.857030e+00 3.547354e+00 -1.412917e+00 -3.275609e+00 1.183132e+00 -7.203993e+00 -2.053205e+00 -3.116820e-01 7.952635e-01 -1.177440e+00 2.365924e+00 3.739506e+00 -1.274832e-01 4.589123e-01 7.524927e-01 9.124449e-01 -1.484054e-01 5.822115e-01 1.134608e+00 8.850728e-01 -6.851380e-01 -1.569237e+00 -4.407304e-01 6.994890e-01 -1.401500e+00 -2.362601e-02 
-7.153563e+00 4.655846e+00 -8.875350e-01 -4.747050e+00 2.422523e+00 -2.843609e+00 3.050472e+00 -1.064793e+00 -4.175112e+00 -4.255395e+00 1.446926e+00 1.373112e+00 -1.277424e-01 9.732882e-01 8.765129e-01 5.475601e-01 -1.434892e+00 -1.829048e-01 1.779938e+00 2.740027e+00 1.471098e+00 -1.539835e+00 -1.576401e+00 1.146986e+00 -8.238800e-01 -3.658742e-02 
-4.747469e+00 6.288477e+00 7.667000e-01 -2.003284e+00 2.244774e+00 3.711390e+00 4.592824e+00 5.712378e+00 3.538038e-01 9.219651e-01 7.683349e+00 1.707028e+00 -1.394010e-01 2.714917e+00 -7.694119e-01 -3.132318e-01 -6.346806e-01 -4.547240e-01 1.683587e+00 1.276809e+00 1.125508e+00 1.864018e-01 -2.770467e-01 -4.540366e-01 -1.085412e+00 6.027695e-02 
-4.248708e+00 4.434925e+00 -3.161896e+00 -5.192160e+00 2.069945e+00 1.942914e+00 6.575870e+00 7.809927e+00 -1.452548e+00 -5.213768e+00 1.461302e+00 1.269765e+00 -1.319495e-01 2.090446e+00 -8.893916e-01 3.555596e-01 -1.251764e+00 -1.103195e+00 8.265882e-01 -1.029297e+00 6.109605e-02 1.859582e+00 6.797191e-01 -2.064915e+00 2.873256e-01 1.247596e-01 
5.265128e+00 -1.892452e-01 -1.841895e+00 -6.226458e+00 -9.141994e-01 -1.179320e+00 2.568142e+00 8.784956e-01 3.659902e-01 -2.083487e+00 8.855319e-02 -1.635879e+00 1.760051e-01 -2.110400e+00 -9.449536e-01 1.371289e+00 -1.377847e+00 -3.657845e-01 3.676119e-01 -1.430144e+00 -1.048959e+00 1.165016e+00 -3.371581e-01 -3.046283e+00 -9.211737e-01 1.734501e-01 
-1.707631e+00 3.447749e+00 2.194561e+00 -8.894281e+00 -1.513966e+00 3.734687e+00 -1.083673e+00 1.657628e+00 5.116706e+00 6.459260e-01 -5.080253e+00 4.481194e+00 3.383525e-01 -5.319744e+00 -3.817805e-01 2.302871e+00 -1.003063e+00 -4.107242e-01 -9.181166e-03 -2.105621e+00 -5.564038e-01 1.638005e+00 1.005709e+00 -1.051545e+00 -4.536344e-01 1.794266e-01 
-1.657001e+01 2.057297e+00 4.944917e+00 -7.041459e+00 2.207807e+00 4.653563e+00 1.271874e+00 3.543729e+00 2.894255e+00 -3.693673e+00 -4.277287e+00 -4.504554e+00 4.926984e-01 -4.961516e+00 1.494103e+00 1.538046e+00 -9.397076e-01 -5.833060e-01 2.048893e-01 -1.360885e+00 3.872298e-01 6.355853e-02 3.898409e-01 6.621700e-01 -5.684060e-01 1.193716e-01 
-1.992986e+01 1.402751e+00 4.959054e+00 -9.799974e+00 -1.544679e+00 -1.019434e+00 -3.304099e+00 3.695292e+00 5.473346e+00 6.198692e-01 -1.613503e+00 4.359308e-01 6.068369e-01 -1.432726e+00 1.555801e+00 8.970908e-01 -6.712831e-01 -6.844529e-01 -1.329746e+00 -1.521050e-01 1.088024e-01 -1.100428e+00 1.079436e+00 1.978328e+00 -9.986498e-01 8.471932e-02 
-1.043134e+01 8.303771e+00 4.466088e+00 -1.047215e+01 -3.815373e+00 2.222187e+00 -3.126070e+00 1.795813e+00 5.054629e-01 -1.212540e-01 1.666028e+00 -2.455278e+00 6.386210e-01 2.808752e-01 9.527645e-01 2.777993e-01 -9.582461e-01 -7.408250e-01 -1.299686e+00 -1.198563e-01 -4.319665e-01 -2.653997e+00 7.202226e-01 1.670350e+00 1.540536e-01 4.879608e-02 
-1.194059e+01 8.103518e+00 6.919430e+00 -1.053535e+01 -1.924641e+00 -1.698356e+00 3.547733e-01 3.075598e+00 8.089620e-01 4.256898e+00 1.839730e+00 -1.536694e+00 6.889877e-01 -4.500755e-01 -6.133445e-01 -2.722794e-01 -1.069981e-01 7.807356e-01 -5.210152e-01 -6.489511e-02 2.097240e-03 -2.691511e+00 -9.599863e-01 6.797900e-01 -1.371503e+00 9.588271e-03 
-1.916026e+01 3.470736e+00 5.353725e+00 -1.146500e+01 -1.306337e+00 -1.505407e+00 -1.156843e+00 1.693744e+00 -8.043538e+00 -1.911074e+00 2.347848e+00 -2.747974e+00 6.956034e-01 -1.129725e+00 -2.645339e+00 -4.115753e-01 7.010899e-01 6.410599e-01 -6.865599e-01 6.497212e-02 -7.353924e-02 -9.338809e-01 -4.962517e-01 -2.105169e-01 -8.411751e-01 -3.803556e-02 
-1.781577e+01 7.525465e-01 3.153837e+00 -9.838539e+00 1.104481e+00 -1.760713e+00 -4.613187e+00 3.756812e+00 -3.709710e+00 -3.285152e+00 1.444538e+00 -6.275236e+00 6.262871e-01 2.192884e+00 -2.441766e+00 -1.092455e+00 3.017962e+00 1.845581e+00 7.922517e-01 -1.448870e-01 -3.733909e-01 9.438806e-01 2.089455e+00 6.761326e-01 -2.629850e-01 -9.842755e-02 
-1.314237e+01 -1.247440e+00 4.291007e+00 -7.315106e+00 -2.124634e+00 -1.179434e+00 -3.172288e-01 1.087510e+00 -1.904606e+00 1.168513e+00 8.110398e-01 -4.291882e+00 4.797935e-01 7.378698e+00 -1.440818e+00 -1.394168e+00 3.835245e+00 3.245796e-01 7.354231e-01 1.930480e-01 -1.401631e+00 2.389914e+00 3.997659e+00 -4.700585e-01 1.115997e+00 -5.987288e-02 
-3.985120e+00 -1.746224e+00 1.988516e+00 2.479513e+00 7.712411e+00 2.099916e+00 -7.894688e-01 1.511760e+00 2.458899e+00 1.316438e+01 5.988797e+00 -2.079665e+00 3.047549e-01 8.794304e+00 -2.298896e+00 -6.871685e-01 3.434039e+00 -1.905484e+00 2.161617e-01 -4.663305e-01 -2.252218e+00 1.355142e+00 4.577360e+00 -1.064399e+00 1.526373e+00 5.330905e-02 
1.081790e+01 -2.483970e+00 -1.034453e+00 1.552197e+00 -2.987404e+00 2.413939e-01 -2.103462e+00 -4.191883e+00 8.217278e-01 9.852457e+00 -2.274574e+00 7.342228e-01 5.570050e-01 7.369328e+00 -3.074723e+00 -3.891280e-01 1.212356e+00 -2.858283e+00 -7.134224e-01 -1.445728e+00 -1.238495e+00 9.482461e-01 3.269090e+00 -1.807018e+00 5.777078e-01 1.410451e-01 
1.417561e+01 -1.012367e+01 2.380725e+00 2.898003e+00 -7.991554e+00 -1.390318e+00 -6.051723e+00 -4.864579e+00 1.702834e+00 1.525967e+01 -2.334649e+00 -1.156425e+00 8.542266e-01 4.148434e+00 -3.629140e+00 5.131961e-01 -1.334913e+00 -3.837806e+00 -1.410288e+00 -6.691283e-01 -1.195590e-01 1.312276e+00 1.164987e+00 -3.175942e+00 -5.027472e-01 1.625294e-01 
1.462390e+01 -1.243233e+01 2.149263e+00 -1.462570e+00 -8.564068e+00 -3.001429e+00 -4.914740e+00 -1.916795e+00 3.214657e+00 1.646632e+01 -4.062326e+00 -1.864964e+00 9.102831e-01 8.009529e-01 -2.841831e+00 2.968197e-01 -1.360118e+00 -1.453523e+00 -2.476963e-01 7.942376e-02 1.846157e+00 1.651695e+00 1.296736e+00 -2.204437e+00 -1.170877e+00 8.930657e-02 
1.485405e+01 -1.491774e+01 2.962639e+00 -2.687671e+00 -8.688284e+00 -3.330113e+00 -2.729471e+00 -2.235792e-01 7.823815e+00 1.568239e+01 -8.997038e+00 -3.293808e+00 9.407629e-01 -1.033128e-01 -1.167978e+00 -7.324530e-01 -1.219500e+00 -4.442232e-01 6.935973e-01 7.890946e-01 2.170231e+00 1.178702e+00 1.062613e-01 -2.037019e+00 -1.370147e+00 3.415335e-02 
1.448344e+01 -1.429609e+01 1.586889e-01 -2.455557e+00 -9.906654e+00 -2.719033e-02 -3.367469e+00 2.718401e+00 6.019712e+00 1.612478e+01 -9.965562e+00 -4.051469e+00 9.602697e-01 -3.875995e-01 -5.275118e-01 -6.477178e-01 -8.583606e-01 4.538634e-01 4.306490e-01 8.105669e-01 1.538741e+00 3.119733e-01 -3.249344e-01 -1.006300e+00 -9.578382e-01 2.310533e-02 
1.372927e+01 -1.503168e+01 -2.862530e-01 -2.703006e+00 -9.541376e+00 5.905491e-01 -2.879885e+00 3.668978e+00 6.193817e+00 1.596175e+01 -9.568129e+00 -6.913905e+00 1.000000e+00 -3.800234e-01 -1.192202e-01 -7.088982e-01 -5.663646e-01 6.536366e-01 6.148312e-02 7.243878e-01 1.029691e+00 -1.190970e+00 6.179810e-05 2.674023e-01 -4.582823e-01 1.456757e-02 
1.324829e+01 -1.501292e+01 5.351197e-01 -5.746705e+00 -5.868205e+00 -2.808515e+00 -7.866988e-01 3.830630e+00 5.589523e+00 1.470196e+01 -8.808282e+00 -4.844106e+00 9.961912e-01 -2.129414e-02 -1.291523e-01 -3.248644e-01 -7.424651e-02 3.790531e-01 -1.034551e+00 1.965539e+00 -3.914884e-01 -1.566171e+00 8.459219e-01 6.664658e-02 1.149243e-01 4.571170e-03 
1.357150e+01 -1.515543e+01 -7.700671e-01 -3.873919e+00 -7.439326e+00 -1.632035e+00 -3.979177e-01 4.368762e+00 2.084059e+00 1.639410e+01 -8.238667e+00 -5.188900e+00 9.956400e-01 3.563898e-01 3.236931e-01 -2.203830e-01 3.450419e-01 -7.573580e-01 -6.357855e-01 1.897844e+00 -9.300749e-01 -1.616062e+00 8.592476e-01 4.765185e-01 5.894561e-01 -9.058952e-03 
1.445586e+01 -1.487998e+01 -1.223726e+00 -2.241333e+00 -9.062414e+00 -4.088652e+00 5.219244e+00 4.110681e-01 2.437341e-01 2.013821e+01 -1.029706e+01 -4.339349e+00 9.853056e-01 4.758570e-01 8.610937e-01 -6.237482e-02 8.033140e-01 -1.181499e+00 -3.220065e-01 7.413934e-01 -9.803391e-01 -1.203012e+00 6.158854e-01 1.081709e+00 4.867140e-01 -1.979362e-02 
1.490744e+01 -1.347969e+01 -5.087452e-01 -2.730483e+00 -1.173106e+01 -1.948310e+00 3.606364e+00 7.283851e-01 7.863989e-01 1.753986e+01 -6.441147e+00 -4.219002e+00 9.601480e-01 4.291583e-01 1.449870e+00 8.431990e-01 7.965258e-01 -4.708701e-01 4.584322e-02 -4.723755e-01 -1.500105e+00 -4.391775e-01 -1.020334e-01 2.488821e+00 6.205605e-01 -4.820463e-02 
1.495961e+01 -1.154532e+01 9.258461e-02 -2.301853e+00 -9.629831e+00 -4.260410e+00 9.181275e-01 7.491230e-01 2.232906e-01 1.720851e+01 -4.298498e+00 -2.895485e+00 9.149691e-01 -8.565386e-01 3.106216e+00 4.907311e-01 1.723689e+00 1.533756e+00 1.172622e+00 -9.768947e-01 -2.635193e+00 -8.308854e-01 -2.451340e+00 3.604033e+00 3.813578e-01 -1.099908e-01 
1.546542e+01 -9.573403e+00 2.787772e+00 1.389701e-01 -9.509968e+00 -1.316940e+00 -6.092372e-01 -3.300792e+00 -1.016071e-01 1.734879e+01 1.206159e+00 -2.808030e+00 7.897851e-01 -2.982358e+00 5.236279e+00 7.297474e-01 2.075073e+00 4.567243e+00 1.669478e+00 -6.617428e-01 -2.679931e+00 -2.984962e+00 -5.017407e+00 2.460162e+00 6.349505e-01 -1.569634e-01 
9.894175e+00 -1.302037e+00 -4.183295e-01 4.942384e+00 -2.504183e+00 1.458773e+00 2.442570e+00 -1.075031e+01 -3.466690e+00 7.977051e+00 3.899450e+00 -3.138047e+00 5.205332e-01 -5.050738e+00 5.085669e+00 1.180201e+00 3.065426e+00 4.800257e+00 1.576054e+00 6.164136e-02 -3.553875e-01 -2.437723e+00 -5.653432e+00 7.056892e-01 5.341266e-02 -1.353705e-01 
2.528367e+00 7.580063e+00 3.395449e+00 4.022765e+00 7.542327e+00 3.539490e+00 -4.645710e-01 -6.921556e+00 -1.229342e+01 -2.931442e+00 1.760689e+00 -9.229697e-01 3.725489e-01 -5.275453e+00 3.691533e+00 4.854972e-01 1.702001e+00 4.527567e+00 1.247763e+00 6.201611e-01 2.298407e+00 -2.841687e-02 -4.750017e+00 -9.457709e-01 -4.198067e-01 -6.411328e-02 
-3.825551e+00 5.306286e+00 5.689751e+00 1.108338e+01 5.845305e+00 1.191648e+00 1.154001e+00 7.825675e-01 -5.869415e+00 -9.185320e-01 -1.047317e+00 -3.570952e+00 4.467344e-01 -2.265296e+00 1.478193e+00 1.988531e-01 -1.441736e+00 8.230515e-01 -3.549062e-01 -7.160584e-01 2.695981e+00 2.772307e+00 -1.716007e+00 4.017007e-01 -7.294847e-01 1.777602e-02 
-4.051983e+00 5.580101e+00 2.161218e+00 5.578478e+00 8.953125e+00 5.055440e+00 3.135853e+00 2.424803e+00 9.576715e-01 -1.953506e+00 -1.049312e+00 -4.690611e+00 5.061181e-01 2.769296e+00 -2.359891e+00 -1.906508e+00 -1.495277e+00 -3.625574e+00 -6.118509e-01 -3.704577e-01 -7.125059e-01 4.160685e+00 2.549860e+00 9.364946e-01 -7.757061e-01 7.895470e-02 
1.857871e+00 7.088906e+00 1.193051e+00 -3.044154e+00 9.056745e-01 -1.073733e+00 -2.937933e+00 -1.943583e+00 3.769298e+00 -1.091949e+00 7.312954e+00 -4.901649e+00 5.426288e-01 5.147766e+00 -3.706652e+00 -2.642477e+00 -6.789988e-01 -5.515789e+00 -4.659181e-01 5.376853e-01 -4.489793e+00 2.718836e+00 4.868484e+00 -1.241558e+00 1.525760e+00 1.028086e-01 
1.353314e+01 -5.110704e+00 -3.888740e+00 3.610148e+00 -8.115728e+00 1.612926e+00 -2.708921e-01 -9.121011e+00 3.690644e+00 9.904570e+00 2.263027e+00 -4.136151e+00 7.193753e-01 4.271459e+00 -3.801512e+00 -2.013016e+00 1.523603e+00 -5.659663e+00 9.042164e-02 7.833335e-01 -5.479829e+00 2.115195e+00 5.207931e+00 -3.271480e+00 2.509625e+00 1.015708e-01 
1.312072e+01 -7.881570e+00 -4.497655e+00 8.672551e+00 -1.319921e+01 5.833149e-01 5.545800e+00 -1.589349e+01 6.358278e+00 1.749485e+01 -8.911278e+00 3.780620e+00 8.541487e-01 1.802711e+00 -2.185998e+00 -1.031795e+00 1.621245e+00 -2.389072e+00 1.497173e+00 1.316170e+00 -3.681396e+00 1.577129e+00 3.021286e+00 -4.356182e+00 2.854041e+00 6.343057e-02 
1.167388e+01 -5.942222e+00 -5.058506e+00 7.338142e+00 -1.229275e+01 4.679024e+00 2.810654e+00 -1.799939e+01 1.023915e+01 1.479275e+01 -9.294594e+00 3.516381e+00 8.582119e-01 -2.859251e-01 8.820097e-01 5.173416e-01 -2.802466e-01 1.774599e+00 2.159721e-01 -9.356900e-02 8.331356e-02 5.392839e-01 -3.234529e+00 -5.257756e-01 2.161819e+00 -1.888651e-02 
1.180105e+01 -3.425326e+00 -3.381039e+00 3.198076e+00 -8.951176e+00 4.879084e+00 2.102146e+00 -1.591138e+01 8.380691e+00 1.157039e+01 -8.689143e+00 5.542292e+00 7.903633e-01 2.492497e-01 8.593674e-01 2.144198e+00 1.066638e-01 3.054501e+00 1.611165e-01 -2.226883e+00 2.624685e+00 -4.810330e-01 -7.795765e+00 3.996637e+00 -1.119839e+00 -6.662099e-02 
1.276334e+01 -2.928778e+00 -1.860340e+00 4.946153e+00 -1.366753e+00 5.449016e-01 9.830899e-01 -8.695499e+00 5.375857e+00 -3.305848e+00 -4.769189e-01 5.792109e+00 6.568354e-01 6.212481e-01 4.597861e-01 2.371621e+00 1.139879e+00 3.064679e+00 1.716674e-01 -2.065532e+00 3.547996e+00 -1.145143e+00 -8.018571e+00 4.663351e+00 -1.873712e+00 -7.759490e-02 
1.382224e+01 -5.091455e+00 4.624253e+00 1.040187e+01 -3.389701e+00 3.455959e+00 -4.674835e+00 -7.422009e+00 6.384761e+00 -1.243468e+01 6.663070e+00 -2.956438e+00 6.217320e-01 5.199360e-01 4.450630e-01 1.177319e+00 2.192808e+00 2.700587e+00 8.367022e-01 -1.512437e+00 3.773818e+00 1.811418e-02 -6.026636e+00 3.059057e+00 -2.639601e+00 -7.030495e-02 
1.376953e+01 -2.810227e+00 2.796952e+00 9.435642e+00 2.499075e-01 6.248924e+00 -4.128516e+00 -4.504095e+00 5.511406e+00 -1.329757e+01 6.346054e+00 -1.602814e+00 5.545530e-01 -3.612240e-01 1.467602e+00 1.049714e+00 1.150247e+00 2.879547e+00 1.622175e+00 -1.204051e+00 3.083425e+00 1.061118e+00 -2.162595e+00 -1.415969e+00 -2.646563e+00 -6.459608e-02 
1.389764e+01 -1.259286e+00 1.769116e-01 1.191737e+01 3.743430e+00 6.210584e+00 -2.904237e+00 8.620150e-01 8.403487e+00 -1.356693e+01 3.194657e+00 -3.958254e+00 4.899797e-01 -1.963714e+00 2.568365e+00 1.050617e+00 4.982481e-02 2.727388e+00 1.035817e+00 1.157986e+00 1.665449e+00 -1.497209e+00 2.636185e-02 -2.181016e+00 1.185312e-02 -8.277331e-02 
1.091952e+01 2.493146e+00 5.611903e+00 9.939631e+00 9.464417e+00 7.278465e+00 -5.922463e+00 2.579616e+00 9.672082e+00 -1.355270e+01 -5.822560e+00 -6.939796e+00 3.997312e-01 -3.430288e+00 1.434735e+00 1.307764e+00 -2.924694e-01 9.717137e-01 3.606482e-01 2.240011e+00 1.494976e+00 -2.818106e+00 5.186512e-01 -9.482878e-01 1.516337e+00 -7.682501e-02 
5.428673e+00 5.098682e+00 8.469863e+00 1.039899e+01 5.639984e+00 8.120273e+00 2.012070e+00 -2.636617e+00 -3.181623e+00 -1.217530e+01 1.842297e+00 -2.286813e-01 2.852764e-01 -4.319375e+00 1.599109e-01 2.714473e-01 -6.005019e-01 -6.574623e-01 -1.496934e+00 1.609204e+00 1.258760e+00 -2.404854e+00 7.520739e-01 -3.708785e-01 1.889594e+00 -5.761983e-02 
8.525734e-01 1.184463e+00 5.189296e+00 8.732485e+00 4.160199e+00 7.097320e+00 4.613385e+00 4.720100e+00 -2.786569e+00 -1.140013e+01 2.280795e+00 4.114087e+00 2.727796e-01 -3.683063e+00 -1.785361e+00 -2.248825e+00 -1.566922e+00 -2.656175e+00 -3.407283e+00 1.071673e+00 9.508744e-01 -1.591370e+00 1.434437e+00 3.111736e-01 1.206243e+00 -3.420664e-02 
-2.665762e+00 1.946099e-01 1.745451e+00 9.518437e+00 3.108227e+00 -1.183515e+00 -1.261425e-01 6.085571e+00 2.608541e+00 -1.088284e+01 -2.711413e+00 -3.722277e-02 2.653564e-01 -1.951107e+00 -2.272897e+00 -3.225068e+00 -2.405177e+00 -1.616450e+00 -2.182939e+00 -1.559698e-01 4.264097e-01 5.712198e-01 2.123390e+00 -5.334707e-01 2.724330e-01 -2.119398e-02 
-3.448571e+00 -3.981621e+00 -2.270016e+00 2.545301e+00 -2.550580e+00 -5.106058e+00 5.050094e-01 2.972894e+00 -1.179848e+00 -7.026746e+00 -1.989838e+00 -1.004309e+00 2.386580e-01 -4.785227e-01 -7.606068e-01 -2.253032e+00 -2.665594e+00 -9.016925e-01 -1.757247e-01 3.110480e-02 -1.465927e+00 -1.103358e+00 5.564466e-01 -3.339243e-03 -1.078616e-01 -2.354115e-02 
-2.176291e+00 -3.682760e+00 -3.925819e+00 1.466701e+00 9.131217e-01 3.307267e+00 3.286409e+00 3.690341e-01 -1.128884e+00 -3.745043e+00 1.310259e+00 3.692682e+00 1.963673e-01 2.837164e-01 7.997191e-02 -9.680412e-01 -2.015670e+00 -1.260202e-01 1.422413e+00 -7.482772e-02 -2.161553e+00 -2.499250e+00 -9.469559e-01 -4.319664e-01 -6.879570e-01 -2.771118e-02 
-1.784776e+00 -6.798859e-01 -3.240230e+00 -5.696170e-01 7.492888e-01 3.973306e+00 3.062633e+00 2.487309e-01 -6.434648e+00 -1.218679e+01 2.532630e-01 1.709827e+00 1.895684e-01 1.374808e-01 7.243099e-01 -2.352945e-01 -2.263026e-01 1.027208e+00 6.278234e-01 -6.820154e-01 -8.849403e-01 -3.854410e-01 -1.640513e+00 -1.046358e+00 -8.906525e-01 -2.582951e-02 
-2.079078e+00 -1.056398e+00 -2.609648e+00 9.975464e-01 8.281918e-01 1.388868e+00 -1.779093e+00 -3.360111e+00 -7.260307e+00 -1.303760e+01 -5.992795e+00 -4.834075e+00 1.513453e-01 -1.429665e-01 5.336994e-01 2.904313e-01 -1.417310e-02 1.814299e-01 -1.530384e+00 -1.047133e+00 -4.326768e-02 4.957508e-01 -1.329715e+00 -1.097940e+00 -9.881784e-01 -2.913082e-02 
-2.809773e+00 -1.673252e+00 -4.104574e+00 1.648365e+00 2.627923e+00 -1.007741e+00 -3.723164e-01 4.127648e-01 -4.134101e-02 -1.058303e+01 -3.570102e+00 -1.194193e+00 1.320215e-01 -1.898356e-01 2.225227e-01 -8.228171e-02 1.892541e-01 5.838153e-01 -2.414332e-01 -5.815331e-01 -6.646978e-01 6.633630e-01 9.038458e-01 1.086179e-01 -7.309761e-02 -3.044204e-02 
-2.378624e+00 -5.175798e-01 -2.041491e+00 2.868438e-01 8.809540e-01 -1.854131e+00 -2.317791e-01 7.067871e-02 -1.846784e+00 -1.119550e+01 -2.267757e+00 2.037992e-01 7.948667e-02 1.218417e-01 1.588593e-01 -1.839406e-01 2.389197e-01 8.163128e-01 3.457150e-01 3.444517e-01 4.755943e-01 6.941184e-01 1.472054e+00 2.403540e+00 1.466931e+00 -3.208539e-02 
-2.584181e+00 1.633184e-01 -3.935717e+00 7.320046e-01 3.641984e+00 4.387639e+00 -6.186895e-01 -4.790153e+00 -5.824595e+00 -8.588614e+00 -1.066167e+00 -1.174599e+00 7.328749e-02 3.435224e-01 2.752412e-01 1.639358e-01 1.202149e-01 3.660036e-01 4.993204e-01 -8.237495e-01 -4.420702e-01 -7.047669e-01 8.161100e-01 1.492826e+00 1.327890e+00 -2.898375e-02 
-1.582665e+00 -1.180387e+00 -3.613780e+00 2.650325e+00 4.402725e+00 4.197527e-01 6.635237e-02 1.619319e+00 -8.980885e-01 -6.674541e+00 4.772940e+00 2.490785e+00 2.028531e-02 -2.962093e-02 -2.294757e-01 2.294377e-01 7.988146e-01 3.624767e-01 -5.624062e-01 -1.171265e+00 -3.863968e-01 -3.295735e-01 5.132861e-01 6.348855e-01 1.233487e+00 -1.733537e-02 
-1.490141e+00 3.435731e-02 -2.498751e+00 1.067699e+00 2.697056e+00 3.519187e-01 -4.640130e+00 -2.571906e+00 -4.039523e+00 -8.762962e+00 3.736777e-01 4.301762e+00 1.670343e-02 1.834923e-01 3.383337e-01 1.056139e+00 1.105241e+00 1.628915e-02 -2.341124e+00 -4.283069e-01 2.254820e-02 -1.205465e+00 -1.509159e+00 -6.925711e-01 3.346352e-01 -1.609831e-02 
-3.073749e+00 -1.600478e+00 -1.612785e+00 4.113070e+00 3.165802e+00 -2.648302e+00 -4.077384e+00 -2.970429e+00 -4.387187e+00 -8.541894e+00 1.867485e-01 3.633053e+00 2.110183e-02 2.733564e-02 1.825330e-01 4.631935e-01 -1.408291e-01 1.345086e-01 -9.084905e-01 -2.131057e-02 -5.335323e-01 -1.184437e+00 -1.425511e+00 -2.330744e+00 -1.661831e+00 -2.121540e-02 
-9.211779e-01 2.065032e+00 3.444792e-01 5.526839e+00 4.341892e+00 -5.783956e+00 -6.883554e-01 -2.382538e+00 -1.010737e+01 -1.520073e+01 -2.235927e+00 -7.255679e-02 -7.612348e-03 1.518970e-01 6.532708e-01 -6.462321e-02 -1.034637e+00 -2.526725e-01 -5.389401e-01 9.377351e-02 8.001099e-01 8.228917e-01 1.368412e+00 7.860823e-02 -1.208061e+00 -3.032976e-02 
-1.730469e+00 -1.283059e+00 -2.719427e+00 -2.833900e-01 4.252850e+00 -1.054763e+00 -2.016088e+00 -1.143027e+00 -3.786350e+00 -1.058321e+01 -5.575980e+00 -3.631212e+00 -7.363379e-02 9.856062e-02 9.418907e-01 2.034947e-01 -1.768800e+00 -6.674635e-01 9.010828e-01 1.058466e+00 1.525476e+00 1.963277e+00 2.289228e+00 1.221560e+00 -3.201484e-02 -3.199540e-02 
-1.402296e+00 3.142002e+00 -2.268546e+00 -1.907254e+00 8.901689e-01 -3.139551e+00 -5.201910e+00 5.149425e-01 -2.254831e-01 -9.002423e-01 3.648083e+00 1.893588e+00 -8.757758e-02 -7.042485e-01 3.642189e-01 2.362404e-01 -8.489617e-01 -8.762194e-01 7.602791e-01 1.119087e+00 1.812717e+00 2.148717e+00 2.839710e+00 1.477381e+00 1.209718e+00 -2.314136e-02 
-2.340386e+00 2.570491e+00 7.112007e-01 -1.013882e+00 1.554346e+00 5.349097e-01 3.471721e+00 3.208210e+00 4.882571e-01 -4.245999e+00 3.352544e+00 2.489907e+00 -9.889257e-02 -5.783235e-01 8.179110e-01 8.711583e-01 1.434010e+00 3.778304e-01 -5.510607e-01 6.570244e-01 9.547950e-01 1.804561e-01 1.542564e+00 7.885044e-01 8.929645e-01 -9.653795e-03 
-4.137462e+00 1.959352e+00 -1.896327e-01 1.647276e+00 1.310047e+00 -2.777397e+00 2.163173e+00 4.505426e+00 -1.501088e+00 -4.170791e+00 6.867180e-01 2.915473e+00 -1.106898e-01 -6.069558e-01 5.763422e-01 4.145595e-01 1.105596e+00 1.176015e+00 -1.935888e-01 9.386286e-01 1.120436e+00 -3.284644e-01 -1.997890e-01 -6.828300e-01 5.808666e-02 -4.551291e-03 
-3.254503e+00 3.397821e+00 5.969077e-01 5.109394e+00 5.932063e+00 -3.991144e+00 -2.413507e+00 1.635706e+00 -2.246267e+00 -1.235118e+00 -1.527753e-01 3.226681e-01 -1.103467e-01 -6.469277e-01 6.516269e-01 -3.226394e-01 5.396968e-01 7.944109e-01 4.904470e-01 9.150965e-01 6.119871e-01 -4.321057e-01 9.201298e-01 -2.133746e-01 -1.712794e-02 2.529526e-03 
-3.980017e+00 5.610048e+00 -1.386014e-01 5.590873e-01 4.581387e+00 -1.844468e+00 2.433846e+00 6.903376e+00 -5.005430e-01 -3.404628e+00 1.986593e+00 3.267641e+00 -1.046070e-01 6.971283e-02 1.065142e+00 -3.157749e-01 -6.792634e-01 -5.282879e-02 6.331144e-01 1.323899e+00 -1.152390e+00 -1.265843e+00 -3.846523e-01 -2.939690e-01 -7.107269e-01 4.818141e-03 
-5.653748e+00 4.003277e+00 -9.275120e-01 2.228697e+00 3.890730e+00 2.520680e+00 7.911866e+00 5.069171e+00 -2.172544e+00 -2.843213e-02 1.635734e+00 2.228183e+00 -8.928633e-02 2.452314e-01 5.696578e-01 -5.086182e-01 -1.057836e+00 -5.489725e-01 -1.988164e-01 3.994921e-01 -1.379938e+00 -1.108287e+00 -9.980472e-01 -6.248504e-01 -8.641804e-01 -2.289867e-03 
-2.589275e+00 6.982332e+00 -1.006297e+00 -3.086920e-01 2.066569e+00 -2.867737e+00 3.619981e+00 -2.973256e+00 -7.867163e+00 -6.697396e+00 -1.677382e+00 -1.590919e+00 -9.712923e-02 3.860321e-01 -1.103977e-02 -1.310328e-01 2.436055e-01 4.365322e-01 -2.780910e-01 -1.388101e+00 -1.072834e+00 -3.554812e-01 -6.762139e-01 -1.045042e+00 -1.579145e+00 -3.967392e-03 
-2.723717e+00 5.559968e+00 -1.512335e+00 2.541053e-01 4.444609e+00 -4.473591e+00 -1.009114e+00 -3.256707e-01 -4.104391e+00 -4.578970e+00 -1.445040e+00 -1.568954e+00 -1.255349e-01 2.028263e-01 -3.089234e-01 5.883156e-01 -2.794831e-01 -3.965953e-01 -4.079233e-01 -1.802227e+00 -5.422551e-01 5.487177e-01 -1.105406e-01 2.804891e-01 -1.889727e-01 -5.965865e-03 
-3.514872e+00 4.776504e+00 -5.013540e-01 2.764410e+00 6.487109e+00 2.622126e-01 -4.616642e-02 4.236628e+00 -1.312026e+00 -4.510429e+00 -1.698229e+00 -2.729514e+00 -1.063197e-01 -6.810010e-01 -9.139927e-01 1.437933e-01 -1.059299e-01 -6.624463e-01 4.287629e-01 5.066202e-02 6.997749e-01 1.099976e+00 1.180010e+00 2.637404e+00 6.455193e-01 1.740932e-04 
-4.176818e+00 3.561574e+00 1.761594e+00 -7.052701e-01 -3.025160e-01 -1.083911e+00 7.338068e-01 -1.247047e+00 -2.706524e+00 -1.674619e+00 3.048604e+00 1.852617e+00 -1.145204e-01 -6.487288e-01 -9.350486e-01 -8.023725e-01 -1.472402e+00 -1.779050e+00 1.795937e-01 6.629832e-01 -1.026511e-01 -2.665826e-01 -7.048534e-01 1.229996e+00 9.385271e-01 3.325546e-03 
-5.267730e+00 3.411566e+00 -1.924296e+00 -3.586535e-01 1.127900e+00 -2.418763e+00 3.001831e+00 9.863058e-01 -3.066216e+00 -2.249521e+00 9.262819e+00 -7.410792e-02 -1.017660e-01 -4.066235e-01 -8.413000e-01 -1.519706e+00 -2.146267e+00 -1.798481e+00 -6.145920e-01 1.703935e-01 -4.867504e-01 -8.350051e-01 -1.700560e+00 -1.978895e-01 8.994347e-01 -6.392241e-04 
-5.090932e+00 1.567194e+00 -4.812726e+00 -5.546372e+00 -1.771035e+00 -2.235135e+00 7.818031e-01 7.862349e-01 -4.560209e+00 -9.233691e+00 -7.755833e-01 1.795979e+00 -1.111840e-01 -1.651430e-01 -5.833133e-01 -1.603707e+00 -1.486992e+00 -5.835972e-01 -2.118821e-01 -2.124035e-01 3.866493e-01 -5.201362e-01 -2.210231e+00 -1.768677e+00 1.756810e-01 -2.745152e-04 
