-1.188719e+01 8.392238e+00 -4.071994e+00 -2.346252e+00 3.197209e+00 2.290176e+00 5.309522e+00 -3.832272e+00 -9.477777e-01 1.151495e+00 7.894136e+00 1.066878e+01 -7.240033e-02 3.003990e-01 -6.797053e-01 5.740739e-01 3.088344e-01 -2.704084e-01 1.437366e-01 4.467673e-02 1.041806e+00 -8.787667e-01 -1.407294e+00 -2.452999e+00 -2.094693e+00 -4.848910e-03 
-1.154553e+01 5.260592e+00 -4.310892e+00 -4.625948e+00 -1.399804e+00 -4.601027e-01 4.044272e+00 -2.886897e+00 -4.759974e+00 -3.236524e+00 1.941047e-01 2.718618e+00 -9.735394e-02 5.217152e-02 -5.019529e-01 7.100259e-01 8.189710e-01 -1.595388e-01 -1.348119e+00 -8.843501e-01 1.141554e+00 -2.905653e-01 -1.158056e+00 -2.763745e+00 -1.963461e+00 2.809763e-05 
-1.055602e+01 6.559534e+00 -1.082175e+00 3.377671e-01 4.143673e+00 4.383998e+00 6.165530e+00 9.040682e-01 -3.435513e+00 -3.690965e+00 -5.208442e-01 4.170403e+00 -8.416808e-02 8.210945e-03 1.878744e-01 9.017447e-01 1.142559e+00 3.840070e-02 -2.238709e-01 -5.485959e-01 1.025955e+00 6.340659e-01 3.557491e-01 -7.961873e-01 -1.894613e+00 2.494693e-03 
-1.229191e+01 6.798825e+00 -2.016774e+00 4.065926e-01 1.926283e+00 -5.497330e+00 4.597669e-01 -4.926748e-01 -1.156736e+00 -2.217552e+00 -1.717097e+00 4.100671e+00 -6.637597e-02 5.310326e-02 6.705363e-01 4.159340e-01 1.011060e+00 5.718895e-01 4.056201e-01 -7.274787e-01 4.707297e-01 9.436855e-01 1.773451e+00 1.936078e+00 -4.465499e-01 3.868997e-03 
-1.147294e+01 8.562493e+00 -7.103295e-01 8.502722e-01 1.726169e+00 3.689435e+00 4.358795e+00 1.003914e-01 4.209330e-01 2.420755e+00 4.868801e+00 5.046930e-01 -7.541585e-02 -3.874898e-01 1.745913e-01 -3.850699e-01 -2.854038e-01 -5.879899e-01 -4.354514e-01 -9.137980e-01 -8.801101e-01 -4.045960e-02 9.550012e-01 1.878237e+00 -1.187831e-01 3.845954e-03 
-1.082155e+01 7.611794e+00 -2.417145e+00 1.731006e-01 2.668396e+00 1.915280e+00 1.310246e+00 -1.314101e-01 -1.969769e+00 2.574871e+00 7.179672e+00 2.318723e+00 -8.238506e-02 1.565170e-03 2.058781e-01 1.780330e-01 -1.123317e-01 -2.204487e-01 8.148553e-01 5.823438e-01 1.533432e-01 -5.923986e-01 -1.677935e-01 1.651992e+00 1.720427e+00 1.819480e-03 
-1.322865e+01 7.026006e+00 -2.807339e+00 -9.725057e-01 8.326669e-01 -1.499564e+00 1.171301e+00 -3.677115e+00 -3.231295e+00 -1.312170e+00 4.421957e+00 4.467461e+00 -5.693376e-02 -2.312211e-01 2.761698e-03 5.228572e-02 -7.962570e-02 7.432308e-02 -8.418549e-01 -1.583128e-01 -5.795591e-01 1.746516e-01 -1.275515e+00 -3.360988e-01 1.619866e+00 3.028977e-03 
-1.140623e+01 8.596459e+00 -7.810363e-02 7.563232e-01 1.270790e+00 1.171446e+00 4.965233e+00 2.162795e+00 -2.292616e+00 -1.190058e+00 6.766287e+00 1.072142e+01 -6.651962e-02 -1.158793e-01 4.115066e-01 5.104051e-01 -2.284111e-01 -3.699007e-01 -8.985471e-01 5.042922e-01 -3.127114e-02 2.243235e+00 4.904645e-01 -1.233102e+00 6.853979e-01 -2.616632e-03 
-1.233671e+01 8.083969e+00 -1.618422e+00 1.605324e-01 2.796587e+00 -1.479234e-01 1.739738e+00 -3.944507e+00 1.455615e+00 -2.074355e+00 3.394999e+00 4.402673e+00 -6.820369e-02 1.211782e-01 4.575569e-01 1.192285e+00 1.607938e-02 -6.637828e-01 -4.458327e-02 9.960095e-01 9.483274e-01 2.196253e+00 8.847928e-01 -2.034786e+00 -1.080858e+00 -9.170139e-03 
-1.184692e+01 9.140345e+00 -4.595785e-01 -1.535474e+00 -1.630683e-01 -3.253276e+00 3.547489e+00 -1.540699e-01 6.902948e+00 5.408286e+00 1.527641e+00 5.778107e+00 -8.983326e-02 -3.321978e-01 -2.797698e-01 7.558019e-01 -1.918460e-01 -1.053708e+00 -6.618257e-01 -2.081617e-01 2.789866e-01 2.944055e-01 1.974216e-01 -2.006173e+00 -1.302225e+00 -4.524565e-03 
-1.240241e+01 9.041847e+00 3.344822e+00 2.537898e-01 -1.769318e+00 4.898808e-01 6.860220e+00 2.222955e+00 3.152190e+00 -1.873779e-01 -3.132650e+00 1.534827e+00 -9.112763e-02 2.870096e-01 -6.035044e-01 -5.334382e-02 3.598104e-01 -8.110209e-01 4.561977e-01 6.702099e-01 1.497813e+00 -5.614091e-01 3.290284e-01 -4.961146e-01 6.228396e-01 -3.464901e-03 
-1.303437e+01 6.718671e+00 1.219284e+00 -2.495354e-01 -1.714796e+00 -2.456584e+00 1.364183e+00 4.739971e-01 -1.668876e+00 -1.146438e+00 -7.545352e-04 5.644217e+00 -7.768047e-02 3.923233e-01 -6.901674e-01 -1.085325e+00 6.486084e-01 8.341688e-01 3.389131e-01 -1.157021e+00 -4.518581e-01 -1.415276e+00 -1.491765e+00 -7.175073e-01 3.039211e-01 1.137364e-03 
-1.030793e+01 6.277284e+00 -2.724572e+00 1.316615e+00 -4.826536e-01 1.734720e+00 6.182440e+00 3.230522e+00 2.934481e+00 2.848149e+00 1.678624e+00 7.583817e+00 -9.160459e-02 8.301117e-01 -4.580904e-01 -2.022298e+00 -3.376593e-01 1.024632e+00 -3.992362e-01 -9.297593e-01 9.848666e-02 8.293898e-01 2.321839e-03 -3.239762e-01 8.149698e-02 4.270268e-03 
-1.093254e+01 7.071790e+00 -2.851504e+00 1.176155e+00 3.364443e+00 -2.181130e+00 -1.898724e+00 -2.917144e+00 -6.457937e-02 -3.568305e+00 -4.465533e+00 4.273218e+00 -8.390796e-02 1.806181e-01 -6.652573e-01 -3.411474e-01 1.401211e-01 -8.885750e-01 6.738238e-01 -1.636176e+00 -2.502820e-01 1.875694e+00 2.038278e-01 -1.704148e+00 -1.198550e+00 3.531225e-02 
-9.302768e+00 6.574836e+00 -4.731277e+00 -2.147352e+00 8.142204e-01 -1.644027e+00 3.842877e+00 4.410959e+00 6.496990e+00 1.035165e+00 -2.520142e+00 2.627812e+00 -6.666255e-02 7.935028e-02 -5.483313e-01 -9.318116e-02 -6.639490e-02 -6.974903e-01 -1.127017e-01 -2.110555e+00 -1.035672e+00 1.328055e+00 3.081020e-01 -8.152954e-01 -6.513299e-01 2.953616e-02 
-1.263386e+01 3.243608e+00 5.168995e-01 2.183054e+00 -6.806108e+00 2.601908e+00 -5.646917e+00 -1.367631e+00 5.928339e+00 7.791927e-01 -6.422111e+00 2.129470e+00 8.640975e-02 1.031942e+00 1.035728e+00 1.386444e+00 1.210575e-01 -9.589840e-01 4.969793e-01 -1.421050e-01 -8.046347e-01 -3.596594e-01 -1.151974e-01 1.563777e+00 1.089024e-01 1.170741e-02 
-9.060524e+00 5.449718e+00 -4.874680e+00 4.811912e-01 1.115171e+00 -1.220308e+00 -2.496236e+00 -2.722592e+00 6.578297e+00 2.214910e+00 -1.419564e+00 5.399041e+00 -2.908266e-02 4.624844e-01 1.213446e+00 2.346401e+00 4.898536e-02 9.867471e-01 3.079984e-01 8.169338e-01 -2.491300e-01 -2.893126e+00 -2.475192e+00 2.576167e+00 -6.131286e-01 -5.246609e-03 
-5.893955e+00 1.281299e+01 4.152420e+00 4.671712e-01 -1.580952e+00 9.190738e-02 5.603080e-01 -3.373542e+00 -1.903530e+00 -4.734165e+00 2.803065e+00 3.432115e+00 -4.416084e-02 5.141231e-01 1.397476e+00 1.793247e+00 3.443087e-02 2.019008e+00 -2.389905e-01 2.517545e+00 2.634391e+00 -3.059349e+00 -2.955683e+00 4.394992e+00 -1.271851e+00 -1.583078e-02 
-1.036030e+01 7.857376e+00 5.182966e+00 -1.044484e+00 3.135378e+00 1.150965e+00 4.823934e+00 4.168264e+00 -4.052703e+00 -8.584117e+00 5.748102e+00 -1.089154e+00 -2.761030e-02 8.506152e-01 1.236660e+00 2.508216e+00 1.624149e+00 1.090465e+00 1.254722e+00 2.934018e+00 2.761349e+00 -2.817496e+00 -2.006475e+00 2.968864e+00 -1.654881e+00 2.408881e-02 
-9.413360e+00 9.027160e+00 4.454309e+00 3.118046e+00 2.278828e+00 2.213193e-01 3.280725e+00 8.358898e+00 -4.052903e+00 -8.599707e+00 1.196902e+01 -9.856887e-01 6.519675e-03 3.380073e+00 -9.574904e-02 1.954892e+00 2.493615e+00 -4.037640e-01 -1.530418e+00 -3.647814e-02 1.467772e+00 -1.923877e+00 -1.257787e+00 1.227123e+00 -1.278917e+00 1.030945e-01 
-3.047746e+00 1.352593e+01 7.515456e+00 7.276499e+00 4.637608e+00 4.988598e+00 1.081364e+01 5.217932e+00 -6.434494e+00 -5.884694e+00 8.841783e+00 -6.664641e-01 6.602114e-02 5.555740e+00 -1.048007e+00 1.985091e+00 1.683911e+00 -3.312560e+00 -2.033646e+00 -1.816806e+00 -9.814152e-01 -2.553185e+00 -1.493533e+00 2.162206e-01 -3.942823e-01 1.724192e-01 
7.350134e+00 9.499966e+00 1.276064e+01 8.774752e+00 -4.350887e+00 -9.478998e+00 -2.616938e+00 3.440484e+00 -1.033202e+01 -1.237281e+01 7.391842e+00 -3.173816e+00 4.244959e-01 5.041104e+00 -2.101265e+00 1.361131e+00 1.297791e-01 -4.176492e+00 -1.417290e+00 -2.013816e+00 -2.459408e+00 -2.037031e+00 -1.835158e+00 -1.282274e+00 -7.207657e-01 1.825670e-01 
9.036654e+00 2.380940e+00 1.095526e+01 4.546720e+00 -1.011256e+01 -4.167108e+00 -1.311266e+00 1.720396e+00 -1.367907e+01 -1.416523e+01 9.117792e+00 -1.966501e+00 6.254975e-01 2.860959e+00 -2.211484e+00 4.860420e-01 -1.160903e+00 -3.546537e+00 -1.005097e+00 -2.108250e+00 -2.398563e+00 -7.336146e-01 -1.677434e+00 -7.545342e-01 -8.521722e-01 1.383689e-01 
9.749960e+00 4.093329e+00 9.540063e+00 5.131831e+00 -1.122855e+01 -2.287277e+00 -7.259007e-01 -2.189376e+00 -1.061577e+01 -1.363523e+01 5.419639e+00 -3.939499e+00 6.396167e-01 6.178427e-01 -9.802027e-01 3.714418e-02 -1.171543e+00 -9.010677e-01 1.212013e+00 -2.247643e-01 -1.909417e+00 5.041834e-01 4.032655e-01 -8.555555e-01 -5.325188e-01 5.277837e-02 
1.005713e+01 5.171832e+00 1.155595e+01 3.293443e+00 -9.656250e+00 -3.632749e+00 -6.731219e-01 -3.959954e+00 -9.960691e+00 -1.364066e+01 6.055213e+00 -4.544484e+00 6.503054e-01 -5.306461e-01 -8.122627e-01 -2.103647e-01 -5.042817e-01 -4.624825e-01 9.323645e-01 -3.342605e+00 -1.730540e+00 3.033693e+00 3.744791e+00 -2.005216e+00 4.920232e-01 3.593305e-02 
9.929108e+00 3.203506e+00 1.264601e+01 3.543676e+00 -9.084382e+00 -3.686110e+00 -4.059832e+00 -3.266427e+00 -9.670293e+00 -1.061877e+01 4.645354e+00 -4.547420e+00 6.759838e-01 -4.576752e-01 -2.584446e+00 -1.706084e+00 -8.561565e-01 -8.918063e-01 1.541633e+00 -4.023464e+00 -5.666210e-01 4.749583e+00 4.715945e+00 -8.265785e-01 1.132285e+00 5.747042e-02 
6.293849e+00 -1.235462e+00 8.350461e+00 2.819389e+00 -1.349706e+01 1.194131e+00 -1.635732e+01 -6.393778e+00 1.016655e+00 3.050495e+00 -5.211451e-01 7.975750e-01 7.869792e-01 -1.819590e-01 -3.561094e+00 -3.405502e+00 -7.508897e-01 -4.262270e-01 1.808268e+00 -1.791584e+00 -2.161329e-01 5.007114e+00 4.339520e+00 -1.248263e+00 1.142099e+00 6.657906e-02 
9.343225e+00 -5.625255e+00 2.612387e+00 1.088075e+00 -1.376717e+01 3.007446e+00 -1.300112e+01 -3.805569e+00 7.643467e+00 1.598918e+00 4.574926e+00 -9.491007e-01 8.586319e-01 3.522082e-01 -3.561029e+00 -3.978298e+00 -1.154137e+00 1.194093e+00 1.381730e+00 1.465201e+00 -6.139825e-01 3.128855e+00 2.741622e+00 -8.886180e-01 3.239826e-01 6.465743e-02 
9.440279e+00 -8.219258e+00 -4.547461e-01 7.667955e-01 -9.445989e+00 2.061815e+00 -5.160396e+00 -4.771048e+00 6.418002e+00 1.948099e+00 -1.508880e-01 -6.331482e-01 8.918767e-01 3.726435e-01 -2.725998e+00 -2.537483e+00 -2.071541e+00 3.211029e+00 4.501346e-01 3.790337e+00 4.686142e-01 -1.490695e+00 6.616691e-01 -4.897274e-01 -9.703121e-01 4.686736e-02 
1.011693e+01 -1.110974e+01 -2.842878e+00 -1.200714e+00 -5.139451e+00 2.788698e+00 -2.332293e+00 -7.147705e+00 3.273307e+00 3.640538e+00 1.713544e-02 -2.212145e+00 9.468222e-01 -3.286838e-01 -1.929602e+00 -8.541119e-01 -2.355812e+00 3.101999e+00 6.456397e-01 2.886292e+00 -4.209857e-01 -3.276308e+00 9.382782e-01 -1.012593e+00 -5.546501e-01 3.680804e-02 
7.770213e+00 -1.212321e+01 -1.609322e+00 -6.393923e+00 -1.755776e+00 3.554178e+00 -2.740055e+00 -2.379639e+00 -4.251737e+00 5.338031e+00 -6.908870e-01 -3.422463e+00 9.772209e-01 -2.110684e-01 -1.283159e+00 1.101578e-01 -2.556090e+00 1.902407e+00 1.174134e+00 1.338793e+00 -8.863988e-01 -2.394749e+00 5.701054e-01 -1.225811e-02 -5.830889e-02 2.444916e-02 
8.534840e+00 -1.332129e+01 -1.080884e+00 -7.110625e+00 -2.102288e+00 5.489462e+00 2.201719e-01 -7.106202e+00 -3.403202e+00 4.595343e+00 -2.180411e-01 -2.327694e+00 1.000000e+00 -1.337669e-01 -7.122988e-01 7.739934e-01 -2.128978e+00 7.003726e-01 1.485860e+00 8.217033e-01 -1.387074e+00 -1.027560e+00 8.618884e-02 8.507135e-02 6.542634e-01 1.103729e-02 
9.175983e+00 -1.352928e+01 -7.849544e-01 -9.058699e+00 -1.452537e+00 6.582105e+00 2.573371e-01 -9.223793e+00 -2.217491e+00 4.321224e+00 -9.459025e-02 -8.669181e-01 9.875336e-01 4.222792e-01 -6.248655e-01 7.978023e-01 -1.332527e+00 -1.632556e-01 1.677267e+00 5.426345e-01 -2.202925e+00 3.369802e-01 8.992672e-02 -2.888730e-01 1.417220e+00 2.851617e-03 
8.745214e+00 -1.396820e+01 6.149048e-01 -1.051321e+01 -1.789208e+00 8.704035e+00 2.775278e-01 -1.066100e+01 -2.881616e+00 4.579885e+00 1.443438e-01 -2.186000e-01 9.968523e-01 3.745470e-01 -3.399946e-01 8.068374e-01 -1.408267e+00 2.417312e-01 9.044294e-01 9.657879e-02 -1.302292e+00 3.179738e-01 3.426823e-01 -5.165582e-01 9.301144e-01 -3.392696e-03 
9.776422e+00 -1.492408e+01 1.531795e+00 -1.135526e+01 -2.728595e+00 1.033323e+01 -5.556011e-02 -1.161687e+01 -2.827629e+00 5.795393e+00 -2.316444e+00 2.609092e+00 9.930528e-01 1.921059e-01 -2.918863e-01 4.707068e-01 -7.998275e-01 1.609282e-01 7.024161e-01 -2.884214e-02 -8.495825e-01 3.466639e-01 2.550167e-01 -6.548745e-01 5.702707e-01 -1.500183e-03 
1.010736e+01 -1.432386e+01 1.794929e+00 -1.300368e+01 -2.556031e-01 8.136048e+00 8.595145e-01 -1.242113e+01 -1.508264e+00 5.571670e+00 -1.689905e+00 5.848732e-01 9.802769e-01 -1.366107e-01 2.282591e-01 4.253942e-02 -3.036720e-01 6.593528e-02 4.275420e-01 -3.074680e-01 -2.275792e-01 7.365624e-01 -6.916304e-02 -2.601580e-01 2.599688e-01 -5.880117e-03 
9.455442e+00 -1.481088e+01 9.785672e-01 -1.181260e+01 -1.414698e+00 1.037818e+01 -1.778669e-01 -1.259164e+01 -1.170848e+00 5.100415e+00 -2.451839e+00 1.582699e+00 9.883204e-01 -3.947750e-01 3.128733e-01 -7.112251e-02 -8.396168e-02 2.683386e-01 3.903665e-02 -9.277260e-01 6.533804e-01 6.569598e-01 -1.602159e-01 1.125081e-01 -5.030036e-03 -5.504584e-03 
8.222650e+00 -1.288351e+01 1.104216e+00 -1.180290e+01 -2.116480e+00 1.081927e+01 -1.198659e+00 -1.131151e+01 -2.719450e-02 4.581559e+00 -1.088749e+00 1.594441e+00 9.698179e-01 -2.266352e-01 -5.306053e-03 -1.609542e-02 2.755863e-01 1.933521e-01 -5.583487e-02 -1.211330e+00 1.198490e+00 1.913315e-01 5.880346e-02 -1.426212e-02 5.440134e-01 -3.320503e-03 
8.744900e+00 -1.407989e+01 1.521539e+00 -1.237546e+01 -4.564636e-01 9.186800e+00 -3.665103e+00 -8.904777e+00 -2.833645e-01 5.489368e+00 -2.054482e+00 2.079158e+00 9.707594e-01 1.215335e-01 -3.871700e-01 2.228811e-01 2.468534e-01 7.047450e-01 -8.893684e-01 -6.868988e-01 8.463546e-01 1.746741e-01 2.228107e-02 2.516250e-01 3.725937e-01 -2.288413e-03 
9.329451e+00 -1.471589e+01 1.442966e+00 -1.134432e+01 2.320404e-01 8.452563e+00 -3.453517e+00 -8.272109e+00 -9.953475e-01 5.671210e+00 -1.959894e+00 3.056711e+00 9.724548e-01 3.577752e-01 -8.631452e-01 2.174640e-01 3.244320e-01 1.104493e+00 -1.301731e+00 -1.430512e-01 4.035477e-01 1.209709e-01 7.498636e-02 2.016788e-01 -5.487381e-02 3.739619e-03 
9.509709e+00 -1.583054e+01 1.923597e+00 -1.080763e+01 9.347668e-01 7.114689e+00 -2.484931e+00 -9.879566e+00 1.865995e-01 4.666995e+00 -7.581413e-01 2.714533e+00 9.755598e-01 2.460709e-01 -3.448639e-01 -5.890399e-02 4.886478e-01 1.192506e+00 -1.445638e+00 4.128068e-01 1.265487e-01 2.111638e-01 -2.107781e-01 4.313107e-01 -5.364321e-01 -6.989068e-03 
9.629121e+00 -1.632391e+01 1.990506e+00 -1.096466e+01 2.710368e+00 5.346668e+00 -2.504001e+00 -8.806374e+00 3.426778e-01 5.367678e+00 -7.285250e-01 1.002385e+00 9.861158e-01 -1.398951e-01 3.078058e-01 -2.113328e-01 5.136382e-01 1.202947e+00 -1.477124e+00 -4.388952e-03 8.152315e-01 -5.582367e-02 -1.552077e-01 3.610807e-01 -1.124768e+00 -2.105637e-02 
9.825418e+00 -1.500020e+01 9.532487e-01 -1.012205e+01 4.266900e+00 3.511558e+00 -2.075828e+00 -8.004901e+00 1.034417e-01 4.587244e+00 -5.136127e-01 4.241607e-01 9.289836e-01 -1.583612e-01 7.874542e-01 -3.764649e-01 1.086132e+00 8.021828e-01 -8.151785e-01 -5.358258e-01 1.527299e+00 -4.702652e-01 -4.370966e-01 3.121029e-01 -1.416139e+00 -3.711202e-02 
8.472121e+00 -1.359203e+01 8.714767e-01 -9.118917e+00 4.580709e+00 2.868510e+00 -3.680014e+00 -5.133285e+00 -1.232887e+00 4.935047e+00 -2.767544e-01 -1.421942e+00 8.904611e-01 -2.044561e-01 1.272837e+00 -7.538936e-01 1.831930e+00 4.790949e-01 -2.805663e-01 -8.222902e-01 1.717287e+00 -9.630022e-01 -1.091273e-01 -3.449060e-02 -1.338629e+00 -4.665499e-02 
9.296404e+00 -1.325921e+01 6.007879e-01 -6.299838e+00 4.010510e+00 4.277876e+00 -4.576054e+00 -4.079616e+00 -1.376944e+00 2.697828e+00 5.764880e-01 -3.153999e+00 8.378271e-01 -3.032296e-01 1.256594e+00 -5.049150e-01 1.983922e+00 6.930947e-01 -6.446221e-01 -6.156222e-01 2.045257e+00 -9.104635e-01 5.259442e-01 -5.563715e-01 -1.407789e+00 -4.515061e-02 
8.871347e+00 -1.083022e+01 -1.602731e+00 -3.716112e+00 5.234037e+00 3.560678e+00 -5.365339e+00 -2.182582e+00 -3.732140e+00 5.766749e+00 -1.446028e+00 -3.901682e+00 7.984191e-01 -3.901301e-01 1.403374e+00 -1.913270e-01 1.599988e+00 9.006759e-01 -1.147813e+00 -1.553040e-01 1.565382e+00 -8.574970e-01 5.852659e-01 -7.831321e-01 -1.029806e+00 -4.400904e-02 
8.109657e+00 -1.009813e+01 -3.342223e-01 -2.903843e+00 7.405709e+00 -5.763614e-02 -4.311276e+00 7.460325e-01 -3.199249e+00 6.801114e+00 -2.710833e+00 -5.374914e+00 7.492515e-01 -2.053908e-01 1.232767e+00 2.453938e-01 1.045700e+00 1.802214e-01 -1.305094e+00 -1.980943e-01 2.122204e+00 -1.088789e+00 4.963428e-01 -5.899893e-01 -8.444481e-01 -4.784099e-02 
7.114843e+00 -8.155695e+00 3.823467e-01 -2.816973e+00 7.386488e+00 -7.027989e-01 -4.588923e+00 2.808037e-01 -4.609220e+00 5.809733e+00 -2.548754e+00 -5.460514e+00 7.147037e-01 -2.249989e-02 1.083833e+00 5.587146e-01 9.524516e-01 -1.020264e+00 -1.038047e+00 4.043350e-02 2.230032e+00 -5.015814e-01 -1.420380e-01 4.016113e-03 -1.413521e+00 -5.127151e-02 
9.147701e+00 -8.432637e+00 8.352178e-01 -1.520907e+00 3.835392e+00 -1.158553e-01 -5.954733e+00 5.299713e+00 -6.382351e+00 5.158050e+00 -1.822096e+00 -6.596823e+00 6.404798e-01 1.007078e-01 1.202294e+00 2.796492e-01 1.357459e+00 -1.642373e+00 -5.442713e-01 -1.281433e-02 1.697856e+00 3.000758e-01 -5.491846e-01 1.791973e-01 -1.399076e+00 -4.991718e-02 
8.239826e+00 -6.243803e+00 6.061217e-01 3.546783e-01 1.917876e+00 -1.600448e+00 -4.341443e+00 6.690739e+00 -4.648496e+00 5.878092e+00 -1.870317e+00 -1.035833e+01 5.964475e-01 -1.632507e-01 1.300489e+00 1.060505e-01 2.336447e+00 -7.816889e-01 -6.052614e-01 3.982233e-01 1.208870e+00 7.427568e-01 -4.050477e-01 -2.108898e-01 -2.806011e-01 -5.198704e-02 
8.050705e+00 -5.042611e+00 9.521360e-01 2.297624e+00 1.928151e+00 -2.330168e+00 -4.499088e+00 6.030346e+00 -1.679232e+00 4.021012e+00 -2.154065e+00 -9.921389e+00 5.587938e-01 -7.360848e-01 1.872744e+00 2.709467e-01 2.553157e+00 3.291776e-01 -5.770240e-01 1.977172e+00 -1.551663e-01 6.470002e-01 -6.596071e-01 -1.324903e+00 1.332132e+00 -6.076113e-02 
6.847088e+00 -3.348265e+00 8.541402e-01 6.955995e+00 4.431664e+00 -2.621950e+00 -3.325629e+00 5.959837e+00 -3.246995e+00 4.353014e+00 -3.437219e+00 -5.201237e+00 4.956115e-01 -6.204629e-01 2.337652e+00 7.359339e-01 1.853839e+00 -4.898721e-01 -3.827026e-01 1.945407e+00 -6.281080e-01 6.636873e-01 -1.272711e+00 -1.488856e+00 2.822117e+00 -7.186707e-02 
6.163647e+00 -5.166860e-01 2.065942e+00 7.944219e+00 4.224386e+00 -2.490225e+00 3.423218e+00 4.889332e+00 -3.848101e+00 2.622554e+00 -7.663162e+00 -2.514710e+00 3.870921e-01 -2.792326e-01 2.411155e+00 1.808651e-01 1.274021e+00 -1.353751e+00 -8.329990e-02 1.618237e+00 -1.101685e+00 5.603108e-01 -3.901867e-01 -4.907587e-01 1.717007e+00 -6.941478e-02 
6.081041e+00 3.181493e+00 3.728888e+00 6.800574e+00 -1.679602e+00 -3.433933e+00 1.424441e+00 4.120706e+00 -2.456253e-01 2.137666e-01 -6.560050e+00 4.891396e-02 3.229629e-01 -2.904642e-03 1.988468e+00 -1.088452e-01 8.131590e-01 -1.423784e+00 -1.663662e-01 9.496161e-01 -7.893823e-01 1.379030e+00 -8.419306e-01 -1.012539e-01 1.283002e-01 -5.536626e-02 
7.037566e+00 3.748283e+00 4.190874e-01 8.745440e+00 -1.784969e+00 -2.340676e+00 1.217060e+00 1.441489e+00 -3.783625e-01 4.139702e+00 -3.046444e+00 -3.961427e+00 2.980442e-01 -2.968961e-01 1.188245e+00 -2.645087e-01 9.342148e-01 1.624503e-01 -2.511671e-01 -8.427119e-03 5.099278e-01 1.895764e+00 -1.192272e+00 3.341975e-01 -4.371558e-01 -3.594907e-02 
6.395605e+00 4.461589e+00 1.133341e+00 1.062118e+01 3.174207e-01 -3.528555e+00 2.525530e+00 3.736847e+00 1.913285e+00 -6.152134e-01 -6.251847e+00 -3.836377e+00 2.633042e-01 -7.746449e-01 2.707075e-01 -2.480258e-01 1.589036e+00 2.722999e+00 1.026075e+00 2.229090e-02 2.983704e-01 1.340261e+00 -8.424075e-01 5.217381e-01 -7.179072e-01 -2.873651e-02 
4.521883e+00 4.784490e+00 2.041172e+00 1.070499e+01 4.038126e+00 -3.698749e+00 2.830538e+00 7.630900e+00 4.551262e+00 -2.924316e+00 -6.146276e+00 -2.757843e+00 2.371761e-01 -1.139034e+00 2.732775e-01 1.348546e+00 1.106333e+00 2.816436e+00 1.181209e+00 4.081239e-01 2.780265e-01 5.625378e-01 -1.035490e+00 1.532299e+00 1.787777e-02 -2.528361e-02 
3.465657e+00 4.016927e+00 1.677717e+00 1.376598e+01 9.023846e+00 2.375480e+00 7.291567e-01 2.517852e+00 3.990869e+00 -4.662619e-01 -2.401443e+00 -4.142414e+00 2.097144e-01 -1.310259e+00 3.702221e-01 1.758557e+00 7.243360e-01 1.574141e+00 7.905996e-01 4.783176e-01 -3.049465e-01 -3.787922e-01 6.730961e-01 2.712747e+00 7.636324e-01 -2.140009e-02 
2.807372e+00 5.337002e+00 6.889630e+00 1.270470e+01 7.944000e+00 6.133497e-01 4.155866e+00 3.441119e+00 1.395534e+00 -1.112223e+00 2.689851e+00 -3.719020e+00 1.984211e-01 -1.122782e+00 1.695585e-01 1.210100e+00 2.774404e-01 3.178846e-01 1.342754e-01 8.206856e-01 -5.198680e-01 -1.216209e+00 1.919205e-01 1.784779e+00 6.892083e-01 -2.166093e-02 
7.015691e-01 6.036444e+00 7.501899e+00 1.324300e+01 6.235187e+00 -1.731606e+00 4.254454e+00 4.307005e+00 1.597188e+00 1.844220e+00 2.893823e+00 4.623735e-01 1.756813e-01 -8.141211e-01 5.345684e-02 3.633684e-01 -1.048970e+00 -1.221637e+00 -7.168229e-01 4.337204e-01 7.297875e-01 3.577559e-01 -4.321666e-01 -2.388305e-01 -3.234274e-01 -2.330174e-02 
2.900176e-01 4.622524e+00 5.179581e+00 1.235368e+01 7.021878e+00 -9.738283e-01 5.171317e+00 4.136983e+00 -3.329415e-01 -3.119955e+00 1.299861e-01 -1.614196e+00 1.458880e-01 -6.236534e-01 -1.115497e+00 -1.559791e+00 -1.941379e+00 -2.142684e+00 -3.584967e-02 -2.288473e+00 2.291187e-01 9.585269e-01 -5.006574e-01 -6.387327e-01 -1.706706e-01 -1.028209e-02 
6.537294e-01 4.641450e+00 4.349583e+00 8.696640e+00 3.376719e+00 -4.150453e-01 2.390033e+00 5.818857e+00 6.643887e+00 -1.623229e+00 -2.315663e+00 -6.811963e+00 1.194722e-01 -3.582925e-01 -1.898083e+00 -2.707469e+00 -2.880505e+00 -3.039122e+00 -3.948786e-01 -3.935590e+00 -4.543472e-01 6.177284e-01 -1.232153e+00 -8.481836e-01 1.018481e-01 1.318011e-02 
-2.869749e-01 4.570122e-01 6.668330e-01 5.270991e+00 -1.340183e+00 -2.241791e-01 -6.354289e+00 3.830787e+00 3.664819e+00 -1.881785e+00 2.100930e+00 -9.352045e-01 1.751152e-01 -8.327179e-01 -2.534999e+00 -3.263304e+00 -2.139756e+00 -2.914479e+00 -1.698930e+00 -2.479156e+00 3.541221e-01 8.694865e-01 -2.662487e-01 -8.984483e-01 -5.167929e-01 3.055542e-02 
-8.013973e-01 -1.371218e+00 -3.779072e+00 2.381821e+00 -4.779393e+00 -4.080824e+00 -9.660694e+00 2.188368e+00 2.686949e+00 -4.935630e+00 -2.332568e+00 6.321182e-01 2.269683e-01 -1.180156e+00 -2.196254e+00 -3.408996e+00 -1.295391e+00 -1.684691e+00 -2.836282e+00 -4.925117e-01 1.081443e+00 1.853424e-01 -1.123982e+00 -1.636463e+00 -1.301590e-01 3.042668e-02 
-3.146008e+00 -5.046138e+00 -7.072613e+00 4.812307e+00 -3.472462e+00 -7.635588e+00 -1.199100e+00 7.722838e+00 5.992959e+00 -2.794998e+00 -4.353804e+00 -7.920200e+00 2.449171e-01 -8.253342e-01 -8.894491e-02 -2.225063e+00 -1.636552e+00 1.128203e-01 -2.154367e+00 2.799363e+00 2.111801e+00 1.042227e+00 3.851999e-01 -4.344181e-01 -1.029705e+00 -4.972249e-03 
-3.817532e+00 -3.588244e+00 -8.825673e+00 2.449026e+00 -3.980597e+00 -1.089075e+01 -2.650120e+00 9.280046e+00 6.406528e+00 -6.786531e+00 -7.270612e+00 -3.970260e+00 2.367046e-01 -5.553166e-01 1.083891e+00 -2.627086e-01 -1.143460e+00 7.786673e-01 -6.274980e-01 2.213924e+00 4.794762e-01 -1.908122e+00 -3.667224e-01 1.890671e-01 -1.251833e+00 -3.521148e-02 
-2.905579e+00 1.120801e+00 -7.935181e+00 -2.945370e+00 -1.175480e+00 -7.591048e+00 4.137238e+00 1.084395e+01 7.016164e+00 9.696648e-01 2.397862e+00 -3.782541e+00 1.453857e-01 6.425762e-02 2.090150e+00 7.120075e-01 -5.293233e-01 -4.040421e-01 -5.262554e-01 9.294679e-01 -1.014657e+00 -3.472065e+00 -1.135267e+00 6.985685e-01 1.084663e+00 -4.850691e-02 
-3.698195e+00 9.647655e-01 -4.661331e+00 5.433584e-01 -2.034548e+00 -7.240583e+00 -1.259243e+00 3.025192e+00 -7.365264e+00 -8.651574e+00 -4.763065e+00 -7.695879e+00 1.006765e-01 1.593200e-01 1.453972e+00 5.070538e-01 1.096969e+00 4.923912e-01 3.557484e-01 6.685966e-01 -1.293611e+00 -1.684277e+00 -4.423572e-01 -1.677628e-01 1.133551e+00 -4.765543e-02 
-2.884388e+00 3.128109e+00 -5.594747e+00 3.118525e+00 -6.465697e+00 -1.209195e+01 2.752801e+00 5.776981e+00 -4.481470e+00 -7.538809e+00 -2.114735e+00 -6.340744e-01 7.039660e-02 -2.823691e-01 7.073807e-01 2.366864e-01 1.999156e+00 9.980087e-01 5.642837e-01 -1.273285e-01 -2.378545e+00 2.533745e-01 6.147478e-01 -6.574577e-01 2.474164e+00 -3.714986e-02 
-3.031527e+00 2.677964e+00 -7.460621e+00 4.901921e+00 1.126468e+00 -6.861560e+00 1.385081e+00 5.345478e+00 3.733963e+00 -4.744081e+00 -5.853127e+00 1.232638e-01 3.592205e-02 -3.727909e-01 7.948098e-01 -5.056973e-01 1.777938e-01 1.643605e+00 1.585619e+00 1.020321e+00 -1.530004e-01 3.621589e+00 2.255637e+00 7.747799e-01 2.611622e+00 -3.380734e-02 
-4.650759e+00 3.801105e+00 -5.352103e+00 4.871129e+00 2.234056e+00 -4.959141e+00 2.178433e+00 -2.208917e+00 2.733423e+00 2.089657e+00 -3.443952e-01 4.678706e+00 -7.986307e-03 -5.645970e-01 4.675904e-01 -2.928307e-01 -4.196373e-01 1.977123e+00 2.194003e+00 6.305817e-01 5.621813e-01 3.538188e+00 1.713276e+00 2.994207e-01 4.602720e-01 -2.468743e-02 
-4.678965e+00 4.602316e+00 -7.311139e+00 5.560251e-01 1.833599e+00 -2.878895e+00 4.129547e+00 6.253139e+00 7.135236e+00 -2.187620e+00 -1.774335e+00 2.705840e+00 -2.916873e-02 -8.073012e-01 6.010011e-01 -1.520462e-01 -1.217305e+00 3.612561e-01 1.293987e+00 1.213194e+00 1.953413e+00 1.762167e+00 1.917263e+00 2.115174e-01 2.363782e-01 -1.248026e-02 
-4.883655e+00 4.503884e+00 -7.133642e+00 3.193287e+00 3.066353e+00 -3.113269e+00 4.533476e+00 8.134057e+00 1.150883e+01 -2.506590e-01 -2.657028e+00 3.759975e-01 -2.049518e-02 -4.419625e-01 3.075398e-01 -6.526996e-01 -1.414293e+00 -2.784013e-01 4.112922e-01 -1.951987e-01 2.070060e+00 1.110302e+00 5.690491e-01 -4.843978e-01 -3.840348e-01 -2.939522e-03 
-6.951585e+00 5.331580e+00 -7.330083e+00 -3.456838e-01 2.516600e+00 -1.314563e+00 6.273527e+00 9.941058e+00 8.157094e+00 6.012391e+00 -3.639224e+00 3.456509e+00 -2.022481e-02 -4.610310e-01 1.061854e+00 -1.839933e-01 -1.295732e+00 -1.023504e+00 -4.997869e-01 -2.855099e+00 -1.673356e+00 -2.049414e+00 -6.864308e-01 6.054197e-02 1.243617e+00 5.955064e-03 
-5.724261e+00 4.974172e+00 -8.606129e+00 -1.749479e+00 5.005488e-01 -3.684846e+00 1.304493e-01 6.297421e+00 7.774001e+00 8.348968e-01 -1.833940e+00 2.383198e+00 -2.715588e-02 -4.736352e-01 1.805442e+00 6.554679e-01 -1.156109e+00 -8.744623e-01 7.117867e-01 -1.272957e+00 -2.122836e+00 -2.656218e+00 -1.106828e+00 1.328565e+00 1.703001e+00 1.795262e-03 
-6.563816e+00 9.676439e+00 -7.494862e+00 -3.451251e+00 -2.001019e+00 -5.092041e+00 -7.944433e+00 -1.195323e+00 -1.244421e+00 -6.162552e+00 -1.883170e+00 7.920323e+00 3.936946e-03 -5.591025e-01 1.134314e+00 1.175218e+00 -6.293975e-01 -1.848689e-01 8.689129e-01 2.299106e-01 -1.291886e+00 -4.954399e-01 -7.550704e-01 2.186008e+00 -4.709669e-01 -9.927285e-03 
-7.445715e+00 1.135866e+01 -3.773913e+00 -1.034476e+00 9.528508e-01 2.334404e+00 5.277672e+00 3.088066e+00 2.928500e+00 3.026717e-01 3.107769e+00 6.659095e+00 -2.359974e-02 -8.111320e-01 2.977574e-02 1.029390e+00 1.514241e-01 1.046702e+00 1.653018e+00 2.644850e+00 3.258914e-01 2.987804e-01 1.162254e+00 1.739273e+00 -3.224998e-01 -1.985485e-02 
-8.886371e+00 7.810903e+00 -3.870103e+00 -3.850173e+00 1.366104e+00 2.037597e-02 4.849469e+00 5.086307e+00 8.102645e+00 2.503152e+00 4.819965e+00 -1.036274e+00 -7.163930e-02 -7.351230e-01 -1.211057e+00 4.528483e-01 -2.607287e-01 7.847521e-01 1.569679e-01 1.997724e+00 -5.415917e-04 8.989784e-01 2.043785e+00 2.190819e-02 -7.952179e-01 -2.331361e-02 
-8.618644e+00 6.055820e+00 -5.271557e+00 -7.928981e-01 4.050498e+00 2.024036e+00 6.957747e+00 4.786064e+00 4.594371e+00 2.313314e+00 3.510860e+00 5.248998e+00 -8.864200e-02 -5.181099e-01 -1.171050e+00 -2.027466e-01 -8.707927e-01 -2.150051e-01 -1.714524e+00 -1.179237e+00 -1.740353e+00 -6.707038e-01 6.044658e-01 -1.696102e+00 1.665934e-01 -1.214911e-02 
-9.652966e+00 6.272575e+00 -4.481799e+00 -4.875684e+00 3.739183e-01 -4.152017e+00 1.204149e+00 -2.047030e+00 2.417536e+00 3.051051e+00 -1.975174e+00 4.649283e+00 -8.010995e-02 -2.567514e-01 -2.859899e-01 -4.336324e-02 -6.133809e-01 -5.660951e-01 -1.452084e+00 -1.304424e+00 -2.109977e+00 -1.354705e+00 1.833536e-01 -1.907631e+00 1.077140e+00 -8.409262e-04 
