-1.067227e+01 1.032390e+01 3.163957e+00 4.541592e+00 8.271381e+00 -3.482216e+00 -4.298617e+00 -1.916533e+00 -6.242457e+00 -5.150858e-01 -1.761493e+00 5.606813e+00 -1.394800e-01 -5.155832e-01 -5.131506e-01 -2.412302e-01 -1.878591e+00 -1.057513e+00 4.215475e-01 4.264047e-01 7.670802e-01 1.193845e+00 6.658818e-01 -6.015003e-02 -4.516895e-02 1.392984e-03 
-1.234123e+01 7.613984e+00 1.338091e+00 -8.328354e-02 5.114163e+00 -2.529967e+00 -3.328148e+00 -4.347548e+00 -8.104107e+00 -2.039222e-01 1.565303e+00 5.060260e+00 -1.512927e-01 -3.771482e-01 -7.631716e-01 -1.172410e-01 -1.068514e+00 -9.886877e-01 6.216311e-01 8.702053e-01 3.192255e-01 1.773667e+00 1.095503e+00 6.934671e-01 -5.898968e-01 -1.075411e-03 
-1.241570e+01 9.113101e+00 2.870740e+00 -2.538926e+00 4.562427e+00 -1.850603e+00 -2.651829e+00 3.134377e+00 6.575899e-01 2.658741e+00 -3.725641e+00 5.654245e+00 -1.266087e-01 -3.044624e-02 -1.161047e-01 -2.782117e-01 -2.584225e-01 -7.429990e-01 7.876740e-01 1.064701e+00 -9.424928e-01 1.311774e+00 1.196857e+00 1.265051e+00 9.724142e-02 -1.338124e-03 
-1.168629e+01 7.113438e+00 2.724361e+00 2.739281e+00 5.182421e+00 -1.189867e+00 -7.709856e-01 -2.845860e+00 -8.241484e-01 3.375515e+00 2.687917e+00 2.633614e+00 -1.512927e-01 -6.500091e-02 -4.026787e-01 2.801371e-03 3.511425e-01 -9.461854e-01 -5.023228e-01 1.342870e+00 -1.070880e-01 1.063534e+00 1.219326e+00 7.225228e-01 -6.920032e-02 -1.956189e-03 
-1.115197e+01 9.993647e+00 1.079764e+00 1.838197e+00 4.522258e+00 -2.138966e-01 -2.536950e-01 -7.379841e+00 -3.323565e+00 3.679480e+00 4.002453e+00 7.306344e+00 -1.461706e-01 -4.246290e-01 -1.242373e+00 -2.517640e-01 9.505983e-02 -5.846692e-01 -5.385913e-01 7.658744e-01 -9.695206e-01 -1.036502e+00 2.529360e-01 1.572881e+00 6.566248e-01 -4.936791e-03 
-1.329810e+01 5.160317e+00 2.247586e+00 -5.161324e-01 4.033208e-01 -5.859934e+00 2.187137e+00 3.741207e-01 -7.958593e-01 5.382340e+00 1.313870e+00 3.888209e+00 -1.512927e-01 -3.218321e-01 -7.692850e-01 2.459300e-01 -1.169346e+00 -8.563203e-01 -4.472710e-01 -2.380979e-01 4.190008e-01 4.143933e-01 4.471968e-01 -4.476689e-01 3.007811e-01 -5.122066e-04 
-1.373294e+01 3.877795e+00 1.850307e+00 -4.359205e-01 4.028631e+00 -2.208526e+00 -3.015182e-01 -3.323216e+00 -4.539065e+00 2.920009e+00 4.825787e+00 8.310072e+00 -1.512927e-01 -1.116600e-01 -5.273680e-01 3.643796e-01 6.106970e-02 2.006525e-01 -5.272402e-01 1.007056e-01 1.075068e+00 -3.843999e-03 -6.069041e-01 -7.028164e-01 -6.154968e-01 -1.024413e-03 
-1.200497e+01 6.324938e+00 3.568739e+00 -1.970391e+00 1.147633e+00 -2.428908e+00 -1.937564e+00 -2.779168e+00 1.855568e+00 5.991234e+00 3.790581e-02 3.635655e+00 -1.512927e-01 3.524233e-01 8.765365e-01 6.784775e-02 4.648800e-01 4.155410e-01 2.944049e-01 7.006451e-01 7.218637e-02 -5.854563e-01 -1.616830e+00 -1.010007e-01 -3.116822e-03 0.000000e+00 
-1.235684e+01 6.774496e+00 2.241086e+00 2.870675e+00 5.153364e+00 -4.565610e+00 2.312183e+00 -4.278553e-01 -4.668499e+00 3.405125e-01 1.126353e+00 4.355137e+00 -1.512927e-01 3.851515e-01 7.357596e-01 2.976177e-01 5.170742e-01 3.507859e-01 -2.917851e-02 1.391383e+00 1.084957e+00 5.230385e-01 -5.769563e-02 -2.942887e-01 -9.957651e-01 0.000000e+00 
-1.222404e+01 8.094649e+00 2.391436e+00 1.549703e-01 1.918659e+00 -3.209367e+00 4.383512e+00 -7.126279e-01 -3.658424e+00 -1.412064e+00 2.658583e+00 5.850092e+00 -1.512927e-01 1.882383e-01 8.917441e-01 9.943047e-01 4.266922e-01 1.339087e-02 -9.004509e-01 3.716420e-01 9.265808e-01 -1.364909e-01 -5.823006e-02 2.112263e-01 -1.069124e+00 0.000000e+00 
-1.169765e+01 6.671738e+00 3.927048e+00 1.086770e+00 5.397048e+00 -1.964189e+00 3.494858e+00 1.068300e+00 8.331232e-01 6.333179e+00 2.044005e+00 2.224027e+00 -1.512927e-01 4.615391e-01 1.050918e+00 1.363245e+00 -1.692336e-01 2.677609e-02 -4.550920e-02 -3.251172e-01 3.531736e-01 1.938018e-01 8.210524e-01 -1.188394e+00 -1.578842e+00 0.000000e+00 
-1.139337e+01 1.083504e+01 7.697281e+00 1.055023e+00 1.092746e+00 -8.231874e+00 -6.706910e-01 1.105658e+00 -1.577697e+00 2.703751e+00 6.352118e-01 -6.444104e-01 -1.512927e-01 8.246136e-01 1.390530e+00 3.395286e-01 -3.391192e-01 -3.731077e-02 3.635973e-01 -1.282926e+00 -3.392075e-01 -3.621327e-01 -1.164253e-02 -2.288720e+00 -1.674052e+00 1.054740e-03 
-1.046448e+01 1.065889e+01 6.404388e+00 1.574480e+00 5.700202e+00 -2.281904e+00 3.213699e+00 4.288694e-01 -4.739853e+00 2.387867e+00 -3.803929e+00 -2.918210e-01 -1.512927e-01 9.099070e-01 8.687990e-01 -1.048462e+00 -6.929981e-01 -3.392674e-01 4.485763e-01 -3.283853e-01 5.440044e-03 -1.172574e+00 -1.154123e+00 -2.122396e+00 -7.395240e-01 1.727760e-03 
-8.717556e+00 1.305372e+01 2.850409e+00 -1.784481e+00 1.580528e+00 -1.232523e+00 -1.890541e+00 -2.088950e+00 -2.682600e+00 5.023797e-01 -5.861051e+00 -1.262242e+00 -1.460190e-01 5.366412e-01 -1.028986e+00 -1.336021e+00 -1.909861e-01 -8.214860e-02 2.788762e-01 3.589497e-01 1.794212e+00 2.550225e-01 -1.031391e+00 -1.176771e+00 5.462034e-01 5.648232e-03 
-8.486019e+00 9.906391e+00 1.108175e+00 -9.584687e-01 3.456819e+00 -3.220982e+00 2.462857e+00 2.692805e+00 -4.477297e+00 1.663248e+00 -5.319845e+00 -1.164677e+00 -1.452907e-01 1.208360e-01 -4.180194e-01 -2.086835e-01 4.078134e-01 9.809565e-02 -2.868244e-01 2.640421e-02 1.656621e+00 1.012750e+00 -5.395817e-01 3.619506e-02 1.488215e+00 6.184948e-03 
-9.699392e+00 6.066358e+00 3.665282e+00 1.366567e+00 1.803694e+00 -6.367953e+00 1.499479e+00 8.944751e+00 -4.338627e-01 -2.090895e+00 -4.490686e+00 2.523035e+00 -1.260525e-01 -6.269543e-01 -5.467765e-01 5.508168e-01 1.378746e+00 1.591988e+00 5.903457e-01 1.103459e+00 4.425993e-01 3.037863e-02 -1.348626e-01 7.466605e-01 1.749525e+00 1.225400e-03 
-9.369379e+00 1.206248e+01 4.953534e+00 2.038023e+00 6.079097e+00 -1.148310e+00 1.650710e+00 3.195125e+00 -8.004704e-01 9.865967e-01 -4.308136e+00 5.256614e+00 -1.303512e-01 -9.610775e-01 -1.666222e-01 7.970597e-01 5.791568e-01 8.678802e-01 8.706794e-01 -7.367680e-01 -1.917927e+00 4.971420e-01 9.526294e-01 1.994708e+00 1.658226e+00 -3.331315e-03 
-1.141065e+01 9.241798e+00 3.681813e+00 3.611005e+00 8.229331e+00 6.828691e-01 4.032826e+00 -1.271132e-01 -4.369120e+00 1.663926e-01 -2.633603e+00 4.274739e+00 -1.473618e-01 -6.386968e-01 1.142162e-01 -3.161397e-01 -6.498826e-01 6.676793e-01 3.581782e-01 -8.793772e-01 -2.718824e+00 1.854136e-01 1.986819e+00 2.052000e+00 4.545451e-01 -7.142186e-03 
-1.243578e+01 7.485559e+00 5.085207e+00 8.150963e-01 4.583402e+00 -2.392996e+00 -2.487657e+00 -2.360900e+00 -2.395821e-02 5.297752e+00 3.725152e+00 6.250604e+00 -1.512927e-01 -3.538980e-01 -9.153776e-01 -7.960313e-01 -1.033158e+00 -8.894968e-01 -1.015740e+00 -5.293822e-01 -1.308575e+00 -4.877276e-01 7.360331e-01 1.489542e+00 -4.853233e-01 -4.581392e-03 
-1.135968e+01 8.925897e+00 2.018747e+00 -1.271383e+00 5.889938e+00 -3.954719e+00 -8.282232e-01 -1.871355e+00 1.049490e-01 5.687623e+00 1.752670e+00 4.298765e+00 -1.512927e-01 1.478601e+00 -2.345188e+00 -1.861041e+00 -1.958376e+00 -2.065496e+00 -1.487108e+00 -1.199263e+00 -1.601027e+00 -1.026020e+00 -1.197433e+00 -5.987016e-01 -1.345439e+00 4.858667e-02 
-1.116436e+01 7.643538e+00 1.804911e+00 -6.865746e-01 2.801309e+00 -3.908216e+00 1.434324e+00 -2.475631e+00 -5.476143e+00 1.906147e+00 9.464360e-01 2.817984e+00 -1.512927e-01 2.350023e+00 -2.998408e+00 -2.400966e+00 -1.656075e+00 -1.805572e+00 -1.043659e+00 -7.829431e-01 -2.039951e+00 -1.951452e+00 -2.975595e+00 -2.094878e+00 -1.979182e+00 1.182773e-01 
-4.653355e+00 -2.563132e+00 -3.983245e+00 -5.430039e+00 -1.207104e+00 -5.995059e+00 -3.924479e+00 -8.074883e+00 -6.773126e+00 -4.124968e+00 -4.237753e+00 -7.361467e-01 9.557158e-02 2.618678e-01 -2.926947e+00 -4.057694e-01 -7.367480e-01 -1.191854e+00 -1.490471e-01 -9.248087e-01 -1.938519e+00 -1.943789e+00 -3.177911e+00 -1.511499e+00 -2.207335e+00 1.390975e-01 
-4.038826e+00 -1.761968e+00 -3.918626e+00 -5.385951e+00 -8.959379e-01 -6.591121e+00 -4.854245e+00 -9.458889e+00 -6.342180e+00 -4.673928e+00 -3.754025e+00 -1.127853e+00 3.166617e-01 6.821530e-01 -1.330996e+00 4.955651e-01 -3.941833e-01 -5.309010e-01 1.060468e-01 -4.712574e-01 1.733955e-01 1.179354e+00 -8.140753e-01 -6.187838e-01 -1.450902e+00 1.015106e-01 
-1.361310e+01 -1.006086e+00 2.851668e+00 -2.605435e+00 1.779291e+00 -3.358502e+00 -2.307982e+00 -8.072322e+00 -9.180981e+00 -6.911897e+00 -3.454596e+00 -4.764991e+00 3.102174e-01 2.193493e+00 1.792094e+00 1.773085e+00 9.655598e-01 2.496570e-01 7.080992e-01 1.233118e+00 2.512773e+00 1.248758e+00 1.444788e+00 2.116068e+00 -3.481155e-01 1.782681e-02 
-3.273717e+00 2.100348e-01 8.652802e-01 -4.069793e+00 -1.346393e+00 -4.696260e+00 -1.730211e+00 -1.609934e+00 1.624556e+00 -7.707648e-01 -2.539062e+00 -2.422104e+00 2.489375e-01 6.022537e+00 2.343434e-01 -7.331789e-01 5.922105e-02 -3.306959e-01 1.028905e+00 1.182972e+00 3.513125e+00 3.198833e-02 2.997868e-01 4.008721e+00 1.945417e+00 7.040361e-02 
5.931556e+00 5.411335e+00 2.490229e+00 -1.260319e+00 2.664089e-01 -3.401993e+00 6.790922e-01 5.645031e-01 -4.512705e+00 1.147390e+00 5.735106e+00 -1.829598e+00 2.185677e-01 7.546331e+00 -3.120965e+00 -2.016343e+00 -3.368435e-01 -2.261661e+00 1.484827e+00 1.664723e+00 2.006828e+00 -1.427045e-01 -2.807046e-01 3.967145e+00 2.941556e+00 1.597010e-01 
1.630153e+01 -3.798961e+00 -7.403801e+00 -5.762403e+00 -1.792976e+00 -1.424852e+00 -4.329202e-01 3.788326e+00 -8.516376e+00 -7.204638e+00 1.169473e+01 7.131538e+00 7.145046e-01 4.352568e+00 -5.391768e+00 -1.557441e+00 -5.293355e-02 -2.419029e+00 2.145515e+00 1.834140e+00 -2.168168e-01 -1.032927e+00 -1.209256e+00 2.403442e+00 1.995182e+00 2.025965e-01 
1.433093e+01 -1.460641e+01 -3.095508e+00 -3.443347e+00 -9.305719e+00 2.429929e+00 5.366985e+00 -7.373099e-01 -4.824037e+00 -5.098484e+00 9.264235e+00 5.165969e+00 8.759388e-01 1.298121e+00 -5.854325e+00 -9.322683e-01 -5.215563e-01 -2.197703e+00 2.113272e+00 1.558878e+00 -7.636069e-01 5.629452e-01 -7.409181e-01 -7.641471e-01 6.455085e-01 1.713881e-01 
1.428943e+01 -1.673993e+01 -4.129059e+00 -3.242947e+00 -8.655474e+00 3.115355e+00 5.096543e+00 -2.043111e+00 -3.384414e+00 -3.694108e+00 7.713582e+00 4.056024e+00 9.332342e-01 -8.825866e-01 -2.900343e+00 2.552981e-01 6.050360e-01 -1.211227e+00 1.680467e+00 1.258572e+00 -1.246085e+00 1.510264e+00 4.247668e-01 -2.015014e+00 -1.365071e+00 6.264214e-02 
1.342821e+01 -1.738980e+01 -3.808484e+00 -5.127829e+00 -7.290857e+00 4.894263e+00 5.708750e+00 -3.378130e-01 -4.263960e+00 -4.312465e+00 3.904945e+00 2.935701e+00 9.661434e-01 -6.383243e-01 -5.305626e-01 -1.026482e+00 5.923542e-01 -1.845759e-01 1.308034e+00 3.644799e-01 -5.736050e-01 1.101343e+00 -1.363500e-01 -1.825679e+00 -7.172244e-01 2.939161e-02 
1.233996e+01 -1.690898e+01 -5.770823e+00 -1.894983e+00 -8.856544e+00 5.745317e+00 5.689056e+00 -2.641850e+00 -1.245093e+00 -5.473813e+00 4.299305e+00 1.421318e+00 9.826130e-01 -7.276979e-01 -5.880394e-02 -9.721407e-01 6.642743e-01 -5.940437e-01 1.538745e+00 9.894278e-02 -3.408493e-01 8.933257e-01 -3.532897e-01 -1.486767e+00 -1.213927e-01 1.655956e-02 
1.211405e+01 -1.717470e+01 -7.407035e+00 -1.155558e+00 -1.012807e+01 7.655118e+00 6.893128e+00 -3.305966e+00 -3.869843e-01 -4.890381e+00 1.842981e+00 2.897200e+00 9.982074e-01 -5.230469e-01 1.182308e-02 -6.311169e-01 7.493436e-01 -8.172740e-01 1.324494e+00 -4.259276e-01 -3.266749e-01 6.267232e-01 -9.756450e-02 -8.108580e-01 -2.843380e-04 5.147135e-03 
1.130803e+01 -1.714150e+01 -7.190486e+00 -1.907711e+00 -1.020709e+01 9.428651e+00 4.999068e+00 -2.263282e+00 -8.562737e-01 -5.171598e+00 1.310727e+00 3.468311e+00 1.000000e+00 -2.945270e-01 8.871136e-02 -1.426274e-01 6.284545e-02 -3.900468e-01 9.726894e-01 -8.425301e-01 -2.334344e-02 2.105072e-01 -1.575546e-02 -9.009560e-01 6.088562e-02 -1.882011e-03 
1.132894e+01 -1.721443e+01 -6.254236e+00 -1.374746e+00 -1.070195e+01 9.675065e+00 3.924106e+00 -2.160472e+00 -1.324753e+00 -4.951395e+00 1.344944e+00 1.910784e+00 9.831856e-01 -1.805506e-01 7.727299e-02 3.904051e-01 -9.094305e-02 -1.498690e-01 7.456536e-01 -1.624501e+00 2.494203e-01 1.551399e-01 -6.869845e-02 -6.002864e-01 -7.526167e-02 -5.499172e-03 
1.125988e+01 -1.644556e+01 -7.060359e+00 -1.471161e+00 -1.051983e+01 9.598789e+00 2.960917e+00 -3.331314e+00 2.763278e-01 -5.522084e+00 4.354358e-02 2.218955e+00 9.807138e-01 1.274967e-01 -4.608631e-02 6.280727e-01 -1.544975e-02 -3.505327e-01 7.980705e-01 -1.782878e+00 5.458986e-01 1.476430e-01 2.362666e-02 -5.598940e-01 -9.618042e-02 -7.341927e-03 
1.123537e+01 -1.713631e+01 -5.520073e+00 -1.828547e+00 -1.072104e+01 1.129832e+01 -2.103043e-01 -1.524848e+00 -1.775856e-01 -5.058631e+00 -5.248595e-01 3.145570e+00 9.803547e-01 2.873192e-01 -1.364088e-01 5.901676e-01 -1.136223e-01 -1.024525e-01 8.002964e-01 -1.459745e+00 6.100124e-01 5.363987e-02 -1.231433e-01 4.716007e-02 -2.195893e-02 -6.541717e-03 
1.199229e+01 -1.741099e+01 -4.417204e+00 -1.758059e+00 -1.195021e+01 1.260738e+01 -1.848115e+00 1.483989e-01 -6.916423e-01 -4.999847e+00 -5.538408e-01 2.370015e+00 9.647058e-01 4.741309e-01 -3.852741e-01 6.891212e-01 1.937643e-02 -1.584963e-01 6.528733e-01 -9.339203e-01 6.500231e-01 -3.270842e-01 -1.167121e-01 7.193068e-01 -5.978326e-01 -8.809525e-03 
1.239933e+01 -1.741376e+01 -4.624976e+00 -1.799409e+00 -1.049903e+01 1.217225e+01 -9.701028e-01 -8.502665e-01 -5.725689e-01 -5.828229e+00 1.879436e+00 1.725459e+00 9.584810e-01 5.518538e-01 -3.408550e-01 3.391252e-01 2.901694e-01 -3.816034e-01 3.664638e-01 1.373970e-01 -4.615476e-01 4.490714e-01 -1.513003e-01 5.681986e-01 -5.808155e-01 -9.963947e-03 
1.304855e+01 -1.823321e+01 -4.062302e+00 -1.388848e+00 -1.142332e+01 1.242619e+01 -1.328785e+00 -4.184892e-01 -1.161602e+00 -5.720845e+00 2.437930e+00 -6.015253e-02 9.476030e-01 2.593160e-01 -1.114859e-01 5.546236e-03 1.948175e-01 -1.809565e-01 1.322986e-01 9.901748e-01 -1.354427e+00 1.316463e+00 -4.375518e-01 3.651461e-01 -5.910095e-01 -9.348673e-03 
1.346651e+01 -1.842948e+01 -4.001898e+00 -5.623057e-01 -1.289250e+01 1.322123e+01 2.170155e-01 -3.549141e+00 2.302751e+00 -5.454633e+00 8.202482e-01 1.456576e+00 9.390863e-01 -1.396953e-01 2.661970e-01 -2.419910e-01 -8.343619e-02 9.209385e-02 -5.539981e-01 1.442253e+00 -1.698220e+00 1.642088e+00 -4.469240e-01 -1.115498e-01 -8.617865e-01 -9.996640e-03 
1.275528e+01 -1.746056e+01 -4.701012e+00 -1.402523e+00 -1.165826e+01 1.274438e+01 2.509199e+00 -5.274299e+00 4.453012e+00 -7.374404e+00 1.801484e+00 -4.505908e-01 9.276598e-01 -5.643808e-01 7.825407e-01 -4.301859e-01 -3.349297e-01 3.862196e-01 -9.439880e-01 1.282423e+00 -1.586591e+00 1.597565e+00 -4.796268e-01 5.480218e-03 -1.102979e+00 -8.251309e-03 
1.184749e+01 -1.646909e+01 -5.515575e+00 -2.209753e+00 -9.921089e+00 9.243165e+00 4.322172e+00 -6.913459e+00 4.830563e+00 -7.236070e+00 1.639911e+00 -2.388255e+00 9.184694e-01 -8.628185e-01 1.432542e+00 -5.875950e-01 -5.284095e-01 1.364026e+00 -1.979213e+00 1.115450e+00 -8.919938e-01 4.557187e-01 -9.059906e-06 7.535434e-03 -1.161697e+00 -8.686882e-03 
1.103616e+01 -1.530069e+01 -5.456392e+00 -2.239774e+00 -1.097793e+01 9.695280e+00 3.030753e+00 -6.669286e+00 5.562318e+00 -7.228261e+00 2.055500e+00 -3.652632e+00 9.166549e-01 -2.535335e-01 1.238862e+00 -2.784921e-01 9.584625e-02 1.166656e+00 -1.605508e+00 1.862539e-01 -2.097185e-01 -2.252097e-02 5.939155e-01 -3.670262e-01 -6.629350e-01 -1.590307e-02 
1.001198e+01 -1.234670e+01 -6.562182e+00 -2.785728e+00 -6.412535e+00 4.849720e+00 5.533486e+00 -7.311617e+00 4.026692e+00 -5.527750e+00 7.309173e-01 -2.750888e+00 9.011543e-01 1.042881e-02 1.332582e+00 -9.240007e-02 4.252548e-01 9.496072e-01 -4.648696e-01 -3.240305e-01 5.441943e-01 -3.002103e-01 8.410193e-01 -3.375048e-01 -5.018393e-01 -2.904657e-02 
1.240537e+01 -1.332745e+01 -5.570168e+00 -6.353045e-01 -7.579252e+00 6.913566e+00 2.834812e+00 -6.123812e+00 4.742343e+00 -5.258986e+00 4.208494e-01 -3.583950e+00 8.568020e-01 7.979731e-02 9.894955e-01 -9.883442e-02 4.602922e-01 6.460802e-01 1.489321e-01 -5.933083e-01 1.194456e+00 2.926235e-02 1.168238e+00 -8.568048e-02 -5.736198e-01 -3.731389e-02 
1.121503e+01 -1.079280e+01 -5.920688e+00 -8.857132e-01 -6.872391e+00 8.309674e+00 2.799991e+00 -4.465224e+00 3.739499e+00 -4.015611e+00 7.697119e-01 -4.931793e+00 8.031631e-01 7.888760e-02 6.048946e-01 1.811461e-01 -1.208100e-02 -1.081410e-01 5.915248e-01 -1.271509e+00 1.184037e+00 2.175091e-01 1.258432e+00 -3.800063e-01 -7.909729e-01 -3.063566e-02 
1.083362e+01 -1.113016e+01 -6.271312e+00 -8.883197e-01 -7.517598e+00 8.709963e+00 1.430959e+00 -2.120204e+00 5.852226e+00 -2.143139e+00 1.607700e+00 -5.430279e+00 7.790812e-01 -2.548727e-01 9.229544e-01 1.273893e-01 -4.848788e-01 8.373176e-01 -1.229381e+00 -1.002620e+00 1.163131e+00 1.184181e-01 7.023484e-01 -2.665538e-01 -5.634624e-01 -2.097778e-02 
1.119229e+01 -1.042087e+01 -5.305881e+00 -2.719625e+00 -6.984067e+00 6.909145e+00 -1.221311e-01 -3.393237e+00 4.559296e+00 -7.935121e-01 -1.762539e+00 -5.782588e+00 7.868364e-01 -5.513592e-02 1.146812e+00 3.613801e-01 -6.657061e-01 1.732021e+00 -1.708780e+00 -2.488166e+00 2.248416e+00 -4.391688e-01 6.415209e-01 -1.162967e-01 -3.308024e-01 -2.630905e-02 
1.114237e+01 -8.898647e+00 -5.240625e+00 -2.142742e+00 -3.336826e+00 1.466926e+00 -7.172282e-01 -8.441511e-01 4.924535e+00 -3.358294e+00 3.542060e-01 -5.975864e+00 7.600764e-01 -7.320996e-02 1.474974e+00 4.706039e-01 -8.613409e-01 2.095803e+00 -1.381133e+00 -2.995534e+00 2.907283e+00 -3.018222e-01 6.262518e-01 2.742746e-02 -4.334410e-01 -3.754910e-02 
1.078497e+01 -6.174502e+00 -4.629130e+00 -3.587032e+00 -3.026743e-01 3.387292e+00 -8.566746e+00 6.138832e+00 2.007500e+00 -2.004293e-01 8.149756e-01 -6.313012e+00 6.811202e-01 5.322752e-02 2.156459e+00 3.805489e-02 -8.693659e-01 1.535800e+00 -7.494358e-01 -3.278134e+00 2.383620e+00 1.920840e+00 -6.614280e-01 2.526045e-01 4.157743e-01 -4.831625e-02 
1.067123e+01 -5.878477e+00 -4.256668e+00 -4.761321e+00 -3.792820e-01 3.565225e+00 -9.324403e+00 7.650178e+00 5.619013e+00 6.915785e-01 4.560801e-01 -7.332272e+00 6.441938e-01 1.066632e-01 1.942775e+00 5.074412e-01 -7.566184e-01 4.423169e-01 -7.961882e-01 -2.352572e+00 1.498519e+00 1.358628e+00 -2.048365e-01 9.286716e-02 4.604458e-01 -4.443396e-02 
1.169400e+01 -1.148660e+00 -5.607585e+00 -5.757165e+00 -7.838402e-01 2.112816e+00 -1.220921e+01 4.277698e+00 1.381626e+01 -6.125589e+00 -5.504540e-01 -3.025513e+00 6.031965e-01 -1.255343e-01 1.754202e+00 1.148222e+00 -1.201432e-01 -2.094430e-01 -1.823770e+00 -1.586592e-01 4.351511e-01 5.719435e-01 -7.119409e-02 -3.236543e-01 8.774216e-01 -4.356660e-02 
1.122118e+01 -1.697692e+00 -2.214192e+00 -4.840768e+00 -8.846583e-01 -1.876777e+00 -1.065886e+01 7.579010e+00 5.813296e+00 -1.419897e+00 1.501257e+00 -5.317385e+00 5.768684e-01 -7.903013e-01 1.320385e+00 1.959672e+00 5.393983e-01 -9.136206e-01 -2.217646e+00 9.611689e-01 8.871967e-01 -1.413712e+00 9.286569e-01 3.990436e-01 -6.660900e-02 -4.145587e-02 
9.882328e+00 5.061164e-01 9.073949e-02 -4.148025e+00 -1.097201e+00 -3.010555e+00 -8.692815e+00 8.350171e+00 4.770076e+00 4.993382e-01 -1.325884e+00 -2.933348e+00 4.969499e-01 -5.893173e-01 4.299909e-01 1.598518e+00 1.000515e+00 -1.092574e+00 -2.158989e+00 1.503703e+00 6.717569e-01 -2.465178e+00 1.706118e+00 8.776916e-01 -6.138865e-01 -2.962865e-02 
7.625561e+00 -1.039386e-01 2.692532e+00 -2.868899e+00 -4.790704e+00 -4.961321e+00 -6.276757e+00 1.004992e+01 3.073544e+00 2.022400e+00 2.839013e+00 -7.711399e+00 4.900378e-01 -6.319060e-02 2.907112e-01 5.152451e-01 1.587147e+00 -5.473169e-01 -1.896409e+00 4.492806e-01 -4.153460e-01 -6.063944e-01 7.098524e-02 5.042887e-01 3.615867e-01 -1.777873e-02 
1.054522e+01 2.044182e-01 -6.835461e-02 -1.740526e+00 -4.293687e+00 -7.139858e+00 -6.881745e+00 6.401025e+00 2.860243e+00 6.838505e-01 3.169126e+00 -4.897938e+00 4.984686e-01 -1.563501e-02 6.907940e-03 5.226061e-01 1.527321e+00 4.442515e-02 -1.642543e+00 -4.868504e-01 -3.676137e-01 -7.183837e-01 -2.957740e-01 9.207380e-01 -5.182471e-02 -1.193582e-02 
1.057378e+01 -9.328699e-02 4.415801e-01 1.891216e+00 -2.023000e+00 -9.294169e+00 -9.317988e+00 6.476854e+00 3.736240e+00 -1.157227e+00 1.775195e+00 -2.527156e+00 4.872154e-01 -2.426856e-02 6.685686e-03 7.891110e-01 1.204435e+00 2.377735e-01 -1.631131e+00 -5.889134e-01 -5.734014e-01 -3.816418e-01 -1.649649e-01 4.289709e-01 9.491725e-02 -1.284807e-02 
8.330044e+00 5.353303e-01 3.829246e+00 1.108524e+00 -2.258928e+00 -9.056844e+00 -9.606451e+00 8.298638e+00 8.468089e-01 6.102817e-01 3.809715e+00 -5.784593e+00 4.386820e-01 -1.144972e-01 -2.034213e-01 8.582562e-01 1.519073e+00 -3.847954e-01 -1.456068e+00 1.531887e-02 -1.063866e+00 -4.850392e-01 5.307201e-01 -4.893929e-01 3.759778e-01 -5.205059e-03 
8.611806e+00 -2.359662e-01 4.689286e+00 1.728753e+00 -4.619216e+00 -1.215848e+01 -7.858972e+00 6.234111e+00 2.172052e+00 1.234360e+00 4.663573e+00 -6.793486e+00 4.556907e-01 1.976945e-01 -1.786325e-01 6.160131e-01 1.661133e+00 -8.254604e-01 -9.802698e-01 1.001262e+00 -2.313383e+00 -1.098630e+00 1.469071e+00 -9.963577e-01 2.925621e-01 -3.476304e-03 
1.095372e+01 -7.413487e-01 2.099073e+00 5.936071e+00 -4.919556e+00 -1.298804e+01 -7.534659e+00 1.203066e+00 1.217141e+00 2.141658e+00 -7.220277e-01 -8.848841e-01 4.882056e-01 3.511956e-01 6.284262e-01 -3.144666e-01 2.409749e+00 1.991516e-01 -1.786878e+00 1.179457e+00 -2.759785e+00 -2.767220e-01 1.841696e+00 -1.544309e+00 1.804395e+00 -2.331498e-02 
1.025041e+01 -3.481102e-01 4.386732e+00 7.783107e+00 -4.819988e+00 -1.222992e+01 -5.347574e+00 -1.542277e+00 -1.942073e+00 5.422439e+00 -9.407222e-01 -3.514200e+00 4.450721e-01 3.943791e-02 1.526096e+00 -5.004601e-01 1.864518e+00 1.900762e+00 -1.016887e+00 1.434951e-02 -2.255147e+00 -3.558016e-02 1.140810e+00 -1.874779e+00 1.398891e+00 -5.359873e-02 
9.266718e+00 3.733533e+00 2.408190e+00 1.013009e+01 -1.162784e+00 -1.795551e+01 -4.964867e+00 -1.612090e+00 1.520262e+00 7.724721e+00 -1.109682e+00 1.597741e+00 3.274164e-01 -2.093357e+00 2.163142e+00 1.053004e+00 1.758455e+00 3.609301e+00 1.011324e+00 1.917410e-01 -1.647406e+00 -8.199123e-01 3.425311e-01 -4.427980e-01 -2.791528e-01 -1.131813e-01 
9.652495e+00 5.157071e+00 2.032427e+00 8.954331e+00 3.006207e+00 -1.475918e+01 -9.072121e+00 -3.634043e+00 1.842591e+00 4.146875e+00 -4.516496e+00 -1.040344e+00 2.680917e-01 -3.440940e+00 1.351236e+00 1.376379e+00 -1.471489e-01 2.635156e+00 3.707525e+00 1.111346e+00 3.002779e-01 -7.574505e-01 -2.177148e+00 -2.096292e+00 -9.080290e-01 -1.203944e-01 
7.858920e-01 7.321772e+00 8.541245e+00 1.414273e+01 9.213852e+00 -6.666792e+00 -4.713681e+00 -5.988083e+00 -4.774753e+00 4.492095e+00 -1.148130e+00 -3.517576e+00 1.078910e-02 -4.270393e+00 -1.366877e+00 6.175987e-01 -2.055332e+00 3.388776e-01 5.060846e+00 2.873721e+00 1.254280e+00 -1.610084e-01 -1.853438e+00 -1.172694e+00 -1.456060e+00 -8.117238e-02 
-2.713872e+00 4.613948e+00 8.202098e+00 5.041040e+00 3.167472e+00 6.633450e-01 8.356500e-02 2.147109e+00 -2.581819e+00 -3.846986e+00 -1.140296e+01 -5.496687e+00 1.413703e-03 -4.198820e+00 -3.250437e+00 -6.217121e-01 -2.651148e+00 -9.287164e-01 3.236772e+00 3.504755e+00 2.812835e+00 1.155577e+00 1.407580e-01 1.989619e-01 -2.821298e-02 -2.773852e-02 
-5.902063e+00 -2.829291e+00 2.411348e+00 1.810077e+00 4.509711e-01 -3.625484e-01 4.825897e+00 1.768736e+00 2.927424e+00 2.454462e+00 -3.529920e+00 -3.454386e+00 5.489349e-02 -2.191877e+00 -3.146185e+00 -2.107899e+00 -3.333981e+00 -1.848329e+00 1.176875e+00 2.428697e+00 1.428208e+00 1.929066e+00 8.342735e-01 1.829847e+00 2.905540e+00 2.020886e-02 
-7.997628e+00 -6.019581e+00 1.988815e+00 1.864919e+00 2.744066e+00 -1.727443e+00 3.681863e+00 6.551725e+00 3.769386e+00 5.869482e+00 -2.330792e+00 -1.213004e+00 1.073469e-01 -1.102763e+00 -1.958449e+00 -1.758732e+00 -1.316295e+00 2.832670e-02 4.496405e-01 1.216719e+00 6.608037e-01 1.694196e+00 1.686361e+00 3.256300e+00 2.898548e+00 2.532033e-02 
-7.531617e+00 -3.092387e+00 1.108394e+00 -9.391091e-01 1.839118e-01 4.129781e-01 5.630655e+00 -1.049350e+00 1.694978e+00 3.805228e+00 3.465019e+00 8.868284e+00 5.886680e-02 6.911913e-01 2.850185e-01 -8.991104e-02 -3.802090e-02 9.358714e-02 -4.599400e-01 -1.231561e+00 -3.413293e-01 4.514252e-01 -1.132748e-01 8.168398e-01 6.480243e-01 2.347667e-02 
-7.412912e+00 -5.046748e+00 5.991459e-02 -1.658405e-01 3.442635e+00 2.523784e+00 5.764780e+00 6.860171e+00 6.505387e+00 3.909432e+00 1.381072e+00 2.834720e+00 1.260287e-01 2.306220e+00 1.841190e+00 3.565082e-01 8.712367e-01 -1.434049e+00 -2.744851e+00 -3.046930e+00 -1.741896e+00 -6.479492e-01 -1.011078e+00 -8.762879e-01 -2.512491e+00 1.394552e-02 
-2.738464e+00 -1.890615e+00 2.926243e+00 2.635352e+00 5.696220e-01 -4.787862e+00 -2.373365e+00 -9.213305e-02 3.816550e+00 2.868113e+00 -1.301653e+00 -2.238126e+00 1.629359e-01 2.791887e+00 2.585693e+00 -5.933441e-01 1.043206e+00 -5.539138e-01 -2.355020e+00 -2.369715e+00 -1.623885e+00 -2.525168e+00 -2.098957e+00 -2.747932e+00 -4.464998e+00 -1.162253e-02 
1.136894e+00 2.585485e+00 2.862431e+00 4.433872e+00 -4.619036e+00 -1.285128e+01 -7.550776e+00 -2.636365e+00 -5.311456e-01 1.282650e+00 -4.328896e+00 -8.222256e+00 1.250399e-01 2.140777e+00 2.926273e+00 -2.101178e+00 1.893201e-01 1.212587e+00 -6.736666e-02 -8.276724e-01 -2.362729e+00 -3.651894e+00 -2.149338e+00 -1.099930e+00 -1.662675e+00 -5.014426e-02 
2.152915e+00 6.019963e+00 -3.259586e+00 1.977066e+00 1.445179e+00 -3.674590e+00 4.398596e-01 -4.420505e+00 -7.412595e+00 -5.376166e+00 -7.419658e+00 -7.928219e+00 1.248538e-03 1.265663e-01 1.816504e+00 -3.545321e+00 -2.023456e+00 2.282469e+00 2.715091e+00 2.096097e+00 4.502281e-01 -1.387990e+00 -7.169924e-01 4.422958e-02 -2.150123e-01 -6.494413e-02 
8.452816e-01 5.629330e+00 -7.353063e+00 1.109903e+00 9.067791e+00 1.630315e+00 2.198052e-01 -2.789288e+00 -6.139512e+00 -2.715120e+00 -1.059573e+00 -2.633608e+00 -4.384887e-02 -1.305458e+00 9.711711e-01 -2.777432e+00 -2.315433e+00 2.718400e+00 3.558276e+00 2.233862e+00 1.822061e+00 1.461360e+00 3.529271e-01 -7.806648e-01 5.061092e-02 -5.026526e-02 
-1.959826e+00 5.669982e+00 -9.692616e+00 -5.819943e+00 5.138552e+00 1.546797e+00 4.221827e+00 2.235468e+00 -3.192189e-01 1.282035e+00 -2.715166e+00 -6.107512e+00 -7.734036e-02 -1.527575e+00 7.059130e-01 2.237227e-01 -1.065606e+00 9.465812e-01 1.652087e+00 1.230929e+00 2.094744e+00 3.073264e+00 2.443393e+00 -2.584333e-01 1.904931e-02 -3.277158e-02 
-3.334027e+00 7.616330e+00 -7.808215e+00 -3.244790e+00 7.126278e+00 2.329410e+00 1.727552e+00 3.145954e+00 3.228968e+00 -2.818151e-01 -1.058447e+01 -8.879555e+00 -8.699191e-02 -1.529969e+00 1.067698e+00 1.995741e+00 2.594364e-01 -6.269020e-01 4.098795e-01 1.302591e+00 1.489523e+00 2.948750e+00 3.228180e+00 4.178439e-01 9.857655e-03 -2.689258e-02 
-3.395304e+00 8.556028e+00 -1.913396e+00 -1.173620e+00 7.148841e+00 4.236300e+00 5.840631e+00 3.085593e+00 3.269483e+00 5.624146e+00 -3.949378e+00 -4.709999e+00 -1.410378e-01 -1.164104e+00 1.254744e+00 3.367287e+00 1.989770e+00 4.214546e-01 5.113639e-01 9.410129e-01 1.289767e+00 2.419502e+00 3.184296e+00 1.535259e+00 2.247519e+00 -1.323268e-02 
-6.086826e+00 9.524796e+00 -1.263970e+00 8.392310e-02 4.928136e+00 2.334961e+00 5.923357e+00 4.233263e+00 6.809888e+00 1.125473e+01 1.646752e+00 -3.283076e+00 -1.464630e-01 -9.267259e-01 6.026366e-01 2.390024e+00 1.791553e-01 -4.788668e-01 -1.950549e-01 1.307260e+00 8.108050e-01 1.307226e+00 1.239836e+00 2.039185e+00 2.592889e+00 -1.013319e-02 
-6.403947e+00 1.098947e+01 3.871694e+00 2.464550e+00 8.344896e+00 4.100841e+00 6.828989e+00 8.140646e+00 9.987832e+00 1.143524e+01 -1.154481e+00 2.331846e+00 -1.137682e-01 -8.263515e-01 2.775720e-01 1.156572e+00 -3.819028e-01 -5.676585e-01 -7.964810e-01 -1.874394e-01 -1.275933e-01 -5.662161e-01 -1.599319e+00 4.671638e-02 1.847703e+00 -2.533936e-03 
-6.463335e+00 9.412793e+00 1.249361e+00 -4.168098e+00 4.133917e+00 1.421865e+00 7.769673e+00 4.672451e+00 6.405925e+00 3.011819e+00 -1.785991e+00 5.639689e-01 -1.512927e-01 -5.832943e-01 2.141656e-01 1.037493e+00 5.771525e-02 4.514356e-01 -5.368492e-01 -1.476929e+00 -1.237495e+00 -2.275889e+00 -2.404169e+00 -1.812774e-01 1.594249e+00 -4.718375e-03 
-7.338808e+00 9.999889e+00 2.612798e+00 -9.571230e-01 4.707658e+00 7.104427e-01 3.980275e+00 2.228032e+00 6.403842e-01 1.749006e+00 -1.999425e+00 2.604991e+00 -1.512927e-01 -8.367052e-01 4.972544e-01 1.299810e+00 1.052256e+00 1.059864e+00 -2.548839e-01 -1.801708e+00 -2.028283e+00 -3.180656e+00 -1.141833e+00 1.248392e+00 7.304718e-01 -7.504893e-03 
-8.535868e+00 1.109041e+01 4.552946e+00 2.083336e+00 9.003933e+00 1.345914e+00 -3.693271e-02 1.002095e+00 1.041663e-01 4.077003e+00 1.162837e+00 4.551597e+00 -1.512927e-01 -1.188606e+00 2.075496e-02 1.267271e+00 1.366507e+00 1.352048e+00 -4.093328e-01 -2.184906e+00 -2.195983e+00 -3.081016e+00 -1.736202e-01 7.587259e-01 1.391873e-01 0.000000e+00 
-9.551207e+00 1.263693e+01 8.718951e+00 4.600112e+00 1.120921e+01 2.864397e+00 1.723752e+00 -1.655886e-01 -2.764566e+00 5.193488e+00 3.613066e+00 3.990391e+00 -1.512927e-01 -9.740915e-01 -4.573112e-01 7.577284e-02 4.698616e-01 6.186870e-01 -1.542882e-01 -7.294844e-01 -1.027319e+00 -5.919783e-01 -6.620908e-02 -3.799176e-01 -4.728069e-01 0.000000e+00 
-1.130017e+01 8.198048e+00 4.532638e+00 -1.141818e-01 7.643380e+00 -1.701776e+00 -2.026594e+00 -5.110655e+00 -7.296679e+00 4.214776e-01 -7.986065e-01 5.672057e-01 -1.512927e-01 -7.670131e-01 -6.160319e-01 -9.658300e-01 -1.930266e-01 -8.453056e-01 -2.821701e-01 7.113280e-01 1.348502e-01 2.856342e-01 2.269390e-01 9.316301e-02 2.659573e-01 8.680105e-04 
-1.082712e+01 9.159517e+00 3.001816e+00 2.490944e+00 8.481369e+00 1.462846e+00 1.327684e+00 1.478099e-01 1.380916e+00 3.245723e+00 -2.918291e+00 2.233152e+00 -1.512927e-01 -5.110254e-01 -9.307663e-01 -1.762283e+00 -5.224411e-01 -6.095144e-01 -7.495688e-01 1.126750e+00 9.421849e-01 1.575500e+00 1.087358e-01 -2.844510e-01 4.866385e-01 7.224918e-04 
-1.173298e+01 9.748961e+00 2.582364e+00 2.172787e+00 6.141324e+00 6.358382e-01 3.717741e+00 1.519646e+00 -5.404034e-01 6.185580e+00 4.894331e+00 6.760003e+00 -1.469526e-01 -1.209335e-02 -2.124335e-01 -7.203393e-02 -5.773158e-02 -3.650572e-01 3.445423e-02 9.039695e-01 5.642432e-01 3.045037e-01 -7.499759e-02 9.682655e-03 2.767596e-01 1.442432e-04 
-1.188993e+01 7.207643e+00 8.826745e-01 8.444225e-01 8.912663e+00 -2.052255e+00 4.485336e+00 1.230186e+00 1.734797e+00 2.855116e+00 -6.556574e-01 3.327185e+00 -1.498502e-01 2.670771e-01 1.472156e-02 5.594029e-01 -6.915507e-01 -5.530155e-01 -1.426902e-01 5.670196e-01 8.907374e-01 -1.519565e+00 -1.889386e+00 -6.596608e-01 -2.313754e-01 -4.340053e-04 
-1.082923e+01 8.111816e+00 5.232039e+00 4.204210e-01 5.602448e+00 2.280459e-01 9.144270e-01 -2.830626e+00 -5.951101e+00 2.417932e-01 -1.881510e+00 1.403987e+00 -1.512927e-01 1.172299e+00 1.147743e+00 1.238448e+00 7.920710e-01 5.309372e-01 6.681345e-01 -1.772179e-01 6.005682e-01 -9.390854e-01 -2.194486e+00 -2.066458e+00 -1.842381e+00 -1.012254e-03 
-9.943605e+00 1.005170e+01 4.473993e+00 -9.062660e-02 5.985730e+00 9.532913e-01 5.564439e+00 6.776633e+00 -3.511560e+00 -3.229315e+00 -2.828675e+00 3.754283e+00 -1.512927e-01 1.215734e+00 1.536419e+00 1.781789e+00 1.649461e+00 6.001575e-01 1.081535e+00 -1.095685e-01 6.966029e-01 1.069490e+00 -5.934644e-02 2.552082e-01 -5.850156e-01 -2.884865e-04 
-6.844647e+00 1.406565e+01 6.978943e+00 6.600667e+00 1.025948e+01 2.473738e+00 2.292101e+00 1.749264e+00 -2.612652e+00 -1.744634e+00 -4.351449e+00 -2.665450e+00 -1.512927e-01 8.191417e-01 9.463132e-01 1.181643e+00 1.725460e+00 1.156418e+00 5.288339e-01 2.352678e-01 6.154386e-01 3.165283e+00 1.340052e+00 1.215775e+00 7.482195e-02 0.000000e+00 
-7.803547e+00 1.191282e+01 8.918167e+00 6.001605e+00 9.584936e+00 2.232574e+00 3.248657e+00 2.423255e+00 5.413022e+00 3.551598e+00 1.855353e+00 2.436826e+00 -1.512927e-01 3.321217e-01 1.569418e-01 1.082757e+00 1.158540e+00 6.523873e-01 2.317401e-01 -3.675007e-01 -8.032764e-01 2.587484e+00 1.885806e+00 1.557486e+00 2.467361e-01 0.000000e+00 
