-5.418762e+00 1.513214e+00 4.152715e-02 -8.260171e-01 5.490631e+00 -6.708515e-01 9.943698e-01 -7.481074e-02 -9.313489e-01 2.517375e+00 2.971381e+00 -3.610784e-01 -7.493269e-02 -1.720283e-01 -3.367302e-01 -4.081181e-01 -5.519108e-01 3.188359e-01 -7.868133e-01 -3.217965e-01 5.374807e-01 -6.525351e-01 2.829048e-01 9.869621e-01 1.650212e-01 5.062950e-03 
-5.628777e+00 -7.262588e-01 -1.974290e+00 -2.340193e+00 3.659140e+00 -5.641154e+00 -3.722496e-01 1.668246e+00 -2.070195e+00 2.407139e+00 7.412199e+00 1.096960e+00 -7.358837e-02 -2.194868e-01 6.920101e-02 3.813998e-01 -1.788909e-01 1.084900e+00 -1.863282e-01 6.698925e-01 9.257067e-01 -8.704009e-01 -1.630663e+00 -9.555420e-01 -2.085140e-01 7.031572e-03 
-6.173897e+00 9.493004e-01 -9.911546e-01 -2.828483e+00 8.000555e+00 -2.119767e+00 6.869709e-02 1.741065e+00 -3.624601e+00 3.987016e+00 5.685782e+00 -2.649914e-01 -5.029011e-02 -1.971105e-01 2.145343e-01 4.430865e-01 -7.760099e-02 2.038011e-01 -1.012227e-01 1.260748e+00 1.388077e+00 -8.969765e-01 -4.295654e-01 -1.215370e+00 -4.185965e-02 3.876066e-03 
-6.138629e+00 2.141177e+00 2.464867e+00 -7.192388e-01 9.660166e+00 -8.780351e-01 4.806669e+00 3.645785e+00 -3.936728e+00 -6.370759e+00 -3.163529e+00 -1.451692e+00 -5.209613e-02 5.069132e-02 4.695836e-01 4.266918e-01 4.276933e-01 2.985118e-01 3.321319e-01 1.413889e-01 1.538792e+00 8.650532e-01 1.627574e-01 -1.194403e+00 9.297466e-01 -9.037495e-04 
-6.149388e+00 1.152168e+00 3.738123e-02 -2.024499e+00 3.509123e+00 -3.558525e+00 4.708649e+00 5.876804e+00 -4.482965e+00 4.758497e+00 2.182393e+00 7.039492e-01 -6.629848e-02 -2.226296e-02 1.002522e-01 1.252655e-01 -6.056266e-02 -1.529703e-01 5.837942e-01 -4.899300e-01 5.136937e-01 1.532801e+00 1.068878e+00 -6.062421e-01 1.102545e+00 -2.244115e-03 
-5.387574e+00 1.520225e+00 -3.550996e-01 -6.037183e-01 7.397415e+00 -3.261116e+00 -1.985281e+00 7.294335e+00 2.684253e+00 2.835186e+00 3.191877e+00 5.261223e+00 -7.010293e-02 4.046784e-02 -3.401816e-02 -2.401217e-01 -1.066609e+00 -8.749278e-01 7.186344e-01 -1.552132e+00 -1.490965e+00 6.359984e-01 2.257852e+00 1.345748e+00 1.164733e+00 -3.022635e-03 
-6.660739e+00 1.761037e+00 1.045156e+00 -3.189057e+00 8.367079e+00 1.990745e+00 1.015022e+00 2.485258e+00 7.289144e-01 4.728431e+00 -5.231307e-01 1.891279e+00 -5.250728e-02 -7.526255e-02 1.067793e-01 9.580670e-02 -1.498772e-01 1.607008e-01 1.538174e+00 -1.924793e-01 -2.274249e+00 -2.198567e-02 -4.831812e-01 -9.783745e-01 -7.503590e-01 -2.086914e-03 
-5.680614e+00 1.666651e+00 7.603710e-01 -5.470003e+00 2.856549e+00 -5.949783e-02 -1.107176e+00 -2.113269e+00 -3.362675e+00 4.933535e+00 4.917974e+00 3.778307e+00 -7.410491e-02 -2.970158e-01 2.237141e-02 5.182686e-01 2.685780e-01 -5.307182e-01 4.889535e-01 8.193165e-01 -2.126922e+00 -1.344449e+00 -1.959348e-01 -5.259740e-01 -1.393138e+00 -1.914394e-03 
-6.379181e+00 1.612852e+00 -4.132056e-02 -3.407428e-01 6.583060e+00 2.531536e+00 3.307199e+00 -7.906395e-01 -1.569430e+00 1.293416e+00 -3.572528e+00 -2.306388e+00 -7.473207e-02 -2.381433e-01 -3.298736e-03 1.600169e-01 1.522705e+00 4.283956e-01 -8.581705e-01 -2.668890e-01 -6.983618e-01 -3.505669e-01 -6.785971e-01 -1.127461e+00 -6.876751e-01 -5.192411e-03 
-7.013433e+00 1.706175e+00 2.779482e+00 -6.849854e-01 5.635834e+00 -1.086744e+00 9.652128e-01 -1.702326e+00 -2.888819e+00 3.573020e+00 2.086705e+00 3.943683e-01 -6.856251e-02 -2.432183e-01 -2.118565e-01 -4.693617e-01 4.846008e-01 3.680295e-01 -5.216469e-01 -1.092183e-01 2.650287e-01 9.305723e-01 -1.742026e-01 -1.882254e+00 -7.096808e-01 -4.265964e-03 
-7.185046e+00 1.724781e+00 8.356851e-01 2.031961e+00 9.119415e+00 -1.786484e+00 -1.355618e+00 -1.212022e+00 -1.260848e+00 2.015703e+00 -4.744800e+00 1.448722e-01 -8.124053e-02 -3.833050e-01 -7.838581e-01 -8.633941e-01 -7.422982e-01 -2.637722e-01 -9.386472e-01 -6.804738e-01 1.572562e+00 3.623207e-01 -7.012710e-02 -3.217924e-01 -2.905524e-01 -6.146670e-04 
-6.493773e+00 5.514040e-01 -2.024940e+00 -4.233351e+00 3.428519e+00 -5.087218e-01 6.781409e-01 -5.774337e-01 1.135896e+00 3.701378e+00 -3.907160e+00 -9.957273e-01 -9.218049e-02 -2.261629e-01 -8.577652e-01 -7.199541e-01 6.396261e-01 6.354055e-01 3.320998e-01 4.433675e-01 1.445302e+00 -4.360704e-01 -8.284906e-01 2.561204e-01 -5.624115e-01 7.179975e-05 
-8.555535e+00 -1.729053e+00 -1.956080e+00 -2.278051e+00 6.367856e+00 -2.450711e+00 4.836637e-02 6.509722e+00 -1.770184e+00 8.786011e-01 -2.184557e+00 -3.064102e+00 -6.599641e-02 -4.330250e-01 -7.949895e-01 -5.756881e-02 4.945302e-01 7.482057e-01 1.061652e+00 1.025905e+00 1.123349e+00 2.318297e-01 8.831339e-02 2.198186e+00 3.523352e-01 7.620931e-04 
-7.459002e+00 -8.557334e-01 5.755944e-01 4.668151e+00 1.018864e+01 9.058681e-01 2.480058e+00 1.663312e+00 -4.814503e+00 -8.819103e-04 2.087186e+00 -8.132019e-01 -7.582557e-02 -5.711607e-01 -2.138348e-01 9.699385e-01 1.180905e+00 1.457201e+00 1.576245e+00 1.905468e+00 1.064330e+00 1.258250e+00 7.547906e-01 1.248148e+00 1.222915e-01 3.240108e-04 
-8.867557e+00 -1.546597e+00 -7.524264e-01 5.386090e-02 9.480383e+00 2.814482e+00 2.872949e+00 3.284351e+00 2.873500e+00 4.308400e+00 3.248957e+00 1.815285e+00 -8.560753e-02 -3.266735e-02 7.119355e-03 8.162392e-01 -2.481559e-01 -8.688086e-01 6.959196e-01 1.910228e+00 7.587293e-01 2.107232e+00 1.125632e+00 6.679318e-01 5.621339e-01 -3.027177e-03 
-9.193566e+00 -6.089977e-01 2.222925e+00 5.052173e-01 9.158262e+00 4.739906e+00 8.793190e+00 6.356899e+00 5.105302e+00 5.760432e+00 -3.831780e-01 -2.823964e+00 -8.075488e-02 7.047462e-03 -1.929519e-02 1.700690e-01 -1.665520e+00 -1.887187e+00 -5.802411e-01 4.479684e-01 1.486826e+00 2.005049e+00 8.122473e-01 4.001018e-01 5.178045e-01 4.844904e-04 
-7.851590e+00 -1.816824e+00 1.301450e+00 -1.437364e+00 2.539002e+00 -8.881321e-01 6.442941e+00 7.956575e+00 3.806074e+00 3.626106e+00 2.390284e+00 7.519481e-01 -7.866764e-02 1.824032e-01 2.753072e-02 -3.894037e-01 -1.186688e+00 -9.102232e-01 -1.114516e+00 -1.999920e+00 -1.642696e-01 4.491510e-02 1.131717e+00 5.675380e-01 5.117910e-01 4.177344e-03 
-7.931748e+00 -8.170959e-01 3.990009e-01 -2.913839e+00 4.223396e+00 -1.440306e-01 2.934904e+00 6.761332e+00 4.744457e+00 4.401502e+00 4.517032e+00 2.307489e+00 -7.687306e-02 -6.369365e-01 -1.145492e-02 -1.109124e+00 -3.699379e-01 -9.942766e-02 -4.678606e-01 -2.469426e+00 -1.160770e+00 -1.434959e+00 8.638978e-01 3.361198e-01 5.341435e-01 2.851993e-02 
-8.586450e+00 -1.304895e+00 -1.787483e+00 -4.170052e+00 7.396699e+00 -3.161271e-01 -4.197509e+00 2.260787e+00 3.278498e+00 1.064645e+01 3.636542e+00 1.808514e+00 -6.666172e-02 -1.276189e+00 3.829831e-01 -1.041717e+00 3.809642e-01 8.817489e-01 1.114928e+00 -1.026846e+00 -1.470073e+00 -1.281510e+00 8.451368e-01 -6.181957e-01 -8.017000e-01 4.204060e-02 
-1.201082e+01 -9.222370e-01 -1.778226e+00 2.187204e-02 6.232275e+00 2.114601e+00 1.766288e+00 3.400945e+00 -1.805707e+00 6.569749e+00 6.742918e-01 -6.815292e-01 5.584180e-02 -1.554048e+00 -1.943941e+00 -1.316598e+00 3.771327e+00 8.747001e-02 -2.866130e+00 1.238194e+00 -2.192511e+00 -2.224666e+00 -4.092927e-01 -1.293392e+00 7.103834e-01 1.044772e-01 
-1.219300e+01 1.506622e-01 -2.818522e+00 -1.000398e+00 5.943307e+00 3.557194e+00 1.893020e+00 2.286405e+00 6.736072e-01 6.767667e+00 1.220676e+00 -1.762043e+00 6.517792e-02 -1.361297e+00 -3.111646e+00 -1.159191e+00 5.646446e+00 -4.814193e-01 -5.595729e+00 2.139530e+00 -2.795123e+00 -2.692996e+00 -1.842330e+00 -1.324638e+00 2.048317e+00 1.496996e-01 
-1.389871e+01 -1.126458e+01 -5.668468e+00 1.435797e+01 5.387443e+00 -1.641134e+01 6.080612e+00 -4.214033e+00 -5.076430e+00 4.294430e+00 -7.419926e-01 7.644685e+00 3.795930e-01 6.738312e-01 -1.557502e+00 -2.261770e-01 1.999517e+00 -9.302952e-01 -4.139574e+00 1.545507e-01 -5.615927e-01 -1.018808e+00 -1.923360e+00 1.353336e-01 1.876875e+00 3.066808e-02 
-1.444899e+01 -1.169196e+01 -5.638316e+00 1.689413e+01 5.412019e+00 -1.903180e+01 4.342978e+00 -7.907338e+00 -8.551121e+00 2.572459e+00 -2.278507e+00 7.886992e+00 5.199608e-01 -5.762669e-01 1.589384e+00 1.074225e+00 -1.730248e+00 2.715159e-01 -1.497402e+00 6.572071e-01 8.490708e-01 1.385252e+00 -1.673667e+00 1.311007e+00 -4.325069e-01 2.001507e-02 
-7.513669e+00 -2.788438e+00 -1.499214e+00 1.072197e+00 1.846444e+00 -7.288769e+00 1.314063e+00 5.689853e+00 -2.287383e+00 -9.494492e-01 3.100551e+00 3.878329e+00 -1.820922e-02 -1.466311e+00 4.413827e+00 1.666086e+00 -5.538351e+00 9.060416e-01 2.453899e+00 7.302812e-01 2.096736e+00 3.627776e+00 -7.239648e-01 2.627917e+00 -2.493038e+00 -2.787864e-03 
-1.826685e+01 3.859511e+00 4.679771e-01 -3.008751e+00 9.071386e+00 -8.491102e+00 7.562330e+00 1.579816e+00 6.205345e+00 1.021270e+00 5.854438e+00 -2.041399e+00 3.641543e-01 1.804600e-01 1.653175e+00 7.948262e-01 -4.473151e+00 -4.504808e-01 2.808415e+00 7.532673e-01 2.234645e+00 2.296196e+00 1.042174e+00 1.298750e+00 -2.399007e+00 -4.176273e-02 
-1.932133e+01 3.028822e+00 -3.911849e-01 -3.382345e+00 8.087967e+00 -9.412197e+00 8.122341e+00 1.526070e+00 5.684215e+00 1.450200e+00 8.331118e+00 1.436905e-01 4.435568e-01 6.532562e-01 -1.946579e+00 -6.843041e-01 -9.903544e-01 -9.121124e-01 1.656989e+00 6.703281e-02 1.149863e+00 1.574616e-01 1.853006e+00 -6.389037e-01 -2.141024e+00 7.916296e-03 
-7.642854e+00 -6.334709e+00 -2.218199e+00 -3.244357e+00 3.885365e-02 -3.928014e+00 4.705175e+00 5.347779e+00 -1.055939e+00 6.583501e+00 1.599958e+00 -2.240726e+00 8.026409e-02 3.255538e+00 -4.302631e+00 -2.317140e+00 6.685978e-02 -1.257871e+00 4.404182e+00 -3.899580e+00 -1.106950e-01 -2.151334e+00 1.111654e+00 -8.324074e-01 -6.792318e-01 -5.712341e-02 
-9.559388e+00 -7.424225e+00 -3.577646e+00 -3.761773e+00 1.802147e+00 -1.285371e+00 3.077805e+00 9.555187e+00 2.130567e+00 5.534464e+00 2.033273e+00 -6.727125e+00 1.633174e-01 2.953603e+00 -3.589220e+00 -3.763627e+00 1.555277e+00 7.397358e-01 5.833019e+00 -4.313868e+00 -1.805187e+00 -2.324987e+00 1.695288e+00 1.722137e-01 -1.419427e+00 3.680968e-03 
-6.870139e+00 -1.242712e+01 -9.524492e+00 -2.484739e+00 5.924939e+00 9.466398e+00 -9.413302e+00 -2.988218e+00 -2.774499e+00 4.537409e+00 4.841324e+00 -2.002151e+00 2.186570e-01 1.100746e+00 -2.883821e-01 -2.669804e+00 1.334297e+00 4.088847e+00 4.332297e+00 -2.030987e+00 -3.283665e+00 -1.071710e+00 2.046051e-01 5.292543e-01 -1.182405e+00 1.648810e-02 
-4.939677e+00 -1.187107e+01 -1.555617e+01 4.014233e+00 8.843603e+00 1.305569e+01 -6.387758e+00 -3.331865e+00 -5.081440e+00 1.094969e+01 7.571503e+00 -7.072731e+00 3.927652e-01 1.024011e+00 1.669509e+00 3.405516e-01 -5.552022e-01 1.529035e+00 2.817994e+00 8.094332e-01 -2.829170e+00 -3.828076e-01 -1.734401e+00 -1.157554e+00 9.678307e-01 -4.022679e-02 
-4.448980e+00 -5.553197e+00 -9.577954e+00 -4.608736e-01 1.696236e+01 1.056294e+01 -7.169778e-01 -4.627019e+00 -2.808484e+00 4.898914e+00 1.477114e+00 -7.979948e+00 4.798067e-02 -1.331511e+00 1.742140e+00 4.273927e+00 -2.740018e+00 -1.156440e-01 1.304829e+00 4.174132e+00 -2.070288e+00 3.092128e+00 -3.546367e+00 -1.725030e+00 1.071600e+00 -2.340430e-03 
-5.649910e+00 -2.513644e+00 -1.848157e+00 -7.549716e+00 3.928609e+00 1.225633e+01 2.776809e+00 -3.771260e+00 2.335215e-01 -3.318296e+00 -2.072394e+00 1.100927e+00 4.752159e-02 -1.652871e+00 8.345875e-01 4.406521e+00 -3.652202e+00 -2.367449e+00 4.393565e-01 3.455740e+00 -5.460198e-01 3.469148e+00 -4.067633e+00 -1.706229e+00 3.769350e+00 -1.782161e-02 
-1.317258e+01 -8.395133e+00 4.991132e+00 -1.040285e+01 7.804215e+00 1.639022e+01 6.875077e+00 -1.311996e+01 1.002866e+01 -6.060431e+00 1.038124e+00 -7.309805e-01 3.795767e-01 -4.563720e-01 8.663207e-01 -9.962758e-02 -5.609928e-01 -3.355064e+00 -2.236098e+00 3.456022e-01 3.418874e+00 1.713883e+00 -2.690366e-01 -1.423297e-01 3.522032e+00 8.400899e-03 
-8.842233e+00 -6.277164e+00 -8.081114e-01 -9.275787e+00 1.585429e+00 1.233883e+01 7.094914e+00 -1.815495e+00 5.845727e+00 -3.908804e+00 -7.401488e-01 8.149535e+00 1.378592e-01 1.082186e+00 1.519397e+00 -2.417872e+00 6.206622e-01 -1.259462e+00 -4.675782e+00 -3.523951e-01 4.480783e+00 -1.453206e-01 2.805679e+00 1.060111e+00 1.294369e+00 -5.180990e-02 
-5.134679e+00 6.601665e-01 -1.059612e+01 -2.402802e+00 1.358630e+00 -6.588047e-01 -1.148019e+00 1.148947e+01 2.954826e+00 3.848985e+00 9.934282e-02 6.105908e+00 4.481637e-02 2.613836e+00 3.115342e+00 -2.046618e+00 1.196139e+00 -1.171240e+00 -5.688692e+00 -1.108477e+00 4.885527e+00 -2.837186e+00 1.895216e+00 2.034205e-01 -3.250909e-03 -1.034591e-01 
-4.257929e+00 5.556933e-01 -6.143894e+00 -8.446431e+00 8.540947e-01 -2.598069e+00 5.026381e+00 6.327938e+00 3.043836e+00 5.755389e+00 3.697550e+00 4.154325e+00 -4.414773e-02 1.462299e+00 2.057271e+00 4.878451e-01 8.511306e-01 -6.144490e-02 -4.083917e+00 -1.923961e+00 1.199296e+00 -2.390227e+00 8.326378e-02 -1.153165e-01 -1.787124e+00 -4.325568e-02 
-2.395550e+00 3.765146e+00 -2.574065e+00 -4.836840e+00 2.313685e+00 -4.584784e+00 2.366959e+00 7.235959e+00 -2.756322e+00 -1.416449e+00 -1.636221e-01 1.250370e+00 -4.671562e-02 6.347559e-01 1.332712e+00 3.151024e+00 5.926628e-01 6.750274e-01 1.015264e-01 -8.703818e-01 -1.455959e+00 -1.801813e+00 -1.161066e+00 -7.679189e-01 -2.120540e+00 -1.483284e-02 
-2.900305e+00 2.456701e+00 -2.379910e+00 -3.803115e+00 8.006773e-01 -6.117761e+00 -4.282382e+00 6.307739e+00 -3.249834e+00 -8.597687e-01 -1.185249e+00 1.641684e+00 -3.265321e-02 1.503756e+00 3.050052e+00 3.378067e+00 2.553658e+00 9.390656e-01 1.284901e-01 -2.031440e+00 -1.891954e+00 -1.694867e+00 -1.429978e+00 -1.118691e+00 -2.414958e+00 2.747118e-02 
-2.639711e+00 6.373221e+00 3.277014e+00 -1.761146e+00 4.760476e+00 1.608673e+00 -8.455472e-01 4.219774e+00 -2.907404e+00 1.351232e+00 -1.298853e+00 -3.240469e+00 -3.509510e-02 4.205815e+00 3.342963e+00 2.057831e+00 1.032318e+00 -1.838225e+00 -7.043330e-01 -1.315342e+00 -2.517520e+00 -4.678464e-01 -3.304406e-01 -1.175703e+00 -1.620001e+00 1.237120e-01 
3.382934e+00 1.450192e+01 7.820905e+00 2.784014e+00 4.326028e+00 -5.052347e+00 -3.524565e+00 -1.623741e+00 -5.354960e+00 -2.778342e+00 -1.328292e+00 -5.675043e+00 8.739793e-02 6.041886e+00 3.445417e+00 8.512066e-01 -6.300842e-01 -5.596484e+00 -3.864970e-01 -9.102031e-01 -1.892446e+00 -4.254832e-01 -5.961908e-01 -5.135158e-01 -2.933558e-01 1.994211e-01 
1.549191e+01 1.445735e+01 2.614681e+00 -2.968813e+00 -8.640118e+00 -8.639154e+00 -4.588661e+00 -1.385904e+00 -4.042991e+00 -2.109365e+00 -5.970615e+00 -3.191272e+00 5.118188e-01 5.834308e+00 1.915485e+00 -1.436748e+00 -1.928722e+00 -6.858045e+00 -1.133960e+00 -1.761883e+00 -1.173508e+00 3.263995e-01 7.244238e-01 -8.243343e-01 1.711656e+00 2.171382e-01 
1.824331e+01 1.564172e+01 2.207289e+00 -6.349703e+00 -2.048145e+01 -2.926332e+00 -6.961840e+00 -3.516513e-01 -4.809456e+00 -2.110425e+00 -1.416947e+00 1.503061e-01 6.909955e-01 3.623933e+00 -4.610689e-01 -2.332424e+00 -2.099975e+00 -5.105172e+00 -3.930020e-02 -1.317062e+00 3.725608e-01 1.255514e+00 1.536296e+00 -2.999345e-01 2.189053e+00 1.639594e-01 
1.910164e+01 1.538074e+01 -1.099920e+00 -6.837897e+00 -1.712601e+01 -5.124137e+00 -7.936327e+00 -2.283809e+00 -1.548158e+00 4.639391e+00 -5.376197e+00 2.405137e+00 7.487972e-01 9.962641e-01 -1.318887e+00 -1.809111e+00 1.551447e-01 -2.065045e+00 -4.759413e-01 1.538425e-01 -5.120986e-01 1.905426e+00 1.159324e+00 6.918252e-01 7.388147e-01 7.474719e-02 
1.969773e+01 1.173488e+01 -1.983914e+00 -5.781319e+00 -1.695689e+01 -7.006357e+00 -8.436043e+00 6.880159e-01 -3.248082e-01 1.528760e+00 -3.125173e+00 2.472015e+00 7.887055e-01 1.101510e-01 -2.359122e+00 -1.383018e+00 7.423695e-01 -8.784382e-01 -8.661352e-01 8.703402e-01 -7.864897e-01 2.824369e+00 5.219790e-01 -4.139960e-02 -1.597498e-01 4.772380e-02 
1.974602e+01 9.816339e+00 -4.335270e+00 -2.477282e+00 -2.072762e+01 -8.978849e+00 -3.082347e+00 -4.466230e+00 3.241815e+00 1.867661e+00 -1.657376e+00 -6.580526e-01 8.366997e-01 -2.213338e-01 -2.892544e+00 -3.211323e-01 1.429673e-01 -2.928677e+00 1.517285e+00 6.569704e-01 -2.016874e-01 3.104588e+00 -1.164701e+00 4.207279e-01 -1.014430e+00 4.360752e-02 
1.847188e+01 6.628313e+00 -3.090124e+00 -4.818162e+00 -2.307283e+01 -5.329651e+00 -5.037129e+00 -3.192889e+00 6.917400e+00 1.885336e+00 -3.483355e+00 8.831518e-01 8.856632e-01 -2.733931e-01 -3.057296e+00 2.516592e-01 -7.559493e-01 -3.115065e+00 3.530284e+00 4.905559e-01 1.112731e-01 2.967381e+00 -1.077487e+00 -6.318304e-01 -1.207001e+00 3.663458e-02 
1.860790e+01 3.471308e+00 -2.152476e+00 -6.604639e+00 -2.871142e+01 1.623933e+00 -6.350932e+00 -1.351794e+00 1.035368e+01 -1.362402e+00 -3.093467e+00 -1.872583e+00 9.183559e-01 -2.627396e-01 -2.933599e+00 -1.059642e-01 -1.235580e+00 -2.109393e+00 4.870266e+00 8.605554e-01 8.348572e-01 1.868277e+00 -1.827110e+00 -1.435290e+00 -7.597801e-01 2.630779e-02 
1.889983e+01 -3.790894e-01 -1.817014e+00 -7.497386e+00 -2.854031e+01 5.343671e+00 -4.348970e+00 -3.128372e-01 1.095617e+01 -2.243644e+00 -5.566280e+00 -2.955723e+00 9.310503e-01 3.421412e-02 -2.670529e+00 -1.024742e+00 -8.037232e-01 -7.817524e-01 4.924466e+00 2.548329e+00 2.219854e-01 1.811823e-01 -2.612424e+00 -1.584302e+00 -5.016814e-01 1.834232e-02 
1.821834e+01 -1.347955e+00 -5.501646e+00 -7.315569e+00 -2.854085e+01 1.003582e+01 8.763502e-01 -1.731971e+00 1.056382e+01 -5.203400e+00 -7.792361e+00 -2.537516e+00 9.455451e-01 -1.082494e-01 -2.639394e+00 -1.323444e+00 -7.305012e-01 1.833480e+00 3.499966e+00 3.691834e+00 -1.172698e+00 -1.215911e+00 -2.803479e+00 -9.661093e-01 4.695822e-01 1.885191e-02 
1.883773e+01 -4.314700e+00 -6.539248e+00 -8.481314e+00 -2.706688e+01 1.508674e+01 4.090873e+00 -1.892873e+00 7.718243e+00 -9.256287e+00 -9.055419e+00 -1.292789e+00 9.637802e-01 5.976391e-02 -3.008004e+00 -1.311491e+00 -9.120846e-02 2.593434e+00 2.995580e+00 3.075873e+00 -2.805267e+00 -1.604800e+00 -3.017841e+00 8.451292e-01 1.066964e+00 1.886048e-02 
1.809770e+01 -7.757859e+00 -6.408582e+00 -9.765181e+00 -2.028073e+01 1.425223e+01 7.888319e+00 -6.425265e+00 5.893085e+00 -1.187348e+01 -6.179444e+00 -3.561391e-01 9.962505e-01 -2.657538e-02 -2.981704e+00 -1.032370e+00 1.066817e+00 3.459880e+00 1.626792e+00 1.284669e+00 -3.641762e+00 -1.782258e+00 -1.013078e+00 2.091399e+00 1.433852e+00 1.130282e-02 
1.925897e+01 -1.221416e+01 -7.921004e+00 -6.728622e+00 -1.970320e+01 1.821336e+01 7.524408e+00 -1.199253e+01 5.267533e+00 -1.399781e+01 -2.147092e+00 1.288408e+00 1.000000e+00 -2.053768e-01 -2.704519e+00 -8.721563e-01 2.554933e+00 3.182254e+00 -5.456753e-02 -8.104399e-01 -3.455581e+00 -9.151226e-01 1.739671e+00 2.411332e+00 5.847494e-01 -1.939309e-03 
1.787484e+01 -1.230674e+01 -9.972620e+00 -2.857830e+00 -1.492329e+01 1.660646e+01 5.582927e+00 -1.489096e+01 2.877881e+00 -7.898028e+00 -7.895298e-01 3.341146e+00 9.839493e-01 -2.986431e-01 -2.052991e+00 -5.865671e-01 3.340216e+00 2.198056e+00 -1.634885e+00 -2.446660e+00 -1.776013e+00 1.600722e-01 3.922328e+00 1.457585e+00 -5.273803e-01 -1.357766e-02 
1.792227e+01 -1.556285e+01 -9.118011e+00 8.396738e-01 -1.383434e+01 1.363678e+01 1.191369e+00 -1.493793e+01 4.650231e+00 -2.545658e+00 3.062841e-01 -2.176841e-01 9.602343e-01 -1.124198e+00 -1.285383e+00 7.942078e-01 2.702913e+00 1.020815e+00 -2.419320e+00 -4.123658e+00 4.480766e-01 1.824160e+00 3.467875e+00 6.714119e-01 -2.151560e+00 -8.347189e-03 
1.727283e+01 -1.634847e+01 -8.742914e+00 3.151750e+00 -1.222488e+01 8.366096e+00 -1.178463e+00 -1.383263e+01 7.002097e+00 2.012088e+00 -1.182075e-01 -2.239995e+00 9.482450e-01 -1.252392e+00 -8.294083e-01 2.125417e+00 1.735957e+00 -7.709376e-01 -1.720304e+00 -5.176676e+00 1.627427e+00 3.287692e+00 9.739739e-01 1.600843e-01 -2.789489e+00 -7.218766e-03 
1.393898e+01 -1.662021e+01 -4.564818e+00 3.781152e+00 -1.594832e+01 1.023695e+01 -9.713189e+00 -1.028131e+01 1.232622e+01 -1.613493e+00 8.743058e-01 -6.678823e+00 9.761162e-01 -1.251774e+00 2.248232e-01 3.188693e+00 2.600147e-01 -1.051958e+00 -1.134118e+00 -4.785143e+00 2.257376e+00 2.041633e+00 -6.833376e-01 -4.970319e-01 -1.432338e+00 -1.856471e-02 
1.360453e+01 -1.592511e+01 -1.622131e+00 4.351213e+00 -1.772098e+01 9.704858e+00 -1.484818e+01 -9.082133e+00 1.547834e+01 -3.494240e+00 -2.731191e-01 -7.375728e+00 9.399145e-01 -6.412966e-01 1.428625e+00 3.445134e+00 -4.542670e-01 5.513183e-01 -1.649421e+00 -2.872492e+00 1.375329e+00 -1.955736e-01 -1.525600e+00 -1.081694e+00 5.199937e-01 -5.793963e-02 
1.349756e+01 -1.465042e+01 3.265064e+00 1.540016e+00 -1.634608e+01 7.296809e+00 -1.589949e+01 -6.026296e+00 1.062027e+01 -3.209182e+00 -2.101420e+00 -4.811509e+00 8.715760e-01 -9.107291e-01 3.939693e+00 3.563892e+00 -1.061121e-01 2.788871e+00 -3.430429e+00 -2.802206e-01 9.525051e-01 -4.818904e+00 -4.068975e-01 -8.927149e-01 2.305335e+00 -9.595735e-02 
1.428707e+01 -1.019024e+01 4.567814e+00 2.000983e+00 -9.269413e+00 1.589060e+00 -1.244777e+01 -9.083488e+00 6.877205e+00 -4.818069e+00 -4.038814e+00 -5.736828e-01 7.108170e-01 -9.989184e-01 4.722257e+00 2.845421e+00 8.250746e-01 3.137630e+00 -3.606077e+00 1.264279e+00 7.843572e-01 -6.446395e+00 -8.836593e-02 7.912204e-02 1.890777e+00 -9.850477e-02 
9.044070e+00 2.108228e-01 1.015967e+01 4.425706e+00 -6.229752e+00 -2.857294e+00 -1.231450e+01 -5.518104e+00 -7.467727e+00 -2.986067e+00 -1.706421e+00 1.446829e+00 6.108782e-01 -1.026961e-01 4.980481e+00 9.947502e-01 2.155322e+00 3.073716e+00 -4.078956e+00 1.995848e+00 1.270107e+00 -5.108590e+00 -1.051221e+00 1.221006e+00 3.198829e-01 -8.615910e-02 
1.083668e+01 2.555606e-01 9.157672e+00 7.033741e+00 -7.090997e+00 -3.248477e+00 -1.031928e+01 -5.414443e+00 -7.709634e+00 -4.047627e+00 -7.500806e-02 -1.051014e+00 5.777396e-01 3.382069e-01 3.992976e+00 9.230347e-01 2.010009e+00 2.428859e+00 -3.146558e+00 1.899643e+00 7.893501e-01 -2.837867e+00 1.136408e-01 1.768585e+00 -9.885209e-01 -6.213299e-02 
1.470927e+01 5.029088e+00 5.943885e+00 9.800247e+00 -2.066707e+00 -1.067920e+01 -6.984497e+00 -1.510286e+00 -7.629258e+00 -8.850505e+00 2.021708e+00 -2.973429e+00 5.073192e-01 2.989360e-01 2.452319e+00 6.857471e-01 1.675095e+00 2.903508e+00 -1.233935e+00 3.083888e+00 1.506410e-02 2.243434e-01 9.388057e-01 1.486065e+00 -4.993147e-01 -5.832269e-02 
1.314550e+01 7.365510e+00 1.129088e+01 9.363760e+00 7.933617e-01 -1.023277e+01 -5.614553e+00 -7.140646e+00 -7.231367e+00 -1.317646e+00 2.940044e+00 -3.306158e+00 4.519315e-01 -1.219016e+00 2.303401e+00 1.527975e+00 1.678073e+00 3.235543e+00 9.534485e-01 3.631720e+00 1.022833e+00 -6.212235e-04 9.068106e-01 2.038912e-01 -2.225678e-02 -5.196928e-02 
9.384339e+00 8.917443e+00 1.252180e+01 1.163617e+01 4.345607e+00 -5.534818e+00 7.525823e-01 -4.579681e+00 -6.585144e+00 3.429707e-01 4.216378e+00 7.782757e-02 3.821688e-01 -2.376493e+00 8.368890e-01 1.933433e+00 1.304052e+00 1.764621e+00 1.807132e+00 3.543605e+00 1.849766e+00 5.502372e-01 1.212693e+00 -5.384382e-01 3.268608e-01 -4.834117e-02 
7.404061e+00 9.828386e+00 1.350859e+01 1.450614e+01 5.880564e+00 -1.053428e+00 3.970782e+00 1.234420e+00 -8.234797e+00 -4.110312e+00 -1.528872e-01 -2.687926e+00 3.804684e-01 -2.011791e+00 -8.563972e-01 -1.591756e-01 2.440249e-01 8.736982e-01 2.211620e+00 2.568762e+00 1.742391e+00 4.208628e-01 -9.387400e-01 -2.402808e+00 -1.252772e-01 -6.326292e-02 
5.697523e+00 7.982095e+00 1.450219e+01 1.374932e+01 4.212799e+00 -6.233218e+00 5.940858e+00 3.551009e+00 -4.376357e+00 -1.390707e+00 8.759831e-01 -1.648241e+00 3.013449e-01 -1.279230e+00 -1.866196e+00 -1.606469e+00 -6.377571e-01 7.656034e-01 1.615722e+00 1.002337e+00 9.660698e-01 6.822044e-01 -4.576855e-01 -3.461938e+00 -1.325676e+00 -7.894406e-02 
4.929953e+00 3.551198e+00 9.504803e+00 9.527310e+00 5.228257e+00 1.174525e+00 4.635118e+00 -2.494038e+00 -6.231447e+00 -5.144507e+00 -7.403798e+00 -3.069510e+00 1.760289e-01 -1.268128e+00 -1.934238e+00 -2.984610e+00 -2.101802e+00 4.047727e-01 -1.462329e-01 -1.398223e+00 -8.990698e-01 1.154404e-01 -4.209984e-01 -2.200210e+00 -1.183632e-01 -1.003029e-01 
4.225243e+00 2.725059e+00 6.491350e+00 1.093680e+01 8.499778e+00 1.429818e+00 5.432101e+00 2.114897e+00 -4.175797e+00 -1.428359e+00 -9.467855e+00 -6.359759e+00 8.966827e-02 -1.632897e+00 -1.243536e+00 -3.407192e+00 -3.255282e+00 3.548127e-03 -5.246399e-01 -2.440042e+00 -1.085226e+00 -4.156113e-01 -2.202403e-01 -5.183551e-01 2.772035e-01 -8.610696e-02 
1.799563e+00 2.785714e+00 2.590964e+00 5.403392e+00 5.760938e+00 -5.616110e+00 -2.765954e+00 -2.542872e+00 -7.757875e+00 -6.196478e+00 -5.982018e+00 -9.239834e-01 -1.520765e-02 -2.128650e+00 -3.809143e-01 -2.584647e+00 -3.372769e+00 -8.727730e-01 -2.061862e+00 -9.646149e-01 2.968054e-01 2.571332e-01 6.108336e-01 6.274992e-01 2.416054e-01 -5.760927e-02 
-9.017658e-01 2.147160e+00 9.231509e-01 -4.651327e-01 3.964199e+00 -5.461100e+00 -2.558815e+00 -1.850702e+00 -5.691199e+00 -1.965923e+00 -2.426683e+00 -1.334987e+00 -3.357160e-02 -2.261075e+00 -4.496965e-01 -1.663158e+00 -3.155790e+00 -9.879833e-01 -1.189644e+00 -6.046848e-02 1.373969e-01 -4.981422e-03 -1.106966e-01 1.426046e+00 8.118952e-01 -3.083124e-02 
-3.149792e+00 1.935576e+00 -6.343338e-01 -1.635568e+00 3.132181e+00 -5.689330e+00 3.807501e+00 9.727885e-01 -4.188079e+00 -1.821557e+00 -7.786889e+00 -4.373869e+00 -5.039752e-02 -1.158455e+00 2.250855e-01 -1.368695e-01 -1.560501e+00 -5.587003e-01 1.915000e-01 9.303886e-01 1.010380e+00 8.484230e-01 5.126677e-01 2.056921e+00 1.472525e+00 -6.915831e-03 
-4.605456e+00 9.016451e-01 -2.117912e-01 -1.322669e+00 4.874239e+00 -4.481791e+00 1.843031e+00 1.044051e+00 -5.985602e+00 -4.169302e+00 -1.435188e+00 -5.753405e-01 -4.689300e-02 -6.024164e-01 -1.909073e-01 2.293560e-01 -5.774713e-03 -4.978199e-02 1.279378e-01 4.873368e-01 6.900228e-01 5.659802e-01 -2.115835e-01 1.443533e+00 2.740157e+00 -1.760185e-03 
-2.140867e+00 4.533898e+00 2.474087e+00 -1.970344e+00 2.512417e+00 -5.148264e+00 -3.149331e-01 1.061649e+00 -3.368559e+00 -2.531450e+00 3.806838e+00 6.058818e+00 -4.312611e-02 -6.722039e-01 3.685796e-01 2.211562e-01 1.031986e+00 1.031255e-01 1.316185e+00 5.999913e-01 8.770128e-01 1.439539e+00 4.405186e-02 2.604686e+00 3.217704e+00 2.080164e-02 
-4.418310e+00 -1.065376e-01 5.157203e-01 -3.266182e-01 4.025172e+00 -5.091943e+00 1.939086e+00 1.554982e+00 -3.271059e+00 -2.668894e+00 -1.005880e+00 7.149454e+00 -4.600823e-02 -1.654906e+00 1.116102e+00 -2.196760e-01 1.812407e+00 -8.688257e-02 1.255069e+00 9.325910e-02 7.761409e-01 2.388291e+00 -4.750425e-01 2.162796e+00 1.615285e+00 6.258132e-02 
-6.604384e+00 4.282566e+00 1.076913e-01 3.026339e+00 4.072342e+00 1.196673e+00 6.759430e+00 5.102387e+00 1.652344e+00 -2.351502e+00 5.021885e+00 7.852254e+00 5.316830e-02 -1.447468e+00 -1.638889e-01 -8.540814e-02 1.090537e+00 5.984219e-01 8.911012e-01 2.419906e-02 1.238921e+00 1.360363e+00 5.521518e-01 1.059608e+00 -8.783212e-01 2.732669e-02 
-1.064823e+01 6.607820e+00 -1.269735e-01 5.241026e+00 3.659864e+00 -1.378913e+00 -1.227855e+00 2.904386e+00 3.445403e+00 -6.634489e+00 8.771270e+00 6.604365e+00 2.178664e-01 -4.672300e-01 -4.609329e-01 3.485443e-01 1.864257e-01 6.129419e-01 1.631955e-01 -6.475595e-01 7.181343e-01 -3.418541e-01 9.367279e-01 4.599595e-01 -1.510380e+00 -1.022215e-02 
-6.263247e+00 3.572752e-01 2.368393e+00 6.985214e-01 5.687180e+00 -2.549274e+00 1.389533e+00 6.581554e+00 7.502401e-02 2.212107e+00 4.216304e+00 1.939756e+00 -3.842998e-02 7.212763e-01 -1.089785e+00 1.371543e-01 -4.665276e-01 4.258997e-01 2.270349e-01 -8.841501e-01 2.167504e-01 -1.150911e+00 2.072224e+00 -6.533082e-01 -1.285401e+00 -3.853006e-02 
-6.925029e+00 -4.485567e-01 1.128091e+00 1.769419e+00 6.282462e+00 -2.402992e+00 1.386237e+00 4.406070e+00 -4.191669e+00 -2.670587e-01 1.696708e+00 2.553803e+00 -5.131984e-02 1.286659e+00 -6.795940e-01 4.025118e-01 -1.185236e-01 7.343379e-01 9.613441e-01 3.962239e-01 1.035698e-01 -4.219934e-02 2.614401e+00 -9.449472e-01 -3.992404e-01 -4.831807e-02 
-4.859603e+00 2.361830e+00 1.659308e-01 2.429505e+00 4.890542e+00 2.843887e+00 1.031633e+00 5.435297e+00 -2.836750e-01 4.825903e+00 5.292625e+00 3.450529e+00 -4.888892e-03 -7.922201e-02 4.954615e-01 2.250334e-01 -7.790246e-02 1.465822e-01 6.965353e-01 6.065924e-01 -5.939485e-01 7.924670e-01 -1.298112e-01 -9.851614e-01 2.371473e-01 -1.001954e-03 
-4.916754e+00 2.207573e+00 2.986817e+00 3.782917e+00 7.729873e+00 7.312274e-01 9.322141e-01 3.995364e+00 3.413756e+00 5.130618e+00 3.508374e+00 3.852777e+00 -4.049444e-02 -6.231499e-02 2.646576e-01 5.361640e-01 -6.630942e-01 9.240156e-02 3.972248e-01 8.482108e-02 4.976529e-01 1.626430e+00 -6.160374e-01 -7.957330e-01 1.421523e-01 -5.930865e-03 
-7.663495e+00 1.506518e+00 2.564197e+00 -6.977398e-01 5.696386e+00 -6.337073e-01 4.649507e+00 3.817164e+00 2.346464e-01 -1.135788e+00 -1.615336e+00 2.476006e+00 -4.885244e-02 -8.291797e-02 -2.465978e-02 4.093352e-01 -2.865459e-01 6.054732e-01 -1.134831e-01 -8.838466e-01 5.492747e-01 4.896422e-01 -8.732279e-01 -1.150693e+00 -4.215488e-01 -5.771113e-03 
-5.834658e+00 1.302387e+00 2.609778e+00 1.757050e-02 6.341548e+00 1.321929e+00 1.405895e-03 7.703401e+00 3.681322e+00 -3.664005e-01 1.172024e+00 3.751826e+00 -5.899239e-02 5.548623e-01 6.014554e-01 -1.002166e-01 3.256615e-01 5.842218e-01 -5.699121e-01 -1.152126e+00 -4.179614e-01 -8.268181e-01 -7.051187e-01 -1.045238e+00 -1.847716e+00 -4.849076e-04 
-4.815241e+00 2.691124e+00 2.401127e+00 2.879448e+00 8.612070e+00 1.981121e+00 -2.922195e+00 6.327652e+00 2.030753e+00 3.208272e+00 7.073369e-01 1.393260e+00 -2.449548e-02 1.185839e+00 8.561018e-01 -9.486475e-02 1.151955e+00 1.155141e+00 -3.187028e-01 -5.560870e-01 -1.044181e+00 -1.214402e+00 7.852048e-01 -1.379854e-01 -1.778454e+00 1.200473e-03 
-3.566569e+00 4.622547e+00 2.567269e+00 3.622630e+00 9.193140e+00 -3.425747e+00 -1.042564e+00 6.503131e-01 -1.618388e+00 -5.670053e-01 -2.879151e+00 -4.844432e+00 -5.509746e-02 1.665738e-01 -2.127328e-01 -4.886407e-01 3.020555e-01 7.577864e-01 -2.729567e-01 1.744456e+00 -8.767868e-01 -1.947718e+00 -1.137094e-01 -7.196382e-01 -1.578195e+00 -8.039594e-03 
-2.868342e+00 4.126947e+00 2.111128e+00 3.259508e+00 1.004630e+01 1.466167e-01 2.391057e+00 2.122803e+00 -3.187510e+00 2.890539e+00 -2.796758e-01 -2.118136e+00 -4.479754e-02 -4.046608e-01 -9.229250e-01 4.222412e-02 -1.004642e+00 -1.009876e+00 -6.206266e-01 1.205177e+00 -7.344978e-01 -1.536242e+00 -8.174065e-01 6.057864e-01 -1.292380e-01 -1.467196e-02 
-5.975238e+00 -4.791885e-01 3.115737e-01 1.337818e+00 9.413367e+00 8.743973e-01 6.067058e+00 5.421892e+00 -3.448136e+00 -7.760806e-01 -1.932661e+00 -2.383452e+00 -8.903933e-02 -4.365205e-01 -4.216261e-01 2.220789e-02 -1.500381e+00 -2.087456e+00 -1.513735e-01 2.288559e-01 -8.010644e-02 2.304858e-01 -1.742079e-01 1.171864e+00 2.039200e+00 -3.240442e-03 
-5.634211e+00 6.273667e-01 3.740095e+00 -1.001357e+00 3.452576e+00 -3.272085e+00 -4.511204e-01 2.693737e-01 -4.735583e+00 -7.742229e-01 3.263024e+00 -4.834205e-01 -8.088434e-02 -8.025198e-02 1.595875e-01 1.077652e-01 -6.712509e-01 -1.724071e+00 -8.438181e-01 -1.207072e+00 -2.035143e-01 9.371513e-01 -4.343287e-01 4.533660e-01 1.388029e+00 2.452397e-03 
-4.366238e+00 4.264206e+00 1.863825e+00 -1.748843e+00 2.052719e+00 -2.473264e+00 1.522804e+00 1.176496e+00 3.080776e-01 3.943362e-01 1.208819e+00 4.534208e+00 -5.325627e-02 4.384918e-02 5.002233e-01 -1.960582e-01 -1.085182e-01 -9.791865e-01 -4.733876e-01 -1.440146e+00 -6.670436e-01 3.558877e-01 -6.897259e-01 -2.104683e-01 2.963010e-01 8.590579e-03 
-4.074102e+00 2.553187e+00 1.873828e+00 1.446584e+00 5.106264e+00 -2.398643e+00 -1.372179e+00 3.227930e+00 -3.798600e-01 1.336870e-01 4.164145e-01 1.363180e+00 -5.042708e-02 -3.973479e-01 -2.341886e-01 -8.550767e-01 2.465329e-01 2.113901e-01 3.229648e-01 -2.639996e-01 1.069438e-02 -2.376589e-01 -1.288189e+00 -1.241996e+00 -9.043108e-01 3.107977e-03 
-6.536046e+00 1.059018e+00 2.644158e-01 -4.287431e-01 3.690590e+00 -1.929262e+00 -6.731443e-01 6.073955e-01 -3.846559e+00 -4.678665e+00 -1.561698e+00 -1.825247e+00 -6.131506e-02 -6.801561e-01 -7.904546e-01 -4.808231e-01 7.648735e-02 1.860069e-01 1.557386e-01 -3.692862e-01 -3.758734e-01 -1.177597e+00 -1.495836e+00 -7.519146e-01 -1.590734e+00 -2.700555e-03 
