-2.131041e+00 4.888023e-01 -1.786867e+00 2.314184e+00 5.185820e-01 -1.171328e+00 -2.044489e-01 -3.158391e+00 -6.388353e+00 -7.882996e-01 -1.685060e+00 6.912883e+00 -1.512927e-01 -3.006563e-01 -4.813809e-02 2.756874e-01 8.388218e-01 1.136553e+00 7.348344e-01 2.038578e-01 8.109511e-01 4.822420e-01 -6.922816e-01 1.036859e+00 -1.659365e+00 0.000000e+00 
-3.441545e+00 2.529042e-01 -1.881314e+00 5.400373e+00 6.571547e+00 2.263855e+00 3.610070e+00 1.234926e+00 -5.863210e+00 -4.067184e+00 -2.613369e+00 -1.902244e+00 -1.512927e-01 -1.936236e-01 -1.576972e-01 -3.029666e-01 -2.563620e-03 -9.658659e-02 8.494956e-01 4.583641e-01 9.436947e-01 3.846250e-01 1.350624e-01 1.252464e+00 -1.436719e+00 0.000000e+00 
-2.979070e+00 3.660609e-01 -3.612062e-01 4.965199e+00 3.174863e+00 7.852523e-01 -1.092419e+00 -1.300295e+00 -4.239715e+00 -2.610265e+00 3.963387e+00 3.023623e+00 -1.512927e-01 -3.450966e-02 -1.884241e-01 -6.053437e-01 -3.637428e-01 -7.920502e-01 -4.772150e-01 2.435091e-02 5.949545e-01 1.073832e+00 8.316159e-01 9.334071e-01 -7.964301e-01 0.000000e+00 
-2.675144e+00 -2.383127e-01 -4.014530e+00 9.758585e-01 -1.292492e+00 2.097860e+00 2.531357e+00 6.310334e-01 -5.539547e+00 7.979953e-01 1.753038e+00 1.673920e+00 -1.512927e-01 2.197123e-01 -1.820737e-01 -2.472952e-01 -7.419773e-01 -1.363046e+00 -1.186242e+00 -1.105426e-01 3.549198e-01 1.026446e+00 1.429400e+00 6.711311e-01 6.321014e-01 0.000000e+00 
-2.686790e+00 -2.077097e-01 -3.746977e+00 2.707727e+00 4.903500e-01 -3.474405e+00 4.566624e-01 1.183273e-01 -1.181023e+00 9.371903e-01 7.987718e-01 1.142651e+00 -1.512927e-01 -5.182196e-01 -1.263665e+00 6.477588e-01 4.636989e-01 -4.697652e-01 -1.400446e+00 1.220028e+00 2.037420e+00 1.416281e+00 3.491980e-01 1.977516e-01 2.756895e-01 0.000000e+00 
-2.489124e+00 -3.705789e-01 -1.424904e+00 2.819222e+00 1.098575e+00 -1.537527e+00 2.282816e+00 2.300214e+00 -2.260327e+00 1.306086e+00 2.324594e+00 2.198749e+00 -1.512927e-01 -9.089612e-01 -1.085784e+00 1.401358e+00 5.526165e-01 -3.212106e-01 -1.226646e+00 3.166034e-01 1.334566e+00 1.664568e+00 -4.908509e-01 8.638256e-01 6.478341e-01 0.000000e+00 
-5.663177e+00 -5.886132e+00 1.582775e+00 6.362011e+00 -3.694962e-01 -4.399282e+00 5.131989e+00 8.052217e+00 1.202079e+00 -1.118321e+00 4.666368e+00 4.139656e+00 -1.512927e-01 -4.800693e-01 3.479512e-02 2.042423e-01 -2.517934e-01 -3.968947e-02 1.936850e-01 1.409258e-01 5.513006e-01 -1.256948e-01 -1.093299e-01 8.381550e-02 1.025037e+00 0.000000e+00 
-5.731756e+00 -2.828021e+00 3.273855e-01 1.911799e+00 -2.468621e+00 -3.572931e+00 1.776710e+00 3.336917e+00 1.591742e+00 -6.285036e-01 4.138369e+00 3.414587e+00 -1.512927e-01 2.408209e-01 1.110419e+00 -6.787168e-01 -7.459153e-01 6.173304e-01 1.360011e+00 -8.719150e-01 -3.699825e-01 -3.359062e-01 -6.022565e-01 -7.995912e-01 1.566905e-01 0.000000e+00 
-3.465820e+00 1.194987e+00 -3.601911e+00 1.902471e+00 2.075501e+00 -1.488279e+00 1.414345e+00 2.356479e+00 -3.735531e+00 1.357836e+00 3.109623e-01 5.659918e+00 -1.512927e-01 8.629473e-01 1.687614e+00 -1.161276e+00 -1.235667e+00 6.978240e-02 8.224193e-01 -1.469484e+00 -1.372785e+00 -9.796356e-01 -5.313382e-01 -1.012085e+00 -4.103571e-01 0.000000e+00 
-2.383698e+00 1.640955e+00 -2.226146e+00 1.319416e+00 2.962729e+00 3.807025e+00 -2.179372e-01 3.298171e+00 -1.471053e+00 -2.943274e+00 5.043411e-01 2.222070e+00 -1.512927e-01 4.586745e-01 5.300803e-01 -9.842575e-02 9.783521e-02 2.022788e-01 7.602982e-02 -2.922537e-01 5.101388e-02 3.975284e-01 3.170663e-01 -1.157741e+00 -6.668795e-01 0.000000e+00 
-3.022470e+00 3.174519e-01 -2.946841e+00 4.798703e-01 -2.736259e+00 -3.977163e+00 -1.218107e+00 1.207663e+00 -2.164702e+00 -2.617626e+00 1.422957e+00 2.684129e+00 -1.512927e-01 -2.156434e-01 -2.775782e-01 1.131431e+00 5.178576e-01 -7.329765e-01 -7.092118e-02 4.001924e-01 4.490815e-01 2.274156e+00 1.161079e+00 -4.460822e-01 -1.124207e+00 0.000000e+00 
-3.660059e+00 2.611479e-01 -4.922781e-01 3.112275e+00 9.486524e-01 -1.948340e+00 1.631667e+00 4.166394e+00 2.793970e+00 2.944559e+00 -2.206334e+00 1.568084e+00 -1.512927e-01 -2.817613e-01 -1.476812e-01 4.277727e-01 5.752548e-01 1.059036e-01 8.195911e-02 1.478966e+00 -9.805133e-02 1.149173e-02 6.076789e-01 -7.904488e-01 -7.287876e-02 0.000000e+00 
-3.905857e+00 4.969994e-01 1.188309e+00 3.595329e+00 -5.823433e-01 1.034798e+00 2.490505e+00 4.167774e+00 5.502739e+00 4.219314e+00 -5.641109e-01 3.658745e-01 -1.512927e-01 -5.808624e-01 -3.930994e-01 -5.243181e-02 1.692324e-01 1.028081e+00 1.416015e+00 9.838570e-01 -4.465519e-01 -4.266571e-01 4.741940e-01 -1.678626e-01 5.010273e-01 0.000000e+00 
-3.350811e+00 8.127750e-01 -2.154858e+00 2.637960e+00 2.415289e+00 1.710840e+00 5.322590e+00 1.327859e+00 -5.247314e+00 -3.323350e+00 -2.454369e+00 3.016804e+00 -1.512927e-01 -2.308292e-01 -2.443213e-01 -6.955135e-01 -8.956752e-02 1.004527e+00 1.760827e-01 -2.422474e-02 -1.026874e+00 -2.138609e+00 -9.900518e-02 1.515535e+00 1.197329e+00 0.000000e+00 
-6.081406e+00 -1.923858e+00 -2.377710e+00 1.563190e+00 1.670828e+00 1.273321e+00 1.855717e+00 3.941714e-01 -2.773454e-01 2.887298e+00 7.076611e-01 4.464906e+00 -1.512927e-01 -2.910727e-01 -4.023858e-01 -8.963032e-01 -5.370001e-01 1.638517e+00 1.348986e-01 4.644516e-01 -2.385434e-02 -1.251673e+00 -5.943176e-01 2.508133e-01 2.643120e-01 0.000000e+00 
-3.726431e+00 2.499707e-01 -2.186836e+00 3.680507e+00 4.844703e+00 -1.187188e+00 1.827937e+00 9.188259e-01 -5.009036e+00 3.115541e+00 4.735456e+00 5.505214e+00 -1.512927e-01 -3.429205e-01 -3.141125e-01 -7.387801e-01 -1.347082e+00 7.954891e-01 7.457778e-01 3.213735e-01 1.653751e+00 1.881845e+00 6.545870e-01 5.980157e-01 -3.466268e-02 0.000000e+00 
-5.173410e+00 -1.233528e+00 -3.277218e+00 3.890552e-01 6.395535e+00 3.158305e+00 6.560089e+00 4.253018e+00 -8.747680e-01 -1.971720e+00 -2.904957e+00 4.432295e-01 -1.512927e-01 1.868584e-01 2.411587e-01 -7.897362e-01 -6.540435e-01 -5.246530e-01 -2.096665e-01 5.807263e-01 1.722247e+00 1.868952e+00 2.095718e-01 -6.735121e-01 -5.091101e-01 0.000000e+00 
-5.519411e+00 -1.102953e+00 -5.399005e+00 -3.510381e+00 4.030381e+00 4.497238e+00 4.577272e+00 7.667189e+00 4.460620e+00 2.379094e+00 2.342019e+00 4.854329e+00 -1.512927e-01 -4.748932e-01 -3.143030e-01 -5.762953e-01 -3.403796e-01 -1.721650e+00 -1.039687e+00 -4.723000e-01 1.849419e-01 2.000885e+00 5.313150e-01 -1.654069e-01 5.774983e-02 0.000000e+00 
-4.250624e+00 -4.160315e-02 -4.720306e+00 1.888417e+00 -5.452757e-01 -2.617224e+00 3.384681e+00 5.631227e+00 4.332586e+00 4.303381e+00 -1.463180e+00 2.244798e+00 -1.512927e-01 -8.328478e-01 -1.299703e-01 4.689985e-01 1.160728e+00 -4.689745e-01 -1.678984e+00 -5.844445e-01 -2.623059e+00 -4.075740e-01 1.164267e+00 9.383438e-01 4.713126e-01 0.000000e+00 
-6.562290e+00 -1.917506e+00 -4.346768e+00 1.228929e+00 -2.931396e-01 -3.497856e+00 1.054141e+00 1.154432e+00 2.391709e+00 2.634566e+00 3.187534e+00 4.893179e+00 -1.512927e-01 -2.151950e+00 9.219476e-01 2.220373e+00 9.306967e-01 1.070095e+00 -1.166887e+00 1.709607e+00 -3.321895e+00 2.935905e-02 4.725927e-01 1.121739e-01 5.189807e-01 5.487615e-02 
-8.816210e+00 -1.476102e+00 -1.458344e+00 3.823039e+00 6.212422e+00 -1.239069e+00 5.399432e+00 -5.605899e+00 -1.878183e+00 3.721878e+00 1.364004e+00 2.780367e+00 -1.512927e-01 -1.249620e+00 1.483424e+00 1.644558e+00 -9.579114e-01 1.675536e+00 -3.409993e-01 2.207414e+00 -1.048676e+00 -2.359276e-02 -1.974991e-01 -4.470563e-03 1.466441e+00 3.762534e-02 
-1.399637e+01 4.224034e+00 4.071879e+00 1.757909e-01 6.002008e+00 -2.026273e+00 1.211793e+01 -3.323722e+00 7.712800e+00 5.032809e+00 1.489296e+00 7.181448e+00 1.230881e-01 8.058968e-01 9.628738e-01 3.199115e-01 -1.576914e+00 -1.762597e-01 -4.174443e-01 8.933870e-01 2.353053e+00 -4.611351e-01 -1.342225e+00 -1.203821e+00 -5.694078e-01 6.123674e-03 
-6.781687e+00 4.304746e+00 -7.068421e-01 -2.374571e+00 4.684832e+00 -5.058012e+00 8.889856e+00 2.626922e+00 1.554077e+00 2.116764e+00 -6.364143e-01 8.432867e+00 -1.003563e-01 1.873579e+00 2.868800e-02 -6.162133e-01 -1.745360e+00 -1.930454e+00 -1.523053e-01 -2.017887e+00 3.134838e+00 -9.027973e-01 -9.738989e-01 -2.358426e-01 -1.614835e+00 -2.692305e-02 
-3.550068e+00 6.437898e-03 -3.122961e+00 -3.556834e+00 -4.106428e-01 -3.675606e+00 3.775863e+00 8.803286e+00 -1.630096e+00 -3.274000e+00 -1.831363e+00 -7.801090e-01 -1.461425e-01 2.261923e+00 -6.526845e-01 -9.828513e-01 -1.355677e-01 -1.453263e+00 1.508114e+00 -1.787252e+00 1.964941e+00 -5.439393e-01 -3.180400e-01 3.185381e-01 -1.756371e+00 -5.996978e-02 
-4.671467e+00 7.761360e-01 -9.419898e-01 -3.037448e+00 -2.335239e-01 -1.175929e+00 -5.189695e-01 4.004788e+00 -1.720721e+00 3.005788e+00 1.845121e+00 -1.313032e+00 -1.512927e-01 2.475674e-01 -4.483282e-01 -1.442579e-01 2.359028e-01 -5.290077e-01 2.145530e+00 -1.379987e+00 4.959915e-01 1.160297e+00 -3.128200e-02 6.311142e-01 -1.264776e+00 -1.070229e-02 
-3.741863e+00 2.724917e+00 -7.248038e-01 -1.706092e-01 1.194870e+00 3.573256e+00 7.886087e+00 5.812051e+00 6.630502e+00 2.998097e+00 1.841219e+00 3.272542e+00 -1.512927e-01 -2.432774e-01 2.345273e-01 1.126983e-02 1.616273e-01 2.019526e-02 1.679279e+00 6.972800e-01 -2.929397e-01 2.594474e-01 -5.487610e-01 -5.570580e-01 9.349238e-01 -1.030040e-03 
-5.447952e+00 7.038654e-01 -2.627210e+00 -2.888170e+00 1.237038e+00 2.045204e+00 -6.519103e-02 6.602497e+00 3.225261e+00 -1.175695e+00 6.828654e-01 8.266044e-02 -1.512927e-01 2.076195e-01 -2.196377e-01 -8.232327e-01 8.928581e-02 3.403856e-01 4.767800e-01 2.325758e+00 1.386353e+00 8.745810e-01 -7.474679e-01 -1.356167e+00 6.706858e-02 0.000000e+00 
-4.378212e+00 1.215210e+00 -2.224002e+00 -2.823337e+00 -1.044947e+00 3.110221e+00 7.035374e+00 6.039733e+00 -2.805850e+00 -3.927064e+00 -4.035526e+00 3.196664e+00 -1.512927e-01 3.983347e-01 -5.497413e-01 -8.517680e-01 1.066563e-02 2.427545e-01 -4.172494e-01 7.863913e-02 -6.145631e-01 -3.230872e-01 1.435549e+00 -1.069849e+00 -1.114915e+00 0.000000e+00 
-3.315195e+00 4.328009e-01 -4.308554e+00 -1.264655e+00 2.588312e+00 1.439488e+00 1.153518e+01 1.082271e+01 7.370359e+00 2.731028e+00 -1.997340e+00 -9.397501e-01 -1.512927e-01 1.016074e+00 -8.811700e-02 -5.227159e-02 4.687884e-01 4.704324e-01 8.122318e-01 4.746073e-01 -3.514686e-01 4.399067e-01 1.606811e+00 4.948878e-01 -1.098727e+00 0.000000e+00 
-2.816568e+00 1.117425e-01 -4.142972e+00 -9.290382e-01 1.733005e+00 1.789867e+00 2.479099e+00 6.291276e-01 2.942517e+00 8.222483e+00 -2.167922e+00 -1.790828e+00 -1.512927e-01 9.189050e-01 -6.378313e-01 -1.690871e-01 -8.620811e-02 7.386737e-01 6.026160e-01 -2.303207e+00 -5.449253e-01 1.201705e+00 7.963673e-01 7.943766e-01 -8.393030e-01 0.000000e+00 
-1.148404e+00 8.150140e-01 -1.929083e+00 -1.491377e+00 2.200224e+00 6.766541e+00 4.585983e+00 7.550456e+00 2.550611e+00 7.835869e-01 2.223503e+00 -2.917227e+00 -1.512927e-01 6.815838e-01 -1.800771e+00 -1.142319e-01 -7.220863e-01 8.360015e-02 -5.296161e-01 -2.710575e+00 -5.799693e-01 -6.947990e-01 -1.518164e-02 1.683170e+00 8.446953e-01 2.291508e-02 
-8.670826e-01 -2.165053e+00 -4.259173e+00 -3.141017e+00 2.842466e+00 3.459775e+00 -1.006064e+00 4.951234e+00 5.612550e+00 1.028493e+00 -2.174065e+00 -1.111233e-02 -1.512927e-01 -1.063368e+00 -2.242603e+00 4.019667e-01 -2.209139e+00 3.397240e-01 -1.409595e+00 -1.383482e+00 -1.931480e-01 -8.325656e-01 -7.998227e-01 7.267097e-01 7.722377e-01 1.113199e-01 
-8.820190e-01 -7.432657e+00 -4.821613e+00 -3.769097e+00 2.451583e+00 -2.043546e+00 -2.751169e-01 5.761812e+00 2.561348e+00 6.252115e+00 6.421582e+00 2.393868e+00 -3.671730e-02 -3.529662e+00 -9.721004e-01 1.159224e+00 -3.095902e+00 5.615901e-01 -3.059422e+00 -1.292467e+00 -1.405793e+00 -1.824206e+00 6.816440e-01 3.407250e-01 4.859968e-01 1.874051e-01 
-8.266602e+00 -6.977435e+00 -6.868733e-01 -1.083587e+01 3.305945e+00 -8.530643e-01 -2.007759e+00 5.577096e-01 -1.225680e+00 1.489106e+00 -6.334131e-01 -5.851880e-01 3.480192e-01 -4.859516e+00 1.570213e+00 3.140315e+00 -2.940524e+00 6.738263e-01 -1.695440e+00 1.357103e-01 -7.226880e-01 -2.770648e+00 -6.517740e-01 5.876635e-01 -4.097760e-01 2.265399e-01 
-1.509695e+01 -1.639297e+00 2.080886e+00 -1.312346e+01 4.776434e+00 -6.374151e+00 -1.375507e+00 2.718253e+00 -3.151306e+00 3.961500e+00 3.156802e+00 -2.002057e-01 5.360767e-01 -5.274251e+00 2.821071e+00 3.827058e+00 -1.917713e+00 3.603503e-01 -2.269823e-01 8.788835e-01 -1.455478e+00 -1.911268e+00 -1.732005e+00 -7.804279e-01 -1.089130e+00 1.965142e-01 
-1.805719e+01 2.789332e+00 7.991153e+00 -1.316645e+01 5.049171e+00 -2.852122e+00 2.226822e-01 2.859573e+00 -5.384366e+00 -1.085070e+00 2.396643e+00 -7.629555e-01 6.950097e-01 -3.027899e+00 2.697780e+00 2.555045e+00 4.164362e-02 2.253699e-01 8.899390e-01 1.364086e+00 -1.201550e+00 -3.741136e-01 -5.984384e-01 -3.956699e-03 -2.548614e-01 1.137135e-01 
-2.235798e+01 1.789316e+00 9.974665e+00 -1.219237e+01 3.381721e+00 -2.178929e+00 3.004080e+00 -2.666508e+00 -4.915651e+00 -1.120821e+00 1.004414e+00 -2.962899e+00 7.723582e-01 -2.376673e+00 7.408675e-01 6.050881e-01 -2.962247e-01 2.611079e-02 1.300108e+00 5.630698e-01 -1.659035e+00 1.259417e+00 3.786128e-01 -3.109724e-01 -9.201868e-02 7.801438e-02 
-1.977559e+01 4.797160e+00 8.141462e+00 -1.109320e+01 5.130151e+00 1.499019e+00 2.622878e+00 -2.757663e+00 -2.214076e+00 1.038074e+00 4.229974e-01 -4.781481e-01 7.984459e-01 -1.674283e+00 -2.575278e-01 -1.436169e+00 -1.077749e+00 -2.088368e-01 -7.787279e-01 -8.611304e-01 -1.394387e-01 2.162146e+00 9.197204e-01 5.348109e-02 -1.414590e-01 5.569809e-02 
-2.612112e+01 1.061126e+00 5.031172e+00 -1.564121e+01 4.866498e+00 -2.049182e+00 2.397435e-01 -2.768307e+00 1.560633e+00 4.792993e+00 2.588763e+00 -8.027028e-01 8.744305e-01 -6.636696e-02 5.827919e-01 -1.068412e+00 -4.011235e-01 8.349940e-01 -8.342227e-01 -1.258787e+00 1.677073e+00 9.398432e-01 -2.451642e-01 -2.875487e-01 5.122401e-01 4.167742e-02 
-2.454704e+01 1.865788e+00 3.282053e+00 -1.683078e+01 3.262599e+00 -6.810635e+00 -2.700802e+00 2.213279e+00 2.188224e+00 5.566255e-01 1.871874e+00 -2.550349e+00 9.224640e-01 -8.031346e-01 -3.568237e-01 -1.610066e+00 -3.949060e-01 6.879348e-01 -1.472691e+00 -1.719957e+00 1.349541e+00 -5.698794e-01 -2.100778e-02 6.733804e-01 2.067192e-02 3.488560e-02 
-2.030409e+01 6.168961e+00 7.062311e+00 -1.132920e+01 8.490468e+00 -2.195215e+00 -6.280160e-01 3.233387e+00 -2.417585e+00 -2.105917e+00 -1.157768e+00 6.344017e-01 9.187363e-01 5.515755e-01 8.269329e-01 -6.829676e-01 9.255829e-01 9.490242e-01 -9.930062e-02 -7.175708e-03 6.803024e-01 -1.466507e+00 -6.640394e-01 5.639232e-01 3.090003e-01 1.599918e-02 
-2.669978e+01 4.591234e-01 -9.244358e-01 -1.522373e+01 6.757841e+00 -5.791418e+00 -5.543026e+00 9.891969e-01 -3.074364e+00 4.382490e+00 5.663165e+00 -1.093341e+00 9.507210e-01 4.803352e-01 1.128749e+00 -2.199001e-01 6.579156e-01 9.461223e-01 8.769056e-01 9.911148e-01 -7.762577e-02 -1.615524e+00 1.190567e-02 9.609928e-01 -1.501971e-01 9.101773e-03 
-2.228688e+01 5.899123e+00 3.719578e+00 -1.181682e+01 7.863998e+00 -3.055293e+00 1.624977e+00 1.245246e+00 -3.140609e+00 -4.401364e-01 3.512733e+00 1.379502e-02 9.402979e-01 -5.022892e-01 -2.230973e-02 -2.945045e-01 7.735630e-01 1.062500e+00 -1.241944e-01 1.020768e+00 -1.081634e+00 2.885993e-01 9.235997e-02 -3.185979e-01 -6.947386e-01 1.106508e-02 
-2.115396e+01 7.644451e+00 3.853920e+00 -1.329739e+01 8.306445e+00 -1.996068e+00 1.128276e+00 2.819221e+00 -5.527885e+00 -2.167366e-01 4.341587e+00 -2.991031e+00 9.571921e-01 -9.410210e-02 -2.776487e-01 4.347329e-01 1.267210e+00 1.339955e+00 -7.429406e-01 1.713084e+00 -7.710983e-01 1.063460e+00 -2.450580e-01 -1.636115e+00 -1.165325e-01 1.290863e-02 
-2.558844e+01 2.464749e+00 3.200611e+00 -8.424555e+00 1.302866e+01 -4.713862e+00 1.140172e+00 -3.089796e+00 2.521721e-01 6.554958e-01 -2.089968e+00 -1.890446e+00 9.708261e-01 2.164082e-01 -1.914920e+00 -4.387490e-01 -5.199944e-01 -1.626086e+00 -2.308248e+00 1.593528e-02 -5.086788e-01 6.973290e-01 4.774792e-01 -1.406416e+00 -9.768569e-01 -6.140280e-03 
-2.551950e+01 7.880667e-01 1.508712e+00 -1.058381e+01 1.087529e+01 -8.676837e+00 3.264798e+00 -6.987735e-01 5.465434e-01 2.609384e+00 2.839405e-01 -7.238826e-01 1.000000e+00 2.601163e+00 -1.499128e+00 -3.332627e-01 -1.508884e+00 -4.006036e+00 -1.673691e+00 6.234789e-01 2.800068e-01 1.928116e-01 -4.860736e-01 -3.898938e-01 6.015149e-01 -5.926490e-02 
-1.902207e+01 -2.472846e-01 2.698437e+00 -1.577358e+01 -1.550851e+00 -1.125615e+01 6.363921e-01 4.608495e-01 -2.691178e+00 5.341995e-01 -1.490522e+00 -6.004063e+00 8.881925e-01 7.169291e+00 1.063536e+00 1.483876e+00 -1.649679e-01 -4.460326e+00 -1.194144e+00 -9.463223e-01 5.114730e-01 -1.009852e+00 -5.284945e-01 7.361435e-01 -7.064746e-01 -1.353842e-01 
-1.143134e+01 1.504829e+00 2.438693e+00 -1.716730e+01 -4.433980e+00 -7.093377e+00 4.497560e+00 2.443932e+00 -3.092152e+00 -2.586456e+00 2.092395e+00 2.073352e+00 7.021844e-01 1.061306e+01 -3.976850e-01 1.856099e+00 2.524642e+00 -4.792354e+00 1.635718e+00 -4.145820e+00 -1.897606e+00 1.633116e+00 -9.096779e-01 1.563745e+00 -1.196199e+00 -1.224180e-01 
3.213931e+00 7.424047e+00 1.015500e+01 -5.957652e+00 -1.618337e+00 -1.147631e+01 -4.207819e+00 -2.103784e+00 -2.977740e+00 6.109436e-01 6.865221e-01 -6.821436e+00 4.428128e-01 1.009448e+01 -1.685139e+00 2.188564e-01 3.619247e+00 -2.944691e+00 2.668334e+00 -5.623783e+00 -2.516696e+00 4.565308e+00 1.353741e-01 1.363000e+00 -3.838080e-01 -5.137989e-02 
1.642781e+01 -5.036024e+00 7.060925e+00 -2.868569e+00 -1.305274e+01 -3.881695e-01 -1.504220e+01 -8.904487e+00 8.855405e+00 -1.977378e+00 7.014142e+00 -6.296189e+00 6.105998e-01 7.498317e+00 -3.263162e+00 -1.104343e+00 2.282445e+00 -2.331863e+00 2.724512e+00 -5.325923e+00 -1.415942e+00 4.588828e+00 9.442419e-01 -2.229463e-01 -1.162769e+00 1.691315e-02 
1.752077e+01 -5.402551e+00 1.481603e+00 -4.826709e+00 -1.196492e+01 -1.267087e+00 -1.771265e+01 -6.448422e+00 1.416158e+01 9.065306e-01 2.863605e+00 -3.738333e+00 6.770854e-01 3.233435e+00 -3.764009e+00 -3.178269e+00 8.284681e-02 -2.479918e+00 3.251419e+00 -1.528685e+00 4.785317e-01 4.058624e+00 4.063885e-02 -9.402508e-01 5.777645e-03 6.004398e-02 
1.890683e+01 -8.397683e+00 1.253675e+00 -6.320542e+00 -1.092000e+01 1.424570e+00 -1.537964e+01 -2.463461e+00 1.128233e+01 1.986960e+00 -1.108779e-01 -5.282045e+00 6.696138e-01 4.427523e-01 -1.585914e+00 -2.546844e+00 -3.626429e-01 -7.241270e-01 8.152865e-01 2.213750e+00 2.067553e+00 1.057080e+00 1.908436e-01 -2.144500e+00 -7.245368e-01 2.789077e-02 
1.814160e+01 -9.715170e+00 -2.832723e+00 -3.817431e+00 -1.508430e+01 3.874413e+00 -1.168252e+01 -2.931638e+00 1.610192e+01 -1.168031e+00 -4.522220e-01 -7.299620e+00 7.135257e-01 2.595658e-02 -1.299597e+00 -1.702179e+00 3.597948e-01 -1.118209e+00 7.761963e-01 3.029882e+00 1.213413e+00 1.689452e-01 -3.282230e-01 -9.479114e-01 -1.391950e+00 1.744468e-02 
1.833116e+01 -1.080928e+01 -3.516135e+00 -5.186422e+00 -1.511369e+01 1.117512e+00 -6.988505e+00 -3.251148e-01 1.317064e+01 1.412083e-02 -2.050448e+00 -8.138229e+00 7.318335e-01 -6.469297e-02 -4.705215e-01 -1.521021e+00 -5.679717e-02 -3.057700e-01 1.576411e-01 1.478997e+00 9.206918e-01 1.082040e-01 -4.691072e-01 -3.292115e-01 -6.300141e-01 1.315386e-02 
1.793839e+01 -1.069474e+01 -4.644385e+00 -3.594796e+00 -1.545912e+01 2.767424e+00 -6.758804e+00 -1.450529e+00 1.406215e+01 2.518352e-01 -9.061673e-01 -9.269992e+00 7.331990e-01 2.234248e-01 -5.049801e-03 -5.637537e-01 -6.995509e-01 6.622376e-01 2.337925e-01 7.854863e-02 -7.667384e-02 -3.338894e-01 5.728332e-01 -3.417687e-01 5.072728e-01 1.360858e-03 
1.868497e+01 -1.026051e+01 -5.445601e+00 -6.715846e+00 -1.226144e+01 2.766270e+00 -1.044652e+01 1.399444e+00 1.284323e+01 -1.068509e+00 -1.529963e+00 -7.446929e+00 7.255465e-01 6.012899e-01 2.826059e-01 -6.938890e-01 -2.395932e-01 1.491330e+00 -8.680032e-01 -2.697611e-02 -1.840831e+00 2.202802e-01 6.615669e-01 1.536491e-01 2.095025e+00 -4.396689e-03 
1.908182e+01 -1.001481e+01 -4.686759e+00 -6.550474e+00 -1.319924e+01 4.218997e+00 -9.560773e+00 -4.177286e+00 1.459618e+01 2.237450e+00 -2.421308e+00 -5.108906e+00 7.234734e-01 1.002138e+00 5.468106e-01 -4.530707e-01 1.200185e-01 1.783369e+00 -1.543060e+00 -2.187048e-01 -3.117611e+00 -4.022638e-01 1.287882e+00 1.093709e+00 2.913198e+00 -1.649765e-02 
2.076590e+01 -9.736217e+00 -6.964394e+00 -4.906549e+00 -8.786986e+00 -3.948290e+00 -5.722402e+00 -8.165890e+00 1.400503e+01 2.329148e+00 -5.246322e-01 2.563510e-01 7.147128e-01 7.790504e-01 9.197586e-01 6.700336e-01 1.752770e+00 1.076030e+00 -7.130781e-01 1.561805e-01 -3.335679e+00 -3.101369e+00 1.186725e+00 2.549688e+00 2.468739e+00 -5.771895e-02 
2.190862e+01 -8.222828e+00 -6.150342e+00 -3.899352e+00 -8.279507e+00 -1.590594e+00 -1.021439e+01 -1.225592e+01 1.146994e+01 4.992416e+00 4.059712e+00 1.444359e+00 6.561276e-01 1.667925e-01 1.845420e+00 1.402915e+00 3.956126e+00 1.724378e+00 -4.598362e-01 1.161875e+00 -1.952155e+00 -6.250132e+00 -5.548939e-01 2.143382e+00 2.884167e+00 -1.041897e-01 
2.116682e+01 -6.557703e+00 -1.363641e+00 7.224422e-01 -9.341155e+00 2.105675e+00 -9.338808e+00 -1.123963e+01 -1.100494e+00 3.487633e+00 7.977969e+00 1.620135e+00 4.706246e-01 -8.168800e-01 2.953735e+00 2.267726e+00 4.368256e+00 1.177598e+00 6.092694e-01 1.635428e+00 -3.662388e-01 -6.363303e+00 -7.930829e-01 9.793520e-01 9.470574e-01 -1.235566e-01 
1.971532e+01 -2.376963e+00 -4.725625e-01 1.041566e+01 -4.300263e+00 -1.107166e+00 -1.943193e+00 -1.240119e+01 -9.101724e+00 -1.116262e+00 4.044302e+00 8.630037e+00 3.245692e-01 -3.643471e+00 2.772615e+00 2.109531e+00 3.495457e+00 1.706574e+00 -2.064960e-01 2.166710e+00 1.968193e+00 -4.005557e+00 -1.335047e+00 -1.864358e+00 -7.621650e-01 -7.845094e-02 
1.777814e+01 2.109523e+00 1.535345e+00 9.777222e+00 -4.888620e+00 -1.143657e+00 -1.680859e+00 -9.924448e+00 -7.525660e+00 1.418073e+00 4.379834e+00 1.398798e+00 2.627088e-01 -3.616174e+00 2.121291e+00 7.293991e-01 9.115223e-01 1.115493e+00 -7.607573e-01 4.885308e-01 1.831568e+00 -1.707219e-01 5.274311e-01 -1.776193e+00 -1.400381e+00 -1.575578e-02 
5.385599e+00 1.306635e+00 2.947818e+00 9.050543e+00 -1.972905e+00 -9.984081e-01 -3.209812e+00 -3.072545e+00 -5.345265e+00 -6.480393e-01 -3.463012e+00 -2.255797e+00 3.678308e-01 -1.110994e+00 -1.508062e-01 -9.147509e-02 -2.424371e+00 -6.687751e-01 5.950423e-01 -2.405431e+00 5.858946e-03 3.532958e+00 2.155406e+00 -5.016125e-01 -2.371085e+00 4.359294e-02 
1.025081e+01 2.206954e+00 5.731643e-01 5.962614e+00 -4.927369e+00 -1.752491e+00 -6.262845e+00 -6.746116e+00 -3.832332e+00 5.890678e+00 2.850658e+00 6.114829e-02 3.702149e-01 1.374533e+00 -1.966832e+00 -4.710630e-01 -3.345591e+00 -1.490268e+00 9.863831e-01 -3.598370e+00 -5.963214e-01 4.921931e+00 5.633889e-01 1.216997e-01 -5.809128e-01 7.311563e-02 
1.792402e+01 -3.179709e+00 -4.488474e-01 2.011099e-01 -7.624764e+00 2.172462e+00 -1.167936e+01 -1.396106e+01 6.716403e+00 7.424467e+00 2.300826e+00 -2.556561e+00 4.887809e-01 3.208009e+00 -1.874740e+00 -6.525550e-01 -3.001147e+00 -1.980518e+00 1.368645e+00 -3.748076e+00 -1.999633e-01 4.956656e+00 -9.222299e-01 6.650558e-01 -4.691408e-01 5.958648e-02 
1.838160e+01 -5.481465e+00 8.783633e-01 -2.526014e+00 -9.514029e+00 2.202823e+00 -1.543794e+01 -7.461796e+00 1.105316e+01 1.987640e-01 2.106413e+00 -1.355384e+00 5.678120e-01 1.641353e+00 -1.132227e+00 -3.084033e-02 -1.985703e+00 -1.076883e-01 1.277369e+00 -2.891946e+00 1.701647e+00 3.416906e+00 -2.875865e+00 -8.328212e-01 -1.322345e+00 3.763628e-02 
1.736025e+01 -4.222856e+00 -4.675567e-01 -1.710879e+00 -9.582162e+00 3.867162e+00 -1.736264e+01 -3.714521e+00 1.199527e+01 -2.413232e+00 2.343897e-01 -3.893236e+00 5.669646e-01 2.304266e-01 9.530724e-01 6.380901e-01 -3.418279e-01 1.472667e+00 4.594193e-01 -1.445598e+00 2.616761e+00 6.507044e-02 -3.148450e+00 -2.946215e-01 -9.314953e-01 -1.571047e-02 
1.873946e+01 -2.932608e+00 4.283172e-01 -3.009907e+00 -4.487111e+00 3.787006e+00 -1.788093e+01 -3.361153e+00 1.061277e+01 -3.569800e+00 -2.802301e-01 -5.882238e+00 5.193045e-01 3.664776e-01 2.593073e+00 7.749766e-01 2.165194e+00 1.534033e+00 -1.260626e+00 1.654237e+00 3.578686e-01 -4.483962e+00 -1.678959e+00 4.837298e-01 2.771306e-01 -4.013308e-02 
1.889722e+01 3.112241e-01 2.966626e+00 -1.266083e+00 -2.774885e+00 3.677467e+00 -1.768585e+01 -2.927580e+00 7.261954e+00 -6.433503e+00 2.021040e+00 -4.950610e+00 4.344823e-01 1.991858e-01 2.366505e+00 1.744042e+00 3.306290e+00 4.351176e-01 -2.285261e+00 3.556506e+00 -1.156842e+00 -6.095057e+00 -5.029663e-01 5.742759e-01 1.844395e+00 -3.755056e-02 
1.944550e+01 5.216858e+00 3.036155e+00 8.077558e+00 -5.247504e+00 -4.005461e+00 -7.005152e+00 -6.065924e+00 -8.999991e+00 -6.185896e+00 3.631737e+00 5.589567e-01 4.333878e-01 -2.292446e-01 1.650911e+00 1.751628e+00 4.250455e+00 -1.159588e+00 -1.435447e+00 4.558070e+00 -2.061327e+00 -5.995323e+00 4.296085e-01 1.221381e-02 1.488702e+00 -2.456663e-02 
1.800316e+01 3.534935e+00 6.948737e+00 9.276842e+00 -7.026378e+00 -3.662909e+00 -5.018005e+00 -8.146344e+00 -8.673638e+00 -3.620015e+00 1.149786e+00 2.108143e+00 4.221702e-01 -6.893779e-01 1.308858e+00 1.024893e+00 3.261128e+00 2.372497e-01 -7.589464e-02 3.806588e+00 -2.102810e+00 -3.512622e+00 8.454822e-01 -1.005442e+00 -1.630034e-01 -1.562254e-02 
1.804026e+01 3.710091e+00 7.195402e+00 1.297091e+01 -8.159303e+00 2.799612e-01 -1.424505e+00 -1.105840e+01 -1.139605e+01 -2.828501e+00 2.164662e-01 -1.968104e+00 4.026273e-01 -1.168325e+00 1.045689e+00 5.086069e-01 1.962384e+00 2.422444e+00 1.678376e+00 2.983345e+00 4.612436e-01 -4.384604e-01 -3.172606e-01 -2.772492e+00 -2.357806e+00 -2.510839e-02 
1.615295e+01 7.608896e+00 6.011465e+00 1.259288e+01 -1.327369e-01 1.155283e+00 -1.443230e+00 -1.094539e+01 -9.103123e+00 -3.884790e+00 -1.298536e+00 -4.502097e+00 3.717498e-01 -1.365049e+00 2.205878e+00 -8.959694e-02 1.129614e+00 3.304862e+00 7.716104e-01 3.282641e+00 2.716125e+00 5.019099e-01 -6.652557e-01 -3.359623e+00 -2.583122e+00 -3.881308e-02 
1.452898e+01 8.408325e+00 6.047825e+00 1.623146e+01 3.417898e+00 1.977325e+00 6.124185e+00 -2.360182e+00 -1.097755e+01 -7.639812e+00 -9.006561e+00 -7.924953e+00 3.330560e-01 -1.642971e+00 1.172525e+00 3.878944e-01 -2.054083e-01 2.773682e+00 4.957699e-01 2.176824e+00 4.054147e+00 3.967230e-01 -1.405546e+00 -2.337987e+00 -1.213812e+00 -5.927300e-02 
1.293356e+01 1.221521e+01 7.074541e+00 1.329464e+01 3.709331e+00 -6.535392e-01 7.620856e+00 1.085169e+00 -6.373341e+00 -4.540638e+00 -1.103682e+01 -7.829041e+00 2.628904e-01 -1.715725e+00 -9.213448e-01 3.133399e-01 -4.934346e-01 1.035340e+00 1.153019e+00 1.194281e+00 2.846886e+00 -1.266393e+00 -1.331196e+00 -5.339696e-01 -2.327644e-01 -8.192328e-02 
1.143511e+01 7.269562e+00 8.603336e+00 1.159299e+01 3.788074e+00 3.663222e+00 4.927573e+00 3.197050e+00 -1.077733e+01 -9.528310e+00 -6.604327e+00 -6.373693e+00 1.606920e-01 -2.133175e+00 -1.632940e+00 -4.553673e-01 -8.126737e-01 1.822530e-01 6.800237e-01 -5.372453e-03 5.535786e-01 -4.764891e-01 -2.039760e+00 3.212436e-01 1.141142e+00 -1.069630e-01 
9.121262e+00 3.571554e+00 6.300409e+00 1.244494e+01 4.858877e+00 6.077431e+00 5.126482e+00 5.104231e-01 -1.553520e+01 -9.596521e+00 -5.169501e+00 -6.441549e+00 4.831535e-02 -2.672663e+00 -2.301469e+00 -2.144262e+00 -4.842222e-01 -7.131712e-02 3.083861e-01 1.181843e-01 -1.688834e-01 3.380350e-01 -1.360396e+00 2.288189e-01 1.108504e+00 -1.083530e-01 
5.769249e+00 4.565451e+00 4.158054e+00 1.259294e+01 3.754390e+00 2.011959e+00 7.344510e+00 6.950846e-01 -8.779068e+00 -1.531067e+01 -1.033400e+01 -2.912990e+00 -9.447157e-02 -2.989772e+00 -1.988930e+00 -3.252225e+00 -9.017082e-01 4.634217e-01 -5.075215e-01 3.286802e-01 1.861834e-01 2.052176e+00 1.242182e+00 -6.355298e-01 1.297782e+00 -8.235775e-02 
2.403172e+00 2.059916e+00 -1.424128e+00 1.037355e+01 3.369587e+00 1.714023e+00 7.003309e+00 1.491735e+00 -5.682297e+00 -8.451436e+00 -8.027885e+00 -4.016871e+00 -1.512927e-01 -2.637910e+00 -1.978696e+00 -3.362380e+00 -2.145644e+00 -2.264064e-01 -6.097012e-01 1.982403e-02 1.036140e+00 3.154553e+00 2.950222e+00 1.615947e-01 4.729711e-01 -4.560371e-02 
-1.547070e-01 -1.919272e+00 -3.795523e+00 8.120145e+00 6.849827e+00 3.307318e+00 5.632561e+00 3.637311e+00 -5.442899e+00 -3.889940e+00 -8.352784e+00 -1.097122e+00 -1.512927e-01 -1.231971e+00 -1.056375e+00 -1.434575e+00 -1.881239e+00 -2.330570e-01 -4.520227e-01 -3.025596e-01 3.165401e-01 1.353582e+00 3.470097e+00 1.137369e+00 -3.378587e-01 -1.136422e-02 
-1.106311e+00 -3.079567e+00 -6.534699e+00 3.953119e+00 2.179127e+00 2.381245e+00 6.081577e+00 4.220011e+00 -1.430516e+00 -5.557786e-01 -5.352137e+00 -4.984628e+00 -1.512927e-01 7.244797e-02 6.053699e-01 3.506109e-01 -6.510994e-01 1.615455e-01 -1.997366e-01 -1.099733e+00 1.724739e-02 1.242201e+00 1.734333e+00 -3.599543e-01 -3.283137e-01 0.000000e+00 
1.364134e+00 1.853319e+00 -4.595347e-01 6.396958e+00 3.184335e+00 -5.817662e-01 6.292578e+00 9.136476e-01 -4.137049e+00 -1.908015e+00 -5.985032e+00 -4.118405e+00 -1.512927e-01 8.447580e-02 1.530239e+00 1.007798e+00 -7.018059e-01 -6.618267e-01 1.221597e-01 -6.949959e-01 3.234498e-01 1.105749e+00 3.512667e-01 6.672230e-02 3.259136e-01 0.000000e+00 
2.005991e+00 3.200471e+00 -1.339068e+00 7.979648e+00 6.010061e+00 2.659882e+00 1.174636e+00 2.939804e+00 -1.242150e-01 -7.707344e-01 -1.101153e+01 -4.147798e+00 -1.512927e-01 -4.571743e-02 9.287086e-01 4.631721e-01 -9.485579e-01 -5.566065e-01 1.953143e-01 -5.845429e-01 -6.804724e-02 -8.208158e-02 -2.783119e-02 5.308558e-01 1.304198e+00 0.000000e+00 
-1.288479e+00 2.591903e+00 -1.354346e+00 2.597851e+00 1.625226e+00 3.778799e+00 4.611052e+00 5.894664e+00 -5.673025e-01 -2.026128e+00 -5.189474e+00 1.140312e-01 -1.512927e-01 -7.846999e-01 -1.358493e-01 -6.452404e-01 -1.567459e+00 -9.433544e-01 -5.436553e-02 -5.054578e-01 4.489576e-02 1.016607e-01 5.929433e-01 2.334546e+00 2.146643e+00 0.000000e+00 
-8.591652e-03 1.194684e+00 -3.771432e+00 1.109884e+00 1.756487e-01 1.177534e+00 3.999625e+00 1.389266e+00 -3.625797e+00 -6.358780e-01 -3.095636e+00 -5.798577e-01 -1.512927e-01 -1.269149e+00 -6.906490e-01 -3.369425e-01 -1.204638e+00 -1.103191e+00 -8.522566e-01 1.115869e-01 -1.332738e+00 -4.757090e-01 1.596120e+00 2.875165e+00 2.174694e+00 0.000000e+00 
-1.552074e+00 2.176966e+00 -2.469554e+00 1.994546e+00 1.384769e+00 -1.124200e-01 2.352794e+00 1.913395e+00 -1.877954e+00 9.892733e-01 1.729748e+00 4.830841e+00 -1.512927e-01 -7.046855e-01 -7.028888e-01 -1.862567e-01 -6.010868e-02 -5.797678e-01 -9.089816e-01 6.146064e-02 2.587959e-01 8.744940e-01 9.618238e-01 1.740665e+00 1.364137e+00 0.000000e+00 
-4.207956e+00 -4.530591e-02 -2.466177e+00 2.258107e+00 6.143325e-01 3.442084e-01 2.861700e+00 -1.733251e+00 -1.847434e+00 5.702165e+00 -9.532011e-02 4.367264e+00 -1.512927e-01 -6.106070e-01 -6.094899e-01 1.516342e-01 3.975947e-01 -1.516919e-01 4.995353e-01 -2.245548e-02 3.744031e-01 1.074499e+00 6.185425e-01 1.363446e+00 1.115760e+00 0.000000e+00 
-2.712224e+00 -3.025467e-01 -2.938257e+00 1.723195e+00 -1.492955e+00 -3.494467e-01 5.487318e+00 8.749902e+00 2.915986e+00 -3.860296e-01 2.013693e+00 4.461154e+00 -1.512927e-01 -5.067692e-02 -1.698351e-01 3.674396e-01 1.383425e-01 -4.660483e-01 1.340567e+00 2.073324e-02 -1.780623e+00 -1.248900e+00 -1.481367e+00 -6.948789e-01 -5.989434e-01 0.000000e+00 
-2.481552e+00 -6.130093e-01 -2.778910e+00 3.233533e+00 8.560513e-01 3.793724e+00 2.320086e+00 -1.569716e-01 -6.502694e-01 3.144486e+00 3.579623e+00 5.183785e+00 -1.512927e-01 1.070056e-01 2.910474e-01 3.998771e-02 -1.092606e-01 -1.896762e-01 6.342278e-01 -9.080439e-01 -2.263397e+00 -1.832962e+00 -1.305551e+00 -1.803723e-01 -8.210942e-01 0.000000e+00 
-2.668661e+00 1.611642e+00 -4.759896e-01 2.198546e+00 -1.066332e+00 4.865658e+00 2.727267e+00 -7.777861e+00 -8.721037e+00 -5.138723e+00 -3.582118e+00 1.427864e+00 -1.512927e-01 -3.151373e-01 5.173540e-03 6.134167e-02 -2.514277e-01 3.703274e-01 -5.810394e-02 -1.541230e+00 -1.917649e+00 -7.664626e-01 7.992979e-02 2.407265e-02 -5.296249e-02 0.000000e+00 
-3.694710e+00 4.528369e-01 -3.497372e+00 1.474129e+00 -5.473598e-01 9.077947e-01 -2.984939e-01 -4.786354e+00 -5.193732e+00 1.550755e+00 1.800724e+00 1.778439e+00 -1.512927e-01 -1.018192e-01 1.560779e-02 1.762840e-01 -3.332240e-01 -6.267598e-02 -1.421739e+00 -4.832673e-01 1.120181e+00 1.779529e+00 5.350360e-01 -1.341458e-01 1.944213e-01 0.000000e+00 
-3.681332e+00 -8.096021e-01 -2.272318e+00 1.345759e+00 1.060388e+00 8.029981e-01 -9.095416e-01 1.476348e+00 1.355405e+00 8.104845e-01 3.023506e+00 5.899015e+00 -1.512927e-01 3.427268e-01 -8.630323e-03 5.533489e-01 7.714077e-02 1.074067e+00 -7.046383e-01 9.429736e-01 2.568429e+00 2.177067e+00 7.717249e-01 3.381381e-01 3.007220e-01 0.000000e+00 
-2.484313e+00 6.756517e-01 -9.993254e-01 1.993807e+00 -5.206884e-01 -1.283640e+00 1.722154e+00 8.168277e-01 3.209153e+00 2.845062e+00 -3.939180e-01 3.920316e+00 -1.512927e-01 6.678317e-01 4.347851e-01 6.165084e-01 4.188894e-01 5.316417e-01 2.731307e-01 1.959472e+00 1.699116e+00 6.153844e-01 -7.054089e-01 -1.224921e+00 -5.944481e-01 0.000000e+00 
-1.560225e+00 1.457083e+00 1.041732e+00 2.324411e+00 4.290668e+00 2.438184e+00 6.431811e+00 2.262691e+00 -2.037143e+00 -1.927252e+00 -7.941067e-01 1.860535e+00 -1.512927e-01 4.551231e-01 5.172451e-01 6.079029e-01 1.202501e+00 1.219560e+00 1.179906e+00 2.518581e+00 7.598726e-01 -5.944174e-01 4.881504e-01 1.476642e-01 -7.819172e-01 0.000000e+00 
-1.416104e+00 1.493420e+00 -2.071855e+00 3.079250e+00 4.957089e-01 1.455855e+00 5.828189e+00 3.316053e+00 -4.205366e-01 -6.074209e-01 -2.415076e+00 8.254381e-01 -1.512927e-01 -2.547703e-01 -2.216855e-01 -7.873575e-02 2.427741e-01 1.035671e+00 1.293288e+00 7.268642e-01 2.008831e-01 -1.722811e+00 2.756951e-01 1.864912e+00 1.121670e+00 0.000000e+00 
-1.939820e+00 1.367739e+00 1.303461e+00 6.815541e+00 6.649990e+00 5.332779e+00 9.630346e+00 4.026098e+00 1.981627e-01 4.977478e+00 4.772406e+00 3.536868e+00 -1.512927e-01 -7.022573e-01 -3.887882e-02 -2.708637e-01 5.093875e-01 2.363089e-01 1.374901e+00 7.461436e-01 1.015748e+00 -1.316143e-01 9.601412e-01 8.030359e-01 1.502313e+00 0.000000e+00 
-3.568367e+00 -3.881042e-01 -1.523869e+00 9.621120e-01 3.478006e+00 3.735505e+00 3.757208e+00 9.395399e-01 -6.522552e+00 7.711723e-01 6.147385e+00 8.690501e+00 -1.512927e-01 -1.660312e-01 4.780537e-01 5.637532e-01 9.978439e-01 6.511580e-01 1.109889e+00 -2.507353e-01 7.843474e-01 4.015441e-01 2.973447e-01 -2.888195e-01 7.538552e-01 0.000000e+00 
-3.995380e+00 2.203451e+00 -5.865796e-01 5.929918e+00 3.981064e+00 8.172862e+00 1.119802e+01 8.529690e+00 3.557937e-01 2.184157e+00 -1.060157e+00 5.439569e+00 -1.512927e-01 1.342467e-01 5.105242e-01 2.065930e-01 5.479735e-01 -9.592937e-01 -1.202548e+00 -2.500860e+00 1.362983e-01 1.400862e+00 -3.863657e-02 -1.477607e+00 -1.431577e-01 0.000000e+00 
-1.218480e+00 3.465832e+00 1.691932e+00 8.511282e+00 5.085962e+00 5.585257e+00 3.790675e+00 4.985994e+00 1.508368e+00 2.275963e+00 -9.428920e-01 3.643364e+00 -1.512927e-01 3.801524e-01 4.552933e-01 5.819895e-01 9.488329e-01 -7.788445e-01 -2.045839e+00 -2.738450e+00 -2.355684e-01 2.225034e+00 8.369197e-01 -8.446083e-01 -6.786626e-01 0.000000e+00 
-2.443530e+00 1.993392e+00 7.285258e-01 5.780824e+00 1.049543e+00 -1.604839e+00 -2.890687e+00 2.684362e+00 3.187010e+00 4.031900e+00 9.295096e-01 5.344648e+00 -1.512927e-01 1.878651e-01 -1.892558e-01 1.666805e-01 -3.028646e-01 -9.899460e-01 -2.674550e+00 -3.485878e+00 -1.399229e+00 7.341075e-01 5.451422e-01 5.851735e-01 1.511444e-01 0.000000e+00 
