-7.284959e+00 7.019091e+00 -9.212437e-01 -1.004750e+00 1.143367e+00 5.828203e+00 1.727344e+00 2.223544e+00 -1.019129e+00 -1.608012e+00 2.134368e+00 6.688315e-01 -1.068054e-01 -2.421131e-01 -1.241168e+00 7.716636e-01 9.538120e-01 1.277235e-01 -8.426012e-01 -7.752334e-01 -5.304092e-01 3.516723e-01 1.009972e+00 8.928576e-01 9.295448e-02 -1.303483e-02 
-7.527944e+00 3.370474e+00 -8.773948e-01 7.103252e-01 2.209103e+00 2.986375e+00 -1.445409e+00 3.593016e+00 5.431387e-01 3.232978e+00 3.650290e+00 -1.446579e-01 -1.481793e-01 -2.956093e-01 -1.057866e+00 4.950165e-01 6.526041e-02 -1.775857e-01 2.308048e-01 -8.419035e-01 -8.862929e-01 1.049877e+00 1.804757e+00 1.409330e+00 6.247205e-01 -1.148913e-02 
-8.374032e+00 2.637558e+00 2.915150e+00 2.906773e+00 1.249117e+00 3.036112e+00 -5.624461e-01 -1.113238e+00 -4.190171e-02 1.021355e+00 5.840694e+00 1.540349e+00 -1.512927e-01 -3.403183e-01 -4.505695e-01 3.054492e-01 -3.659762e-01 2.925129e-02 7.498138e-01 2.163796e-02 2.155679e-01 1.928321e+00 1.931900e+00 1.148833e+00 7.354301e-01 -7.092869e-03 
-8.218469e+00 3.920527e+00 -3.643581e-01 -2.634209e+00 2.025642e-01 8.378273e+00 -1.337278e+00 -5.395296e-01 3.741643e+00 6.101092e+00 7.327855e+00 3.356676e+00 -1.420075e-01 -1.836565e-01 2.233906e-01 1.671289e-01 -4.480874e-01 -1.145096e-02 8.661743e-01 8.300150e-01 1.391716e+00 1.413366e+00 7.109460e-01 -5.566487e-01 1.916146e-01 -2.897978e-05 
-8.641288e+00 4.491217e+00 3.494841e-01 -1.162364e+00 2.292893e+00 6.881323e+00 1.781469e+00 5.367656e+00 7.023225e+00 6.617433e+00 6.039748e+00 2.595315e+00 -1.453557e-01 9.085808e-02 -1.125910e+00 -7.467706e-01 2.081561e-01 3.125894e-01 2.890284e-01 7.027106e-01 1.983483e+00 7.247369e-01 -1.900587e-02 -3.306145e-01 3.030265e-01 2.856731e-04 
-8.312598e+00 3.560597e+00 1.241083e+00 5.044565e-01 1.629960e+00 5.394641e+00 1.532709e+00 7.311147e+00 4.077406e+00 3.989669e+00 7.675200e-01 2.859318e-01 -1.512927e-01 1.285243e-01 -1.314530e+00 -3.088696e-01 1.167351e+00 1.077205e-01 -8.829457e-01 2.723264e-01 6.388783e-01 -6.899611e-01 -8.704128e-01 4.397994e-01 7.527016e-01 -1.561165e-03 
-7.872677e+00 -2.812029e+00 -1.621423e+00 2.378220e+00 2.098366e+00 5.973070e+00 1.516114e+00 4.878837e+00 3.413901e+00 1.982037e+00 7.467790e+00 4.590853e+00 -1.452217e-01 -1.631031e-02 -2.177924e-01 -3.118056e-01 -1.700775e-01 -4.030723e-01 -2.978801e-01 -2.468045e-01 -1.239338e+00 -1.343759e+00 1.796332e-01 1.612834e+00 -9.174061e-03 -1.046157e-03 
-7.960153e+00 9.994977e-01 -9.232523e-01 1.432256e+00 8.384303e-01 4.417672e+00 1.570318e-01 2.899272e+00 2.096499e+00 4.066725e+00 8.812832e+00 6.122415e+00 -1.498803e-01 -2.768065e-01 7.619069e-01 -3.966144e-01 -1.213961e+00 -6.532477e-01 -2.218967e-01 -6.239215e-01 -1.041467e+00 -6.362227e-01 5.816202e-02 1.977060e+00 -3.816556e-01 -6.070972e-04 
-8.899062e+00 4.682805e+00 -1.273762e-01 -2.476650e+00 6.732968e-01 5.880407e+00 1.235285e+00 1.376906e+00 1.294885e+00 7.477071e+00 1.008126e+01 -3.687969e-01 -1.512927e-01 -4.813921e-01 1.661217e+00 7.381071e-01 -1.322656e+00 -6.059240e-01 -1.776763e-01 -3.551908e-01 -3.776188e-01 -8.246922e-01 3.993973e-01 5.364079e-02 -4.146314e-01 2.104044e-04 
-9.183438e+00 3.622715e+00 -1.489013e+00 -3.137914e+00 -9.237435e-01 4.331489e+00 -1.446485e+00 3.854779e+00 1.955801e+00 1.532963e+00 9.346081e+00 8.574789e-01 -1.512927e-01 -1.196995e-01 8.498362e-01 5.307134e-01 -8.448485e-01 6.133220e-01 5.784736e-01 2.527691e-01 -2.678531e-01 -1.370998e+00 -4.041168e-01 -4.881679e-01 6.104021e-02 3.866243e-03 
-9.667994e+00 4.182448e+00 2.351992e+00 -1.949975e+00 -5.016732e-02 5.127779e+00 5.419180e-01 2.512989e+00 -6.392112e-01 5.245905e+00 7.469368e+00 5.150164e+00 -1.434635e-01 3.494061e-01 -9.962662e-01 -3.321112e-01 2.890597e-01 5.351104e-01 -6.128247e-01 4.394479e-01 1.032410e+00 -8.368896e-01 -7.042710e-01 -9.808316e-01 8.665248e-01 6.731892e-03 
-8.174184e+00 5.498857e+00 4.906303e-01 -3.055325e+00 4.266772e+00 7.686354e+00 1.767561e+00 9.919648e-01 -3.791444e+00 3.161724e+00 7.677940e+00 3.668136e+00 -1.344637e-01 6.481035e-01 -1.131966e+00 -2.101191e-01 3.800727e-01 -1.453549e-02 -1.054164e+00 2.186983e-01 1.774352e+00 -1.446575e-01 3.823104e-02 -1.002335e+00 1.279514e+00 6.846595e-03 
-7.656659e+00 -1.236597e+00 -2.777754e+00 -1.072647e+00 7.535907e-01 1.138851e+00 1.825502e+00 7.970361e+00 -1.594132e-02 3.141335e+00 6.011177e+00 2.558499e+00 -1.260477e-01 2.819849e-01 -5.448035e-01 -2.535742e-01 2.324881e-01 -6.351582e-01 1.028082e-01 4.484468e-01 1.194787e+00 1.342035e+00 3.584466e-01 -2.511812e-01 -2.095452e-01 1.342726e-03 
-6.948588e+00 6.724073e-01 2.526495e-02 -1.676215e+00 -1.398300e+00 1.055133e+00 -9.947848e-01 9.997852e+00 9.208786e-01 2.776403e+00 5.063502e+00 8.550881e+00 -1.257676e-01 -3.017235e-02 9.122954e-02 2.946137e-01 2.332594e-01 -4.462359e-01 4.265114e-01 6.289987e-01 -5.556116e-01 7.212790e-01 -8.505897e-02 -8.928892e-01 3.458797e-02 -4.870820e-03 
-8.870868e+00 3.871655e+00 1.316804e+00 -1.477090e+00 -3.934221e-01 8.957431e+00 4.165325e+00 3.983980e+00 3.714801e+00 7.230799e+00 7.520681e+00 1.661065e+00 -1.410979e-01 3.973437e-01 1.150686e+00 1.341636e-01 -1.546765e-01 3.340439e-01 1.138943e+00 1.410159e+00 -1.138892e+00 -1.597635e+00 -2.825854e+00 -1.683140e+00 -7.076299e-02 -4.789161e-03 
-7.717941e+00 3.400878e+00 -8.358026e-02 -1.686806e+00 2.609099e+00 5.909621e+00 3.742642e+00 2.070975e-01 -2.050420e+00 6.916971e-01 2.458742e+00 4.289792e+00 -1.512927e-01 8.562986e-01 -5.553181e-01 -1.667501e+00 -4.935273e-01 5.549493e-01 5.021084e-01 1.088238e-03 -8.201616e-01 -2.528963e+00 -3.909015e+00 -2.612965e+00 -6.612157e-01 2.105379e-03 
-5.285264e+00 3.152597e+00 -2.052513e+00 -1.840734e+00 4.201107e-01 4.406323e+00 6.507586e+00 7.171277e+00 -6.518467e+00 -9.945583e+00 -1.102142e+00 4.335228e+00 -1.372310e-01 1.586114e+00 -1.713072e+00 -1.532826e+00 2.974467e-01 7.004851e-01 -5.578512e-01 -1.534864e+00 3.012796e-01 -1.245268e+00 -2.625957e+00 -7.793040e-01 3.441026e-01 2.117275e-02 
-4.459897e+00 -1.744654e+00 -6.627584e+00 -3.962030e+00 9.696802e-01 5.841228e+00 -2.160474e+00 4.303396e+00 -6.607304e+00 -8.180480e+00 -3.689912e+00 3.907722e+00 -1.171741e-01 9.669309e-01 -2.169072e+00 1.541213e-01 -2.384365e-01 6.472405e-01 5.646460e-01 -5.451256e-01 9.198494e-01 1.634420e+00 1.066133e+00 1.862095e+00 6.862216e-02 5.668585e-02 
-2.569321e+00 -2.120937e+00 -3.075326e+00 1.147756e+00 3.928713e+00 6.202372e+00 -5.574391e-01 3.442228e+00 -2.330958e-01 -1.462898e+00 6.698488e+00 3.572613e+00 -5.229342e-02 -3.280748e-01 -1.601521e+00 1.799423e+00 -4.464802e-01 1.355741e+00 -7.740519e-02 -6.066918e-02 1.719596e-01 2.693519e+00 1.931086e+00 2.433544e+00 -6.794332e-01 9.816419e-02 
-4.241259e+00 -4.807713e+00 1.198433e+00 -4.373233e+00 4.091001e+00 7.834827e+00 4.549527e+00 6.670868e+00 2.978993e+00 1.781022e+00 7.868903e+00 5.014211e+00 8.966780e-02 -1.552478e+00 -1.749417e-01 2.317233e+00 -1.056653e+00 1.116447e+00 -1.415045e+00 1.551576e+00 -2.606602e-02 1.971239e+00 1.232931e+00 1.918706e+00 -1.324173e+00 1.359544e-01 
-7.034957e+00 -3.323479e+00 3.031593e+00 -3.867533e+00 5.638157e+00 3.022498e+00 2.849239e+00 6.847338e+00 2.155981e+00 -5.270906e+00 5.286171e+00 3.848177e-01 2.501690e-01 -2.610578e+00 3.735828e-01 2.202094e-01 -1.563046e+00 -2.364116e-01 -2.065951e+00 6.159390e-01 -1.981376e-01 1.429813e+00 6.642084e-01 2.194005e-01 -8.460658e-01 1.543387e-01 
-9.989469e+00 -2.018092e+00 1.905120e+00 -6.737652e+00 5.697192e+00 3.559380e-01 3.894067e+00 2.470511e+00 2.054352e+00 -1.118221e-01 6.609776e+00 -1.119243e+00 4.113666e-01 -1.984504e+00 1.250126e+00 -1.395818e+00 2.000382e-01 -4.662743e-01 -2.185123e+00 -3.315406e-01 -1.524910e+00 7.473708e-01 6.613052e-01 5.454077e-01 2.268028e-03 1.480321e-01 
-1.274811e+01 -1.647834e+00 -2.327623e+00 -5.485267e+00 1.943559e+00 -3.879390e-01 2.849986e+00 4.551719e+00 7.378291e+00 2.804566e+00 8.425054e+00 2.409011e+00 5.585507e-01 -1.421653e+00 6.122278e-01 -2.298260e+00 8.195559e-01 -2.860901e-01 4.075795e-01 4.317372e-01 -1.377691e+00 3.248520e-02 5.230430e-01 1.194404e+00 2.598464e+00 1.216864e-01 
-1.130720e+01 6.050965e-01 -3.101047e+00 -2.564175e+00 3.606928e+00 -1.385570e+00 2.891450e+00 1.941259e-01 4.104692e+00 1.049812e+00 9.026500e+00 4.013454e+00 6.756376e-01 -6.737334e-01 2.274841e-01 -2.226851e+00 1.050443e+00 1.552289e-01 2.120556e+00 1.190186e+00 1.692616e-01 -8.548012e-02 -5.630974e-01 4.378726e-01 2.449510e+00 8.399070e-02 
-1.348435e+01 -1.573934e+00 -5.956626e+00 -1.856491e+00 5.252839e+00 5.931149e+00 5.509233e+00 1.097078e+00 1.293237e+00 -3.236508e+00 1.004983e+01 1.081079e+01 7.264654e-01 4.288406e-02 -3.001812e-01 -1.296831e+00 6.308805e-01 1.557109e+00 2.841694e+00 2.186263e+00 -3.073735e-01 -1.002282e+00 -1.168139e+00 -3.103439e-01 1.089589e+00 4.516143e-02 
-1.299001e+01 -9.176216e-01 -7.414634e+00 -3.299825e+00 4.818697e+00 7.799175e+00 8.515371e+00 5.044139e+00 4.669478e+00 9.322798e-02 7.986753e+00 6.927419e+00 7.473628e-01 -6.635799e-02 -7.572818e-01 -9.321687e-01 3.946145e-01 1.944608e+00 3.339193e+00 2.166481e+00 1.093313e+00 8.312222e-01 5.740768e-01 -3.751483e-02 -3.772803e-01 1.990006e-02 
-1.169228e+01 -2.387382e+00 -6.654985e+00 -1.963040e+00 9.123220e+00 9.228159e+00 1.096934e+01 5.898445e-01 2.084486e+00 -2.557837e+00 7.393208e+00 6.399973e+00 7.484953e-01 3.260359e-01 -4.133068e-01 -4.751822e-01 -1.833458e-01 7.869712e-01 1.071399e+00 1.546499e+00 1.357671e+00 7.249991e-01 2.257993e-01 -7.138015e-01 -1.319110e+00 8.583754e-03 
-1.253503e+01 -2.774589e+00 -7.412710e+00 -5.378284e-01 1.139478e+01 1.366189e+01 1.099380e+01 5.914306e+00 7.865178e+00 3.580860e+00 1.016724e+01 4.332461e+00 7.641230e-01 9.628677e-02 -4.869649e-01 -4.472308e-01 -9.484781e-01 -1.508059e+00 -7.499634e-01 -1.038550e-01 1.002604e+00 4.041342e-01 4.226540e-01 -1.756379e-01 1.362786e-01 7.059044e-03 
-1.208167e+01 -2.711984e+00 -8.333499e+00 -4.154219e+00 5.899652e+00 8.356788e+00 1.200251e+01 7.450351e+00 3.320383e+00 -3.851328e+00 5.390579e+00 5.512719e+00 7.610041e-01 3.697662e-01 5.860851e-01 6.873251e-01 -1.873441e-02 -2.168653e+00 -1.295967e+00 -2.065162e+00 1.383044e+00 -1.843908e-01 2.326710e-01 2.172788e+00 1.222547e+00 1.108772e-02 
-1.231388e+01 -3.190145e+00 -8.811531e+00 -6.946626e+00 -1.109815e+00 4.485043e+00 7.479509e+00 6.626905e+00 6.072201e+00 2.853243e+00 8.109878e+00 8.052439e+00 7.764036e-01 1.215869e+00 1.955675e+00 2.556567e+00 1.066875e+00 -1.023538e+00 -2.027925e+00 -3.101781e+00 4.538541e-01 -9.854101e-01 1.592176e-01 2.153215e+00 9.650995e-01 4.099011e-05 
-9.954022e+00 7.508224e-01 -2.518950e+00 1.147687e+00 4.532252e+00 7.336748e+00 2.400675e+00 7.148764e+00 2.059021e+00 -1.030674e+00 1.928583e+01 1.065272e+01 7.977936e-01 1.587826e+00 2.810596e+00 3.155485e+00 1.302287e+00 8.196688e-02 -5.839037e-01 -2.467883e+00 2.938772e-01 -7.704067e-01 7.624868e-01 3.697163e-01 -8.908466e-01 -2.174848e-02 
-7.519506e+00 5.272381e+00 2.462848e+00 2.145595e+00 6.960789e+00 4.032284e+00 2.858160e-01 8.334370e+00 3.568809e+00 2.966621e+00 1.398569e+01 6.587957e+00 7.459332e-01 4.119586e+00 1.590007e+00 1.404136e+00 1.836724e-01 -6.433446e-01 -2.911313e+00 -2.300899e+00 -2.258279e+00 -1.127427e+00 -6.620170e-01 -4.057250e+00 -3.818164e+00 -3.440408e-02 
-6.539726e+00 7.109732e+00 1.806736e+00 -2.188895e+00 2.274185e+00 5.663649e+00 3.259943e+00 8.066005e+00 7.200453e-01 -9.558249e-02 4.301255e+00 1.790726e+00 6.674969e-01 5.072081e+00 -1.457497e+00 -1.038861e+00 -2.353115e+00 -3.687204e+00 -5.212569e+00 -1.346972e+00 -4.659649e+00 2.518610e-01 -4.835773e-01 -6.947804e+00 -5.437824e+00 9.085119e-04 
6.576898e+00 1.580435e+00 -3.953695e+00 -4.359973e+00 -3.197505e+00 -9.234974e+00 -4.454619e+00 -5.123112e+00 1.104554e+00 -9.243877e-01 -4.684084e+00 -6.607386e+00 6.695315e-01 4.272699e+00 -4.088641e+00 -2.317181e+00 -3.322325e+00 -4.729867e+00 -5.912818e+00 -1.372287e+00 -5.978272e+00 1.246683e+00 -2.071078e+00 -6.572042e+00 -4.939294e+00 5.224987e-02 
8.358178e+00 -4.690692e+00 -4.504983e+00 -7.365102e+00 -8.824618e+00 -1.209247e+01 -1.963966e+00 -9.420743e+00 4.550453e+00 -1.503056e+00 -6.118305e+00 -9.938730e+00 8.405370e-01 2.673894e+00 -4.722364e+00 -1.416238e+00 -2.831996e+00 -3.236596e+00 -4.656555e+00 -1.257721e+00 -4.103594e+00 2.015490e+00 -9.446856e-01 -4.702040e+00 -3.334998e+00 8.678533e-02 
6.395039e+00 -9.270612e+00 -5.967198e+00 -1.187793e+01 -1.113914e+01 -1.665375e+01 -3.963664e+00 -1.281362e+01 7.887022e+00 -6.685031e+00 -1.366474e+01 -1.224379e+01 9.206625e-01 -8.310926e-03 -3.706655e+00 3.003216e-03 -2.392305e+00 -1.078994e+00 -1.061157e+00 8.236043e-01 -4.311929e-01 1.562138e+00 -1.018357e+00 -2.355296e+00 -1.172478e+00 7.962581e-02 
6.920673e+00 -1.107657e+01 -4.267700e+00 -1.258990e+01 -9.937974e+00 -1.390974e+01 -3.274141e+00 -8.606714e+00 7.406260e+00 -1.938689e+00 -1.471862e+01 -1.206606e+01 9.758581e-01 -8.714532e-02 -2.342860e+00 -4.307647e-02 -1.576660e+00 4.389833e-01 2.310314e-01 8.779499e-01 1.178302e+00 1.014485e-01 -1.566127e+00 -9.757507e-01 -2.611186e-01 3.753750e-02 
7.254096e+00 -1.375990e+01 -4.057320e+00 -1.370910e+01 -8.035795e+00 -1.363212e+01 3.184896e-01 -7.686090e+00 7.487340e+00 -5.798354e+00 -1.216041e+01 -1.140611e+01 1.000000e+00 4.011683e-01 -1.062854e+00 -6.935406e-02 -1.207086e-01 8.424910e-01 1.944098e+00 9.276260e-01 2.165957e+00 -6.377892e-01 -1.060755e+00 5.373608e-01 6.574340e-01 1.031356e-02 
7.492923e+00 -1.416034e+01 -5.675305e+00 -1.433282e+01 -8.181376e+00 -1.244812e+01 2.847066e-01 -6.092999e+00 5.257537e+00 -9.777030e+00 -1.174923e+01 -1.166316e+01 9.885557e-01 3.378856e-01 -3.033841e-01 -2.380273e-01 4.631742e-01 4.968276e-01 2.099077e+00 2.991179e-01 1.520738e+00 -6.278020e-01 -1.310825e+00 3.427343e-01 1.087768e+00 -9.072930e-03 
8.114756e+00 -1.304299e+01 -5.610166e+00 -1.161001e+01 -7.804988e+00 -7.664067e+00 -1.104958e+00 -3.240692e+00 5.772437e+00 -8.069638e+00 -1.246263e+01 -9.158069e+00 9.658815e-01 1.739355e-01 7.964491e-01 -4.308712e-01 1.288591e+00 1.681501e-01 2.025915e+00 1.280801e-02 5.004410e-01 1.158591e-01 -1.351438e-01 -1.496357e-01 1.061032e+00 -1.844456e-02 
8.179771e+00 -1.295194e+01 -4.681413e+00 -1.132357e+01 -7.569240e+00 -6.398382e+00 -1.066828e+00 -3.225721e+00 5.124702e+00 -7.357171e+00 -1.285383e+01 -7.751243e+00 9.475527e-01 1.470703e-01 8.739529e-01 -1.205359e-01 1.226172e+00 2.060661e-01 1.311763e+00 -1.523203e-01 8.459945e-02 3.679473e-01 8.985707e-01 -4.275112e-01 9.913731e-01 -1.958643e-02 
7.780350e+00 -1.038186e+01 -6.708622e+00 -8.770771e+00 -7.501113e+00 -6.527419e+00 1.058297e+00 -6.617524e+00 8.133053e+00 -7.684003e+00 -1.235628e+01 -8.056909e+00 9.282787e-01 2.674603e-01 7.105678e-01 1.437597e-01 6.693600e-01 2.977009e-02 6.896461e-01 -2.931623e-01 3.570604e-03 1.846764e-01 1.328167e+00 -2.216389e-01 8.182128e-01 -2.059248e-02 
8.395477e+00 -1.112115e+01 -5.728756e+00 -9.621573e+00 -7.302983e+00 -6.457629e+00 -1.558523e+00 -3.981585e+00 5.916965e+00 -5.476995e+00 -1.393996e+01 -7.256877e+00 9.094250e-01 6.535403e-01 3.953742e-01 2.246086e-01 3.665600e-01 -4.564430e-01 5.973961e-01 -1.323861e+00 5.376673e-03 -5.638623e-02 1.827330e+00 7.362594e-02 7.411866e-01 -2.350295e-02 
9.344204e+00 -1.040555e+01 -4.367696e+00 -9.114208e+00 -7.789266e+00 -4.186213e+00 -2.324923e+00 -2.844907e+00 6.299687e+00 -2.368892e+00 -1.302776e+01 -5.314188e+00 8.819830e-01 1.246058e+00 3.355910e-01 6.673661e-01 6.189163e-01 -1.030767e-01 6.372096e-01 -2.260074e+00 6.438513e-02 -1.147882e+00 2.854870e+00 1.237060e+00 4.738331e-01 -4.350825e-02 
1.066555e+01 -1.096323e+01 -4.728833e+00 -9.319051e+00 -9.707378e+00 -4.582004e+00 -5.994523e+00 -5.085146e+00 5.759454e+00 -8.780749e-01 -1.214996e+01 -5.416670e+00 8.531858e-01 1.359683e+00 1.775536e+00 1.331328e+00 1.947967e+00 1.514435e+00 9.569559e-01 -1.679959e+00 -1.442126e+00 -1.684003e+00 2.945053e+00 3.627359e+00 8.094145e-01 -9.168012e-02 
1.287560e+01 -8.782863e+00 -3.871753e+00 -5.827450e+00 -6.814299e+00 -4.279183e+00 -8.024075e+00 -5.743818e+00 2.472396e+00 4.290888e+00 -7.065981e+00 -6.607846e+00 7.388570e-01 9.145839e-01 2.882406e+00 2.074844e+00 2.874388e+00 2.929320e+00 1.866225e+00 -7.474378e-01 -1.874924e+00 -2.321743e+00 1.702730e+00 4.610760e+00 4.083095e-01 -1.205936e-01 
1.342819e+01 -3.054807e+00 6.799134e-01 -1.525116e+00 -2.182934e-01 -1.626364e+00 -7.108739e+00 -9.742761e+00 -5.894059e-01 5.918381e+00 1.215948e+00 -2.562975e+00 5.225873e-01 1.805670e-01 3.679953e+00 2.448168e+00 3.126552e+00 3.584318e+00 2.371125e+00 8.035804e-01 -1.368042e+00 -2.229468e+00 2.803913e-01 4.472056e+00 4.553678e-01 -1.133014e-01 
1.253580e+01 5.227190e-02 3.302148e+00 1.360767e+00 2.112791e+00 3.667093e+00 -5.505003e+00 -9.890718e+00 -2.134598e+00 2.746530e+00 3.343082e+00 -4.699487e+00 4.443143e-01 -4.575125e-01 2.603980e+00 1.733030e+00 2.081401e+00 2.027349e+00 2.518187e+00 7.583317e-01 4.234184e-01 -1.870533e+00 -5.364673e-01 2.858620e+00 -2.168313e-01 -6.435512e-02 
1.173828e+01 3.018973e+00 3.925055e+00 2.719600e+00 3.750665e+00 3.300482e+00 -3.236156e+00 -9.851905e+00 -3.084388e+00 1.296061e+00 5.005785e+00 -4.094011e+00 4.339503e-01 -3.221305e-01 6.172495e-01 -1.878361e-01 8.042108e-01 -3.442677e-01 1.020947e+00 1.639235e-01 1.661306e+00 -2.534439e-01 1.781400e-01 9.276398e-01 -1.346986e+00 4.776627e-03 
1.143300e+01 1.200147e+00 3.170824e+00 2.457199e+00 1.337970e+00 5.848331e+00 -6.168707e+00 -3.572154e+00 -5.632778e+00 3.919712e+00 5.332201e+00 -6.926485e+00 4.613999e-01 -4.905572e-02 -1.089323e+00 -1.654028e+00 -3.016773e-01 -1.539762e+00 -1.060886e+00 -8.418302e-02 1.840160e+00 2.062249e+00 1.395347e+00 -5.583352e-01 -4.819028e-01 4.948626e-02 
1.236894e+01 -5.424972e-01 -1.936049e-01 1.947723e+00 -1.552221e+00 2.387752e+00 -5.957270e+00 -4.595513e+00 -1.075353e-01 6.222489e+00 4.859588e+00 -8.184405e+00 5.379276e-01 6.217716e-02 -2.260534e+00 -1.709283e+00 -1.179942e+00 -2.488568e+00 -1.761795e+00 -3.189856e-01 1.730115e+00 3.963241e+00 1.035966e+00 -1.992394e+00 5.389447e-02 7.298728e-02 
1.197519e+01 -3.613607e+00 -2.908661e+00 2.383192e-01 -2.934577e+00 -1.180970e+00 -4.565361e+00 -3.318115e+00 6.688220e+00 7.260049e+00 6.245050e-01 -5.063804e+00 6.397569e-01 -2.820652e-01 -2.019438e+00 -1.139408e+00 -1.419617e+00 -2.066112e+00 -2.000756e+00 1.661065e-01 2.494525e+00 3.199715e+00 2.565473e-01 -3.096986e+00 1.658374e+00 6.894441e-02 
1.177807e+01 -5.876819e+00 -1.581620e+00 -2.070668e+00 -6.555902e+00 -1.993844e+00 -5.632757e+00 -1.328349e+00 1.057132e+01 4.805720e+00 -2.602335e+00 -4.755879e+00 7.097082e-01 -8.329929e-01 -1.208631e+00 -1.103444e-01 -1.444622e+00 -1.131582e+00 -7.262707e-01 1.129713e-01 3.502079e+00 6.600285e-01 -7.091252e-01 -3.182522e+00 2.850668e+00 3.659857e-02 
1.031811e+01 -6.229883e+00 -1.832207e+00 -2.631689e+00 -6.490749e+00 -1.964653e+00 -5.500432e+00 7.266888e+00 5.026373e+00 5.910833e+00 -6.421766e+00 -3.488790e-01 7.202317e-01 -8.771847e-01 2.881155e-02 6.587139e-01 -7.947403e-01 -1.705230e-01 -9.323077e-02 2.180463e-01 2.668296e+00 -1.218539e+00 -1.848028e+00 -1.633034e+00 2.538495e+00 -5.411386e-03 
9.032520e+00 -5.277514e+00 -1.283554e+00 -3.840383e+00 -5.432043e+00 -8.517609e-01 -4.924879e+00 7.622381e+00 4.023531e+00 3.351471e+00 -7.529886e+00 3.711470e+00 6.806831e-01 -7.719443e-01 8.825508e-01 8.173529e-01 -5.130610e-02 1.253374e+00 -8.287191e-03 1.583874e-01 8.988083e-01 -1.866499e+00 -2.888610e+00 4.941567e-01 1.759992e+00 -3.324841e-02 
8.962044e+00 -3.769202e+00 2.358753e-01 -2.850524e+00 -4.349122e+00 -2.218165e+00 -3.829069e+00 5.548002e+00 3.869421e+00 -1.252964e+00 -5.076888e+00 3.394994e+00 6.272125e-01 -2.860935e-02 1.079811e+00 8.555036e-01 1.290959e+00 1.035900e+00 2.421427e-03 -1.296975e-01 -1.382651e+00 -1.464985e+00 -4.015416e+00 2.235625e+00 4.782823e-01 -4.002700e-02 
8.596379e+00 -2.694406e+00 1.471103e+00 -2.217781e+00 -1.359846e+00 -1.908523e+00 -5.676501e+00 4.025136e+00 1.817298e+00 -6.055434e+00 -8.039908e-01 2.172146e+00 5.899757e-01 8.332660e-01 1.453285e+00 1.054967e+00 2.121154e+00 8.032266e-01 -8.223982e-01 6.946701e-01 -2.274510e+00 -2.749143e+00 -1.727523e+00 8.888792e-01 -5.136667e-01 -3.933771e-02 
1.039313e+01 -2.122383e+00 1.067982e+00 3.011805e+00 -3.347349e+00 -1.424164e+00 -5.773108e+00 2.152256e+00 -1.195435e+00 -9.462794e+00 1.393410e+00 2.812195e+00 5.654504e-01 1.248416e+00 2.421344e+00 1.560417e+00 1.845944e+00 -5.970008e-01 -1.648977e+00 2.318294e+00 -4.161925e+00 -2.750115e+00 2.126035e+00 1.039705e-01 6.299273e-01 -3.368499e-02 
1.248331e+01 1.165500e+00 3.575226e+00 3.834220e+00 -1.916796e+00 -5.360753e+00 -4.795084e-01 -2.052297e+00 -7.189754e+00 -1.181227e+00 -6.320640e+00 1.434536e+00 5.148757e-01 1.191674e+00 2.899832e+00 1.858381e+00 1.423467e+00 -1.213073e+00 -2.055672e+00 2.281606e+00 -4.352030e+00 -2.131478e+00 4.194673e+00 -1.810793e-01 1.193722e+00 -2.820652e-02 
1.326066e+01 6.407565e+00 6.985900e+00 3.353196e+00 -7.055651e+00 -8.736935e+00 5.163906e+00 -1.222290e+01 -5.377629e+00 6.940109e+00 -1.798711e+00 6.913435e+00 4.963376e-01 4.413530e-01 2.678859e+00 1.922183e+00 2.023233e-01 -1.464961e-01 -2.061072e+00 7.504309e-01 -2.453159e+00 -1.810728e+00 4.201775e+00 4.290248e-01 1.342201e+00 -2.488627e-02 
1.312098e+01 7.539779e+00 7.804050e+00 4.728859e+00 -5.571060e+00 -8.530499e+00 2.630219e-01 -1.054744e+01 -6.748993e+00 6.716477e+00 -1.133265e-01 6.090134e+00 4.834995e-01 -1.473912e-01 1.744894e+00 1.123845e+00 8.056126e-02 1.891113e-01 -1.593789e+00 -5.185575e-01 5.017630e-01 -1.173833e+00 1.606893e+00 1.772482e+00 3.558009e-01 -2.205852e-02 
1.228106e+01 8.084770e+00 8.564487e+00 3.576102e+00 -2.252697e+00 -1.014465e+01 -2.392219e+00 -5.865971e+00 -1.046946e+01 7.597228e+00 4.348774e-01 7.195398e+00 4.567071e-01 -4.460610e-01 1.110310e+00 5.723381e-01 2.981453e-01 9.442539e-01 -1.168119e+00 -6.749878e-01 2.522083e+00 -1.726383e+00 3.343746e-01 1.280218e+00 -9.161848e-01 -2.602369e-02 
1.223615e+01 9.051369e+00 8.405155e+00 4.125573e+00 -3.372716e+00 -1.262584e+01 7.057660e-01 -2.721949e+00 -1.051300e+01 6.524680e+00 1.424974e+00 3.072559e+00 4.243983e-01 -5.824121e-01 9.206859e-01 6.737412e-01 6.235738e-01 4.593748e-01 -1.117436e+00 6.976953e-01 1.347174e+00 -7.349395e-01 4.896773e-01 8.278551e-01 -5.414566e-01 -2.795255e-02 
1.147277e+01 1.120332e+01 9.547038e+00 5.145565e+00 -3.433553e+00 -1.252986e+01 1.567595e+00 -3.525235e+00 -1.212754e+01 8.707881e+00 3.833228e+00 3.841298e+00 3.957698e-01 -7.135972e-01 8.064237e-01 3.669490e-01 9.117783e-01 1.287651e-01 -2.305691e-01 1.725449e+00 5.587589e-01 6.204197e-01 -8.736372e-01 3.250546e-01 -1.708745e-01 -2.502451e-02 
1.061307e+01 1.058393e+01 1.068148e+01 7.061996e+00 -2.683758e+00 -1.292508e+01 1.771592e+00 -4.981936e+00 -9.594648e+00 8.609538e+00 2.326774e+00 5.059901e+00 3.742054e-01 -9.445912e-01 3.467410e-01 -1.707354e-01 7.050788e-01 2.112176e+00 1.082184e+00 8.466879e-01 8.480496e-01 1.125374e+00 -2.434435e+00 -2.290819e+00 -4.185248e-01 -1.802466e-02 
9.524613e+00 1.135061e+01 9.261069e+00 6.666781e+00 -1.953351e+00 -1.114788e+01 5.702111e+00 -1.942183e+00 -7.826536e+00 2.186613e+00 1.609251e+00 5.347355e+00 3.566809e-01 -9.987164e-01 -5.112724e-01 -5.754724e-01 1.006573e+00 3.678411e+00 2.412643e+00 5.584377e-01 1.247694e+00 -2.410787e-01 -4.456713e+00 -4.032985e+00 -1.880072e+00 -7.362640e-03 
8.487274e+00 1.071143e+01 7.694462e+00 6.890359e+00 6.448061e+00 -7.905912e+00 2.871947e+00 7.267730e-01 -7.036636e+00 -2.386862e+00 -8.917133e+00 2.269070e-01 3.538194e-01 -1.096193e+00 -5.890175e-01 -4.302088e-01 1.567857e+00 2.423039e+00 3.653763e+00 1.020259e+00 1.203622e+00 -1.197983e+00 -3.623664e+00 -3.346911e+00 -2.503232e+00 -9.496814e-03 
7.542084e+00 8.583209e+00 8.163185e+00 1.026425e+01 1.039259e+01 -2.976223e+00 3.809605e+00 -1.411209e-01 -1.461194e+01 -8.077483e+00 -1.070974e+01 -3.142565e+00 3.691496e-01 -1.175624e+00 -9.468321e-01 4.967558e-01 2.533976e+00 1.136095e+00 3.015335e+00 -3.114924e-02 -3.151562e-02 -1.582812e+00 -1.076418e+00 -1.397987e+00 -2.660280e+00 -2.477964e-02 
6.123368e+00 9.022545e+00 9.079379e+00 1.310255e+01 3.258465e+00 1.257909e+00 7.819141e+00 1.356444e-01 -1.219186e+01 -4.376737e+00 -8.248285e+00 -3.211300e+00 3.204870e-01 -1.139780e+00 -1.044169e+00 7.280855e-01 1.787973e+00 -2.056153e-01 1.875266e+00 2.194883e-01 -5.671005e-01 -6.981313e-01 3.854121e-01 5.856768e-01 -1.943354e+00 -5.070905e-02 
4.828444e+00 7.460889e+00 1.105239e+01 1.623057e+01 5.321922e+00 -6.531119e-01 3.072768e+00 -1.804197e+00 -1.316298e+01 -2.200539e+00 -5.715108e+00 -6.234944e+00 2.494490e-01 -1.329901e+00 -1.052089e+00 1.646439e-01 6.947678e-01 -6.144220e-01 1.243387e+00 -5.135163e-01 -1.073101e+00 1.771695e+00 4.795798e-01 6.984223e-01 -5.053824e-01 -8.275216e-02 
4.145195e+00 6.051748e+00 9.890287e+00 1.284707e+01 7.955320e+00 3.088627e-01 4.337808e+00 -1.277191e+00 -1.125177e+01 -3.398273e+00 -8.486067e+00 -7.943672e+00 1.601245e-01 -1.871987e+00 -2.174373e+00 -1.720994e+00 -5.489042e-01 1.451855e-01 6.493901e-01 -1.363159e+00 -6.284133e-01 1.892369e+00 -5.029969e-01 6.432937e-01 2.157421e-01 -9.798007e-02 
1.881663e+00 4.808163e+00 8.580951e+00 1.386583e+01 4.972055e+00 3.715236e+00 2.982690e+00 -4.800210e+00 -6.223515e+00 -6.168816e+00 -7.098742e+00 -3.303291e+00 3.557003e-02 -2.071062e+00 -2.435313e+00 -2.393080e+00 -2.089705e+00 -1.252964e+00 7.507147e-01 -1.523586e+00 -8.787792e-01 2.801759e+00 1.627350e-02 3.106775e-01 4.799204e-01 -8.184256e-02 
-1.763174e+00 -5.229579e-01 1.710127e+00 1.154040e+01 4.159326e+00 2.320685e+00 1.048386e+00 -1.508416e+00 -6.199752e+00 -4.907583e+00 -4.340000e+00 -3.598416e+00 -6.247389e-02 -2.146593e+00 -2.630000e+00 -2.989105e+00 -2.085381e+00 -2.460128e+00 -4.172394e-01 -2.331952e+00 2.603006e-02 2.511540e+00 5.563173e-01 1.768045e-02 4.517580e-01 -4.714497e-02 
-2.572682e+00 -1.428321e+00 3.177070e+00 6.435378e+00 9.550995e-01 2.094550e+00 -2.900449e+00 -6.082481e+00 -1.680200e+00 -1.364517e+00 -6.234754e+00 -6.007970e+00 -4.846466e-02 -1.618425e+00 -2.252922e+00 -2.199572e+00 -1.733409e+00 -1.366441e+00 -4.993213e-01 -1.799047e+00 1.007779e+00 2.177506e+00 1.089915e+00 -5.545231e-01 -6.401633e-01 -1.544890e-02 
-4.360599e+00 -3.980008e+00 -2.353298e+00 6.135386e+00 -2.336842e+00 -9.669914e-01 -4.380383e+00 -5.059054e-01 -9.657290e-01 -3.018836e+00 -8.829659e+00 -4.332543e+00 -3.358305e-02 -6.397525e-01 -7.135284e-01 -6.268301e-01 -9.984248e-01 -6.155483e-02 6.172473e-01 -5.485867e-01 6.466960e-01 1.344151e+00 9.306370e-01 -2.575967e-01 1.941252e-02 -4.123724e-03 
-4.911751e+00 -4.727921e+00 -3.851950e-01 7.901285e+00 1.387935e+00 2.862468e+00 -3.298162e+00 -2.625709e-01 2.047004e+00 -1.663615e+00 -7.626528e+00 -6.137044e+00 -5.611992e-02 -3.921691e-01 -2.673061e-01 -4.650079e-01 9.428473e-02 3.689230e-01 3.733753e-01 -2.767860e-01 1.538133e+00 6.807070e-01 -7.915640e-02 5.492199e-01 9.785076e-01 -3.483546e-03 
-3.792402e+00 -2.440800e+00 3.571090e-01 5.815318e+00 3.635134e+00 5.022963e+00 -1.495692e+00 -1.184891e+00 -1.342600e+00 -1.048490e-01 -4.932096e+00 -3.436817e+00 -7.926488e-02 2.316421e-01 3.894514e-01 2.526653e-01 -3.577141e-01 8.534587e-01 9.266005e-01 -2.977038e-01 1.739169e-01 2.508682e-01 -7.491335e-01 6.756384e-01 1.233788e+00 -4.503178e-03 
-4.817626e+00 -3.534455e+00 -5.031726e-01 7.066835e+00 -1.862736e-01 9.664497e-01 -5.726725e+00 1.947679e+00 1.911770e+00 -3.217293e+00 -5.437435e+00 -1.563295e+00 -4.304147e-02 2.244001e-01 1.029203e+00 1.893330e-01 3.942976e-02 3.400513e-01 8.395776e-01 -3.800535e-01 5.513802e-01 -2.356293e-01 -1.231665e+00 4.970270e-01 1.820514e+00 -3.608596e-03 
-3.249451e+00 -2.629484e+00 -1.030983e+00 4.764040e+00 2.717556e+00 4.614020e+00 -4.654621e+00 -7.414458e-01 3.562284e-01 -5.987664e+00 -6.546013e+00 -4.504786e-01 -6.263816e-02 8.855524e-02 1.243819e+00 5.455418e-01 7.045773e-01 -2.336975e-01 -1.123463e+00 -1.201301e-01 1.202650e+00 9.512650e-01 1.296094e-01 1.361363e+00 1.297469e+00 -4.688633e-03 
-4.061226e+00 5.124384e-01 1.255516e+00 8.624073e+00 3.546981e+00 7.264827e+00 -3.618965e+00 2.272607e+00 1.944295e-02 -4.880532e+00 -4.334435e+00 1.472358e+00 -8.247626e-02 -1.798104e-01 9.602305e-01 5.630372e-01 -3.658532e-01 -1.792405e-02 -7.964420e-03 2.016070e+00 1.032607e+00 2.614346e-01 6.917717e-01 2.156114e+00 1.492613e+00 -1.583532e-02 
-3.727826e+00 1.754850e+00 2.205473e+00 8.559586e+00 6.000193e-01 -3.743539e+00 -3.150222e+00 4.665893e+00 4.359889e+00 1.374818e+00 1.323217e+00 1.532703e+00 -8.299065e-02 -2.132159e-01 5.037354e-01 -5.009304e-01 -7.916405e-01 2.694424e-01 -9.007041e-01 1.199477e+00 -1.454136e-02 -6.031987e-01 7.247137e-01 1.014445e+00 5.706881e-01 -1.863766e-02 
-5.477490e+00 -9.254705e-01 6.937850e-01 3.339797e+00 7.828743e-01 5.105407e+00 3.601425e+00 4.407045e+00 1.217113e+00 -3.439675e+00 1.408519e+00 4.908179e+00 -1.120418e-01 1.427807e-01 4.990232e-01 -1.157479e+00 -1.822728e+00 2.917072e-01 -1.271627e+00 3.667847e-01 -1.127988e+00 -1.155046e+00 -6.414523e-02 2.835494e-01 2.751878e-01 -1.475067e-02 
-3.607398e+00 6.081476e-01 -3.254769e+00 3.447976e+00 5.446821e+00 1.190209e+00 -2.267432e+00 -1.881372e+00 -3.258600e+00 -3.084524e+00 -4.345266e+00 6.850507e-01 -1.410437e-01 -1.386000e-01 7.758752e-01 -7.580079e-01 -1.681980e+00 8.540992e-02 1.668572e-01 -3.813009e-01 -2.025702e+00 -2.627220e+00 -8.627392e-01 -1.777224e-01 -8.539808e-01 -1.103959e-02 
-3.407537e+00 3.580905e+00 -1.801759e+00 2.066240e+00 2.582116e+00 -1.560181e+00 -2.226437e+00 -9.370017e-02 -1.946541e+00 -2.971587e+00 -8.244562e-02 3.272123e+00 -1.272031e-01 -3.338891e-01 1.035272e+00 -1.629952e-01 -1.250943e+00 -9.629612e-01 -6.002414e-01 -9.329119e-01 -1.313438e+00 -7.531107e-01 1.287524e+00 5.578551e-01 -1.164855e+00 -4.287160e-03 
-5.455803e+00 3.381037e+00 -3.367941e-01 7.864628e-01 1.274481e-01 4.235406e-01 -2.142796e+00 -3.212247e+00 -7.194386e+00 -3.172922e+00 1.180088e+00 -1.919173e+00 -1.306080e-01 -7.068866e-01 4.070456e-01 2.514718e-01 -1.072176e+00 -1.651391e+00 2.944584e-01 -1.473105e-01 1.433381e-01 1.464646e+00 1.782838e+00 1.559421e+00 -3.736762e-01 2.110088e-03 
-6.222733e+00 2.864444e+00 -1.580179e+00 -1.584160e+00 -1.372245e+00 2.487534e+00 -1.125452e+00 -1.494709e+00 -5.805477e-01 3.042141e+00 1.435118e+00 3.860146e-01 -1.386955e-01 -4.278157e-01 3.325035e-01 1.962130e-01 2.086054e-01 -2.881585e-01 -1.883416e-02 -4.625122e-01 1.311668e+00 6.657605e-01 1.143584e+00 8.519886e-01 -2.845331e-01 4.067433e-03 
-5.734233e+00 3.001606e+00 -2.108200e+00 -8.770585e-02 -8.329554e-01 6.386433e-01 -3.554476e+00 -4.641769e-01 3.381636e+00 2.822804e+00 2.693058e+00 2.597235e-01 -1.247470e-01 -1.157160e-02 5.261733e-01 6.248983e-02 5.657175e-01 7.391781e-01 -7.450539e-01 2.491538e-01 1.542307e+00 1.078801e+00 7.844741e-01 1.028892e+00 1.262670e+00 6.290317e-04 
-5.407400e+00 5.433139e+00 6.500922e-02 3.546351e+00 1.621526e+00 -1.761903e+00 -3.833158e+00 5.090604e+00 -3.905749e+00 -2.515286e-01 3.421012e+00 7.600093e-01 -1.097964e-01 -4.742670e-02 5.363225e-01 2.208489e-02 6.027144e-01 7.767269e-01 -5.175309e-02 9.406546e-01 1.183889e+00 -7.096764e-01 -1.710888e-01 1.545602e+00 1.053715e+00 2.302766e-04 
-5.921328e+00 4.727557e+00 -8.469390e-01 1.049795e+00 2.326453e+00 -1.177010e+00 4.568255e-01 1.206634e+00 -1.377805e-01 2.396283e+00 5.331599e+00 4.207181e+00 -1.419123e-01 -2.223093e-01 2.612894e-01 -2.149763e-01 -7.889561e-02 2.839440e-01 9.894403e-01 1.565862e+00 6.605743e-01 -9.965187e-01 1.805792e-01 1.472444e+00 9.763119e-01 -2.759385e-03 
-6.366320e+00 4.683082e+00 -2.100385e+00 8.606610e-01 9.316851e-01 3.136595e+00 1.572170e+00 3.589331e+00 -2.369221e+00 2.399957e+00 7.843855e+00 3.680858e+00 -1.289614e-01 -2.362831e-01 -1.544589e-01 -5.584234e-01 -5.560514e-01 -2.774449e-01 1.411060e+00 1.192600e+00 -6.198492e-02 8.416133e-02 5.306646e-01 1.135794e+00 5.315375e-01 -2.537918e-03 
