-1.167005e+01 -1.856178e+00 2.202457e+00 3.990088e+00 6.740264e+00 1.487579e+00 1.204530e+00 5.854235e+00 4.736032e+00 -4.874496e+00 5.102519e+00 1.447151e+00 -7.321835e-02 -6.395473e-02 -2.320261e-01 -1.805163e-01 -3.105668e-01 6.874864e-02 5.653893e-01 8.092834e-01 6.342528e-01 6.188698e-02 1.967877e+00 1.038197e+00 -7.449545e-01 -3.599179e-03 
-1.083916e+01 -1.127036e+00 2.860617e+00 5.310315e+00 8.561752e+00 2.041421e-01 2.806237e+00 8.672735e+00 3.398423e+00 1.995562e+00 1.044543e+01 -4.403118e-01 -9.112847e-02 -9.870338e-02 -4.234205e-01 -1.065321e+00 -6.583148e-01 -5.437000e-02 4.806247e-01 6.703051e-01 4.657874e-02 -2.180751e-01 1.528163e+00 1.491609e+00 -3.114742e-01 -1.036644e-03 
-1.240526e+01 -3.380880e+00 9.707955e-01 1.777141e+00 6.173264e+00 4.956244e+00 4.450094e+00 7.616249e+00 5.714272e+00 1.529859e+00 7.622046e+00 -1.333890e+00 -8.225918e-02 1.262598e-01 -4.246105e-01 -1.325002e+00 -6.326589e-01 -5.550910e-01 -1.589971e-01 -1.381314e-01 -1.143081e+00 -3.261901e-01 1.246994e+00 1.448501e+00 -3.434610e-01 -7.323861e-04 
-1.179595e+01 -3.210930e+00 -2.508317e+00 1.804988e+00 6.751915e+00 2.156370e+00 2.933274e+00 5.206121e+00 3.156537e+00 -4.358604e-01 1.130080e+01 1.280301e+00 -7.388115e-02 2.653360e-01 -5.087126e-01 -9.219990e-01 7.071330e-02 -3.739557e-01 -8.582019e-01 -1.224438e+00 -1.747692e+00 -4.235144e-02 -3.254946e-01 6.002722e-02 1.230167e+00 1.845634e-03 
-1.056035e+01 -2.937284e+00 -1.738088e+00 2.579457e+00 4.869728e+00 -2.835207e-01 4.503543e-01 1.872138e+00 3.226025e+00 2.576188e+00 1.191734e+01 -1.130460e+00 -8.550394e-02 2.122768e-01 -1.272698e-01 -7.786775e-02 -1.427921e-01 5.266865e-01 -1.175633e+00 -7.733942e-01 -7.051094e-01 7.392418e-02 -1.680061e-01 -5.175807e-01 1.575559e+00 -9.733677e-04 
-1.043494e+01 -3.892397e+00 -3.949358e-01 5.262723e+00 7.343741e+00 -1.466985e+00 -1.316084e+00 2.806330e+00 4.430789e+00 -1.550756e-01 8.597921e+00 5.608807e+00 -8.027792e-02 -2.191015e-01 1.864212e-01 4.735525e-01 -7.264410e-01 2.480128e-01 -1.142092e-02 3.062162e-01 -4.696445e-01 2.374508e-01 -1.305576e+00 -1.842403e+00 6.225847e-01 -2.152145e-03 
-1.202439e+01 -3.676495e+00 -4.752342e-01 -6.656875e-01 8.510783e+00 8.897562e-01 2.707803e+00 5.290597e+00 5.446766e+00 5.494356e-01 6.385582e+00 4.379651e+00 -8.392763e-02 -3.669270e-01 7.281863e-01 7.592123e-01 -1.444938e+00 -2.629974e-01 1.691173e-01 7.275851e-01 -1.607173e-01 -1.288456e+00 -2.598375e+00 -1.938179e+00 -7.071769e-01 -1.822507e-03 
-1.215944e+01 -1.909219e+00 -7.719820e-01 -2.046448e-01 6.171452e+00 1.512627e+00 3.335631e+00 1.148669e+00 3.233420e+00 -5.950363e+00 4.854667e+00 1.638169e+00 -8.543003e-02 -1.975691e-01 4.395457e-01 1.856811e-01 -1.566897e+00 -9.385050e-01 4.742209e-01 4.441646e-01 -6.888584e-01 -2.003530e+00 -1.693713e+00 -1.264857e+00 -2.030473e+00 -3.053629e-03 
-1.153273e+01 -2.879419e-01 2.246496e+00 -1.911550e+00 4.140886e+00 -9.277403e-01 1.762422e+00 1.897382e+00 -2.617572e+00 -7.518043e+00 4.098075e+00 -2.681026e+00 -9.204042e-02 1.264944e-01 -2.223507e-01 -3.089549e-01 -4.901038e-02 -6.342819e-01 7.474165e-02 -6.324602e-01 -4.620684e-01 -4.231048e-01 4.055666e-02 -3.269137e-01 -1.296404e+00 -3.573179e-04 
-1.166861e+01 -3.388946e+00 -8.273957e-01 -1.948831e+00 4.836165e+00 1.812868e+00 1.377429e+00 1.058645e+00 -1.554694e+00 -4.589900e+00 3.417388e+00 -1.013222e+00 -9.148967e-02 -1.094215e-01 -9.264549e-01 -6.556647e-02 1.185022e+00 7.123628e-01 3.467304e-01 -6.640236e-01 6.407884e-01 4.005594e-01 2.446093e+00 1.358610e+00 8.362187e-01 4.646778e-04 
-1.163733e+01 -4.048385e+00 -1.992302e+00 -3.864634e-02 6.007017e+00 1.113344e+00 5.246024e-01 3.025267e+00 5.725299e+00 7.198763e-02 5.469653e+00 -7.766758e-01 -8.268440e-02 -2.961578e-01 -9.150602e-01 -5.143077e-01 1.291118e+00 3.446102e-01 -1.213259e-01 2.904859e-02 9.674422e-01 6.084894e-01 1.653697e+00 1.651907e+00 2.194818e+00 2.384901e-03 
-1.265425e+01 -4.661271e+00 1.019585e+00 4.784013e+00 8.800200e+00 2.225737e+00 6.344228e-01 3.788668e+00 1.064782e+00 2.485086e+00 1.096193e+01 4.867087e+00 -8.778465e-02 -4.751682e-02 3.533000e-01 3.701156e-01 7.857254e-01 -6.354967e-01 -7.376972e-01 9.769818e-01 1.203483e+00 2.115192e-01 -1.739144e-01 6.764063e-01 1.002137e+00 4.844546e-03 
-1.252070e+01 -4.227080e+00 -1.248533e+00 1.177618e+00 3.881919e+00 -1.740805e+00 2.279168e+00 5.369581e+00 -8.848625e-01 -2.787050e+00 8.585339e+00 5.352910e+00 -8.196843e-02 1.289862e-01 4.262324e-01 3.830058e-01 2.246002e-01 -9.981723e-02 -3.180863e-01 7.631598e-01 -1.352772e-01 -6.624635e-01 -1.730302e+00 -1.102504e+00 -3.508070e-01 3.346968e-03 
-1.146451e+01 -1.533098e+00 6.512981e-01 1.371664e+00 2.721230e+00 -4.485443e-01 5.385055e+00 5.903905e+00 2.807983e+00 -4.029953e+00 5.241577e+00 9.326686e-01 -6.762493e-02 3.078953e-01 8.832890e-01 6.278099e-01 2.732558e-01 5.808958e-01 -5.146681e-01 -1.203110e+00 -1.074023e+00 1.024176e-01 -1.178647e+00 -1.736819e+00 -1.226188e+00 3.540564e-03 
-1.158727e+01 -3.481310e+00 1.068704e-01 2.790529e+00 8.547416e+00 8.600535e-01 1.965086e+00 1.291263e+00 1.541381e+00 -5.322002e+00 2.817307e+00 -5.635017e-01 -7.602942e-02 4.652937e-01 7.621006e-01 5.991617e-01 4.874050e-01 1.279683e+00 -1.484062e-01 -1.144747e+00 -1.421711e+00 6.094337e-01 4.255161e-01 -9.651895e-01 -5.666294e-01 1.999378e-03 
-1.158149e+01 -6.177118e-01 3.480933e+00 5.343836e+00 9.371931e+00 -1.648033e+00 -5.224086e+00 4.577154e-01 3.637483e-01 -2.140675e+00 5.161849e+00 1.694352e+00 -7.305133e-02 2.617790e-01 4.248225e-01 1.787695e-01 4.606912e-02 7.082558e-01 -7.694505e-01 -1.661597e+00 -1.154784e+00 7.153015e-02 9.853980e-01 5.137329e-01 4.603115e-01 -9.287834e-04 
-1.013575e+01 -8.742704e-01 3.324583e-01 1.628557e+00 6.954984e+00 -1.883091e+00 1.860001e+00 9.841194e-01 3.384423e+00 -1.604109e+00 3.799256e+00 2.138921e+00 -6.925833e-02 4.787552e-01 3.729493e-01 -9.415646e-02 -7.835852e-01 -1.640469e+00 -7.738109e-01 -4.688292e-01 -1.862742e-01 6.703796e-01 4.515972e-01 4.642134e-02 -1.824934e-01 -3.317165e-03 
-1.088138e+01 -7.125051e-01 1.432352e+00 2.182995e+00 7.058724e+00 -2.924224e+00 -2.870389e+00 2.835562e-01 2.244112e+00 -9.619100e-01 7.319267e+00 1.883014e+00 -7.565439e-02 3.737413e-01 -5.051044e-01 -9.213160e-01 -9.766795e-01 -1.656551e+00 9.111834e-02 3.967197e-01 -3.462358e-01 -5.445317e-01 -1.322263e-01 -3.469156e-02 -4.374165e-01 -4.247355e-03 
-9.543550e+00 -1.569166e+00 6.603786e-01 4.530238e-01 1.501673e+00 -2.370905e+00 -1.555909e+00 4.469714e-01 3.953096e+00 -3.653399e+00 1.970704e+00 -1.570300e+00 -9.131372e-02 3.503655e-01 -4.615683e+00 -2.814258e+00 1.819367e+00 8.578245e-01 5.775679e-01 -3.636220e-01 -8.787329e-01 -4.598379e-01 1.931681e+00 1.917621e+00 -1.114867e+00 7.240741e-02 
-1.000888e+01 -2.795786e+00 -1.289607e+00 1.048205e+00 3.815831e+00 -9.485340e-01 -1.532533e+00 -1.004889e+00 -2.643247e+00 -1.777161e+00 5.902667e+00 1.361880e+00 -8.326042e-02 1.599487e-01 -7.070459e+00 -4.499204e+00 3.053104e+00 2.425626e+00 8.467752e-01 -3.466594e-03 -1.556901e+00 -1.343623e-01 3.113672e+00 2.066943e+00 -2.261706e+00 1.360084e-01 
-8.820168e+00 -2.291104e+01 -1.237785e+01 1.129279e+01 1.286555e+01 1.690292e-02 -6.270372e-01 -2.765322e+00 3.528913e+00 8.461923e+00 1.409566e+01 -3.174847e+00 2.965817e-01 -2.951855e-01 -4.632126e+00 -2.462485e+00 1.707162e+00 1.614361e+00 2.526694e-01 -5.001602e-01 -1.535895e+00 8.810062e-01 2.104728e+00 1.454452e-01 -1.399837e+00 6.992869e-02 
-1.044333e+01 -2.539386e+01 -1.454455e+01 1.202864e+01 1.350492e+01 1.157482e-01 -3.352158e+00 -5.894804e+00 1.784393e+00 8.548786e+00 1.159151e+01 -8.623243e+00 4.104400e-01 -6.468012e-01 -8.283395e-01 4.085781e-01 -1.489913e-01 -3.963749e-01 1.256348e+00 -6.088818e-01 -2.322196e+00 -9.859610e-01 -5.762067e-01 -1.795066e+00 2.301376e-01 3.926927e-03 
-1.080225e+01 -1.343076e+01 -5.024573e+00 3.498617e+00 4.728936e+00 -1.639699e+00 -3.146897e+00 -4.787548e+00 6.144308e+00 1.707266e+00 -1.464887e-01 -3.576925e+00 1.147956e-02 -1.542421e+00 4.257586e+00 3.925637e+00 -2.775616e+00 -1.123622e+00 2.943725e+00 -1.825178e-01 -1.643249e+00 -2.682349e+00 -3.142955e+00 -1.539557e+00 3.865101e+00 -6.884244e-02 
-1.225184e+01 -1.167763e+01 -2.923356e+00 4.200333e+00 5.902265e+00 6.161509e+00 -3.317011e+00 -1.160475e+01 -8.880749e+00 -1.280866e+00 4.048414e+00 2.713607e+00 7.892531e-02 -7.787241e-01 5.296607e+00 3.860520e+00 -2.364442e+00 -1.245178e-01 3.815391e+00 1.919545e+00 1.237128e+00 -1.633094e+00 -3.269611e+00 8.016478e-01 4.507277e+00 -7.505120e-02 
-1.562801e+01 -8.481227e+00 1.439734e+00 1.328858e+00 1.104877e+01 1.171265e+01 -1.557200e+00 -8.126591e+00 -4.550258e+00 -2.338024e+00 1.016942e+01 1.048223e+01 1.181269e-01 -9.726397e-01 3.958663e+00 1.537448e+00 -1.481601e+00 -4.772867e-01 1.525434e+00 1.327670e+00 3.085537e+00 4.794130e-02 -3.314209e+00 1.126506e+00 1.583007e+00 1.852426e-02 
-1.192407e+01 -1.385592e+00 1.525898e+00 1.291305e+00 9.722411e+00 1.251653e+01 5.450716e+00 1.960355e+00 -1.033792e+00 -5.776624e+00 1.044179e+01 6.883562e+00 -1.813972e-02 2.447704e-01 3.176318e+00 2.527709e-01 -1.136758e+00 -1.737318e+00 -1.984752e+00 2.078406e-01 4.203737e+00 2.697239e+00 -2.056636e+00 -1.473447e-01 -4.905663e-01 -2.639527e-02 
-1.582934e+01 1.216541e+00 4.380371e-01 -2.454874e+00 4.324298e-01 2.809959e+00 -8.924103e-01 3.857583e+00 2.460536e+00 -1.261590e+01 2.289355e+00 2.253132e+00 1.526334e-01 1.039111e+00 1.334636e+00 -5.350086e-01 -3.751681e-01 -2.772389e+00 -3.316006e+00 2.031298e-02 3.458270e+00 1.685240e+00 3.143828e-01 -9.710262e-01 -2.543257e+00 -4.263449e-02 
-1.092733e+01 -6.449182e-01 -1.158653e+00 4.084108e-01 2.523844e+00 6.890950e-01 -2.610203e+00 3.421844e+00 1.100048e+00 -6.425107e+00 7.251723e+00 4.375326e+00 -7.030427e-02 9.166815e-01 1.206046e-01 2.272989e-01 9.105559e-02 -2.001584e+00 -3.693012e+00 -2.003884e+00 5.247527e-01 6.574022e-01 1.135843e+00 -1.843612e+00 -1.795008e+00 -2.597725e-02 
-1.093083e+01 -2.178386e+00 1.069658e-01 -1.055357e-01 7.861044e-01 1.046338e+00 2.574825e+00 8.434011e+00 2.809020e+00 -4.418685e-01 6.909323e+00 -9.799370e-01 -6.896329e-02 2.217290e+00 1.140376e+00 1.931793e+00 2.132526e+00 8.909939e-01 -1.316345e+00 -1.228383e+00 -4.158888e-01 -7.513444e-01 1.590972e-01 -2.809430e+00 -2.318153e+00 -3.372063e-02 
-9.789914e+00 9.148941e-01 2.827928e+00 5.719141e-01 -4.623468e-01 -5.066721e+00 -6.302321e+00 2.295904e+00 2.078978e+00 -6.184428e+00 -1.086255e+00 -4.749423e-01 -3.722763e-02 4.172132e+00 3.807107e+00 1.670614e+00 1.214340e+00 -9.693156e-01 -1.881807e+00 -1.585740e+00 -7.942418e-01 -2.148651e+00 -2.402804e+00 -4.353953e+00 -2.848080e+00 8.359487e-02 
-5.311594e+00 6.138516e+00 8.103710e+00 8.126007e+00 6.380495e+00 -8.938594e-01 -5.188268e+00 2.341109e+00 -1.785651e+00 -1.194076e+01 -7.588803e+00 -6.912497e+00 -3.250813e-02 6.413915e+00 4.391964e+00 -7.269587e-02 3.542747e-01 -2.810933e+00 -2.636209e+00 -2.128820e+00 -3.042947e-01 -4.085341e+00 -2.672979e+00 -2.737257e+00 -2.154837e-01 1.592706e-01 
7.123713e+00 1.423217e+01 3.196045e+00 2.364338e+00 -5.119929e+00 -7.749839e+00 -6.657357e+00 2.497086e+00 -7.345871e+00 -1.268968e+01 -7.268981e+00 -6.898797e+00 3.294425e-01 6.475904e+00 3.242055e+00 -1.267557e+00 -9.696215e-01 -4.466650e+00 -2.248999e+00 -1.962717e-02 1.496115e+00 -4.088725e+00 -2.452788e-01 6.153185e-01 2.032715e+00 1.813078e-01 
1.268193e+01 1.312280e+01 -4.405721e-01 7.696255e-01 -1.093977e+01 -1.079315e+01 -7.891758e+00 6.811947e+00 -1.290526e+01 -1.055414e+01 -3.685596e+00 1.154572e+00 5.440546e-01 4.195355e+00 1.801382e+00 -1.509113e+00 -1.312904e+00 -5.069691e+00 -3.080836e+00 1.272612e-01 1.945772e+00 -1.459123e+00 1.068588e+00 2.446243e+00 3.435647e+00 1.523209e-01 
1.359284e+01 1.363303e+01 7.622840e-01 -5.980029e-01 -1.413547e+01 -1.136207e+01 -5.048712e+00 7.541059e+00 -1.280484e+01 -8.104131e+00 3.873396e-02 5.655099e+00 5.810301e-01 1.125847e+00 7.695273e-01 -4.959319e-02 2.387440e-01 -2.127778e+00 -2.191954e+00 1.177214e+00 1.358128e+00 3.480984e-01 1.033303e+00 2.388857e+00 2.986524e+00 6.793661e-02 
1.243062e+01 1.544500e+01 1.775023e+00 3.042659e+00 -1.446019e+01 -1.449192e+01 -5.356284e+00 9.547980e+00 -6.351785e+00 -8.890591e+00 9.885526e-01 3.988789e+00 6.033026e-01 -2.010522e-02 8.590304e-01 4.670255e-01 1.045099e+00 -3.538408e-01 -1.224777e+00 8.993509e-01 -2.714668e-01 1.167600e+00 5.745890e-01 1.980407e+00 1.744158e+00 2.898860e-02 
1.287861e+01 1.691870e+01 1.840281e+00 2.421541e+00 -1.399861e+01 -1.686022e+01 -2.039024e+00 7.919712e+00 -8.882119e+00 -8.354942e+00 2.338230e+00 6.616713e+00 6.395016e-01 -1.374886e-01 5.422964e-01 3.005633e-01 7.654692e-01 2.081348e-01 -5.148283e-01 1.528351e-01 -1.058095e+00 1.225989e+00 2.580853e-01 6.042298e-01 1.391883e+00 2.617749e-02 
1.293853e+01 1.577511e+01 1.355557e+00 4.485350e+00 -1.277740e+01 -1.416796e+01 -4.899847e+00 5.265286e+00 -9.028624e+00 -7.555789e+00 5.066692e+00 9.394553e+00 6.597619e-01 -4.863372e-02 -9.816647e-02 6.457475e-01 -4.465182e-01 2.461979e-01 1.198641e-01 2.612884e-01 -1.602018e+00 5.962811e-01 5.931961e-01 -1.913196e-01 1.474675e+00 2.279537e-02 
1.265145e+01 1.617945e+01 2.474834e+00 2.507998e+00 -1.393619e+01 -1.409819e+01 -4.512755e+00 4.391933e+00 -5.336473e+00 -7.481105e+00 1.020813e+00 9.911633e+00 6.836879e-01 -5.747318e-02 -6.802815e-01 6.801998e-01 -8.063709e-01 5.592130e-01 2.705146e-01 -2.122916e-01 -9.337631e-01 8.116730e-01 9.234552e-01 -5.246128e-01 8.920126e-02 1.813003e-02 
1.230103e+01 1.532379e+01 4.686485e+00 7.668396e-01 -1.326041e+01 -1.527362e+01 -2.812977e+00 3.301778e+00 -5.143203e+00 -6.361528e+00 6.906629e-01 9.714705e+00 6.951863e-01 1.014326e-01 -9.164410e-01 7.169265e-01 -1.060401e+00 1.332812e-01 -3.521805e-02 6.166086e-02 -1.608424e-01 1.708043e-01 8.895194e-01 -1.177886e-01 -6.130101e-01 1.883893e-02 
1.290999e+01 1.374296e+01 3.575816e+00 2.489420e-01 -1.096104e+01 -1.495482e+01 -4.143918e+00 4.232651e+00 -6.766464e+00 -4.334796e+00 1.903180e+00 6.902644e+00 7.124395e-01 6.149316e-02 -1.161591e+00 3.047999e-01 -9.728036e-01 4.005354e-01 -2.949191e-01 1.611785e-01 7.940838e-01 -7.438163e-01 6.963372e-01 7.434162e-01 -1.667556e-01 2.067250e-02 
1.331642e+01 1.241115e+01 4.389698e+00 3.128738e-01 -1.359857e+01 -1.391574e+01 -4.775962e+00 4.540716e+00 -7.459606e+00 -4.681346e+00 4.036566e+00 7.833996e+00 7.395808e-01 -8.467412e-02 -7.039197e-01 -1.901037e-01 -1.178354e+00 -9.869758e-01 1.004806e+00 -1.760504e-02 4.711989e-01 -2.754288e-02 1.158222e+00 2.346721e-01 -1.076115e-01 2.512624e-02 
1.245122e+01 1.182782e+01 4.147227e+00 -2.129037e+00 -1.176443e+01 -1.625173e+01 -2.725370e+00 7.742883e+00 -7.897352e+00 -4.839509e+00 3.064942e+00 1.001821e+01 7.648532e-01 -1.143631e-01 -5.013613e-01 -3.881567e-01 -1.748262e+00 -1.704741e+00 1.620356e+00 3.309708e-01 -6.862003e-01 2.169376e+00 8.181039e-01 -1.154633e+00 1.013514e+00 2.823786e-02 
1.210704e+01 1.276176e+01 3.450261e+00 -3.935939e+00 -1.779359e+01 -9.601133e+00 -3.610276e+00 3.902657e+00 -4.715473e+00 -3.180594e-01 1.283142e+00 7.618865e+00 7.946106e-01 9.112892e-02 -4.525866e-01 -8.480889e-01 -2.755835e+00 -1.491458e+00 2.485054e+00 2.512503e-01 -1.451453e+00 3.667648e+00 1.193736e+00 -2.668501e+00 7.820967e-01 3.011767e-02 
1.294286e+01 1.106085e+01 2.104751e+00 -6.367961e+00 -1.738723e+01 -9.010342e+00 -3.071906e+00 1.120679e+00 2.708347e+00 -2.425920e+00 -2.493272e+00 1.207778e+01 8.261139e-01 3.950921e-01 -8.929857e-01 -1.056428e+00 -3.061229e+00 -1.136648e+00 2.481820e+00 5.969089e-01 -1.687583e+00 4.181513e+00 8.249581e-01 -2.842922e+00 -2.169451e-01 3.112096e-02 
1.352624e+01 1.053171e+01 1.170491e+00 -1.134684e+01 -1.824446e+01 -5.111160e+00 -3.346442e+00 5.945535e-01 5.575784e+00 8.054113e-02 -6.526833e+00 1.071470e+01 8.595387e-01 2.723705e-01 -1.379238e+00 -1.045319e+00 -2.990270e+00 -3.047640e-01 1.649137e+00 1.667549e+00 -9.556317e-01 3.262073e+00 4.645920e-01 -3.134685e+00 -2.383681e-01 2.925193e-02 
1.371708e+01 8.477915e+00 4.970789e-03 -1.372973e+01 -1.722224e+01 -6.087616e+00 1.272572e-01 9.590187e-01 7.864585e+00 -9.140191e-01 -7.244679e+00 7.385567e+00 8.879939e-01 1.158690e-01 -1.330670e+00 -1.054280e+00 -1.912698e+00 -1.157848e+00 2.540894e+00 1.872654e+00 -5.886196e-01 1.285310e+00 1.344243e+00 -2.078197e+00 -2.143586e+00 2.397130e-02 
1.308179e+01 7.157038e+00 -7.264432e-01 -1.520641e+01 -1.939991e+01 -2.816813e+00 3.127885e+00 -7.946719e-01 9.016772e+00 1.248950e+00 -1.201458e+01 8.773129e+00 9.099302e-01 1.394072e-01 -1.691258e+00 -1.124444e+00 -6.615310e-01 -9.025423e-01 2.868267e+00 2.153787e+00 -8.002136e-01 1.421870e-01 8.540150e-01 -1.186701e+00 -1.820902e+00 1.711366e-02 
1.374443e+01 6.094832e+00 -2.218182e+00 -1.400167e+01 -2.259875e+01 2.546955e+00 3.054200e+00 -1.127806e+00 7.414404e+00 3.711091e+00 -1.014038e+01 2.330632e+00 9.207746e-01 3.096611e-01 -2.161769e+00 -1.137828e+00 -1.474799e-01 -4.088221e-01 4.065482e+00 8.179579e-01 -3.639184e-01 -8.148769e-01 -2.779250e-01 -2.491127e-01 -1.371409e+00 1.162319e-02 
1.420960e+01 3.266958e+00 -3.340155e+00 -1.451853e+01 -2.006892e+01 4.912888e+00 5.959023e+00 -2.363102e+00 6.511809e+00 2.038061e+00 -1.101249e+01 4.137651e+00 9.287167e-01 6.239114e-02 -1.659143e+00 -8.551420e-01 -7.747725e-01 1.288423e+00 3.285983e+00 7.242401e-01 -2.488678e-01 -1.217308e+00 -1.236330e+00 9.924698e-03 -7.785576e-01 4.640549e-03 
1.470148e+01 -3.858924e-01 -4.377314e+00 -1.481107e+01 -1.893184e+01 1.037495e+01 2.801478e+00 -7.635805e-02 5.042682e+00 -2.698200e+00 -8.991287e+00 2.846261e+00 9.367167e-01 -3.011270e-01 -1.286313e+00 -3.168510e-01 -1.747889e+00 3.007030e+00 1.772080e+00 4.844704e-01 2.559210e-01 -7.212591e-01 -2.012369e+00 -6.989989e-01 4.528415e-01 3.687596e-03 
1.291522e+01 2.101685e+00 -3.922587e+00 -1.867557e+01 -1.479125e+01 9.699106e+00 6.875446e+00 -2.564735e+00 4.116095e+00 -1.728055e+00 -1.253950e+01 4.622527e+00 9.251620e-01 -6.727739e-01 -5.862495e-01 -4.413579e-01 -1.544506e+00 2.946114e+00 1.031270e+00 -4.818242e-01 1.465813e+00 -1.360879e+00 -8.277486e-01 -1.220757e+00 3.325833e-01 9.450162e-03 
1.288599e+01 2.459064e-01 -3.511220e+00 -2.066259e+01 -1.020243e+01 9.014248e+00 5.018340e+00 2.526154e-01 5.005966e+00 -4.467698e+00 -1.287187e+01 4.352402e+00 9.409900e-01 -9.678194e-01 -3.985071e-01 -6.518677e-01 -1.120022e+00 2.997831e+00 1.077353e-01 1.414097e-01 9.043890e-01 -1.850536e+00 6.533624e-01 -1.165270e+00 6.542240e-01 1.752355e-02 
1.175348e+01 1.981091e-02 -5.979991e+00 -1.931529e+01 -9.703057e+00 1.074959e+01 2.441471e+00 4.801476e+00 -2.742272e-01 -1.215933e+00 -1.517598e+01 5.047497e+00 9.738308e-01 -4.402731e-01 -1.356279e+00 -1.004899e+00 5.870916e-01 1.541908e+00 5.905864e-01 2.085725e-01 1.244355e-01 -2.410054e+00 1.387031e+00 5.728197e-01 -2.828448e-01 1.737164e-02 
1.044325e+01 -1.337491e+00 -6.607950e+00 -2.009132e+01 -6.486783e+00 1.038838e+01 5.725514e+00 7.624817e-01 -2.014839e+00 3.125510e-01 -1.349940e+01 5.904895e+00 1.000000e+00 -2.829746e-01 -1.093072e+00 -5.580925e-01 4.345464e-01 1.201292e+00 5.396178e-01 1.066078e+00 -1.271417e+00 -2.685534e+00 2.424031e+00 1.223616e+00 -4.707344e-01 3.550607e-03 
1.193522e+01 -3.888012e+00 -7.398717e+00 -1.602575e+01 -8.939532e+00 1.196497e+01 7.564722e+00 -2.197491e+00 -4.423771e+00 2.816974e+00 -9.361639e+00 2.432056e+00 9.825152e-01 6.037121e-02 -1.030717e+00 1.346075e-01 -6.604484e-01 1.752661e+00 6.734482e-01 4.135212e-01 -1.616953e+00 -1.811286e+00 1.953205e+00 1.803622e+00 -6.122136e-01 -5.099851e-03 
1.138024e+01 -3.265542e+00 -5.592320e+00 -2.013464e+01 -4.577734e+00 1.110465e+01 7.787107e+00 -2.604984e+00 -6.346930e+00 5.636003e+00 -9.660957e+00 3.306450e+00 9.544008e-01 2.348355e-01 -1.072171e+00 -6.020584e-02 -4.258634e-01 1.375319e+00 9.631249e-01 -4.691704e-01 -1.212827e+00 -1.440608e+00 1.633063e+00 1.617128e+00 -6.243193e-01 -1.998115e-03 
1.158684e+01 -4.169751e+00 -5.814769e+00 -2.259588e+01 -1.894274e+00 1.375870e+01 3.478281e+00 -1.599555e+00 -7.164610e+00 5.888368e+00 -8.077091e+00 3.285652e+00 9.711311e-01 2.722688e-02 -8.980507e-01 2.572384e-02 -3.468414e-01 1.653758e+00 1.721864e-01 -3.388007e-01 -1.794550e+00 -8.497879e-01 1.640121e+00 1.958932e+00 -8.309781e-01 -4.457301e-03 
1.179162e+01 -6.557477e+00 -7.700953e+00 -1.893557e+01 -3.132818e+00 1.430714e+01 5.422883e+00 -5.600619e+00 -7.847462e+00 6.942170e+00 -6.056033e+00 2.356502e+00 9.957014e-01 -1.571366e-01 -2.860855e-01 -4.874037e-01 7.465664e-01 8.313595e-01 9.656944e-02 -1.067534e-01 -2.506597e+00 -1.276039e+00 2.133000e+00 3.305691e+00 -1.881503e+00 -9.046209e-03 
1.186567e+01 -6.732298e+00 -6.215781e+00 -1.835949e+01 -1.393200e+00 1.122465e+01 7.052831e+00 -9.672421e+00 -7.922444e+00 1.036449e+01 -1.369442e+00 -1.247860e+00 9.395784e-01 -1.682342e-01 1.479681e-01 1.642179e-01 1.817443e+00 -1.412261e-01 -8.521093e-01 -2.777039e-01 -2.487851e+00 2.287771e-01 1.710140e+00 2.577968e+00 -1.845873e+00 -3.711737e-02 
1.045514e+01 -3.414696e+00 -7.828833e+00 -1.852000e+01 -6.714733e-01 1.285452e+01 5.466064e+00 -1.110153e+01 -1.234821e+01 1.406294e+01 3.513674e+00 -3.834307e+00 9.249462e-01 -4.881485e-01 9.726183e-01 2.041695e-01 2.545337e+00 4.794162e-01 -2.250882e+00 -2.264866e+00 -6.631325e-01 2.058875e+00 1.071159e+00 3.760289e-01 -6.865196e-01 -5.603592e-02 
1.141391e+01 -5.001301e+00 -4.929739e+00 -1.371645e+01 -3.831077e+00 1.022447e+01 2.068171e+00 -1.128835e+01 -3.770352e+00 1.087868e+01 2.789640e-02 -2.848309e+00 8.209219e-01 -5.220414e-01 8.184339e-01 3.745170e-01 3.355527e+00 3.577647e-01 -3.057798e+00 -2.649790e+00 -2.478683e-01 3.868809e+00 5.052023e-01 -2.423393e+00 3.186334e-01 -5.703501e-02 
9.576761e+00 -2.559884e+00 -7.323127e+00 -8.530402e+00 4.832010e-01 3.552829e+00 -3.409117e+00 -8.108316e+00 3.708652e-01 1.204087e+01 -4.874557e+00 -2.758720e-01 7.748501e-01 -2.957065e-01 4.493927e-01 1.170290e-01 3.663314e+00 8.612339e-01 -4.040465e+00 -1.540877e+00 -1.167704e+00 4.515733e+00 7.287936e-01 -3.680991e+00 4.256030e-01 -5.078404e-02 
9.694652e+00 -3.067535e+00 -4.596049e+00 -6.576648e+00 -1.817138e-01 5.865073e-01 -1.758529e+00 -1.240837e+01 5.062063e+00 1.390154e+01 -9.292290e+00 -1.433910e+00 7.294514e-01 -2.871929e-01 7.730504e-01 -9.741621e-02 3.233069e+00 8.321901e-02 -2.370446e+00 -9.781195e-01 -2.153778e+00 2.716749e+00 1.772918e+00 -2.658497e+00 -2.093799e-01 -3.285800e-02 
9.836240e+00 -2.134615e+00 -7.410533e+00 -3.773329e+00 1.810014e+00 -2.528834e+00 -3.249687e-01 -1.638005e+01 5.814248e+00 1.619548e+01 -1.023119e+01 -2.413491e+00 7.167612e-01 3.672323e-01 2.987111e-01 6.398436e-01 2.629901e+00 -1.035483e+00 -4.372850e-01 -5.518870e-01 -2.136463e+00 2.705275e-01 1.437975e+00 -1.812667e-01 -1.799652e+00 -3.343726e-02 
9.848202e+00 -1.348683e+00 -5.373117e+00 7.035887e-02 -4.078389e+00 1.413065e+00 -4.364501e+00 -1.792138e+01 7.091703e+00 1.766597e+01 -1.058628e+01 -2.826399e+00 6.856763e-01 4.308596e-01 1.126035e+00 1.284846e+00 3.250189e+00 3.643591e-01 4.272121e-01 -1.356424e+00 1.512448e+00 -3.103998e+00 -1.773521e+00 1.356333e+00 -1.242999e+00 -5.302855e-02 
1.133615e+01 -1.925754e+00 -3.735375e+00 1.295601e+00 -2.745878e+00 9.531250e-01 -4.865566e+00 -1.603413e+01 7.086827e-01 1.734853e+01 -5.133898e+00 -8.577887e+00 6.295513e-01 3.734630e-01 2.215536e+00 2.236809e+00 2.872197e+00 1.080331e+00 2.492863e-02 -1.524265e+00 4.452217e+00 -4.243969e+00 -4.671635e+00 7.310277e-01 -6.159412e-01 -6.096628e-02 
1.109900e+01 2.458208e+00 -9.398103e-03 7.139831e+00 3.918028e+00 9.815879e-01 -6.270350e+00 -5.019092e+00 -7.905147e+00 4.457406e+00 -5.059271e+00 -4.566710e+00 5.079136e-01 -2.367413e-01 2.258986e+00 2.957035e+00 1.818521e+00 6.255062e-01 -3.732970e-01 5.498759e-01 3.464084e+00 -3.310537e+00 -6.107893e+00 -6.224937e-02 1.297031e-01 -5.161277e-02 
1.107816e+01 7.039616e+00 1.091651e+00 7.052920e+00 3.213462e+00 -2.188452e+00 -6.993369e+00 -5.701015e-01 -7.907172e+00 -5.584130e-01 -9.339550e+00 -4.623042e+00 5.008112e-01 -1.968195e+00 1.386050e+00 4.365489e+00 8.246891e-01 -2.384235e+00 4.765459e-01 3.022134e+00 -1.296794e-01 -3.831797e-02 -5.928311e+00 -6.951364e-01 7.285966e-01 -2.064403e-02 
8.793490e+00 5.463559e+00 6.998542e+00 6.284307e+00 -3.930528e+00 1.117369e+00 -5.512197e-01 -8.332970e+00 -5.153054e+00 -3.920021e+00 -8.794695e+00 -4.155306e+00 4.919825e-01 -1.318302e+00 -5.125333e-01 3.149083e+00 7.709616e-01 -3.063631e+00 -3.399411e-01 3.176677e+00 -1.332959e+00 1.215172e+00 -2.889762e+00 -9.039369e-01 3.096669e-02 -5.343718e-03 
2.647927e+00 3.501818e+00 1.458810e+01 5.846809e+00 -1.074278e+01 3.267964e+00 7.385541e+00 -1.502559e+01 -8.589534e-01 -8.104313e+00 -6.741868e+00 -5.140605e+00 5.342967e-01 -6.771773e-01 -1.144889e+00 1.616046e+00 1.593134e+00 -6.336164e-01 -1.198874e+00 2.026699e+00 4.346452e-01 -7.606434e-01 -8.598737e-01 -2.145836e-01 -1.674509e-01 -1.484162e-02 
8.722602e+00 1.664441e+00 8.987792e+00 1.159769e+01 -4.422006e+00 -3.446326e+00 2.423582e+00 -4.456145e+00 -5.353394e+00 -6.218453e+00 -1.087780e+01 -4.153094e+00 4.644523e-01 -4.694529e-02 -2.327595e-01 1.927464e-01 1.915644e+00 2.654624e+00 -1.137104e+00 -7.502358e-01 2.790370e+00 -1.552176e+00 6.399730e-01 -1.213964e+00 2.177618e-02 -2.907660e-02 
7.727716e+00 3.214732e+00 8.177258e+00 1.236189e+01 2.911189e-01 -5.900977e+00 1.652724e+00 -3.352879e-01 -1.161022e+01 -3.708565e+00 -9.370918e+00 -5.461402e+00 4.403682e-01 3.464946e-01 6.374365e-01 -1.077255e+00 2.338089e+00 4.917127e+00 -1.012613e+00 -1.508515e+00 4.401763e+00 -1.455428e+00 6.341199e-01 -7.169834e-01 -7.659651e-01 -4.473174e-02 
6.018869e+00 4.443305e+00 1.116769e+01 1.260498e+01 3.825646e+00 1.632094e-02 -1.435990e+00 -1.726267e+00 -7.538301e+00 -2.918030e+00 -1.354999e+01 -3.886027e+00 3.935637e-01 -9.817168e-01 1.050557e+00 -3.390555e-02 1.415401e+00 4.554010e+00 -2.858414e-01 -2.087322e-01 2.373670e+00 -2.989968e-01 4.964388e-01 2.021844e+00 -9.247037e-01 -3.011588e-02 
5.732266e+00 5.299568e+00 8.111870e+00 1.703361e+01 9.719029e+00 -3.526422e+00 1.772754e+00 5.618292e+00 -7.043641e+00 -6.583925e+00 -8.990688e+00 -9.103965e+00 3.460823e-01 -1.153164e+00 2.501438e-01 3.233705e-02 1.437487e+00 3.747909e+00 -4.288536e-01 3.503926e-02 2.416230e+00 2.050706e+00 8.365701e-01 2.923590e+00 -5.649145e-01 -3.080931e-02 
4.811742e+00 5.874808e+00 8.850958e+00 1.633884e+01 1.363409e+01 -6.062811e+00 1.319906e+00 4.435415e+00 -9.131667e+00 -2.298579e+00 -9.586887e-01 -6.955331e+00 3.610159e-01 -1.452146e+00 -7.700157e-01 -3.910290e-01 1.293829e+00 3.099249e+00 5.975289e-01 8.382538e-01 1.702096e+00 1.723742e+00 -3.716421e-02 2.539117e+00 -5.795816e-01 -3.357751e-02 
2.565462e+00 3.749699e+00 9.497311e+00 1.768240e+01 1.412644e+01 -5.005679e+00 4.499722e-01 8.665022e+00 -5.600048e-01 1.645603e-01 -1.048617e+00 -6.751322e+00 3.025956e-01 -1.413109e+00 -1.482409e+00 -2.568534e-01 -3.912336e-01 7.667200e-01 2.333872e+00 4.046449e-01 6.373453e-02 2.275963e+00 -2.494660e-01 6.560110e-01 -5.165190e-01 -4.800168e-02 
3.415413e-01 1.368161e+00 8.519828e+00 1.874973e+01 1.711819e+01 3.743594e+00 3.416670e+00 5.260847e+00 -2.161409e+00 -6.478093e+00 -4.825442e+00 -7.960257e+00 2.474195e-01 -1.271682e+00 -1.343632e+00 -9.334239e-01 -1.025942e+00 -1.047004e+00 1.451329e+00 -5.210335e-02 -6.470337e-02 1.899889e+00 -4.285030e-01 -3.502445e-02 -4.430723e-02 -7.220852e-02 
9.018211e-01 1.408463e-01 6.993168e+00 1.387200e+01 1.181058e+01 3.239735e+00 2.747597e+00 5.524249e+00 8.510462e-01 -5.741498e+00 -3.777256e+00 -1.118410e+01 1.628720e-01 -7.903204e-01 -2.548480e+00 -1.177721e+00 -2.359425e+00 -5.004826e+00 -5.036291e-01 -2.403126e-02 -2.574693e+00 1.055397e+00 1.556805e+00 1.516960e-01 4.879628e-01 -3.722655e-02 
-7.148485e-01 9.610767e-01 5.435910e+00 1.311433e+01 9.556997e+00 -2.928874e+00 -8.942294e-02 5.682284e+00 -3.377458e-01 -1.488065e+00 2.305088e-01 -4.960480e+00 6.983507e-02 -5.715966e-01 -3.448308e+00 -1.140642e+00 -3.055763e+00 -6.365199e+00 -1.175769e+00 -1.046329e+00 -3.052675e+00 2.665204e+00 3.922944e+00 1.566029e+00 2.723436e-01 3.911006e-03 
-8.579454e-01 -8.789160e+00 5.150663e+00 8.702980e+00 -7.117091e+00 -4.187591e+00 2.082862e+00 -4.419160e+00 3.805147e+00 5.453571e+00 -2.818112e+00 -5.811397e+00 2.052551e-01 -7.759198e-01 -3.418283e+00 -1.420102e+00 -2.247824e+00 -3.369992e+00 7.032504e-02 -9.930662e-01 -3.684576e+00 2.764842e+00 2.599248e+00 -7.739282e-01 -1.184642e+00 1.881182e-02 
-1.636559e+00 -1.140838e+01 3.737870e+00 6.055421e+00 -5.243971e+00 1.578413e+00 -1.482608e+00 -5.030823e+00 9.687560e+00 7.539093e+00 2.525132e+00 -9.284888e+00 2.457830e-01 -7.816864e-01 -2.992803e+00 -2.807216e+00 -2.725730e+00 -1.702034e+00 9.897311e-01 -8.143265e-01 -3.128727e+00 3.327163e+00 2.114844e+00 -1.388286e+00 -2.877809e+00 1.246430e-02 
-2.516923e+00 -1.076584e+01 7.416754e-01 6.162334e+00 2.361107e+00 1.337717e+00 -1.521142e+00 -7.542076e+00 9.662601e+00 2.741165e+00 -8.794209e+00 -1.494510e+01 1.689571e-01 -6.027068e-01 -3.287410e-01 -3.526682e+00 -2.007992e+00 2.202895e+00 1.828576e+00 -5.453236e-01 -1.218695e-01 2.752071e+00 1.571153e+00 -1.882893e+00 -3.381729e+00 -2.355796e-02 
-3.793792e+00 -1.301460e+01 -6.395676e+00 7.560033e-01 -3.692274e+00 -7.428720e-01 -2.359053e+00 -8.399892e+00 1.336934e+01 1.044236e+01 -3.722874e+00 -1.478267e+01 1.503056e-01 -7.070788e-01 8.694078e-01 -2.845057e+00 -1.614510e+00 2.209067e+00 3.512158e-01 4.362737e-01 1.563034e+00 8.169912e-01 1.593906e+00 -1.190207e+00 -5.678390e-01 -5.273312e-02 
-2.792863e+00 -9.629756e+00 -7.415975e+00 1.312731e+00 3.121537e+00 6.115933e+00 -2.055329e-01 -3.343973e+00 1.572461e+01 1.185770e+01 -9.108576e+00 -1.997115e+01 1.352040e-01 -9.001716e-01 1.677884e+00 -9.177333e-01 -1.399481e-01 2.625725e+00 3.082303e-01 4.006142e-01 2.102651e+00 -1.428966e+00 6.843987e-01 2.294969e+00 1.728171e+00 -5.549409e-02 
-5.033982e+00 -7.629382e+00 -6.408589e+00 4.076756e-01 5.421150e+00 9.453840e-01 4.095566e-02 6.852980e-01 1.074151e+01 1.095035e+01 -3.268720e+00 -9.611060e+00 -1.006007e-03 -8.876096e-01 2.255281e+00 4.330725e-01 3.768162e-01 3.143285e+00 3.771201e-01 4.853278e-01 2.516472e+00 -2.464547e+00 -1.529740e+00 1.838914e+00 2.733733e+00 -5.823528e-02 
-6.397686e+00 -5.069024e+00 -3.840535e+00 5.636758e+00 1.093302e+01 2.034740e+00 -7.180758e-01 -1.571416e+00 3.831685e+00 5.909160e+00 2.453560e+00 -8.890052e+00 -3.285754e-02 -1.018082e+00 1.619884e+00 1.151091e+00 1.138718e+00 2.593137e+00 3.346326e-01 -2.106988e-01 2.358572e-01 -3.301075e+00 -1.720698e+00 3.386554e+00 3.017165e+00 -4.071530e-02 
-6.429428e+00 -4.018559e+00 -6.018034e+00 4.780709e-01 8.118411e+00 3.183325e+00 3.238579e-01 3.296190e+00 6.993067e+00 5.767928e+00 -3.093729e-01 -6.654554e+00 -5.684006e-02 -8.128504e-01 1.311583e+00 1.947551e+00 9.954821e-01 1.108917e+00 1.074921e+00 -4.367331e-02 6.396672e-01 -2.473042e+00 -2.136192e+00 1.716368e+00 1.187863e+00 -1.118386e-02 
-7.185553e+00 -3.335744e+00 -1.855798e+00 6.971123e+00 1.473859e+01 6.670126e+00 -1.400478e+00 -3.470133e+00 1.093456e+00 5.845428e+00 6.344518e+00 -6.363579e+00 -4.045546e-02 -8.958871e-01 6.719515e-01 1.854051e+00 -1.335099e-01 2.180995e-01 1.075678e+00 3.460165e-01 1.046610e+00 -1.639035e+00 -2.037987e+00 6.331137e-01 1.791828e+00 -1.414081e-02 
-8.704301e+00 -1.938107e+00 2.336798e+00 4.717904e+00 9.062950e+00 4.002294e+00 1.637903e-01 4.832993e+00 -2.545853e-01 3.012590e-01 3.367643e+00 -4.934983e+00 -5.312634e-02 -7.919844e-01 9.687415e-01 1.731080e+00 3.068966e-01 -7.640437e-01 -6.877588e-01 1.714280e-01 1.072898e+00 -9.574233e-01 -2.747935e+00 9.779490e-01 1.963999e+00 -3.892910e-03 
-9.739685e+00 -2.749493e+00 1.252303e+00 2.849292e+00 1.155125e+01 7.003644e+00 1.092041e+00 2.893233e+00 -7.396634e-01 -1.547442e+00 3.780621e+00 -7.906965e-01 -1.054184e-01 -3.051805e-01 1.225742e+00 3.541896e-01 -9.156160e-01 -1.738306e+00 -1.821875e+00 2.439102e-01 1.477845e+00 -2.737421e-01 -1.411710e+00 7.891172e-01 3.565536e+00 -7.379890e-04 
-9.112284e+00 5.320225e-01 1.083316e+00 4.073470e+00 5.891864e+00 -4.222281e-01 -6.526136e-02 5.478995e+00 3.122509e+00 -4.275311e+00 5.862320e+00 3.789998e-01 -4.382312e-02 -4.737646e-01 -2.606797e-02 -4.495249e-01 -6.438946e-01 -1.313095e+00 -1.913497e+00 3.312538e-01 -1.699854e-01 4.164392e-01 -1.857628e-01 2.109437e+00 2.820185e+00 -2.158988e-03 
-8.507463e+00 1.557900e+00 5.418904e-01 2.715260e+00 7.632604e+00 -2.269866e-01 -6.640124e-02 3.596093e+00 -1.963802e+00 1.075162e+00 9.042765e+00 8.807108e+00 -4.879701e-02 -5.751933e-01 -6.614344e-01 -9.982704e-02 -3.667564e-01 -1.138219e+00 -2.198272e+00 5.738235e-03 1.513159e-01 6.007979e-01 1.718392e+00 2.434219e+00 1.340277e+00 -3.587604e-04 
-1.168923e+01 -4.222143e+00 4.443797e-01 1.565447e+00 4.456799e+00 -1.949876e+00 2.399280e+00 3.631635e+00 2.439680e+00 -1.938857e+00 1.128375e+01 4.367043e+00 -9.223199e-02 -6.240621e-01 -8.191792e-01 1.337471e-01 3.055124e-02 4.241881e-01 4.493048e-01 1.595752e-01 -5.974413e-01 1.320773e-01 1.251036e+00 1.233887e+00 -1.314916e-01 -7.863939e-03 
-1.132718e+01 -3.679582e+00 1.072637e+00 2.269521e+00 6.577685e+00 -3.223892e+00 -1.115390e-01 4.573492e+00 2.605741e+00 5.876290e+00 1.324100e+01 3.916667e+00 -8.300781e-02 -6.354197e-01 -5.516980e-01 2.095746e-01 2.059911e-01 2.305560e-01 4.401499e-01 -1.000180e+00 -1.213721e+00 4.323983e-01 1.012036e-01 -1.077391e-01 -2.338397e+00 -4.625940e-03 
-1.082274e+01 -9.451327e-01 1.486679e+00 4.449095e+00 8.540263e+00 3.322748e+00 7.551837e-01 2.003089e+00 1.498125e+00 -4.206932e-01 9.932640e+00 2.166762e+00 -6.603742e-02 -3.776932e-03 7.533435e-01 4.023833e-01 5.315204e-01 1.368295e-01 3.669872e-01 -9.496208e-01 -1.510898e+00 -4.069056e-01 -4.357133e-01 -3.915591e-01 -4.751298e-01 4.724181e-03 
-1.211781e+01 -2.839096e+00 1.068614e+00 2.303391e+00 6.743651e+00 -6.625495e-01 -4.245255e+00 -1.658237e+00 6.689674e-01 8.220978e-01 9.179626e+00 -1.784738e+00 -8.502400e-02 -1.852304e-01 1.668141e-01 -2.918299e-01 -7.064672e-02 -7.703037e-01 -8.508249e-02 -2.401272e-01 -1.178241e+00 4.891190e-01 -1.302870e+00 -9.169822e-01 3.202411e-01 -1.001704e-03 
-1.131280e+01 -8.756695e-01 2.458308e+00 4.206114e+00 5.057963e+00 -1.395611e+00 -2.819660e-01 -8.069901e-01 1.373539e+00 -1.590327e+00 1.135664e+01 4.842097e+00 -6.760299e-02 -2.261602e-01 -3.911368e-01 -6.658954e-01 -5.088249e-01 -1.042223e+00 -9.853320e-01 3.540871e-02 -2.085956e-01 1.167567e+00 -1.404338e-02 -5.212649e-01 9.991831e-01 -4.460180e-03 
-1.200830e+01 -2.880243e+00 -8.723277e-01 2.037777e+00 4.467317e+00 -1.290124e+00 -7.936000e-01 8.732852e-02 5.113628e+00 -5.324078e-02 7.944086e+00 4.180205e+00 -8.723354e-02 -4.764652e-02 -2.086869e-01 -7.212518e-01 -2.699564e-01 -5.143315e-01 -1.149663e-01 6.391675e-01 4.385449e-01 1.262941e+00 -2.135906e-02 -5.883637e-01 1.126800e+00 -2.404964e-03 
