-5.196671e+00 1.828627e+00 8.772268e+00 6.770126e+00 4.807220e+00 6.165589e+00 -9.136595e-01 5.229005e+00 5.427780e+00 -4.073020e+00 8.509626e-01 1.038318e+00 -1.512927e-01 -5.922344e-01 1.246936e-01 -1.127527e+00 -1.782747e+00 -1.249102e+00 1.232475e-01 1.254664e+00 7.735261e-01 -6.260296e-01 2.190123e-01 7.979565e-01 1.030759e+00 0.000000e+00 
-7.483159e+00 1.504036e+00 2.519535e+00 9.618953e-02 9.489238e-02 5.324217e+00 7.947137e-01 7.999219e+00 4.535288e+00 -5.994840e-01 2.120371e+00 1.603466e+00 -1.512927e-01 -1.830860e-01 -4.935244e-01 -7.005358e-01 -4.170928e-01 -4.213111e-01 -9.737255e-01 9.951933e-01 9.830620e-01 1.184453e+00 1.770644e+00 -1.109676e+00 -3.577316e-01 8.214235e-04 
-7.014600e+00 2.614391e+00 6.260999e+00 1.193361e+00 9.178749e-01 7.202513e+00 4.505476e+00 7.711528e+00 2.743878e+00 -4.714726e+00 4.206041e+00 5.909539e+00 -1.512927e-01 2.008614e-01 -6.906376e-01 -9.142224e-01 4.532030e-01 4.494672e-01 -9.969186e-01 6.903345e-01 -1.385961e-01 5.401052e-01 4.922941e-01 -1.831997e+00 -1.143797e+00 4.107118e-04 
-5.203137e+00 -1.031877e+00 6.525224e+00 7.473044e+00 4.645338e+00 7.784995e-01 1.352739e+00 8.903053e+00 1.269200e+01 5.101051e+00 -6.374956e+00 -3.185951e+00 -1.471856e-01 -3.058777e-02 -2.185924e+00 1.052916e+00 2.312572e+00 -1.247381e+00 -1.336705e+00 -8.028407e-02 -2.529297e+00 -1.471982e+00 2.435309e-01 -1.517370e+00 -2.604535e+00 3.191091e-02 
-5.332376e+00 -3.566048e-01 2.198312e+00 5.347713e+00 4.779334e+00 3.453855e+00 2.259000e+00 4.084108e+00 4.049951e+00 -4.461817e+00 -4.061357e+00 -2.285960e+00 -1.512927e-01 -4.585188e-01 -2.389833e+00 9.173399e-01 1.944444e+00 -2.334221e+00 -8.700668e-01 1.532514e-01 -3.115507e+00 -2.375194e+00 1.226318e+00 5.039743e-01 -1.923422e+00 3.401036e-02 
-8.477210e+00 -7.940087e+00 9.815460e+00 9.581872e+00 -8.072744e+00 5.150210e-01 1.516531e+00 -2.833558e+00 -3.477660e+00 4.917159e-01 -1.332779e+00 -7.321458e+00 8.261859e-03 -6.819525e-01 4.341439e-01 -3.039223e-01 -7.611791e-01 -1.047296e+00 9.507924e-03 -1.278476e+00 -3.414233e+00 -3.076400e+00 -7.878749e-01 3.016759e+00 9.578704e-01 8.411383e-03 
-7.670157e+00 -5.880672e+00 9.202579e+00 9.861169e+00 -4.394189e+00 2.983919e+00 5.189837e+00 -1.997699e+00 -1.047264e+00 3.721532e+00 4.204824e+00 -1.639815e+00 -5.896461e-02 -1.373926e-01 1.650026e+00 -4.694652e-01 -1.728833e+00 1.149401e-01 -5.079085e-01 -1.438935e+00 -1.969274e-01 -2.091861e-01 -1.855018e-01 2.456233e+00 1.421682e+00 -1.595545e-02 
-7.444009e+00 3.900876e+00 1.503478e+00 1.410421e+00 3.995620e+00 1.061007e+00 -6.505061e+00 -5.127208e+00 -1.413962e-01 -2.929997e+00 4.575748e+00 1.280329e+00 -1.512927e-01 2.252348e-01 2.748537e+00 -1.852885e+00 -2.926812e+00 2.636369e+00 8.532734e-01 -6.944078e-01 2.199762e+00 1.627957e+00 -1.549179e+00 1.594570e+00 1.659622e+00 -4.114372e-02 
-6.535939e+00 1.973043e+00 4.006977e+00 7.892714e-01 -6.801484e-01 6.413191e-01 -9.248765e-01 4.246296e+00 1.335889e+00 -3.678469e+00 5.265545e+00 5.215585e-01 -1.512927e-01 8.627243e-02 1.770568e+00 -6.056617e-01 -1.433377e+00 1.759596e+00 1.243895e+00 9.088731e-02 2.824385e+00 1.311395e+00 -1.407880e+00 1.322375e-01 6.731923e-01 -1.846561e-02 
-7.918145e+00 1.875739e+00 3.148834e+00 -5.162375e-01 3.252080e+00 5.952687e+00 1.101849e+00 5.043255e+00 3.470549e+00 -3.554177e+00 6.109711e+00 -1.040339e-01 -1.512927e-01 1.709036e-01 2.915164e-01 4.683363e-01 4.109563e-01 7.475413e-01 1.339455e+00 1.330731e+00 1.721141e+00 1.832240e+00 3.549511e-01 -6.716610e-01 2.238547e-01 0.000000e+00 
-7.001727e+00 3.984735e+00 5.351593e+00 3.657614e+00 4.775562e+00 6.757554e+00 1.840818e+00 7.038996e+00 3.703741e+00 -3.005776e+00 4.099030e+00 2.418328e+00 -1.512927e-01 1.219404e-01 4.466163e-01 -8.265021e-02 1.072737e+00 1.509624e+00 1.500849e+00 2.276933e-01 -4.365269e-01 8.962695e-01 6.189341e-02 -1.111575e+00 1.591730e-01 0.000000e+00 
-6.356597e+00 4.352612e+00 3.172852e+00 2.031032e+00 5.005471e+00 4.700166e+00 -1.234252e+00 2.082147e+00 7.835876e+00 -1.491588e+00 1.800701e+00 1.451218e+00 -1.512927e-01 3.443371e-01 1.222398e-01 -6.097237e-02 6.797525e-01 1.681879e-01 -9.904755e-01 -3.197049e-01 -6.770990e-01 5.135180e-01 7.687492e-01 -1.183076e+00 -5.683492e-01 0.000000e+00 
-6.707011e+00 2.967688e+00 3.581717e+00 4.879324e+00 5.991278e+00 8.771826e+00 1.381640e+00 3.544216e+00 3.634573e+00 -4.400297e+00 1.862173e+00 5.397979e-01 -1.512927e-01 1.021290e-01 -2.944039e-01 -1.572377e-01 2.283651e-01 -1.475022e-01 -8.340599e-01 -5.824091e-01 -1.014109e+00 -1.558591e+00 4.986685e-01 3.563809e-01 -6.290148e-01 0.000000e+00 
-6.343818e+00 2.995461e+00 3.728910e+00 2.271670e+00 3.485162e+00 -6.826460e-03 -2.670863e-01 3.405150e+00 6.072723e+00 9.868293e-01 1.312762e+00 -2.006515e+00 -1.512927e-01 2.437254e-01 -5.048428e-01 -2.832597e-01 2.491568e-01 9.923180e-01 4.080964e-01 1.662891e-01 -1.149445e-01 -2.005631e+00 1.246058e+00 2.499694e+00 7.350000e-01 0.000000e+00 
-6.497472e+00 3.191291e+00 4.287375e+00 4.679120e+00 4.798206e+00 4.940751e+00 -1.554810e+00 1.306947e+00 -3.207638e+00 -1.751643e+00 6.124904e+00 1.002120e+00 -1.512927e-01 3.519703e-01 -3.365779e-01 -8.224710e-01 -1.310385e+00 -1.409500e-01 5.094265e-01 -1.213503e+00 -1.177351e+00 -1.079607e+00 1.368071e+00 2.987794e+00 2.883371e+00 0.000000e+00 
-5.242740e+00 1.716596e+00 1.403724e+00 3.376918e+00 1.056360e+01 8.656185e+00 1.065419e+00 2.626059e+00 1.228825e+00 3.414372e+00 1.216781e+01 4.895056e+00 -1.512927e-01 6.288546e-01 -1.824423e-01 -7.342591e-01 -1.408976e+00 -1.188020e+00 1.864112e+00 -7.374524e-01 -1.219513e+00 -4.799492e-01 6.602798e-01 1.960379e+00 3.252707e+00 0.000000e+00 
-5.497699e+00 1.924231e+00 6.319547e-01 -2.225226e+00 1.747310e+00 6.987453e+00 -5.352129e+00 -1.952993e+00 6.584874e-01 1.226286e+00 1.137362e+01 1.150587e+01 -1.512927e-01 2.163979e+00 5.552390e-01 -4.147717e-01 -4.110330e-01 -2.156794e+00 2.708814e+00 -1.086661e+00 -8.089749e-01 -4.540274e-01 -1.531365e+00 -2.220460e+00 1.076917e+00 4.151491e-02 
-3.699431e+00 2.716780e+00 1.885325e+00 -1.321039e+00 -9.294882e-01 8.290384e+00 -2.055689e+00 -1.062444e+00 1.739915e+00 2.799264e+00 8.490295e+00 9.005147e+00 -1.512927e-01 2.271909e+00 9.238435e-01 6.493789e-01 1.282624e+00 -6.983873e-01 2.298322e+00 -9.016905e-01 -8.541526e-02 -1.845313e+00 -3.552630e+00 -4.994178e+00 -2.030293e+00 4.482028e-02 
3.550771e+00 5.467394e+00 1.972716e+00 4.972934e+00 -2.392199e-01 1.866772e+01 -5.427560e+00 -8.936759e-01 -5.733319e+00 -9.100912e+00 -3.138643e+00 4.331661e+00 5.628186e-02 1.110942e+00 -2.981621e-01 -1.707911e-03 1.959077e+00 1.548375e+00 2.590446e-01 6.100498e-01 4.529629e-01 -1.886971e+00 -3.166873e+00 -3.805687e+00 -3.158226e+00 2.766204e-02 
1.592570e+00 4.564232e+00 3.980238e+00 6.190955e+00 8.064926e+00 1.430766e+01 -3.405318e+00 1.669324e+00 -4.801836e+00 -9.185178e+00 -5.546949e+00 -1.669303e+00 -3.097856e-02 -1.821211e+00 -2.169754e+00 -9.004022e-01 1.046648e+00 4.931204e-01 -2.643461e+00 -6.192617e-02 6.484769e-02 4.362151e-01 -5.959078e-01 -9.855895e-01 -1.143514e+00 5.801998e-02 
-2.588988e+00 -4.903057e-01 -4.240413e-01 3.814162e+00 4.991976e+00 5.274036e+00 -1.627065e+00 -1.054062e+00 -5.505494e+00 -8.615857e+00 -6.361895e-01 1.051961e+00 -7.313955e-02 -3.413956e+00 -2.618927e+00 -1.630165e+00 -6.240873e-01 -1.347514e+00 -4.824447e+00 2.961646e-01 -2.377279e-02 1.898465e+00 2.791793e+00 2.855762e+00 1.166270e+00 8.039899e-02 
-9.735606e+00 -5.153140e+00 -1.418308e+00 4.491587e+00 -1.079484e+00 1.769922e+00 -4.265567e+00 -6.580124e-01 3.807078e+00 -4.228029e-01 2.311121e+00 4.927425e+00 2.035179e-01 -2.239732e+00 -1.529637e+00 -1.818480e+00 -8.296526e-01 -3.272449e+00 -3.847163e+00 -6.935126e-01 2.164739e-01 1.484678e+00 2.993579e+00 4.061013e+00 2.700836e+00 1.249977e-01 
-7.854918e+00 -2.768556e+00 -3.478836e+00 2.702181e+00 -2.404586e+00 8.143532e-01 -3.516612e+00 1.511284e-01 -5.454512e-01 4.768639e-01 7.211134e+00 6.864644e+00 3.410286e-01 -1.227065e+00 3.336447e-01 -1.001483e+00 -1.515763e+00 -4.095630e+00 -3.123647e+00 -1.347330e+00 4.778567e-01 1.032259e+00 2.078059e+00 2.185349e+00 8.849642e-01 1.495450e-01 
-6.973126e+00 -1.944827e+00 -3.584765e+00 2.598683e+00 -4.599041e+00 -2.698310e+00 -5.928107e+00 2.149098e+00 1.415340e-01 1.236357e+00 1.083445e+01 8.928535e+00 3.869260e-01 -1.921766e-01 2.779813e-01 -9.004604e-01 -2.263597e+00 -3.606687e+00 -2.995089e+00 -1.236494e+00 -3.533992e-01 -4.428898e-01 7.659308e-01 1.581675e+00 -1.150280e+00 1.026442e-01 
-1.010555e+01 -4.262385e-01 -4.348226e+00 -2.818202e+00 -1.372640e+01 -8.110081e+00 -7.532446e+00 -6.833410e-02 1.488573e+00 9.448566e-01 6.028891e+00 3.476227e+00 5.828816e-01 -9.604416e-01 -5.323181e-01 -6.430233e-01 -1.387477e+00 -2.564170e+00 -1.399347e+00 -2.894903e-01 -1.513904e+00 -2.098644e-01 4.552138e-01 8.021049e-02 -1.870765e+00 7.646634e-02 
-9.571172e+00 -4.934392e+00 -5.485915e+00 -4.066206e+00 -1.345201e+01 -8.743307e+00 -8.440120e+00 -2.315277e+00 5.756168e-01 3.172855e+00 1.081062e+01 8.702329e-01 5.958123e-01 -7.374743e-01 -1.348954e-01 2.901751e-01 -2.359976e-01 -1.257110e+00 7.268775e-01 1.923445e-01 -1.435923e+00 -3.677970e-01 -3.555819e-01 -1.339211e+00 -5.995607e-01 4.723441e-02 
-1.135810e+01 -3.935364e+00 -5.743377e+00 -9.027591e-01 -1.079895e+01 -3.159883e+00 -3.708057e+00 -5.186205e+00 -1.811815e+00 1.784684e+00 7.624104e+00 1.539969e+00 6.189171e-01 -9.521828e-02 1.530716e-01 5.635189e-01 1.126594e+00 7.310106e-01 1.949698e+00 1.619347e-01 -8.833750e-02 -1.083094e+00 -1.841146e+00 -2.110299e+00 -7.908274e-01 4.711348e-03 
-1.003422e+01 -8.647411e-01 -1.436314e+00 4.609736e-01 -1.234831e+01 -1.539022e+00 -6.878579e+00 -2.471584e+00 -4.725748e-02 -9.614663e-01 3.340792e+00 6.898860e+00 6.050803e-01 4.566383e-01 1.566127e+00 5.646039e-01 5.832189e-01 4.874543e-01 1.529566e+00 -3.821400e-01 1.445889e+00 -7.925502e-01 -2.827279e+00 -3.942066e+00 -2.929387e+00 1.016462e-03 
-1.035012e+01 -1.695706e+00 -3.555432e+00 5.511792e-01 -1.062319e+01 -1.963733e+00 -7.503543e+00 -4.318683e-01 -3.615460e+00 -6.193711e+00 -7.876909e-01 -3.492224e+00 6.018044e-01 7.819971e-01 1.368898e+00 1.859398e-01 -9.775627e-01 -3.218544e-01 6.526245e-01 2.213071e-01 1.738815e+00 -4.384982e-01 -2.514535e+00 -3.415768e+00 -3.676190e+00 -2.911091e-05 
-7.791972e+00 1.776415e+00 -3.756868e+00 -1.877081e+00 -1.110262e+01 -1.693552e+00 -8.453077e+00 2.537002e+00 -2.485311e+00 -6.974343e+00 -4.693814e+00 -1.126061e+01 6.094510e-01 1.991093e-01 3.510363e-01 -2.391140e-01 -2.120847e-01 8.852594e-01 8.954571e-01 1.855451e+00 3.700210e-01 -2.979527e-01 -5.979275e-01 -2.532376e+00 -3.369365e+00 7.068610e-03 
-8.569243e+00 1.588550e+00 -3.653401e+00 -4.621546e+00 -1.303107e+01 1.805038e-01 -1.814273e+00 1.003576e+00 -2.785279e+00 -7.781554e+00 -5.437430e+00 -7.761248e+00 6.165862e-01 -1.279754e+00 -1.279904e+00 5.863742e-01 1.469628e+00 2.145218e+00 1.527059e+00 1.679520e+00 -1.691447e+00 -4.507175e-01 1.523808e+00 4.918105e-01 6.768243e-01 1.329986e-02 
-9.929114e+00 -7.516878e-01 -2.582899e+00 1.986913e+00 -6.718081e+00 1.866145e+00 -4.459584e-01 -1.339201e+00 -1.952112e+00 -3.157182e+00 -6.996219e+00 -7.813454e+00 6.330324e-01 -3.896841e-01 -1.549236e+00 1.170828e+00 1.729129e+00 2.457524e+00 -3.447538e-01 -8.950090e-01 -2.741705e+00 -2.284092e-01 1.097513e+00 2.095385e+00 2.801326e+00 1.780499e-02 
-1.568032e+01 -6.831175e+00 -1.210545e+00 5.967323e+00 -2.089376e+00 3.891711e+00 -3.109502e+00 -6.951005e+00 -6.135648e+00 -4.832535e-01 2.822564e+00 -1.831678e+00 6.565130e-01 2.820566e+00 2.926889e-01 6.632813e-01 -5.167933e-01 1.038669e+00 -1.642718e+00 -1.618864e+00 -2.550443e+00 -1.287245e+00 -1.541851e+00 1.985903e+00 1.338053e+00 2.439553e-02 
-6.184855e+00 -1.759902e+00 8.758440e-01 1.474128e+00 -4.285848e+00 -5.272924e+00 -1.228051e+01 -7.194233e+00 -1.952173e+00 -5.135927e+00 1.653112e+00 -2.187593e-01 6.785126e-01 6.669263e+00 1.204978e+00 -5.991257e-01 -3.517981e+00 -2.438808e+00 -1.518080e+00 9.561640e-01 -2.245180e+00 -1.853250e+00 -3.425527e+00 3.028461e+00 2.183993e+00 4.354648e-02 
3.661458e+00 3.556102e+00 -2.066366e+00 -6.949120e+00 -9.053838e+00 -4.463551e+00 -3.991321e+00 -8.821121e+00 -9.221472e+00 -1.450144e+01 1.674201e-01 -4.868332e+00 7.158238e-01 8.094015e+00 1.022769e+00 -1.175451e+00 -4.960880e+00 -2.060383e+00 -1.011948e+00 3.765018e+00 -9.310986e-01 -5.058115e-01 -1.361233e+00 1.176141e+00 2.286878e+00 6.240869e-02 
1.374631e+01 7.956481e-02 -5.150617e+00 -9.144769e+00 -1.542989e+01 -1.546622e+00 4.775771e+00 -1.163004e+01 -9.675451e+00 -1.327573e+01 9.473656e+00 4.624837e+00 8.211094e-01 5.269216e+00 -8.534872e-01 -1.278206e+00 -3.466939e+00 -8.376722e-02 2.141844e-01 5.446384e+00 -1.304385e+00 -1.347200e-01 2.295456e+00 1.038452e+00 1.715979e+00 6.991073e-02 
1.482417e+01 -2.637061e+00 -4.074571e+00 -1.352763e+01 -6.819269e+00 -3.031179e+00 7.187451e+00 -9.388592e+00 -4.803066e+00 -3.219518e+00 4.792997e+00 7.180913e+00 8.972580e-01 1.961142e+00 -1.483702e+00 -1.053991e+00 -1.732161e+00 2.314575e+00 5.561525e-01 2.571267e+00 -1.455440e+00 1.429474e+00 4.762370e+00 -6.952240e-01 1.592461e+00 6.573950e-02 
1.457987e+01 -2.930757e+00 -4.511083e+00 -1.257131e+01 -5.821968e+00 -4.918188e+00 9.362028e+00 -1.343242e+01 -4.834976e+00 7.003951e-01 4.532582e+00 2.336513e+00 9.373491e-01 -4.023814e-01 -6.687589e-01 -4.585463e-01 -1.419528e+00 3.674910e+00 5.298945e-01 6.092922e-01 -1.029982e+00 1.400785e+00 3.306213e+00 -2.977565e+00 -4.935575e-01 4.239166e-02 
1.305039e+01 -2.357248e+00 -7.656090e+00 -1.389665e+01 -2.284922e+00 2.994180e-03 6.571883e+00 -1.519713e+01 -4.494338e+00 2.322351e+00 -8.381629e-01 4.238135e+00 9.864014e-01 -8.372037e-01 -2.743806e-01 -5.937510e-01 -8.223237e-01 2.626471e+00 7.692802e-01 -1.221557e-01 -5.466667e-01 1.057433e+00 3.417514e-01 -2.481601e+00 -1.312662e+00 2.566309e-02 
1.262130e+01 -3.404136e+00 -5.652589e+00 -1.605790e+01 6.774868e-01 -4.142359e-01 8.130016e+00 -1.387568e+01 -2.825890e+00 4.844065e-01 -2.598591e+00 3.628438e+00 9.884960e-01 -6.881199e-01 -5.438359e-01 -3.621214e-01 3.469648e-02 1.570867e+00 5.407688e-01 -5.389511e-01 1.391313e+00 6.524487e-01 -4.897037e-01 -2.769972e+00 -4.433014e-01 1.328948e-02 
1.161744e+01 -3.772275e+00 -6.472573e+00 -1.589596e+01 3.063360e+00 -1.436754e+00 7.192679e+00 -1.190030e+01 -5.204451e-01 -1.402767e+00 -4.049421e+00 -2.836049e-02 1.000000e+00 -4.623938e-01 -4.571849e-01 1.256000e-01 6.567262e-01 5.814961e-01 -1.926880e-01 -2.984981e-01 2.082109e+00 3.561898e-01 -4.186867e-01 -1.843004e+00 -1.397840e+00 3.344709e-03 
1.185575e+01 -4.942424e+00 -6.913449e+00 -1.139818e+01 -6.417718e-01 -1.494470e+00 6.356875e+00 -8.124275e+00 -3.559679e+00 1.144357e-01 -7.711652e+00 2.253254e+00 9.969972e-01 -4.148509e-01 -9.670348e-02 2.231975e-01 1.351871e+00 -7.934948e-01 -1.367729e-01 4.182416e-01 2.010571e+00 -9.527557e-01 5.450460e-01 -8.906954e-01 -1.347112e+00 6.222248e-04 
1.112120e+01 -3.874028e+00 -6.397661e+00 -1.294288e+01 1.282188e+00 -4.203289e-01 5.965963e+00 -7.662292e+00 -2.346494e+00 4.139032e-01 -7.496651e+00 -2.063475e+00 9.988743e-01 -2.011786e-01 7.766132e-02 2.384135e-01 1.625974e+00 -1.056522e+00 -2.976286e-01 8.521870e-01 1.498720e+00 -1.475842e+00 1.312954e+00 2.632214e-01 -1.468683e+00 -6.844044e-04 
1.079516e+01 -3.836776e+00 -4.574058e+00 -1.077508e+01 -2.399401e+00 -1.606313e+00 1.083458e+01 -5.941830e+00 -6.676644e+00 2.301301e+00 -5.328453e+00 -2.089563e+00 9.921700e-01 -2.794852e-02 2.512136e-01 8.936081e-02 1.023681e+00 6.543975e-01 -1.116438e+00 7.513465e-01 1.497001e+00 -1.027532e+00 1.308249e+00 7.022232e-01 -1.902668e+00 -2.116299e-03 
1.114183e+01 -3.936792e+00 -6.450201e+00 -8.077632e+00 -1.340434e+00 -2.868975e+00 9.214760e+00 -5.497918e+00 -6.341170e+00 4.068571e+00 -3.924913e+00 -5.200364e+00 9.989916e-01 5.169494e-01 -2.068206e-01 -6.126227e-01 1.375084e+00 1.233619e+00 -1.508456e+00 -2.119234e-01 1.500498e+00 -3.761736e-01 1.505514e+00 -1.064131e+00 -3.967617e-01 -2.293980e-03 
1.170568e+01 -3.654974e+00 -6.440375e+00 -8.712396e+00 3.941526e+00 -5.852338e+00 8.489208e+00 -1.721457e+00 -6.700003e+00 4.828348e+00 -5.986404e+00 -5.691644e+00 9.863571e-01 4.393777e-01 -5.225323e-01 -7.642435e-01 7.243997e-01 2.414625e+00 -1.938558e+00 -1.291583e+00 1.766163e+00 6.554879e-01 8.238137e-01 -1.911718e+00 -4.038916e-01 5.736053e-04 
1.325068e+01 -4.999033e+00 -8.527617e+00 -7.098801e+00 4.279820e+00 -5.839599e+00 6.079032e+00 -2.269988e+00 -4.215682e+00 6.677952e+00 -1.248833e+01 -2.246243e+00 9.903108e-01 3.044891e-01 -6.719493e-01 -5.268370e-01 1.087532e+00 1.215860e+00 -2.048982e+00 -2.694048e-01 1.255285e+00 1.176180e+00 -3.099127e-02 -1.600437e+00 -7.284866e-02 1.440936e-03 
1.193763e+01 -5.918318e+00 -7.356568e+00 -7.642497e+00 6.863598e+00 -9.813791e+00 5.944533e+00 1.275019e+00 -4.461948e+00 5.115680e+00 -1.060534e+01 -5.586082e+00 9.993784e-01 2.388994e-01 -7.932987e-01 -8.239263e-01 1.485138e+00 5.139676e-01 -1.854458e+00 -7.032671e-01 9.414406e-01 1.521889e+00 -1.452154e-01 -7.208964e-01 -3.563843e-02 3.503674e-03 
1.254831e+01 -6.164866e+00 -8.626289e+00 -3.174921e+00 3.277830e+00 -1.113316e+01 9.140074e+00 -7.197319e-01 -1.579297e+00 3.769949e+00 -9.617631e+00 -5.617389e+00 9.996856e-01 4.765952e-02 -2.587523e-01 -5.769924e-01 1.074149e+00 -1.598870e-01 -1.489071e-01 -1.144738e+00 8.394532e-01 1.657484e+00 -9.556772e-01 3.300427e-01 3.290769e-01 -8.609647e-03 
1.325137e+01 -7.038551e+00 -1.051067e+01 -3.248648e+00 7.012360e+00 -1.247785e+01 3.442352e+00 2.210618e+00 -4.087474e-01 5.556273e+00 -1.102624e+01 -4.184263e+00 9.991881e-01 3.301960e-01 2.633837e-01 -2.651468e-01 2.798143e-01 -7.503822e-01 1.343197e+00 -1.917919e+00 -1.043740e-01 2.425578e+00 -6.770371e-01 -3.975922e-01 1.561301e+00 -2.048516e-02 
1.283211e+01 -5.732677e+00 -9.835527e+00 -3.924977e+00 3.406005e+00 -5.252105e+00 1.606434e+00 1.459479e+00 2.045138e+00 1.679270e+00 -1.062767e+01 -1.301768e+00 9.473578e-01 6.916895e-02 7.286864e-01 4.165787e-01 -1.373383e+00 -4.259428e-01 2.172568e+00 -2.288369e+00 5.493746e-02 2.031052e+00 -6.115163e-01 -5.726471e-01 1.423083e+00 -2.740672e-02 
1.344671e+01 -4.817493e+00 -8.077682e+00 -5.868397e+00 3.047599e+00 -6.038334e+00 1.217585e-01 -3.364564e-01 5.853725e+00 2.775834e+00 -1.208828e+01 6.261039e-02 9.231165e-01 -1.291592e-01 8.773012e-01 9.992918e-01 -9.616781e-01 -1.700889e+00 2.176085e+00 -6.623219e-01 4.635724e-01 4.116042e-01 2.702633e-01 -1.280708e-02 7.506881e-01 -3.895915e-02 
1.279648e+01 -3.631963e+00 -7.759889e+00 -8.731961e+00 3.130497e+00 -3.490079e+00 -6.414751e-01 8.284926e-01 5.444725e+00 2.102587e+00 -1.194985e+01 -6.254129e-01 9.006878e-01 -2.785854e-01 5.048956e-01 5.801753e-01 4.032750e-01 -1.747916e+00 8.385057e-01 1.566832e-02 1.660202e+00 -5.611392e-01 6.270155e-01 -1.724920e-01 1.153453e-01 -3.120640e-02 
1.262339e+01 -3.702402e+00 -6.552030e+00 -5.653546e+00 -1.354331e+00 -2.478437e+00 1.254698e+00 4.843973e+00 -5.052012e-02 6.695930e+00 -1.042918e+01 -7.689998e-01 8.277273e-01 -6.077672e-01 4.496079e-01 9.191133e-01 1.192855e+00 -1.764866e+00 -3.603596e-01 1.359239e+00 2.513466e+00 -2.448878e+00 1.641973e+00 4.612160e-01 -8.562518e-01 -3.208172e-02 
1.185084e+01 -3.765745e+00 -7.697477e+00 -2.016028e+00 -3.132608e+00 -2.839525e+00 1.118306e+00 7.170272e+00 2.191565e+00 2.854299e+00 -1.231968e+01 -3.092363e-01 8.390204e-01 -6.225923e-01 5.958388e-01 5.533581e-01 1.853284e+00 -1.137121e+00 -1.321065e+00 1.209826e+00 1.865005e+00 -1.828112e+00 1.872842e+00 7.643639e-01 -8.172030e-01 -2.986806e-02 
1.088069e+01 -2.502563e+00 -3.513322e+00 -3.262090e+00 -2.645180e+00 -8.165409e+00 6.038061e+00 9.059982e+00 -4.764086e+00 1.060984e+01 -9.597283e+00 -4.376737e+00 7.935416e-01 -8.512432e-01 1.112130e+00 6.539785e-01 1.103558e+00 -4.712944e-02 -1.597814e+00 7.036373e-01 5.003792e-01 6.671241e-01 9.566921e-01 3.280163e-03 -6.082358e-01 -2.635808e-02 
1.055487e+01 -1.252689e+00 -6.512453e+00 -6.612720e-01 -1.909685e+00 -7.251918e+00 3.015975e+00 8.045515e+00 -1.339052e+00 9.509842e+00 -8.543977e+00 -2.907560e+00 7.684404e-01 -6.736060e-01 1.261350e+00 7.860530e-01 8.418816e-01 -2.556906e-01 -5.095779e-01 -8.498259e-01 2.566258e-01 1.290906e+00 1.152615e-01 2.819848e-01 3.713403e-01 -3.414502e-02 
9.015157e+00 6.017203e-01 -3.874650e+00 -8.131344e-01 -2.201440e+00 -8.261311e+00 3.824049e+00 6.908247e+00 5.050408e+00 8.151620e+00 -1.230063e+01 -2.511017e+00 7.312269e-01 -3.423796e-01 1.102529e+00 1.669419e-01 1.949207e+00 -5.619018e-01 1.595389e-01 -1.149175e+00 -4.759016e-01 1.368961e+00 -1.510685e+00 7.869115e-01 1.166470e+00 -3.298004e-02 
9.415580e+00 9.888654e-01 -3.586548e+00 9.689027e-01 -4.632931e+00 -5.339464e+00 -2.023818e+00 9.529268e+00 3.738848e+00 4.659717e+00 -9.558077e+00 6.146055e-01 6.994526e-01 1.315155e-01 7.165571e-01 5.754674e-01 1.782723e+00 -1.070366e+00 -6.531213e-01 3.125692e-01 -8.092397e-01 2.260427e-01 -1.802266e+00 1.460196e+00 1.282490e+00 -2.959104e-02 
9.738436e+00 1.889304e+00 -4.141565e+00 5.668859e+00 -4.093066e+00 -8.323941e+00 2.812083e+00 5.938597e+00 -4.582288e-01 5.481479e+00 -5.155676e+00 -3.054707e-01 6.631353e-01 6.574689e-01 5.998037e-01 2.445161e-01 2.732627e-01 -4.917057e-01 -4.305840e-01 2.668782e-01 -1.471863e+00 9.772692e-02 -1.475502e+00 1.335900e+00 7.468042e-01 -2.158263e-02 
1.085081e+01 1.686305e+00 -3.501658e+00 5.011346e+00 -6.315701e+00 -1.048621e+01 5.084805e+00 4.484142e+00 2.545480e+00 1.833580e+00 -4.815475e+00 2.402116e+00 6.545310e-01 3.568477e-01 5.489891e-01 5.564122e-02 -1.975165e-01 8.039559e-01 -1.511049e+00 4.281206e-01 -1.030659e+00 1.701677e+00 -5.691735e-01 9.557085e-02 -1.082312e+00 -1.822171e-02 
1.158489e+01 3.252019e+00 -2.694514e+00 -1.468042e+00 -3.818583e+00 -7.840858e+00 1.604129e+00 2.071497e+00 6.135727e+00 2.187177e+00 -7.992435e+00 3.292485e-01 6.457746e-01 3.464107e-01 3.903044e-01 -3.171594e-01 -1.941158e-01 5.082721e-01 -1.222929e+00 -9.071189e-01 -1.392641e-02 1.271014e+00 6.409019e-01 -2.829617e-01 -1.508132e+00 -1.193163e-02 
1.027659e+01 3.052453e+00 -4.031868e+00 3.549771e+00 -7.503929e-01 -1.313625e+01 7.207623e-01 6.309521e+00 8.950253e+00 3.461000e+00 -7.661843e+00 -5.114312e+00 6.170244e-01 -5.279458e-01 -5.126401e-01 6.358516e-01 1.312559e+00 1.265304e+00 -8.454956e-01 -1.223465e+00 2.201360e-01 -8.675653e-01 7.682268e-01 2.961556e-01 -1.300412e+00 -1.204286e-02 
1.175760e+01 3.157752e+00 -5.462257e+00 5.429068e+00 -4.334359e+00 -1.311357e+01 4.585097e-01 4.956275e+00 2.694456e+00 7.872278e+00 -5.147300e+00 -4.087919e+00 6.222304e-01 -5.309616e-01 -5.339381e-01 9.773251e-01 1.950375e+00 1.066401e-01 -6.149508e-01 -1.084668e-01 -2.303566e-01 -2.001940e+00 1.406533e+00 1.539508e+00 -4.769250e-01 -1.706131e-02 
8.124723e+00 -8.297617e-01 1.061471e+00 8.125587e+00 2.687073e-01 -1.207733e+01 -4.597110e-01 4.142433e+00 -7.171053e-02 2.832164e+00 -4.757264e+00 -1.891361e+00 6.060888e-01 -2.364350e-01 -3.958714e-01 8.265260e-01 9.307102e-01 2.568098e-01 9.042569e-02 7.530249e-01 -1.941833e+00 -2.204109e+00 6.151749e-01 1.506455e+00 1.516588e+00 -1.878754e-02 
1.000601e+01 2.523437e+00 -3.545585e-01 5.995925e+00 -3.794932e+00 -1.144507e+01 1.652032e+00 2.003259e+00 6.370087e-01 9.534260e+00 -1.747184e+00 -3.666852e+00 5.659359e-01 -2.855388e-01 4.324794e-01 4.851013e-01 4.828448e-01 4.561938e-01 -4.466662e-01 1.242180e+00 -1.544927e+00 -2.899812e-01 1.178827e-01 6.710381e-01 1.739022e+00 -2.031938e-02 
9.970208e+00 1.390254e+00 -2.453086e+00 7.919892e+00 2.639422e-01 -1.351837e+01 3.889125e+00 -1.923136e+00 -1.041570e+00 5.705884e+00 -1.829627e+00 2.258096e+00 5.512340e-01 6.591852e-01 9.483089e-01 -8.599396e-01 -3.762713e-01 1.298204e-02 -1.086662e+00 9.931080e-01 -7.067658e-01 1.004868e-01 7.522308e-01 7.826232e-01 1.676591e+00 -1.108273e-02 
9.407161e+00 4.210141e+00 -1.279471e+00 7.946139e+00 -2.051008e+00 -1.462638e+01 4.494991e+00 2.644254e-01 1.729479e+00 7.024832e+00 -3.255928e+00 2.532464e+00 5.480609e-01 5.126547e-01 6.521572e-01 -2.261498e-01 -4.176814e-01 6.247551e-01 -7.495302e-01 6.270491e-01 -1.662372e-01 -1.507490e+00 6.503745e-01 1.100801e+00 1.370683e+00 -1.221091e-02 
1.172008e+01 3.068431e+00 -2.775770e+00 5.269124e+00 -5.383446e-01 -1.591999e+01 3.084349e+00 1.478020e+00 -1.155116e-01 7.848032e+00 -8.977580e-02 3.391936e+00 5.596126e-01 5.577940e-01 7.739357e-01 4.915869e-01 -7.067478e-01 3.345002e-01 1.273897e+00 -8.622776e-01 9.990420e-02 -9.558786e-01 6.228595e-01 9.102616e-01 7.164021e-01 -2.802560e-02 
1.169435e+01 4.945134e+00 -1.323966e+00 5.232903e+00 -2.700133e-01 -1.399191e+01 5.189665e+00 -5.285056e-01 -7.363468e+00 1.171506e+01 2.886895e+00 2.619645e+00 5.006920e-01 4.130010e-01 9.981869e-01 1.073987e+00 -5.110480e-01 7.019862e-01 2.307391e+00 -1.823478e+00 -8.679347e-01 -1.894184e-01 -1.513458e+00 9.606014e-01 1.353057e+00 -5.282788e-02 
1.161558e+01 4.892436e+00 2.709532e-02 5.742772e+00 1.045946e+00 -7.466116e+00 -7.695993e-01 -1.027150e+00 -1.274489e+00 6.475068e+00 -3.497300e-01 5.796516e+00 4.347904e-01 -1.065810e+00 1.186361e+00 2.759021e+00 3.001175e-01 5.998765e-01 4.017710e+00 -2.033992e+00 -1.136319e+00 6.857355e-01 -2.558741e+00 1.048563e+00 -9.713984e-02 -7.279754e-02 
1.152441e+01 8.289073e+00 2.689033e+00 5.154076e+00 6.667780e-01 -7.316360e+00 -2.695424e+00 -2.822663e+00 1.361876e+00 1.440248e-01 1.677057e+00 8.095460e+00 3.463326e-01 -2.828183e+00 -4.348921e-01 3.853682e+00 1.269723e+00 1.659993e+00 5.362947e+00 -1.292498e+00 -9.353859e-01 1.309556e+00 -3.410579e+00 6.395974e-02 -1.638601e+00 -4.626843e-02 
6.475996e+00 7.328267e+00 9.012836e+00 6.809125e+00 1.992642e+00 8.307852e-01 -3.143064e+00 -3.056497e+00 -1.049506e+00 8.398442e-01 5.757959e+00 1.683290e-01 2.728046e-01 -4.149671e+00 -1.922631e+00 3.139895e+00 2.116163e+00 2.345586e+00 4.693785e+00 2.713715e-01 -5.234003e-01 -3.158819e-01 -2.248412e+00 7.660429e-01 -1.409563e+00 -2.237636e-03 
1.232300e-01 1.552758e+00 1.345158e+01 1.104834e+01 7.556604e+00 8.674373e+00 -8.609247e-02 -4.190762e+00 -9.281799e-01 -2.520225e+00 1.528490e-01 -2.759268e+00 3.503428e-01 -4.487448e+00 -2.477629e+00 1.580436e+00 1.491113e+00 1.128499e+00 3.356536e+00 1.800684e+00 1.324587e+00 -1.156613e-01 -1.424474e+00 -1.920257e+00 -2.325329e+00 2.811101e-02 
-3.432179e+00 -1.352561e+00 1.034530e+01 1.337645e+01 9.328962e+00 8.007443e+00 -7.174073e-01 -2.960103e+00 -1.708871e+00 -3.434868e+00 4.242588e+00 4.176066e+00 4.215972e-01 -2.463770e+00 -8.108271e-01 -8.712262e-01 -3.126049e-03 -5.477740e-01 1.318380e+00 1.623432e+00 1.712346e+00 -2.987308e-01 -3.198231e+00 -2.918964e+00 -1.674532e+00 3.056331e-02 
-5.958737e+00 2.413397e-01 9.924981e+00 9.325976e+00 2.641112e+00 5.877993e+00 5.095165e+00 3.752072e+00 1.113252e+00 -4.840990e+00 -7.166542e+00 -5.535053e+00 4.124914e-01 -1.181153e+00 4.761685e-01 -2.052720e+00 -1.559469e+00 -1.663221e+00 -5.679808e-01 -2.851586e-02 6.477202e-01 -1.091341e+00 -3.681442e+00 -2.489609e+00 -2.619658e+00 -3.474075e-03 
-2.801871e+00 3.929841e+00 6.420002e+00 7.654677e+00 1.711518e+00 8.820877e+00 2.383466e+00 1.533817e+00 -3.563876e+00 -1.399093e+01 -5.177163e+00 -6.816438e+00 3.945469e-01 -8.473259e-01 3.926778e-01 -1.513106e+00 -2.872324e+00 -2.828731e+00 -1.508652e+00 -1.906505e+00 -7.471490e-02 -4.486605e-01 -1.011689e+00 -3.037000e-01 -1.359363e+00 -1.258903e-02 
-6.097688e+00 1.292399e+00 5.150627e+00 6.111886e+00 3.049220e+00 5.427752e+00 -1.779109e+00 -3.199120e+00 -5.457381e+00 -1.564940e+01 -7.585320e+00 -1.036131e+01 3.464975e-01 -1.499585e+00 -5.146418e-01 -1.444711e+00 -3.359864e+00 -1.968504e+00 -1.007855e+00 -2.602871e+00 -9.428276e-01 -7.638540e-01 8.887164e-01 3.588189e+00 1.874693e+00 4.642993e-03 
-7.599334e+00 8.529830e-02 5.166947e+00 6.218764e-01 -5.018747e+00 6.893048e-01 -6.812794e+00 1.419189e-01 -6.668565e-01 -3.089108e+00 2.933477e+00 -2.076200e-01 3.916489e-01 -1.725213e+00 -1.249439e+00 -1.204359e+00 -2.857302e+00 -1.626504e+00 -4.085875e-01 -1.531585e+00 -4.904357e-01 1.046881e+00 3.495383e+00 4.178054e+00 3.202217e+00 1.391985e-02 
-1.105793e+01 -4.095981e-01 3.327955e+00 -3.956943e+00 -3.836275e+00 4.904506e+00 -3.321058e+00 -2.661168e-01 -4.154528e+00 -5.848318e+00 6.719083e+00 5.340040e-01 4.371553e-01 4.348888e-02 -1.046015e+00 -1.778185e+00 -1.947932e+00 -1.304810e+00 -1.246200e+00 -1.124561e+00 7.294588e-02 1.467258e+00 3.100672e+00 2.787869e+00 2.884622e+00 2.299167e-02 
-8.947816e+00 -1.466354e+00 1.309545e+00 -1.597419e+00 -2.978252e+00 7.039562e+00 -4.503482e+00 -2.384863e+00 1.019106e+00 -1.414558e+00 8.560907e+00 3.746991e+00 4.188172e-01 1.060256e+00 -9.065799e-01 -1.351345e+00 -4.590283e-01 1.352930e-01 -1.471950e+00 -7.002347e-01 -8.710481e-01 1.162678e+00 9.857612e-01 -3.069591e-01 6.686866e-01 4.120600e-03 
-5.206002e+00 -3.161849e+00 -1.811596e+00 -2.518124e+00 -4.495076e+00 -3.978378e+00 -8.556569e+00 -1.571000e+00 1.035930e+00 -9.833152e-01 3.540312e+00 2.084498e+00 4.478717e-01 1.449260e+00 -6.770244e-01 1.106963e-01 5.617253e-01 1.007207e+00 -1.126756e+00 5.231011e-01 1.096449e+00 2.175655e+00 1.191546e+00 -8.301585e-01 -5.049402e-01 -2.458116e-02 
-5.224019e+00 -3.071476e+00 9.799953e-01 -2.392675e+00 -4.012882e+00 -2.229004e+00 -7.696212e+00 -3.560880e+00 2.551303e+00 -5.928035e-01 2.988067e+00 2.360566e+00 4.068937e-01 8.981333e-01 -1.664223e+00 1.962873e-01 1.768934e-01 2.351395e-01 -8.076159e-01 5.809190e-01 1.286111e+00 6.410074e-01 4.242738e-01 -1.247128e+00 -1.662551e+00 -3.784280e-02 
-5.673528e+00 -2.992159e+00 4.046211e+00 -7.506888e-01 1.717075e+00 3.905007e+00 8.908126e-01 5.804138e+00 5.957648e+00 -3.014646e-01 5.354711e+00 -1.297484e+00 3.202112e-01 1.313725e+00 -1.400595e+00 4.938077e-01 2.607405e-01 2.452748e+00 2.349701e+00 1.959108e+00 1.294982e-01 -1.486301e+00 9.761324e-01 -1.534268e+00 -2.161981e+00 -7.618973e-02 
-4.223387e+00 -9.872313e+00 -6.379223e-01 -1.596670e+00 -4.908630e+00 -9.402096e-01 -6.322577e+00 3.581256e-01 1.763283e+00 3.658853e-01 1.418067e+00 -2.874773e+00 2.934335e-01 1.609053e+00 -1.480700e+00 -9.242626e-01 1.225403e-01 2.939684e+00 1.356241e+00 1.003030e+00 -5.653421e-01 -2.408219e+00 1.469550e+00 -2.733593e+00 -4.273482e+00 -7.429367e-02 
8.623075e-01 -6.764404e+00 1.466401e+00 -1.612424e+00 8.216536e+00 7.125730e+00 5.521541e-01 -2.883012e+00 -6.001567e+00 3.418002e+00 -3.346030e+00 -6.107740e+00 1.236532e-01 1.526738e+00 -8.134027e-01 -1.572597e+00 -9.897000e-01 9.508187e-01 6.927310e-01 6.666334e-01 -2.086185e+00 -2.142797e+00 2.104896e+00 -2.862267e+00 -3.313468e+00 -6.165735e-02 
-4.466705e-01 -8.588851e+00 -2.351413e+00 -1.349106e+00 7.435807e+00 2.941840e+00 -2.511733e+00 -2.044016e+00 -3.510185e+00 4.895216e+00 -6.329527e+00 -1.660172e+01 1.337044e-01 8.667771e-01 1.176394e-01 -1.439798e+00 -1.113600e+00 1.374178e+00 1.424306e+00 1.506235e+00 -1.658917e-01 -5.230148e-02 1.501085e+00 -1.622807e+00 -2.160822e+00 -5.303955e-02 
7.180309e-02 -7.700904e+00 -2.960029e+00 -5.822971e+00 2.989502e-01 5.427637e+00 2.318557e+00 -3.425714e+00 -2.119602e+00 7.958351e+00 -5.082825e+00 -1.100135e+01 9.178907e-02 3.189821e-01 7.942207e-01 -1.570604e+00 -5.228017e-01 -1.508665e+00 5.762148e-01 2.670482e-01 1.081396e+00 2.158701e+00 6.304923e-01 -3.845739e-02 -6.510035e-01 -5.052397e-02 
5.057507e-01 -8.815866e+00 -5.623697e+00 -5.059398e+00 5.921052e+00 7.030368e+00 3.253934e-01 -1.999822e-01 -4.392065e-01 5.601134e+00 -5.827571e+00 -1.123208e+01 4.416782e-02 3.058170e-01 1.902183e+00 -4.273025e-01 1.001858e+00 -4.339733e-01 1.764379e+00 -8.773968e-02 -5.695382e-01 1.793705e+00 7.610123e-01 1.813585e+00 1.174537e+00 -6.111182e-02 
1.981008e+00 -2.679793e+00 -4.750475e+00 -2.371287e+00 1.430588e+00 7.962540e+00 4.688320e-01 1.601949e+00 3.256451e+00 6.217505e+00 -3.789295e+00 -1.204758e+01 -8.419836e-02 -5.901605e-01 2.173920e+00 2.239677e-01 1.597880e+00 8.307527e-01 1.177254e+00 -6.045168e-01 -5.662342e-01 8.989980e-01 -1.213060e+00 2.524172e+00 1.640317e+00 -6.141923e-02 
1.278124e-01 -1.588492e+00 -3.592702e+00 1.934342e+00 4.700122e+00 1.049628e+01 -2.025568e+00 -7.405538e+00 2.770312e+00 9.570701e+00 2.091633e+00 -1.020592e+01 -8.386099e-02 -1.210275e+00 2.159380e+00 1.096437e+00 8.479404e-01 2.770021e-01 1.604753e-01 -7.036585e-01 -5.229568e-01 4.954214e-01 -1.895431e+00 3.001575e+00 4.233845e+00 -4.580153e-02 
-2.690030e+00 -4.449890e-01 -2.855688e+00 -1.330441e+00 5.063179e+00 9.580951e+00 4.714541e-01 -2.654107e+00 7.706283e-01 -9.173155e-02 3.578434e+00 -3.312845e+00 -1.512927e-01 -1.420654e+00 1.695773e+00 1.573706e+00 5.111352e-01 9.736670e-01 -1.104436e+00 -8.479022e-01 4.376660e-01 -5.240535e-01 -2.733346e+00 6.629587e-01 3.841108e+00 -2.016203e-02 
-3.210107e+00 8.636336e-01 -1.088906e+00 -1.340118e+00 5.489767e+00 7.023540e+00 -3.194210e+00 -6.867387e-01 3.280812e+00 -7.214012e-01 5.496441e+00 5.569780e+00 -1.512927e-01 -1.024248e+00 1.936666e+00 2.264459e+00 -2.441365e-01 -4.462116e-01 -2.241528e+00 7.279015e-02 2.118984e+00 -7.029328e-01 -2.651822e+00 9.683027e-02 1.446313e+00 -1.348634e-02 
-3.453304e+00 4.573009e+00 1.866157e+00 1.821619e+00 5.904099e+00 4.176731e+00 -3.186358e+00 4.308789e-01 3.809336e-01 -2.303174e+00 -2.176905e+00 -7.298849e-01 -1.512927e-01 -9.895689e-01 1.407719e+00 1.962495e+00 -5.522466e-03 -8.754983e-01 -1.537555e+00 5.639973e-01 1.140733e+00 -1.387589e+00 2.746812e-01 3.109331e-01 1.568945e-01 0.000000e+00 
-4.611793e+00 5.585839e+00 5.368672e+00 -8.623707e-01 2.048603e+00 1.990754e+00 1.672885e-01 1.646890e+00 -5.495051e-01 -2.582686e+00 5.453454e+00 -4.265833e+00 -1.512927e-01 -1.015358e+00 7.162805e-01 1.504980e+00 -6.513003e-01 -1.355052e+00 -1.130103e+00 4.299969e-01 1.290220e+00 -8.312353e-01 3.342226e-01 7.142451e-01 2.151252e-01 0.000000e+00 
-6.937032e+00 4.232502e+00 3.727998e+00 -1.596927e+00 2.406270e+00 4.409569e+00 1.610692e+00 1.882746e+00 -4.252157e+00 2.212317e+00 5.154593e+00 2.389435e+00 -1.512927e-01 -9.420938e-01 -2.320395e-01 7.899587e-01 -1.199391e+00 -8.093664e-01 -6.585803e-01 -1.092216e+00 4.999986e-01 -9.315664e-02 -7.137803e-01 2.001725e+00 3.688685e+00 0.000000e+00 
-6.545032e+00 4.615290e+00 5.505072e+00 -2.887346e+00 4.634210e-01 1.256605e+00 -3.442750e+00 5.038431e+00 1.441180e+00 -1.308034e+00 5.401917e+00 5.085746e+00 -1.512927e-01 -5.540060e-01 -4.424648e-01 6.069325e-01 4.119549e-01 1.109435e-01 -4.248296e-01 -2.327958e+00 -7.124830e-01 3.373707e-01 -8.405544e-01 1.458386e+00 3.772578e+00 0.000000e+00 
-7.197154e+00 3.898087e+00 5.747750e+00 -3.162845e+00 2.649859e+00 1.250904e+00 -6.842418e+00 1.235101e+00 -1.080192e+00 -6.509401e+00 7.857487e+00 1.303775e+01 -1.512927e-01 -8.444214e-03 -4.316534e-01 -1.475646e-01 7.566993e-01 1.978103e-01 -2.687591e-01 -8.406605e-01 -1.018915e+00 -1.051259e-01 -1.073361e+00 1.032534e+00 1.216600e+00 0.000000e+00 
-7.251761e+00 3.540723e+00 7.393459e+00 1.980363e+00 2.481526e+00 1.445938e+00 -7.245948e+00 -1.591703e+00 -4.486336e-01 -2.424599e+00 1.139394e+01 9.272900e+00 -1.512927e-01 2.703094e-02 -5.238573e-01 -8.144409e-01 8.208338e-01 7.346026e-01 1.022301e+00 1.303288e+00 -4.385420e-01 -2.013299e-01 -6.379322e-01 -3.986146e-01 -1.032190e+00 0.000000e+00 
-6.625888e+00 2.611519e+00 2.045981e+00 -2.472857e-01 2.386269e+00 2.971107e+00 -6.910119e-01 1.032395e-01 -3.832879e+00 -2.596206e+00 7.321253e+00 6.378858e+00 -1.512927e-01 -1.286907e-01 -3.828036e-01 -6.373931e-01 1.003601e+00 1.527822e-02 6.651195e-01 1.721451e+00 -2.845432e-01 5.712125e-01 1.294917e+00 -1.128665e+00 -2.518525e+00 0.000000e+00 
-6.695510e+00 2.639287e+00 3.283752e+00 -2.409569e-01 4.268229e+00 5.508009e+00 -2.015829e-03 3.411652e+00 1.810874e+00 -6.454292e+00 3.676961e+00 3.254243e+00 -1.512927e-01 -2.550936e-01 -9.592259e-03 -2.599247e-01 3.979234e-01 -1.421952e-03 4.465075e-01 7.127758e-01 -4.375814e-01 6.643399e-01 6.968609e-01 -1.400050e+00 -1.108424e+00 0.000000e+00 
-8.118733e+00 2.434787e+00 4.615638e+00 2.965821e+00 1.832898e+00 2.545465e+00 -1.857130e+00 -2.689292e+00 6.461164e-01 1.980032e+00 6.072650e+00 3.454452e+00 -1.512927e-01 -1.423614e-01 -1.095677e-01 8.153273e-01 1.117588e+00 -3.250966e-02 -3.670749e-01 -5.935129e-01 -4.989789e-01 1.815880e+00 1.244017e+00 -1.811571e-01 1.342770e-01 0.000000e+00 
-7.780807e+00 3.581127e+00 4.809007e+00 2.363426e+00 2.751101e+00 3.891297e+00 -3.099009e+00 -2.383344e+00 6.335684e-01 -1.228414e+00 5.017988e+00 5.192982e+00 -1.512927e-01 1.924368e-01 6.530899e-02 4.260236e-01 8.029696e-01 -4.854213e-01 -4.392084e-01 -3.306678e-01 1.005740e-02 5.785505e-01 -2.180257e-02 -3.300829e-01 3.549447e-02 0.000000e+00 
-6.795047e+00 1.592760e+00 5.359990e+00 4.038461e+00 2.982284e+00 1.944089e+00 -2.110080e+00 5.058430e-01 5.835173e+00 1.010941e+00 5.744954e+00 6.080873e+00 -1.512927e-01 2.753317e-01 4.204756e-01 7.205796e-01 1.962359e-01 -3.110187e-01 -6.677328e-01 -3.578849e-01 8.716797e-01 1.019619e+00 -6.980595e-01 -1.147034e-02 -6.183252e-01 0.000000e+00 
-6.395169e+00 3.386845e+00 5.041694e+00 3.237572e+00 1.266430e+00 3.612656e+00 -1.528880e+00 1.864371e+00 2.109098e+00 -6.078760e+00 2.190395e+00 2.118505e+00 -1.512927e-01 1.517780e-01 7.487162e-01 6.916621e-01 -1.023331e-01 2.930285e-01 -1.757850e-01 1.474910e+00 1.840167e+00 6.363388e-01 1.186337e-01 5.074733e-01 -1.164017e+00 0.000000e+00 
-7.434894e+00 4.634306e+00 8.102193e+00 3.509928e+00 1.020141e+00 -6.538786e-01 -4.431619e+00 -4.547513e-01 5.006447e+00 9.149075e-01 7.429095e+00 1.900064e+00 -1.512927e-01 -1.890106e-02 8.002614e-01 8.067006e-02 -3.436802e-01 2.850750e-01 1.495091e-01 1.128275e+00 1.711396e+00 -1.614932e-01 -3.016395e-01 -3.441877e-02 -8.554676e-01 0.000000e+00 
-6.701993e+00 5.803936e+00 6.896216e+00 2.116027e+00 5.197316e+00 4.311355e+00 5.436312e+00 7.297790e+00 4.229626e+00 -5.872288e-01 6.713284e+00 1.463302e+00 -1.512927e-01 1.377350e-01 1.879620e-01 8.098040e-02 -4.718462e-01 1.244210e-01 2.458020e-01 1.030069e+00 1.515109e+00 7.100614e-01 5.828599e-01 -5.941199e-01 1.743634e-02 0.000000e+00 
-6.736140e+00 4.385522e+00 4.836079e+00 2.880832e+00 2.442216e+00 2.342285e+00 4.870033e-02 6.346113e+00 3.967443e+00 -3.243022e+00 3.311415e+00 2.131137e+00 -1.512927e-01 8.286057e-02 -2.955410e-01 -1.114473e+00 -1.013031e+00 -3.500308e-01 1.084180e+00 6.254177e-02 4.576271e-01 3.430145e-01 -1.120800e-01 -5.770906e-01 3.547225e-01 0.000000e+00 
-6.055871e+00 4.451047e+00 7.079652e+00 1.192889e+00 1.177497e+00 3.343585e+00 1.381305e+00 6.039485e+00 6.178907e+00 -1.085495e+00 1.278635e+00 2.090151e+00 -1.512927e-01 -1.506384e-01 -3.164985e-01 -7.529117e-01 -6.710515e-01 -8.596795e-01 3.210644e-01 -1.430453e+00 -9.456437e-01 1.386316e-01 -7.144715e-01 2.123210e-01 4.224172e-01 0.000000e+00 
-7.343652e+00 3.833045e+00 2.438110e+00 -1.093658e+00 1.279896e+00 5.250906e+00 -2.091407e+00 2.462536e+00 5.746879e+00 6.036410e-01 7.260967e+00 3.360252e+00 -1.512927e-01 -1.879356e-01 -2.663859e-01 -7.601080e-01 -4.476164e-01 3.075216e-01 7.724978e-01 8.618866e-01 -1.246869e+00 -1.253479e+00 -3.723959e-01 5.079424e-01 -6.813517e-01 0.000000e+00 
-7.151429e+00 4.497682e+00 4.330643e+00 7.480150e-01 1.480078e+00 4.462367e+00 -6.459001e-01 4.511359e+00 4.033066e+00 -6.082918e+00 5.800114e+00 2.960830e+00 -1.512927e-01 -1.290071e-01 -1.243631e-01 -7.994472e-01 -3.617504e-01 5.984452e-01 2.911134e-01 3.466092e-01 -1.084137e+00 -2.669131e+00 -1.065938e+00 5.200982e-03 -5.522598e-01 0.000000e+00 
-7.128039e+00 3.030275e+00 2.410044e+00 8.651869e-01 3.828534e+00 5.645383e+00 5.371736e+00 8.758305e-01 -1.227032e+00 -2.606290e+00 3.590388e+00 -1.710961e+00 -1.512927e-01 1.412594e-01 5.280775e-02 8.248484e-03 -3.346557e-01 4.646341e-01 -1.158440e-01 2.977052e-01 -5.199965e-01 -2.656620e+00 -9.555029e-01 -1.090226e+00 -4.087960e-01 0.000000e+00 
-6.808713e+00 4.230617e+00 3.096449e+00 -1.595286e+00 2.895404e+00 4.601913e+00 -6.172206e-01 1.412155e+00 -3.679792e+00 -4.810222e+00 3.139930e+00 1.864458e+00 -1.512927e-01 1.004759e-01 6.662097e-02 -1.781981e-01 -7.147076e-01 1.897523e-01 -7.643759e-02 -5.931598e-01 -5.662082e-01 -1.787848e+00 3.414609e-02 -5.770828e-01 1.382675e-01 0.000000e+00 
