-9.649690e+00 2.865522e+00 1.711561e+00 -3.314555e+00 4.655466e+00 7.727036e+00 2.868505e+00 -7.990879e+00 6.262944e-01 -3.677963e+00 1.092215e+01 3.240066e+00 -1.512927e-01 -7.877874e-02 3.352359e-01 7.687139e-03 3.179947e-01 -4.900266e-01 -7.595243e-02 -7.880142e-01 1.664944e-01 -9.593073e-01 -1.354011e+00 -9.746003e-01 -3.687694e-01 0.000000e+00 
-1.116789e+01 2.766106e+00 2.984969e+00 -3.419492e+00 3.091609e+00 8.960588e+00 2.687577e+00 -8.594565e-01 1.163529e-01 -8.854452e+00 6.154569e+00 4.546362e+00 -1.512927e-01 2.110467e-01 6.197082e-01 -5.358986e-02 -3.640699e-01 -9.025367e-01 -2.873274e-01 -1.167620e+00 -3.942273e-01 -1.090231e+00 -1.197606e+00 -1.300831e+00 -1.238018e+00 0.000000e+00 
-9.284485e+00 4.591410e+00 1.113293e+00 -1.672112e+00 2.987261e+00 6.730498e+00 -9.811020e-01 -1.072412e+01 -3.915271e+00 -7.859776e+00 8.432937e+00 7.430713e-01 -1.512927e-01 2.165284e-01 5.103046e-01 2.068019e-01 -3.414167e-01 -7.534231e-01 -1.461031e-01 -9.874252e-01 2.767572e-02 -3.246541e-01 -1.076139e+00 -1.005244e+00 -3.620102e-01 0.000000e+00 
-8.777059e+00 5.101120e+00 1.742746e+00 -5.956125e+00 9.768840e-01 6.788668e+00 -1.044792e+00 -8.595396e+00 -2.554075e+00 -7.575085e+00 5.662599e+00 -1.701525e+00 -1.512927e-01 1.060838e-01 -5.801964e-02 -3.440185e-01 -6.905173e-01 -1.019361e+00 -4.539054e-01 1.985935e-01 1.554603e+00 1.686612e+00 8.322881e-01 -2.791900e-01 -3.496330e-01 0.000000e+00 
-9.762462e+00 4.249538e+00 3.366682e+00 -3.753321e+00 1.945713e+00 8.082480e+00 -2.024367e-01 -3.984530e+00 3.382378e-01 -9.698340e+00 6.141916e+00 4.553959e+00 -1.512927e-01 -1.717944e-01 -1.161646e+00 -9.769643e-01 -1.504365e+00 -1.661575e+00 -9.935101e-01 1.316271e+00 3.434205e+00 2.691905e+00 7.951968e-01 -2.008325e-01 -2.440582e-01 0.000000e+00 
-1.039848e+01 2.646943e+00 1.381819e-01 -5.831475e+00 -1.484421e+00 6.015069e+00 3.291212e+00 3.543765e+00 6.422658e+00 -3.773728e+00 5.904129e+00 8.927534e-01 -1.512927e-01 -5.157911e-01 -1.438266e+00 -1.490537e+00 -1.531644e+00 -1.207599e+00 -1.782433e+00 4.713523e-02 1.543146e+00 1.466532e+00 8.037384e-01 1.101043e+00 -1.535532e-01 0.000000e+00 
-9.332747e+00 1.026750e-02 -2.969246e+00 -9.256263e+00 -4.089962e+00 2.149747e+00 3.432249e+00 3.773289e-01 5.055887e+00 -5.784470e+00 7.308009e+00 -1.774359e+00 -1.512927e-01 -5.507225e-01 -8.310213e-01 -1.094149e+00 -8.930391e-01 -7.894061e-01 -1.447206e+00 3.378373e-01 -6.357790e-01 3.963423e-01 1.093557e+00 1.600128e+00 -1.777080e-01 0.000000e+00 
-1.157087e+01 2.942598e-02 -2.541975e+00 -1.086287e+01 -2.043274e+00 8.428702e-01 -2.626459e+00 -3.060593e+00 2.419760e+00 -5.513328e+00 1.058477e+01 6.948678e-01 -1.512927e-01 -7.566393e-01 8.939502e-02 2.103870e-01 4.575244e-01 1.717967e-01 -5.320270e-02 2.212373e-01 -1.743982e+00 -1.082768e+00 -2.985835e-01 1.845802e+00 1.584870e+00 0.000000e+00 
-1.192988e+01 1.403190e+00 -7.639847e-01 -5.702816e+00 -1.721892e+00 3.432551e+00 4.445585e+00 -3.861247e+00 4.321398e+00 -3.360758e+00 1.180224e+01 3.764362e+00 -1.512927e-01 -4.782251e-01 9.812729e-01 1.215896e+00 2.359494e+00 2.447688e+00 2.069993e+00 8.104095e-01 -5.332918e-01 -3.149716e-01 1.904998e-01 7.070248e-01 2.106114e+00 0.000000e+00 
-1.288311e+01 2.397457e+00 8.748651e-02 -5.320576e+00 -1.809473e+00 5.107654e+00 3.890731e+00 -3.056858e+00 1.376061e+00 -6.478502e+00 1.288603e+01 6.047741e+00 -1.512927e-01 -6.707611e-02 7.268891e-01 1.072312e+00 2.236186e+00 1.806230e+00 1.958749e+00 1.524926e+00 5.529138e-01 2.233639e-02 -5.861473e-03 -1.131238e+00 6.577565e-01 0.000000e+00 
-1.106775e+01 3.732617e+00 1.795506e+00 -2.299409e-01 8.031577e+00 1.036732e+01 4.225701e+00 -2.290998e+00 4.002878e+00 -4.349384e+00 9.692504e+00 6.079775e+00 -1.512927e-01 2.005238e-01 5.177479e-01 9.553593e-01 6.076890e-01 1.005274e+00 1.088114e+00 -6.527506e-01 6.555583e-02 -4.081145e-01 -7.227800e-01 -1.982836e+00 -1.026350e+00 0.000000e+00 
-1.233731e+01 2.499158e+00 1.539838e+00 -2.418385e+00 2.111140e+00 7.169232e+00 5.108113e+00 -1.081149e+00 2.690702e+00 -5.048322e+00 5.983445e+00 2.825944e+00 -1.512927e-01 3.145038e-01 1.206759e-02 4.355894e-01 1.793193e-01 5.999224e-01 -2.037987e-01 -1.225662e+00 -7.147435e-01 -7.210687e-01 -1.394343e+00 -9.152241e-01 -1.348147e+00 0.000000e+00 
-1.120016e+01 3.941079e+00 3.286636e+00 -4.115467e+00 1.344170e+00 7.842332e+00 5.731411e-01 -4.521322e+00 1.623505e+00 -7.689747e+00 5.339346e+00 2.435095e-01 -1.512927e-01 -2.170757e-01 -4.929026e-01 -6.117302e-01 -9.031405e-01 -7.124602e-01 -1.980161e-01 6.523921e-01 1.195558e-01 -3.880049e-01 1.100150e-01 1.208150e+00 -1.732866e-01 0.000000e+00 
-1.124439e+01 2.353564e+00 1.519869e+00 -2.481216e+00 4.533842e+00 5.351153e+00 -4.113009e-01 -5.515413e+00 -1.039596e+00 -1.178003e+01 1.048649e+01 2.225139e+00 -1.512927e-01 -3.344440e-02 -5.696968e-01 -6.532227e-01 -7.598361e-01 -8.192805e-01 -6.656820e-01 -1.246148e-01 -7.065058e-02 -4.989797e-01 1.135836e+00 2.124087e+00 1.275486e+00 0.000000e+00 
-1.269959e+01 1.340901e+00 -1.253160e+00 -4.714228e+00 3.257925e+00 1.028628e+01 1.024737e+01 5.239134e-01 3.928003e+00 -4.334536e-01 1.348173e+01 5.513744e+00 -1.512927e-01 -1.504600e-01 -6.787906e-01 -1.211193e+00 -2.457524e-01 -3.353147e-01 1.406259e-01 1.232079e+00 5.977362e-01 6.859686e-01 1.612628e+00 7.810901e-01 1.510239e+00 0.000000e+00 
-1.175482e+01 9.507632e-01 5.436224e-01 -5.918185e+00 -2.942140e+00 2.618850e+00 -3.520750e-01 -3.957019e+00 -9.564457e-01 -2.997288e+00 1.253269e+01 6.568258e+00 -1.512927e-01 1.100267e-01 -1.464642e-01 -4.129062e-01 3.358966e-01 -4.732269e-01 3.624113e-01 6.508803e-01 -5.240861e-01 -1.509752e-01 3.763129e-01 -2.297688e+00 -2.882583e-01 0.000000e+00 
-1.169724e+01 1.248527e+00 -2.281207e+00 -3.625745e+00 3.405588e+00 9.911613e+00 6.703923e+00 -2.311838e+00 5.011774e+00 -4.017982e+00 8.221697e+00 5.623144e+00 -1.512927e-01 1.039708e+00 6.055847e-01 7.416707e-01 1.321892e+00 8.844744e-01 -2.370358e-01 -1.098864e+00 -1.355830e+00 -1.167384e+00 -2.790480e+00 -4.020679e+00 -2.314318e+00 7.351398e-04 
-1.119543e+01 1.667430e+00 -3.063893e-02 -1.345974e+00 2.093876e+00 7.350542e+00 4.614824e+00 -6.717968e+00 -2.336358e+00 -8.106205e+00 1.628067e+00 7.291479e-01 -1.512927e-01 1.920985e+00 1.414113e+00 9.857777e-01 2.521236e+00 2.364643e+00 5.753218e-01 -4.542348e-01 -9.116007e-01 -1.519138e+00 -3.557829e+00 -4.326491e+00 -3.290644e+00 1.941550e-02 
-7.780749e+00 4.010491e+00 2.742324e+00 -3.908710e-01 5.162288e+00 6.735252e+00 2.269600e+00 -4.874764e+00 -1.218959e+00 -1.183140e+01 -1.169350e+00 -3.138291e+00 -1.476170e-01 3.556969e+00 2.712979e+00 2.301923e+00 3.117121e+00 1.223892e+00 -1.739074e+00 -3.471857e+00 -3.531969e-01 -3.069918e+00 -2.881048e+00 -3.171721e+00 -3.160869e+00 8.150591e-02 
-4.108137e+00 6.640348e+00 2.960745e+00 5.070560e+00 8.002724e+00 7.083640e+00 -4.060873e-01 -7.233560e+00 -5.436768e+00 -1.687973e+01 -4.404250e+00 -5.504245e+00 -5.605304e-02 4.769683e+00 2.767859e+00 1.203822e+00 2.678860e+00 2.242376e-01 -2.365064e+00 -1.242682e+00 2.340028e+00 -2.002258e+00 -1.643640e+00 -2.329347e-01 -6.598551e-01 1.378301e-01 
2.543953e+00 1.232696e+01 7.732715e+00 8.751593e+00 6.570623e+00 1.349692e+00 -8.144905e+00 -3.820026e+00 -8.787614e+00 -1.403646e+01 -4.620749e+00 -7.064505e+00 2.086170e-01 4.905892e+00 8.624913e-01 -2.906985e-01 2.101353e+00 -1.282797e+00 -2.863179e+00 6.012657e-01 3.102131e+00 -1.636566e+00 1.526265e+00 1.513596e+00 5.845756e-02 1.596188e-01 
7.490635e+00 1.134849e+01 3.493274e+00 7.477095e+00 2.510896e+00 -1.781997e+00 3.608666e+00 4.454806e+00 -8.563321e+00 -1.522187e+01 2.189094e+00 -6.070206e-01 3.597407e-01 3.862926e+00 -1.943684e-02 -7.856358e-01 -3.619285e-01 -1.639704e+00 -2.705840e+00 1.648157e+00 2.777309e+00 2.355331e-01 3.448072e+00 2.426121e+00 8.029473e-01 1.272264e-01 
1.094932e+01 5.968879e+00 1.022567e+00 8.912628e+00 1.494217e+00 -3.147825e+00 3.268552e+00 4.791708e+00 -7.838513e+00 -5.028997e+00 3.101959e+00 -5.294615e+00 4.425799e-01 2.169868e+00 -8.892338e-01 -5.893195e-01 -1.904355e+00 -1.288939e+00 -1.393241e+00 2.034592e+00 8.296148e-01 1.562217e+00 2.140667e+00 1.336576e+00 1.233583e+00 6.580776e-02 
1.100381e+01 9.722206e+00 2.387640e+00 3.180400e+00 2.342410e+00 -4.196802e+00 2.127968e+00 2.347120e+00 -4.733653e+00 -4.143097e+00 3.865002e+00 -2.374453e+00 4.630975e-01 8.337606e-01 3.569914e-01 4.552943e-01 -2.770539e+00 -3.781253e-01 -1.946042e-01 -2.836971e-01 -9.206449e-01 9.914277e-01 1.688653e+00 -4.250647e-01 1.546898e-02 3.165783e-02 
1.163671e+01 8.693934e+00 5.338934e+00 1.378166e+00 2.101710e-01 -4.409109e+00 2.768402e+00 1.381890e+00 -2.891364e+00 -8.872513e+00 1.224175e+00 -1.287365e-02 4.859775e-01 5.825815e-02 3.789003e-01 2.827175e-01 -2.063189e+00 1.084330e-01 1.262925e-01 -6.272057e-01 2.235146e-01 1.033172e+00 -1.433666e+00 -1.019432e+00 1.310727e+00 1.777202e-02 
1.131575e+01 1.177092e+01 3.611562e+00 -2.608368e+00 1.262293e+00 -2.124376e+00 2.440256e+00 1.556490e+00 -6.079757e+00 -4.856853e+00 1.002662e+00 -3.170546e+00 4.963311e-01 1.390839e-01 -6.434589e-01 -6.403075e-01 -5.729703e-01 1.766951e-01 8.193374e-01 -1.212017e+00 1.182142e+00 9.253305e-01 -1.632725e+00 -1.003053e+00 5.486189e-01 1.602208e-02 
1.108465e+01 6.839026e+00 1.824194e+00 1.491069e+00 2.576441e+00 -3.552575e+00 -2.362084e-02 6.304595e+00 -1.999599e+00 -1.184045e+01 -5.640316e-01 1.657065e+00 5.148232e-01 -1.438637e-02 -9.593096e-01 -1.202290e+00 4.886041e-01 6.463882e-01 7.897788e-01 -1.631727e+00 1.338169e+00 9.283283e-01 -5.135297e-01 -4.054874e-01 3.695131e-01 1.344819e-02 
1.197526e+01 7.432366e+00 9.434730e-01 2.590971e-01 2.042751e+00 -5.283821e-01 -2.536107e+00 5.796475e+00 -5.528834e-01 -1.082276e+01 -2.561607e-01 -4.663279e-01 5.287850e-01 -2.032599e-01 -1.289635e+00 -7.122626e-01 1.274985e+00 9.677030e-01 -1.344301e+00 1.118371e-02 7.454502e-01 3.753407e-01 -2.297265e-01 -2.964978e-01 9.637065e-01 1.268312e-02 
1.123502e+01 6.066661e+00 6.615292e-01 2.387454e+00 3.051883e+00 -1.258212e+00 -2.902048e+00 5.952744e+00 -1.013159e+00 -8.457209e+00 -1.738501e-01 4.825826e-01 5.369915e-01 -4.327800e-01 -2.974984e-01 -3.661286e-01 1.046404e+00 5.871722e-01 -2.011522e+00 7.827073e-01 3.529082e-01 -1.376049e+00 1.374368e+00 -8.497715e-03 1.030604e-01 1.121320e-02 
1.022426e+01 5.708924e+00 6.315814e-01 3.318362e+00 5.863087e+00 -9.993061e+00 3.935388e+00 5.459667e+00 -4.696273e+00 -7.697104e+00 -6.749182e-01 2.235228e+00 5.486625e-01 -4.502222e-01 -7.634454e-01 -1.062356e-01 1.017271e+00 3.054782e-01 -2.202034e+00 9.581925e-01 8.687579e-01 -1.422368e+00 7.327299e-01 1.591515e-01 6.014421e-02 1.154895e-02 
9.796245e+00 6.213255e+00 1.494969e-01 5.193455e+00 3.602134e+00 -8.877848e+00 6.541686e-01 8.237541e+00 -6.808150e+00 -6.531433e+00 -3.971415e-01 8.215892e-01 5.609504e-01 -3.612979e-01 -1.860152e-01 -1.982780e-01 1.033558e-01 -3.801584e-03 -4.507762e-01 -7.617700e-01 1.548510e+00 -1.109093e+00 5.851322e-01 2.627388e-01 -1.275525e+00 1.276157e-02 
1.044353e+01 3.541842e+00 6.683111e-01 3.942452e+00 3.295016e+00 -7.728733e+00 4.767475e-01 8.997866e+00 -4.767228e+00 -8.121996e+00 6.512423e-01 -3.351102e-01 5.745503e-01 -1.048183e-01 -1.421286e-01 -2.562162e-01 -9.577398e-02 -4.308701e-01 1.466765e+00 -2.689707e+00 1.378300e+00 3.753767e-01 4.847799e-01 2.728172e-01 -1.836718e+00 1.143038e-02 
9.318893e+00 6.220126e+00 -3.482256e-01 2.592187e+00 4.316910e+00 -4.644258e+00 -4.981578e+00 1.192620e+01 -6.523146e+00 -5.319102e+00 4.767637e-01 -4.609875e+00 5.878555e-01 -5.852190e-01 -1.390773e+00 1.200413e+00 -7.076236e-01 -1.083954e+00 3.109848e+00 -2.601638e+00 -1.165495e+00 1.537048e+00 8.232359e-01 4.063826e-01 -1.066395e+00 1.212378e-02 
9.938843e+00 4.994845e+00 -4.006386e-01 4.140126e+00 3.351348e+00 -4.776032e+00 -6.695273e+00 1.050684e+01 -2.961892e+00 -5.879370e+00 2.522154e-01 -4.232633e+00 5.923619e-01 -8.415386e-01 -3.242460e+00 1.018769e+00 -1.080778e+00 -2.883411e+00 3.660466e+00 -3.302774e+00 -2.844153e+00 3.057723e+00 1.452875e+00 1.230278e+00 -1.064655e+00 4.824299e-02 
7.122496e+00 -1.467114e+00 6.686037e+00 1.556500e+00 -1.845802e+00 5.195044e+00 -8.768013e+00 1.655580e+00 -2.557701e-02 -3.536567e+00 1.834285e+00 -2.561623e+00 6.126634e-01 -8.162506e-01 -4.461652e+00 -5.273764e-01 -1.624919e-01 -3.952467e+00 1.926938e+00 -8.272194e-01 -2.903368e+00 2.844362e+00 2.457805e+00 2.793581e-01 6.101984e-01 8.103018e-02 
7.334040e+00 -8.826838e+00 2.245023e+00 -9.435968e-01 -8.040682e+00 5.653949e+00 -1.414391e+01 -8.758831e-02 7.272603e+00 -1.748888e+00 6.123870e+00 -6.682511e+00 8.033612e-01 -9.407261e-01 -3.629653e+00 -1.867083e+00 1.176639e-01 -3.121046e+00 -5.931299e-01 1.599048e+00 -1.368438e+00 8.445970e-01 3.165187e+00 -1.157892e+00 1.493777e+00 9.300280e-02 
6.540041e+00 -9.177295e+00 -4.307939e+00 4.321589e+00 -9.749412e+00 -2.245598e-01 -5.393358e+00 2.706570e+00 2.581416e+00 4.904684e+00 -1.062273e+00 -3.339438e-01 8.875067e-01 -4.309126e-01 -1.891305e+00 -2.795283e+00 7.407037e-01 -8.843049e-01 -3.892977e+00 3.761739e+00 8.479250e-01 -1.868923e+00 3.323179e+00 -2.140530e+00 1.113269e+00 7.705459e-02 
5.526439e+00 -9.298326e+00 -4.239067e+00 3.345901e+00 -8.302075e+00 -5.031880e+00 -3.873583e-01 3.139156e+00 -4.240251e-02 5.725941e+00 -4.088967e+00 2.122415e+00 9.199543e-01 -4.027131e-01 -8.696195e-01 -8.736193e-01 2.710440e-01 5.366795e-01 -3.169664e+00 3.595718e+00 1.440629e+00 -3.496891e+00 2.401360e+00 -2.266865e+00 9.880859e-01 3.791109e-02 
5.871733e+00 -1.068789e+01 -4.048333e+00 3.115270e+00 -6.136630e+00 -8.926926e+00 3.162405e+00 4.281833e+00 -5.712688e+00 9.341911e+00 -3.761947e+00 -1.397740e+00 9.396399e-01 -1.197706e-01 -1.156259e+00 8.062484e-01 -1.237982e+00 1.103804e+00 -1.763885e+00 1.322724e+00 1.350019e+00 -3.110909e+00 1.147208e+00 -4.285631e-01 -8.414685e-01 2.244521e-02 
5.654628e+00 -1.241964e+01 -2.252875e+00 1.014782e+00 -7.163674e+00 -5.843188e+00 -4.431993e-01 6.327927e+00 -6.064802e+00 8.039295e+00 -3.860620e+00 -1.210184e+00 9.668501e-01 1.321057e-01 -1.205790e+00 8.317702e-01 -1.045519e+00 9.232252e-01 -1.079498e+00 7.947254e-01 5.850580e-01 -1.999390e+00 8.156433e-01 -2.656035e-01 -7.333978e-01 1.814108e-02 
5.877094e+00 -1.339793e+01 -1.269792e+00 -7.027626e-01 -4.799591e+00 -8.638332e+00 1.248183e+00 7.862278e+00 -9.961931e+00 9.484047e+00 -3.319263e+00 -2.874987e+00 9.762848e-01 -2.779096e-02 -6.823481e-01 5.957648e-01 -9.289726e-01 4.748401e-01 -1.994368e-01 2.338218e-01 3.751902e-01 -8.858138e-01 3.189632e-01 -8.324597e-01 5.405580e-01 1.080776e-02 
6.184287e+00 -1.397225e+01 -1.469486e+00 2.732182e-02 -4.354468e+00 -1.057367e+01 4.543379e+00 4.274224e+00 -7.914732e+00 9.733089e+00 -5.638327e+00 -8.059509e-01 9.923372e-01 -1.088078e-01 -3.166448e-01 1.377349e-01 -2.709373e-01 2.867324e-01 -3.845921e-01 9.852880e-01 -7.712868e-01 1.862070e-01 1.974750e-01 -1.496985e+00 1.449494e+00 5.370611e-03 
5.467948e+00 -1.332332e+01 -1.461204e+00 -1.035863e+00 -5.167033e+00 -7.558869e+00 1.838225e+00 7.184636e+00 -9.216793e+00 1.008983e+01 -7.035392e+00 1.102934e+00 9.809351e-01 -2.717055e-01 -5.270958e-03 -3.006487e-02 3.218903e-02 2.995424e-02 -6.390381e-03 8.850870e-01 -9.329534e-01 1.132294e+00 -3.880650e-01 -1.129654e+00 1.441648e+00 4.647118e-03 
5.315162e+00 -1.404017e+01 -1.468495e+00 -1.733537e-01 -5.546291e+00 -8.305881e+00 4.188220e+00 2.810314e+00 -5.506336e+00 8.723780e+00 -9.487479e+00 4.048325e+00 9.913780e-01 -1.912854e-01 4.559803e-02 -4.508483e-02 -1.982204e-01 4.531085e-01 1.558409e-02 2.482164e-01 -1.629400e-02 7.992138e-01 -8.248517e-01 1.091469e-01 1.415499e-01 1.454794e-03 
4.953129e+00 -1.339033e+01 -1.420612e+00 -4.414797e-01 -4.053908e+00 -9.804178e+00 5.851198e+00 3.929466e+00 -5.504658e+00 8.048378e+00 -7.042958e+00 1.906113e+00 1.000000e+00 3.249585e-02 -1.306151e-01 2.009930e-01 -5.029411e-01 8.356608e-01 -3.094769e-01 1.939462e-01 1.817078e-01 7.940342e-01 -6.952869e-01 2.343956e-01 -3.122786e-01 6.736398e-04 
5.485270e+00 -1.371076e+01 -1.715207e+00 -1.260972e+00 -2.645489e+00 -9.373094e+00 3.777975e+00 5.820339e+00 -5.774730e+00 6.629558e+00 -5.088809e+00 -4.997914e-01 9.900787e-01 2.595330e-01 -3.381319e-02 -1.336384e-01 -2.735353e-01 8.104085e-01 -1.403708e-01 -4.361577e-01 9.469773e-01 1.019208e-01 3.111238e-01 1.823215e-01 -8.459741e-01 -1.319087e-03 
5.545374e+00 -1.414110e+01 -3.328831e-01 -3.006759e+00 -2.439131e+00 -8.572647e+00 3.013078e+00 6.588162e+00 -5.112424e+00 7.660507e+00 -8.062749e+00 1.815598e+00 9.849529e-01 2.602792e-01 -6.516609e-02 -2.596490e-01 1.729300e-01 1.605190e-01 4.746969e-01 -9.836245e-01 4.974842e-01 6.695787e-01 3.160825e-01 -2.904978e-01 -1.319204e-01 -2.494699e-03 
6.316704e+00 -1.383385e+01 -2.680551e+00 -2.583904e-01 -2.301638e+00 -9.623500e+00 3.426491e+00 6.215852e+00 -5.192848e+00 1.047333e+01 -8.065976e+00 -1.362884e-01 9.923061e-01 7.210805e-02 2.249672e-01 -6.677772e-01 8.505057e-01 -1.699608e-01 1.669401e-01 -4.172584e-01 -4.608173e-02 6.841394e-01 8.579246e-01 -4.624428e-01 2.381368e-01 -1.442605e-03 
5.838808e+00 -1.365462e+01 -2.236185e+00 -7.812023e-02 -3.423238e+00 -7.305490e+00 1.108817e+00 6.219130e+00 -2.447705e+00 7.706902e+00 -7.006864e+00 1.064760e+00 9.864128e-01 -9.724426e-03 2.701756e-01 -7.041924e-01 9.309141e-01 -3.832722e-02 -2.794119e-01 5.265860e-02 -1.001175e-01 7.467456e-02 9.065168e-01 2.719479e-02 1.029956e-01 -5.666769e-03 
5.699093e+00 -1.282917e+01 -4.102442e+00 1.527236e+00 -3.003239e+00 -9.171971e+00 2.643813e+00 5.774446e+00 -3.686392e+00 1.089598e+01 -7.928966e+00 1.066312e+00 9.821358e-01 4.657362e-02 6.001778e-02 6.059759e-02 9.827618e-02 4.571289e-01 -7.464861e-01 6.832222e-01 -4.487537e-01 8.625052e-02 4.906555e-01 1.026156e-01 6.936369e-01 -1.516163e-02 
5.805557e+00 -1.329256e+01 -3.142900e+00 7.549977e-01 -2.279966e+00 -1.019547e+01 3.667710e+00 6.308278e+00 -5.492280e+00 1.198177e+01 -7.995280e+00 1.729276e+00 9.617043e-01 1.601143e-01 1.977510e-01 7.348876e-02 7.404385e-02 3.613941e-01 -8.541518e-01 9.920977e-01 -8.390945e-01 4.169243e-01 1.576101e-01 2.971644e-01 9.374613e-01 -2.135870e-02 
6.566197e+00 -1.371479e+01 -1.924206e+00 -1.835685e-01 -5.876295e-01 -1.191094e+01 5.563156e+00 3.927510e+00 -3.239308e+00 1.078918e+01 -7.058690e+00 2.999638e+00 9.288523e-01 2.016116e-01 1.115987e-01 7.154856e-01 -4.318475e-01 6.286581e-02 4.212125e-01 -3.324339e-01 -6.844796e-01 1.435287e+00 -1.094730e+00 9.036884e-01 7.744910e-01 -2.334629e-02 
6.205827e+00 -1.222305e+01 -2.957859e+00 1.147501e+00 -2.824072e+00 -1.020677e+01 4.609634e+00 2.947126e+00 -5.866256e-01 8.548355e+00 -5.956180e+00 4.785403e+00 9.062611e-01 5.681192e-02 4.614373e-01 3.992862e-01 -2.505106e-01 -5.094328e-01 1.574563e+00 -1.624294e+00 -3.477215e-01 2.096345e+00 -1.315223e+00 4.894489e-01 1.456465e+00 -2.041151e-02 
6.507016e+00 -1.280593e+01 -6.175342e-01 -8.282528e-01 -2.416857e+00 -7.060262e+00 5.106818e-01 4.032624e+00 1.037216e+00 7.139040e+00 -4.430074e+00 3.410704e+00 8.931259e-01 -4.666790e-02 7.249731e-01 -1.229541e-02 -1.337168e-01 -6.441644e-01 1.724931e+00 -2.013039e+00 1.374848e-01 1.857040e+00 -1.070554e+00 -2.787151e-02 1.416820e+00 -1.429155e-02 
6.119207e+00 -1.143981e+01 -1.799805e+00 -1.752133e-01 -3.912517e+00 -4.747997e+00 -1.927521e+00 4.517113e+00 2.851185e+00 7.230720e+00 -6.862344e+00 8.806068e+00 8.775099e-01 -2.502208e-02 9.065453e-01 -9.202123e-03 -4.002566e-01 -3.702958e-01 1.251813e+00 -1.222580e+00 -2.783357e-01 1.314050e+00 -4.415645e-02 -9.796772e-01 1.148104e+00 -2.019377e-02 
6.376168e+00 -1.048154e+01 -2.564710e+00 -1.907949e-01 -3.264229e+00 -6.015668e+00 -1.233462e+00 3.829940e+00 4.326987e+00 6.095228e+00 -6.744966e+00 8.073406e+00 8.717701e-01 -5.666057e-02 1.182371e+00 -2.797722e-01 -2.249503e-01 -5.986958e-02 2.014430e-01 1.704864e-01 -1.003163e+00 6.563720e-01 5.553452e-01 -1.393278e+00 1.065466e+00 -3.158683e-02 
6.146141e+00 -8.852519e+00 -2.030282e+00 -1.172511e+00 -4.251865e+00 -4.469998e+00 -6.311967e-01 1.656789e+00 4.338737e+00 8.849478e+00 -9.697120e+00 8.194573e+00 8.159701e-01 -4.672182e-02 1.321999e+00 5.418993e-01 -1.053435e+00 -9.838934e-02 4.359629e-01 2.179909e-01 -1.185245e+00 -7.160778e-02 8.919246e-01 -7.836704e-01 -4.002284e-01 -4.351986e-02 
6.210247e+00 -8.187718e+00 -1.901157e+00 -1.454356e+00 -2.546530e+00 -6.192046e+00 7.149516e-01 4.469719e-01 3.575300e+00 9.106386e+00 -9.979077e+00 9.043780e+00 7.659616e-01 -2.347384e-01 1.583196e+00 5.973441e-01 -9.023290e-01 -3.678080e-01 2.836911e-01 5.249437e-01 -9.893319e-01 -1.196248e+00 1.089631e+00 1.164896e-01 -9.593810e-01 -4.981325e-02 
5.968559e+00 -5.976724e+00 5.779148e-01 -4.810609e+00 -4.763313e+00 -2.479994e+00 -1.811773e+00 2.823730e-01 2.868989e+00 1.018476e+01 -9.163640e+00 6.319739e+00 7.128148e-01 -2.268945e-01 1.216727e+00 6.216705e-01 2.229275e-01 -7.266527e-01 -9.093887e-01 7.080141e-01 5.000390e-01 -2.000206e+00 -2.746582e-05 1.159420e+00 -9.290625e-01 -3.714110e-02 
5.291266e+00 -4.003458e+00 -8.820882e-01 -2.883390e+00 -4.847545e+00 -5.592215e+00 1.981545e+00 -4.295111e-01 -9.193791e-01 1.087574e+01 -6.429257e+00 4.213918e+00 6.742815e-01 -2.763096e-01 1.050063e+00 7.012020e-01 8.486368e-01 -8.789383e-01 -1.276259e+00 3.055800e-01 1.452062e+00 -2.092147e+00 -5.892347e-01 1.355070e+00 -9.706184e-01 -2.671613e-02 
5.471159e+00 -4.861012e+00 5.685368e-01 6.566443e-01 -6.734621e+00 -9.316857e+00 2.275577e+00 4.595226e+00 -3.414956e+00 7.964665e+00 -5.674931e+00 5.964192e+00 6.761047e-01 1.383865e-02 1.032717e+00 -3.347423e-01 1.887514e+00 -5.060378e-01 -1.578908e+00 1.799415e-01 1.428365e+00 -1.909553e+00 -7.453592e-01 1.117982e+00 -2.348889e-01 -1.986806e-02 
5.077399e+00 -3.495262e+00 1.609543e+00 5.520153e-02 -5.955567e+00 -9.154909e+00 1.991765e-01 5.550855e+00 -3.743464e+00 7.270262e+00 -4.948081e+00 4.368462e+00 6.507360e-01 4.653006e-02 9.412729e-01 -5.149423e-01 1.421235e+00 2.627130e-01 -1.611216e+00 -4.139971e-01 9.645752e-01 -7.200359e-01 -5.458247e-01 2.850034e-01 3.319089e-01 -1.334235e-02 
6.144686e+00 -1.067240e+00 -2.341612e+00 3.157668e+00 -6.739491e+00 -8.593186e+00 -2.088106e-02 4.434014e+00 -5.266732e+00 8.260706e+00 -4.314319e+00 5.068023e+00 6.252472e-01 -2.197602e-01 1.498363e+00 -9.672115e-01 7.012882e-01 1.023782e+00 -8.287242e-01 -7.013613e-01 -7.841633e-01 3.887213e-01 4.534569e-01 -1.279913e-01 -1.864825e-01 -1.627329e-02 
5.187153e+00 -1.193980e+00 -2.001725e+00 2.972273e+00 -3.531546e+00 -1.401013e+01 1.059789e+00 4.473971e+00 -3.593670e+00 7.998595e+00 -5.684546e+00 6.321547e+00 6.329985e-01 -3.312778e-01 1.596905e+00 -1.377359e+00 1.170264e+00 1.343246e+00 -1.530738e+00 -2.797269e-01 -1.094611e+00 6.270576e-01 1.014167e+00 -7.898644e-01 5.995576e-01 -9.507465e-03 
4.317480e+00 1.480163e+00 -2.461887e+00 2.704549e+00 -2.827722e+00 -1.103287e+01 -1.661536e+00 1.212852e+00 -1.546247e+00 9.867783e+00 -5.946654e+00 4.055238e+00 6.036071e-01 -3.529271e-01 1.095287e+00 -3.178540e-01 1.078885e+00 8.726610e-01 -7.091234e-01 -9.720228e-02 -2.501228e+00 1.052400e+00 1.976850e+00 -1.641895e+00 6.893820e-01 -9.367729e-03 
4.334613e+00 3.215561e+00 -5.217113e+00 6.133078e+00 -1.195222e+00 -1.558876e+01 -3.791307e-01 1.688380e+00 -2.468419e+00 1.153756e+01 -8.081235e+00 7.872643e+00 6.140188e-01 3.527188e-01 1.393903e+00 4.363784e-01 3.382968e-01 6.742546e-01 1.149420e+00 -1.549475e+00 -1.757274e+00 7.268163e-01 1.048554e+00 -8.979524e-01 3.120287e-01 -3.017511e-02 
4.806321e+00 2.204425e+00 -2.323188e+00 6.971690e+00 -3.544347e+00 -1.134949e+01 2.125673e-01 -6.679332e+00 -5.673605e-01 1.637547e+01 -1.132545e+01 7.739385e+00 5.878984e-01 9.344906e-01 2.060629e+00 1.285626e+00 -1.981595e-01 1.917582e+00 2.347592e+00 -1.926668e+00 1.355831e+00 -2.011674e+00 -2.155618e+00 3.734856e-02 -1.240995e+00 -4.869805e-02 
6.706327e+00 5.413404e+00 1.108171e-01 2.530187e+00 1.980396e-01 -8.104718e+00 -7.624637e+00 -3.663063e-01 -4.490319e-01 9.987520e+00 -7.484912e+00 6.039617e+00 4.899772e-01 7.970599e-01 2.013205e+00 2.861869e+00 -1.166981e+00 1.522430e+00 4.762444e+00 -2.783065e+00 1.357145e+00 -1.375369e+00 -5.240607e+00 4.564063e-01 -1.624395e+00 -5.527367e-02 
7.804076e+00 1.068439e+01 1.302276e+00 3.515197e+00 6.063555e+00 -3.036927e+00 -7.672122e+00 9.019350e+00 -1.261431e+01 -1.352882e-01 -6.058073e+00 -1.233225e+00 4.221376e-01 2.596567e-02 1.411017e+00 3.858399e+00 -9.450561e-01 5.277395e-03 5.181743e+00 -3.535977e+00 1.215033e+00 -3.477411e-02 -5.939420e+00 5.306618e-01 -1.234449e+00 -3.853783e-02 
6.821035e+00 9.041607e+00 7.279500e+00 2.026419e+00 1.612975e+00 4.067179e+00 -1.035211e+01 6.247635e-01 -3.321790e+00 -6.410098e+00 -8.432891e+00 4.236973e+00 4.205309e-01 1.214971e-01 6.222147e-01 1.927233e+00 1.039741e+00 -3.062192e-01 1.480827e+00 -9.775936e-01 -2.518962e-01 -1.744556e-01 -3.376028e+00 1.030238e+00 -6.592113e-01 -1.491746e-02 
4.878795e+00 7.445410e+00 1.338447e+01 2.498293e+00 -4.225428e+00 8.473279e+00 -1.610358e+01 -1.099700e+00 6.951482e-01 -5.122822e+00 -8.198150e+00 2.468463e+00 4.299325e-01 9.229676e-02 5.272679e-01 1.515738e-01 1.943415e+00 -2.005093e-01 -2.119405e+00 3.733196e-01 -7.633433e-01 3.511982e-02 -3.023862e-01 1.787981e+00 -1.225153e+00 -3.881550e-03 
8.776453e+00 1.014397e+01 3.705889e+00 8.237343e+00 3.811435e+00 -6.455685e+00 -8.296875e+00 3.433738e+00 -7.976038e+00 -4.398850e+00 -1.263684e+00 8.927169e-01 4.114925e-01 3.495947e-01 1.701522e+00 -1.806782e+00 2.569045e+00 1.326259e+00 -4.027922e+00 1.288679e+00 1.575544e+00 -3.272463e+00 1.700212e+00 2.084759e+00 -2.466503e+00 -6.027705e-03 
7.287850e+00 1.276955e+01 3.846950e+00 1.012681e+01 3.961778e+00 -8.372520e+00 -6.833141e+00 3.798147e+00 -1.011159e+01 -2.652843e+00 -7.027712e-01 -5.686860e+00 4.072490e-01 3.908058e-01 1.627716e+00 -1.563428e+00 1.936397e+00 1.405131e+00 -3.483303e+00 1.745629e+00 7.244083e-01 -2.746664e+00 1.800946e+00 1.640021e+00 -2.333084e+00 -7.870400e-03 
7.364480e+00 1.488715e+01 3.014349e+00 1.105738e+01 4.150669e+00 -7.649531e+00 -8.543936e+00 6.053561e+00 -1.428074e+01 8.559718e-01 -1.756784e+00 -4.017879e+00 4.017341e-01 -2.011189e-01 5.853117e-01 3.584449e-01 5.230415e-01 -4.781799e-01 7.315452e-01 2.818498e-01 -5.644928e-01 -1.207401e+00 1.229328e+00 2.078983e-01 -1.184333e+00 -4.695225e-03 
7.538810e+00 1.321240e+01 5.913097e+00 1.077026e+01 2.630610e+00 -8.346313e+00 -7.251907e+00 1.212430e+00 -9.885822e+00 1.254497e+00 2.485037e-01 -6.741659e+00 3.954597e-01 1.292764e-01 -6.970062e-02 7.404887e-01 -4.557709e-01 -5.510461e-01 1.212580e+00 -7.402549e-02 1.236627e-01 -2.480619e-01 -7.430407e-01 -4.092833e-01 2.801472e-01 -5.388367e-03 
7.645378e+00 1.284910e+01 4.465040e+00 1.053083e+01 2.086119e+00 -2.811062e+00 -6.678244e+00 1.904132e+00 -1.412592e+01 -2.058792e-01 -6.998301e-01 -4.501550e+00 3.939111e-01 1.280554e-01 -4.109167e-01 7.102745e-01 -5.643513e-01 -6.382939e-01 9.590958e-01 8.403193e-01 3.035685e-01 2.839962e-01 -2.435799e+00 -4.810492e-01 8.234432e-01 -8.298618e-03 
7.793783e+00 1.344007e+01 6.824048e+00 8.111235e+00 2.238823e+00 -4.728853e+00 -8.136115e+00 6.491174e+00 -1.142930e+01 -5.837122e+00 -3.277665e+00 -4.044289e+00 3.842187e-01 -1.604176e-03 -3.740791e-01 2.239051e-01 -3.580936e-01 -2.764125e-01 4.909333e-01 1.460437e+00 3.883265e-01 3.989469e-01 -1.573298e+00 -3.886994e-01 1.100030e+00 -1.476823e-02 
7.877271e+00 1.271873e+01 6.110247e+00 9.565140e+00 1.155093e+00 -4.662783e+00 -3.900236e+00 4.932031e+00 -1.208902e+01 -7.777215e+00 -2.398946e+00 -1.249348e+00 3.658615e-01 -4.422077e-01 -1.205382e-01 6.421765e-01 -1.248827e-01 -3.468338e-01 5.171481e-01 1.730442e+00 -3.629538e-01 9.157413e-01 3.387413e-01 6.590363e-01 5.339541e-01 -2.458689e-02 
7.414843e+00 1.140719e+01 6.210020e+00 9.462633e+00 1.714060e+00 -4.965787e+00 -1.338727e+00 1.640113e+00 -8.909540e+00 -2.826324e+00 -8.454351e-01 -2.867609e+00 3.356434e-01 -1.179611e+00 -1.706668e-01 7.808777e-01 1.251123e-01 9.823129e-01 2.380301e+00 1.771670e+00 -1.385044e+00 1.027014e+00 2.623924e+00 8.910453e-01 6.181052e-01 -3.058385e-02 
5.623810e+00 1.326285e+01 7.982937e+00 9.230715e+00 6.143314e-01 -1.068549e-01 -1.424729e+00 2.514894e+00 -1.080710e+01 -1.757145e-02 1.379236e+00 -2.420120e+00 2.952643e-01 -1.744036e+00 -2.918053e+00 1.552886e+00 -1.190361e+00 -8.423615e-01 4.424950e+00 1.255065e+00 -1.128635e+00 5.042077e+00 7.322432e-01 1.009944e+00 8.466225e-01 -1.499488e-02 
3.022458e+00 1.231468e+01 9.792091e+00 8.904009e+00 7.420768e+00 4.894690e+00 -5.155181e-01 7.745242e-01 -6.935193e+00 3.402677e+00 -7.115297e-01 -3.683774e-01 2.665980e-01 -1.800072e+00 -4.592900e+00 1.228117e+00 -1.943074e+00 -1.976966e+00 4.579258e+00 4.324293e-03 -1.489187e+00 6.858377e+00 -9.155926e-01 7.021568e-01 9.848574e-01 8.519113e-03 
1.353283e+00 -2.325282e+00 1.208364e+01 3.892648e+00 -5.910068e+00 1.253173e+01 1.963484e+00 -2.783494e-01 1.213419e+01 -7.230501e+00 2.583820e+00 1.734148e+00 3.254097e-01 -1.197788e+00 -4.686226e+00 -1.340054e+00 -1.018547e+00 -6.957245e-01 2.674385e+00 8.530067e-01 -1.938249e+00 7.371620e+00 6.394379e-01 -1.226400e+00 -3.440457e-01 2.861470e-03 
5.497475e-01 -3.763247e+00 1.030025e+01 2.416295e+00 -4.908569e+00 1.161121e+01 -3.011212e+00 -4.409200e+00 1.391170e+01 -3.797823e+00 2.063057e+00 -2.045536e-02 3.631662e-01 -9.405540e-01 -3.238850e+00 -3.339841e+00 -3.778018e-01 -1.226452e-01 3.223869e-01 2.496232e+00 -1.594981e+00 3.842873e+00 3.604811e+00 -1.363539e+00 -1.570381e+00 -1.693523e-02 
8.712254e-01 -2.129322e+00 1.028583e+00 7.381835e+00 3.300377e+00 9.906809e+00 4.088151e+00 -4.584488e+00 1.562756e+01 6.779868e+00 -6.140056e+00 -4.314309e+00 2.612876e-01 -7.157715e-01 -8.454887e-01 -4.340933e+00 -2.406195e-01 1.365757e+00 -1.350288e+00 2.835957e+00 -1.039260e+00 -6.275089e-01 4.943170e+00 -2.195316e+00 -1.723467e+00 -4.533211e-02 
-1.439283e+00 -3.977553e+00 -1.379589e+00 5.270407e+00 2.202320e+00 7.819084e+00 1.090331e+01 -5.047311e+00 1.053249e+01 1.442155e+01 -3.167285e+00 -5.196053e+00 2.139829e-01 -8.498074e-01 -7.124710e-01 -3.391979e+00 -9.406956e-01 -5.987682e-01 -1.493527e+00 1.381062e+00 -1.925202e+00 -1.016312e+00 3.082536e+00 -2.417604e+00 -1.574167e+00 -5.171508e-02 
-1.231059e+00 -6.445572e+00 -3.781104e+00 1.262495e+00 -2.636726e+00 7.676353e+00 9.186010e+00 -5.155591e+00 1.068625e+01 8.375664e+00 -5.777590e+00 -4.295387e+00 1.733408e-01 -7.485817e-01 -7.846329e-01 -1.528084e+00 -2.233140e+00 -2.731042e+00 -1.074852e+00 -9.559917e-01 -1.223314e+00 9.268236e-02 7.938341e-01 -4.720035e-01 -1.057875e+00 -4.029130e-02 
-2.648148e+00 -5.167477e+00 -4.254798e+00 7.724867e-01 -4.933858e+00 5.258805e+00 1.345169e+00 -1.374966e+01 1.130080e+01 1.081696e+01 -1.020620e+01 -7.900753e+00 1.485642e-01 -4.485581e-01 -2.833067e-01 -6.114382e-01 -1.898789e+00 -1.601683e+00 -7.113623e-01 -3.741627e+00 -9.061744e-01 1.792475e+00 -1.488598e+00 -6.420311e-01 -1.366268e+00 -3.508332e-02 
-2.267251e+00 -5.457524e+00 -5.174232e+00 -1.534904e+00 -6.786745e+00 5.812691e+00 4.087261e+00 -6.349882e+00 1.570682e+01 1.255133e+01 -4.980618e+00 -8.251333e+00 9.254044e-02 -7.790726e-01 3.254051e-01 -6.943486e-01 -1.380960e+00 1.166200e+00 1.255122e-01 -2.871241e+00 -9.033089e-01 1.994706e+00 -1.144096e+00 2.888330e-01 -1.419570e+00 -3.338834e-02 
-3.163978e+00 -5.888110e+00 -3.740216e+00 -2.824840e+00 -3.731087e+00 5.194104e+00 -5.255451e+00 -8.981037e+00 1.698458e+01 4.890723e+00 -6.775927e+00 -1.004942e+01 7.896650e-02 -6.036957e-01 3.045191e-01 -7.931408e-01 -1.548937e+00 2.251519e+00 2.998417e-01 -1.821088e+00 -3.914765e-01 -6.328745e-02 -1.467876e+00 2.545829e+00 2.888136e-01 -4.293661e-02 
-4.868506e+00 -4.458230e+00 -7.510139e+00 -3.843642e+00 2.592887e+00 8.336265e+00 -1.869882e+00 -1.205645e+01 1.781789e+01 5.618305e+00 -6.048560e+00 -1.031890e+01 4.119796e-02 -9.665092e-01 3.675365e-01 -7.339421e-01 -8.583821e-01 2.855962e+00 1.911335e-01 -1.300169e+00 -1.429117e+00 -2.729320e+00 -1.522194e+00 3.498119e+00 1.185833e+00 -4.465369e-02 
-4.365998e+00 -4.144528e+00 -7.052549e+00 -5.817832e+00 1.633920e+00 5.496227e+00 -4.781697e+00 -1.285376e+01 9.928821e+00 6.944093e+00 3.056918e+00 -5.422900e+00 -4.044759e-02 -8.178979e-01 5.149922e-01 -3.755722e-01 -7.338607e-03 1.830113e+00 2.455666e-01 -3.903523e-01 -9.751022e-01 -3.884990e+00 -1.367862e+00 3.036281e+00 7.977747e-01 -4.855595e-02 
-6.498787e+00 -4.491632e+00 -7.187777e+00 -4.330319e+00 4.810561e+00 6.617296e+00 -2.650461e+00 -1.155911e+01 5.588097e+00 3.913677e+00 7.593556e+00 -4.635429e+00 -7.102096e-02 -4.494251e-01 9.607986e-01 6.028417e-01 3.879885e-01 4.124170e-01 -7.721655e-01 1.230781e-02 2.928172e-01 -3.385240e+00 -2.019428e+00 1.808432e+00 7.004150e-01 -4.365591e-02 
-6.438327e+00 -3.296448e+00 -5.779258e+00 -2.618194e+00 4.310641e+00 7.281421e+00 -6.816924e+00 -1.410522e+01 3.674532e+00 -1.096273e+00 1.584419e+00 -8.902284e+00 -1.077038e-01 -7.566484e-01 1.019803e+00 2.588212e-01 5.767844e-01 1.096320e+00 5.738884e-01 1.735676e+00 2.104086e+00 -3.340837e-01 -1.132637e+00 6.805018e-01 5.959009e-01 -2.941227e-02 
-6.079468e+00 -7.827735e-02 -5.132575e+00 -3.503518e+00 3.316611e+00 3.582840e+00 -7.907299e-01 -9.966631e+00 4.018836e+00 -4.586530e-01 3.729852e+00 -5.077136e+00 -1.434535e-01 -7.535960e-01 1.014328e+00 1.032790e-01 -3.129367e-01 8.276922e-01 7.905061e-01 1.866572e+00 3.033385e+00 1.451712e+00 -2.416449e-01 -1.866961e-01 1.041943e+00 -2.041323e-02 
-8.358900e+00 -1.252189e+00 -6.786044e+00 -3.347310e+00 7.862496e+00 9.882897e+00 2.966819e+00 -3.129567e+00 9.043033e+00 3.467074e+00 8.391279e+00 -2.222543e+00 -1.512927e-01 -1.025562e+00 6.703044e-01 8.845840e-01 2.477863e-01 1.117448e+00 8.100891e-01 1.124434e+00 2.916594e+00 1.881105e+00 4.369017e-01 2.858701e-01 1.677895e+00 -9.501696e-03 
-9.306480e+00 -4.421211e-01 -6.167988e+00 -5.530445e+00 7.173095e+00 9.269089e+00 1.790527e+00 -1.880008e+00 1.016241e+01 4.237790e-01 3.256645e+00 -2.765587e+00 -1.512927e-01 -1.033482e+00 4.708387e-01 1.182422e+00 1.498935e-02 1.506368e-01 6.338960e-01 -6.381277e-01 1.309591e+00 7.266883e-01 -6.658151e-01 6.418685e-01 2.170139e+00 -1.567841e-03 
-9.952628e+00 2.369963e-01 -8.386312e-01 -3.657994e-01 7.969640e+00 8.488742e+00 -2.485384e+00 -3.565562e+00 1.000827e+01 6.470194e-01 3.250372e+00 -1.668585e+00 -1.512927e-01 -7.358575e-01 7.749604e-01 1.356035e+00 -8.592495e-01 -1.406282e+00 2.946377e-03 1.920396e-01 2.780481e-01 -6.233090e-01 -1.633207e+00 1.106367e+00 1.876614e+00 0.000000e+00 
-1.045001e+01 1.531324e+00 -2.194172e+00 -4.919327e+00 4.016223e+00 7.449397e+00 -1.255267e+00 -3.200679e+00 7.169657e+00 -2.377701e+00 9.509647e+00 5.496578e+00 -1.512927e-01 -3.598515e-01 8.411227e-01 6.211135e-01 -1.058891e+00 -2.402626e+00 -3.130464e-01 1.528666e+00 1.079980e+00 -4.526162e-02 -1.268477e+00 1.960939e+00 1.657825e+00 0.000000e+00 
-1.146642e+01 1.635891e+00 -1.992778e+00 -7.949117e+00 2.409520e+00 1.080748e+01 5.449915e+00 -1.078990e+00 7.422863e+00 -3.298219e+00 1.079661e+01 3.029445e+00 -1.512927e-01 -2.264286e-01 2.464126e-01 -7.157821e-01 -1.731842e+00 -2.148201e+00 -1.087257e+00 6.875290e-01 3.722613e-01 -9.093164e-01 -2.031956e+00 1.306676e+00 1.107967e+00 0.000000e+00 
-1.034884e+01 3.064045e+00 -2.485347e+00 -7.033243e+00 -2.059975e+00 6.544491e+00 5.466210e+00 2.276604e+00 1.122880e+01 -3.945985e+00 9.288223e+00 3.174523e+00 -1.512927e-01 -1.506500e-02 6.753518e-02 -2.339754e-01 -2.294248e-01 -1.505222e+00 -1.731334e+00 -6.017395e-01 -8.673528e-01 -1.582755e+00 -1.708419e+00 -7.489395e-01 -1.259652e+00 0.000000e+00 
-1.113536e+01 7.026987e-01 -4.271955e+00 -7.968050e+00 2.667326e-01 3.504911e+00 -2.408478e+00 -4.442897e+00 3.432118e+00 -8.728619e+00 9.894464e+00 5.032279e+00 -1.512927e-01 1.437404e-01 7.541187e-02 -3.713276e-02 8.561355e-01 -4.413568e-01 -1.054696e+00 -6.260403e-01 -1.295317e+00 -2.131060e+00 -1.354678e+00 -1.857193e+00 -1.299140e+00 0.000000e+00 
-1.069087e+01 2.335596e+00 -2.224461e+00 -6.056984e+00 -2.438495e+00 2.444009e+00 -3.347681e-01 -5.855490e+00 1.251254e+00 -8.204597e+00 6.216024e+00 -1.803100e+00 -1.512927e-01 -4.080888e-01 6.934983e-02 1.007564e+00 1.217678e+00 7.509257e-01 -7.183485e-02 2.546376e-01 -1.318433e+00 -2.610306e+00 -7.117264e-01 -2.373930e+00 -2.001374e+00 0.000000e+00 
-1.057670e+01 2.377175e+00 -2.308885e+00 -4.156569e+00 3.919955e-01 7.584234e+00 5.220202e+00 -3.489528e+00 1.756338e+00 -7.942302e+00 3.046744e+00 -9.774439e-01 -1.512927e-01 -2.357082e-01 4.419273e-01 1.588923e+00 1.369993e+00 1.344721e+00 1.164907e+00 1.276862e+00 5.838469e-01 7.122209e-02 1.025403e+00 -9.099420e-01 -1.350495e+00 0.000000e+00 
-1.266861e+01 2.573556e+00 1.570936e+00 -2.850591e+00 1.632021e+00 4.145655e+00 2.925059e+00 -4.792244e+00 -9.848361e-01 -7.897775e+00 8.424311e-01 -3.827484e+00 -1.512927e-01 -1.133073e-01 1.564229e-01 1.089996e+00 2.745457e-01 8.777660e-01 5.489415e-01 4.242000e-01 1.289779e+00 1.233950e+00 1.571832e+00 4.709978e-01 -4.477707e-01 0.000000e+00 
-1.132503e+01 2.793355e+00 1.774961e+00 -2.721281e+00 4.955080e+00 8.478622e+00 2.345919e+00 -2.055285e+00 4.906273e+00 -3.755014e+00 8.031550e+00 -7.080057e-01 -1.512927e-01 -4.760990e-02 -4.623557e-01 -1.495106e-01 -9.087553e-01 -5.824561e-02 -6.711398e-01 -5.548142e-01 7.408931e-01 1.071778e+00 2.822760e-01 4.545930e-01 -1.281725e+00 0.000000e+00 
-1.088325e+01 2.909620e+00 1.183598e+00 -5.401899e+00 -3.312071e-01 4.741522e+00 3.223373e+00 -1.237144e-01 5.846039e+00 -2.439082e+00 6.078610e+00 -4.176673e+00 -1.512927e-01 1.191919e-01 -4.885461e-01 -1.031429e+00 -1.350650e+00 -7.674864e-01 4.246939e-01 -5.356770e-02 8.790115e-01 1.198379e+00 2.963747e-01 -1.893208e-01 -1.254530e-01 0.000000e+00 
-1.170744e+01 -1.026353e-01 -2.862769e+00 -7.424691e+00 1.082382e+00 3.930601e+00 2.296973e+00 -2.119328e+00 3.699790e+00 -9.260268e+00 2.701620e+00 -7.211476e+00 -1.512927e-01 1.420862e-01 -5.277956e-01 -1.485942e+00 -1.656069e+00 -1.304648e+00 6.153540e-01 -4.198547e-01 -9.232349e-01 3.384058e-01 4.331297e-01 -6.043043e-01 -1.065887e+00 0.000000e+00 
-1.188145e+01 1.578821e+00 -1.267344e+00 -7.252135e+00 -2.690614e-01 8.543135e+00 2.681693e+00 -3.651652e-01 5.610302e+00 -3.663275e+00 2.560792e+00 -1.203014e+00 -1.512927e-01 3.366548e-01 -1.023737e-01 -1.016902e+00 -4.197711e-01 3.737343e-01 6.404106e-01 -9.205672e-01 -1.415974e+00 4.145164e-01 1.260272e+00 7.486109e-01 6.011500e-01 0.000000e+00 
-1.011550e+01 8.197770e-01 -4.429278e+00 -1.007651e+01 -1.599232e+00 9.654586e+00 5.174857e-01 -6.550735e+00 6.716171e+00 -9.772692e-01 6.768938e+00 -7.524269e+00 -1.512927e-01 5.605901e-01 2.375085e-01 -7.864250e-01 -1.832223e-01 2.109938e-01 -7.848096e-02 -9.289027e-01 -3.734069e-01 -1.520844e-01 1.525970e+00 8.587770e-01 6.055192e-01 0.000000e+00 
-9.995942e+00 1.936546e+00 -3.117657e+00 -6.174845e+00 2.878271e+00 5.081583e+00 -4.897183e-01 -4.987880e+00 6.410430e+00 -2.792201e-01 7.788006e+00 -1.014526e+00 -1.512927e-01 4.336671e-01 -1.259285e-01 -1.064524e+00 -2.057563e-01 3.828408e-01 -1.093394e+00 -8.166374e-01 2.256052e-01 -1.031886e+00 -1.663512e-01 1.255172e-01 -2.904077e-01 0.000000e+00 
-9.847239e+00 9.060447e-01 -5.869737e+00 -8.879448e+00 5.636845e-01 5.268973e+00 -7.618343e-01 -1.675004e+00 2.539304e+00 -3.322444e+00 4.381898e+00 -4.278125e+00 -1.512927e-01 6.852150e-02 -8.579656e-02 -5.632996e-01 -3.104773e-02 2.011246e-01 -8.583837e-01 -2.830756e-01 1.306434e+00 -1.222486e+00 -7.733573e-01 -8.180187e-01 3.228691e-01 0.000000e+00 
