-1.047647e+01 3.939836e+00 1.284311e+00 7.907299e+00 -2.166360e+00 5.538415e+00 3.430496e+00 7.546320e+00 3.868251e+00 1.331566e+00 5.018545e+00 -2.159138e+00 -9.809697e-02 -1.447392e-01 -5.564576e-01 -5.183990e-01 4.759057e-01 9.718437e-01 -2.052073e+00 -1.689813e+00 -2.024282e-01 3.611611e-01 1.210435e+00 6.584696e-01 1.990681e+00 4.993057e-03 
-1.070581e+01 4.032549e+00 2.046614e-01 8.477996e+00 -7.254668e-01 -2.383635e+00 -3.415254e+00 6.294457e+00 2.969719e+00 4.136257e+00 6.989941e+00 3.811370e+00 -6.444585e-02 -1.494875e-01 -7.075532e-01 -1.015373e+00 1.399855e-01 8.246481e-01 -1.850674e+00 -1.865054e+00 -8.790182e-01 3.750173e-01 1.224935e+00 4.124232e-01 1.980723e+00 6.251013e-03 
-1.108549e+01 1.111191e+00 -7.678587e-01 1.000148e+01 1.972412e+00 -7.609266e-01 -1.595696e+00 7.160111e+00 6.123322e+00 5.981398e+00 7.325194e+00 4.809014e+00 -8.995724e-02 9.364109e-02 -6.019190e-01 -2.630560e-01 -1.040473e-01 4.102332e-01 -3.522057e-02 -2.210315e-01 -9.020611e-01 3.131508e-01 5.789963e-01 -1.926510e-01 9.358077e-01 3.621817e-03 
-1.091939e+01 1.816393e+00 -2.766471e+00 7.560137e+00 -1.125053e-01 -5.652815e-01 -3.381679e+00 3.344334e+00 4.615802e+00 5.131325e+00 5.927336e+00 4.260399e+00 -7.091177e-02 1.852631e-01 -9.090022e-02 1.734389e-01 -1.435576e+00 -3.724393e-01 1.952946e+00 1.442160e+00 -5.926467e-01 -1.021013e+00 -1.233397e+00 -5.287068e-01 -2.481676e-01 6.806719e-03 
-9.901470e+00 2.038320e+00 1.454597e+00 7.845992e+00 -4.216746e-01 4.453136e+00 2.308552e+00 4.511077e+00 4.610963e+00 3.729014e+00 4.586592e+00 2.295386e+00 -7.675493e-02 2.379375e-01 2.229051e-01 -2.668585e-01 -1.657655e+00 -6.482985e-01 1.677567e+00 1.770729e+00 7.804365e-02 -1.128352e+00 -8.476313e-01 -8.081563e-01 -5.913273e-01 1.870007e-02 
-1.037151e+01 3.114484e+00 -3.937191e-02 2.377857e+00 -1.390620e+00 4.774062e+00 1.843422e+00 4.655741e+00 -1.379169e+00 -9.045355e-01 5.715708e+00 3.827346e+00 -3.701341e-02 8.322830e-02 -2.714905e-01 3.575044e-02 -6.400522e-01 -8.043729e-01 1.853005e-01 3.873957e-01 1.211008e+00 -6.428614e-02 2.582689e-01 9.021507e-02 2.358924e-01 1.860431e-02 
-1.016974e+01 1.576671e+00 -3.465700e+00 4.304343e+00 -6.300230e-01 4.957238e+00 4.645397e+00 6.894626e+00 3.479048e+00 4.761171e+00 3.390227e+00 2.068904e+00 -1.340604e-02 2.252109e-01 -7.726644e-01 -1.211338e-01 1.719344e-02 -1.627144e+00 -1.704370e+00 -1.149546e+00 7.176133e-02 -3.869244e-01 1.550467e-01 1.052115e-01 -3.493861e-01 2.571836e-02 
-1.036911e+01 6.897645e-01 -1.275697e-01 6.130700e+00 -4.030195e+00 1.091700e-01 -2.613124e+00 8.207599e+00 4.860329e+00 5.906591e+00 6.976594e+00 5.553102e+00 -9.564638e-03 4.440418e-01 -5.633310e-01 5.530033e-01 5.246146e-01 -1.267521e+00 -1.323473e+00 -1.030189e+00 -3.068933e-01 -6.953597e-03 2.229130e-01 1.176425e+00 -5.130544e-02 3.538384e-02 
-8.776611e+00 -6.126430e-01 8.930270e-01 6.055538e+00 -7.237608e+00 -1.736271e+00 -1.210906e+00 3.093954e+00 -4.434078e-01 1.098684e+00 4.482206e+00 -3.144226e-01 3.811246e-02 1.726437e+00 -2.151202e+00 -8.603269e-01 -6.840929e-01 5.418067e-01 -7.752597e-01 2.071908e-01 1.024965e+00 2.231278e-01 -4.318932e-01 9.136451e-01 -8.567320e-01 1.131446e-01 
-8.847862e+00 1.392486e+00 5.462810e-01 4.125332e+00 -4.424430e+00 1.503451e+00 -3.793738e-01 5.021610e+00 5.472910e-01 2.041273e+00 1.105184e+01 4.762483e+00 1.141465e-01 3.636068e+00 -2.709913e+00 -2.101896e+00 -1.885986e+00 1.451282e+00 -1.132874e+00 6.745665e-01 2.212173e-01 1.582612e-01 -1.004271e+00 -1.232107e+00 -1.877212e+00 1.861114e-01 
-2.298185e+00 -9.530702e+00 -8.104260e+00 1.886562e+00 2.276128e+00 3.837986e-01 4.564476e+00 1.361244e+01 6.751205e+00 4.534364e+00 5.920827e+00 -1.819446e+00 4.904612e-01 5.139738e+00 -1.710840e+00 -1.781220e+00 -6.526919e+00 1.283445e+00 -4.484601e-01 6.340719e-01 -1.548416e+00 -6.767699e-01 4.416424e-01 -4.038297e+00 -3.799832e-01 2.331586e-01 
4.572013e+00 -8.400774e+00 -6.138406e+00 -1.214742e+00 -1.530654e+00 -6.615233e+00 -2.127982e+00 4.054440e+00 2.054328e+00 -8.326037e-01 9.675074e-02 -3.080448e+00 6.948177e-01 4.417770e+00 -1.642362e+00 -8.532486e-01 -8.459411e+00 3.801497e-01 -1.034621e-01 -1.178314e-01 -4.479253e+00 -2.501931e+00 -2.482490e-01 -6.256732e+00 -9.023423e-01 2.170038e-01 
1.021214e+01 -4.270212e+00 -4.670730e+00 -2.390902e+01 -2.267270e+00 8.077112e-02 2.833758e+00 -4.164540e+00 -4.580775e+00 4.743834e+00 -1.023173e+01 1.707127e+00 9.135699e-01 2.128939e+00 -1.879200e-01 6.962617e-01 -7.341343e+00 -3.024530e-01 1.003686e+00 -7.032304e-01 -6.162280e+00 -3.246805e+00 -1.471388e+00 -4.813944e+00 9.385460e-01 1.311871e-01 
6.985826e+00 -9.449568e+00 -5.436728e+00 -2.527393e+01 -2.519831e-01 1.137655e+00 -1.031719e-01 -8.486166e+00 -6.296374e+00 6.952932e-01 -1.215553e+01 -1.512515e+00 9.876112e-01 4.761488e-01 -3.346793e-01 -1.079470e+00 -3.981370e+00 4.325115e-01 9.569379e-01 1.704760e-02 -3.402133e+00 -2.601647e+00 -1.638925e+00 -2.921016e+00 9.736727e-01 6.957173e-02 
7.139605e+00 -9.945905e+00 -4.973791e+00 -2.279056e+01 1.245275e-01 1.525785e+00 3.591919e-02 -1.092865e+01 -5.307467e+00 -3.586524e+00 -1.202275e+01 2.089318e+00 1.000000e+00 -1.864075e-01 -6.561154e-01 -1.472564e+00 1.223768e-01 -7.775096e-01 -2.510321e-01 -1.250260e+00 -1.867823e+00 -2.068661e+00 -2.488328e+00 -1.852977e+00 -8.739142e-02 1.731457e-02 
8.489025e+00 -7.236324e+00 -1.138422e+01 -2.168082e+01 -5.639955e-01 -2.553051e+00 -6.438245e-01 -9.574167e+00 -1.059056e+01 -4.862049e+00 -1.361282e+01 1.596820e+00 9.994614e-01 3.294944e-01 2.705956e-01 -1.089340e+00 -2.058806e-01 -1.841636e+00 -5.096935e-01 -8.965284e-01 -1.423008e+00 -2.470387e+00 -1.702096e+00 -1.187926e+00 -4.859274e-01 -3.416032e-03 
8.528503e+00 -8.657411e+00 -9.059799e+00 -2.509369e+01 -5.998812e+00 6.709634e-01 -3.147216e+00 -1.295965e+01 -1.277699e+01 -4.919135e+00 -1.876798e+01 -2.844980e-01 9.942177e-01 5.144212e-01 4.944540e-01 3.987751e-02 6.987427e-01 -7.334164e-01 1.856727e+00 -8.421226e-01 2.419037e-01 -3.366794e-01 7.334530e-01 6.197701e-02 -2.293501e-02 -7.815438e-03 
7.938849e+00 -8.740837e+00 -8.840425e+00 -2.515177e+01 -6.398492e+00 -9.834021e-01 -2.994247e+00 -1.458570e+01 -1.491355e+01 -7.148882e+00 -1.472255e+01 -2.755244e+00 9.734222e-01 1.532493e-01 -1.597605e-02 1.380237e+00 1.123857e+00 6.905910e-01 2.849551e+00 -4.091259e-01 3.132212e-01 1.374896e+00 1.872418e+00 1.275935e+00 4.991685e-01 -6.368762e-03 
9.986798e+00 -6.721378e+00 -6.046303e+00 -1.756137e+01 -6.253066e-01 1.002460e+01 -2.999482e+00 -7.213363e+00 -4.829371e+00 1.224157e+00 -1.115800e+01 4.150675e+00 9.739424e-01 -7.968652e-03 8.018589e-03 1.238786e+00 1.650666e+00 2.224680e+00 2.016612e+00 -1.257218e-01 1.445275e+00 1.360717e+00 2.188878e+00 2.459120e+00 8.979479e-01 -2.693153e-03 
8.526124e+00 -8.284221e+00 -5.989788e+00 -1.982769e+01 2.022067e-01 7.017889e+00 -2.763321e+00 -1.088121e+01 -7.689890e+00 1.428396e+00 -1.103814e+01 1.875076e+00 9.777552e-01 -2.832654e-01 -1.866693e-01 1.214861e+00 1.018120e+00 2.063576e+00 1.007942e+00 4.197856e-01 8.479382e-01 8.086511e-01 1.980987e+00 1.895556e+00 3.789381e-01 7.136047e-04 
8.195023e+00 -8.845626e+00 -4.291189e+00 -1.950240e+01 1.824241e+00 6.753378e+00 -3.891288e+00 -7.585529e+00 -9.585230e+00 1.736618e+00 -8.314583e+00 1.890081e+00 9.785854e-01 -8.793041e-01 -5.033739e-01 6.333464e-01 -6.213007e-01 1.282962e+00 -1.374016e+00 3.423635e-01 -1.122445e+00 -6.252083e-01 -1.198198e-01 1.102064e+00 -1.282899e+00 -8.606315e-05 
7.418410e+00 -8.612060e+00 -3.643677e+00 -1.909065e+01 2.694617e+00 5.691917e+00 -4.494158e-01 -1.015993e+01 -8.492361e+00 2.499820e+00 -6.666480e+00 2.697432e-01 9.746687e-01 -5.558357e-01 -4.871536e-01 3.546238e-03 3.552671e-01 6.498856e-01 -1.446203e+00 3.871656e-03 -1.175561e+00 -1.214992e-01 -5.990392e-01 4.813368e-01 -1.419406e+00 -4.534108e-03 
6.144135e+00 -9.074328e+00 -4.052627e+00 -2.103640e+01 4.543299e+00 3.817502e+00 -2.444617e+00 -1.318623e+01 -7.554177e+00 8.934593e-02 -7.833510e+00 -1.461156e+00 9.750553e-01 -6.316265e-02 -7.053511e-01 -3.628182e-01 5.622870e-01 3.182628e-01 -1.375115e+00 -2.482631e-01 -1.371435e+00 2.907978e-01 -1.201269e+00 1.130028e-01 -1.464132e+00 -8.295983e-03 
6.772388e+00 -1.060564e+01 -6.091338e+00 -1.728436e+01 2.092106e+00 1.254813e+00 -3.467298e+00 -1.395866e+01 -9.312912e+00 -7.431638e-01 -8.871988e+00 -3.546335e+00 9.568497e-01 3.574989e-01 -8.053877e-01 -3.997861e-01 7.908484e-01 -8.261175e-02 -7.346233e-01 -8.780807e-01 -5.289940e-01 1.118612e-01 -1.296924e+00 -4.939575e-01 -5.394121e-01 -1.164624e-02 
8.202220e+00 -1.137559e+01 -4.881450e+00 -1.759411e+01 3.716811e+00 2.096356e+00 -3.623663e+00 -1.254334e+01 -7.720965e+00 -2.648234e+00 -6.646815e+00 -3.522541e+00 9.460150e-01 8.667110e-01 -1.032906e-01 -1.805038e-01 1.392812e+00 3.635757e-01 3.129481e-01 2.379614e-01 1.017130e-01 8.843030e-01 4.718338e-01 -8.899767e-01 4.433154e-01 -1.913315e-02 
8.176862e+00 -1.148837e+01 -5.228195e+00 -1.685756e+01 2.694803e+00 2.879374e+00 -4.250297e+00 -1.312634e+01 -7.849661e+00 -2.616012e+00 -9.729614e+00 -1.396625e+00 9.309577e-01 7.400708e-01 6.503893e-01 -1.100115e-01 1.211281e+00 4.353568e-01 9.561127e-01 7.196711e-01 -9.886933e-03 1.984139e+00 3.524781e-01 -1.077479e+00 6.464986e-01 -2.342874e-02 
9.775454e+00 -9.149417e+00 -5.386718e+00 -1.428574e+01 6.059829e+00 4.569962e+00 -8.633108e-01 -1.309382e+01 -3.864288e+00 3.384939e+00 -1.185458e+01 -3.194337e-01 8.923356e-01 3.371522e-01 1.090194e+00 -6.202505e-01 2.054503e+00 -5.334119e-01 7.408840e-01 7.111316e-01 3.635807e-02 1.550213e+00 -2.216915e-01 -7.710953e-02 -5.910310e-01 -2.838998e-02 
9.686126e+00 -8.466779e+00 -6.388762e+00 -1.288214e+01 3.097380e+00 4.798573e+00 -1.249118e+00 -1.373285e+01 -1.320555e+00 -1.997360e+00 -1.165550e+01 -1.915396e+00 8.665457e-01 1.446795e-01 1.036412e+00 -7.040967e-01 1.909698e+00 -7.790619e-01 3.677166e-01 5.143434e-01 7.170086e-02 1.352982e+00 -1.234354e+00 1.361069e+00 -1.276489e+00 -2.533684e-02 
9.133348e+00 -7.435417e+00 -7.402419e+00 -9.309301e+00 8.484625e-01 4.841177e+00 -1.568594e+00 -1.205829e+01 -3.234456e+00 -4.066017e+00 -6.069420e+00 -6.218310e+00 8.362711e-01 -2.594260e-01 3.221442e-01 -5.206540e-01 1.622335e+00 -1.223096e+00 -6.965059e-01 7.614903e-01 -6.558012e-01 1.132075e+00 -2.664707e+00 1.799019e+00 -1.062580e+00 -1.758110e-02 
9.221312e+00 -7.163305e+00 -7.740829e+00 -9.797283e+00 1.405177e+00 4.582350e+00 -1.325938e+00 -1.328560e+01 -1.399669e+00 -5.062305e+00 -5.816851e+00 -4.829634e+00 8.323057e-01 -3.195857e-01 -1.703826e-01 2.148672e-01 1.667433e+00 -6.433887e-01 -1.915419e+00 1.788124e+00 -8.969158e-01 8.790137e-01 -1.439969e+00 9.094103e-01 -8.123446e-01 -1.873149e-02 
8.710731e+00 -8.190433e+00 -7.313954e+00 -7.716496e+00 7.904509e-01 1.195544e+00 2.982551e+00 -1.659645e+01 1.835646e+00 -8.406121e+00 -5.778811e+00 -4.175215e+00 8.215501e-01 -2.699277e-01 -4.050168e-01 1.018955e+00 1.389356e+00 -8.185416e-01 -2.191324e+00 2.323585e+00 -5.011702e-01 1.784722e-01 -9.026328e-01 -5.074219e-01 2.311635e-02 -2.152700e-02 
8.299506e+00 -8.941184e+00 -5.358658e+00 -5.341381e+00 -9.055758e-02 -2.955705e+00 5.415931e+00 -1.594835e+01 5.394626e-01 -7.027153e+00 -7.253752e+00 -6.998666e+00 7.802488e-01 -2.437603e-01 -3.954778e-01 1.091029e+00 1.425136e+00 -7.059125e-01 -2.043968e+00 1.888492e+00 8.318722e-01 -6.354287e-01 -1.003606e+00 -9.525127e-01 5.539894e-03 -1.920772e-02 
8.244614e+00 -8.571562e+00 -3.498729e+00 -4.590471e+00 -2.496378e+00 -2.346416e+00 6.678394e+00 -1.323277e+01 -3.311661e+00 -7.596758e+00 -7.888079e+00 -5.018213e+00 7.546646e-01 -3.267151e-01 -1.209858e-01 8.473853e-01 1.034129e+00 -3.786349e-01 -1.836971e+00 1.127917e+00 2.213692e+00 -1.189546e+00 -1.414252e+00 -4.468805e-01 -5.352753e-01 -1.429546e-02 
8.235568e+00 -8.950130e+00 -4.193295e+00 -4.234613e+00 -4.809709e-01 -3.866510e+00 6.268599e+00 -1.080808e+01 -2.003159e+00 -1.048502e+01 -9.524780e+00 -4.380436e+00 7.697099e-01 -3.828744e-01 4.463292e-01 5.321896e-01 7.109033e-01 1.101919e-01 -1.525332e+00 3.145159e-01 2.605477e+00 1.372229e-01 -2.059666e+00 3.775461e-01 -5.470566e-01 -1.453936e-02 
7.109124e+00 -8.790889e+00 -3.659709e+00 -3.099233e+00 -9.075168e-01 -7.533906e+00 8.195801e+00 -8.098124e+00 -2.840771e+00 -1.374845e+01 -6.877699e+00 -8.160707e+00 7.553422e-01 -4.999964e-01 7.131497e-01 9.801413e-01 6.667446e-01 3.321332e-02 -2.051510e+00 -5.710344e-02 2.935831e+00 9.003775e-01 -1.941936e+00 6.182824e-01 -6.731914e-01 -1.995971e-02 
6.952879e+00 -6.599874e+00 -2.617220e+00 -2.532483e+00 -3.340288e-01 -7.988621e+00 6.229807e+00 -5.488291e+00 9.901323e-01 -1.424964e+01 -5.871212e+00 -8.162702e+00 7.072132e-01 -6.031173e-01 1.058109e+00 1.753269e+00 1.011243e-01 -1.604317e+00 -1.661714e+00 6.249639e-01 2.906427e+00 -3.060876e-01 -1.265038e+00 1.064360e-01 -2.420376e-01 -2.513626e-02 
6.385976e+00 -6.180941e+00 6.139393e-01 -2.107813e+00 -2.403783e+00 -1.054291e+01 6.412273e+00 -1.213512e+00 -3.064196e-01 -1.542413e+01 -6.623452e+00 -6.493037e+00 6.861144e-01 9.366812e-02 1.184532e+00 1.855699e+00 -5.017846e-01 -2.419934e+00 -7.529254e-01 5.303669e-01 2.935284e+00 -5.012808e-01 8.090132e-01 -2.116914e-01 1.178524e+00 -2.271659e-02 
5.581556e+00 -4.964557e+00 2.436224e+00 -4.224701e+00 -7.754424e+00 -1.067058e+01 1.028518e+01 2.817450e-01 -4.800773e+00 -1.597237e+01 -9.119724e+00 -6.424459e+00 6.786425e-01 7.314937e-02 1.068579e+00 1.992960e+00 -6.426808e-01 -2.811718e+00 -9.327105e-01 3.420370e-01 1.693196e+00 8.401494e-02 5.729578e-01 3.908680e-01 1.218965e+00 -1.785645e-02 
8.263126e+00 -3.685887e+00 3.092063e+00 -4.762046e+00 -9.296988e+00 -9.957554e+00 8.819948e+00 3.693280e+00 -2.451723e+00 -8.842020e+00 -6.311900e+00 -3.137207e+00 6.560446e-01 2.010511e-01 1.590165e+00 1.457075e+00 -7.268956e-01 -2.685694e+00 -6.106972e-01 -4.640279e-01 5.043924e-01 2.610200e-01 1.648822e+00 1.372890e+00 9.665797e-01 -1.882022e-02 
6.380051e+00 -2.504505e+00 6.108516e+00 -4.418770e+00 -1.094602e+01 -1.294485e+01 6.736155e+00 5.242906e-01 2.482859e+00 -1.467591e+01 -4.072648e+00 -3.745794e+00 6.329658e-01 3.646122e-01 1.564246e+00 5.742277e-01 2.880964e-01 -1.870461e+00 -1.466229e+00 -2.518861e+00 -5.477639e-01 -7.026648e-01 1.545001e+00 9.399775e-01 7.288204e-01 -2.732744e-02 
6.991984e+00 5.398569e-01 6.063170e+00 -5.645257e+00 -1.423645e+01 -1.245926e+01 5.866648e+00 1.187177e+00 -2.643135e+00 -7.828251e+00 -2.282540e+00 -2.999471e+00 6.148517e-01 7.259709e-02 1.311413e+00 3.148647e-01 2.246153e+00 -7.026696e-01 -1.073590e+00 -3.349524e+00 -5.890337e-01 -1.331598e+00 1.355961e+00 2.766008e-01 -1.248078e+00 -5.537757e-02 
8.040188e+00 7.438025e-01 3.821809e+00 -2.342614e+00 -1.463699e+01 -1.675087e+01 -8.324730e-01 -1.204023e+00 -8.218390e+00 -8.754244e+00 -6.434517e+00 -2.849224e+00 5.626017e-01 -1.651839e+00 4.852274e-01 8.051229e-02 3.978915e+00 2.458271e+00 1.522327e+00 -2.683426e+00 7.649040e-01 -1.867483e+00 2.510956e+00 9.573529e-01 -5.240420e-01 -9.484706e-02 
7.796043e+00 1.247025e+00 5.809740e+00 5.430640e+00 -1.096485e+01 -1.342249e+01 -4.143358e+00 1.612269e+00 -3.759088e+00 -5.023046e+00 -3.747961e+00 -9.825879e+00 4.143388e-01 -5.271160e+00 -1.605159e+00 -1.623022e+00 3.852429e+00 5.212613e+00 4.121014e+00 -7.811867e-01 2.418975e+00 1.944849e+00 3.195539e-01 1.676465e+00 2.429699e+00 -4.584475e-02 
-2.281172e+00 -4.319520e-01 6.637793e+00 9.937859e+00 -2.904660e-01 -4.851597e+00 -1.675975e+00 4.136265e+00 -6.296579e+00 -3.523730e+00 1.446827e+00 -2.952800e+00 2.589869e-01 -7.079822e+00 -2.331293e+00 -1.819878e+00 1.870056e+00 3.965702e+00 4.210946e+00 7.201010e-01 3.738864e+00 3.102413e+00 6.463307e-01 4.173918e+00 4.961143e+00 2.803532e-02 
-1.420314e+01 -6.898063e+00 -3.459929e+00 7.476653e+00 4.653345e+00 2.196169e+00 2.382465e+00 1.061191e+01 6.120205e+00 -8.845738e+00 2.159114e+00 9.200811e+00 5.374353e-01 -6.174878e+00 -2.104098e+00 -1.720817e+00 -1.336019e+00 9.666510e-01 2.456039e+00 6.033531e-01 1.999062e+00 6.456683e-01 3.517763e-01 3.071611e+00 4.897086e+00 8.671914e-02 
-1.635933e+01 -6.840118e+00 -6.427454e-01 5.984659e+00 -2.617582e+00 -3.505474e+00 -4.948797e-01 1.299048e+01 2.354027e+00 -3.611244e+00 1.148153e+01 1.244314e+01 6.412301e-01 -2.646648e+00 -1.101990e+00 -6.762065e-01 -1.924682e+00 -1.951387e+00 -1.886513e-01 -9.998253e-01 4.803486e-02 3.774179e-01 1.834545e+00 2.082688e+00 1.888019e+00 8.515539e-02 
-1.603927e+01 -6.069381e+00 8.459225e-01 7.271435e-01 -4.968036e+00 -1.815362e+00 -1.717140e+00 7.180473e+00 -4.856050e+00 -3.220408e+00 6.592741e+00 6.961577e+00 6.568129e-01 4.549112e-01 -2.825785e-02 8.019940e-01 -1.792650e+00 -2.281994e+00 -6.850927e-01 -1.883020e+00 -2.589794e+00 -7.814444e-01 3.627393e+00 9.928694e-01 -1.538642e+00 1.258947e-02 
-1.459635e+01 -6.356240e+00 1.103834e+00 3.689201e+00 -5.236713e+00 -3.789088e+00 -4.625299e+00 6.092156e+00 1.078637e+00 2.836328e+00 9.643456e+00 7.606913e+00 6.250751e-01 1.232581e+00 -4.242952e-01 8.449471e-03 -1.092021e+00 -1.126251e+00 2.970737e-01 -7.275263e-01 -2.466110e+00 9.602253e-01 2.636832e+00 -1.462597e+00 -2.668074e+00 -1.768466e-02 
-1.281007e+01 -7.281291e+00 -3.232484e-01 -3.388696e-01 -5.447057e+00 -1.087488e+00 -4.967424e+00 1.112097e+00 2.850678e+00 6.067443e+00 8.042500e+00 3.925717e+00 6.084601e-01 1.839175e+00 4.986258e-01 5.549020e-01 7.866750e-02 2.812664e-01 -1.340480e-01 -1.517795e-01 -1.208598e+00 1.738484e+00 3.351664e-01 -1.376621e+00 -1.940217e+00 -2.154675e-02 
-1.181103e+01 -8.355639e+00 -1.591253e-02 1.057563e+00 -8.009325e+00 -2.384043e+00 -2.507369e+00 3.694114e+00 3.301789e+00 4.928991e+00 3.443672e+00 6.207067e-01 5.769832e-01 2.160564e+00 7.795233e-01 2.001853e-02 -6.041819e-01 3.845452e-01 -4.817977e-02 6.671473e-01 -6.827601e-01 -5.052573e-01 -1.615108e+00 -9.371230e-01 -1.403886e+00 -4.027856e-02 
-8.236052e+00 -2.576552e+00 4.180305e+00 2.436300e+00 -2.175398e+00 -3.188124e+00 -3.535003e+00 2.336504e+00 2.724793e+00 -2.590907e+00 2.809529e+00 7.535961e-01 5.731251e-01 2.072701e+00 -2.523184e-02 -6.868845e-01 3.637699e-01 1.389418e+00 -8.350444e-02 1.938655e+00 2.180488e+00 -6.018576e-01 -1.098500e+00 5.032279e-02 -1.661443e-01 -6.542642e-02 
-6.080536e+00 -4.810993e+00 -1.047850e+00 -7.192931e-01 -4.949817e+00 -2.979669e+00 -2.005773e+00 2.066152e+00 -1.384707e+00 -9.100363e-01 7.574327e+00 2.173545e+00 4.413498e-01 9.168764e-01 -6.719422e-01 -1.478172e+00 -1.505856e+00 2.192877e+00 4.191362e-01 1.661121e+00 1.618404e+00 -1.991531e+00 8.810778e-01 1.181565e-01 6.439785e-01 -6.153954e-02 
-5.311810e+00 -9.179773e+00 -3.241702e+00 2.368408e+00 -2.971971e-02 -1.207197e+00 4.475050e+00 1.282852e+01 2.184638e+00 3.494457e+00 6.228787e+00 2.318577e+00 3.491448e-01 6.142435e-02 -1.026393e+00 -1.323628e+00 -1.419412e+00 1.703309e+00 9.771246e-01 4.705763e-01 7.723144e-01 -1.251828e+00 2.842731e+00 -9.134403e-01 5.468572e-01 -5.754738e-02 
-8.688766e+00 -8.413740e+00 -3.695766e+00 -6.437769e+00 1.882220e+00 -1.278825e+00 1.793210e+00 6.540131e+00 -6.385787e+00 6.291698e+00 2.324826e+00 3.058109e+00 3.812757e-01 9.807259e-01 1.273425e+00 -7.850111e-01 -1.263821e-01 1.710674e+00 2.417527e-01 -2.060427e+00 -1.070809e-01 1.570936e+00 1.047372e+00 -9.577061e-01 -5.458760e-01 -8.072768e-02 
-6.624815e+00 -5.907143e+00 -1.113879e+00 -1.801521e+00 2.925131e+00 8.470768e-01 -3.081613e+00 3.961087e+00 -1.033808e+00 8.021880e+00 8.670774e-01 3.045600e+00 3.154253e-01 2.150129e+00 3.566453e+00 -4.252452e-01 1.416768e+00 1.482097e+00 1.119233e+00 -2.142198e+00 -1.293904e+00 2.884874e+00 -2.947514e-01 1.353732e-01 -1.140692e+00 -1.012191e-01 
-5.204043e-01 -8.018446e-02 -6.036818e+00 7.337608e-01 2.126128e+00 -2.798042e+00 -8.529575e+00 5.964462e+00 8.079194e+00 2.063112e+00 5.466650e+00 -9.193468e-01 5.457115e-02 3.011164e+00 4.068655e+00 2.367850e-01 4.517025e+00 1.384355e+00 1.484570e+00 -1.298508e+00 -5.772288e-01 4.271463e+00 -6.587850e-01 1.359431e+00 -1.080575e+00 -1.028768e-01 
1.354655e+00 4.485713e+00 -4.197402e+00 5.866483e+00 7.258810e+00 5.148579e+00 -1.074545e+00 6.646832e+00 9.376515e+00 4.134993e+00 5.334741e+00 -1.396158e+00 6.401420e-03 2.339622e+00 4.026314e+00 7.139324e-01 2.970758e+00 3.665040e-01 1.370901e+00 -1.289230e+00 -1.095766e+00 2.413200e+00 2.310853e-01 1.547866e+00 -5.452912e-01 -6.412897e-02 
2.377322e+00 6.733105e+00 -9.700797e-01 1.231335e+01 6.637154e+00 3.993272e+00 -5.702867e+00 2.311114e+00 9.766365e+00 4.941216e+00 6.888147e+00 -1.238889e-01 2.140349e-02 5.396393e-01 2.494312e+00 1.815863e+00 2.044011e+00 5.074664e-01 1.630029e+00 3.405165e-01 -9.716498e-01 -2.692957e-02 1.618607e+00 4.712465e-02 -3.463835e-01 -1.550415e-02 
3.624432e+00 1.081778e+01 -7.758534e-02 7.262473e+00 2.502138e+00 4.305925e+00 -1.094112e+01 3.089333e-01 1.018861e+01 7.738255e+00 7.895661e+00 -7.858515e-02 1.136428e-02 -6.318197e-01 9.583614e-01 1.071133e+00 4.301015e-01 -4.684995e-01 1.471524e-01 1.281091e+00 -2.468268e-01 -1.599272e+00 8.853197e-01 -6.899893e-01 -6.115631e-01 -1.490937e-02 
1.042903e+00 9.225339e+00 9.825882e-01 1.025582e+01 7.041797e+00 5.773428e+00 -1.893708e+00 4.275164e+00 7.538499e+00 8.354515e+00 4.421814e+00 -3.310051e+00 -2.543104e-02 -9.106845e-01 9.640570e-02 1.626930e-01 -3.105728e-01 -4.916299e-01 -3.464888e-01 1.668652e+00 1.106189e+00 -1.442316e+00 8.430687e-01 -3.039277e-01 2.589927e-01 -1.749898e-02 
-1.137234e+00 8.031404e+00 1.819299e-01 9.045759e+00 4.713991e+00 4.994263e+00 3.426331e+00 4.430674e+00 2.494089e+00 6.854942e+00 3.117961e+00 -2.860893e+00 -4.472816e-02 -8.397005e-01 -6.685612e-01 -2.815113e-02 7.352799e-01 2.317287e-01 -8.110144e-01 1.709624e+00 1.277594e+00 -1.706281e+00 -7.770783e-01 -6.105417e-01 5.386665e-01 -1.125114e-02 
2.047329e-01 8.608323e+00 -2.863722e-01 9.868848e+00 3.073078e+00 1.916660e+00 -4.543328e+00 5.781187e+00 6.402043e+00 9.598216e+00 7.757359e+00 2.562228e+00 -3.804517e-02 7.566132e-02 4.143557e-01 3.097195e-01 7.644388e-01 -5.307949e-01 -1.197768e+00 -7.788188e-01 1.834534e-01 -3.569930e-01 -1.646131e+00 1.736657e-01 1.180725e+00 -9.995460e-04 
-1.549854e-01 7.783484e+00 4.161392e-01 1.113236e+01 5.645141e+00 2.179238e+00 -1.068189e+00 5.943891e+00 2.225431e+00 3.231013e+00 3.175180e+00 -3.213921e-01 -3.858435e-02 5.649780e-01 1.560812e+00 1.294975e+00 5.410820e-01 -1.232044e+00 -1.144744e+00 -8.448412e-01 5.404575e-02 1.716323e-01 -2.067513e+00 -2.890781e-01 -1.636610e-01 8.739114e-03 
9.300857e-01 1.142108e+01 2.414081e+00 1.303471e+01 3.922248e+00 1.192102e+00 -3.540542e+00 4.435822e+00 5.887863e+00 1.935823e+00 5.261533e+00 1.323826e+00 -3.350067e-02 4.023576e-02 1.881627e+00 2.074401e+00 1.069248e-01 -1.017947e+00 -7.119809e-01 3.888004e-01 -1.502643e-01 -4.359915e-01 -2.139796e+00 -1.334070e+00 -5.362043e-01 6.830263e-03 
1.324979e+00 1.442908e+01 5.306576e+00 1.016824e+01 -1.870815e+00 -3.671778e-01 -1.299268e+00 5.373585e+00 3.609341e+00 3.485715e-01 2.920484e+00 -3.059997e+00 -3.304839e-03 -5.658538e-01 1.584885e+00 2.186880e+00 3.924823e-01 -1.973813e-01 4.292662e-02 5.603529e-01 -4.515249e-01 3.220467e-01 9.781049e-02 8.419386e-01 1.164679e+00 -3.706181e-03 
-3.340707e-01 1.469366e+01 7.640415e+00 1.088553e+01 1.741322e+00 -3.700365e-01 -2.483787e+00 5.315018e+00 3.530131e+00 3.404548e-01 1.214359e+00 1.250509e+00 -2.153361e-02 -1.164407e+00 2.241118e-01 9.010389e-01 8.896534e-01 1.052038e+00 8.107315e-01 1.065119e+00 3.869855e-01 -5.056698e-01 6.596382e-01 6.738629e-01 -3.981602e-01 -1.547272e-02 
-2.352176e+00 1.407162e+01 8.737370e+00 1.416936e+01 5.748697e+00 3.174940e+00 1.205198e+00 3.246668e+00 5.014531e+00 4.517750e+00 9.408461e+00 5.538661e+00 -6.309879e-02 -1.268912e+00 -4.413870e-01 3.699458e-01 1.324177e+00 2.001658e+00 1.396432e+00 2.866268e-04 -9.761772e-01 -6.624126e-01 8.350189e-01 1.304304e+00 6.704611e-01 -1.756711e-02 
-3.053373e+00 1.272037e+01 5.203878e+00 1.548242e+01 5.372683e+00 3.474700e+00 5.328210e-01 7.434208e+00 2.656919e+00 3.149425e+00 5.386859e+00 -4.966303e+00 -8.096731e-02 -6.661159e-01 -4.922938e-01 9.739371e-02 5.005382e-01 5.458692e-01 6.071960e-01 1.170296e-01 -1.093746e+00 -1.031143e+00 5.778143e-01 6.810160e-01 -1.247123e-01 -8.966148e-03 
-3.659929e+00 1.320879e+01 8.374573e+00 1.449068e+01 6.321794e+00 4.692612e+00 -2.806139e+00 -5.668964e-01 7.338836e-01 3.119182e+00 7.355752e+00 3.400715e+00 -6.142354e-02 -7.759742e-02 -6.023223e-01 -6.087322e-02 -1.074818e+00 -5.918404e-01 -1.349899e-01 1.739715e-01 1.987356e-01 3.370104e-01 1.348908e+00 1.109295e-01 6.218931e-01 -2.990937e-03 
-3.010774e+00 1.266360e+01 8.308783e+00 1.322757e+01 4.184119e+00 1.907108e+00 1.070297e-01 1.753072e+00 5.147390e-01 3.928810e+00 5.645792e+00 1.695921e+00 -6.720197e-02 8.734379e-02 -1.951371e-01 2.161045e-01 -6.098846e-01 -7.887219e-01 -9.932814e-02 1.191455e+00 5.717019e-01 -3.340843e-01 5.472054e-01 -3.326060e-01 5.521286e-01 -1.092339e-03 
-2.761463e+00 1.108839e+01 6.880552e+00 9.922698e+00 3.383777e+00 3.283787e+00 2.287951e+00 7.080914e+00 7.770673e+00 1.087260e+01 9.833641e+00 5.317015e+00 -8.493614e-02 6.074638e-02 1.184940e-03 -4.120318e-01 -2.657177e-01 -7.747453e-01 1.457473e-01 1.380608e+00 6.701440e-01 -1.274888e-01 1.258494e+00 -1.040916e+00 -7.368935e-01 -5.368650e-03 
-3.065887e+00 1.280488e+01 7.031411e+00 1.471699e+01 2.898082e+00 3.682472e+00 3.943049e+00 6.468813e+00 -2.531897e+00 2.008743e+00 2.484885e+00 -3.163810e+00 -7.467270e-02 -1.023761e-01 3.001423e-01 -2.179278e-01 5.682067e-01 6.752264e-01 1.384361e+00 6.935693e-01 -8.656791e-01 -9.103689e-01 -5.137435e-01 -1.110474e+00 -8.640998e-01 3.310573e-03 
-3.328640e+00 1.314408e+01 6.953099e+00 1.241738e+01 3.091086e+00 4.533666e+00 2.178890e+00 4.259529e-01 1.619758e+00 1.037169e+01 3.731626e+00 2.146112e+00 -8.453143e-02 -3.102779e-03 7.436656e-01 9.766318e-01 1.536116e+00 7.507635e-01 1.265634e+00 1.599535e+00 -2.627545e-01 -6.105320e-01 -1.551868e+00 -9.135858e-01 -5.736395e-01 1.436907e-02 
-3.239066e+00 1.313647e+01 7.182870e+00 1.482126e+01 7.706596e+00 8.203973e+00 3.629407e+00 7.521572e-01 -9.616477e-01 1.610549e+00 3.144428e+00 -1.039127e+00 -5.085146e-02 1.462623e-01 2.942894e-01 1.100051e+00 2.567369e-01 5.138499e-01 -4.779493e-01 3.414356e-01 1.342151e+00 1.405704e+00 -3.655237e-01 9.892131e-01 1.076541e+00 1.551647e-02 
-2.690387e+00 1.464093e+01 1.168798e+01 1.755114e+01 4.733336e+00 7.351208e+00 1.044245e+01 8.625469e+00 3.932889e+00 3.312357e+00 4.935940e+00 1.386475e+00 -2.500141e-02 2.051315e-01 3.941382e-01 1.165445e+00 1.520326e-01 3.920465e-02 -1.670378e+00 -8.638221e-01 2.249163e+00 1.709700e+00 -8.777367e-01 7.401338e-01 4.404783e-02 1.112459e-02 
-2.653702e+00 1.352791e+01 1.016423e+01 1.343379e+01 4.646206e+00 -1.160460e-01 1.518448e+00 9.079811e+00 3.340060e+00 3.710789e+00 6.828794e+00 2.598715e+00 -2.685535e-02 3.646137e-01 5.299684e-01 4.620455e-01 -7.861320e-01 -9.606291e-01 -2.247865e+00 -1.726601e+00 2.885931e-01 1.647905e+00 8.888828e-01 1.352340e+00 1.315065e+00 -6.548166e-04 
-2.595665e+00 1.491905e+01 1.128964e+01 1.387128e+01 4.817304e+00 3.417875e-01 -1.084742e+00 7.507939e+00 8.017403e+00 4.932882e+00 5.590112e+00 5.474302e-01 -4.090655e-02 4.864120e-01 7.126539e-01 -4.785953e-01 -1.045775e+00 -5.836200e-01 -1.126375e+00 -2.635055e+00 -1.050686e+00 -2.018933e-01 -3.045855e-02 7.777813e-01 2.931741e-01 -4.927397e-04 
-1.463358e+00 1.564725e+01 9.692266e+00 1.273053e+01 2.861468e+00 4.693563e-01 7.599945e-01 2.753888e+00 5.235622e+00 5.244700e+00 9.579040e+00 5.955719e+00 -4.617298e-02 8.817557e-01 1.008630e+00 1.100720e-01 1.132820e-01 -7.438946e-01 -4.625420e-01 -1.394389e+00 -5.163370e-01 6.263018e-02 6.655304e-02 -3.736344e-01 -5.118628e-01 9.109604e-03 
-8.534989e-01 1.714452e+01 9.530986e+00 1.267389e+01 2.707606e+00 1.426631e+00 -2.353601e+00 6.535003e+00 1.975641e+00 2.393109e+00 7.449723e+00 1.173843e+00 -1.780629e-02 9.306667e-01 6.889604e-01 2.510194e-01 3.323587e-01 -6.551329e-01 -1.006646e+00 -1.304771e+00 3.184014e-01 -1.248152e-01 8.298586e-02 -8.666816e-01 -7.871997e-01 1.494137e-02 
8.839931e-01 1.745832e+01 1.159392e+01 1.459889e+01 1.981582e+00 -2.971178e+00 -4.819068e+00 6.984593e+00 6.674092e+00 5.313441e+00 4.030816e+00 -2.738056e-01 7.142544e-03 6.432195e-01 3.935931e-01 5.866231e-01 5.661715e-01 -2.485794e-01 -1.127888e+00 -1.362359e+00 8.911002e-01 7.575391e-01 3.057814e-01 -1.451535e+00 -1.390670e+00 1.315799e-02 
