-2.550020e-01 -7.988576e+00 -8.510510e+00 -2.612632e+00 -1.583824e-01 -3.414222e+00 2.747399e+00 3.616470e+00 4.599455e+00 -7.030273e+00 -3.697524e+00 -1.550694e+00 -3.261721e-02 1.586912e-01 5.461193e-01 1.078013e+00 5.922282e-01 -2.568531e-02 -2.237891e-01 -6.223072e-01 -1.222272e+00 3.295803e-02 1.679002e+00 9.209131e-01 8.377945e-01 4.069853e-03 
5.971308e-01 -4.911416e+00 -4.078476e+00 -1.325490e+00 -3.732484e+00 -5.858455e+00 -1.324128e+00 -4.113075e+00 2.793612e-01 -4.288852e+00 -1.492661e+00 2.022469e-01 -1.622403e-02 -1.659330e-01 1.397791e-02 8.263804e-01 4.540012e-01 2.056652e-01 -6.104800e-01 -2.218238e-01 7.925231e-01 2.899070e+00 2.421690e+00 6.903723e-01 5.114340e-01 5.649209e-03 
1.123877e-01 -6.796559e+00 -5.336461e+00 -2.950623e-01 1.500242e+00 -3.311051e+00 1.671626e+00 1.369886e+00 6.924293e+00 -5.973339e-03 -1.953892e-01 1.761808e+00 -2.046454e-02 -3.991723e-01 -7.017072e-01 4.604068e-02 3.366101e-02 3.373533e-01 -1.005565e-01 -6.926246e-01 -8.282804e-02 1.276620e+00 7.372212e-01 1.502287e-01 2.039967e-01 6.385839e-03 
-1.268362e+00 -8.514694e+00 -5.965633e+00 -1.501411e+00 4.063129e-02 -6.518208e+00 2.176167e+00 8.702378e+00 1.793239e+01 1.566025e+00 -1.996729e+00 -6.497750e-01 -1.044750e-02 -5.361837e-01 -8.740103e-01 -4.034825e-01 -6.527047e-01 1.325654e+00 8.584223e-01 -5.040509e-01 9.686179e-02 9.960833e-01 1.790816e-01 -6.342421e-02 4.126098e-01 -1.417530e-03 
-1.318117e+00 -9.695473e+00 -7.336728e+00 -2.356367e+00 -3.581734e-01 -3.587128e+00 -2.465871e+00 -3.205397e+00 2.156040e+00 -6.271605e+00 -2.694346e+00 -1.046990e-01 -3.576279e-03 -9.464178e-02 -1.845319e-01 -3.815669e-01 -7.509049e-01 -1.312719e-01 2.257524e-01 -7.914149e-01 -1.347058e+00 -2.444691e+00 -1.181388e+00 -4.696787e-01 -8.763151e-02 -2.371192e-04 
-1.368535e+00 -7.832010e+00 -5.095755e+00 -3.558361e+00 3.824993e+00 -1.428305e+00 -1.775634e+00 -1.341125e+00 7.643904e+00 -2.606275e-01 -5.603039e-01 3.198550e+00 -3.175581e-02 -1.767879e-01 -4.550691e-01 -3.689683e-01 -2.847631e-01 1.857912e-01 -2.127281e-01 -1.041986e+00 -2.339677e+00 -3.512702e+00 -1.263188e+00 1.881923e-01 -6.629520e-02 7.588029e-04 
-3.107347e-01 -8.060561e+00 -7.679235e+00 -3.021111e+00 -1.048298e+00 -4.727240e+00 -3.095479e-01 -3.436544e-01 -1.549201e-01 -4.999589e+00 -3.261995e+00 -6.005116e-01 -1.099598e-02 5.982924e-02 -1.272301e-01 -1.993788e-01 8.461178e-01 4.585097e-01 -2.038195e-01 8.984463e-01 6.119936e-01 6.171750e-01 1.017883e+00 2.277833e-01 2.643866e-01 6.575060e-03 
-2.655993e+00 -1.160750e+01 -7.639222e+00 -2.592854e+00 1.314650e+00 -7.011792e+00 -4.111922e+00 -4.426879e+00 1.524360e+00 -5.385923e+00 -7.719431e-01 -7.333447e-01 -2.943635e-03 1.181024e-01 1.634431e-02 4.131894e-02 7.552900e-01 4.563132e-01 -5.213451e-02 9.433918e-01 7.890286e-01 1.235523e-02 1.425464e+00 4.492727e-01 4.605288e-01 6.459618e-03 
-3.752422e-01 -8.443880e+00 -7.061889e+00 1.391468e+00 3.189547e+00 -1.814482e+00 3.194504e+00 1.397448e+00 8.301687e+00 1.380455e+00 -1.449610e+00 3.183181e+00 1.489294e-02 1.874006e-01 7.018688e-01 4.838891e-02 1.317606e-01 8.113310e-01 1.946277e+00 2.138464e+00 1.709794e+00 1.283456e+00 2.747861e+00 1.648695e+00 8.914576e-01 -6.881046e-03 
-7.457695e-01 -7.558629e+00 -5.197833e+00 -1.988201e+00 3.987636e+00 -3.145356e+00 1.189299e+00 1.733467e+00 3.477376e+00 3.676669e+00 7.798672e-01 3.609347e+00 -1.240218e-02 1.527586e-02 1.411284e+00 1.913173e-01 -1.013802e-01 4.676383e-01 3.057614e+00 3.029044e+00 1.464008e+00 -7.005225e-01 5.955857e-01 1.238386e+00 9.186668e-01 -1.678448e-02 
-3.288431e-01 -6.575651e+00 -8.657985e+00 -2.664635e+00 1.671863e+00 3.070926e+00 7.732160e+00 5.125144e+00 5.285852e+00 4.208421e+00 4.205576e+00 1.685430e+00 -4.067194e-02 -4.131448e-01 5.555674e-01 -3.072818e-01 -3.277213e-01 3.163527e-01 1.349741e+00 1.773970e+00 7.160516e-02 -2.475859e+00 -9.578657e-01 6.310997e-02 -6.832252e-01 -1.986976e-02 
-2.602813e+00 -5.485191e+00 -5.884587e+00 -1.071704e+00 4.411683e+00 5.833575e+00 8.764467e+00 1.029315e+00 -4.703355e-01 -3.821978e+00 2.592394e+00 4.608865e+00 -5.908358e-02 -7.824457e-01 1.479681e-01 -4.465030e-01 2.956916e-01 8.720056e-01 1.459301e+00 1.727698e+00 2.953255e-02 -1.241164e+00 -1.569280e+00 -7.977129e-01 -2.863324e-02 -1.563575e-02 
-1.512444e+00 -6.702763e+00 -8.254921e+00 -7.053869e-01 4.559287e+00 4.447578e-01 8.276772e+00 2.107550e+00 -2.103751e+00 3.404496e-01 -2.040324e+00 -7.327037e-01 -6.111515e-02 -1.028973e+00 2.380774e-01 -4.795784e-01 -1.603440e-02 1.112279e+00 6.886553e-01 1.209867e+00 -6.126225e-01 5.615989e-01 2.226795e-01 -8.207664e-01 5.618057e-01 -1.432154e-02 
-4.066197e+00 -6.755233e+00 -7.631880e+00 -1.489367e+00 6.903952e+00 5.464235e+00 9.555484e+00 3.389927e+00 9.663594e-01 -2.235744e+00 -8.574724e-02 4.675248e+00 -8.035934e-02 -7.496985e-01 1.355847e+00 -5.949290e-01 -8.458425e-01 -1.352956e-02 -3.334878e-01 1.563779e-01 -2.232206e-01 1.693763e+00 1.568658e+00 -9.250698e-02 3.269492e-01 -6.447482e-03 
-4.742014e+00 -4.750243e+00 -1.018223e+01 -2.535975e+00 5.987123e+00 6.698872e+00 1.338599e+01 8.817255e-01 7.375499e+00 4.528702e+00 1.440814e+00 4.461267e+00 -1.016418e-01 -6.485515e-01 2.550967e+00 1.243663e+00 -2.066479e-01 -5.275696e-01 -3.137961e-01 -7.124916e-01 -5.554368e-01 1.266608e+00 2.022512e+00 6.100394e-01 -3.193212e-01 -7.930255e-03 
-4.736521e+00 3.177857e-01 -7.895577e+00 -4.385622e+00 3.630117e+00 1.039079e+00 6.991750e+00 5.261240e-01 3.258854e+00 1.927185e+00 3.892901e-01 3.646626e+00 -7.105768e-02 9.726469e-01 3.048976e+00 2.317268e+00 -1.558143e-01 -1.742199e+00 -1.442754e-01 -1.080540e+00 -1.709734e-01 7.855091e-02 7.012639e-01 6.897391e-01 -9.498612e-01 3.641975e-03 
-4.420040e+00 2.515563e+00 -1.904757e+00 -2.904987e-01 3.558357e+00 1.088355e+00 5.996180e+00 7.622676e-01 3.083042e+00 8.371546e+00 7.723542e-01 -1.814998e+00 -1.054173e-01 8.478942e-01 2.037130e+00 2.661230e+00 -1.428332e-01 -1.413611e+00 1.269003e-01 -8.867283e-01 5.473759e-02 -5.818633e-01 -7.749274e-01 4.284706e-01 -2.549033e-01 2.771270e-03 
6.360502e-01 4.856744e+00 -1.842759e-01 -3.391177e+00 -5.926590e-01 7.548117e+00 7.847685e+00 2.594789e+00 3.505342e+00 -6.508462e-01 3.697178e+00 3.064075e+00 -6.026173e-02 -4.855964e-01 -8.242168e-02 1.296843e+00 6.708258e-01 1.415404e+00 1.873443e+00 2.953328e-01 -5.230243e-01 1.328881e-01 -7.465654e-01 4.177978e-01 -4.317814e-01 -8.809936e-03 
-3.188828e+00 3.165926e+00 -7.317320e-01 -3.747364e+00 1.030458e+00 4.078855e+00 8.524376e+00 1.210810e-01 4.342938e+00 1.943080e+00 1.929223e+00 3.478026e+00 -9.318340e-02 -2.006712e+00 -1.013312e+00 -7.976031e-02 9.561090e-01 2.273935e+00 1.608771e+00 4.115776e-01 3.522963e-01 4.991086e-01 -9.962333e-01 4.725206e-01 6.277557e-02 7.147467e-03 
-7.780108e+00 -4.195042e-01 -1.997873e+00 6.969397e-01 1.197108e+01 8.911042e+00 7.204316e+00 -1.768404e+00 3.293346e+00 1.408592e+00 1.899845e+00 -1.158794e+00 -1.212243e-01 -3.472326e+00 -3.938005e-01 -8.585665e-02 1.236315e+00 2.333981e+00 7.338657e-01 -1.714454e+00 1.019818e+00 1.306571e+00 5.501083e-01 6.565827e-01 -4.020848e-01 4.903346e-02 
-1.024552e+01 8.712578e-02 -1.396760e+00 2.445988e+00 8.646157e+00 8.450746e+00 8.375752e+00 4.705346e+00 5.684583e+00 2.360660e+00 4.033624e+00 6.103141e-01 -3.919864e-02 -9.855978e-01 9.561865e-01 1.508489e-01 8.418306e-01 9.665514e-01 1.128443e-01 -2.072808e+00 8.166563e-01 2.505386e-01 -5.264195e-01 -1.210877e+00 -5.165838e-01 3.814036e-02 
-1.319723e+01 4.427142e+00 -2.810452e-01 -3.062763e-01 7.269396e+00 9.031500e+00 -6.502752e-01 5.401748e+00 9.367374e+00 1.890905e+00 5.927891e+00 2.487507e+00 1.579132e-01 1.058562e+00 2.211475e-01 -5.395063e-01 -1.724109e-01 -1.147860e+00 -1.700799e+00 -9.832449e-01 -2.328311e-01 -7.638472e-01 5.857955e-01 -1.186298e+00 -1.540166e+00 1.569011e-02 
-5.408256e+00 5.523535e+00 -8.359014e-01 9.633970e-01 8.214060e+00 4.582848e+00 2.087634e+00 6.192863e-01 2.558617e+00 -9.301736e-01 -6.139186e+00 -9.280435e-01 -4.205036e-02 2.057133e+00 -5.402860e-01 -1.144813e+00 -1.030528e+00 -5.149101e-01 -2.662270e+00 5.176570e-01 -9.011003e-01 -1.899999e+00 9.827304e-02 -1.307788e+00 -1.946096e+00 -1.203218e-02 
-4.905932e+00 -2.031971e+00 -4.975833e+00 5.761807e-01 6.447834e+00 2.340997e+00 5.432151e+00 -8.895299e-01 1.037094e+00 5.982986e+00 1.054759e+00 -8.090446e+00 -4.134786e-02 2.021021e+00 -1.404464e+00 -8.995569e-01 2.629426e-01 3.695104e-01 -1.490090e+00 3.158267e+00 -1.008805e-01 -1.363364e+00 -3.449089e-01 -7.915704e-01 -9.746706e-01 -3.900786e-02 
-4.105507e+00 6.152523e-01 -4.773430e+00 -3.147881e+00 6.482388e+00 -1.515351e+00 7.922825e+00 3.345483e+00 3.497300e-01 8.059850e-01 -6.874967e-02 -3.831190e+00 2.710223e-04 2.156953e-01 -6.552324e-01 7.424239e-02 4.929491e-01 -3.895881e-01 4.687374e-02 2.520127e+00 -6.304274e-02 -4.897692e-01 -1.606123e+00 9.379166e-01 9.043974e-01 -2.003622e-02 
-3.743502e+00 -1.410353e-01 -2.810065e+00 3.064076e+00 9.982783e+00 4.630152e+00 1.222346e+01 3.534247e+00 3.654998e+00 -7.017188e-01 -1.065179e+00 -9.342725e-01 -5.828679e-02 -6.425014e-01 2.441085e-01 1.225731e+00 1.300447e+00 8.807214e-01 2.098028e+00 1.506601e+00 -5.128293e-02 -5.306564e-02 -1.670979e+00 -2.336693e-01 2.689023e+00 -3.051112e-02 
-4.910995e+00 1.301905e+00 -1.547574e+00 2.184195e+00 4.498644e+00 3.672639e+00 1.129261e+01 -1.907816e+00 -1.199181e+00 -5.618434e+00 -3.896341e-01 1.585704e-02 -1.337620e-01 -1.310513e+00 -5.462947e-01 3.824362e-01 1.348588e+00 6.881064e-01 1.978514e+00 5.318037e-01 -1.101699e-01 6.876954e-01 6.522009e-01 7.960018e-01 2.013016e+00 -2.892417e-02 
-7.715695e+00 -1.154755e+00 -4.601084e-01 4.412379e+00 1.184331e+01 1.023714e+01 1.128026e+01 1.480705e+00 1.546221e+00 8.403029e-01 4.685462e-02 3.431150e+00 -1.268870e-01 -6.886234e-01 -2.421187e+00 -4.733710e-01 -1.927736e+00 -7.580994e-01 -1.296906e-02 -1.378065e+00 9.216139e-01 1.090726e+00 1.732457e+00 1.740453e+00 2.281902e-01 1.053875e-01 
-8.671975e+00 -1.609361e+00 -4.036227e+00 2.920905e+00 8.992656e+00 5.573723e+00 1.105345e+01 3.821404e+00 4.842596e+00 3.295979e+00 3.355242e+00 4.051181e+00 -1.100497e-01 -9.711885e-01 -1.905666e+00 -1.804805e+00 -3.673812e+00 -1.684632e+00 -9.776545e-01 -1.802844e+00 2.625260e+00 1.435550e+00 1.975601e+00 1.308154e+00 -1.660982e-01 2.686681e-01 
-5.306129e+00 -1.079134e+01 -3.932593e+00 -6.942957e+00 3.945281e+00 3.614764e+00 5.452723e+00 5.277706e+00 6.087738e+00 3.503359e+00 5.764648e+00 -1.810983e+00 4.567946e-01 -1.996208e+00 1.358686e+00 -6.356532e-01 -4.964458e+00 -3.418044e+00 -3.286388e+00 -2.415709e+00 2.041748e+00 -5.235278e-01 1.487947e-01 1.360753e+00 -4.262420e-01 3.281561e-01 
-1.097172e+01 -3.408133e+00 -8.835358e+00 -1.050720e+01 2.450180e-02 2.095556e+00 5.192159e+00 9.319984e+00 3.707811e+00 2.928041e+00 3.292238e+00 1.806433e+00 9.177376e-01 -2.705654e+00 2.702957e+00 1.301530e+00 -3.533847e+00 -1.435065e+00 -1.971451e+00 -2.134214e+00 1.614681e+00 -1.443960e+00 -8.822015e-01 8.227075e-01 -9.611305e-01 2.724158e-01 
-1.654686e+01 6.538060e+00 -1.238809e+00 -1.369586e+01 -7.628317e-01 -4.455714e+00 2.132356e+00 8.940152e+00 -5.040255e-01 1.768245e+00 6.882122e+00 2.422315e+00 1.000000e+00 -2.074075e+00 2.492750e+00 3.471872e+00 -1.387587e-02 -4.245416e-01 -6.980281e-01 2.051411e-01 -8.209593e-01 -1.378736e+00 -1.023143e+00 4.269417e-01 1.725461e-01 9.197445e-02 
-1.657988e+01 3.240724e+00 1.124529e+00 -1.137188e+01 4.171387e+00 -2.482948e-01 2.042559e+00 1.006359e+01 9.186780e-01 -2.474723e-01 6.910043e+00 -2.871121e+00 9.804266e-01 6.600674e-01 -9.739128e-01 3.248568e+00 8.209214e-01 -6.649469e-01 -3.647837e-01 -4.095874e-02 -2.518126e+00 3.405389e-01 -4.666733e-01 1.412436e+00 2.627262e-01 -2.583374e-02 
-1.287242e+01 -1.652017e+00 8.446821e+00 -6.579995e+00 -2.508702e-01 1.296549e+00 8.053228e+00 8.011079e-01 5.886216e-01 -2.459908e-02 6.090454e+00 1.390525e+00 8.853224e-01 2.617753e+00 -2.750520e+00 4.382688e-01 1.004820e+00 -1.473336e+00 7.230828e-01 -1.494416e-01 -3.893754e+00 -1.677610e-01 -6.932318e-01 2.988843e-01 4.546552e-01 -6.404313e-02 
-9.508605e+00 -4.182659e+00 2.564664e+00 -9.960524e+00 -3.556213e+00 -2.604494e+00 2.026929e+00 7.988765e-01 4.864182e+00 1.491097e+00 1.075025e+01 3.635959e+00 8.459077e-01 2.784370e+00 -1.412366e+00 -1.043620e+00 5.539628e-01 -1.842119e+00 -3.531274e-01 -7.190476e-01 -2.332371e+00 -1.226136e+00 -8.844894e-01 -9.558533e-01 7.551512e-01 -7.770690e-02 
-6.993737e+00 -3.502849e+00 2.324674e-01 -9.377434e+00 -4.265709e+00 3.378002e-01 1.392963e+00 -5.896260e+00 -3.315582e+00 -2.567198e+00 6.456440e+00 1.442051e+00 7.470438e-01 2.158821e+00 -6.548198e-01 -1.414887e+00 8.658199e-01 2.412151e-01 1.392372e-01 -2.411885e-01 8.049501e-01 -1.386552e+00 -2.218179e+00 -1.777567e+00 1.796870e-01 -6.969751e-02 
-5.597369e+00 -2.895692e+00 1.360798e-02 -7.203349e+00 -3.031788e+00 -1.534558e+00 1.777454e+00 1.750416e+00 -3.259901e+00 -3.398620e+00 1.947784e+00 8.788718e-01 6.610314e-01 1.975466e+00 -4.384204e-01 9.478700e-01 2.387821e+00 -2.733542e-01 2.847150e-01 2.783369e+00 2.669570e+00 -8.123242e-01 -1.327968e+00 -2.098104e+00 -4.779938e-01 -6.662888e-02 
-4.033937e+00 -5.569600e+00 2.647912e+00 -3.629483e+00 6.929927e-01 1.457767e+00 6.972024e+00 4.350088e+00 -2.282098e+00 -8.670633e+00 1.603853e+00 3.667503e+00 6.292729e-01 2.737387e+00 3.360253e-01 2.600692e+00 2.311272e+00 -2.450644e+00 -1.070004e+00 8.242785e-01 9.304549e-01 -2.034639e+00 1.024404e+00 -2.557182e+00 -8.286663e-01 -3.634671e-02 
-1.111173e+00 -5.341386e+00 6.096292e+00 -8.953952e-01 -7.402335e+00 -1.740902e+00 1.315424e+01 9.023554e+00 2.858186e-01 -2.097028e+00 2.686022e+00 1.332639e-01 5.716487e-01 3.501593e+00 4.410347e-01 2.416235e+00 1.090959e+00 -3.970294e+00 -1.457147e+00 -2.445256e+00 -2.137254e+00 -3.262442e+00 1.399080e+00 -3.726234e+00 -1.018833e+00 1.242088e-02 
4.450098e+00 -5.998758e-01 1.019459e+01 -9.750516e-01 -1.433365e+01 -4.909047e+00 -1.740398e-01 -4.880555e+00 -1.526163e+01 1.904027e+00 -6.698588e+00 -2.328477e+00 6.100016e-01 3.288998e+00 5.785955e-01 1.140088e+00 2.756390e-01 -3.954652e+00 -2.277428e+00 -5.644802e+00 -2.098530e+00 -3.917603e+00 7.715337e-01 -3.174605e+00 -9.114486e-01 4.453778e-02 
7.668576e+00 -3.175380e+00 8.321445e+00 -3.075771e+00 -1.536993e+01 -5.636888e+00 -6.875795e+00 -4.320531e+00 -1.308234e+01 -1.690551e+00 -1.253217e+01 -1.217304e+00 7.327715e-01 2.279490e+00 -8.372755e-02 2.175949e-01 -1.889523e-01 -1.428169e+00 -1.176540e+00 -6.893811e+00 -9.367834e-01 -2.898868e+00 -8.243780e-01 -1.348247e+00 1.249805e-01 6.096811e-02 
8.021182e+00 -3.759625e+00 7.235776e+00 -1.161100e+00 -1.509647e+01 -7.981380e+00 -1.123697e+01 5.294831e-01 -1.518604e+01 -5.016203e+00 -6.660079e+00 -2.144555e-01 7.714005e-01 8.678412e-01 -7.055548e-01 -6.838824e-01 -3.105085e-01 8.581179e-01 -8.956358e-01 -4.233899e+00 2.073972e+00 2.623667e-01 -1.301024e+00 1.232767e+00 8.511842e-01 4.354098e-02 
8.500736e+00 -4.180149e+00 8.663671e+00 -1.747132e+00 -1.416177e+01 -6.087433e+00 -1.578335e+01 1.634618e+00 -1.424632e+01 -2.758803e+00 -4.074467e+00 -2.988440e-01 7.957898e-01 2.625642e-01 -3.823567e-01 -1.429619e-01 -3.832726e-01 1.266055e+00 -4.069608e-01 -2.333641e+00 1.303573e+00 1.410273e-01 -1.545366e-01 1.838207e+00 3.324630e-01 1.470011e-02 
8.373224e+00 -3.625266e+00 6.604062e+00 -3.191913e+00 -1.064715e+01 -9.161953e+00 -1.688976e+01 2.511730e+00 -1.336781e+01 -4.066965e+00 -4.763601e+00 1.468215e+00 7.961973e-01 2.582145e-01 -3.603764e-01 -1.600765e-01 -8.366542e-01 1.204865e+00 5.981516e-01 -1.378325e+00 8.535128e-01 7.181848e-01 9.812069e-03 8.551944e-01 -4.949032e-01 3.002167e-03 
8.805376e+00 -5.154344e+00 7.922493e+00 -3.976727e+00 -1.126432e+01 -7.081406e+00 -1.571760e+01 1.206208e+00 -1.328632e+01 -2.937853e+00 -4.289371e+00 -3.963248e-01 7.938737e-01 8.511819e-02 -2.665858e-01 -6.841255e-01 1.677978e-03 7.346819e-01 3.727733e-01 -4.410850e-01 1.046225e+00 7.760342e-01 -8.966781e-01 9.249820e-01 -9.103985e-01 -4.683363e-03 
9.159935e+00 -5.074409e+00 6.805983e+00 -4.229573e+00 -1.052087e+01 -4.493636e+00 -1.816146e+01 5.011252e+00 -1.207511e+01 -4.877617e+00 -2.276655e+00 -2.640231e+00 7.873694e-01 -5.496978e-02 4.238587e-02 -8.009487e-01 9.956476e-01 -9.847565e-02 7.716494e-01 2.536898e-01 1.257409e+00 4.124613e-01 -2.486338e-01 9.922949e-01 -1.020489e+00 -8.502525e-03 
8.532972e+00 -4.788507e+00 5.142084e+00 -1.219912e+00 -1.055150e+01 -6.557725e+00 -1.735292e+01 5.615983e+00 -1.101250e+01 -6.836867e+00 -6.930301e-01 -2.796613e+00 7.767870e-01 -1.232749e-02 5.886540e-01 -1.235231e+00 1.198167e+00 1.281323e-01 -1.231679e-01 8.102179e-01 1.042270e+00 8.978558e-01 -3.471856e-01 7.455676e-01 1.564870e-01 -1.079130e-02 
8.234577e+00 -3.596255e+00 3.989523e+00 4.079173e-01 -1.149594e+01 -5.565547e+00 -1.480365e+01 6.593887e+00 -1.244241e+01 -3.360627e+00 -1.600297e+00 -2.434087e+00 7.622280e-01 1.800030e-01 5.838612e-01 -7.913131e-01 1.152854e+00 -3.091877e-01 -2.577019e-03 1.299549e+00 2.972104e-01 1.168888e+00 4.261795e-01 7.978821e-01 1.019336e+00 -1.175041e-02 
9.206417e+00 -2.950150e+00 3.154566e+00 -3.046377e-01 -1.013613e+01 -7.161290e+00 -1.334542e+01 5.626243e+00 -8.613388e+00 -5.432277e+00 -8.997114e-01 2.830384e-01 7.524878e-01 3.234064e-01 4.882072e-01 -2.759737e-01 5.554518e-01 -3.696375e-01 3.227735e-01 9.637855e-01 -1.364774e-01 1.013707e+00 1.269600e+00 7.378042e-01 1.611218e+00 -1.134183e-02 
9.723228e+00 -3.074281e+00 3.843176e+00 1.077059e+00 -1.227450e+01 -4.204739e+00 -1.366747e+01 6.492174e+00 -7.430231e+00 -3.449015e+00 1.816096e+00 9.166235e-01 7.407669e-01 3.113714e-01 1.758693e-01 1.289154e-01 2.389599e-01 1.414862e-01 -8.102560e-03 5.455639e-01 -3.529536e-01 7.429904e-01 1.497695e+00 1.228833e+00 1.494722e+00 -1.118270e-02 
9.405679e+00 -2.608458e+00 3.835389e+00 1.222775e+00 -1.201040e+01 -5.624261e+00 -1.310208e+01 4.984453e+00 -8.450056e+00 -4.446733e-01 1.287794e+00 3.584123e+00 7.308084e-01 1.637003e-01 1.094934e-01 1.162478e-01 5.455878e-01 -7.846174e-02 -1.546617e-01 1.033203e+00 -8.394033e-01 -5.696024e-01 2.801764e+00 3.713033e-01 1.183461e+00 -1.134434e-02 
9.691803e+00 -2.887755e+00 4.293688e+00 8.390102e-01 -9.851368e+00 -6.374574e+00 -1.219750e+01 5.150014e+00 -8.809128e+00 1.634045e+00 3.450114e+00 3.388982e+00 7.171543e-01 3.475267e-01 -1.957334e-02 7.375360e-02 4.820689e-01 -8.055439e-02 -8.445783e-02 9.502533e-01 -1.498897e+00 3.041554e-03 1.946017e+00 -3.244022e-01 1.062234e+00 -1.090452e-02 
1.004063e+01 -2.495946e+00 3.510549e+00 2.542326e+00 -1.174000e+01 -6.849681e+00 -8.914385e+00 2.100307e+00 -1.077195e+01 6.035013e+00 1.397964e-01 4.964166e+00 7.075725e-01 3.444243e-01 -8.168391e-02 4.205083e-01 1.560623e-01 -1.322097e-01 4.243916e-01 6.837539e-02 -1.102830e+00 7.149127e-01 5.197191e-01 -3.312016e-01 1.077465e+00 -7.986462e-03 
1.114338e+01 -3.228404e+00 4.374364e+00 2.827628e+00 -1.281247e+01 -4.014318e+00 -1.101005e+01 4.397609e-01 -6.254075e+00 3.041227e+00 7.680842e-01 5.537773e+00 6.978623e-01 2.781735e-01 2.439588e-01 4.202862e-01 1.229742e-01 -5.583731e-01 7.335688e-01 -3.395174e-01 -1.246114e+00 9.049741e-01 -3.356602e-01 -2.841381e-01 1.102709e+00 -7.035732e-03 
1.040201e+01 -2.846553e+00 5.897593e+00 1.008778e+00 -1.119090e+01 -4.682431e+00 -1.335393e+01 1.825429e+00 -6.153018e+00 1.450332e+00 9.728011e-01 7.897051e+00 7.005221e-01 1.104820e-01 8.402399e-01 2.772483e-01 -1.214976e-02 1.091824e-02 5.897826e-01 -1.297119e+00 -7.988582e-02 7.143539e-01 -9.074933e-01 3.380554e-01 1.033168e+00 -8.524376e-03 
1.090198e+01 -1.492658e+00 5.201597e+00 2.220655e+00 -1.291778e+01 -3.790354e+00 -1.167531e+01 -9.431164e-01 -6.593724e+00 2.248085e+00 1.612920e+00 7.436084e+00 6.855008e-01 -1.358249e-01 1.595589e+00 -3.917179e-02 1.195914e-01 2.444058e-02 8.639641e-02 -9.194750e-01 2.764953e-01 7.915811e-02 -5.149258e-01 4.165472e-01 4.833589e-01 -1.410832e-02 
1.071374e+01 8.373802e-01 4.483173e+00 2.785064e+00 -1.163275e+01 -4.012750e+00 -1.506735e+01 2.392316e+00 -7.030358e+00 1.894118e+00 1.407655e+00 9.180848e+00 6.711313e-01 -4.922664e-03 1.716838e+00 2.815822e-01 5.891529e-01 -9.919771e-01 7.145165e-01 -2.390156e-01 -4.325671e-01 7.142452e-01 -4.297608e-01 8.180847e-01 -8.621795e-01 -2.369149e-02 
1.030839e+01 2.907578e+00 4.885715e+00 2.537442e+00 -1.246934e+01 -3.917177e+00 -1.475072e+01 1.538794e+00 -5.419614e+00 2.447047e-01 2.633393e+00 7.312668e+00 6.420161e-01 6.454406e-02 1.385853e+00 6.290061e-01 9.502643e-01 -1.146734e+00 5.961182e-01 -2.054291e-02 -2.674896e-01 9.953781e-01 -9.904776e-01 1.249006e+00 -6.050538e-01 -3.005164e-02 
1.067419e+01 3.537517e+00 7.463445e+00 3.796149e+00 -1.637501e+01 -1.046437e+00 -1.301131e+01 -1.578362e+00 -3.168847e+00 3.032174e-01 4.552989e+00 3.647862e+00 6.038070e-01 1.048149e-01 7.317289e-01 1.300964e+00 1.499430e+00 -1.285104e+00 1.101938e-01 1.014905e+00 -2.093099e-01 4.481063e-01 -8.508825e-01 8.108394e-01 -1.161948e-01 -3.719795e-02 
1.124448e+01 4.086536e+00 6.856492e+00 6.466434e+00 -1.628032e+01 -2.292919e+00 -1.280605e+01 -2.952255e-01 -3.547588e+00 -1.908853e+00 6.285281e+00 7.177309e+00 5.689048e-01 1.247466e-02 6.930743e-01 5.127632e-01 1.055758e+00 -3.469595e-01 9.891172e-02 1.658550e+00 -1.025781e+00 8.606712e-01 -3.995609e-02 -6.352951e-02 7.943535e-02 -4.279408e-02 
1.076978e+01 3.906545e+00 1.000261e+01 8.317718e+00 -1.615278e+01 -4.273909e+00 -1.096516e+01 2.262777e+00 -5.725839e+00 -1.283516e+00 3.635908e+00 8.667554e+00 5.216972e-01 -6.208434e-01 7.173709e-01 -7.963215e-01 5.503616e-01 2.030517e+00 -1.837877e-01 2.173661e+00 -7.075394e-01 1.544913e+00 -4.889589e-01 -3.098601e-01 1.255707e-01 -4.722478e-02 
1.032297e+01 6.188435e+00 6.179950e+00 5.555446e+00 -1.431525e+01 -1.808882e+00 -7.481041e+00 -5.510680e+00 1.622376e-01 8.382912e-01 2.774286e+00 5.199999e+00 4.691005e-01 -5.676478e-01 6.422415e-02 -7.224229e-01 4.400574e-01 2.699465e+00 1.299777e+00 1.389924e+00 -2.563286e-03 2.951034e+00 -3.142739e-01 -1.022807e+00 -6.375391e-01 -4.228479e-02 
8.030725e+00 6.073422e+00 3.820108e+00 7.003451e+00 -7.204959e+00 -2.207394e+00 -4.805507e+00 -2.508332e+00 2.700805e+00 -3.515149e+00 4.759186e+00 5.264370e+00 4.175852e-01 -2.092014e-01 -3.086561e-01 -9.290472e-01 3.834271e-01 3.198223e+00 1.358750e+00 1.225465e+00 1.255880e+00 3.951749e+00 -3.590915e-01 -1.660019e+00 -1.538898e+00 -3.856158e-02 
9.775764e+00 3.324219e+00 6.335627e+00 9.323854e+00 -7.256907e+00 3.172709e+00 -8.936255e+00 2.077512e+00 6.994258e+00 -2.364406e+00 6.096063e-01 5.691205e+00 4.095368e-01 -4.469416e-02 -3.387837e-01 -4.406573e-01 2.010293e-01 3.666988e+00 6.834949e-01 2.533735e-01 1.482390e+00 3.500436e+00 1.380762e+00 -1.827372e+00 -1.754728e+00 -4.346052e-02 
9.997374e+00 3.795373e+00 5.279532e+00 8.350649e+00 -3.690839e+00 2.904278e-02 -4.110229e+00 4.748079e+00 1.061690e+01 -1.477625e+00 -3.581845e+00 7.274604e-01 3.586712e-01 -5.631847e-01 4.795439e-01 -9.351462e-01 -6.855704e-01 3.283591e+00 -5.342629e-02 1.794200e+00 -5.876659e-01 1.197993e+00 1.333166e+00 -1.074029e+00 -2.813043e+00 -5.297707e-02 
9.116179e+00 5.633541e+00 3.246952e+00 5.886993e+00 2.262631e+00 4.903734e-01 -6.561812e+00 -1.726936e+00 1.370637e+01 6.723341e+00 -2.192056e+00 -1.305188e+00 2.812549e-01 -2.214641e+00 1.057488e+00 -1.109178e+00 -8.483920e-01 2.719629e+00 -1.098199e+00 4.106611e+00 -1.989025e+00 -1.973188e+00 -6.034458e-01 5.798758e-01 -3.162846e+00 -6.175835e-02 
5.544593e+00 7.316480e+00 6.887155e-01 5.294030e+00 4.453226e+00 -1.133358e+00 2.978271e+00 -3.544437e+00 5.334713e+00 -1.393192e+00 7.898702e-01 -5.302647e+00 2.168408e-01 -1.796037e+00 5.614094e-01 -1.713138e+00 -1.524668e+00 2.384165e+00 2.284965e-01 3.013445e+00 -1.999411e+00 -2.594820e+00 2.131252e-02 1.268087e+00 -1.931235e+00 -8.453313e-02 
9.289474e-01 6.851103e+00 3.085144e+00 6.610204e+00 2.269203e+00 -1.737088e+00 8.052547e+00 -3.721352e+00 -2.305923e-01 -5.423851e+00 1.323128e+00 -7.107970e+00 1.716603e-01 -1.828127e+00 -1.312399e-02 -2.816087e+00 -1.642847e+00 5.945025e-02 1.966865e+00 1.736258e+00 -2.414686e-02 -3.428350e+00 -1.833691e-01 1.053109e+00 -5.656283e-01 -5.773903e-02 
5.110805e+00 5.993639e+00 -3.205253e+00 3.657041e-01 8.226698e+00 2.285256e+00 3.649816e+00 -4.251767e+00 4.611275e+00 4.702533e+00 1.000997e+00 -6.027321e+00 -9.197116e-03 -2.657074e+00 -1.325560e-01 -3.494154e+00 -1.601260e+00 -1.077780e+00 2.665064e+00 -1.032104e+00 1.856996e+00 -1.043162e+00 1.676100e+00 1.056292e+00 -2.030446e-01 1.515422e-02 
1.924400e-01 6.229342e+00 -8.886501e+00 1.369209e-01 6.731462e-01 8.615394e+00 1.783707e+00 -1.494005e+00 -3.073657e+00 2.758633e+00 2.967928e+00 -3.770992e+00 1.055788e-01 -1.841415e+00 -8.865802e-01 -2.164713e+00 -1.049388e+00 -9.359503e-02 1.693076e+00 -1.503435e+00 1.034879e+00 1.128262e+00 3.242985e+00 1.271600e+00 1.591523e+00 -8.951455e-03 
-7.372523e+00 6.964581e+00 -1.079623e+01 5.243740e-01 -1.376457e-01 7.015720e+00 9.521685e-01 4.626867e+00 1.540433e+00 2.896064e+00 5.248931e+00 -7.986359e+00 3.256527e-01 -1.080629e+00 -1.092373e+00 4.617344e-01 4.123441e-01 9.253519e-01 3.921766e-02 -1.956011e-01 -8.471734e-01 1.458238e+00 5.384358e-01 6.174131e-02 7.445073e-01 -2.910258e-02 
-2.036464e+00 1.932731e+00 -3.942932e+00 1.283928e+00 5.983400e+00 4.363062e+00 1.884196e+00 -2.986276e+00 6.946138e+00 1.169431e+01 5.557158e+00 1.829166e+00 -4.052186e-02 9.346189e-01 -1.746616e+00 2.237648e+00 -3.114629e-03 8.272605e-01 -2.478512e+00 -1.031990e-02 -2.244251e+00 1.601230e+00 5.741411e-01 -6.727313e-01 4.429864e-01 -7.699780e-02 
8.221140e-01 2.680081e+00 -3.368366e+00 1.853921e+00 1.019833e+01 4.607510e+00 2.621566e+00 -7.741499e+00 6.892570e+00 2.926875e+00 1.508796e-02 -5.104864e+00 -8.165967e-02 1.946477e+00 -1.086546e+00 2.082319e+00 2.614989e-01 5.588592e-01 -2.272352e+00 -6.813545e-01 -1.968127e+00 -1.467300e-01 5.473679e-01 -9.051242e-01 6.254479e-01 -8.378556e-02 
7.682161e-01 -3.614873e-01 -1.412195e+00 -5.434258e-01 -3.585396e-01 -2.573062e+00 8.974085e-01 -6.531078e+00 2.256426e+00 5.613933e+00 2.221193e+00 -2.996807e+00 -7.575405e-02 3.795272e-01 3.432362e-01 4.423925e-01 -2.552899e-01 3.186856e-01 8.547959e-01 1.858187e-02 5.911160e-01 -4.921204e-01 -1.142975e+00 -1.726541e-01 6.468634e-02 -6.481874e-03 
9.575214e-01 2.678961e+00 -1.650007e+00 2.745545e+00 5.827621e+00 -8.779753e-01 -1.961210e+00 -3.441368e+00 3.151639e+00 8.673092e+00 2.391293e+00 -2.446132e+00 -7.565904e-02 -5.929515e-01 2.150483e-01 -5.825291e-01 1.021113e-01 8.356438e-01 1.392426e+00 6.363101e-02 1.945680e+00 -3.158312e-02 -5.771539e-01 -2.071949e-01 9.478827e-01 2.436054e-03 
-2.065315e-01 3.649472e+00 -2.590149e+00 -4.383340e-01 9.762183e+00 1.137978e+01 4.268493e+00 -2.180761e+00 6.356002e+00 3.106325e+00 3.505785e+00 8.232318e-01 -7.593155e-02 -1.135708e+00 6.202313e-01 -4.058701e-01 4.760317e-01 2.398888e+00 1.858171e+00 6.452273e-01 1.235381e+00 1.539417e+00 -1.314438e+00 -1.362066e+00 3.476872e-01 -7.105815e-03 
-1.655270e+00 1.749843e+00 -5.692034e+00 2.311932e+00 9.316188e+00 4.593215e+00 1.254179e+00 -1.882560e-01 4.684866e+00 1.294909e+00 -1.663183e+00 -2.275470e+00 -6.939065e-02 -7.009583e-01 -4.223884e-01 4.406061e-01 -2.159302e-02 -5.012175e-01 3.793056e-01 1.051812e+00 -1.191275e-01 -1.292193e-01 -1.302993e+00 -1.475394e+00 1.853576e-01 -4.782796e-03 
-3.603930e+00 3.204228e+00 -1.420532e+00 2.053540e+00 9.891616e+00 3.982196e+00 2.515851e+00 -1.980727e+00 9.186895e+00 2.730836e+00 -2.561899e+00 -1.343702e+00 -1.144173e-01 -7.144537e-02 -5.743576e-01 8.105744e-01 2.381990e-01 -2.002358e+00 -1.829348e+00 2.555643e-01 -1.527295e+00 -1.528378e+00 -4.506178e-01 -1.956540e+00 -1.282972e-01 -7.430470e-03 
-8.485708e-01 7.896409e-01 -3.178453e-02 1.391643e+00 3.256817e+00 4.717347e+00 4.174170e+00 -4.137023e+00 1.090096e+00 2.345872e+00 -1.951836e+00 -4.358769e-01 -8.033013e-02 2.042776e-01 -2.364511e-01 1.023617e+00 -1.178787e+00 -3.192754e+00 -1.446166e+00 1.111131e+00 -1.420519e+00 -2.582024e+00 -1.073457e+00 -5.703359e-01 -1.750339e-01 -4.147494e-03 
-9.671078e-01 1.257785e+00 -1.367402e+00 1.212805e+00 2.780079e+00 2.170978e+00 4.086318e+00 -7.842852e+00 5.114970e-01 3.277550e-01 -6.132586e+00 -7.380508e-01 -1.076142e-01 4.654522e-02 6.883284e-01 3.550263e-01 -5.893834e-01 -1.669249e+00 -1.174229e+00 5.823958e-03 -7.612551e-01 -3.344337e+00 -2.201608e+00 -1.072379e+00 -1.441065e+00 2.631426e-04 
-1.952292e+00 1.540809e+00 -6.005129e-01 -3.161637e+00 -3.091813e+00 -1.732007e+00 6.024602e+00 -4.359786e+00 -3.887558e+00 -2.870833e+00 -2.729519e+00 -3.453465e+00 -9.352970e-02 -9.416822e-01 1.236567e+00 7.790000e-01 3.579013e-01 2.390800e+00 4.931892e-01 4.672439e-01 1.210877e-01 -9.616003e-01 -1.454499e+00 -2.025838e+00 -2.818460e+00 -5.882943e-03 
-2.819343e+00 6.270286e+00 6.389642e-01 1.383262e+00 4.719689e+00 1.335726e+00 1.619754e+00 -5.675621e+00 -5.045964e+00 -5.668853e+00 -7.534954e+00 -7.040235e+00 -1.065018e-01 -6.927956e-01 1.001826e+00 7.517818e-01 9.811434e-01 2.297065e+00 3.256044e-01 -5.726932e-01 1.798359e-01 6.315376e-01 6.802540e-01 -2.047362e-01 -2.417194e+00 -2.983260e-03 
-4.630864e+00 4.466227e+00 2.860033e+00 3.095921e+00 1.424101e+01 7.600918e+00 7.743671e+00 -4.615200e+00 -9.391751e-01 -1.928319e+00 -1.137984e+01 -1.137708e+01 -1.103010e-01 -2.468491e-01 5.193539e-01 1.173805e-01 4.436695e-01 1.555360e+00 -2.367669e-01 -3.820513e-01 -6.993537e-02 1.814095e+00 7.310784e-01 -4.348443e-01 5.665233e-02 -5.447650e-03 
-3.091800e+00 4.804204e+00 6.612349e-01 2.989743e+00 5.598991e+00 -8.674628e-01 3.633180e-01 -6.815966e+00 2.194994e+00 3.257768e+00 -2.831106e+00 -8.862211e+00 -1.141448e-01 3.663170e-01 -9.183884e-05 8.401608e-02 -6.247667e-01 -6.046090e-01 -1.072041e+00 7.816932e-01 1.143900e+00 1.613925e+00 6.898157e-01 1.595304e+00 1.198655e+00 -4.978657e-03 
-3.050309e+00 4.870620e+00 -2.474594e-02 -1.746529e+00 4.245334e+00 -1.814247e+00 4.742564e+00 -4.139290e+00 1.562438e+00 -3.678751e+00 -7.255665e+00 -2.259216e+00 -1.169465e-01 3.940674e-01 -2.293467e-01 -2.019351e-01 -5.777732e-01 -1.337783e+00 -1.516497e+00 4.027696e-02 6.230145e-01 -1.165201e+00 -1.049828e+00 1.971397e+00 2.055772e+00 -6.646383e-03 
-1.778035e+00 6.067630e+00 2.501434e+00 6.806540e-01 6.694482e+00 6.831061e-01 7.028774e+00 -1.940738e-01 1.772856e+00 -1.344558e+00 -1.620523e+00 -5.605896e+00 -1.280724e-01 -4.283090e-01 -1.070249e+00 -7.725762e-01 -7.630454e-01 1.616848e-01 2.423000e-01 1.207986e+00 8.922464e-01 -4.743145e-01 -8.983129e-01 -4.345098e-01 6.353237e-01 -6.424797e-03 
-3.317410e+00 2.687780e+00 9.302578e-01 1.361600e+00 7.004349e+00 -7.568518e-01 4.612328e+00 -4.811073e+00 -6.554110e+00 -4.876295e+00 -2.128145e+00 -2.726383e+00 -1.365691e-01 -5.577687e-01 -6.432864e-01 -1.095158e+00 -6.438402e-01 5.373299e-02 5.980658e-01 2.718114e-01 1.841673e-01 -3.633976e-02 5.488032e-01 5.953458e-01 1.813846e-01 -2.096546e-03 
-5.099794e+00 5.443790e-01 -3.679148e+00 -2.379549e+00 5.027908e+00 -1.846606e-01 6.468368e+00 -2.018842e+00 3.881695e+00 -6.350253e-01 -7.567414e+00 -5.452009e+00 -1.364574e-01 -4.514819e-01 -1.297932e-01 -9.094840e-01 -5.074649e-01 -1.099834e-01 -2.437317e-01 -1.236342e+00 -1.137104e+00 5.611256e-01 8.125833e-01 -6.329508e-02 1.160929e+00 2.287590e-03 
-4.178273e+00 4.415813e+00 -2.410247e+00 -3.435629e+00 5.347286e+00 1.609965e+00 6.381824e+00 -2.306069e+00 3.263197e-01 -1.289502e+00 -1.305490e+00 -1.429236e+00 -1.232367e-01 1.648726e-01 7.733517e-01 4.202226e-01 5.994310e-01 6.968126e-01 7.772354e-01 -1.078019e+00 -5.074402e-01 1.165838e+00 1.174597e+00 3.150618e-01 9.855767e-02 3.665507e-03 
-3.605013e+00 4.554647e+00 -3.757339e-01 5.419440e-01 6.973097e+00 -1.718961e+00 -3.768492e-02 -7.132096e+00 1.138270e+00 9.249620e-01 -2.348326e+00 -4.498234e-01 -1.233007e-01 6.761738e-01 7.626916e-01 1.357918e+00 1.415048e+00 9.100369e-01 1.025741e+00 -1.446994e+00 -1.001635e+00 -9.764991e-02 5.783116e-01 9.866146e-01 -3.151713e-01 -1.624966e-03 
-3.240438e+00 4.549404e+00 1.379664e+00 2.898009e+00 9.515818e+00 3.896476e+00 2.475260e+00 -4.791648e+00 6.467953e-01 2.166955e-01 -3.162380e+00 -4.734687e+00 -1.248200e-01 3.749632e-01 -4.375467e-02 7.502736e-01 8.388389e-01 -7.354382e-02 7.886997e-01 -3.072786e-01 1.323635e-01 4.411837e-01 1.034333e+00 1.214702e-01 -6.576838e-01 -1.419926e-03 
-2.187843e+00 4.291041e+00 1.215486e+00 1.528874e+00 7.493827e+00 3.800787e+00 1.186682e+00 -5.784226e+00 3.233208e+00 1.503434e+00 -1.705897e+00 -5.375140e+00 -1.437906e-01 6.704044e-02 1.126826e-01 8.299381e-01 4.945839e-01 -1.214965e-01 6.248634e-01 5.182692e-01 5.737021e-01 -2.586972e-01 2.879179e-01 1.064309e+00 -4.201475e-01 1.329791e-03 
-3.012042e+00 4.328843e+00 5.455117e-01 2.651002e-01 4.719202e+00 2.793590e+00 4.233248e+00 -2.318187e+00 1.484769e+00 3.592926e+00 -1.019354e+00 -2.254997e+00 -1.200913e-01 -6.753139e-02 -4.096108e-02 1.340620e-01 5.575334e-01 -1.251819e-01 -1.250188e+00 -2.156371e-01 -7.284312e-02 -4.970415e-01 1.840882e-02 5.005125e-01 4.833686e-02 6.868839e-04 
-3.384008e+00 5.228341e+00 4.191032e+00 4.331318e+00 8.763922e+00 1.956799e+00 1.674667e+00 -5.500316e+00 -5.742035e-01 6.764367e-01 1.901703e+00 -3.790406e+00 -1.190161e-01 -1.276321e-01 -2.042482e-01 9.831047e-03 1.186194e+00 4.224766e-01 -1.170149e+00 -1.001279e-01 -4.065452e-01 -1.561306e-01 -4.681492e-01 1.202728e+00 1.206830e+00 2.939045e-03 
-2.980012e+00 3.875949e+00 5.622005e-01 4.284454e+00 8.254860e+00 -1.432472e+00 1.153082e+00 -5.297818e+00 6.529331e-02 7.222383e-01 -2.463618e+00 -5.285370e+00 -1.337729e-01 3.600276e-01 2.698304e-01 -1.138573e-01 5.307631e-01 4.205739e-01 -7.654724e-02 1.004069e+00 -3.749670e-01 2.175423e-01 -1.234758e+00 -9.943767e-02 6.540545e-01 -1.413834e-03 
-2.842019e+00 3.496247e+00 1.256296e+00 5.450170e+00 7.838381e+00 6.307523e-02 2.226125e+00 -6.327136e+00 3.162292e+00 5.980315e-01 5.029875e+00 2.174197e+00 -1.222546e-01 3.369805e-01 5.808523e-01 -2.128913e-01 -5.810531e-01 -2.605432e-01 5.709515e-01 1.199062e+00 7.249273e-01 8.561228e-01 1.087707e-01 -2.921778e-01 2.066370e+00 2.563548e-03 
-1.482899e+00 6.544042e+00 1.443593e+00 2.359490e+00 7.284842e+00 3.357716e+00 8.977863e+00 -3.779612e+00 7.042327e-01 -2.541662e+00 -3.080628e+00 -1.967026e+00 -1.255412e-01 3.680449e-02 9.080746e-01 1.283471e-01 -2.490803e-01 -6.126495e-01 3.303584e-01 4.189329e-01 1.476772e+00 3.646054e-01 -2.533924e-01 -1.396011e+00 4.160170e-01 1.149461e-02 
-2.447662e+00 6.798556e+00 2.685880e+00 2.388534e+00 7.946216e+00 2.416463e+00 3.757587e+00 -2.634782e+00 3.386940e+00 2.852240e+00 7.493197e-01 4.882272e+00 -1.103141e-01 -1.812567e-01 6.758966e-01 -2.488753e-01 4.497819e-02 -7.548517e-01 -6.355988e-01 -5.984067e-01 1.715348e+00 -1.700828e-01 -3.669886e-01 -2.888931e+00 -1.605934e+00 1.232404e-02 
-2.993168e+00 6.765168e+00 4.891443e-01 4.569870e+00 5.137695e+00 -9.573739e-01 2.482015e+00 2.398663e-01 1.775996e+00 -1.671828e+00 -7.303396e+00 -4.559323e+00 -8.227003e-02 -3.566044e-01 4.088631e-02 -4.105633e-01 6.602097e-01 -7.102813e-01 -1.200402e+00 -1.426727e+00 1.091360e+00 5.325836e-02 -2.784401e-01 -1.649825e+00 -1.462619e+00 1.145865e-02 
