-6.083980e+00 8.476443e-01 -2.311159e+00 -6.376827e-01 3.891052e+00 7.432745e+00 8.500907e+00 -4.459913e+00 1.297991e+00 4.936462e+00 4.069879e+00 -1.919442e+00 -1.378615e-01 1.750755e-02 -5.442203e-01 -4.743139e-01 -4.226450e-01 4.012906e-01 -1.315394e+00 -1.006422e+00 7.669637e-01 1.758908e-01 -1.013458e+00 -1.725682e+00 6.156434e-01 4.033566e-04 
-6.180011e+00 -3.774071e-02 -2.635189e+00 -3.811162e+00 3.394988e+00 6.452480e+00 7.375093e+00 -2.624820e+00 4.973845e-01 -6.804359e-02 -1.451276e+00 -1.233256e+00 -1.235764e-01 3.021336e-02 -5.284092e-01 -5.728189e-01 2.679791e-01 1.409860e+00 -1.915165e+00 -1.051645e+00 9.145993e-01 1.568487e-01 -1.331787e+00 -1.688308e+00 7.263061e-01 -1.657200e-03 
-5.948426e+00 -1.430765e+00 -4.520713e+00 -1.164168e+00 6.145537e+00 1.345911e+00 4.031703e+00 -1.542641e+00 2.577749e+00 2.371428e+00 -1.797951e+00 8.156816e-01 -1.429873e-01 1.151886e-01 -4.593647e-01 -6.924924e-01 1.588772e-01 8.971384e-01 -1.992895e+00 -5.183767e-01 1.406892e-01 -1.388133e-01 -5.393986e-01 -3.409582e-01 3.366799e-01 -4.586256e-03 
-6.000690e+00 -6.551974e-01 -4.070477e+00 9.654555e-01 9.813108e+00 9.003363e-01 5.477283e+00 -1.345552e+00 1.442356e+00 -4.399565e-01 -1.437749e+00 3.445268e-01 -1.435846e-01 -6.110670e-01 5.300945e-01 -3.268964e-01 -5.471264e-01 3.311114e-01 -8.445390e-01 5.883988e-01 -7.585325e-02 1.091311e+00 -7.307041e-01 1.773084e+00 5.736910e-01 2.504480e-02 
-5.597697e+00 -1.140451e+00 -5.055977e+00 -2.231606e+00 5.167684e+00 2.443395e-01 6.857928e+00 -4.396101e+00 1.314392e-01 2.425426e+00 2.358325e+00 -1.024934e+00 -1.507887e-01 -4.799772e-01 7.398842e-01 5.260099e-01 -6.589202e-01 -1.104209e+00 5.782806e-01 1.510763e+00 8.526141e-01 1.768108e+00 -8.111359e-01 1.012483e+00 4.586387e-01 2.613921e-02 
-9.410710e+00 2.467575e+00 -4.002039e+00 -6.013075e+00 5.539472e+00 2.780570e+00 8.903975e+00 -1.577356e+00 7.177093e+00 -3.748563e+00 5.336009e+00 2.555507e+00 5.548298e-03 -2.938877e-01 -1.182191e-01 6.834488e-01 5.575712e-01 -1.710376e+00 6.274922e-01 1.123285e+00 1.190925e+00 1.821919e+00 9.598057e-01 4.926122e-01 7.519061e-01 1.040521e-02 
-6.643302e+00 7.072699e-01 -1.924883e+00 -9.695036e-01 2.761310e+00 3.297197e+00 9.872172e+00 2.836332e+00 8.550921e+00 -2.994817e-02 -1.224133e-01 2.003385e+00 -8.685768e-02 -3.308336e-01 -3.510250e-01 9.908947e-01 9.201998e-01 4.416049e-01 1.407084e-01 -1.392460e+00 3.191966e+00 -2.760279e-01 1.785321e-01 1.206402e+00 -5.261346e-02 2.388818e-02 
-6.947326e+00 -2.170153e+00 -2.218780e+00 3.122261e+00 2.464414e+00 2.511369e+00 9.586586e+00 9.928565e-01 6.342208e+00 5.586759e+00 2.265681e+00 2.589898e+00 -1.235241e-01 3.322624e-01 -2.250515e+00 1.520818e-01 2.160261e+00 2.702756e+00 6.117835e-02 -3.828263e+00 2.548570e+00 -1.437024e+00 -2.329817e-02 4.230562e-01 -1.010535e+00 6.040293e-03 
-8.483558e+00 -5.767115e-01 -9.931335e-01 -2.198275e+00 8.913237e+00 1.082482e+00 -4.456758e-01 1.027862e+01 -8.312581e-01 -1.349574e+00 9.925496e+00 -1.305197e+00 3.318840e-02 2.423224e-01 -3.472216e+00 -9.407675e-01 1.309207e+00 3.435059e+00 -2.757911e-01 -6.162578e+00 1.045625e+00 -7.862447e-01 -1.905460e+00 -3.631933e-01 1.935819e-01 4.101529e-02 
-6.829270e+00 -8.143009e+00 -3.707505e+00 5.402617e+00 1.597729e+01 4.193819e+00 -5.078418e+00 7.444351e+00 4.683064e+00 -3.205241e+00 2.427335e+00 -8.428785e-01 -2.427328e-02 4.995483e-01 -1.914718e+00 -3.584900e-01 -3.701406e-01 7.743311e-01 -1.994953e-01 -3.553833e+00 -5.876829e-01 8.303744e-01 -1.761858e+00 -2.553132e+00 4.116809e-01 1.366616e-02 
-5.490718e+00 -1.366738e+01 -5.884357e+00 4.436352e+00 1.318017e+01 1.077016e+00 -1.360821e+01 4.838709e+00 5.449271e+00 -5.161248e+00 -2.019207e+00 4.687683e+00 6.859338e-02 2.376691e+00 3.030209e-01 -6.926638e-01 -7.858752e-01 -1.926387e+00 -9.672745e-02 -4.495912e-01 -4.124660e+00 1.136027e+00 3.349963e-01 -2.505120e+00 1.009657e+00 -2.281299e-02 
-5.946004e+00 -5.198409e+00 -1.565618e+00 -2.045756e+00 4.202605e+00 1.516625e+00 -1.601311e+00 7.743981e-01 7.353815e+00 -1.316696e+00 -4.527630e+00 1.651863e+00 -7.289577e-02 2.653789e+00 3.116576e+00 5.422691e-01 -1.307109e+00 -2.662304e+00 -5.331505e-01 2.059695e+00 -3.553550e+00 -3.888693e-01 1.069674e+00 2.514087e-01 2.921583e-01 -2.053946e-02 
2.958262e+00 -5.339071e-01 -5.527396e+00 -2.403464e+00 5.168643e+00 1.937442e+00 -4.432186e+00 -7.009705e+00 3.513502e+00 -6.188650e-01 8.773791e-01 2.495719e+00 -5.656528e-02 1.589011e+00 2.728693e+00 1.089802e-02 -7.403654e-01 -1.740967e+00 -2.126744e-01 3.574598e+00 -2.940439e+00 -8.109924e-01 2.726869e+00 1.008871e+00 -1.860630e+00 -3.265218e-02 
2.215185e+00 8.731346e-01 -1.174640e+00 2.286982e+00 6.671529e+00 1.097854e+00 6.320434e-01 -4.399193e+00 3.706601e+00 -1.280650e-01 2.236085e+00 1.713895e+00 -6.439126e-02 7.899631e-01 -7.466461e-01 -1.874608e+00 7.484485e-01 1.170619e+00 -1.110635e-01 7.294042e-01 -3.599046e+00 -1.957204e+00 2.024172e+00 1.352853e+00 -1.030929e+00 7.889783e-03 
-1.626259e+00 -3.059689e+00 -6.025356e+00 -1.431844e+00 3.240872e+00 2.230299e-01 3.148099e+00 -7.276689e+00 3.217916e+00 7.878783e+00 -3.567098e-01 -4.646482e+00 -9.891975e-02 -5.651776e-01 -1.282567e+00 -1.042106e+00 -4.482064e-02 1.326526e-01 1.205088e+00 3.683582e+00 -5.550367e-01 -1.857716e+00 1.467338e+00 4.222392e-01 -8.639058e-01 3.872967e-03 
2.960720e-01 -7.668748e+00 -1.068968e+01 1.210676e+00 1.101959e+01 1.818514e+00 -1.744432e+00 -1.708734e+01 -2.284410e+00 4.555340e+00 2.853679e+00 6.832004e-02 -1.226962e-02 2.112887e-01 2.653421e-01 -6.306489e-01 -4.193852e-01 -2.433345e-01 2.438559e+00 3.378401e+00 1.080697e+00 -1.318203e+00 3.550800e-01 -7.097696e-01 -7.037615e-01 1.167485e-02 
1.091931e+00 -2.675800e+00 -5.980407e+00 -2.089415e+00 3.657876e+00 7.602552e+00 1.517396e+01 -3.440814e+00 -2.779573e+00 4.376124e+00 2.679778e+00 -1.001022e+00 -6.326127e-02 5.277774e-01 1.472004e+00 9.258293e-01 -5.152656e-01 -1.908800e-01 1.478391e+00 2.421653e+00 3.571357e+00 1.076251e-01 -1.089096e+00 3.017973e-01 -7.598634e-02 2.359357e-02 
1.912534e+00 2.007901e+00 -4.350358e+00 5.188408e-01 5.246354e+00 9.600887e+00 1.151112e+01 -9.136469e-01 1.143298e-01 3.398664e+00 -2.831007e+00 -3.627643e+00 -2.384627e-02 -3.396197e-01 2.178052e+00 1.682538e+00 4.332590e-01 -2.676179e-01 2.177391e-01 2.098565e+00 4.203541e+00 1.545373e+00 -8.109671e-01 -1.099149e+00 -1.961515e+00 1.778812e-02 
2.043972e-01 -5.379932e-01 -4.565869e+00 -3.662255e+00 5.173088e+00 3.723799e+00 8.628588e+00 2.493248e+00 2.556671e+00 3.011640e+00 3.994620e+00 -3.178433e+00 2.483642e-02 -7.306932e-01 1.751717e+00 1.092000e+00 1.606254e+00 1.799165e+00 1.557034e-01 -6.802778e-02 1.148339e+00 5.848219e-01 -2.963414e+00 -8.253505e-01 -6.842068e-01 5.300015e-03 
-9.582596e-01 2.152608e+00 -2.984257e+00 4.163391e+00 8.923891e+00 4.846586e+00 1.202108e+01 9.633334e-01 2.774333e+00 1.182746e+00 -3.299486e+00 -8.650548e+00 3.262216e-02 -1.264824e+00 8.172451e-01 9.354240e-01 5.419308e-01 1.805277e+00 9.000781e-01 6.136095e-01 7.909966e-02 9.036602e-01 -2.276942e+00 -5.909992e-01 -2.508313e-01 -3.192625e-02 
-1.126138e+00 6.010431e+00 -1.203455e+00 4.119582e+00 1.081493e+01 1.075822e+01 1.457884e+01 1.362389e+00 -1.185465e+00 -9.332988e+00 -1.212735e+00 -1.910603e+00 -6.499541e-02 -1.649988e+00 1.072821e+00 8.654504e-01 -1.670799e-01 1.799377e+00 5.611524e-01 3.254666e-01 1.342115e-01 4.663462e-01 1.363493e-01 3.955027e-01 1.699328e+00 -2.960245e-02 
-3.746319e+00 2.819914e+00 -1.354445e+00 -6.624238e-01 1.145182e+01 1.058407e+01 1.160404e+01 4.728079e-02 6.503699e+00 -1.813734e+00 -3.182325e+00 -5.515714e+00 -1.385616e-01 -3.542199e+00 5.535986e-01 5.473498e-01 -2.690366e+00 1.578843e+00 -8.482593e-01 -1.611403e+00 -5.395932e-02 3.276780e-01 2.229183e+00 1.727625e+00 2.773338e+00 6.162609e-02 
-6.651515e+00 4.492458e+00 -1.053523e+00 -2.084746e+00 1.290601e+01 3.660820e+00 1.046444e+01 3.622332e+00 3.023719e+00 5.191627e+00 5.913554e+00 3.750791e+00 -3.758395e-02 -3.245227e+00 -9.911494e-02 2.398619e-01 -1.565102e+00 1.490715e+00 -2.554390e+00 -2.660406e+00 -5.391134e-01 8.059768e-02 3.586589e+00 7.643629e-01 1.303800e+00 6.661677e-02 
-1.590657e+01 5.679587e+00 -3.224738e-01 -6.186276e+00 1.577257e+01 4.153989e+00 6.021264e+00 -4.364345e-01 2.308131e+00 5.066356e+00 1.775493e+00 2.385445e+00 3.270469e-01 -7.840279e-01 -5.635574e-01 -6.555597e-01 -1.658471e-01 -1.349765e+00 -2.222712e+00 -2.090993e+00 -9.498978e-01 6.291509e-03 8.407008e-01 7.526841e-01 1.074287e+00 6.479722e-03 
-1.127215e+01 4.085020e+00 -5.201318e-01 -9.440007e-01 1.610813e+01 1.201311e+00 4.068197e+00 -1.091321e+00 1.315308e+00 5.159912e+00 1.301706e-01 6.578199e-01 3.528422e-02 1.470653e+00 -2.011524e+00 -2.254635e+00 -1.146878e+00 -2.054470e+00 -1.291537e+00 -3.171077e+00 -1.507900e-01 3.952432e-01 -9.320289e-01 -1.389560e+00 -2.082777e+00 8.407751e-02 
-5.356141e+00 2.058463e-01 -4.898940e+00 -2.062032e+00 3.101933e+00 7.002627e-01 4.347194e+00 -2.345382e+00 7.389362e+00 2.405627e+00 3.472786e+00 1.402208e+00 -1.425971e-01 1.730500e+00 -1.933292e+00 -2.533600e+00 -1.717568e+00 -1.571143e+00 -1.573075e+00 -2.629566e+00 2.261315e+00 2.879271e-02 -5.117930e-01 -6.658481e-01 -2.195724e+00 1.814942e-01 
-4.573463e+00 -2.828293e+00 -1.003847e+01 -9.881256e+00 8.968975e+00 -1.069999e+00 -4.553906e+00 3.822855e+00 2.459320e+00 1.861846e+00 -1.882892e+00 -6.171474e+00 6.176256e-01 -2.071718e+00 -3.990414e-01 -4.197214e-01 -3.752645e+00 -1.515386e+00 -1.954319e+00 -1.613609e+00 2.406466e+00 -1.161649e+00 -1.048568e+00 -8.316246e-01 -4.287026e-01 3.015376e-01 
-1.060341e+01 -5.302149e-01 -8.231309e+00 -1.030549e+01 1.148643e+01 -2.575730e+00 -2.815514e+00 8.413053e+00 1.880089e+00 4.156424e+00 -5.472167e-01 -5.178529e+00 9.433472e-01 -3.950061e+00 -3.133263e-02 2.254246e+00 -3.073332e+00 -7.060974e-01 -1.470704e+00 -1.032699e+00 2.273170e+00 -2.037443e+00 -6.693920e-01 1.414160e-01 8.931902e-01 2.593772e-01 
-1.900710e+01 2.457843e+00 -9.525542e-01 -1.558550e+01 4.338955e+00 -6.932290e+00 -4.184942e-01 5.561790e+00 -1.738303e+00 -9.583294e-01 -2.017951e+00 1.804675e+00 1.000000e+00 -2.565030e+00 -4.824542e-01 3.903764e+00 -2.587008e-01 -3.572657e+00 1.637818e-01 5.414811e-01 2.432971e-01 -5.588800e-01 -1.440415e+00 2.336587e+00 2.550111e+00 6.682389e-02 
-1.788963e+01 -2.593885e+00 1.829334e+00 -1.457657e+01 1.886456e+00 -3.722111e+00 -2.884005e+00 8.151002e+00 -6.990409e-01 4.687541e-01 4.247396e+00 1.880085e+00 9.631020e-01 3.711645e-01 -1.389089e+00 3.137008e+00 1.491390e+00 -3.768169e+00 1.185959e+00 7.668390e-01 -5.012408e-01 -6.132970e-01 -1.265589e+00 2.373781e+00 1.638642e+00 -3.128626e-02 
-1.375551e+01 -4.208729e+00 4.450031e+00 -9.039219e+00 -4.094324e+00 3.221003e-01 -1.812255e+00 5.170366e+00 9.544845e-01 -3.496396e+00 7.402737e+00 3.049775e+00 9.418676e-01 2.618997e+00 -1.521041e+00 1.457511e+00 3.287681e+00 -1.642126e+00 1.174858e+00 3.553362e-01 -1.325562e-01 5.140216e-01 -6.351686e-02 2.684562e+00 1.293957e+00 -6.514403e-02 
-1.137339e+01 -4.142375e+00 4.752439e+00 -6.121677e+00 -3.137777e+00 -2.731326e-01 1.715561e+00 6.102560e+00 -2.532790e+00 -9.024885e-01 6.611344e+00 2.392128e+00 8.159820e-01 2.957304e+00 -6.514109e-01 2.586813e-02 2.700941e+00 -6.722963e-01 -6.801065e-01 1.129980e+00 -5.843091e-01 4.872688e-01 -1.415031e+00 -1.511514e-01 7.744159e-01 -8.019902e-02 
-9.170239e+00 -4.373117e+00 4.873448e+00 -3.374540e+00 -1.359559e+00 -2.782487e+00 -9.415960e-01 5.923229e+00 1.748679e+00 -5.902925e-01 1.022288e+01 8.018439e+00 7.478398e-01 2.781256e+00 -3.345191e-01 -2.695393e-01 1.073310e+00 -3.780797e-01 -2.217983e+00 1.800742e+00 -2.190167e-01 -4.633874e-01 -1.259702e+00 -1.637327e+00 3.573067e-02 -9.102298e-02 
-5.395741e+00 -5.768745e+00 1.746966e+00 -3.904206e+00 -2.842408e+00 -5.570350e+00 2.330564e+00 4.853025e+00 1.340206e+00 -8.059454e+00 2.081565e+00 3.267832e+00 6.591208e-01 3.881173e+00 1.167838e-01 5.979021e-01 8.087643e-01 -1.655280e+00 -2.016686e+00 -1.046215e-01 -1.169924e+00 -2.681183e+00 -1.446671e+00 -3.529691e+00 -2.043388e+00 -7.425021e-02 
-2.838050e+00 -5.068139e+00 4.605071e+00 -4.781407e+00 -6.132407e+00 -8.119206e+00 6.883951e+00 4.700050e+00 -3.298950e+00 -6.216425e+00 1.480991e+00 2.790576e+00 5.651833e-01 4.785811e+00 8.723706e-01 1.372419e+00 3.732489e-01 -3.989465e+00 -1.392072e+00 -3.709763e+00 -1.605850e+00 -4.446578e+00 -9.470811e-02 -4.171362e+00 -3.124659e+00 -2.530572e-02 
4.866383e+00 -3.210945e+00 7.876138e+00 -1.374423e+00 -9.027754e+00 -7.688204e+00 -2.720320e+00 8.645267e-01 -1.341489e+01 -5.322777e+00 -6.666165e+00 -5.210881e+00 5.360593e-01 4.520619e+00 6.866453e-01 1.834683e+00 6.063454e-01 -4.932293e+00 -9.310916e-01 -7.205993e+00 -1.251406e-01 -3.974550e+00 -2.931569e-02 -1.871078e+00 -1.560439e+00 2.793496e-02 
9.627752e+00 -1.290164e+00 8.670958e+00 -2.773187e+00 -1.821421e+01 -8.683919e+00 -1.696497e+01 -1.117713e-01 -1.310666e+01 -2.432172e+00 -6.260061e+00 -3.365499e+00 6.828420e-01 3.396947e+00 -3.343317e-01 6.817959e-01 -1.922729e-02 -4.076741e+00 -2.304621e-01 -8.228078e+00 1.202710e+00 -2.560472e+00 -1.098659e+00 -4.386000e-01 -9.102371e-01 6.118866e-02 
1.097446e+01 -4.224506e+00 8.887439e+00 -1.876589e+00 -2.146297e+01 -9.943452e+00 -2.177494e+01 6.633233e+00 -1.362869e+01 -1.009816e+01 -3.403299e+00 -1.456323e+00 7.399663e-01 1.290027e+00 -1.290827e+00 -5.914423e-01 -4.150287e-01 -2.211671e+00 -3.762253e-01 -4.100338e+00 2.311486e+00 -5.070454e-01 -1.481373e+00 7.382107e-01 4.200103e-01 5.286071e-02 
1.109265e+01 -6.233017e+00 7.508400e+00 -4.626460e+00 -2.029850e+01 -8.143893e+00 -2.472913e+01 7.829248e+00 -1.599441e+01 -9.322030e+00 -2.343442e+00 -3.637888e+00 7.691731e-01 1.189185e-01 -1.582074e+00 -7.617024e-01 -2.097345e-01 5.687923e-02 -1.276751e-02 1.296303e-01 1.917755e+00 -8.008564e-01 -7.609229e-01 7.157874e-03 -2.719024e-01 1.410406e-02 
1.058407e+01 -7.193655e+00 5.500205e+00 -2.522930e+00 -1.904396e+01 -9.839344e+00 -1.933993e+01 8.451447e+00 -1.450624e+01 -9.284714e+00 -4.933421e+00 -2.974635e+00 7.571972e-01 -1.712543e-01 -6.435152e-01 -4.234648e-01 -3.683434e-01 7.081930e-01 5.458795e-01 1.643984e+00 6.918502e-01 -4.990002e-01 1.053122e+00 -6.402572e-01 -7.742423e-01 -5.869806e-03 
1.041754e+01 -7.715959e+00 6.556063e+00 -3.498689e+00 -1.913932e+01 -8.799810e+00 -1.753432e+01 8.567899e+00 -1.667217e+01 -6.643509e+00 -5.459210e+00 -3.965855e+00 7.447468e-01 -1.229374e-01 4.769680e-01 -1.273563e-01 2.397957e-01 5.814785e-01 -1.401378e-01 2.414982e+00 2.920279e-01 6.805832e-01 1.121101e+00 -5.263862e-01 -2.750968e-01 -1.633519e-02 
1.045574e+01 -6.700612e+00 7.246284e+00 -4.282192e+00 -1.850160e+01 -6.886096e+00 -1.715243e+01 9.723159e+00 -1.578481e+01 -6.171808e+00 -5.046701e+00 -5.163551e+00 7.228304e-01 4.354258e-01 9.638492e-01 -1.181190e-01 7.810954e-01 9.342956e-03 -1.236096e-01 1.720622e+00 1.514530e-03 9.598416e-01 1.496512e+00 -4.329915e-02 -5.522357e-01 -1.989084e-02 
1.054213e+01 -4.094698e+00 5.998579e+00 -2.547851e+00 -1.766229e+01 -1.032121e+01 -1.374797e+01 8.653532e+00 -1.195221e+01 -5.272979e+00 -4.918733e+00 -3.918915e+00 7.046806e-01 5.491070e-01 9.777538e-01 -5.276281e-01 1.322694e+00 2.568134e-01 -3.095511e-01 1.069394e+00 -3.146210e-01 1.804227e+00 1.327055e+00 5.537479e-01 -4.481293e-01 -2.141081e-02 
1.269890e+01 -4.185039e+00 5.188352e+00 9.071279e-01 -1.973576e+01 -9.696694e+00 -1.262999e+01 8.416203e+00 -1.206701e+01 -2.487417e+00 -5.420156e+00 -5.759284e+00 6.777761e-01 4.382984e-01 4.424042e-01 -1.448057e-01 1.140980e+00 3.305893e-01 -3.525880e-01 9.450312e-01 -1.111688e+00 1.893684e+00 1.218524e+00 1.204349e+00 -1.582473e-01 -1.769062e-02 
1.204149e+01 -4.084976e+00 4.946888e+00 5.201182e-01 -1.723817e+01 -8.942266e+00 -1.444857e+01 7.648272e+00 -9.509932e+00 -1.850431e+00 -2.503744e+00 -5.908636e+00 6.602199e-01 3.461251e-01 -1.356624e-01 -6.798115e-02 6.306410e-01 9.297746e-01 7.170486e-03 2.857166e-01 -9.398577e-01 1.009684e+00 1.504834e+00 1.362695e+00 5.041659e-01 -1.293322e-02 
1.189755e+01 -4.493452e+00 7.048100e+00 -1.112757e-01 -1.706071e+01 -9.338506e+00 -1.207697e+01 4.667350e+00 -7.537530e+00 -1.790461e+00 -2.324505e-01 -4.959928e+00 6.566076e-01 1.212530e-01 8.753724e-02 -4.231374e-01 -1.891189e-01 1.612945e+00 3.550375e-01 -4.554293e-01 -9.084769e-01 1.443179e+00 6.134113e-01 1.312667e+00 1.938815e+00 -8.377200e-03 
1.267343e+01 -4.618804e+00 4.728799e+00 1.114556e+00 -1.435094e+01 -1.046445e+01 -1.259590e+01 5.828671e+00 -9.168530e+00 1.902712e+00 -6.991082e-01 -1.797763e+00 6.505987e-01 3.079174e-01 2.346870e-01 -4.154967e-01 -2.879658e-02 1.123856e+00 4.811138e-01 -5.285887e-01 -4.691637e-01 1.011000e+00 -4.456775e-02 1.125254e+00 2.660562e+00 -6.509006e-03 
1.298920e+01 -3.480438e+00 3.181710e+00 -3.356857e-01 -1.311465e+01 -7.160416e+00 -1.583348e+01 4.783619e+00 -5.021819e+00 -1.296932e+00 2.408611e-01 1.879357e+00 6.407007e-01 3.177885e-01 2.760765e-01 -5.699087e-01 4.697676e-01 3.599609e-01 5.472106e-01 -1.902603e-01 -5.656306e-01 7.464706e-01 -3.719062e-01 5.838912e-01 2.628599e+00 -6.374890e-03 
1.303525e+01 -3.418047e+00 4.802600e+00 4.883404e-01 -1.359192e+01 -7.625742e+00 -1.521326e+01 5.244318e+00 -5.712789e+00 -2.320034e+00 2.885869e+00 3.974531e+00 6.356283e-01 9.091698e-02 5.900542e-01 1.914167e-02 6.035191e-01 -5.572807e-01 -2.750212e-01 1.318191e+00 -1.337600e+00 6.424190e-01 -9.096430e-01 4.456353e-01 1.855885e+00 -6.384230e-03 
1.330558e+01 -3.713448e+00 4.161656e+00 2.550670e+00 -1.564042e+01 -8.021806e+00 -1.171959e+01 2.131373e+00 -5.533048e+00 -1.538619e+00 8.945171e-01 5.296921e+00 6.322184e-01 -5.136532e-02 9.023113e-01 3.752242e-01 8.838100e-01 -1.130068e+00 -6.039080e-01 2.105471e+00 -1.784371e+00 3.749704e-02 4.717663e-01 -9.157205e-01 1.741906e+00 -9.746790e-03 
1.296982e+01 -1.552028e+00 4.334534e+00 2.688974e+00 -1.587446e+01 -1.140886e+01 -8.061884e+00 4.667931e-01 -5.700821e+00 -2.524660e+00 1.202240e+00 5.772881e+00 6.229187e-01 -1.928662e-01 1.410969e+00 2.097441e-01 8.490821e-01 -1.057933e+00 -2.338925e-01 1.480328e+00 -1.843542e+00 8.036370e-01 8.074546e-01 -1.175668e+00 5.799121e-01 -1.678742e-02 
1.276509e+01 9.810877e-02 5.291863e+00 2.983048e+00 -1.762372e+01 -8.288398e+00 -8.881809e+00 -1.749473e+00 -4.840318e+00 1.164212e+00 -3.495927e+00 9.689710e+00 5.983216e-01 -3.420309e-01 1.691293e+00 6.155222e-01 -1.911235e-02 -1.187244e-01 6.498901e-01 -4.218540e-02 -1.690226e+00 1.042597e+00 9.172372e-01 -2.910586e-01 8.173899e-02 -2.283528e-02 
1.234117e+01 1.731019e+00 5.286217e+00 4.517562e+00 -1.788994e+01 -8.661909e+00 -9.230511e+00 -2.032968e+00 -2.040969e+00 3.658238e-01 -7.972485e-01 4.677698e+00 5.686396e-01 -2.458305e-01 1.188118e+00 8.684319e-01 2.802413e-01 -5.110766e-01 1.403252e+00 -3.975975e-01 -1.549703e+00 7.769282e-01 1.051043e+00 4.725425e-01 -8.857722e-01 -2.461909e-02 
1.190975e+01 3.101495e+00 6.763426e+00 1.540814e+00 -1.522631e+01 -6.145830e+00 -1.134621e+01 -5.069879e+00 -2.149991e+00 1.602325e+00 4.389683e-01 6.253208e+00 5.451815e-01 -1.839672e-01 4.932398e-01 7.906849e-01 7.391465e-01 -2.136993e-01 8.386387e-01 -5.604935e-01 -7.758074e-01 2.409094e-01 7.390921e-02 1.211295e+00 -6.159834e-01 -2.766645e-02 
1.216834e+01 2.886870e+00 7.940912e+00 4.811297e+00 -1.962855e+01 -5.463882e+00 -8.817673e+00 -5.621520e+00 -3.161344e+00 2.511497e+00 1.597505e+00 3.062270e+00 5.263933e-01 -1.054002e-01 6.567540e-02 1.114606e+00 8.678082e-01 -1.222296e-01 5.602483e-01 -5.589848e-01 -2.247624e-01 1.048931e-01 -5.426717e-01 8.248305e-01 5.668887e-01 -3.096389e-02 
1.193167e+01 1.986382e+00 7.917940e+00 6.531913e+00 -1.782291e+01 -5.694217e+00 -1.189070e+01 -3.834234e+00 -3.075583e+00 4.609210e-01 1.363174e+00 7.417506e+00 4.811125e-01 -2.056860e-01 1.617467e-01 7.446730e-01 1.177491e+00 2.087807e-01 -7.762933e-02 1.256175e-01 2.471779e-01 3.280192e-01 -8.602865e-01 4.945589e-01 -3.100193e-01 -3.659120e-02 
1.180321e+01 2.616952e+00 1.028199e+01 6.361053e+00 -1.720278e+01 -6.086474e+00 -1.175319e+01 -3.774602e+00 -1.053707e+00 -1.776833e+00 2.864801e+00 6.929992e+00 4.458547e-01 -2.408580e-01 4.664841e-02 3.302480e-01 4.567912e-01 1.681403e+00 -4.894506e-01 6.862961e-01 1.425915e-02 3.867450e-01 -1.194445e+00 1.170132e-01 2.545179e-01 -3.843958e-02 
1.106389e+01 4.045187e+00 9.316253e+00 6.653393e+00 -1.539529e+01 -6.222681e+00 -9.250360e+00 -4.757448e+00 -1.563713e+00 -5.549426e-01 2.278115e+00 2.769250e+00 4.024948e-01 -2.817822e-01 -6.268469e-01 1.289928e-01 9.006659e-01 2.507491e+00 -8.228351e-01 1.073106e+00 1.515196e-01 2.661837e-01 -9.037699e-01 -9.041746e-01 2.520680e-01 -3.612994e-02 
1.139794e+01 2.090709e+00 8.892996e+00 7.034513e+00 -1.243535e+01 -7.646904e+00 -6.706359e+00 -5.088617e+00 -1.983554e+00 -2.952796e+00 1.725101e+00 6.658988e+00 3.735042e-01 -7.846839e-01 -1.195714e+00 -4.123975e-01 1.138967e+00 2.861133e+00 -5.257903e-01 1.498081e+00 7.930355e-01 9.498750e-01 -1.544980e+00 -1.087973e+00 -1.202308e+00 -4.123725e-02 
1.072539e+01 -8.847309e-01 9.257401e+00 1.069851e+01 -7.669169e+00 -9.028178e+00 -9.048580e+00 -2.419629e+00 -1.279742e+00 -3.469947e+00 -2.587849e+00 8.813349e+00 3.366380e-01 -1.838583e+00 -1.592755e+00 -1.583957e+00 6.106728e-01 2.641642e+00 8.548788e-01 2.225755e+00 1.393100e+00 1.863740e+00 -2.884138e+00 4.286491e-01 -1.775695e+00 -3.566887e-02 
8.049039e+00 -8.966600e-01 8.249427e+00 1.003333e+01 -6.760180e+00 -7.312677e+00 -4.363676e+00 -9.783338e-01 3.553682e+00 -8.044230e+00 -1.420807e-01 -2.103599e+00 2.725968e-01 -1.782440e+00 -9.353930e-01 -2.868445e+00 -2.089731e-01 4.367591e+00 1.572040e+00 1.443389e+00 1.065290e+00 2.390736e+00 -7.841273e-01 -3.689755e-01 -3.197210e+00 -7.044117e-02 
3.545421e+00 -2.424905e+00 1.718250e+00 8.207349e+00 -5.024661e+00 -2.115400e+00 7.070732e-01 1.529100e-01 4.986367e+00 -1.242991e+01 5.354951e+00 -1.727934e+00 2.746041e-01 -1.378158e+00 9.529873e-01 -3.224422e+00 -2.239167e+00 4.001070e+00 1.793431e+00 1.874085e+00 -8.985265e-01 6.821591e-01 7.198290e-01 -4.103061e-01 -2.257355e+00 -1.079230e-01 
6.075726e+00 -1.816169e+00 -1.679654e+00 7.235229e+00 8.080351e+00 -3.243094e+00 -4.367241e+00 -1.048435e+00 6.837072e+00 -2.393449e+00 -4.091177e+00 -4.056419e+00 5.231529e-02 -9.594381e-01 1.582228e+00 -2.864503e+00 -3.292037e+00 3.237396e+00 1.959749e+00 1.541255e+00 -1.592512e+00 -8.927544e-01 2.383367e+00 -1.949536e+00 4.860631e-01 -1.132822e-01 
4.821258e+00 4.339960e+00 -1.900170e+00 9.017258e-01 4.915914e+00 -2.095816e+00 3.236299e-01 -6.877212e+00 4.893591e-01 -2.696193e+00 -2.664831e+00 -1.497015e+00 -9.283602e-02 -4.975497e-01 1.698027e+00 -2.015254e+00 -3.401634e+00 4.538649e-01 1.805886e+00 1.112391e+00 -2.303755e+00 -1.883463e+00 2.733776e+00 -1.803392e+00 -7.681379e-02 -9.273048e-02 
2.613930e+00 3.632050e+00 -4.263876e+00 -2.774045e+00 4.456511e+00 2.476276e+00 3.534320e+00 -5.425831e+00 1.338414e+00 -9.942567e-01 -5.879868e+00 2.112561e-01 -1.100940e-01 -1.268222e+00 8.654539e-01 -1.455703e+00 -2.507330e+00 -1.386620e+00 2.509118e+00 1.571856e+00 -1.601866e+00 -1.984747e+00 -1.989837e-02 6.733836e-02 7.836699e-01 -2.946506e-02 
2.788570e+00 3.341123e+00 -7.065912e+00 -3.796181e+00 -9.434161e-01 4.054342e+00 2.318248e+00 -9.177167e+00 -1.681620e+00 5.393686e-01 -2.767666e+00 -4.245841e+00 -1.078436e-01 -1.212179e+00 -2.469890e-01 -7.338960e-01 -7.196456e-01 2.599781e-01 1.648653e+00 1.444114e+00 2.249213e-01 -7.454487e-01 4.706973e-01 6.564250e-02 3.698603e-01 -2.049971e-03 
7.509594e-01 3.010519e+00 -6.375296e+00 -2.952468e+00 4.076917e+00 6.227415e+00 2.494732e+00 -7.907789e+00 -2.001175e+00 -4.110722e+00 -3.703068e+00 1.236344e+00 -8.750618e-02 -7.273032e-01 -1.269983e-01 -1.057512e-01 2.055104e-01 4.243779e-02 -4.758704e-01 -1.000736e-01 -1.893160e-01 -4.218148e-01 1.554493e+00 1.808569e+00 -6.860495e-03 -1.666904e-04 
-3.081522e-01 3.415781e+00 -4.513940e+00 -2.607291e+00 6.405602e+00 4.271882e+00 8.063995e+00 -4.511626e+00 -1.568090e+00 1.215526e+00 -3.425018e+00 -1.602573e-01 -1.143798e-01 -5.672078e-01 -2.761144e-01 1.347048e-01 -4.887380e-01 3.900724e-02 -1.992844e+00 -1.002125e+00 9.898281e-01 -1.234856e-01 1.106004e+00 1.068948e+00 2.568908e-01 -3.545415e-03 
5.257750e-01 2.959730e+00 -6.068618e+00 -2.340939e+00 9.941912e-01 -1.184596e-02 1.610789e-01 -8.705181e+00 -8.274250e-01 6.440128e+00 3.491652e+00 -1.865838e+00 -1.076593e-01 -1.174250e+00 9.571491e-01 -1.237208e-01 5.059072e-01 -1.908086e+00 -6.844597e-02 -1.748883e+00 1.600723e+00 1.200273e+00 1.481004e+00 5.106437e-01 -1.151625e+00 5.832776e-02 
6.512356e-02 1.985946e+00 -6.545727e+00 -6.545636e+00 7.929828e-01 -2.790246e+00 -1.525552e+00 -3.829330e+00 -2.885923e+00 7.939621e-01 -1.020285e+00 -1.410296e+00 -1.154941e-01 -1.641921e+00 1.827356e+00 -2.756008e-01 1.250364e+00 -2.117852e+00 1.684916e+00 -2.291249e+00 9.570802e-01 1.234054e+00 3.301256e-01 5.195454e-01 -4.922522e-01 9.513721e-02 
-5.306928e+00 8.511183e+00 -5.978006e+00 1.546241e+00 -2.657202e+00 9.416248e+00 -1.454910e+00 -2.453234e-01 4.659105e+00 3.505080e+00 -2.352216e+00 -3.896762e+00 2.046898e-01 -7.160650e-01 1.085798e+00 8.356916e-01 9.096409e-01 7.319315e-01 1.954280e+00 2.376564e-01 1.460594e+00 1.330384e+00 -4.139458e-01 -7.791817e-01 -5.524055e-01 2.634848e-02 
-5.601405e+00 9.776833e+00 -5.937250e+00 1.700941e+00 -2.357965e+00 7.982415e+00 -2.584256e+00 -3.956153e+00 1.858914e+00 4.333678e+00 2.094642e+00 -1.606056e+00 2.051317e-01 1.714588e-01 -3.205403e-01 6.606957e-01 6.091087e-01 1.827574e+00 1.388693e+00 2.047271e+00 5.497197e-01 1.988777e+00 1.431792e+00 1.625719e+00 5.689435e-01 -3.207628e-02 
-2.212858e-01 4.493274e+00 -2.194399e+00 -1.916022e+00 6.229322e+00 4.373223e+00 1.878713e+00 -1.338801e+00 3.452078e+00 2.600542e+00 -1.961720e+00 -4.529985e+00 -1.362299e-01 1.204833e+00 -1.699856e+00 5.817475e-01 -2.767724e-01 2.374470e+00 -1.684640e+00 2.002358e+00 2.544920e-01 7.061219e-01 -5.662214e-01 9.938639e-01 8.043386e-01 -9.626643e-02 
-1.620403e+00 2.392198e+00 -5.134052e+00 -1.768960e+00 5.487591e+00 6.674733e+00 7.043993e+00 -5.339923e-01 7.661477e+00 8.405190e+00 6.913064e+00 1.751033e+00 -1.054157e-01 3.523967e-01 -1.710798e+00 8.016337e-01 5.014857e-01 1.667749e+00 -2.404154e+00 1.642354e+00 -7.553145e-02 9.026604e-01 -1.096401e+00 -5.350136e-01 -1.065944e-01 -6.270619e-02 
-1.273262e+00 3.704221e+00 -3.470868e+00 1.897330e+00 5.292371e+00 1.646892e+00 3.742757e+00 -6.839437e-01 5.288433e+00 -1.361784e+00 2.078927e-01 -1.553613e+00 -1.213686e-01 -7.106050e-01 -4.968606e-01 6.078597e-01 1.445550e+00 5.670573e-01 -5.471862e-01 8.837751e-01 -1.343555e+00 -2.066202e+00 -1.547061e+00 -4.988636e-01 4.976358e-02 1.524258e-03 
-3.313434e+00 1.617369e+00 -1.290847e+00 2.301693e+00 6.449255e+00 -2.675190e+00 4.695491e+00 -4.661239e+00 5.454038e+00 8.328381e-01 -1.665233e+00 -3.627214e+00 -1.158298e-01 -3.148228e-01 2.254124e-01 1.309711e+00 1.656047e+00 4.241215e-01 5.369452e-01 4.994021e-01 -1.718894e+00 -3.334309e+00 -1.903805e+00 -1.859801e+00 -3.138625e-01 1.761019e-03 
-2.927795e+00 2.396386e+00 -1.076703e+00 3.276399e+00 8.583776e+00 6.312253e+00 7.471839e+00 -5.992951e+00 -5.775210e+00 -1.348585e+00 -1.668898e-01 -1.592044e+00 -1.234015e-01 1.885900e-02 8.457164e-02 9.255341e-01 8.279909e-01 1.367193e-01 1.462009e+00 2.051622e-01 -1.011816e+00 -8.727270e-01 1.290758e+00 -5.394145e-01 -4.821086e-03 -1.063359e-03 
-2.367250e+00 4.173178e+00 2.174189e-01 5.821737e+00 5.962495e+00 7.026778e+00 7.676463e+00 -6.473958e+00 -3.478243e+00 -1.120436e+00 -2.198552e+00 2.009360e-01 -9.559417e-02 1.583087e-01 2.766427e-01 3.311900e-01 6.711797e-01 2.821653e-01 1.394670e+00 7.190328e-01 8.984208e-01 1.034184e+00 5.829106e-01 -2.968884e-03 5.632780e-01 -4.797793e-03 
-1.652059e+00 2.849175e+00 4.026701e-01 4.277263e+00 6.219347e+00 4.105952e+00 3.278082e+00 -4.836666e+00 5.390939e+00 6.068642e+00 -2.222520e+00 -3.491794e+00 -1.368033e-01 -4.754184e-01 -5.513680e-01 -1.210605e-01 -2.278996e-01 -3.685008e-01 -9.606441e-01 1.716884e-01 1.288876e+00 2.373263e+00 4.925266e-01 3.853648e-01 7.034618e-01 -6.747961e-03 
-3.159759e+00 2.774188e+00 -3.745835e-01 5.157160e+00 9.042296e+00 5.401309e+00 1.038753e+01 -7.472780e-01 5.041883e+00 3.877753e-02 -6.522619e-01 1.390506e-01 -1.331179e-01 -2.174997e-01 -3.497136e-01 -2.314848e-01 -5.545753e-01 1.457365e-01 -6.307648e-01 -1.174343e-02 1.458064e+00 3.788335e-01 -3.469133e-01 1.504576e-01 6.125677e-01 -5.450440e-03 
-4.908633e+00 3.390412e-01 -1.386004e+00 2.469190e+00 5.201372e+00 2.321768e+00 6.974746e+00 -2.411913e+00 1.831040e+00 5.344406e-01 9.867892e-01 1.956207e+00 -1.383795e-01 -4.110082e-01 -1.360979e-01 -2.660162e-01 -5.059549e-01 -3.159601e-01 -7.102102e-01 3.117402e-01 4.023314e-01 -5.994514e-01 -7.657632e-01 -4.891767e-01 3.092799e-01 3.318632e-03 
-1.826462e+00 3.679677e+00 -4.566765e-02 3.952897e+00 7.200165e+00 4.765046e+00 5.769414e+00 -3.960159e-01 1.958740e-01 -8.790249e-02 -3.050918e+00 5.397737e-01 -1.220583e-01 -1.577682e-01 1.154499e-01 2.087660e-01 -1.545050e+00 -2.226978e-01 -5.019042e-01 -1.114503e+00 -7.404639e-01 -1.197737e-01 3.898649e-01 -5.619161e-01 1.603189e-01 6.635499e-03 
-4.373748e+00 1.715941e+00 -1.091869e+00 2.349619e+00 5.560613e+00 8.730319e-01 7.145843e+00 -3.000640e+00 4.816687e+00 2.303165e+00 -3.469075e+00 -2.145756e+00 -1.257399e-01 3.089189e-01 3.517703e-01 2.328791e-01 -2.634312e-01 6.621563e-01 5.628000e-01 1.859851e-01 -1.410286e-01 1.904761e-01 5.377720e-01 -1.192952e-01 -5.772790e-01 3.461695e-03 
-4.216043e+00 2.662987e+00 5.221784e-01 -2.508306e+00 7.749187e+00 3.616156e+00 4.729471e+00 -4.155233e+00 2.950191e+00 1.103740e+00 -1.233910e+00 2.991627e+00 -1.062602e-01 -5.292797e-03 -1.127469e-01 4.287349e-01 -1.657395e-01 -4.296938e-01 5.141104e-01 2.832495e-01 -8.524507e-01 3.279361e-01 6.891922e-01 1.068697e+00 -1.051830e+00 -5.097032e-03 
-2.169249e+00 2.606237e+00 -5.055320e-01 4.382636e+00 8.237642e+00 5.710213e+00 8.424644e+00 -1.237447e+00 1.406262e+00 2.627479e+00 -5.181906e-01 -2.156115e+00 -1.289700e-01 3.968303e-01 1.281095e-02 -3.560317e-01 -1.496988e-01 -3.630297e-01 2.806521e-01 1.248535e-01 6.238267e-01 1.147626e+00 4.019460e-01 5.572402e-01 2.295301e-01 -5.413330e-03 
-2.955175e+00 2.670794e+00 1.804838e+00 2.107691e+00 3.713181e+00 4.917008e+00 6.546261e+00 -5.539866e+00 3.540767e+00 3.195901e+00 8.171266e-01 -4.714195e+00 -1.459284e-01 2.445430e-01 -3.359980e-01 -8.743502e-01 -8.701563e-02 -8.289253e-01 -6.711514e-01 -5.449975e-01 1.137096e+00 1.830125e+00 1.029328e+00 2.214322e-01 6.508923e-02 -9.018886e-03 
-3.020030e+00 1.776093e+00 -3.513357e+00 -7.068732e-01 5.763467e+00 1.625866e+00 6.861715e+00 8.108096e-01 1.025953e+01 3.266814e+00 -1.708393e+00 2.854805e+00 -1.329725e-01 -4.978209e-02 1.905048e-01 -1.226911e+00 -6.963450e-01 8.536775e-02 -5.616797e-01 -1.191327e+00 1.557442e+00 1.832685e+00 1.830148e+00 8.487105e-01 4.183805e-01 5.759299e-03 
-2.567937e+00 1.398070e+00 -2.345661e+00 -3.986299e-01 4.841649e+00 2.302572e+00 2.785947e+00 5.061193e-01 7.674186e+00 5.930710e+00 4.683518e-01 8.116132e-01 -1.493534e-01 -1.935368e-01 9.119358e-02 -5.936049e-01 2.129753e-01 1.295253e+00 2.401397e-01 -1.047749e-01 1.779497e+00 -6.574551e-01 4.160862e-02 -2.663975e-01 -3.425437e-01 4.948342e-03 
-2.611778e+00 4.195124e+00 -4.564839e+00 2.154072e+00 8.100248e+00 4.209033e+00 4.348165e+00 3.526768e+00 8.502980e+00 1.041082e+01 3.899750e+00 -2.827116e+00 -9.846103e-02 8.395205e-02 3.667973e-01 8.082308e-01 5.419963e-01 3.936645e-01 1.050255e+00 3.655262e-01 6.149688e-02 -2.333038e+00 -1.024917e+00 6.715100e-01 6.436217e-01 2.500534e-03 
-4.126986e+00 1.917246e+00 -6.374454e-01 1.742095e+00 9.021055e+00 4.826123e+00 7.279162e+00 1.999640e+00 1.131766e+00 -1.680567e-01 -3.318933e+00 -3.585953e+00 -1.384424e-01 6.852646e-02 3.043233e-01 9.991016e-01 6.518456e-01 8.563786e-01 6.287619e-01 1.035038e+00 -9.160407e-02 -1.745156e+00 -2.054715e+00 1.071642e-01 1.432629e+00 -3.073251e-03 
-1.820745e+00 3.350491e+00 -3.263109e-01 9.327455e-01 5.642086e+00 5.615365e+00 6.442739e+00 3.715336e-01 1.865550e+00 1.191611e+00 3.542799e+00 8.271697e+00 -1.259253e-01 -2.398953e-01 -6.317168e-01 5.174378e-01 -3.020334e-01 -5.894241e-01 6.800051e-02 1.082322e+00 3.043081e-01 2.957403e-01 -1.138006e+00 3.010239e-01 2.089255e+00 -1.182084e-02 
-2.620821e+00 3.342003e+00 5.305836e-01 3.471262e+00 1.035262e+01 4.743216e+00 6.913850e+00 1.625716e+00 2.267124e+00 2.667372e-01 1.182648e+00 2.425354e+00 -1.509875e-01 -3.117670e-01 -7.483371e-01 -1.727874e-01 -6.781045e-01 -1.226408e+00 -2.353165e-01 -4.163429e-01 -7.815205e-01 1.606745e+00 2.799068e-01 5.463493e-01 -4.061882e-01 -4.570329e-03 
-4.564337e+00 3.241613e-01 -2.561665e+00 -2.206781e-01 4.487344e+00 4.590489e+00 9.942430e+00 5.235271e+00 9.414003e+00 4.503389e+00 3.154079e+00 4.613504e+00 -1.512927e-01 -5.364234e-01 -7.764400e-01 -3.414329e-01 -6.553543e-01 -7.593104e-01 -2.422494e-01 -2.061011e-01 -9.512458e-02 1.193739e+00 1.456030e-02 -2.032375e+00 -2.567267e+00 -4.835761e-03 
-4.314025e+00 -3.112748e-01 -3.837054e-01 -1.071715e+00 3.466385e+00 4.161978e+00 3.447602e+00 -4.339831e+00 5.391266e+00 -4.244113e-01 -3.928257e-01 -3.787797e+00 -1.486104e-01 -3.077380e-01 -5.944274e-01 -7.001623e-01 -1.863086e-01 -4.766104e-01 4.634882e-01 1.537585e-01 -5.458080e-01 3.054921e-01 8.529023e-01 -1.085918e+00 -1.817416e+00 -6.103516e-05 
-3.656260e+00 1.294929e+00 -1.576331e+00 -7.253766e-02 5.288653e+00 4.694736e+00 7.145357e+00 2.878685e+00 6.272174e+00 1.609987e+00 -5.831338e+00 -1.458063e+00 -1.512927e-01 2.064842e-01 2.513630e-01 -6.356065e-01 5.725953e-01 1.010962e+00 1.977812e+00 6.691699e-01 -6.294361e-01 -1.277623e+00 3.251281e-01 -6.868619e-01 -1.517815e+00 4.171312e-03 
-4.613549e+00 -1.155180e-01 -3.462895e+00 2.465648e+00 7.568916e+00 7.008533e+00 9.081179e+00 7.496953e-02 5.365499e+00 5.977950e+00 2.457649e-01 -3.625943e+00 -1.512927e-01 -2.593378e-01 2.831125e-01 -5.710283e-01 2.319264e-01 8.970279e-01 1.235359e+00 1.526080e+00 2.164431e-01 -9.944485e-01 -3.178148e-01 1.445065e-01 5.607449e-01 4.579925e-03 
-3.382154e+00 1.483098e+00 -4.200102e+00 8.736167e-01 7.490889e+00 1.305627e+01 1.047149e+01 -1.193101e-01 3.038773e+00 2.927849e+00 -5.995259e-01 -3.056497e+00 -1.290950e-01 -5.958052e-01 4.740900e-02 3.570680e-01 1.605656e-01 5.549867e-01 -4.089358e-01 3.151688e-01 -1.329497e+00 -1.625288e+00 -9.737833e-01 1.275479e+00 1.135059e+00 3.761637e-03 
-5.747767e+00 1.010203e+00 -1.926961e+00 -3.851604e-01 6.850406e+00 6.158007e+00 9.414936e+00 -1.758618e+00 2.035724e+00 -2.672416e+00 -2.286199e+00 -1.848558e-01 -1.368096e-01 -5.589641e-01 1.094787e-02 7.430800e-01 6.632119e-01 7.444133e-01 -1.562615e+00 -3.461843e-01 2.527936e-01 -2.086063e-01 3.518313e-01 1.542179e+00 2.322601e+00 8.174896e-04 
-6.068177e+00 9.691133e-01 -5.589578e-01 2.155694e+00 8.422842e+00 3.075320e+00 8.554322e+00 -2.852006e+00 -1.893773e-01 1.066253e+00 1.812038e+00 2.496690e+00 -1.397260e-01 -5.684000e-01 -3.387758e-01 5.622964e-01 1.405993e+00 1.064283e+00 -1.971276e+00 -5.431393e-01 1.011310e+00 9.696358e-01 2.282043e+00 2.373788e+00 2.192925e+00 -3.066957e-03 
-6.065358e+00 1.962137e-01 -1.568067e+00 5.140669e+00 1.082501e+01 4.185933e+00 8.308842e+00 2.705286e+00 5.936543e+00 8.667904e+00 6.750877e+00 5.210466e+00 -1.418897e-01 -6.323624e-02 -2.400879e-01 -2.913222e-02 1.403663e+00 1.035136e+00 -2.833535e-01 -2.457669e-01 1.448510e+00 1.392756e+00 3.028229e+00 2.301299e+00 1.350442e+00 -1.232386e-03 
