-7.158575e+00 2.140590e+00 -1.216647e+00 -3.484399e+00 2.565639e+00 -8.335372e+00 -4.184560e+00 1.822856e+00 3.351985e+00 8.731620e-01 -3.433247e+00 -1.424985e+00 -1.512927e-01 3.668775e-02 -2.379504e-01 -7.847300e-01 -2.330839e-01 4.561078e-01 1.047743e+00 2.353935e+00 5.938680e-02 -4.233823e-01 3.171567e-01 8.104272e-02 -2.857841e-01 0.000000e+00 
-7.073539e+00 2.500742e+00 -3.282198e+00 -3.644773e+00 2.797546e+00 -5.913227e+00 1.153740e+00 3.289277e+00 6.711932e+00 3.431017e+00 -2.741752e+00 -1.746730e+00 -1.512927e-01 -4.153919e-02 -1.983790e-02 -2.860742e-01 -3.720721e-01 4.815213e-01 9.648566e-01 1.564664e+00 1.974666e-01 -7.874148e-01 7.975190e-01 1.868765e+00 7.691878e-02 0.000000e+00 
-7.017654e+00 7.707615e-01 -4.107521e+00 -4.569632e+00 4.730225e+00 -4.307731e+00 4.915964e+00 1.386579e+00 -4.449007e-01 1.180018e+00 -3.373781e+00 -2.693033e+00 -1.512927e-01 -1.469276e-01 -2.614269e-01 -2.356518e-01 4.504698e-01 2.525829e-01 4.546542e-01 7.314695e-01 6.808360e-01 -1.541281e-02 -8.636852e-02 1.531905e+00 2.184989e-01 0.000000e+00 
-7.436731e+00 2.726314e+00 -1.201581e+00 -4.802144e+00 3.890953e+00 -5.524909e+00 -9.115026e-01 3.028327e+00 1.313353e+00 4.707329e+00 5.880847e+00 -4.063671e-01 -1.512927e-01 -1.297058e-01 -5.918697e-02 2.359877e-01 1.440165e+00 -1.446867e-01 -6.375268e-01 -6.787007e-01 3.030737e-01 1.098817e-01 -2.828779e-01 -4.880928e-01 -9.941909e-02 0.000000e+00 
-7.711617e+00 7.206690e-01 -3.435215e+00 -6.533651e-01 3.281850e+00 -6.256260e+00 5.054085e-01 5.357511e+00 5.974210e+00 -1.968364e-01 -8.502197e-02 -1.002672e+00 -1.512927e-01 -8.258295e-02 -3.525281e-02 -5.085505e-01 1.522473e+00 -3.599879e-02 -3.082534e-01 -9.104984e-01 8.078738e-02 1.274371e+00 6.246669e-01 -8.359162e-01 6.167290e-01 0.000000e+00 
-7.375087e+00 2.229853e+00 -2.438413e+00 1.597918e+00 2.798300e+00 -8.126596e+00 -3.448665e-02 2.819180e+00 4.051785e+00 2.705055e+00 -6.826595e+00 -3.089006e+00 -1.512927e-01 7.966385e-02 -1.992045e-01 -4.350144e-01 6.944600e-01 -9.938785e-02 -1.517284e-01 6.435893e-01 -8.073223e-01 -6.122135e-01 1.228189e-01 -1.599564e+00 5.526082e-01 0.000000e+00 
-7.461391e+00 8.427281e-01 -6.031857e+00 -1.572986e-01 5.096558e+00 -4.548155e+00 -7.503629e-02 1.895090e+00 4.557738e+00 5.304490e+00 -1.199640e+00 1.731931e+00 -1.512927e-01 1.491771e-01 2.188617e-01 3.786837e-02 -2.224192e-01 3.438934e-01 -5.911005e-01 -3.808719e-01 -1.345700e+00 -2.024898e+00 5.460461e-01 1.003303e+00 4.452775e-01 0.000000e+00 
-7.163525e+00 1.669262e+00 -2.078331e+00 -1.577877e+00 2.486660e+00 -7.137604e+00 2.596666e+00 7.229268e-01 -1.039479e+00 2.570760e+00 -1.559664e+00 9.893726e-01 -1.512927e-01 -1.853598e-01 9.220208e-02 6.845948e-01 2.107013e-01 2.970779e-01 -3.637215e-01 -5.506138e-01 5.926304e-02 -1.262750e+00 -7.491974e-01 1.723647e+00 -2.697423e-01 0.000000e+00 
-7.071512e+00 2.095273e+00 -3.425914e+00 -1.775637e-01 5.157137e+00 -9.706259e+00 -2.714527e+00 -3.228631e-01 -1.604649e+00 2.600541e+00 2.298029e+00 -8.154738e-01 -1.512927e-01 -9.884443e-02 3.332567e-01 7.151196e-01 1.081755e-01 -4.731752e-01 -5.756333e-02 -1.768579e-01 6.653379e-01 6.071526e-01 -1.320477e+00 -2.770073e-01 -9.932361e-01 0.000000e+00 
-8.496825e+00 2.064591e+00 -3.184110e-01 2.661557e+00 4.253399e+00 -7.366152e+00 -1.467810e+00 4.224472e+00 8.192257e-01 3.110419e-01 4.280603e-02 -3.164015e+00 -1.512927e-01 -2.202888e-01 4.159450e-01 4.857162e-01 4.928201e-01 2.238239e-01 1.420620e+00 2.408969e-01 8.473728e-01 5.356997e-01 -7.627474e-01 -1.401078e-01 4.932740e-01 0.000000e+00 
-7.288963e+00 2.311347e+00 -3.336220e+00 -1.736138e+00 1.847312e+00 -4.721697e+00 1.072913e+00 3.471007e+00 6.664149e+00 -1.680374e-01 -3.385911e+00 -1.157555e+00 -1.512927e-01 -2.943905e-01 3.908059e-01 7.296292e-01 3.336851e-01 2.996128e-01 1.472441e+00 1.405655e+00 6.560324e-01 -2.982939e-01 -3.151468e-01 -5.215954e-01 1.000952e+00 0.000000e+00 
-8.156243e+00 3.640950e+00 3.054026e-01 1.665510e+00 5.260693e+00 -2.526783e+00 1.907431e+00 3.062855e+00 -2.495379e+00 1.413128e-01 5.817668e-01 3.626783e+00 -1.512927e-01 -4.471959e-01 -9.177200e-02 -8.250856e-02 -1.539222e-01 6.049295e-01 1.080457e+00 8.795735e-01 -3.322297e-01 2.261446e-01 1.225463e+00 4.132956e-01 3.861824e-01 0.000000e+00 
-8.713756e+00 3.261123e+00 -8.967429e-02 1.988885e+00 6.151555e+00 -4.763736e+00 2.626125e+00 3.538107e+00 -1.438816e+00 1.109672e+00 -5.794283e-01 7.938849e-01 -1.512927e-01 -8.802527e-01 -1.249252e+00 -4.626454e-01 -1.221872e-01 -4.089803e-01 -4.049851e-01 -3.231258e-01 -9.787250e-02 3.471355e-01 1.983161e+00 1.656519e+00 6.725594e-01 0.000000e+00 
-1.002041e+01 1.130843e+00 -2.354227e+00 2.943444e-02 5.125926e+00 -1.942847e+00 2.153451e+00 2.529773e+00 6.001431e+00 5.799504e+00 7.060424e-01 -2.208823e+00 -1.512927e-01 -8.766791e-01 -1.432299e+00 -8.282736e-01 -1.020843e+00 -5.111858e-01 -7.643758e-01 -8.164163e-01 -4.201304e-01 1.244567e+00 1.158620e+00 8.265177e-01 -4.760249e-01 0.000000e+00 
-1.075814e+01 -2.679857e+00 -4.319632e+00 -1.529036e+00 -1.302061e-01 -7.038590e+00 -6.657264e-01 3.248185e+00 4.151422e+00 6.918672e+00 4.834547e+00 5.123045e+00 -1.512927e-01 -5.761023e-01 -9.249409e-01 -6.448663e-01 -5.930954e-01 -1.606131e-01 -7.926203e-01 -7.220494e-01 -2.573791e-01 8.087873e-03 3.490253e-01 5.277166e-01 -2.873573e-02 0.000000e+00 
-1.151744e+01 -5.500553e-01 -1.720987e+00 -1.679745e+00 5.845644e+00 -5.211235e+00 -5.287247e-01 1.107164e+00 9.323355e-01 3.029915e+00 2.007368e+00 -9.179217e-01 -1.512927e-01 -1.637890e-01 2.780963e-01 5.902634e-01 2.894588e-01 3.241979e-01 -2.929192e-01 -1.162639e-01 -6.253395e-02 -1.385585e+00 -7.846068e-01 -1.779731e-01 4.463681e-01 0.000000e+00 
-1.084575e+01 -5.231327e-01 -3.630626e+00 -1.220021e-01 4.988630e+00 -7.092644e+00 3.569661e-01 2.962516e+00 1.136171e+00 4.239593e+00 1.408492e+00 4.755378e-03 -1.512927e-01 5.636330e-02 3.539498e-01 7.170709e-01 4.108160e-01 1.113924e+00 1.700472e+00 5.359792e-01 -4.646751e-01 4.078690e-02 -5.379807e-01 -8.542243e-01 2.986209e-01 0.000000e+00 
-1.079555e+01 1.442962e+00 2.525874e-01 7.732112e-01 4.187497e+00 -3.380416e+00 1.060785e+00 2.359938e+00 5.811321e-01 3.216009e+00 1.529204e+00 2.582162e+00 -1.512927e-01 -1.791868e-01 -8.168508e-02 5.482386e-01 1.507959e-01 -2.367136e-01 1.746964e+00 6.676731e-01 -1.284477e+00 1.317276e+00 4.672506e-02 -1.176282e+00 2.599547e+00 1.240091e-02 
-1.083727e+01 -1.906617e+00 -1.721065e+00 -7.014344e-01 6.268488e+00 5.483594e-01 1.219414e+00 2.984232e-01 4.530958e+00 4.135722e+00 8.025075e-01 4.866108e+00 -1.512927e-01 2.374716e-01 -1.541057e+00 -7.012628e-01 -2.445009e+00 3.794971e-01 2.883589e+00 -4.388184e-01 -2.118317e+00 1.111457e+00 -9.901968e-01 -1.267121e+00 1.462720e+00 2.296770e-02 
-1.241762e+01 -2.667386e-01 6.542593e-02 -6.360493e-01 4.022147e+00 -2.969148e-01 2.378417e+00 -3.983174e+00 5.821321e+00 3.315476e+00 -3.571051e+00 9.649137e+00 -8.928812e-02 5.910038e-01 -2.940936e+00 -1.772095e+00 -3.191450e+00 7.093059e-01 2.276200e+00 -3.414839e-01 -1.055322e+00 4.039683e-01 -7.971464e-01 -5.280474e-01 1.338163e+00 5.430854e-02 
-8.847359e+00 -7.373568e+00 -7.043359e+00 -1.164242e+01 6.968790e+00 5.783551e+00 -2.495941e+00 -4.457514e+00 4.073363e+00 -7.611247e-01 -2.376987e+00 3.784866e+00 -6.745648e-02 2.920840e-01 -2.108104e+00 -4.649364e-01 -7.210802e-01 -3.907601e-01 4.550830e-01 1.292728e+00 4.987018e-01 -1.409836e+00 -1.630502e+00 6.126208e-02 1.414750e+00 4.495414e-02 
-8.835490e+00 -1.052824e+01 -5.946740e+00 -9.713550e+00 7.383875e+00 5.382987e+00 1.211044e+00 -5.387050e-01 2.829771e+00 1.678700e+00 4.787141e-01 9.813596e+00 7.833195e-02 5.977203e-01 4.109286e-01 -4.261072e-01 -6.099033e-02 -1.369172e+00 -1.502109e+00 9.432194e-01 2.511259e+00 -1.853590e+00 -1.449276e+00 1.775286e-01 -2.024653e+00 -6.688464e-03 
-1.116792e+01 -7.316385e+00 -1.039664e+00 2.319150e-01 2.633823e+00 -1.617646e-02 8.266741e+00 1.069697e+00 -1.022445e+00 -3.198398e+00 -9.160646e-01 1.185763e+01 -1.033199e-02 8.013794e-01 3.203065e+00 8.539631e-01 2.050781e+00 -2.594093e+00 -3.226929e+00 8.247299e-01 2.202572e+00 -1.210038e+00 -6.508595e-01 -3.222122e-01 -1.689879e+00 -3.972970e-02 
-8.268735e+00 1.759313e+00 -5.066958e+00 -6.878166e+00 -6.562314e-01 -4.907597e+00 1.713173e+00 5.809516e+00 -8.987234e-01 -2.712269e+00 -3.413869e+00 -4.510509e+00 -1.512927e-01 1.112891e+00 3.448761e+00 4.509736e-01 4.022785e-01 -2.369270e+00 -2.696631e+00 -5.692616e-01 1.200577e+00 1.468384e-01 3.280501e-01 -2.724677e-01 -2.890235e+00 -6.002099e-02 
-5.123839e+00 2.497978e+00 -3.213435e+00 -2.806204e+00 -1.981622e+00 -5.205804e+00 1.376644e+00 3.381236e+00 -1.125778e-01 -1.819938e+00 -2.041757e+00 2.497525e+00 -1.512927e-01 1.300445e+00 2.747326e+00 -1.675212e-02 -1.158405e+00 -3.076539e-01 -2.864262e-01 -2.523374e+00 -4.369652e-01 3.932557e-01 2.065431e+00 1.951658e+00 -8.690831e-01 -2.206469e-02 
-6.293072e+00 1.808386e+00 -2.604986e+00 -6.183098e+00 -2.154753e+00 -5.505353e+00 1.809785e+00 4.308409e+00 3.109029e+00 2.629721e+00 -3.207784e-01 4.247463e-02 -1.512927e-01 1.052013e+00 1.610334e+00 8.210369e-01 -6.706142e-02 6.878933e-01 5.440891e-01 -2.865604e+00 -1.992983e+00 -9.963015e-01 1.046468e+00 1.326892e+00 6.219519e-01 6.391001e-03 
-5.653522e+00 6.395708e+00 -2.354410e+00 -5.907645e+00 1.844815e+00 -1.149429e+00 -4.398434e+00 -3.645745e-01 -1.060043e+00 4.457764e+00 7.295678e+00 5.235722e+00 -1.206554e-01 7.189306e-01 1.150822e+00 3.379431e-01 -5.028371e-01 8.393019e-01 -2.254961e-01 -2.582976e+00 -1.409318e+00 -3.032057e+00 -1.486025e+00 -3.129835e-01 -9.556723e-01 6.062722e-03 
-2.743830e+00 7.862119e+00 -1.391286e+00 -5.662753e+00 8.700171e-01 -4.215339e+00 -9.727307e+00 -2.282490e+00 -5.406498e+00 -6.187792e-01 -1.448127e+00 -2.769847e+00 -1.346563e-01 7.473639e-01 5.519740e-01 -1.253780e-01 -5.038460e-01 3.234317e-02 -3.793688e-02 -1.175234e+00 1.478715e-01 -1.833228e+00 -2.790213e+00 -6.978232e-01 -8.226703e-01 7.461870e-03 
-3.303807e+00 5.225222e+00 -2.130569e+00 -5.580562e+00 7.025023e-01 -6.978292e+00 -5.769690e+00 -3.699021e-01 -1.101510e+01 -7.625814e+00 -3.043000e+00 -8.746756e-01 -1.292973e-01 2.722191e-01 -5.746855e-01 -5.711839e-01 -7.585887e-01 -1.132265e+00 -1.051086e+00 1.216480e+00 1.364604e+00 -1.434779e+00 -3.615623e+00 -2.781132e-01 -1.617223e+00 4.897976e-03 
-3.731110e+00 5.153499e+00 -3.343797e+00 -8.865870e+00 -1.421881e+00 -2.780606e+00 -3.380756e+00 5.050430e+00 -1.079585e+00 -5.279553e+00 1.359444e+00 -1.015678e+00 -1.096624e-01 4.453543e-01 4.354314e-01 5.523161e-01 1.577271e+00 8.304781e-01 -1.149689e-01 2.297972e+00 1.092411e+00 -4.675430e-01 -1.149242e+00 1.166205e+00 -3.210836e-01 1.200687e-02 
-3.798786e+00 4.876591e+00 -4.234074e+00 -8.099030e+00 -2.670560e+00 -7.122226e+00 -1.489309e+00 2.791985e+00 -1.039740e+01 -1.128996e+01 4.501326e+00 -3.727479e+00 -1.086625e-01 2.461372e+00 2.311272e+00 1.915203e+00 2.664651e+00 8.176182e-01 6.042029e-01 1.814542e+00 3.169635e-01 1.017574e+00 1.523090e+00 5.853755e-01 2.953745e-01 5.870689e-02 
-2.695689e-01 1.021359e+01 2.422047e+00 3.482836e+00 6.708939e+00 -4.718216e+00 -3.776393e-01 1.598624e+00 -8.053065e+00 -4.532914e+00 6.107363e-01 -2.948864e+00 -8.493936e-02 4.772343e+00 2.886478e+00 2.416995e+00 2.590446e+00 -1.278656e+00 -5.458912e-01 1.212917e+00 -1.201320e+00 4.401699e-01 2.394725e+00 -5.844012e-01 1.368704e+00 1.285557e-01 
7.272284e+00 1.425154e+01 4.562525e+00 1.568341e+00 7.251830e-01 -2.988472e+00 1.801463e+00 2.940819e+00 -2.440487e+00 -3.836844e-01 2.582315e-01 1.568790e+00 1.518757e-01 5.560509e+00 5.910963e-01 1.954581e+00 7.530427e-01 -4.420664e+00 -4.527651e-01 4.746822e-01 -1.903958e+00 2.791067e+00 4.089284e+00 -1.339693e+00 2.079213e+00 1.716717e-01 
1.459507e+01 1.489841e+01 4.342878e+00 -7.473247e-01 -9.513033e+00 -7.576940e+00 1.038443e+00 -1.030589e+00 -2.857190e+00 1.240933e+00 5.589852e-01 3.179708e+00 4.028470e-01 4.447142e+00 -1.979053e+00 4.688428e-01 -1.772301e+00 -7.819781e+00 -1.067294e+00 2.491185e-01 -2.136730e+00 2.960398e+00 2.438589e+00 -1.083002e+00 2.050581e+00 1.756285e-01 
1.657144e+01 5.489662e+00 4.578417e+00 -2.218737e+00 -1.666290e+01 -7.956690e+00 1.760604e-01 -5.413198e+00 9.599997e-01 6.269536e+00 -2.171264e+00 3.604298e+00 5.058026e-01 2.451607e+00 -3.680266e+00 2.665435e-01 -2.026502e+00 -7.424615e+00 3.648944e-01 -7.109202e-02 -2.416987e+00 3.209301e+00 2.171247e+00 -1.563334e+00 9.962580e-01 1.339294e-01 
1.731656e+01 4.699266e+00 4.758315e+00 -3.485133e+00 -2.369593e+01 -7.570579e+00 1.680654e+00 -4.908018e+00 5.048680e+00 4.333419e+00 -3.589526e+00 6.286288e+00 6.162395e-01 6.664216e-01 -3.863623e+00 1.635728e-02 -1.882298e+00 -5.887936e+00 2.995464e+00 2.614111e-02 -7.779473e-01 3.884475e+00 1.876833e+00 -1.797475e+00 8.843298e-02 9.929604e-02 
1.816957e+01 9.497805e-01 5.687524e+00 -7.195265e+00 -2.930645e+01 -1.167180e+00 1.124897e+00 -7.205403e+00 9.653084e+00 8.926310e+00 -5.484183e+00 4.996789e+00 7.148263e-01 -4.119319e-01 -2.842199e+00 -1.956385e-01 -2.227129e+00 -3.934788e+00 4.229493e+00 2.062661e-01 9.130780e-01 3.557690e+00 4.981247e-01 -1.366319e+00 -1.078198e+00 9.229536e-02 
1.712811e+01 -2.149762e+00 3.870111e+00 -7.670550e+00 -3.263094e+01 4.005627e+00 6.947302e-01 -4.024223e+00 1.221864e+01 9.296715e+00 -6.771927e+00 2.925627e+00 7.948154e-01 -1.309077e+00 -2.968475e+00 -3.733667e-01 -2.454798e+00 -1.459961e+00 4.661695e+00 4.482855e-01 1.137280e+00 2.378232e+00 -6.789698e-01 -1.222000e+00 -1.534623e+00 7.875796e-02 
1.460600e+01 -5.296819e+00 4.044327e+00 -1.126167e+01 -3.186933e+01 7.402674e+00 1.700353e+00 -1.289705e+00 1.516347e+01 6.278512e+00 -7.411658e+00 -1.063606e-01 8.779915e-01 -1.828454e+00 -2.193616e+00 -7.333876e-01 -1.922015e+00 2.083004e-01 4.149348e+00 5.931060e-01 1.877001e+00 6.486744e-01 -2.958832e+00 -7.217239e-01 -1.291750e+00 6.166948e-02 
1.255296e+01 -7.019811e+00 3.713079e+00 -1.372592e+01 -2.971429e+01 1.145297e+01 3.634354e+00 -2.179465e+00 1.418465e+01 2.262469e+00 -8.735788e+00 1.164748e+00 9.284468e-01 -1.738547e+00 -1.538061e+00 -6.577433e-01 -1.927846e+00 1.865692e+00 3.264867e+00 9.409234e-01 9.237778e-01 -7.766250e-01 -3.343210e+00 -4.833255e-01 -1.057032e-01 4.486906e-02 
1.131488e+01 -7.583276e+00 2.099102e+00 -1.377766e+01 -2.972327e+01 1.585589e+01 2.620615e+00 1.257223e+00 1.191345e+01 -2.350729e+00 -8.110872e+00 -5.815226e-01 9.563580e-01 -1.312008e+00 -8.804343e-01 -1.055115e+00 -1.065610e+00 2.490651e+00 2.818202e+00 3.122279e-01 3.966694e-01 -2.065917e+00 -2.531280e+00 -3.275291e-01 9.999615e-01 2.955477e-02 
1.008094e+01 -8.696838e+00 1.554007e+00 -1.605179e+01 -2.437551e+01 1.610336e+01 4.939217e+00 -6.787981e-01 9.960524e+00 -3.104713e+00 -8.838948e+00 2.634692e+00 9.799774e-01 -9.965929e-01 -7.044216e-01 -1.047855e+00 -5.658662e-01 3.158644e+00 1.663849e+00 -2.131103e-01 -1.486094e-01 -1.907476e+00 -1.734305e+00 7.838916e-01 8.331124e-01 1.614876e-02 
9.281977e+00 -8.860477e+00 -1.517104e-01 -1.542679e+01 -2.208547e+01 1.916849e+01 2.609061e+00 -5.669179e-02 6.945943e+00 -3.694298e+00 -8.997724e+00 4.158475e+00 1.000000e+00 -7.698425e-01 -5.603743e-01 -1.116231e+00 -1.123197e-01 3.877379e+00 7.148535e-01 -6.084561e-01 -1.170760e+00 -1.293948e+00 -9.621696e-01 1.664659e+00 7.655800e-01 6.192965e-03 
8.586447e+00 -9.903319e+00 -4.007905e-01 -1.573068e+01 -1.773997e+01 1.811591e+01 2.574579e+00 -2.265555e+00 7.131020e+00 -5.737270e+00 -4.372904e+00 2.960311e+00 9.873695e-01 -5.717466e-01 -5.943137e-01 -1.155360e+00 4.674989e-01 3.668103e+00 3.388605e-01 -1.342790e+00 -1.005935e+00 -1.121713e+00 -4.983981e-01 2.399936e+00 -4.509069e-01 1.178372e-03 
8.212913e+00 -9.781907e+00 -2.504654e+00 -1.449981e+01 -1.365414e+01 1.842388e+01 7.606528e-01 -3.803200e+00 6.858464e+00 -5.845299e+00 -2.020601e+00 3.083568e+00 9.836267e-01 -6.637186e-01 -6.451422e-01 -9.145721e-01 9.615084e-01 3.190960e+00 -4.505133e-01 -1.140767e+00 -9.923365e-01 -6.602462e-01 8.561578e-02 2.574551e+00 -1.104645e+00 -1.856464e-03 
7.756738e+00 -1.120769e+01 -3.046322e+00 -1.417778e+01 -1.025066e+01 1.816997e+01 -8.505285e-01 -3.835219e+00 4.395698e+00 -4.521204e+00 -3.278282e-01 9.176108e-01 9.940559e-01 -6.589752e-01 -6.379516e-01 -7.987753e-01 1.588554e+00 2.066482e+00 -2.651764e-01 -1.673208e+00 -4.920472e-01 -3.458048e-01 1.113693e+00 1.691242e+00 -1.233083e+00 4.247487e-04 
6.378239e+00 -1.143400e+01 -3.401806e+00 -1.139570e+01 -9.875324e+00 1.688890e+01 -1.382222e+00 -4.233542e+00 5.012373e+00 -3.874253e+00 1.852493e+00 -3.433978e-01 9.873745e-01 -5.641838e-01 -7.572006e-01 -4.509947e-01 1.789034e+00 1.640916e+00 -8.521612e-01 -1.307256e+00 -5.906073e-01 4.631227e-01 1.545577e+00 8.770115e-01 -1.420965e+00 -1.655346e-03 
6.208908e+00 -1.226703e+01 -3.946091e+00 -9.339968e+00 -9.296967e+00 1.755752e+01 -4.720023e+00 -4.510620e+00 6.325041e+00 -1.154329e+00 2.146761e+00 -1.491623e+00 9.876194e-01 -3.285008e-01 -5.965011e-01 -1.120935e-01 1.943408e+00 1.226847e+00 -1.441333e+00 -1.242567e+00 -1.855178e-01 1.011967e+00 1.447148e+00 2.145593e-02 -1.286647e+00 -8.118820e-03 
6.165908e+00 -1.303824e+01 -4.309743e+00 -7.973551e+00 -5.926404e+00 1.446929e+01 -3.840879e+00 -6.418536e+00 8.209406e+00 1.991504e-01 1.127162e+00 -2.816642e+00 9.785683e-01 1.143378e-01 -4.869469e-01 3.279132e-01 1.683586e+00 1.325137e+00 -2.214846e+00 -1.370034e+00 6.408806e-01 4.526242e-01 1.704687e+00 -7.684937e-01 -1.494608e+00 -1.961958e-02 
6.220399e+00 -1.338808e+01 -3.152821e+00 -6.171816e+00 -6.090884e+00 1.217310e+01 -5.834034e+00 -3.670311e+00 7.857015e+00 6.778338e-01 1.421169e-01 -4.279001e+00 9.578649e-01 5.206508e-01 3.204640e-01 7.213107e-01 1.510718e+00 1.437628e+00 -3.076063e+00 -1.160246e+00 1.030577e+00 -1.509680e-01 1.691743e+00 -9.992541e-01 -1.964086e+00 -4.511717e-02 
6.944182e+00 -1.330821e+01 -2.158875e+00 -4.561842e+00 -4.852683e+00 8.506875e+00 -7.675389e+00 -1.449293e+00 6.509508e+00 3.733100e+00 -9.876531e-01 -6.422750e+00 9.041538e-01 7.075921e-01 5.090934e-01 1.180906e+00 1.108682e+00 1.111168e+00 -3.299122e+00 -8.378370e-01 6.966230e-01 3.086770e-01 9.202379e-01 -4.851479e-01 -1.806391e+00 -5.153076e-02 
8.423025e+00 -1.052972e+01 -1.414972e+00 -3.492232e+00 -2.645689e+00 5.158417e+00 -8.603995e+00 -1.842355e+00 6.420150e+00 5.537411e+00 -1.792102e+00 -9.508999e+00 7.992408e-01 6.330530e-01 9.395064e-01 1.071518e+00 1.034036e+00 1.114980e+00 -2.785324e+00 -5.461500e-01 -7.222245e-02 5.627221e-01 3.209510e-01 1.581079e-01 -1.484629e+00 -5.595286e-02 
8.602555e+00 -1.192195e+01 7.258639e-01 -3.769935e+00 -2.093162e+00 1.481025e+00 -6.645082e+00 -3.849399e+00 1.047122e+01 2.370551e+00 -3.314675e-01 -9.233600e+00 8.002266e-01 5.063378e-01 2.019513e+00 5.236293e-01 1.727514e+00 7.460612e-01 -2.299138e+00 -6.442861e-02 -7.293351e-01 1.056690e+00 -1.966871e+00 5.994051e-01 3.790261e-01 -7.032090e-02 
8.556478e+00 -9.383677e+00 7.624010e-01 -1.397590e+00 -1.895746e+00 1.759410e+00 -9.079937e+00 -2.831371e+00 8.689768e+00 2.963863e+00 6.045635e-01 -1.029672e+01 7.300643e-01 2.843460e-01 2.510188e+00 2.654066e-01 2.688812e+00 7.974595e-01 -1.989552e+00 6.150371e-01 -4.743706e-01 -6.621097e-01 -2.726076e+00 9.244903e-01 1.753754e+00 -8.278891e-02 
9.409145e+00 -3.783670e+00 -6.294149e-01 3.028406e+00 -1.497348e+00 -1.289310e+00 -7.759562e+00 -4.601461e+00 1.065815e+01 -4.814483e+00 8.110393e-01 -4.133758e+00 5.871376e-01 4.976966e-01 2.947279e+00 1.046316e+00 3.558308e+00 5.839563e-01 -1.160436e+00 1.699185e+00 7.442772e-01 -5.323333e+00 -2.617847e+00 7.919143e-01 2.764229e+00 -9.398856e-02 
9.441460e+00 -2.047923e+00 5.897003e-01 6.552659e+00 1.043701e+00 -3.404176e+00 -4.971571e+00 -3.838177e+00 3.016138e+00 -4.500451e+00 2.259096e+00 -3.290152e+00 4.918407e-01 5.487162e-01 2.177769e+00 1.596747e+00 3.158416e+00 3.631802e-02 -8.489772e-01 3.250540e+00 4.547992e-01 -6.512587e+00 -2.454619e+00 8.001512e-01 3.096327e+00 -7.153644e-02 
1.064855e+01 -8.534336e-01 6.043794e+00 1.004648e+01 -6.431041e-01 -1.739360e+00 -2.033426e-01 3.753901e-01 -1.330863e+01 -6.986524e+00 2.800838e+00 1.084257e+00 4.493955e-01 3.387688e-01 1.557364e+00 1.392707e+00 2.242108e+00 1.914735e-01 9.549024e-02 2.453712e+00 6.258253e-01 -6.711479e+00 -4.599982e-01 9.830128e-01 1.713519e+00 -3.960634e-02 
1.068036e+01 4.004866e-02 5.409532e+00 1.088545e+01 -2.141278e+00 -2.260451e+00 3.394652e+00 -3.045800e+00 -1.188978e+01 -8.223213e+00 3.610421e+00 2.575906e+00 4.412531e-01 2.724975e-01 1.873357e+00 7.994007e-01 6.109921e-01 9.398258e-01 -4.088809e-01 1.678540e+00 6.010381e-01 -3.887669e+00 -3.413780e-01 5.181707e-01 9.367164e-01 -2.341917e-02 
1.048354e+01 2.959166e+00 3.924204e+00 1.207255e+01 1.052509e+00 -1.383722e+00 3.258896e-01 -1.868523e+00 -1.544629e+01 -5.253093e+00 5.050441e+00 1.500806e+00 4.143997e-01 -1.461250e-01 1.032934e+00 3.743476e-01 1.580488e-01 6.014870e-01 -4.763399e-01 -2.664351e-03 5.114972e-01 -5.067428e-01 6.407781e-02 5.272797e-01 -5.432956e-02 -1.636919e-02 
1.088645e+01 5.412562e+00 5.646498e+00 8.594585e+00 4.895024e+00 -5.626400e+00 3.156514e+00 2.889701e-01 -1.535338e+01 -7.074057e+00 3.725148e+00 1.185156e+00 3.922428e-01 -2.949507e-01 6.898991e-01 4.436840e-01 6.746387e-02 1.332360e+00 -8.096693e-02 -7.644441e-01 9.349063e-01 -7.818170e-01 4.095625e-01 1.112619e+00 -1.310130e+00 -2.051672e-02 
9.814876e+00 1.624977e+00 7.797049e+00 1.198216e+01 -1.153820e+00 -2.438085e+00 -9.759545e-02 1.265491e+00 -1.411054e+01 -7.240714e+00 5.379873e+00 1.507985e+00 3.920547e-01 -6.419188e-01 -4.851542e-01 4.514106e-01 8.995609e-02 7.064539e-01 6.261606e-01 -2.847091e-01 4.979474e-01 -3.093683e-01 2.943850e-03 8.198420e-01 -6.452647e-01 -2.315155e-02 
9.539936e+00 4.156639e+00 5.691530e+00 1.126797e+01 5.623687e+00 -2.138104e+00 -2.158258e-01 6.172420e-02 -1.646674e+01 -5.181591e+00 9.008801e+00 -3.978333e+00 3.498420e-01 -8.320449e-01 -5.313701e-01 -3.192585e-01 5.478450e-01 1.471379e-01 1.559049e+00 -7.322132e-01 2.629147e-01 5.680076e-01 5.576043e-02 4.202870e-01 -6.378559e-01 -2.602350e-02 
7.947204e+00 1.161356e+00 6.158741e+00 1.118564e+01 4.220447e+00 2.933025e-03 5.885143e-01 7.348368e-01 -1.643645e+01 -6.184607e+00 6.507824e+00 8.562266e-01 3.198423e-01 -8.218338e-01 6.381265e-01 -8.760595e-01 1.645009e-01 7.408102e-01 3.581730e-01 1.242007e-01 2.288692e-01 1.541143e+00 1.027015e+00 -2.530790e-01 -2.319701e-01 -3.694911e-02 
7.660062e+00 2.987522e+00 4.869359e+00 1.173207e+01 2.943580e+00 9.483385e-01 -8.476064e-01 1.868871e+00 -1.135039e+01 -7.323308e+00 5.262607e+00 -1.678245e+00 2.982315e-01 -8.172787e-01 8.261334e-01 -1.024867e+00 1.154183e+00 -3.854471e-02 -1.284791e+00 3.567087e-01 6.985216e-01 2.744680e+00 1.918573e+00 -2.689731e-01 6.284661e-01 -3.805061e-02 
6.645643e+00 5.400168e+00 3.827836e+00 1.257261e+01 3.890284e+00 -2.190442e+00 8.392981e-01 1.506264e+00 -8.963004e+00 -1.034779e+00 5.987575e+00 -8.019096e-01 2.331144e-01 -9.711539e-01 1.848648e+00 -7.900794e-02 1.533775e+00 6.925831e-01 -1.010989e+00 6.396801e-01 8.823875e-01 2.549905e+00 1.416392e+00 -5.909417e-01 -1.135604e+00 -3.634923e-02 
6.104323e+00 6.167900e+00 1.732645e+00 1.634540e+01 5.596045e+00 -7.465370e+00 1.442326e+00 3.168619e+00 -6.480063e+00 1.836363e+00 7.924061e+00 -6.933928e-03 2.029529e-01 -1.268635e+00 9.918472e-01 8.091369e-01 1.714120e+00 1.955322e+00 5.274404e-01 1.706360e+00 6.933540e-01 -1.757781e-01 1.691546e-01 -1.537222e+00 -2.162628e+00 -3.130357e-02 
3.869304e+00 8.814407e+00 7.332059e+00 1.654785e+01 6.357130e+00 -8.451576e-01 2.641949e+00 4.496900e+00 -6.122089e+00 -3.682484e+00 2.222389e+00 -5.657447e+00 1.857355e-01 -1.107322e+00 -5.877628e-02 8.041223e-01 9.066103e-01 1.063851e+00 1.277965e+00 6.470907e-01 -1.419654e-01 -1.577468e-02 -6.693937e-01 -2.215608e+00 -2.483823e+00 -3.563149e-02 
2.705056e+00 6.239638e+00 7.162932e+00 1.831505e+01 1.148677e+01 2.912899e+00 6.782868e+00 3.840322e+00 -1.364973e+01 -5.153682e+00 -5.409104e-01 -1.006361e+01 1.654031e-01 -1.126080e+00 -9.728094e-01 1.419761e-01 -9.659563e-01 3.429952e-01 1.176343e+00 -2.027711e-01 -2.049395e+00 6.402687e-01 5.254509e-01 -1.735891e+00 -4.371549e-01 -5.574327e-02 
2.808664e+00 5.070418e+00 5.133304e+00 1.612083e+01 6.264178e+00 -9.897528e-01 1.404480e+00 4.605850e-01 -5.457042e+00 -8.867250e-01 -8.579791e-01 -8.192684e+00 7.373190e-02 -1.054732e+00 -1.778028e+00 -1.762109e+00 -2.124436e+00 9.280944e-02 -6.136507e-01 -1.079790e+00 -3.329731e+00 7.081838e-01 1.684240e+00 -1.075619e+00 1.529672e+00 -6.596874e-02 
1.004244e+00 3.175848e+00 3.541903e+00 1.172912e+01 7.357497e+00 -1.511358e+00 1.047205e+00 -5.060198e+00 -3.611243e+00 3.065737e+00 7.847887e-01 -9.250897e-01 -1.976168e-02 -1.523224e+00 -1.746690e+00 -2.274820e+00 -3.073856e+00 7.909417e-02 -4.253335e-01 -1.269481e+00 -2.605065e+00 4.786874e-01 7.982528e-01 -2.371295e-01 1.873501e+00 -6.104623e-02 
-5.539498e-01 1.456161e+00 3.320289e-01 9.218636e+00 8.885812e+00 -1.701283e+00 1.108301e-01 -7.701495e+00 -7.600416e+00 6.290056e-01 -3.818554e+00 -2.578351e+00 -5.152583e-02 -1.766409e+00 -1.481097e+00 -1.902255e+00 -2.673983e+00 9.722187e-01 2.866380e-02 2.491027e-02 -1.695415e-01 -5.326678e-01 -2.820242e-01 -5.498610e-01 1.105318e+00 -4.181463e-02 
-3.229757e+00 -6.866854e-01 -1.810530e+00 6.396873e+00 1.057142e+01 1.141996e+00 1.082290e+00 -5.103964e+00 -1.018461e+01 -1.920284e+00 -2.462703e-01 -3.503278e+00 -7.719922e-02 -1.444318e+00 -8.198631e-01 -1.107926e+00 -2.108267e+00 1.338394e-01 -1.914521e-01 1.970113e-01 1.595068e+00 3.922518e-01 -2.730826e-02 3.214014e-01 2.349307e-01 -2.888622e-02 
-3.906380e+00 -4.038010e-01 -1.701754e+00 5.417046e+00 9.518311e+00 -2.173111e+00 1.511489e+00 -3.652396e-01 -4.833697e+00 1.961644e-01 -3.091754e+00 -1.377000e+00 -1.066225e-01 -1.092802e+00 -2.836498e-02 9.281918e-02 -6.998976e-01 -7.992952e-01 -5.340040e-01 9.238478e-01 2.979170e+00 2.391178e+00 1.669968e-01 1.331781e+00 8.954147e-01 -2.207667e-02 
-4.541132e+00 6.513089e-03 -9.808344e-01 3.088583e+00 7.710444e+00 -2.232705e+00 1.331932e+00 -7.529870e-01 -3.033344e+00 3.145617e+00 2.028396e+00 -3.511122e-01 -1.366445e-01 -2.423595e-01 1.320755e+00 1.194213e+00 2.407438e-01 -9.493794e-01 -1.391651e-01 1.037535e+00 2.405406e+00 3.674270e+00 1.667398e-01 -4.499211e-02 4.972468e-01 -1.436926e-02 
-5.362270e+00 9.677370e-01 3.812770e-01 7.373293e+00 6.319824e+00 -2.683953e+00 4.605248e+00 5.018867e+00 7.798413e-01 -1.068961e+00 1.703018e+00 3.226395e-01 -1.321865e-01 2.637573e-01 1.801224e+00 1.092597e+00 6.713724e-02 -7.841616e-01 3.007475e-01 7.470470e-01 1.516925e+00 1.778505e+00 -1.397415e+00 -2.514987e-02 2.908138e-01 -7.509327e-03 
-3.713610e+00 5.231321e+00 3.119022e+00 6.622469e+00 7.423766e+00 7.015910e-01 4.723083e+00 4.231013e+00 5.379972e+00 -4.540220e-01 -2.868617e+00 -1.866863e+00 -1.362635e-01 2.926847e-01 1.128942e+00 -4.237223e-02 -1.727455e-01 -1.244114e-01 5.514300e-01 4.762412e-01 7.291604e-01 8.748275e-02 -1.671735e+00 -1.622402e+00 1.513377e-01 -2.378643e-03 
-3.001354e+00 5.989916e+00 1.711303e+00 3.985789e+00 5.740841e+00 -2.136521e+00 3.551148e+00 4.727385e+00 -1.478300e-01 -4.991090e+00 -7.689973e-01 8.349446e-01 -1.443596e-01 2.336692e-01 4.400040e-01 -8.358719e-01 -5.079321e-01 9.991803e-01 6.437868e-01 -6.829773e-01 -1.222016e+00 -1.421526e+00 -9.040900e-01 -2.248563e+00 -6.607366e-01 -2.251458e-03 
-4.258166e+00 3.140136e+00 -1.857709e+00 3.918608e+00 7.377879e+00 2.507300e-01 4.240188e+00 3.038556e+00 -2.132094e+00 -3.251994e+00 -4.847607e+00 1.494235e-01 -1.424512e-01 -1.195347e-01 1.824706e-01 -3.867595e-01 2.486298e-01 8.628308e-01 1.994957e-01 -1.809290e-01 -8.979818e-01 -4.210815e-01 9.211509e-01 7.695384e-02 2.429823e-01 -1.089323e-03 
-3.921646e+00 4.213349e+00 -1.309717e+00 6.185563e+00 1.133867e+01 7.604122e-01 1.431810e+00 -4.949862e-01 -2.571754e+00 -4.190425e+00 -8.550303e+00 -3.989187e+00 -1.403500e-01 -8.246566e-01 -8.526363e-02 4.426989e-01 -1.944205e-01 7.192055e-01 3.947013e-01 -3.241882e-01 -8.137342e-01 1.418982e+00 2.236475e+00 7.947049e-01 1.351303e-01 -1.512992e-03 
-3.851137e+00 7.031958e+00 2.695734e+00 6.765731e+00 8.939006e+00 2.506027e-01 4.878108e+00 2.352289e+00 4.486527e+00 3.751400e+00 1.406805e+00 1.760114e+00 -1.437149e-01 -9.551703e-01 9.774850e-02 5.728293e-01 -4.607311e-01 2.639914e-02 -7.802932e-01 -3.068052e-01 -5.733907e-01 1.454460e+00 1.939033e+00 1.271007e+00 1.507972e+00 -2.862573e-03 
-7.328152e+00 3.617687e+00 1.648077e+00 1.590125e+00 8.556305e+00 -1.629512e-01 1.611247e+00 1.001847e+00 3.637767e+00 2.689590e+00 7.732069e-02 7.052506e-01 -1.512927e-01 -9.707298e-01 -5.444553e-01 -3.627232e-01 -1.267493e+00 -4.002751e-01 -3.472936e-01 -4.193179e-01 1.042490e-01 -3.755993e-01 -1.322756e-02 7.176846e-01 7.428662e-01 -2.946317e-03 
-7.330765e+00 3.926709e+00 -4.724591e-01 3.912672e+00 8.901056e+00 -3.189054e+00 2.616443e+00 -5.768141e-01 2.035446e+00 3.003164e+00 -2.806383e+00 5.342067e+00 -1.512927e-01 -5.070699e-01 -3.998632e-01 -2.888331e-01 -6.857246e-01 1.106759e-01 1.120944e+00 -8.553860e-01 -1.255066e-01 -2.064242e+00 -1.341876e+00 -2.321716e-01 -2.905080e-01 -1.515555e-03 
-7.035481e+00 3.043697e+00 -1.539236e+00 1.274626e+00 9.356268e+00 7.437725e-01 4.660530e-01 1.490811e+00 -3.224211e+00 -3.882445e+00 -2.855286e+00 -2.065832e+00 -1.512927e-01 -3.321453e-01 -7.582811e-01 1.488290e+00 -1.130147e+00 -7.641665e-01 7.466286e-01 -6.446236e-01 -7.432062e-01 -2.111809e+00 -4.788300e-01 1.791748e+00 -7.352334e-01 1.367145e-02 
-6.532822e+00 5.319637e+00 2.845225e+00 3.494857e+00 9.092404e+00 5.401963e+00 1.173775e+00 1.480275e+00 -2.403692e+00 3.280372e-01 1.712250e+00 1.693116e+00 -1.512927e-01 -5.255233e-01 -1.072423e+00 1.970023e+00 -1.532111e+00 -7.433439e-01 6.974143e-01 -5.110574e-01 -3.313438e-01 -1.031295e+00 4.453642e-01 2.863503e+00 -2.992138e-01 8.835387e-03 
-9.387850e+00 -8.701820e-01 7.430685e+00 -3.851704e+00 4.639798e+00 -7.253172e-01 -8.905365e-01 -3.742729e+00 -4.701711e+00 1.633004e+00 6.776745e+00 -1.146441e+00 -8.293545e-02 -4.325452e-01 -2.299814e-02 -3.203750e-03 -1.129661e+00 -4.279585e-01 -1.423300e-01 -5.067338e-01 -4.589099e-01 -2.418386e-01 2.160730e+00 1.895977e+00 1.167747e+00 9.556937e-03 
-8.782197e+00 5.215343e-01 4.892695e+00 -1.184717e+00 7.542572e+00 1.032562e+00 7.394508e-01 3.832367e-01 -2.382278e+00 2.472261e+00 6.695114e+00 3.386302e+00 -1.412944e-01 3.179395e-01 -3.885969e-01 -2.844087e+00 1.869545e-01 1.514391e-01 -1.510376e+00 -1.497260e+00 4.190498e-01 3.600249e-01 1.226010e+00 6.583528e-02 1.884541e-01 1.246941e-03 
-8.073520e+00 5.327757e+00 -2.578990e+00 -2.033892e+00 7.991392e+00 2.216823e+00 -1.850454e+00 -2.552198e-01 -4.444110e+00 5.849091e+00 4.133168e+00 2.926309e+00 -1.085072e-01 1.438539e+00 -1.260294e+00 -4.707944e+00 3.359420e+00 1.820554e+00 -1.341331e+00 -1.566796e+00 5.255373e-01 9.729799e-01 1.339374e+00 2.813718e-01 1.019627e+00 1.099300e-02 
-5.600289e+00 2.776827e-01 -6.370373e+00 3.520724e+00 8.173803e+00 -3.620989e+00 -5.832569e+00 1.831769e+00 -7.323682e-01 4.350044e+00 3.363215e+00 5.990118e-01 -1.322721e-01 7.765473e-01 -2.602193e+00 -3.041800e+00 1.822821e+00 2.538654e+00 -1.679519e+00 -9.897791e-01 -6.139628e-01 5.611572e-01 3.362563e-01 -4.862888e-01 2.257893e-01 2.797123e-02 
-3.786110e+00 -7.049726e+00 -1.047750e+01 1.059267e+01 1.342695e+01 -5.105198e+00 -5.438509e+00 -1.839309e+00 -6.617664e-01 7.390984e+00 9.849553e+00 5.345340e+00 -3.248155e-02 6.178331e-02 -2.983526e+00 -7.572803e-01 5.395377e-01 2.839759e+00 -1.192473e+00 2.287224e-01 -7.004928e-01 5.217595e-01 -5.900438e-01 -7.413121e-01 3.465569e-01 2.309334e-02 
-7.043165e+00 -6.300688e+00 -6.367052e+00 1.616106e+00 1.751806e+01 -3.704024e+00 -2.415417e+00 -1.894533e+00 -1.467665e+00 3.382596e+00 1.405477e+00 3.305733e+00 -3.945100e-02 -6.142807e-01 -1.240770e+00 4.117089e-01 -1.278580e+00 2.277962e+00 1.235104e-01 9.857394e-01 -7.507828e-01 -2.276491e-01 -5.943284e-01 -1.235955e+00 3.373834e-01 1.786728e-02 
