-7.307880e+00 -1.560713e+00 -2.934895e+00 -3.960456e+00 7.958612e-01 -1.200920e+00 6.482980e+00 -1.794999e+00 5.848316e+00 -1.339388e-02 2.737082e+00 1.224805e+00 6.513458e-02 -1.720282e-01 1.192917e-01 -1.144132e-01 5.562856e-01 9.140232e-01 1.335232e+00 -1.593264e-01 -1.769872e-02 2.075239e-01 5.066015e-01 -2.267243e-01 8.909692e-01 3.686786e-03 
-8.350224e+00 -1.454516e+00 -2.968533e+00 -3.104585e+00 2.985197e+00 4.854551e+00 6.660549e+00 1.249903e+00 8.307840e+00 1.772632e+00 2.799557e+00 2.075086e+00 8.643061e-02 1.600135e-01 2.681397e-01 4.105586e-03 1.285182e+00 1.135394e+00 1.006267e+00 1.546173e-01 1.703221e-01 -1.365689e-01 7.741362e-01 -3.946521e-01 1.025030e+00 3.535402e-03 
-7.646850e+00 -1.017353e+00 -3.490143e+00 -1.606963e+00 4.271310e+00 2.447502e+00 5.597563e+00 -3.405943e+00 5.656174e+00 1.626601e+00 1.572224e+00 5.254510e+00 7.292050e-02 2.164088e-01 1.681440e-01 -8.943935e-02 9.160128e-01 1.375341e+00 7.368709e-01 2.317431e-01 -3.074297e-01 -4.115960e-01 7.581509e-01 9.362562e-01 9.314847e-01 -1.972473e-03 
-6.338328e+00 -4.916947e-01 -2.636744e+00 1.288710e+00 4.735106e+00 2.006202e+00 7.698774e+00 -1.379162e-01 5.261543e+00 3.037290e+00 1.346251e+00 4.335102e+00 7.891864e-02 2.335665e-01 1.695268e-01 -3.148712e-01 8.157451e-02 8.088832e-01 2.627110e-01 5.005400e-01 6.656107e-02 -5.320264e-01 8.634456e-01 1.116045e+00 7.432695e-02 -1.939821e-03 
-7.231784e+00 -1.201404e+00 -3.547987e+00 -1.577039e+00 6.797611e+00 3.907609e+00 7.122582e+00 -2.638238e+00 5.313485e+00 3.145031e+00 8.145017e+00 4.752220e+00 5.902821e-02 2.377911e-02 3.832723e-01 8.665234e-02 -5.630142e-01 -9.827447e-01 -3.065059e-01 2.051434e-01 6.304624e-01 5.057733e-02 -2.566541e-01 -4.324925e-02 -1.288850e+00 -1.862985e-03 
-7.389924e+00 -5.148566e-01 -4.513967e+00 -2.711674e+00 5.766462e+00 5.438053e+00 8.400740e+00 1.198855e+00 5.819053e+00 5.330644e+00 5.093387e+00 2.697866e+00 8.367765e-02 -3.533939e-01 -1.309392e-01 -5.384830e-01 -5.341204e-01 -1.369846e+00 -1.140984e+00 -8.635722e-01 -1.237271e+00 -1.744599e+00 -1.145108e+00 -1.550524e-01 -6.842437e-01 -3.745723e-03 
-7.002156e+00 9.105890e-01 -2.118269e+00 -2.421842e+00 -1.158092e+00 -8.009527e-01 6.272297e+00 -9.220169e-01 5.630305e+00 -8.033466e-01 -5.175909e-01 -3.711243e-01 6.122607e-02 -3.229714e-01 -4.639958e-01 -7.466491e-01 2.400596e-02 -1.725945e+00 -1.834908e+00 3.651047e-02 -9.939305e-01 -2.344907e+00 -1.560331e+00 -7.881470e-01 -9.439422e-01 -1.124609e-03 
-8.220112e+00 -2.202387e+00 -6.044018e+00 -9.594908e-01 1.863727e+00 -1.344437e+00 3.806056e+00 -7.182381e+00 -3.619861e+00 -7.140589e-01 4.902293e+00 3.475555e+00 5.909109e-02 -1.400260e-01 -3.767166e-01 1.725729e-01 2.259372e-01 -6.643147e-01 -6.630403e-01 1.372788e-01 -1.306857e+00 -1.194100e+00 -1.239995e+00 -1.365941e-01 2.924134e-01 -6.460392e-03 
-8.431547e+00 -2.677618e+00 -6.516208e+00 -2.333101e+00 1.192551e-01 -1.875685e+00 9.602476e+00 -3.417272e+00 -1.691591e+00 -1.634272e+00 4.299829e+00 -3.563358e-01 6.569844e-02 -1.801157e-01 -2.274337e-01 1.957771e-01 -2.678367e-01 9.911610e-01 2.372696e-01 7.602388e-01 5.667597e-01 7.893769e-01 -3.404914e-01 7.519813e-02 1.412097e+00 3.030419e-04 
-7.375359e+00 -6.043363e-01 -1.452133e+00 -1.626358e+00 1.806215e+00 2.660217e+00 7.422044e+00 -4.087802e+00 3.509499e+00 -4.538661e-01 2.001707e+00 4.152538e+00 4.913950e-02 -2.605457e-02 4.354630e-01 1.070260e+00 -5.364536e-02 1.038236e+00 1.558390e+00 1.006426e+00 1.768189e+00 2.213203e+00 -5.562787e-01 1.865039e-02 1.200852e+00 -9.082019e-04 
-8.325111e+00 -1.025605e+00 -3.435326e+00 -3.427592e+00 3.826469e+00 -1.616932e+00 8.265497e+00 3.644923e-01 6.012510e+00 -2.635900e+00 1.308693e+00 6.350867e+00 6.771708e-02 -1.069908e-01 2.805765e-01 5.460240e-01 4.787427e-01 1.837736e+00 1.697071e+00 -2.545368e-01 1.957481e-01 1.941170e+00 1.183592e-01 3.291552e-01 1.262685e+00 7.020772e-04 
-8.403603e+00 -8.510790e-01 -2.233159e+00 -6.804723e-01 5.201298e+00 6.318134e+00 9.506676e+00 -2.323202e-01 3.594102e+00 -2.994638e+00 6.491113e+00 6.126212e+00 5.354077e-02 1.240669e-01 -1.937517e-01 -8.187366e-01 4.449809e-01 1.486741e+00 6.262230e-01 -7.971483e-01 -1.915522e-01 -6.297287e-02 -7.892275e-02 -1.085740e-01 -5.549854e-01 1.125634e-04 
-8.452379e+00 -1.151364e+00 -3.395575e+00 -4.123306e-01 7.610395e+00 4.780711e+00 7.287476e+00 -4.366272e+00 7.971961e+00 2.279108e-01 3.700902e+00 4.970251e+00 6.700820e-02 5.713048e-01 -1.407363e-01 -4.212348e-01 7.451688e-01 3.815789e-01 -2.296440e-01 -8.690295e-01 -1.138210e+00 -1.262851e+00 5.157648e-01 -9.491453e-01 -1.214572e+00 -2.714753e-03 
-6.691390e+00 -1.510215e+00 -5.565691e+00 -9.090843e-01 7.347959e+00 2.592510e+00 3.925313e+00 -2.680181e+00 2.214910e+00 -2.280385e+00 2.627319e-01 2.067919e+00 5.005676e-02 3.485783e-01 8.040984e-02 -1.094611e-01 3.035804e-01 -1.328086e+00 -3.223532e+00 -1.214041e+00 -9.646281e-01 -1.388228e+00 2.902654e-01 -9.981105e-01 -2.123479e+00 9.105146e-04 
-6.324694e+00 -1.399718e+00 -3.875234e+00 4.125578e-01 4.661034e+00 -9.023402e-01 6.711031e+00 -4.102625e+00 3.878489e-01 -4.142023e-01 -3.228432e-01 2.307153e+00 5.588531e-02 2.937066e-01 -8.336739e-02 2.839499e-02 -1.644277e-01 -2.965877e+00 -2.922596e+00 -5.918202e-01 -5.947107e-01 -1.525112e+00 3.167165e-01 6.636444e-01 -1.059990e+00 -1.223546e-03 
-7.724554e+00 -3.248527e-01 -2.540635e+00 4.249856e-01 3.554964e-02 -6.958000e+00 3.724694e+00 -5.187284e+00 4.450192e-01 -1.222255e+00 3.512433e+00 -3.159632e+00 6.365478e-02 -3.568821e-02 -4.047645e-02 3.620420e-01 8.109663e-02 -1.031380e+00 -5.952135e-01 7.761325e-01 2.488390e-01 7.184056e-01 1.488022e+00 1.555025e+00 -1.872560e-01 -1.068115e-03 
-6.467264e+00 -2.160882e+00 -4.766129e+00 -1.901504e+00 -3.562784e+00 -5.057016e+00 4.428684e+00 -6.086274e+00 1.231346e+00 1.282428e+00 5.394274e+00 2.284076e+00 5.409145e-02 -1.063883e-01 -3.917564e-01 3.571696e-01 6.215252e-01 4.720887e-01 9.190040e-01 3.859712e-01 1.299593e+00 5.903312e-01 2.646518e-02 7.943497e-01 4.456178e-01 -2.144712e-03 
-6.798546e+00 -1.332016e+00 -3.310034e+00 6.534297e-01 6.302969e+00 1.693781e+00 8.947148e+00 -4.441615e-01 5.385189e+00 4.311411e+00 5.179297e+00 1.143177e+00 4.561311e-02 2.530884e-01 -1.321390e+00 9.003202e-01 2.157979e+00 -2.983103e-02 8.645935e-02 1.781754e+00 2.101099e+00 6.242244e-01 -4.322301e-01 2.734920e-01 7.049403e-01 1.107199e-02 
-7.319639e+00 -2.854919e+00 -1.704686e+00 3.405962e+00 3.887767e+00 -6.332109e-01 6.029660e+00 2.377737e-02 8.694198e-01 -3.048709e+00 2.815473e+00 2.383837e+00 5.418259e-02 5.741978e-02 -5.164338e-01 1.598822e+00 7.040099e-01 2.986771e-01 5.641373e-01 -7.519639e-02 9.094334e-01 4.967842e-01 -1.002008e+00 -8.496237e-02 -7.201996e-01 1.985364e-02 
-6.032925e+00 -6.584784e+00 4.302450e-01 8.561148e+00 -3.838881e+00 -8.737606e+00 1.183298e+01 2.263186e+00 3.747104e+00 -1.217837e+00 6.169293e+00 3.151893e-01 1.189691e-01 -1.200854e+00 -1.750903e+00 2.950658e+00 -8.709596e-01 -6.566218e-01 6.159983e-01 -2.924235e+00 1.908937e-01 3.834042e-01 -9.109575e-01 -1.209692e+00 -1.796328e+00 7.891681e-02 
-6.562976e+00 -2.116667e+00 1.357841e+00 -2.335313e+00 3.001526e+00 2.979364e+00 2.609789e+00 -2.892781e+00 4.534309e+00 -9.629894e-01 4.474463e+00 -9.029279e-01 1.166816e-01 -9.627190e-01 -5.836129e-01 2.224696e+00 -1.897005e+00 1.003042e+00 2.742572e+00 -1.952025e+00 6.548680e-01 1.128788e+00 4.999974e-01 -4.061832e-01 -7.294677e-01 4.867612e-02 
-1.318115e+01 -1.045566e+01 9.911995e+00 -8.307307e-01 3.462980e+00 2.967484e+00 -3.964091e+00 1.968587e+00 5.469765e+00 -1.286237e+00 -1.698659e+00 -6.195080e+00 4.089476e-01 -2.252868e-01 1.227415e+00 -7.698528e-01 -1.690062e+00 1.662468e+00 2.362596e+00 -7.715833e-01 -9.570885e-03 9.007181e-01 4.309431e-01 -4.291608e-01 7.757918e-01 -8.555740e-03 
-8.559122e+00 -3.837547e+00 4.677921e+00 -1.383123e+00 5.252048e+00 7.227106e+00 4.168069e+00 3.445417e+00 5.652030e+00 -5.145218e-01 4.718533e+00 1.991633e+00 1.525739e-01 5.284998e-01 1.599704e+00 -2.562830e+00 1.156667e+00 -1.029573e-01 -8.394911e-01 2.704051e+00 -7.281885e-01 5.664298e-01 1.720651e+00 -5.177783e-01 1.364981e+00 -4.069266e-02 
-6.161285e+00 4.127319e-01 -5.079059e+00 -3.652595e-01 3.348199e+00 9.515024e-01 7.195918e+00 -9.537672e-01 7.691834e+00 7.126452e-01 3.901455e+00 2.746868e+00 5.824429e-02 5.902136e-01 2.963496e+00 -4.016397e+00 7.890000e-01 -5.103658e-01 -1.054389e+00 3.057250e+00 -1.502616e+00 -5.090943e-01 1.183689e+00 -4.650454e-01 2.508137e+00 -3.342310e-02 
-7.430408e+00 4.476602e-01 -3.960785e+00 3.215285e+00 2.544130e+00 -2.101007e-01 1.055004e+01 -5.072547e+00 6.255424e+00 6.640827e+00 -9.144846e-01 1.451002e+00 8.857000e-02 -1.347490e+00 1.521193e+00 -2.768263e+00 8.264009e-01 -5.005118e-01 -1.166912e+00 9.195425e-01 4.262240e-01 4.371341e-01 5.601434e-01 -1.171118e+00 1.692930e+00 4.989322e-02 
-1.079444e+01 2.219220e+00 -5.850637e+00 8.150651e-01 2.265110e+00 1.414143e+00 8.131175e+00 -1.285510e+00 2.622597e+00 1.054534e+00 -1.207377e+00 6.615920e+00 2.738341e-01 -1.328264e+00 -1.257822e-01 3.675766e-02 2.211387e-02 -1.938953e-01 -4.929012e-01 1.711693e-01 2.529910e+00 6.227473e-01 -4.200079e-01 2.086023e-01 6.350907e-01 2.569548e-02 
-1.298000e+01 2.865173e+00 -8.777605e+00 2.158719e+00 3.291034e+00 1.161225e+00 8.298154e+00 5.742409e+00 1.037232e+01 2.115251e+00 1.417358e+00 8.521756e+00 2.942451e-01 2.005198e-01 7.643781e-02 1.281427e+00 4.751709e-01 -9.986894e-02 -1.321571e+00 -5.916136e-01 2.253756e+00 9.400439e-01 -1.059793e+00 1.054435e+00 -5.512155e-01 -1.880808e-02 
-1.002781e+01 -1.424936e+00 -2.486860e+00 2.735932e-01 2.005271e+00 -2.198666e+00 9.177707e+00 6.288302e+00 8.747123e+00 8.753940e-01 3.778545e+00 2.386944e+00 8.388412e-02 1.125746e+00 -3.031510e-01 1.992075e+00 9.571128e-02 -7.997736e-01 -1.653000e+00 -2.127970e-01 -1.041107e-01 1.134905e+00 7.100833e-01 1.253774e+00 -1.970348e+00 -5.952168e-02 
-6.811124e+00 2.651927e+00 7.644626e-01 5.861876e+00 2.174705e+00 -5.011549e+00 7.068704e+00 2.409328e+00 7.893380e+00 1.431431e+00 1.864729e+00 8.094120e-01 8.950460e-02 1.256866e+00 -5.261866e-01 1.977386e+00 -6.476806e-01 -3.752781e-01 -5.041410e-01 -6.834275e-01 -1.978283e+00 -7.744813e-02 8.471733e-01 6.730670e-01 -2.058373e+00 -4.887845e-02 
-8.250143e+00 8.100884e-01 -6.612943e-01 -5.579572e-01 -1.175593e+00 -3.764467e+00 7.681915e+00 -1.395227e-01 9.536594e+00 4.946860e+00 4.837807e+00 6.203534e-01 7.859600e-02 7.961806e-01 -3.299959e-02 -3.457626e-01 -8.945179e-01 1.597985e-01 1.377840e+00 -2.605803e-01 -9.597497e-01 7.212815e-02 9.500759e-01 8.427252e-01 4.496531e-01 -2.893066e-03 
-7.584501e+00 -8.832722e-01 1.965431e-01 -6.639094e-01 3.005076e+00 -5.765799e-01 5.628912e+00 -9.350932e-01 9.590343e+00 4.315384e+00 4.253062e+00 -8.868157e-01 5.249691e-02 6.741142e-02 -1.107123e+00 -8.614916e-01 -8.608535e-01 7.523801e-01 2.069883e+00 6.118978e-01 -4.828938e-01 -1.040320e+00 -4.722335e-01 -2.432783e-01 4.968024e-01 -8.146959e-03 
-5.660217e+00 1.776662e-01 -3.931713e+00 -9.361034e-01 2.389078e+00 2.473047e+00 8.594702e+00 3.161764e+00 8.259282e+00 4.183797e+00 6.798004e+00 5.483323e+00 8.792263e-02 -3.084168e-01 -5.529036e-01 -4.496652e-01 1.808105e-01 1.434966e+00 1.395651e+00 4.518689e-01 8.817753e-01 -1.253258e+00 -1.349586e+00 1.465669e-01 1.654591e+00 -1.407659e-03 
-7.769030e+00 -2.567478e+00 -1.907786e+00 1.746681e+00 4.154270e+00 2.219108e+00 9.671800e+00 -1.655785e+00 3.330438e+00 -5.482049e-01 -3.317612e-01 8.619392e-01 4.410648e-02 -2.786037e-01 1.281174e-01 -3.029146e-01 1.128134e-01 2.114307e-01 6.746733e-01 6.839155e-01 1.764121e+00 -2.635661e-01 -3.377496e-01 2.260421e-01 1.153941e+00 8.088184e-03 
-9.699963e+00 -1.112327e+00 -1.857456e+00 -8.592001e-01 5.424640e+00 1.815942e+00 7.919815e+00 4.629699e+00 6.400256e+00 6.307214e-01 7.863053e+00 8.018932e+00 7.575291e-02 -3.472214e-01 5.587340e-01 3.526173e-01 -5.984358e-01 -3.235066e-01 2.062796e-01 2.828864e-01 1.189939e+00 9.590498e-01 6.826460e-01 5.518068e-01 1.023293e+00 1.170737e-03 
-6.957647e+00 4.023116e-01 -2.355159e+00 -1.382942e-01 2.544449e+00 3.125339e+00 9.385932e+00 7.151543e+00 9.202025e+00 4.403174e+00 4.850749e+00 3.615087e+00 9.902269e-02 6.024752e-01 1.463560e+00 -1.372178e-02 -3.058936e-01 -2.168871e-01 7.148267e-02 -3.981687e-01 1.946275e+00 1.585008e+00 1.526708e+00 1.113455e+00 1.428277e+00 8.477497e-03 
-7.802015e+00 1.486441e+00 -1.944940e+00 -2.985794e+00 1.576456e+00 3.051330e+00 1.015207e+01 4.707797e+00 1.011874e+01 5.121337e+00 6.965784e+00 9.223212e+00 6.631821e-02 5.720722e-01 7.901316e-01 6.051711e-01 8.078583e-01 7.016544e-02 -2.233672e-02 -3.729568e-02 -5.348899e-01 1.941894e-01 1.663890e+00 1.382250e-01 1.242872e-01 -4.146755e-04 
-5.705627e+00 3.450936e+00 -1.932652e+00 1.280511e+00 4.993927e+00 1.958827e+00 6.564830e+00 8.036542e+00 9.396239e+00 4.840028e+00 5.684150e+00 7.401182e+00 9.121132e-02 7.360716e-02 -2.212451e-01 5.993756e-01 1.032284e+00 9.639753e-01 1.900128e-01 4.190924e-02 -9.754103e-01 -4.075351e-01 7.995355e-01 6.703852e-01 5.609001e-01 -2.987117e-03 
-7.465611e+00 1.314019e+00 9.571463e-01 2.470689e+00 4.550728e+00 2.287514e+00 9.143888e+00 1.512750e+00 7.274096e+00 8.731746e+00 8.137477e+00 6.747321e+00 7.758522e-02 7.163019e-02 -8.440933e-01 -3.356523e-01 1.506154e+00 1.289698e+00 9.792101e-02 -5.883785e-01 -1.181363e+00 -1.045914e-01 8.677931e-01 2.257027e-01 -7.654646e-01 4.103976e-03 
-6.757813e+00 -6.177025e-01 -8.093241e-01 2.294882e+00 5.877189e+00 4.457311e+00 1.009957e+01 3.872015e+00 8.586671e+00 6.595647e+00 7.616828e+00 7.657534e+00 7.845360e-02 2.616911e-01 -3.266809e+00 -1.969618e+00 -1.384996e+00 -1.836430e+00 -5.021141e-01 -3.854898e-01 -3.251430e+00 -5.226523e-01 -1.575741e+00 -3.247929e-01 -1.507343e+00 1.165154e-01 
-6.917771e+00 -6.997061e-01 -4.184866e+00 4.037788e+00 7.583317e+00 2.291693e+00 5.442805e+00 8.832442e-01 1.000056e+01 8.582494e+00 7.127958e+00 5.267714e+00 9.321696e-02 6.726639e-01 -2.747988e+00 -3.353107e+00 -1.979711e+00 -2.806942e+00 -1.905444e+00 -8.327877e-01 -2.888623e+00 -8.267567e-01 -2.520315e+00 -7.091802e-01 -1.406519e+00 2.146890e-01 
-4.671092e+00 -1.187625e+01 -9.209737e+00 -6.428017e+00 -5.704516e+00 -5.538325e-01 6.487923e+00 -7.905855e+00 5.419743e+00 -2.964051e+00 4.564945e+00 6.042702e-01 6.659722e-01 1.198592e+00 -4.560096e-01 -1.468528e+00 -1.762670e+00 -2.160639e+00 -3.156514e+00 -1.037615e+00 -2.409379e+00 -2.678807e+00 -2.430072e+00 -1.158676e+00 -1.987803e+00 2.049949e-01 
-5.145653e+00 -6.796650e+00 -1.160818e+01 -3.066416e+00 -3.693130e+00 -4.734134e+00 6.785772e+00 -7.041430e+00 4.723776e+00 9.100188e-01 6.117518e+00 3.241355e+00 8.572710e-01 2.850701e+00 -3.152068e-01 1.601552e+00 -6.056901e-01 -3.916272e+00 -3.191796e+00 -3.111406e+00 7.503358e-01 -4.569562e+00 -2.892613e+00 -2.321476e+00 -2.434139e+00 1.674662e-01 
-1.650914e+00 1.507213e-01 -4.440304e+00 -2.966366e+00 7.122164e-01 -7.812344e+00 4.240011e+00 -4.212542e+00 -2.168972e+00 -1.718478e+00 2.328666e+00 -1.268304e+00 7.214012e-01 3.300081e+00 2.642248e-01 2.923927e+00 1.713174e+00 -2.894318e+00 -2.971689e+00 -5.764439e+00 2.117263e+00 -3.920480e+00 -1.857684e+00 -2.100350e+00 -1.672222e+00 7.136181e-02 
5.825643e+00 -8.289226e+00 1.438178e+00 -7.214874e-01 -1.520641e+01 -1.003803e+01 -8.990267e+00 2.788267e+00 -9.052891e+00 -6.503360e+00 -3.361283e+00 -5.966693e+00 9.028336e-01 3.917782e+00 -1.582222e+00 2.130126e+00 2.007535e+00 -2.949782e+00 -1.130469e+00 -6.539471e+00 2.802624e+00 -2.415933e+00 -2.239567e+00 -1.039055e+00 -1.098444e+00 5.526381e-02 
6.343664e+00 -9.808838e+00 -1.113283e+00 9.653885e-01 -1.441947e+01 -1.276033e+01 -1.444625e+01 -2.234387e+00 -7.294326e+00 -8.545778e+00 -1.197406e+00 -3.152815e+00 1.000000e+00 3.123220e+00 -2.003220e+00 -6.047243e-01 1.887153e+00 -1.299678e+00 4.425868e-01 -5.997058e+00 2.820316e+00 -9.340037e-01 -1.067675e+00 3.273121e-01 5.587626e-01 5.745164e-02 
1.044597e+01 -9.727983e+00 -2.621066e+00 5.005384e+00 -1.087620e+01 -7.912487e+00 -1.656845e+01 5.982613e+00 -4.793211e+00 -6.874166e+00 2.685280e+00 -1.308608e+00 9.942906e-01 1.741459e+00 1.408219e-02 -2.310410e+00 6.848480e-01 2.494723e+00 1.356549e+00 -3.187151e+00 1.599254e+00 -2.395711e-01 4.601039e-01 6.825984e-01 9.107019e-01 4.370612e-03 
1.165503e+01 -9.146000e+00 -5.434303e+00 3.605963e+00 -7.951280e+00 -6.662183e+00 -2.195619e+01 8.291863e+00 -8.968830e+00 -6.871448e+00 9.419453e-01 -8.035344e-01 9.629309e-01 1.272659e+00 4.944349e-01 -2.202695e+00 -5.437537e-01 2.860426e+00 1.404940e+00 -1.594184e+00 1.285520e+00 -9.786059e-01 1.102520e+00 -4.956085e-01 -5.146223e-01 -1.987955e-02 
1.187726e+01 -8.550234e+00 -7.953362e+00 1.382466e+00 -5.966888e+00 -6.304361e+00 -2.117105e+01 5.521414e+00 -9.413494e+00 -5.040006e+00 -1.017967e+00 -2.587824e+00 9.432212e-01 2.834696e-01 1.126535e+00 -2.449565e+00 -1.079590e+00 1.872261e+00 1.019540e+00 -7.934954e-01 -8.805370e-02 -2.328792e+00 1.463757e+00 -1.994193e+00 -8.070720e-01 -2.200165e-02 
1.199131e+01 -7.925538e+00 -9.460611e+00 5.807900e-02 -2.571990e+00 -6.539686e+00 -2.011587e+01 4.423812e+00 -9.877214e+00 -3.950260e+00 -1.823825e+00 -5.086318e+00 9.261370e-01 1.473328e-01 1.527020e+00 -1.950794e+00 -5.587465e-01 1.366906e+00 1.439377e+00 7.042759e-01 -2.513490e-02 -2.103640e+00 1.515763e+00 -1.726276e+00 -5.068710e-01 -2.174586e-02 
1.169517e+01 -4.705541e+00 -1.285574e+01 1.381374e+00 -4.204538e+00 -2.876035e+00 -2.145609e+01 7.476370e+00 -1.598298e+01 -1.015976e+00 -5.902799e+00 -3.202576e+00 9.026793e-01 5.436284e-01 1.570272e+00 -1.578937e+00 3.328761e-01 7.239677e-01 1.927103e+00 1.152365e+00 1.025858e-02 -1.121150e+00 5.142627e-01 -8.451359e-01 2.916861e-02 -2.319976e-02 
1.248273e+01 -3.433247e+00 -1.273709e+01 8.127763e-01 -1.997924e+00 -1.179459e+00 -1.829229e+01 7.188711e+00 -1.620229e+01 -1.304649e+00 -5.247017e+00 -3.030514e+00 8.744725e-01 4.605846e-01 1.397126e+00 -1.316566e+00 6.102532e-01 4.179785e-01 9.045647e-01 2.312943e+00 -1.015533e+00 -3.203897e-01 6.255730e-01 -1.214122e+00 -4.784274e-03 -2.241898e-02 
1.434969e+01 -2.945021e+00 -1.420981e+01 2.669497e+00 -2.634082e+00 6.510425e-01 -1.632101e+01 4.190258e+00 -1.185670e+01 -3.791498e+00 -3.532050e+00 -3.469884e+00 8.530546e-01 5.932775e-01 1.003243e+00 -1.014766e+00 1.971944e-01 9.517637e-01 -6.839735e-01 3.117918e+00 -2.036565e+00 8.307020e-01 3.461936e-01 -1.453229e+00 -2.766933e-02 -2.099669e-02 
1.296698e+01 -1.820167e+00 -1.536641e+01 2.465283e+00 -1.267325e+00 -3.780401e+00 -1.111869e+01 9.892009e-01 -1.354230e+01 5.653662e-01 -9.079811e+00 -4.976585e+00 8.388544e-01 3.685006e-01 1.109819e+00 -1.307774e+00 1.220857e-01 8.352678e-01 -9.432923e-01 2.052601e+00 -1.343065e+00 1.227816e-01 1.033756e+00 -1.875204e+00 -3.373361e-01 -1.798764e-02 
1.441944e+01 -4.958656e-01 -1.661491e+01 1.541092e+00 1.889811e-01 -4.995431e+00 -9.453299e+00 3.932981e-01 -1.315946e+01 -2.200154e-01 -1.125255e+01 -2.367886e+00 8.155049e-01 -1.078130e-01 1.289730e+00 -5.568835e-01 -6.029004e-01 1.447305e+00 -4.524859e-01 6.865700e-01 5.712483e-01 -2.198105e-01 9.904812e-01 -1.311259e+00 -2.405562e-01 -1.812250e-02 
1.429036e+01 8.912694e-01 -1.807341e+01 1.987407e+00 7.668834e-01 -3.072683e+00 -1.146315e+01 2.371867e+00 -1.493700e+01 2.078393e+00 -1.076279e+01 -5.268192e+00 8.033091e-01 8.388744e-02 8.480145e-01 4.216427e-01 -7.717556e-01 1.650666e+00 5.354794e-01 -7.988775e-01 1.883256e+00 1.192704e+00 -7.439614e-01 1.021884e+00 -4.902773e-01 -2.114680e-02 
1.314893e+01 2.147910e+00 -1.564072e+01 -1.060667e-01 3.585337e+00 -1.965246e+00 -1.271593e+01 6.355166e+00 -1.225840e+01 4.043948e-01 -9.246857e+00 -4.526861e+00 7.802148e-01 -2.171175e-01 7.624468e-01 6.425132e-01 -6.916314e-01 1.418600e+00 1.129153e+00 -1.129988e+00 1.024021e+00 2.448748e+00 -9.679794e-04 5.953860e-01 -7.772814e-01 -2.096589e-02 
1.402167e+01 1.098018e+00 -1.374529e+01 -5.699152e-01 5.287824e+00 -2.618097e+00 -1.348176e+01 7.424547e+00 -8.029310e+00 -3.466646e+00 -4.973237e+00 -6.348485e+00 7.507655e-01 -1.752711e-01 6.996778e-01 4.775062e-01 -3.722712e-01 9.189030e-01 6.963647e-01 -7.567323e-01 3.401334e-01 3.155547e+00 4.704456e-01 -2.827927e-01 -1.038616e-01 -1.913260e-02 
1.346820e+01 3.212994e+00 -1.556641e+01 -6.384035e-01 5.021513e+00 4.230412e-01 -1.409393e+01 2.987065e+00 -4.369569e+00 2.547664e+00 -1.117039e+01 -5.714148e+00 7.369473e-01 1.453925e-01 3.601353e-01 -2.366482e-01 4.114014e-01 2.713659e-02 -7.983868e-02 -4.077160e-01 -7.797813e-01 3.301095e+00 6.291608e-01 -8.141045e-02 -6.408352e-01 -1.400827e-02 
1.325437e+01 3.857116e+00 -1.572304e+01 3.922195e-01 4.643310e+00 -7.850034e-01 -1.455781e+01 5.756584e+00 -3.103688e+00 3.358986e+00 -1.121498e+01 -5.193857e+00 7.292799e-01 1.806055e-01 -1.158800e-02 -4.935421e-01 6.430802e-01 -3.909283e-01 -3.171331e-01 -8.607891e-01 -2.097027e-01 2.873506e+00 8.535321e-01 -7.020856e-01 -1.048572e-01 -4.975784e-03 
1.425954e+01 2.569037e+00 -1.583509e+01 1.469873e+00 4.043277e+00 -3.280986e+00 -1.421649e+01 3.290241e+00 1.784262e+00 1.373825e-01 -6.533037e+00 -8.308351e+00 7.209163e-01 3.393316e-02 -1.640998e+00 9.043087e-01 9.679368e-01 -1.671918e+00 -3.727681e-01 -3.601709e-01 9.434390e-02 2.579861e+00 3.395627e-01 -5.675475e-01 1.511904e-01 5.244398e-03 
1.452902e+01 1.362056e+00 -1.607865e+01 1.591348e+00 3.822300e+00 -2.351749e+00 -1.772443e+01 6.224446e+00 3.261305e+00 2.006156e+00 -1.080234e+01 -5.575669e+00 7.339021e-01 -1.985092e-01 -2.326083e+00 1.779059e+00 7.111121e-01 -2.079774e+00 -8.390445e-01 5.053587e-01 1.242386e-01 2.223011e+00 6.826531e-01 -1.546906e+00 6.608137e-01 1.471678e-02 
1.300054e+01 -3.744468e+00 -1.086705e+01 3.601717e+00 -2.927574e+00 -6.574268e-01 -1.431148e+01 3.224854e+00 5.347240e+00 4.921893e+00 -1.421445e+01 -4.767289e+00 7.608582e-01 -7.890253e-02 -1.885204e+00 1.096175e+00 2.699704e-01 -5.102779e-01 -2.318736e+00 3.673304e-01 2.628161e+00 3.316078e-01 1.376235e-02 -8.177455e-01 1.279440e+00 2.074901e-02 
1.289133e+01 -4.616548e+00 -9.311758e+00 2.881858e+00 -2.270135e+00 -6.292006e+00 -1.198352e+01 6.410470e+00 6.229878e+00 4.379997e+00 -1.510881e+01 -3.660320e+00 7.828928e-01 -1.062293e-02 -1.003766e+00 2.044224e-01 3.468064e-01 4.806691e-01 -3.555747e+00 4.880821e-01 3.768519e+00 -2.573730e-01 -2.053612e+00 1.677685e+00 1.219357e+00 2.050418e-02 
1.468388e+01 -3.867682e+00 -1.373766e+01 2.174469e+00 4.538106e+00 -1.290454e+01 -1.525029e+01 1.633803e+01 1.958014e+00 -9.807264e-01 -8.468534e+00 -2.868826e+00 8.001660e-01 2.761176e-01 -2.430750e-01 -5.488037e-01 5.823298e-01 7.603504e-01 -3.709580e+00 6.069622e-02 4.399877e+00 -8.767475e-01 -3.145073e+00 2.939173e+00 1.704895e+00 1.510693e-02 
1.363424e+01 -3.595168e+00 -1.362124e+01 4.039003e+00 2.492806e+00 -1.400693e+01 -1.481461e+01 1.851045e+01 3.669053e+00 -5.310596e+00 -5.286880e+00 -4.281161e-01 8.167691e-01 6.195498e-03 -2.581762e-01 1.244716e-01 1.199292e+00 -1.157638e+00 -2.038059e+00 6.415863e-01 3.532590e+00 -1.649287e+00 -2.740688e+00 3.545317e+00 1.820713e+00 1.001080e-02 
1.400967e+01 -5.470532e+00 -1.145633e+01 5.934793e+00 -1.507292e+00 -1.534787e+01 -1.259245e+01 1.917425e+01 2.243916e+00 -5.958179e+00 -4.429547e+00 2.141085e+00 8.194547e-01 -4.221063e-01 -3.669522e-01 1.369335e+00 1.361408e+00 -3.130564e+00 -7.844281e-01 1.984987e+00 1.556718e+00 -1.952333e+00 -1.147294e+00 2.557958e+00 1.895439e+00 5.997700e-03 
1.325941e+01 -5.106003e+00 -9.830065e+00 6.998156e+00 -5.035628e+00 -1.526063e+01 -1.010451e+01 2.265531e+01 -2.159504e+00 -6.834717e+00 5.982854e-01 2.938288e+00 8.233024e-01 -3.440582e-01 -4.581320e-01 1.946122e+00 1.030847e+00 -3.685714e+00 4.068794e-02 2.511655e+00 1.037226e+00 -3.241282e+00 1.772056e-02 2.572383e+00 1.248750e+00 1.984781e-03 
1.276076e+01 -4.947025e+00 -8.786571e+00 7.501933e+00 -7.350496e+00 -1.619983e+01 -7.680405e+00 2.204919e+01 -4.889371e+00 -5.955136e+00 1.378673e+00 4.925165e+00 8.268878e-01 -4.951714e-01 -1.318128e-01 2.224157e+00 1.431914e-01 -3.147120e+00 8.297849e-01 2.650157e+00 -3.358017e-01 -3.396242e+00 1.019344e+00 2.677088e+00 1.108986e-01 -3.290516e-03 
1.253841e+01 -6.147582e+00 -5.225509e+00 8.409668e+00 -1.301416e+01 -1.337751e+01 -4.712359e+00 2.225911e+01 -8.970713e+00 -5.223514e+00 4.670924e+00 4.423593e+00 8.229765e-01 -5.051810e-01 -8.760637e-02 3.126287e+00 -1.095127e+00 -2.243009e+00 8.077343e-01 3.210359e+00 -2.177755e+00 -2.442638e+00 1.845990e+00 2.071750e+00 -7.216912e-01 -1.044472e-02 
1.189432e+01 -5.608807e+00 -2.637825e+00 5.944994e+00 -1.325362e+01 -1.214050e+01 -2.037740e+00 1.769334e+01 -1.133169e+01 -1.667059e+00 6.919575e+00 1.952926e+00 8.031651e-01 -4.114701e-01 1.251109e-01 3.604016e+00 -1.760880e+00 -2.049875e+00 1.260073e+00 2.854357e+00 -3.168204e+00 -1.465729e+00 2.391259e+00 1.206974e+00 -1.735230e+00 -1.611316e-02 
1.116672e+01 -5.213144e+00 2.726997e+00 2.300988e+00 -1.329911e+01 -1.325162e+01 3.125951e+00 1.394446e+01 -1.115153e+01 2.511920e-01 8.186584e+00 8.159519e-01 7.829402e-01 -6.354853e-01 1.031668e+00 3.469128e+00 -2.187688e+00 -1.358140e+00 1.120852e+00 2.796656e+00 -4.235663e+00 -9.545745e-01 2.560906e+00 1.032155e+00 -2.220884e+00 -1.947233e-02 
1.138925e+01 -4.788690e+00 5.257257e+00 1.751876e+00 -1.745740e+01 -9.962402e+00 2.672227e+00 1.036549e+01 -1.112761e+01 3.263805e+00 5.655713e+00 -1.947164e+00 7.663401e-01 -7.742903e-01 1.794630e+00 2.097696e+00 -1.758808e+00 -2.093220e-02 1.422222e+00 1.316563e+00 -4.542750e+00 -2.406200e-01 2.425903e+00 7.802062e-02 -1.831884e+00 -2.366599e-02 
9.613512e+00 -1.399301e+00 8.172592e+00 -4.322113e-01 -1.770298e+01 -8.862300e+00 6.915939e+00 4.744718e+00 -1.384563e+01 5.115586e+00 1.046363e+01 -4.730782e+00 7.440273e-01 -7.225825e-01 1.548580e+00 1.202672e+00 -1.253212e+00 2.384502e-01 2.853713e+00 -3.917688e-01 -5.285461e+00 6.248683e-01 1.451837e+00 -1.168797e+00 -1.389311e+00 -2.424431e-02 
8.799472e+00 1.457420e+00 5.127857e+00 -1.482447e+00 -1.115635e+01 -7.224057e+00 2.650081e+00 -4.205407e-01 -1.118774e+01 8.030258e+00 6.171156e+00 -4.433128e+00 7.042916e-01 -1.005329e+00 1.823354e+00 1.617188e+00 -1.804344e+00 1.184994e+00 3.626783e+00 -1.255602e+00 -5.167821e+00 1.109757e+00 7.063624e-01 -1.428833e+00 -6.258579e-01 -3.216320e-02 
8.848701e+00 -5.932982e-01 8.805059e+00 -2.347913e+00 -1.525738e+01 -3.522309e-01 1.178180e+00 -7.089833e+00 -7.997121e+00 5.127152e+00 2.084875e+00 -4.887619e+00 6.927429e-01 -8.626011e-01 1.628366e+00 2.148152e+00 -2.323996e+00 1.201764e+00 3.662225e+00 -2.376094e+00 -3.352202e+00 1.801312e+00 2.375174e-01 -2.350350e+00 -1.009524e-01 -3.018491e-02 
6.745010e+00 3.925082e+00 1.302696e+01 -6.311996e+00 -1.275522e+01 3.916480e+00 -7.369032e-01 -9.556335e+00 -8.503075e+00 6.789834e+00 2.700924e+00 -4.998034e+00 6.311663e-01 -7.712885e-01 1.404825e+00 2.360801e+00 -2.053941e+00 4.978313e-01 2.280409e+00 -1.715401e+00 -1.646504e+00 1.143324e+00 1.606321e-02 -1.661239e+00 -6.950855e-03 -2.501085e-02 
6.327738e+00 5.508698e+00 1.496380e+01 -9.637417e+00 -1.089472e+01 3.878554e+00 -3.271038e+00 -7.448396e+00 -6.181400e+00 6.923386e+00 4.469922e-01 -4.953090e+00 6.296654e-01 -1.050964e+00 2.841691e-01 2.544509e+00 -1.745830e+00 1.275496e+00 5.827993e-01 -2.315269e+00 7.560691e-01 4.607019e-01 -1.120450e-01 -7.485027e-01 6.909041e-02 3.214985e-03 
6.203511e+00 5.430550e+00 1.385249e+01 -8.107403e+00 -1.084852e+01 2.062596e+00 -3.702315e+00 -8.473780e+00 -6.378984e+00 7.212458e+00 -1.316096e+00 -4.435147e+00 6.107761e-01 -1.012341e+00 -8.938174e-01 2.196882e+00 -5.443584e-01 8.152510e-01 2.914166e-01 -2.359942e+00 1.066180e+00 -4.163842e-01 -5.926483e-01 -5.972072e-01 8.596937e-01 9.414244e-03 
3.864630e+00 7.481384e-02 2.111484e+01 -1.017936e+01 -9.833256e+00 3.488708e+00 -8.915461e+00 -3.850765e+00 -6.755658e+00 4.355616e+00 3.508713e-01 -4.823611e+00 7.190130e-01 -8.847427e-01 -5.925797e-01 1.949613e+00 -3.601112e-01 1.087357e+00 2.027668e-01 -1.634827e+00 7.888581e-01 -2.824374e-01 -1.093378e+00 6.405065e-02 1.409299e+00 4.379207e-03 
2.914858e+00 2.172937e+00 2.093585e+01 -8.762817e+00 -9.209702e+00 5.568486e+00 -9.714403e+00 -6.024248e+00 -1.029787e+01 5.110477e+00 -2.370511e-01 -7.643054e-01 6.335638e-01 -6.503059e-01 8.246114e-01 9.711735e-01 3.310823e-02 7.736474e-01 5.286083e-01 -1.195432e+00 1.585566e-01 2.226562e-01 -1.144276e+00 3.554148e-01 8.830547e-01 -1.942766e-02 
3.548350e+00 4.174605e+00 2.117019e+01 -1.111027e+01 -6.277349e+00 3.139443e+00 -8.439131e+00 -4.728871e+00 -5.634145e+00 2.507485e+00 2.277230e-01 2.579870e-01 6.401676e-01 -1.143079e-01 1.074139e+00 -1.087189e-01 1.051199e-01 5.744456e-01 -9.829126e-02 -4.742626e-01 -1.004247e+00 4.343747e-01 -1.065152e+00 -4.705858e-03 1.561850e-01 -1.739144e-02 
3.110122e+00 7.503711e+00 1.868069e+01 -7.476407e+00 -8.758242e+00 4.880270e+00 -9.917643e+00 -7.241944e+00 -5.826459e+00 2.415141e+00 5.225524e-01 -2.560673e+00 5.530605e-01 -1.420876e-01 7.514039e-01 1.171684e-03 1.807085e-01 8.832320e-01 -6.928971e-01 1.140612e-01 -1.019435e+00 7.555931e-01 -7.416655e-01 -1.034392e-01 -9.174369e-01 -1.375260e-02 
3.195459e+00 2.780121e+00 2.169882e+01 -1.029696e+01 -7.186759e+00 3.341359e+00 -1.118515e+01 -8.263153e+00 -6.819488e+00 3.775223e-01 -5.245972e-02 -3.144502e+00 6.723074e-01 -4.192722e-01 4.189073e-01 2.942333e-01 1.137159e-01 7.052636e-01 -8.484514e-01 3.019562e-01 -1.413039e+00 -1.583530e-01 2.760611e-01 -4.331039e-01 -6.280339e-01 -1.234136e-02 
2.380866e+00 6.627199e+00 2.067739e+01 -8.265926e+00 -4.338837e+00 2.003042e+00 -7.771086e+00 -9.354282e+00 -5.927230e+00 2.467132e+00 -6.141559e-01 -3.650245e+00 5.487309e-01 -4.241572e-01 1.106797e+00 -4.331589e-03 7.110302e-01 1.310460e+00 -3.581513e-01 9.785603e-01 -8.805586e-01 8.654046e-01 3.748752e-01 -5.819952e-01 -7.240987e-03 -3.643416e-02 
1.816617e+00 6.707398e+00 2.164300e+01 -1.014693e+01 -4.960733e+00 3.357995e-01 -8.002628e+00 -1.073790e+01 -6.375525e+00 3.861796e+00 -1.369443e+00 -2.337396e+00 5.806257e-01 -1.366510e-01 1.166169e+00 2.441217e-01 1.422751e-01 5.894290e-01 5.141068e-02 2.237738e-01 -4.130855e-01 5.015806e-01 6.884888e-01 -4.544796e-01 3.343639e-01 -3.233107e-02 
1.678757e+00 1.107406e+01 1.868694e+01 -3.996274e+00 -3.318956e+00 4.592293e+00 -6.616104e+00 -1.040736e+01 -1.721418e+00 2.547380e+00 -1.728932e+00 -3.000431e+00 4.167306e-01 -8.205975e-01 2.489924e-01 -6.810682e-01 5.011852e-01 7.874573e-01 2.880845e-01 -6.389087e-01 -8.313855e-01 1.069106e+00 -1.011172e+00 -7.326846e-01 7.396111e-01 -4.334409e-02 
2.863258e+00 6.387535e+00 2.391466e+01 -1.172041e+01 -4.749554e+00 2.303787e+00 -1.064378e+01 -9.802040e+00 -6.414491e+00 3.779842e+00 -1.767470e+00 -1.797590e+00 5.766522e-01 -1.468819e+00 -3.961776e-01 -1.265346e+00 3.130093e+00 1.885200e+00 1.022387e+00 9.827713e-01 -1.538589e+00 2.400394e+00 -2.056594e+00 -1.497191e+00 3.651418e-01 -6.755096e-02 
-2.245442e+00 8.032093e+00 1.613622e+01 -4.973257e+00 -5.071402e-01 2.459471e+00 -9.645056e+00 -1.397914e+01 -5.622153e-01 -2.547750e+00 -4.078565e+00 -2.220922e-01 3.339971e-01 -1.211955e+00 2.112084e-02 -1.566342e+00 2.940847e+00 2.093764e+00 1.036459e+00 2.768393e+00 -6.389050e-01 1.919215e+00 -1.660676e+00 -7.352822e-01 -5.733157e-01 -5.406653e-02 
-3.565377e+00 6.247494e+00 1.659163e+01 5.992028e+00 3.059358e+00 6.514147e+00 -1.574296e+00 -1.664495e+01 5.046843e+00 -3.873608e+00 -7.680583e+00 -1.900856e+00 2.842376e-01 -3.454365e-01 1.211246e+00 -2.006447e+00 3.861595e+00 8.143700e-01 8.633991e-01 3.234291e+00 1.614439e-01 1.517406e+00 -1.587171e+00 2.446660e-01 -8.513260e-03 -5.025114e-02 
-1.166699e+00 1.124968e+01 1.451674e+01 1.851740e+00 3.245406e+00 7.669410e+00 2.691121e+00 -1.018043e+01 2.143988e+00 -1.929274e+00 -2.448787e+00 -5.815376e+00 2.926052e-01 6.784135e-01 7.032320e-01 3.922245e-01 8.044747e-01 3.597606e-01 -1.925740e-01 1.686103e+00 1.494856e+00 -8.968401e-01 -5.472643e-01 2.214458e-01 -1.791240e-01 7.888484e-03 
5.967045e-01 1.083497e+01 1.469216e+01 4.175063e+00 -2.553977e+00 4.015813e+00 -6.404114e-01 -1.089417e+01 -1.805634e-01 -4.465252e+00 -1.359029e+00 9.564853e-01 3.460924e-01 3.616773e-01 -6.322722e-01 2.554058e-01 -1.445258e+00 4.792812e-02 -6.676841e-01 3.255071e-01 1.519273e+00 -1.372716e+00 -5.070259e-01 1.535442e+00 7.485399e-01 1.227238e-02 
-9.344158e-01 9.254515e+00 1.904708e+01 -4.240036e-02 4.098330e+00 2.745768e+00 -1.681484e+00 -9.380252e+00 -2.432713e+00 -4.988249e+00 -6.132113e+00 -2.546383e+00 3.425121e-01 -3.533514e-01 -1.721077e+00 -8.233797e-01 -1.446837e-01 1.571966e+00 4.340242e-01 2.414643e-01 7.819489e-01 8.723961e-01 -4.033540e-01 -2.198683e-01 -3.213347e-02 -2.255495e-02 
-1.873133e+00 4.083717e+00 1.560349e+01 -2.871923e-01 2.872536e+00 5.637547e+00 2.239542e+00 -9.448680e+00 4.716125e-01 -4.879250e+00 1.838289e+00 2.073465e-01 3.206460e-01 -1.439593e+00 -3.412278e+00 -2.534755e+00 -2.073032e-01 1.134711e+00 8.867713e-01 1.761654e+00 2.389201e+00 4.986296e-02 1.363585e+00 1.293081e+00 -5.503982e-01 -2.164358e-02 
-1.698538e+00 6.019927e+00 9.944179e+00 3.359448e+00 8.391979e+00 9.028664e+00 2.458466e+00 -6.993435e+00 6.179881e+00 -3.739045e+00 -5.146787e+00 -5.601474e+00 1.925537e-01 -1.479591e+00 -3.529222e+00 -3.689728e+00 3.639860e-02 -9.682355e-01 -1.824513e-01 1.755682e+00 2.175004e+00 -1.413754e+00 1.958702e+00 2.017449e+00 1.168201e-01 -7.451576e-03 
-6.219199e+00 -4.609128e+00 6.569837e+00 1.437622e+00 9.727507e-01 5.308222e+00 6.097881e+00 -1.415770e-01 -4.237545e+00 1.728073e+00 4.613715e+00 -2.679603e-01 3.128537e-01 -8.005098e-01 -1.193498e+00 -2.772094e+00 7.320671e-02 -8.460236e-01 -1.029403e+00 1.168655e+00 7.025580e-01 -1.318296e+00 1.140826e+00 -2.306081e-01 7.606708e-01 -2.763158e-02 
-6.159338e+00 -4.045176e+00 5.115265e+00 -7.228147e-01 2.070460e-01 1.998174e+00 5.167756e+00 -3.158783e+00 -7.146902e+00 1.501600e+00 2.567419e+00 -1.724629e+00 3.091504e-01 -3.226793e-01 -6.476437e-01 -1.931315e+00 -1.641176e+00 -1.305036e+00 -7.571892e-01 -2.710957e-02 -7.484575e-02 4.905529e-01 3.210970e-01 6.163079e-01 1.743007e+00 -2.802533e-02 
-3.645282e+00 3.148779e+00 4.157479e+00 2.119973e+00 2.734885e+00 4.005778e+00 6.728172e+00 -7.853216e+00 5.435257e-01 -1.795442e+00 -3.171854e+00 2.072278e+00 1.241897e-01 2.999988e-01 1.114627e+00 -1.750162e+00 -2.334792e+00 -1.569386e-01 2.404291e+00 -1.760812e-02 -1.584604e+00 2.865171e+00 -8.149279e-01 -9.159954e-01 7.186824e-01 -4.870012e-02 
-4.598893e+00 -1.097246e+00 1.493781e+00 -5.187607e+00 9.857311e-01 5.893939e+00 2.007773e+00 -3.511845e+00 6.242110e+00 -3.718022e-01 1.827537e+00 1.943441e+00 1.467590e-01 5.059945e-01 7.621812e-01 -7.406809e-01 -1.250291e+00 -6.341521e-01 2.344421e+00 -2.598011e-01 -1.374106e+00 2.507548e+00 -1.672043e+00 -1.315041e+00 7.199704e-01 -2.787293e-02 
-5.499428e+00 -5.099609e-01 -3.702325e-01 -8.003940e+00 -2.012849e-01 1.538179e+01 7.589832e+00 -7.888065e+00 3.393804e+00 -1.409865e+00 4.036788e-01 1.491417e+00 1.505488e-01 3.788858e-01 -1.091850e-02 3.183706e-01 -5.451568e-01 -1.371660e+00 7.035973e-01 -2.145067e-01 -5.579445e-01 1.049080e+00 -1.731660e+00 -1.724920e+00 -4.862271e-01 6.916565e-03 
-2.702292e+00 1.595100e+00 3.675717e+00 -1.912315e+00 -1.495629e+00 8.032272e+00 3.437920e+00 -1.001189e+01 3.965701e+00 -7.051402e+00 -5.795553e+00 2.165654e+00 1.566063e-01 2.143535e-01 4.126032e-01 8.298576e-01 1.584321e+00 -4.801029e-01 -6.591460e-01 9.843507e-01 -9.134130e-02 1.684234e-01 -1.839620e+00 -1.962682e+00 -1.086041e-02 -2.645600e-03 
-2.699153e+00 1.748014e+00 4.658364e+00 -2.243457e+00 -2.882734e+00 6.454598e+00 4.940565e+00 -7.392916e+00 6.927130e+00 -7.113940e+00 -7.984907e+00 -4.699639e-01 1.538489e-01 -1.582250e-01 1.474743e-02 2.967536e-01 1.846050e+00 1.114200e+00 -1.596035e+00 3.233727e-01 1.738824e+00 -8.795746e-02 -8.948522e-01 -1.421883e+00 3.106325e-01 -7.032812e-03 
-4.927263e+00 -1.632168e-01 3.128770e+00 -1.462445e-01 -7.405901e-02 7.061807e+00 8.254160e+00 -4.216126e+00 5.317564e+00 -6.717866e+00 -3.791581e+00 2.869829e+00 1.318809e-01 -4.437004e-01 8.718066e-02 -6.470669e-01 8.174098e-01 2.527946e+00 3.319447e-01 8.507716e-01 1.484321e+00 -9.135731e-01 1.159749e+00 -1.052891e+00 -1.077906e+00 -1.549987e-02 
-5.178067e+00 4.429348e-01 1.387009e+00 3.432732e-01 4.658931e+00 7.886850e+00 6.798576e+00 -2.091830e+00 2.278085e+00 -6.050894e+00 -7.707720e+00 2.692491e+00 1.277474e-01 -4.844231e-01 4.336143e-01 -1.007004e+00 7.639211e-01 1.747179e+00 5.143016e-01 -4.686624e-01 6.526078e-01 -1.608950e+00 2.179836e+00 -4.659967e-02 -8.782589e-01 -3.132957e-03 
-3.681337e+00 2.683543e+00 2.076060e+00 8.813684e-01 7.373270e+00 8.975870e+00 6.762773e+00 -5.240829e+00 1.722358e+00 -1.784179e+00 -1.119860e+01 -4.805103e+00 9.215772e-02 2.092476e-01 1.263956e+00 -1.205364e-01 1.478928e+00 1.851889e+00 -5.859758e-01 1.431765e-01 1.025603e+00 -3.726061e-01 1.998947e+00 1.608399e+00 -4.730095e-01 -6.604439e-03 
-5.744231e+00 2.492705e+00 1.497000e-01 1.062343e+00 2.129498e+00 8.069075e+00 3.342947e+00 -3.617525e+00 6.799817e-01 1.318395e+00 -4.514395e+00 -1.023792e+00 1.580458e-01 5.912352e-02 8.131534e-01 2.874164e-01 1.688891e+00 1.483031e+00 -5.206063e-01 2.327937e+00 1.977408e+00 1.686326e+00 1.854470e+00 3.438579e+00 8.395020e-01 -1.105466e-02 
-3.597943e+00 5.131677e+00 3.144742e+00 6.888859e+00 1.045010e+01 4.040815e+00 1.069786e+01 1.674738e+00 4.253585e+00 -4.077777e-01 2.653750e+00 2.362923e+00 8.370954e-02 -2.773376e-01 1.897226e-01 -1.983354e-02 1.087950e+00 1.363522e+00 -1.730346e+00 2.062005e+00 2.553074e+00 1.983176e+00 4.540645e-01 3.932322e+00 1.528532e+00 -1.154460e-02 
-4.924147e+00 3.284635e+00 2.289750e+00 5.783981e+00 1.053567e+01 7.751346e+00 1.647072e+01 4.337429e+00 9.444099e+00 2.533256e+00 2.558997e+00 3.305988e+00 7.669812e-02 2.199393e-01 -2.948481e-01 -3.313881e-01 2.202130e-01 9.719313e-01 -1.460629e+00 4.480087e-01 5.482455e-01 -1.323843e-01 -2.123333e+00 -1.083896e-01 -2.357686e-02 -1.580519e-02 
-5.478067e+00 3.236191e+00 9.068679e-01 3.960299e+00 9.987794e+00 4.830053e-01 1.050891e+01 3.547064e+00 7.256177e+00 -1.212869e-01 4.926315e+00 6.726656e-01 7.510853e-02 -3.438807e-02 -9.191374e-02 -2.004118e-01 -8.788145e-01 -1.506449e+00 -2.496798e-01 -1.916185e+00 -7.836593e-01 -2.262493e+00 -2.379057e+00 -1.914640e+00 -1.331369e+00 3.479183e-03 
-3.704473e+00 1.966207e+00 -3.883032e-01 3.627688e+00 7.220310e+00 2.544834e+00 5.677465e+00 -1.812460e+00 -1.483236e+00 -9.441513e+00 -6.192625e+00 -2.965477e-01 8.332032e-02 2.839237e-01 2.368405e-01 1.294758e-02 -1.866231e-01 -8.104359e-01 2.969695e-01 -2.223212e+00 -1.612881e+00 -1.992773e+00 -1.410184e+00 -1.907026e+00 -1.171893e+00 6.847918e-04 
-4.379721e+00 5.331322e+00 3.481710e+00 3.572933e+00 4.575535e+00 5.395673e+00 6.513562e+00 8.313853e-01 -1.595211e+00 -6.315680e+00 -2.543640e+00 -2.492652e+00 9.779435e-02 -4.378805e-02 -1.100657e-01 2.383960e-01 -6.091671e-02 -1.863763e-01 1.367584e+00 -8.357087e-01 -8.988131e-01 -5.088132e-01 -2.773002e-01 4.836998e-02 5.882080e-01 -1.060879e-03 
-4.053701e+00 3.421272e+00 1.067067e+00 5.044549e+00 9.189616e+00 6.779860e+00 7.352334e+00 -2.369139e+00 3.905927e+00 -1.420468e+00 -3.241152e+00 -9.708179e-01 6.877917e-02 -2.086856e-01 1.982079e-01 -3.607304e-01 -2.518736e-01 -4.666299e-01 -1.634482e-01 -4.615667e-01 -5.716102e-01 1.516821e+00 1.550479e+00 1.160918e+00 7.043639e-01 -2.081990e-04 
-5.522393e+00 1.958330e+00 1.371163e+00 2.947285e+00 8.071259e+00 5.203413e+00 5.492930e+00 -6.686616e-01 2.017529e+00 -5.518311e+00 3.692428e+00 3.950841e+00 7.707471e-02 1.846728e-01 -3.521872e-02 -6.023558e-01 3.788687e-01 9.057605e-01 -1.020715e+00 1.484406e-01 -1.347533e+00 3.836158e-01 1.197005e+00 3.424347e-01 2.886079e-01 -1.531851e-03 
-4.176564e+00 4.643743e+00 -1.136682e+00 2.681144e+00 3.139299e+00 1.823723e+00 3.879948e+00 -3.920488e+00 4.294497e+00 -2.087804e+00 -3.506069e+00 3.525615e-03 9.263915e-02 1.683106e-01 6.777033e-01 -1.412353e-02 -1.834083e-01 -1.675659e-01 -1.230727e+00 -1.219152e-01 5.606933e-02 -8.099413e-01 3.036756e-01 7.485785e-01 -5.204259e-01 2.572757e-03 
-3.394925e+00 4.543993e+00 1.571805e+00 6.648978e+00 1.212950e+01 2.770167e+00 8.991959e+00 -5.130608e+00 1.285834e-01 3.013611e-03 -6.990081e-01 -1.536785e+00 7.820511e-02 -1.723622e-01 2.055176e-01 4.578719e-02 6.809116e-01 1.183204e+00 -3.366093e-01 5.502963e-01 1.038710e+00 7.804375e-01 2.483890e+00 1.297854e+00 -1.956634e-01 4.221201e-04 
-4.275883e+00 5.516957e+00 8.961278e-01 2.276660e+00 6.322669e+00 1.842847e+00 4.993243e+00 1.421807e-01 8.006930e-01 -2.662752e+00 2.697459e+00 -8.291351e-01 8.107775e-02 -7.255582e-01 -6.183544e-01 2.452641e-01 7.650988e-01 1.877869e+00 4.114801e-01 6.311439e-01 2.045225e+00 1.428228e+00 2.573843e+00 2.895095e+00 1.169630e+00 -8.585394e-04 
-6.334545e+00 2.549311e+00 5.836941e-01 6.554085e+00 1.239559e+01 3.510805e+00 7.687764e+00 2.493556e+00 7.666618e+00 7.188613e+00 7.079935e+00 3.388854e+00 8.496600e-02 -7.937902e-01 -6.957010e-01 -2.288655e-01 4.087638e-01 6.605120e-01 3.149232e-01 8.613134e-03 1.759970e+00 2.194200e+00 2.422256e+00 1.994036e+00 1.406927e+00 1.741004e-03 
