-2.703183e+00 1.106071e+01 3.940381e+00 -5.857448e-01 1.818923e+00 -1.287784e+00 4.818859e-01 7.465868e-01 -2.087893e-01 7.128183e+00 1.056018e+00 6.897158e+00 -1.512927e-01 2.049338e-01 -2.534032e-02 -1.193839e-01 1.543455e-01 -1.280427e+00 -5.400189e-01 -2.273382e+00 -1.265581e+00 -1.300977e+00 -1.062630e+00 4.616412e-01 -6.830295e-01 0.000000e+00 
-2.215916e+00 1.179764e+01 4.376466e+00 -1.178005e+00 -3.811435e+00 -2.267193e+00 -4.937729e+00 -2.814010e+00 -4.169281e-01 2.360560e+00 -1.397229e+00 5.363771e+00 -1.512927e-01 2.925014e-01 4.407994e-01 -5.392475e-01 8.625177e-01 -9.760219e-01 -5.261757e-01 -2.239229e+00 -4.483967e-01 -1.107662e+00 -1.755850e-02 1.200951e+00 1.027093e-01 0.000000e+00 
-1.922148e+00 1.056554e+01 3.125419e+00 4.821132e-01 -1.768034e+00 -3.498173e+00 -8.175216e+00 -3.801022e+00 -6.609607e+00 4.198844e+00 4.590847e+00 4.248704e+00 -1.512927e-01 4.301848e-01 -2.849156e+00 -6.818835e-01 2.432330e+00 6.724142e-01 -1.012141e+00 -2.120145e+00 7.451316e-01 5.901173e-01 1.519368e+00 1.544982e+00 1.018846e+00 1.743946e-02 
-1.631194e+00 1.351229e+01 1.651624e+00 3.192914e+00 -1.267709e+00 -2.813468e+00 -6.385709e+00 7.784076e-01 -2.546690e+00 8.505059e+00 5.293360e+00 8.734932e+00 -1.512927e-01 2.288280e-01 -4.837948e+00 -9.114457e-01 3.248369e+00 2.918129e+00 -7.725803e-01 -8.214733e-01 2.009222e+00 1.904233e+00 2.090007e+00 6.255562e-01 1.036793e+00 3.424044e-02 
-8.446198e-01 -4.042400e+00 1.893384e+00 9.390443e+00 3.909130e+00 -6.075352e+00 -9.394851e+00 2.676036e+00 3.806678e+00 1.165277e+01 5.435634e+00 1.030581e+01 -6.409538e-02 -1.058825e-01 -1.983571e+00 -6.787774e-01 3.434291e-01 9.683235e-01 -1.328976e+00 -3.952376e-01 1.159492e+00 2.433106e+00 -3.386185e-01 -1.980734e+00 -3.152308e-01 1.276035e-02 
-1.610539e+00 -5.088131e+00 4.352546e-01 1.060967e+01 7.940628e+00 -4.841504e+00 -8.435278e+00 3.993569e+00 3.896095e+00 9.083632e+00 1.308159e+00 7.519182e+00 -2.368915e-02 -7.094835e-01 6.491439e-01 -9.340987e-02 -1.809661e+00 -7.518703e-01 -1.062530e+00 6.539603e-01 6.436022e-02 -2.776539e-01 -1.787165e+00 -1.034254e+00 -4.068505e-01 -8.719730e-03 
-2.461887e+00 9.947891e+00 3.397169e-01 -1.509120e+00 -1.530584e+00 -9.129032e+00 -9.126619e+00 3.888597e-01 2.334529e+00 2.216465e+00 -3.320219e+00 3.280425e+00 -1.512927e-01 -7.356759e-01 4.335299e+00 5.976251e-01 -3.070908e+00 -1.970215e+00 -2.887707e-02 1.568176e+00 -2.545226e-01 -1.996992e+00 -1.959662e+00 -6.487359e-01 -8.417859e-01 -3.019981e-02 
-4.369978e+00 9.762860e+00 1.961409e+00 -4.056090e-01 -2.307203e+00 -6.599276e+00 -3.250023e+00 2.243797e+00 -3.198885e+00 4.287390e+00 4.500014e+00 1.021337e+01 -1.512927e-01 -3.829855e-01 3.629096e+00 1.155493e+00 -2.508753e+00 -1.066824e+00 3.292610e-01 1.936953e+00 -6.835952e-01 -1.176332e+00 -1.660891e-01 2.830076e-03 -3.861106e-01 -2.552071e-02 
-3.143280e+00 1.020860e+01 4.118433e+00 -4.564540e-01 -8.180294e-01 -5.340852e+00 -4.146598e+00 2.278309e+00 -2.630794e+00 4.252582e+00 5.960264e-01 4.749785e+00 -1.512927e-01 -3.523712e-01 -4.881637e-01 8.859332e-02 -6.013274e-01 6.182450e-01 5.374140e-01 1.388812e+00 -4.031126e-01 -1.160060e-01 1.082862e+00 1.703134e-02 -7.491105e-01 0.000000e+00 
-3.184771e+00 1.292699e+01 4.323359e+00 -2.460427e+00 2.250232e+00 -5.089289e+00 -1.240524e+00 -3.691316e-01 4.970975e-01 7.235127e+00 -6.358135e-01 4.853948e+00 -1.512927e-01 -3.575472e-01 -4.477281e-01 5.311160e-02 -2.478299e-01 4.885156e-01 9.150348e-02 -4.567361e-01 3.161741e-01 4.119135e-01 -1.755236e-01 -5.395408e-01 -6.761807e-01 0.000000e+00 
-4.816347e+00 5.925006e+00 -3.982916e-01 -3.488348e+00 -7.180772e-01 -7.196955e+00 -3.187307e+00 -3.202391e-01 -9.349251e-02 6.156908e+00 -6.671484e-01 2.214584e+00 -1.512927e-01 -7.977859e-01 -2.036811e+00 1.519676e+00 7.293181e-02 -5.276994e-01 3.903767e-01 -6.926155e-02 2.827568e+00 5.166418e-01 -5.560639e-01 9.799232e-01 8.553678e-01 1.099699e-02 
-5.321180e+00 9.666018e+00 4.485329e+00 -1.288113e-01 8.539867e-02 -5.213706e+00 -6.013349e+00 5.123941e+00 -2.407968e+00 2.457609e+00 2.433898e+00 8.100069e+00 -1.512927e-01 -9.377977e-01 -2.592909e+00 2.282510e+00 1.098584e+00 -5.738643e-01 8.179801e-01 2.114883e-01 4.448805e+00 1.459867e+00 -4.209848e-01 1.988545e+00 1.292483e+00 7.772291e-03 
-6.064005e+00 1.655034e+00 1.163583e+01 -1.257603e+00 -2.374110e+00 -3.326760e+00 -2.106493e+00 1.366961e+01 1.404948e+00 3.861022e+00 3.960787e+00 7.403563e+00 -9.630775e-02 -1.172367e+00 -1.027965e+00 1.661011e+00 1.539433e+00 -3.774736e-02 2.757671e-01 1.210450e+00 3.264513e+00 2.629403e+00 5.263384e-01 2.495837e+00 1.938397e+00 3.800297e-03 
-7.249930e+00 2.097434e+00 9.718847e+00 1.917120e+00 2.089264e-01 -2.934487e+00 -7.234898e-01 1.487997e+01 7.047214e+00 6.278146e+00 6.992945e+00 8.721872e+00 -1.399237e-01 -3.182319e-01 -4.193574e-01 -9.518349e-01 4.527788e-01 6.642884e-01 8.147581e-01 6.476097e-02 -4.790880e-01 2.630718e+00 1.930046e+00 4.344319e-01 -8.178439e-02 -4.166794e-03 
-9.713809e+00 4.569473e+00 5.290006e+00 3.185851e+00 -9.685779e-01 -6.957730e+00 2.200122e-01 1.112431e+01 8.325932e+00 6.878331e+00 9.532513e+00 1.159567e+01 -1.379757e-01 1.110136e+00 1.126083e+00 -3.331059e+00 2.907489e-01 1.769656e+00 1.130217e+00 -1.423494e+00 -2.002004e+00 1.660543e+00 1.930552e+00 -1.207711e+00 -9.510492e-01 -1.213388e-02 
-5.087438e+00 6.112011e+00 2.899066e+00 -8.664432e-02 2.704075e+00 6.755687e-01 -6.852797e+00 4.001151e+00 7.285130e+00 1.059918e+01 1.820194e+00 5.595096e+00 -1.512927e-01 2.203083e+00 8.731872e-01 -2.860233e+00 -3.885053e-01 1.522108e+00 6.388741e-01 -2.395471e+00 -2.397217e+00 3.648840e-01 4.664418e-01 -2.258675e+00 -1.368865e+00 -3.605497e-03 
-1.594573e+00 5.278159e+00 -1.609577e+00 1.198023e+00 5.226594e+00 5.192987e-01 -6.159310e+00 9.099001e+00 9.588705e+00 1.135326e+01 5.086067e-01 4.211706e+00 -1.512927e-01 2.243881e+00 8.102471e-01 -1.622220e+00 -1.075117e-01 6.459446e-01 4.325991e-01 -6.541228e-01 -2.710944e+00 -1.887793e+00 -5.070764e-01 -1.633663e+00 -1.142974e+00 -2.663398e-03 
-2.941341e-01 6.109027e+00 -1.132524e+00 9.685067e-01 4.721880e+00 -3.478631e+00 -9.511184e+00 3.906543e+00 8.240247e+00 6.372890e+00 2.115242e-01 5.569529e+00 -1.512927e-01 3.264011e-01 7.021755e-01 -1.174649e-01 -1.490827e-01 1.268854e-01 -1.097581e+00 2.896936e+00 -1.426251e+00 -2.440135e+00 -8.276709e-01 3.959376e-01 1.314725e-01 8.330250e-03 
-8.910561e-01 8.622200e+00 -8.052974e-01 2.120717e+00 1.252242e+00 -2.717635e+00 -1.721408e+00 -2.383104e+00 -1.590593e+00 6.456096e+00 2.168531e+00 5.893581e+00 -1.512927e-01 -2.004437e+00 -8.661869e-01 1.144699e+00 3.437686e-03 -5.264972e-01 -1.377874e+00 2.839262e+00 -7.054072e-01 -3.221733e+00 -1.365782e+00 7.140417e-01 -7.387801e-01 4.924643e-02 
-3.807191e+00 7.950868e+00 1.909601e+00 -1.293404e+00 5.325678e+00 -3.193871e+00 5.412934e+00 2.610949e+00 6.741068e-01 8.909412e+00 2.969919e+00 5.411521e+00 -1.096414e-01 -3.400911e+00 -2.664031e+00 3.690282e-01 2.264341e-01 -4.859701e-01 -9.425070e-02 3.743154e+00 1.780049e+00 -1.294024e-01 -5.769978e-02 3.133157e-01 -9.144545e-01 1.027581e-01 
-9.860230e+00 2.630377e-02 2.592856e+00 2.346167e+00 2.292209e+00 -6.512453e+00 5.749412e-01 6.219762e+00 -2.736891e+00 3.256090e+00 2.699617e+00 5.968089e-01 7.411385e-02 -3.616065e+00 -2.888664e+00 -7.655512e-01 2.816244e-01 -5.294203e-01 -1.391489e-01 -2.503217e-01 8.750809e-01 9.942554e-01 -2.525837e-01 4.575109e-01 -1.113717e-01 1.334327e-01 
-1.281410e+01 -2.913182e+00 -9.864602e-01 1.987952e+00 1.772047e+00 -2.052475e+00 8.056411e+00 8.505356e+00 8.166384e+00 7.684394e+00 1.512559e+00 3.645642e+00 2.497945e-01 -2.606169e+00 -1.833423e+00 -1.444015e+00 1.105620e+00 -1.343658e+00 6.777836e-01 -9.015726e-01 -9.023617e-01 2.288291e-01 -2.042684e-01 6.539329e-01 5.480216e-01 1.119041e-01 
-1.446793e+01 -3.890934e-01 -3.185022e+00 1.888160e+00 3.819566e-01 -3.984077e+00 -4.294755e+00 -9.549031e-01 -3.654544e-01 5.805686e+00 5.184766e+00 6.219662e+00 3.361531e-01 -5.325937e-01 4.780397e-01 -4.751684e-01 7.005448e-01 -1.279842e+00 7.302904e-01 -2.139110e-01 -1.558254e+00 4.476938e-02 5.466334e-01 3.760421e-01 2.403358e+00 5.253274e-02 
-1.453419e+01 -1.008550e+00 -2.421535e+00 4.463701e+00 -4.374843e-01 -1.069141e+00 3.339920e+00 1.686473e+00 6.325343e-01 6.613272e+00 4.997010e+00 5.340202e+00 3.188596e-01 4.103850e-01 8.199733e-01 5.029305e-01 5.642581e-02 -1.285116e+00 1.731797e-01 -1.606047e+00 -3.625327e-01 -1.039110e+00 -4.193274e-01 -8.814413e-01 3.012213e-01 1.233822e-03 
-1.166316e+01 1.464187e+00 9.345510e-01 4.611017e+00 -3.002234e+00 -3.352669e+00 1.863632e+00 1.837931e+00 1.253881e+00 6.524818e+00 2.837602e+00 1.176632e+01 3.022450e-01 5.802723e-01 3.945791e-01 1.361482e+00 5.874208e-01 3.258775e-01 1.557429e+00 8.972925e-01 2.108949e+00 2.017035e-01 5.968803e-01 -8.869494e-01 -1.161796e+00 -2.295612e-02 
-1.216456e+01 2.600451e-01 -5.315943e-01 9.086528e-01 -2.961440e+00 -1.502281e+00 -3.053018e+00 5.296275e+00 2.161168e+00 5.228191e+00 -1.721065e+00 2.378419e+00 2.729176e-01 2.953749e-01 1.492880e-01 5.120317e-01 3.179272e-01 1.774242e-01 1.646564e+00 -1.337621e-01 8.504511e-01 3.456034e-01 2.982852e-01 -6.427422e-01 -9.223579e-01 -2.117905e-02 
-1.275138e+01 9.495044e-01 2.677418e+00 6.602789e+00 3.273322e+00 4.019639e+00 3.388176e+00 7.784941e+00 -1.212540e-01 9.482628e+00 4.109057e+00 1.891575e+00 2.443435e-01 -3.967699e-01 -3.347750e-01 -2.786840e-01 -2.303677e-02 -7.152654e-01 5.761388e-01 5.636359e-01 -2.257907e-01 4.294218e-01 -9.674759e-02 -2.395967e-01 -8.916610e-01 -8.137668e-03 
-1.251320e+01 -4.768848e-03 -7.328100e-01 5.057451e+00 -2.688141e+00 3.477527e+00 1.908837e+00 2.965223e+00 3.048119e+00 6.625793e+00 1.147572e+00 5.665785e+00 2.419151e-01 -3.659557e-01 3.015228e-01 -2.487501e-01 4.753284e-01 -1.180975e+00 7.550211e-02 1.464068e+00 -1.433745e-01 8.619542e-01 5.008650e-03 4.938334e-01 1.064904e+00 2.699345e-02 
-1.347269e+01 -7.728148e-02 -3.582611e-01 2.421433e+00 -6.715211e+00 -2.961879e+00 2.200885e+00 1.874503e+00 2.957515e+00 5.342279e+00 2.053001e-01 5.664333e+00 2.770579e-01 1.031258e+00 3.861622e-01 -1.452758e+00 -1.260838e+00 -1.071993e+00 -8.926452e-01 -3.249775e-01 1.016407e+00 5.123442e-01 -5.845864e-02 3.727518e-01 7.289160e-01 5.473882e-02 
-1.363369e+01 2.281052e+00 -2.575049e-01 5.375973e+00 -3.872047e+00 2.365988e+00 4.860969e+00 7.534621e+00 4.931555e+00 7.323410e+00 2.699980e+00 5.816562e+00 3.915277e-01 2.907063e+00 8.098197e-02 -1.086135e+00 -1.561583e+00 1.494328e+00 -1.022148e+00 -6.713252e-01 2.366811e+00 -6.698718e-01 2.664014e-01 1.175562e+00 -8.237875e-01 5.250133e-02 
-7.034846e+00 1.737405e+00 -4.824025e+00 1.393362e-01 -1.494690e+00 1.121816e-01 2.872229e-01 1.058228e+01 1.498749e+00 8.841527e+00 5.196611e+00 5.460767e+00 4.432313e-01 6.937111e+00 -1.191501e+00 -1.917731e+00 -2.154493e+00 -1.212702e-01 1.516290e+00 -2.287538e+00 -8.228668e-01 -7.753311e-01 -7.719007e-01 -1.232670e-01 -3.972559e+00 8.865835e-02 
-1.196804e+00 -5.072021e-01 -3.930605e+00 -1.609417e+00 2.173237e+00 -3.170243e+00 -4.909577e-01 1.044539e+01 4.281425e-01 6.208176e+00 4.529727e+00 1.648631e+00 4.213351e-01 7.329755e+00 -2.872563e+00 -1.219834e+00 -4.136970e+00 -1.257805e+00 2.254050e+00 -2.641831e+00 -3.851609e+00 5.670815e-02 -2.922454e+00 -1.078439e+00 -6.086574e+00 1.284339e-01 
1.499443e+01 -4.640662e+00 -8.110365e+00 -4.858335e+00 -1.034420e+01 7.387688e+00 -6.560842e+00 -3.695217e+00 1.332565e+00 2.040392e+00 -1.325908e+00 -1.211450e+01 7.054459e-01 4.569711e+00 -3.659717e+00 -2.595530e-01 -3.644119e+00 -1.126735e+00 3.325742e+00 -1.344858e+00 -4.954188e+00 1.125541e+00 -4.299262e+00 -1.866804e+00 -6.302811e+00 1.490873e-01 
1.200045e+01 -8.892729e+00 -4.713503e+00 -1.281004e+01 -5.736316e+00 9.998487e+00 -4.924153e+00 -4.584676e+00 5.298187e+00 -3.888293e+00 5.690475e-01 -1.582868e+01 9.025896e-01 1.323060e+00 -3.341130e+00 2.681293e-01 -2.925431e+00 -2.048129e-01 2.971253e+00 -2.731726e-01 -3.910724e+00 8.785921e-01 -3.915431e+00 -1.055194e+00 -3.849483e+00 1.359828e-01 
9.215079e+00 -1.236841e+01 -5.730341e+00 -1.248095e+01 -3.173589e+00 1.015653e+01 -4.220470e+00 -6.673635e+00 4.691430e+00 -7.606550e+00 -2.157068e+00 -1.731463e+01 9.480406e-01 -1.760745e+00 -2.606411e+00 5.992458e-01 -1.402343e+00 2.098112e+00 5.497341e-01 1.016178e+00 -1.891384e+00 1.275248e-01 -2.717679e+00 1.237987e-01 -1.873041e-01 6.664700e-02 
8.308168e+00 -1.334898e+01 -3.779970e+00 -1.242527e+01 -2.436135e+00 1.030160e+01 -3.027006e+00 -7.619018e+00 3.141670e+00 -8.545508e+00 -3.306625e-01 -1.499871e+01 9.799515e-01 -9.591711e-01 -1.222731e+00 1.111073e-01 7.727603e-01 1.470807e+00 3.284374e-01 1.303475e+00 -1.835497e+00 -1.165471e-01 -8.952790e-01 5.838369e-01 1.491081e+00 2.166799e-02 
8.036845e+00 -1.544460e+01 -5.580902e+00 -1.206244e+01 -1.503734e+00 9.984801e+00 -2.428525e+00 -1.163496e+01 3.048447e+00 -9.219396e+00 -2.570601e-01 -1.346600e+01 1.000000e+00 -1.981026e-01 -4.649488e-01 1.223615e-01 7.523805e-01 1.158958e+00 2.376753e-01 1.602826e+00 -1.773494e+00 4.997170e-01 -5.675250e-01 1.400937e+00 1.635426e+00 8.633954e-03 
7.793715e+00 -1.346829e+01 -4.232686e+00 -9.155492e+00 7.827940e-01 1.172654e+01 6.972494e-01 -1.128150e+01 5.536943e+00 -7.558266e+00 2.538228e+00 -1.029759e+01 9.849499e-01 -6.338831e-02 -2.468098e-01 -4.009258e-01 1.368976e-01 9.232453e-01 -7.174506e-01 1.357183e+00 -2.359916e+00 3.882549e-01 -1.275212e+00 5.360995e-01 3.837109e-01 1.223022e-03 
8.481793e+00 -1.463350e+01 -4.892176e+00 -1.035393e+01 1.011737e+00 1.063244e+01 1.931533e+00 -1.370987e+01 5.992379e+00 -1.093780e+01 3.413170e+00 -1.148807e+01 9.887112e-01 2.819982e-01 3.781723e-01 5.482941e-02 7.221375e-02 1.055490e+00 -6.347643e-01 1.671055e+00 -1.281876e+00 3.595149e-01 -6.949351e-01 3.704847e-01 3.956054e-01 -2.460140e-03 
7.768753e+00 -1.498857e+01 -6.128963e+00 -1.259503e+01 9.223561e-01 6.390531e+00 1.578879e+00 -1.838115e+01 3.610980e+00 -1.406237e+01 5.147200e-01 -1.406913e+01 9.917110e-01 2.398199e-01 3.727222e-01 -1.917621e-01 -6.727781e-02 8.186618e-01 -9.030868e-01 1.273878e+00 -1.143853e+00 4.385538e-02 -4.335943e-01 3.579761e-02 1.753889e-01 1.815975e-04 
9.459317e+00 -1.279359e+01 -4.358617e+00 -9.981598e+00 3.703933e+00 9.478984e+00 5.485937e+00 -1.449452e+01 5.809004e+00 -9.442019e+00 2.607117e+00 -9.602201e+00 9.843187e-01 2.592643e-01 3.913813e-01 1.717943e-01 7.833081e-01 8.191509e-01 -4.057555e-01 1.238032e+00 -4.116674e-01 3.483415e-01 4.729128e-01 2.792065e-01 5.501703e-01 -5.300343e-04 
8.504053e+00 -1.252464e+01 -5.458276e+00 -9.678048e+00 3.530005e+00 7.787832e+00 5.289436e+00 -1.660844e+01 5.847908e+00 -1.047413e+01 3.120242e+00 -1.036357e+01 9.880541e-01 3.696566e-01 2.817078e-02 4.729581e-01 1.007101e+00 3.572591e-01 4.644786e-01 3.446882e-01 4.629709e-01 8.495692e-02 1.129995e+00 3.728565e-01 9.290730e-01 9.778440e-04 
9.410465e+00 -1.390856e+01 -4.368547e+00 -7.895884e+00 3.803667e+00 7.905010e+00 6.266416e+00 -1.665456e+01 6.615622e+00 -1.036735e+01 3.506441e+00 -1.058999e+01 9.878895e-01 -1.439300e-01 -7.296694e-01 7.470026e-02 3.981012e-01 -3.584011e-01 -1.372984e-01 -8.852611e-01 -2.888735e-01 -5.277228e-01 2.581823e-01 -3.213563e-01 -2.912140e-02 3.310197e-03 
9.641462e+00 -1.429024e+01 -3.759207e+00 -8.602383e+00 2.658784e+00 9.499911e+00 2.912080e+00 -1.498627e+01 3.632455e+00 -7.949725e+00 1.929340e+00 -8.929867e+00 9.948149e-01 -2.077459e-01 -6.837378e-01 -2.640196e-01 2.548717e-01 -5.294323e-01 -1.258808e-01 -1.335193e+00 -1.695290e-01 -7.118824e-01 2.649836e-01 -7.655619e-01 7.112026e-03 1.588803e-03 
8.170962e+00 -1.555914e+01 -4.834650e+00 -8.528925e+00 2.347538e+00 7.936452e+00 2.248309e+00 -1.674997e+01 4.278116e+00 -9.413308e+00 1.595787e+00 -1.046466e+01 9.974893e-01 -5.137983e-01 -3.689009e-01 -6.444149e-01 2.417996e-01 -4.956733e-01 -4.407489e-01 -1.312041e+00 -2.885311e-01 -4.858267e-01 -8.384056e-02 -8.066090e-01 -3.287855e-01 2.214432e-04 
8.085074e+00 -1.511803e+01 -6.545322e+00 -8.087170e+00 1.610908e+00 7.142707e+00 6.225262e-01 -1.740838e+01 3.457249e+00 -9.626231e+00 2.477603e-01 -1.039068e+01 9.911982e-01 -3.130027e-01 -2.183113e-02 -1.678138e-01 5.710531e-01 1.875125e-01 -2.074662e-01 -1.633150e-01 2.673014e-01 5.180973e-01 -2.321533e-01 -8.093090e-02 -2.064184e-01 -4.124284e-04 
7.619668e+00 -1.533917e+01 -6.197564e+00 -6.944493e+00 1.849239e+00 6.879868e+00 8.509908e-01 -1.688616e+01 4.274091e+00 -9.948304e+00 3.141859e-01 -1.150351e+01 9.908050e-01 1.792876e-01 -7.986889e-02 1.147528e-01 3.594212e-01 -7.411082e-02 -2.896610e-01 -4.501450e-01 8.338919e-01 -7.538562e-02 -2.730026e-01 -4.406179e-01 -8.768644e-02 -3.047317e-03 
8.352097e+00 -1.450938e+01 -3.916819e+00 -6.539333e+00 3.845496e+00 8.990872e+00 2.794165e+00 -1.358167e+01 6.224954e+00 -8.842994e+00 2.165486e+00 -9.442535e+00 9.960949e-01 2.657489e-01 -1.924479e-01 6.349061e-01 4.590584e-01 -1.688631e-01 -2.750172e-01 -2.071073e-01 1.304739e+00 -1.189495e-01 -3.403448e-01 -1.540533e-01 -5.188942e-02 -5.180693e-03 
8.933889e+00 -1.626281e+01 -5.575138e+00 -7.505737e+00 8.596900e-01 5.564064e+00 -1.088235e+00 -1.449386e+01 2.517336e+00 -1.116994e+01 -1.566166e+00 -1.137717e+01 9.798044e-01 2.022503e-01 8.436985e-02 -3.407154e-02 6.621698e-01 -8.954445e-01 -4.512673e-01 -6.654269e-01 1.306790e+00 -6.682754e-01 -6.087515e-01 -5.619158e-01 2.544727e-02 -1.092758e-02 
8.756708e+00 -1.561845e+01 -3.682005e+00 -5.511255e+00 1.261367e+00 6.425523e+00 5.566025e-01 -1.208083e+01 3.740880e+00 -1.071714e+01 4.176698e-01 -1.071330e+01 9.707950e-01 7.254437e-02 2.935486e-02 -1.528645e-01 1.236939e+00 -1.071401e+00 -7.208244e-01 -5.316356e-01 1.509968e+00 -6.599483e-01 -5.152785e-01 -6.032353e-01 2.200625e-01 -9.630555e-03 
8.428613e+00 -1.436278e+01 -6.485329e+00 -4.147683e+00 -1.335919e+00 5.906206e+00 -1.357363e+00 -1.110263e+01 2.174752e+00 -1.205499e+01 -1.621485e+00 -1.074089e+01 9.488171e-01 -2.375909e-01 3.056612e-01 2.405132e-01 1.390910e+00 -7.832655e-01 -7.721971e-01 3.052495e-01 2.028420e+00 -3.155002e-01 -3.238186e-01 -1.757441e-01 7.143605e-01 -5.701399e-03 
8.967457e+00 -1.531262e+01 -4.226046e+00 -2.033667e+00 -4.137044e-01 5.215680e+00 2.705507e-01 -7.727448e+00 3.096504e+00 -1.097686e+01 -8.230307e-01 -8.660358e+00 9.634358e-01 -1.111311e-01 -1.216869e-02 3.861810e-01 6.913654e-01 -9.254982e-01 -1.710353e+00 3.462216e-01 1.935496e+00 -1.282451e+00 -3.973543e-01 -9.961137e-01 9.882799e-01 -9.489018e-03 
7.640561e+00 -1.488742e+01 -4.100552e+00 -2.289984e+00 -2.219102e+00 2.308000e+00 5.810385e-01 -6.528457e+00 1.262022e+00 -1.265917e+01 -1.824536e+00 -8.831835e+00 9.549770e-01 -2.126036e-01 -1.713137e-01 5.656380e-01 1.341916e-01 -1.523638e+00 -2.163714e+00 3.168972e-01 1.840498e+00 -2.087829e+00 -6.903469e-01 -1.328382e+00 5.428508e-01 -1.385618e-02 
8.595078e+00 -1.541697e+01 -2.943489e+00 -2.983278e+00 -2.924533e+00 -3.271388e-01 1.318510e+00 -4.690441e+00 -2.215009e+00 -1.240182e+01 -4.461373e+00 -6.726429e+00 9.202700e-01 -4.885349e-01 6.181419e-01 -2.266493e-02 6.623127e-02 -2.447782e+00 -1.830396e+00 1.530276e-01 1.850705e+00 -2.637658e+00 -6.765087e-01 -1.625519e+00 1.393529e-01 -1.900397e-02 
7.551784e+00 -1.516717e+01 -4.298417e+00 -3.001920e+00 -7.698696e+00 -2.140958e+00 -2.968564e-01 -3.418646e+00 -5.608638e+00 -1.479425e+01 -6.444221e+00 -8.993605e+00 9.011191e-01 -6.043353e-01 7.197510e-01 1.019242e-01 -5.306934e-02 -3.273391e+00 -1.394055e+00 -3.234199e-01 1.871941e+00 -2.994500e+00 -4.994461e-01 -1.808786e+00 -1.523947e-01 -1.652395e-02 
6.569170e+00 -1.208204e+01 -4.240438e+00 -1.346542e+00 -9.912818e+00 -1.711823e+00 1.474636e+00 -2.882862e-02 -6.656457e+00 -1.329187e+01 -6.640782e+00 -7.882709e+00 8.953449e-01 -5.898553e-01 9.823189e-01 6.240244e-01 -2.040173e-01 -3.050788e+00 -8.486955e-01 -5.048887e-01 2.614983e+00 -2.554401e+00 2.663435e-01 -9.736389e-01 -4.093800e-02 -1.459795e-02 
5.631839e+00 -1.295614e+01 -2.942456e+00 -3.373698e+00 -1.509192e+01 -3.969933e+00 -1.114124e+00 5.004416e-01 -1.148975e+01 -1.471138e+01 -9.778763e+00 -9.015667e+00 8.848198e-01 -7.506885e-02 1.118170e+00 1.246562e+00 -2.648686e-01 -2.620344e+00 -4.093916e-01 -7.806156e-02 2.411881e+00 -1.522350e+00 9.483463e-01 -4.530399e-01 2.084797e-01 -2.335621e-02 
6.605774e+00 -1.161090e+01 -5.013471e-01 -3.817475e+00 -1.448187e+01 -3.656129e+00 -7.972999e-01 6.424929e+00 -1.204646e+01 -1.111154e+01 -7.662297e+00 -6.920087e+00 8.554298e-01 1.282558e-01 1.286805e+00 1.193936e+00 -9.655687e-01 -2.154444e+00 -2.933664e-01 1.095744e-01 1.726662e+00 -8.635641e-01 1.232743e+00 -2.489668e-01 -4.859778e-01 -2.888151e-02 
7.158137e+00 -9.811895e+00 6.484985e-02 -3.090796e+00 -1.851589e+01 -3.215763e+00 4.488039e-01 5.413879e+00 -1.052538e+01 -1.114268e+01 -8.198664e+00 -8.432518e+00 8.042955e-01 2.078859e-01 2.083597e+00 1.280761e+00 -6.751534e-01 -6.497955e-01 1.087151e-01 1.213957e+00 1.266426e+00 9.112539e-01 2.334629e+00 6.934614e-01 -3.628197e-01 -2.949352e-02 
6.447300e+00 -7.220130e+00 2.255902e-01 -6.315836e+00 -1.897305e+01 -3.555740e+00 1.241044e+00 6.147763e+00 -1.145646e+01 -8.912501e+00 -8.675666e+00 -1.060417e+01 7.911995e-01 -1.538719e-01 1.720744e+00 1.145899e+00 -9.468050e-01 1.036854e-02 -1.079766e+00 1.375976e-01 -6.878772e-01 7.058074e-01 1.530600e+00 1.459656e-01 -7.790574e-01 -3.164133e-02 
6.750505e+00 -4.733537e+00 3.097879e+00 -5.500284e+00 -1.609530e+01 -3.476552e+00 3.936487e+00 6.971154e+00 -7.228482e+00 -4.137751e+00 -5.804771e+00 -8.987722e+00 7.694674e-01 -6.309319e-02 1.448120e+00 9.300076e-01 -2.490946e-01 1.487458e+00 -2.272819e+00 -1.295797e+00 -1.449691e+00 7.049400e-01 1.168565e+00 2.848167e-01 9.323511e-02 -3.449853e-02 
6.040231e+00 -5.546358e+00 3.711633e+00 -7.346756e+00 -1.564032e+01 -8.924563e+00 -1.853153e+00 2.206906e+00 -1.016587e+01 -6.960998e+00 -8.129416e+00 -1.053777e+01 7.146373e-01 4.710448e-01 1.377198e+00 6.007313e-04 8.785123e-01 1.281502e+00 -2.340270e+00 -4.433629e+00 -1.975777e+00 1.391887e+00 6.336355e-01 -3.371657e-01 3.343925e-01 -4.664389e-02 
7.046206e+00 -3.408181e+00 2.971866e+00 -3.820809e+00 -1.274497e+01 -1.189544e+01 -4.483084e+00 1.358547e-01 -7.645980e+00 -6.275608e+00 -7.047706e+00 -7.999543e+00 6.700840e-01 3.291892e-01 2.486588e+00 -7.205192e-01 1.774801e+00 1.759847e+00 -1.910226e+00 -4.253125e+00 -2.670990e+00 1.727639e+00 1.183067e-01 -3.806901e-01 1.204844e+00 -7.437261e-02 
8.654674e+00 -9.968214e-01 2.916002e-01 -2.763012e+00 -1.424071e+01 -1.104764e+01 -1.671732e+01 -3.134704e-01 -4.288277e+00 -4.675395e+00 -9.740027e+00 -9.426300e+00 6.076717e-01 -2.000506e+00 3.902504e+00 5.977345e-01 3.658263e+00 2.846326e+00 7.875422e-01 -4.114337e-01 -2.301257e+00 2.050694e+00 -3.170910e-01 6.565032e-01 2.248082e+00 -9.950498e-02 
7.089230e+00 5.424632e+00 1.205299e+00 1.081849e+00 -7.995871e+00 -1.196614e+01 -9.897058e+00 -5.123605e+00 -1.529085e+00 -4.689018e+00 -6.902916e+00 -3.519241e+00 4.510871e-01 -5.414031e+00 2.206742e+00 1.194352e+00 3.952518e+00 3.578233e+00 1.938590e+00 3.129373e+00 6.955071e-02 2.482339e+00 1.695188e+00 1.977928e+00 3.318845e+00 -8.074944e-02 
-3.983809e+00 9.549755e+00 7.583589e+00 8.493233e+00 -3.783238e+00 -4.951502e+00 -1.203334e+00 -6.669651e+00 -2.970847e+00 -9.339747e+00 -4.919294e+00 -1.537515e+00 3.266109e-01 -7.207278e+00 -8.010741e-02 -2.965517e-01 1.886553e+00 4.016815e+00 3.100304e+00 6.400072e+00 2.738044e+00 3.705805e+00 3.610550e+00 3.875478e+00 4.367751e+00 -2.431935e-02 
-1.370471e+01 2.352241e+00 5.297630e+00 1.031366e+01 -8.253908e-02 -5.250563e+00 3.406789e+00 3.661698e+00 4.106999e+00 4.532506e+00 4.315684e-01 4.650289e+00 4.068672e-01 -6.241047e+00 -2.493789e+00 -3.375449e+00 -1.246695e+00 2.072464e+00 3.189015e+00 3.617201e+00 3.409524e+00 1.886235e+00 1.805131e+00 2.505584e+00 3.820140e+00 3.790420e-02 
-1.698475e+01 1.388373e-01 -3.237324e+00 2.053848e+00 1.886701e+00 1.096089e+00 8.631120e+00 8.984097e+00 1.142270e+01 8.766593e+00 5.970118e+00 8.327690e+00 5.081849e-01 -3.145031e+00 -2.443589e+00 -4.465201e+00 -2.155336e+00 1.370720e+00 2.027541e+00 1.987800e+00 2.578788e+00 1.288732e+00 7.692827e-01 1.015005e+00 2.451465e+00 5.729577e-02 
-1.761554e+01 -2.338853e+00 -1.026149e+01 -1.931934e+00 -4.685221e-01 9.551358e-01 3.271722e+00 4.097140e+00 7.053134e-01 -4.716533e+00 1.802957e-01 1.064886e+01 5.498210e-01 6.064470e-01 7.941526e-01 -1.556773e+00 -2.672901e-01 4.977553e-01 7.721660e-01 -4.638723e-01 -1.105090e+00 -2.553437e+00 -2.413152e+00 -4.891032e-01 1.231909e-01 2.936009e-02 
-1.775355e+01 -3.226414e-01 -6.962857e+00 3.839352e+00 3.263351e+00 2.083353e+00 8.803200e+00 6.006567e+00 5.173656e+00 -8.688145e-01 2.813694e-01 7.720527e+00 5.416128e-01 3.135776e+00 2.201944e+00 1.542781e+00 1.292249e+00 -8.735005e-01 -7.824430e-01 -1.798424e+00 -3.414959e+00 -4.973403e+00 -1.910828e+00 -9.004530e-01 -5.927635e-01 1.256788e-03 
-1.028807e+01 6.553743e+00 -6.234679e-01 8.084457e+00 1.717913e+00 -1.883365e+00 1.001388e+00 -3.749866e-01 -5.535660e+00 -2.715551e+00 8.304267e-01 5.569825e+00 5.369537e-01 2.550298e+00 1.947751e+00 2.665682e+00 1.701931e+00 -7.383085e-01 -1.629145e+00 -2.163862e+00 -3.593044e+00 -3.555137e+00 1.948776e-01 -6.406838e-01 -6.644391e-01 -1.127410e-02 
-4.969602e+00 6.702261e+00 -3.424287e-01 3.506899e+00 -3.574019e+00 -1.396875e+00 7.741690e-01 -5.854636e+00 -1.032383e+01 -1.788038e+00 1.142787e+00 7.903388e+00 5.209025e-01 2.227983e+00 4.588235e-01 2.855117e+00 1.004798e+00 -7.742171e-01 -1.926924e+00 -2.639247e+00 -1.702570e+00 -3.157212e+00 3.387423e-01 -2.296298e-01 -1.112764e+00 -1.147343e-02 
-1.125602e+01 3.887453e+00 -2.432876e-01 6.743947e+00 -7.413797e-01 -5.450474e+00 -3.533074e+00 -7.937476e+00 -9.321630e+00 -3.282533e+00 -3.453832e+00 7.235230e+00 5.038056e-01 6.185710e-01 -9.921667e-01 2.323117e+00 -6.445640e-01 8.462526e-01 -9.764762e-01 -1.489723e+00 1.201827e+00 -7.440853e-02 1.259595e+00 -4.843239e-01 -1.382150e+00 -2.809555e-02 
-6.129663e+00 3.304621e+00 7.122639e+00 9.533596e+00 6.219115e-01 -5.767714e+00 -2.125808e+00 1.274963e+00 -8.719417e+00 1.108388e+00 1.275350e+00 1.324006e+00 5.008197e-01 -4.001167e-01 -2.008958e+00 1.119408e+00 -1.327638e+00 1.868727e+00 1.292151e-01 -9.638029e-01 3.896590e+00 1.719449e+00 1.022793e+00 -9.317037e-01 -1.975111e+00 -5.580872e-02 
-6.615188e+00 3.291729e+00 7.259582e+00 1.848289e+00 3.851210e+00 -4.580327e+00 -4.997241e+00 2.069348e+00 -6.709908e+00 2.134210e+00 -1.657474e+00 1.948767e+00 4.065173e-01 7.769185e-01 -1.682637e+00 4.080772e-01 -2.329959e+00 7.465597e-01 1.117148e+00 -1.632284e-01 4.143722e+00 2.424505e+00 1.257033e+00 7.015604e-01 7.512331e-03 -9.012492e-02 
-9.290603e+00 -3.044670e+00 1.503177e+00 -6.834617e-01 3.473322e+00 -1.185873e+00 -3.312762e+00 8.624904e+00 -3.032441e+00 6.175561e-01 -4.413911e+00 6.710668e-01 2.905031e-01 1.150736e+00 -1.228556e+00 -1.166242e+00 -2.412341e+00 6.155307e-01 8.461426e-01 6.328116e-02 2.381091e+00 2.589338e+00 1.215914e+00 1.051414e+00 2.137143e+00 -1.077242e-01 
-5.790960e+00 -1.351087e+00 4.606829e+00 2.026788e-01 1.565713e+00 -2.155654e+00 -3.755739e+00 9.106164e+00 -4.259300e-02 3.248046e+00 2.898600e+00 7.599261e+00 1.583393e-01 2.526679e+00 -7.821147e-01 -2.508967e+00 -5.936482e-02 2.918215e-01 9.496040e-01 1.870810e+00 1.730756e+00 1.860839e+00 1.271809e+00 1.746898e+00 8.670429e-01 -1.107737e-01 
-7.880964e-01 -5.167513e-01 2.617805e+00 -1.705302e+00 4.842314e+00 -2.749338e+00 -2.430153e+00 9.662010e+00 8.936181e-01 6.631041e+00 4.254385e+00 9.184473e+00 8.628756e-02 3.030770e+00 4.784090e-01 -2.874632e+00 8.161696e-01 -3.341042e-01 3.704202e-01 1.953964e+00 -8.233204e-01 -1.963158e-01 7.672201e-01 1.340205e+00 -1.145316e+00 -8.508869e-02 
1.766953e+00 -1.882803e+00 -5.842566e+00 2.062385e+00 4.625822e+00 9.494250e-01 3.915503e+00 1.020457e+01 6.312592e-01 5.486515e+00 2.742870e+00 2.027278e+00 -4.524338e-02 1.874572e+00 2.571945e-02 -3.025720e+00 8.424155e-01 -7.066516e-01 4.548999e-02 1.282418e+00 -1.880662e+00 -3.424063e-01 6.806493e-01 5.758395e-02 -2.449158e+00 -4.875235e-02 
2.084289e+00 -3.867664e-01 -7.645286e+00 2.467534e+00 2.727470e-01 -8.863118e-01 2.621435e+00 3.959097e+00 -4.350946e+00 3.334423e+00 2.364978e+00 -2.269519e+00 -3.314900e-02 4.741437e-01 1.980834e-01 -1.027082e+00 9.746114e-01 -1.011310e-01 -7.806330e-01 7.808701e-01 -1.479770e+00 -9.302118e-01 -7.101742e-01 -4.159772e-01 -1.418144e+00 -2.419744e-02 
2.145706e+00 -1.287482e+00 -5.390224e+00 2.328338e+00 3.172388e-01 -2.859717e+00 1.305575e-01 2.554309e+00 8.676581e-01 8.299602e+00 4.131224e+00 1.080464e+00 -2.570415e-02 -4.521909e-02 2.470099e-01 1.451465e+00 1.696370e-01 1.375703e+00 -7.106843e-02 7.263769e-01 -8.949338e-01 -5.813270e-01 -8.652163e-01 1.886278e-01 6.147448e-01 5.956566e-03 
1.393246e+00 1.760049e-01 -2.743777e+00 3.034778e+00 6.490951e+00 -4.747931e+00 3.366671e+00 6.088291e+00 -3.875641e+00 1.673626e+00 1.480322e+00 2.567158e+00 -4.446924e-02 -6.714282e-02 -6.343045e-02 2.043510e+00 -1.307631e-01 1.028532e+00 -1.939285e-01 9.685132e-01 4.116393e-01 -6.867317e-01 -1.887421e+00 -9.376299e-01 1.157540e+00 3.647709e-03 
1.886379e+00 -9.291396e-01 -1.035994e+00 2.626948e+00 8.395234e+00 2.524893e+00 7.174769e+00 4.665308e+00 -2.513029e+00 1.990831e+00 4.128337e+00 2.682664e+00 -9.800434e-03 4.229518e-01 3.755821e-01 6.742875e-02 -1.003497e-01 -7.106528e-01 -8.694239e-02 1.446631e+00 -5.784703e-01 -1.373260e+00 -2.003217e+00 -2.824905e+00 4.841306e-02 4.789829e-05 
1.878238e+00 -8.830900e-01 3.951504e-01 1.664413e+00 1.376410e+00 -4.548259e+00 3.941895e+00 4.961794e+00 -6.094262e+00 -2.948298e+00 -2.321728e+00 2.717083e+00 -2.286232e-02 8.799185e-01 1.073387e+00 -6.340503e-04 7.811847e-02 -2.522645e+00 2.973961e-01 1.654367e+00 -7.851704e-01 -3.438535e-01 3.393053e-01 -1.768689e+00 -3.017858e-01 -1.614875e-02 
4.017969e+00 1.119976e+00 -6.622544e+00 2.511772e+00 -6.787548e-01 -3.394265e+00 7.076103e+00 2.252059e-01 -4.889332e+00 5.944762e-01 -8.092278e+00 1.247567e+00 -3.626812e-02 4.451742e-01 1.648186e+00 1.648041e-01 3.123728e-01 -2.096529e+00 -5.381399e-01 5.283866e-02 5.335344e-02 6.634485e-01 -3.745955e-01 -1.543945e+00 -6.401737e-01 -3.412030e-02 
4.727044e+00 4.518380e+00 4.632807e-02 3.482958e+00 -1.585282e+00 -3.013721e-01 1.168784e+01 4.382491e+00 -4.406756e+00 4.068331e+00 -1.252814e+00 1.775777e+00 -1.119791e-01 1.680527e-02 1.715046e+00 6.483203e-01 4.593450e-01 1.590702e-01 8.282260e-01 -3.161884e-01 -4.458864e-01 -1.812370e-01 -3.378510e-02 -2.158422e-02 3.375645e-02 -3.524872e-02 
2.687848e+00 4.611058e+00 -3.756237e-02 3.279540e+00 -6.065650e-01 -2.289251e+00 3.565990e+00 5.221727e+00 -3.953886e-02 -3.390460e+00 -4.125846e+00 -4.755211e-02 -1.358435e-01 -2.051781e-01 8.595373e-01 1.324820e+00 1.500597e-01 1.282538e-01 -7.023508e-02 -1.810885e+00 -9.528427e-01 -1.224609e+00 -8.920113e-01 1.083381e+00 1.204846e+00 -2.247485e-02 
2.627325e+00 5.946600e+00 3.442612e-01 3.577255e+00 2.135666e+00 -9.596369e-01 4.116009e+00 2.341013e-01 -9.425344e+00 -1.124755e+00 -4.412866e+00 3.533424e+00 -1.493182e-01 -2.818885e-01 9.074165e-01 2.331945e-01 2.695033e-01 7.642022e-01 -3.504020e-01 -1.594479e+00 -1.127343e+00 -1.101973e+00 3.511043e-02 8.291878e-01 1.366783e+00 -7.275641e-03 
4.041937e+00 4.703552e+00 -1.474104e-01 3.214922e+00 -1.897960e+00 -3.416308e+00 1.807592e+00 -2.464813e+00 -8.503084e+00 -1.269037e+00 -1.095347e+00 6.392975e+00 -1.299728e-01 -1.560738e-01 1.061354e+00 9.362766e-01 1.062013e+00 1.656182e+00 1.008612e+00 -2.689099e-01 6.077248e-01 9.854032e-01 1.857440e+00 1.541691e+00 5.337260e-01 -3.287280e-03 
2.640556e+00 9.009216e+00 1.267225e+00 4.862783e+00 2.881427e+00 -1.489853e+00 4.594646e+00 2.589046e+00 -5.684851e+00 3.183171e+00 1.377876e+00 5.389429e+00 -1.512927e-01 -6.496679e-01 1.412292e+00 1.539424e+00 1.140930e+00 2.955502e+00 2.062760e+00 -9.173785e-01 9.992313e-01 2.695865e+00 1.836074e+00 7.218088e-01 -2.759524e-01 -2.526879e-03 
1.900863e+00 8.386520e+00 4.182339e+00 7.946840e+00 7.301465e+00 3.018919e+00 1.982122e+00 7.082878e+00 3.017231e+00 3.742775e+00 6.872394e-01 1.693076e+00 -1.512927e-01 -5.404685e-01 2.024306e+00 1.554069e+00 6.981785e-01 3.658768e+00 3.310735e+00 8.107358e-01 1.174069e+00 1.868543e+00 1.154949e+00 1.177858e-01 -6.248692e-01 -4.263973e-03 
4.495230e-01 1.116657e+01 5.876504e+00 6.915944e+00 1.231346e+01 6.136549e+00 -5.581484e-01 4.564123e-01 -1.706174e+00 5.549708e+00 -1.695115e+00 4.503612e+00 -1.512927e-01 3.236431e-01 2.167451e+00 1.708502e+00 5.029297e-02 1.862032e+00 2.047184e+00 7.874097e-01 -2.262412e-01 1.611489e-01 -9.451828e-02 -3.370579e-01 4.864944e-01 2.037048e-04 
2.435112e+00 1.374640e+01 5.318293e+00 5.679235e+00 1.167986e+01 9.324168e+00 8.437668e+00 4.471850e+00 -1.149706e+00 3.322437e+00 1.030077e+00 3.711537e+00 -1.512927e-01 6.393075e-01 2.211659e+00 9.540075e-01 -2.225503e-01 -4.892913e-01 -3.082399e-01 1.429982e-02 -9.464151e-01 -7.715478e-01 -4.960029e-01 -1.893997e-03 1.386502e+00 1.018524e-04 
3.991648e+00 1.716653e+01 9.241757e+00 6.248051e+00 1.000239e+01 5.593442e+00 5.303921e+00 2.763354e+00 -2.795637e+00 2.920749e+00 -4.788320e-01 6.812670e+00 -1.502742e-01 7.239321e-01 8.296453e-01 3.959710e-01 -1.380000e-02 -1.179791e+00 -1.808596e+00 -1.007820e+00 -7.165576e-01 -8.498366e-01 -1.515937e+00 4.117967e-01 -4.593227e-02 0.000000e+00 
3.326338e+00 1.644484e+01 7.269750e+00 7.168035e+00 6.010546e+00 1.749272e+00 -8.774137e-01 1.197331e+00 -2.957759e-01 2.577240e+00 6.962800e-02 7.471056e+00 -1.512927e-01 -3.050652e-02 -3.767467e-01 -3.597930e-01 -4.435961e-01 -1.109974e+00 -2.104946e+00 -1.664716e+00 -9.035143e-01 -1.769563e-01 -2.254118e-01 -8.278811e-02 -1.994186e-01 -1.018524e-04 
3.623570e+00 1.396558e+01 6.880630e+00 6.102543e+00 9.249166e+00 8.810179e-01 -9.397078e-01 -1.489116e+00 -6.382322e+00 -1.657379e+00 8.440933e-01 2.394191e+00 -1.512927e-01 -5.424084e-01 -1.070162e+00 -1.126796e+00 -4.473254e-01 -5.270686e-01 -1.133766e-01 -7.853093e-02 -4.666702e-01 8.131306e-01 5.274549e-01 -3.047760e-01 -1.702208e+00 -2.037048e-04 
2.466618e+00 1.346314e+01 4.699891e+00 3.534008e+00 6.506603e+00 1.155652e+00 3.235905e+00 2.080514e+00 -2.411451e-01 4.484442e+00 -4.532599e-02 4.923684e+00 -1.512927e-01 -3.495451e-01 -4.498459e-01 -1.049803e+00 -5.113602e-01 -5.200408e-02 2.513247e-01 1.351563e+00 8.264462e-01 1.183426e+00 1.190061e+00 -5.204316e-01 -9.880255e-01 0.000000e+00 
1.709466e+00 1.330657e+01 4.892707e+00 5.828438e+00 7.119017e+00 5.323370e+00 2.854607e+00 -1.158810e-02 1.242700e+00 4.604422e+00 -1.945235e+00 -4.246826e-01 -1.512927e-01 1.028914e-02 2.768804e-01 -6.909384e-01 -7.766441e-01 -4.702399e-01 1.565339e-01 9.137757e-01 1.851862e+00 2.299044e+00 1.890234e+00 6.736491e-02 1.371751e+00 0.000000e+00 
2.535665e+00 1.452512e+01 3.014695e+00 4.748287e+00 6.815600e+00 7.847196e-01 3.983244e+00 4.590798e+00 1.808845e+00 5.396646e+00 -1.137866e+00 3.940366e+00 -1.512927e-01 1.761796e-01 5.648511e-01 2.045016e-01 -4.029697e-01 -1.627868e-01 3.395734e-01 2.714865e-01 1.165826e+00 1.165392e+00 7.007576e-01 1.507449e-01 9.946564e-01 0.000000e+00 
3.640492e+00 1.481900e+01 4.268536e+00 1.612183e+00 6.743468e+00 1.849154e+00 3.255502e+00 6.515054e+00 4.087901e+00 7.337688e+00 1.727188e+00 9.744606e+00 -1.512927e-01 -2.500878e-01 4.859692e-01 6.603439e-02 -6.729725e-01 -8.098027e-01 -6.960555e-01 -6.553712e-01 7.728449e-01 4.949214e-01 6.506834e-01 1.227296e+00 1.394447e+00 0.000000e+00 
2.382002e+00 1.553119e+01 6.034485e+00 3.627286e+00 5.880444e+00 4.590627e+00 4.392890e+00 4.646323e+00 4.163215e+00 6.621597e+00 -1.127813e+00 4.812322e+00 -1.512927e-01 -1.321676e+00 -6.974844e-01 5.669785e-01 1.958955e-01 -5.251450e-01 -3.792958e-01 -1.738322e+00 -1.386320e+00 2.110254e+00 2.367464e+00 5.456842e-01 -1.318721e+00 1.281693e-02 
5.358582e-01 1.523338e+01 3.712984e+00 3.024075e+00 3.537582e+00 -5.986159e-02 -6.270728e-01 3.824874e+00 2.540123e+00 7.245363e+00 4.186218e+00 6.111574e+00 -1.512927e-01 -1.394188e+00 -1.466871e+00 4.978381e-02 1.714651e+00 9.300535e-01 3.815299e-01 -1.634023e+00 -1.738880e+00 1.126622e+00 3.370429e-01 -1.101433e+00 -2.502875e+00 1.007100e-02 
-2.520398e+00 1.083051e+01 6.127364e+00 5.021818e+00 5.792819e+00 -1.572516e-01 -2.767080e+00 -9.957104e-01 1.313400e+01 1.728013e+01 3.610396e-01 -8.367224e-01 -8.720803e-02 -7.937609e-01 -1.679080e+00 -2.368907e-01 1.818587e+00 1.901417e+00 9.270833e-01 -1.216260e+00 -1.119250e+00 4.840308e-01 -9.407649e-01 -1.550380e+00 -1.557195e+00 5.493808e-03 
-8.792486e-01 9.834984e+00 4.471015e+00 9.488172e+00 1.143755e+01 6.130742e+00 -1.334630e+00 6.416726e-01 5.235620e+00 3.693636e+00 -4.524404e+00 5.475569e-02 -1.329800e-01 -1.189064e-01 -1.179232e+00 -1.402851e-02 1.739455e+00 2.144466e+00 1.866920e+00 1.733732e-03 -4.729020e-01 -2.507388e-01 -2.068995e+00 -2.230669e+00 -1.122216e+00 -9.146571e-04 
