1.551149e+00 -4.391804e-01 -8.607409e+00 -1.245157e+01 4.098907e+00 5.031403e+00 -4.809990e-01 -5.636545e+00 4.041348e+00 5.092155e+00 -1.479139e+01 -4.449858e+00 -1.512926e-01 -1.276813e-01 3.827851e-01 4.034564e-01 2.189729e+00 4.216597e-01 -8.223439e-01 1.577472e-01 5.059917e-01 -5.584340e-02 5.862419e-01 1.515313e+00 4.961984e-01 0.000000e+00 
-3.077726e-01 1.440724e+00 -6.867472e+00 -6.822877e+00 7.405248e+00 5.134784e+00 1.538770e+00 -1.245801e+00 5.671713e+00 9.532192e+00 -9.262487e+00 -3.065194e+00 -1.512926e-01 2.808782e-01 7.946458e-02 3.327732e-01 2.727153e+00 5.483079e-02 -6.771008e-01 2.072470e-02 1.041395e+00 -7.718590e-01 8.902528e-02 1.074491e+00 -6.574315e-01 0.000000e+00 
1.842204e+00 5.347934e-01 -7.460096e+00 -4.317264e+00 4.554035e+00 8.679930e-01 -7.021475e-01 -5.301958e+00 2.946948e+00 5.803347e+00 -9.979268e+00 -2.661198e+00 -1.512926e-01 3.411173e-01 -1.975735e-01 -5.288032e-01 1.051459e+00 -3.205909e-01 -5.834275e-01 -9.174948e-01 1.271738e+00 1.021241e-01 -6.173958e-01 8.794678e-01 7.505765e-02 0.000000e+00 
2.810013e+00 -5.288444e-01 -7.517200e+00 -2.882953e+00 4.145497e+00 3.727604e+00 -2.668012e-01 -5.968647e-01 7.292523e-01 5.181686e+00 -1.182499e+01 -8.631346e+00 -1.512926e-01 5.689737e-01 -6.232668e-01 -1.318000e+00 -2.494659e-02 -5.624243e-01 -1.031344e+00 -8.128397e-01 3.272723e-01 -2.813689e-01 -1.520360e+00 -5.660249e-01 4.261614e-01 0.000000e+00 
1.697843e+00 -4.422636e-01 -1.092656e+01 -9.164233e+00 4.125828e+00 2.817855e+00 -4.165688e+00 3.976784e-01 7.023199e+00 4.180429e+00 -9.112795e+00 -1.291494e+00 -1.512926e-01 1.247201e-01 -2.783751e-01 -1.219485e+00 -2.739158e-01 -2.411754e-01 -1.402077e+00 -5.440242e-01 1.746816e-01 -1.808395e-01 -1.008136e+00 -3.903336e-01 6.470926e-01 0.000000e+00 
2.609276e+00 -1.187082e+00 -1.172424e+01 -4.524126e+00 4.807230e+00 -9.968686e-01 -7.936585e-01 -2.459258e+00 2.226743e+00 2.741852e+00 -1.252585e+01 -1.619239e+00 -1.512926e-01 -1.190158e-01 -2.703063e-01 -1.738432e+00 -1.114456e+00 -8.512785e-01 -2.009116e+00 1.157191e+00 9.744616e-01 -2.802865e-01 -2.103565e+00 -5.341865e-01 7.013978e-01 0.000000e+00 
2.566173e+00 -5.279636e-01 -1.145400e+01 -4.866256e+00 3.017292e+00 -3.780158e+00 -3.158840e+00 -3.497353e+00 1.294005e+00 1.982586e+00 -1.158051e+01 -2.931789e+00 -1.512926e-01 1.036187e-01 -2.825896e-01 -1.608111e+00 -2.589969e-01 -3.983400e-01 -1.181082e+00 1.357575e+00 1.730932e+00 -1.003024e+00 -1.776374e+00 -4.892723e-01 -4.340755e-01 0.000000e+00 
1.780769e+00 -1.837526e+00 -1.594564e+01 -1.060422e+01 4.433727e-01 -3.018971e+00 5.015731e+00 6.222959e+00 2.192417e+00 -4.237216e+00 -1.326207e+01 -4.304209e+00 -1.512926e-01 -6.994635e-01 7.821571e-01 -1.275057e+00 3.027128e-01 -6.366822e-01 -2.871194e-01 8.882278e-01 1.848153e+00 5.755785e-01 -9.234291e-01 1.769765e+00 -7.407135e-01 0.000000e+00 
2.630190e+00 -1.529990e+00 -1.685642e+01 -7.419170e+00 4.316056e+00 -2.076504e+00 -2.825078e-01 4.711229e+00 2.025242e+00 -1.211909e+00 -1.119105e+01 -2.119386e+00 -1.512926e-01 -1.389152e+00 1.450798e+00 -5.598499e-01 4.478749e-01 -1.815034e-01 3.115373e-01 2.225390e+00 1.732035e+00 6.094981e-01 4.204059e-01 1.968307e+00 -9.749758e-01 0.000000e+00 
-9.200497e-01 3.224717e+00 -1.539832e+01 -1.734105e+00 9.744363e-01 -3.284293e+00 2.209315e+00 2.677215e+00 4.739017e+00 -2.780457e-01 -3.871755e+00 -5.729008e+00 -1.512926e-01 -2.325956e+00 1.694200e+00 1.576195e+00 1.484450e+00 1.076918e+00 9.062195e-01 1.272871e+00 7.255774e-01 7.806591e-01 1.767341e+00 1.843695e+00 -2.882294e-01 0.000000e+00 
-3.029177e+00 4.194907e+00 -1.452691e+01 -7.061940e+00 1.844243e+00 -2.089811e+00 9.371317e+00 6.935692e+00 3.068195e+00 2.105031e+00 -6.434129e+00 -7.094268e+00 -1.512926e-01 -2.585574e+00 1.667172e+00 3.255556e+00 1.480603e+00 1.992749e+00 1.117378e+00 8.357296e-01 -6.049480e-01 3.400297e-01 2.154365e+00 1.213927e+00 3.132247e-01 0.000000e+00 
-7.019329e+00 3.771026e+00 -9.229418e+00 -3.360586e+00 7.063869e+00 1.518780e+00 6.553175e+00 8.738614e+00 5.574235e+00 2.941022e+00 -6.422054e+00 -3.257915e+00 -1.512926e-01 -1.487862e+00 1.243469e+00 3.802041e+00 1.183899e+00 3.814454e+00 1.835862e+00 -1.489813e+00 -1.362590e+00 -2.123914e+00 2.081172e+00 7.458290e-01 1.807411e+00 0.000000e+00 
-7.248039e+00 6.532718e+00 -3.663085e+00 7.970872e-01 1.123508e+01 1.108847e+00 1.724210e+00 -1.344210e+00 3.307782e+00 7.950381e+00 -3.846262e+00 -1.788809e+00 -1.512926e-01 -1.156471e+00 8.041296e-01 1.814773e+00 9.179043e-01 1.732255e+00 5.788954e-01 -3.663403e+00 -1.438399e+00 -2.017654e+00 8.474138e-01 3.091006e+00 1.947446e+00 0.000000e+00 
-6.249928e+00 8.273159e+00 -1.820023e+00 2.558784e-01 1.535128e+01 4.295686e+00 -1.416198e+00 4.215956e-03 -6.000348e+00 7.205138e+00 -1.436543e+00 6.553195e-01 -1.512926e-01 -5.922192e-01 2.004484e-01 -1.292348e-01 -1.548253e-01 6.668548e-02 2.180414e-01 -1.938590e+00 -5.075992e-01 -1.745116e+00 2.376766e-02 3.022162e+00 1.382291e+00 0.000000e+00 
-9.196232e+00 5.964488e+00 -9.157743e+00 -4.280650e+00 6.361810e+00 -5.837862e-01 -4.961011e+00 4.110898e+00 -1.232782e+00 4.210042e+00 6.528144e+00 6.863430e-01 -1.512926e-01 -3.778999e-01 -6.486284e-01 -1.299231e+00 -9.644899e-01 -8.227625e-01 3.524755e-01 3.257967e-01 3.370423e-01 -2.853868e-01 -9.625018e-01 1.878132e+00 2.361722e+00 0.000000e+00 
-9.006329e+00 5.057383e+00 -7.128263e+00 -1.595843e+00 9.833933e+00 3.455304e+00 2.028365e-01 3.473064e+00 -8.810598e-01 4.930030e+00 3.501553e+00 2.415965e+00 -1.512926e-01 -1.284294e-01 -9.823173e-01 -5.911118e-01 1.439889e-01 -1.074800e+00 -6.659074e-02 1.769525e+00 -5.417336e-01 2.228745e+00 8.410639e-02 -3.668818e-01 5.777052e-01 0.000000e+00 
-7.759338e+00 4.897465e+00 -7.505120e+00 -3.099502e+00 9.879947e+00 3.291416e+00 2.543676e+00 -1.393423e+00 -6.787964e-01 4.275426e+00 3.075348e+00 9.139477e+00 -1.512926e-01 6.057531e-01 -5.975860e-01 7.160730e-01 1.092113e+00 1.254920e-01 -3.703516e-01 9.656118e-01 -1.725953e+00 2.089444e+00 1.520843e+00 -7.102328e-01 6.077662e-01 0.000000e+00 
-7.610521e+00 3.895084e+00 -5.601893e+00 3.852487e-01 8.218218e+00 2.025132e+00 3.679082e+00 4.770827e-02 4.866385e+00 7.592978e+00 -1.544554e+00 -6.827213e-01 -1.512926e-01 4.621676e-01 -5.163069e-01 6.314554e-01 6.247932e-01 -1.640584e+00 -2.043725e+00 -1.213072e+00 -5.579133e-01 1.694162e+00 -4.405522e-02 -5.533693e-02 -1.979654e-01 0.000000e+00 
-6.865370e+00 3.557708e+00 -6.340563e+00 1.893663e-01 7.797128e+00 -1.720458e+00 -1.871075e+00 -2.806188e+00 6.340717e+00 1.048278e+01 5.500034e+00 5.274517e+00 -1.512926e-01 -2.503725e-01 -1.524790e+00 5.174915e-01 1.364921e+00 -2.317162e+00 -3.625261e-01 -1.847745e+00 2.043443e+00 1.412207e+00 -1.001704e+00 -5.382717e-01 -6.976842e-01 0.000000e+00 
-7.142475e+00 3.145726e+00 -4.553265e+00 -1.163111e-01 2.672421e+00 -4.257387e+00 -3.655149e+00 1.389880e+00 4.079996e+00 1.606076e+00 2.012525e+00 3.358618e+00 -1.512926e-01 -3.128347e-01 -1.413517e+00 9.519349e-01 1.147025e+00 -2.733177e+00 9.413189e-01 -1.351679e+00 3.822616e+00 8.309038e-01 -1.880682e+00 -2.540547e-01 -1.718543e-01 1.132517e-02 
-9.245224e+00 -2.351806e+00 -5.441977e+00 3.975881e+00 1.067035e+00 4.620044e+00 -3.027933e+00 8.152707e+00 6.775434e+00 2.260359e+00 -1.394550e+00 3.630386e+00 -1.512926e-01 7.496242e-02 -9.405602e-01 1.941174e+00 6.151212e-01 -4.328729e+00 3.288525e+00 3.495862e-01 4.074824e+00 -6.723946e-01 -3.505906e+00 -8.238613e-01 -2.633725e+00 4.703213e-02 
-7.984768e+00 -2.177453e-01 -1.291512e+00 4.227115e+00 -2.082622e+00 3.561475e+00 -2.500882e+00 1.368134e+01 8.803545e+00 2.300777e+00 6.324644e-01 -7.199274e-01 -9.466672e-02 2.608863e+00 3.748845e-01 2.566889e+00 9.488418e-01 -3.649981e+00 1.349238e+00 -1.926742e+00 1.504838e+00 -9.771361e-01 -2.806646e+00 1.345491e+00 -3.067189e+00 8.758925e-02 
-6.069411e+00 5.366428e-01 1.734432e+00 1.093259e+00 -1.146899e+01 1.081274e+01 -7.002783e-01 1.142220e+01 6.169689e-01 -7.394100e+00 2.070758e+00 -5.854833e+00 5.555516e-02 5.043369e+00 -1.453735e+00 2.582826e+00 4.354787e-01 -5.706018e+00 -1.570244e+00 -1.952873e+00 -1.827214e+00 -1.010081e+00 -2.460840e+00 1.569422e+00 -2.688336e+00 2.041045e-01 
4.313936e+00 3.575924e+00 4.692977e+00 6.069209e+00 -9.309472e+00 -6.075413e-01 -1.445269e+01 7.279324e+00 2.273548e+00 -7.599926e+00 7.007327e+00 -7.234718e+00 1.832298e-01 5.621150e+00 -3.905966e+00 8.444252e-01 2.373689e-01 -5.369616e+00 -2.963051e+00 -7.982872e-01 -2.396213e+00 -5.284554e-01 -7.434381e-01 1.147926e+00 -9.841312e-01 2.547356e-01 
9.822269e+00 -1.151731e+01 4.479909e+00 5.232228e+00 -2.384963e+01 -1.146666e+00 -6.816397e+00 2.217644e+00 4.990028e+00 -5.093487e+00 3.265129e+00 -6.553898e+00 7.302815e-01 4.301605e+00 -5.089888e+00 -1.240613e-01 9.198321e-01 -4.239773e+00 -3.269948e+00 4.296325e-01 -1.073844e+00 1.100630e+00 1.845099e+00 4.608396e-01 3.056322e-01 2.413340e-01 
1.217514e+01 -1.372060e+01 1.557876e+00 3.344475e+00 -2.274038e+01 -5.274076e+00 -3.434259e+00 6.302558e+00 3.974739e+00 -2.566719e+00 5.774907e+00 -5.291051e+00 8.416481e-01 1.493942e+00 -3.619712e+00 -3.850180e-01 -1.155253e+00 -2.406842e+00 -1.707411e+00 3.207555e+00 -2.716464e-01 2.934844e-01 2.229098e+00 -4.785376e-01 8.606035e-01 1.585432e-01 
1.150801e+01 -1.626453e+01 2.681676e+00 7.054786e+00 -2.595240e+01 -3.203739e+00 -4.061330e+00 6.541368e+00 5.269521e+00 -6.852098e-01 4.991166e+00 -5.298506e+00 9.330160e-01 -3.696927e-02 1.179311e-01 1.560754e-01 -9.507845e-01 4.085274e-02 -1.418366e+00 1.379833e+00 2.580029e-01 1.949563e-02 1.072182e+00 8.943907e-01 4.139989e-01 3.982804e-02 
1.094078e+01 -1.214903e+01 3.667004e+00 -6.183372e-01 -2.029230e+01 -8.116060e+00 2.075568e-01 3.759229e+00 3.601223e+00 1.341424e+00 3.751620e+00 -3.559397e+00 8.745787e-01 -3.098483e-01 6.896499e-01 7.373873e-01 -9.338068e-01 -5.096817e-02 -6.955947e-01 4.319073e-01 -3.168303e-01 3.916219e-01 7.445350e-02 6.620661e-01 -1.741352e-02 1.283970e-02 
1.025461e+01 -1.171344e+01 4.205722e+00 2.459712e+00 -2.486941e+01 -6.817502e+00 -1.738137e+00 4.779323e+00 5.274264e+00 -1.686649e+00 8.748726e+00 -5.349730e+00 9.129564e-01 -2.571786e-01 9.189736e-01 9.413741e-01 -1.556296e+00 2.204456e-01 -7.062560e-01 -1.632971e-01 7.860254e-01 -8.733679e-01 4.950640e-02 6.476761e-01 -1.423137e-02 5.206817e-03 
1.125260e+01 -1.254789e+01 4.482790e+00 9.729786e-01 -2.353672e+01 -6.945168e+00 -2.436319e+00 5.599429e+00 5.930477e+00 -1.693732e+00 7.206457e+00 -5.352507e+00 9.158764e-01 -1.328316e-01 5.682373e-02 1.161669e+00 -4.368064e-01 -1.089505e+00 7.697685e-01 -1.749934e+00 1.892443e+00 -1.148609e+00 -4.584778e-01 7.212328e-01 9.493861e-02 1.860470e-02 
1.006620e+01 -1.147023e+01 6.980654e+00 -1.522353e+00 -2.322796e+01 -7.320465e+00 -3.555878e+00 9.551395e+00 -2.619448e-01 1.079900e+00 6.502128e+00 -4.473108e+00 9.384012e-01 -3.810987e-01 3.953077e-01 8.750191e-01 -8.197185e-01 -3.162298e-01 7.541777e-01 -1.453715e+00 3.823633e-01 -1.096700e+00 3.538828e-02 -9.711480e-02 8.864144e-01 1.203343e-02 
1.037082e+01 -1.198652e+01 8.087881e+00 -8.113370e-01 -2.656054e+01 -4.015736e+00 -7.633243e+00 1.083541e+01 6.262815e-01 -2.334239e+00 8.481083e+00 -3.523015e+00 9.548798e-01 -5.305576e-01 5.822753e-01 8.067492e-01 -1.876555e-01 -6.135088e-01 2.164225e-01 -1.148780e-01 -2.129311e+00 -3.176354e-01 -7.661843e-01 4.260118e-01 2.142578e+00 1.519470e-02 
8.790005e+00 -1.001759e+01 6.778272e+00 -7.467237e-01 -2.493864e+01 -4.511330e+00 -6.408248e+00 4.073149e+00 2.442863e+00 -1.189454e+00 7.625839e+00 -1.832404e+00 9.536219e-01 -4.508963e-01 3.989337e-01 9.917240e-01 4.365946e-01 -3.966106e-01 1.809548e-01 3.917271e-01 -4.125491e+00 -6.581440e-02 -1.191174e+00 6.016243e-01 3.037109e+00 1.525574e-02 
9.237915e+00 -1.036284e+01 8.617727e+00 -3.531137e-01 -2.574892e+01 -7.267623e+00 -1.584524e+00 -2.308002e+00 2.989896e+00 -4.389976e+00 8.774661e+00 4.040032e+00 9.842396e-01 -8.074654e-01 6.921590e-01 1.698521e+00 6.386817e-01 3.537678e-01 -7.404447e-02 6.538493e-01 -4.559747e+00 -1.249062e+00 -1.174455e+00 6.315311e-01 2.605088e+00 1.252000e-02 
8.378175e+00 -1.028740e+01 1.167435e+01 4.315081e-01 -2.561683e+01 -4.789748e+00 -4.621602e+00 -4.504352e+00 -1.772824e+00 -3.848100e+00 9.363461e+00 6.930913e+00 1.000000e+00 -6.948091e-01 8.719621e-01 2.204003e+00 7.267060e-01 5.220734e-01 3.440113e-01 3.776201e-01 -3.690667e+00 -1.777289e+00 -1.483865e+00 3.265635e-01 1.465180e+00 -1.785910e-03 
6.539408e+00 -8.390816e+00 1.413244e+01 1.792955e+00 -2.445261e+01 -4.246749e+00 -5.257319e+00 -7.674571e+00 -3.511183e+00 -6.877191e+00 1.076993e+01 5.120768e+00 9.942907e-01 -6.453580e-01 1.390280e+00 1.931295e+00 7.731249e-01 7.622980e-01 8.600079e-01 -3.885651e-03 -2.741508e+00 -2.038260e+00 -8.421911e-01 -4.223653e-01 -3.351361e-01 -2.191563e-02 
6.665213e+00 -6.643794e+00 1.504093e+01 1.813772e+00 -2.297643e+01 -4.301710e+00 -2.683750e+00 -1.169690e+01 -3.193043e+00 -7.365171e+00 8.261024e+00 4.953130e+00 9.396667e-01 -1.222298e-01 9.983699e-01 2.030084e+00 6.982736e-01 4.955782e-01 8.188792e-01 7.509212e-01 -2.619538e+00 -1.308111e+00 -1.113817e+00 -1.100185e+00 -5.975581e-01 -2.684807e-02 
6.867606e+00 -5.233243e+00 1.659091e+01 2.821379e+00 -2.325763e+01 -3.211602e+00 -2.572878e+00 -1.241927e+01 -6.491295e+00 -6.842396e+00 7.214053e+00 3.353243e+00 9.048281e-01 8.985682e-02 5.666472e-01 1.792606e+00 9.402040e-01 1.473303e-01 1.287832e+00 5.099708e-01 -2.383078e+00 -5.494432e-01 -1.146958e+00 -1.304300e+00 -5.296823e-01 -2.811098e-02 
7.602927e+00 -6.874340e+00 2.059554e+01 3.408664e+00 -2.373643e+01 -1.212925e+00 -2.209216e+00 -1.522969e+01 -6.823324e+00 -9.434586e+00 5.640472e+00 4.826885e+00 9.104910e-01 -4.571323e-01 5.159796e-01 1.416006e+00 1.153184e+00 8.570957e-02 1.582038e+00 -2.598170e-01 -1.540761e+00 -3.756095e-01 -1.304573e+00 -1.102862e+00 -5.863552e-01 -2.301766e-02 
6.519835e+00 -5.442307e+00 2.031817e+01 5.696529e+00 -2.333596e+01 6.480166e-01 -2.944732e+00 -1.782357e+01 -4.443258e+00 -1.157727e+01 5.558702e+00 2.535479e+00 8.683237e-01 -1.412421e+00 6.434273e-01 1.025568e+00 1.163884e+00 1.098307e-01 1.625643e+00 -6.077358e-01 -9.057388e-01 1.086385e-01 -1.649998e+00 -5.674154e-01 -7.857578e-01 -1.573401e-02 
4.553437e+00 -3.959364e+00 2.025733e+01 6.142118e+00 -2.250872e+01 1.678670e+00 -3.796908e+00 -1.669856e+01 -6.095109e+00 -1.152060e+01 3.574388e+00 2.430236e+00 8.428307e-01 -6.465315e-01 1.511372e+00 3.352337e-01 5.223379e-01 8.814930e-01 1.388263e+00 -8.610047e-01 8.687308e-01 -4.421039e-01 -7.851241e-01 1.489172e-01 -1.107324e+00 -6.557868e-02 
1.330246e+00 -3.473595e+00 2.188786e+01 7.274074e+00 -2.332233e+01 3.470816e+00 -4.817711e+00 -1.621353e+01 -6.312210e+00 -1.404938e+01 5.410018e+00 6.227785e-01 8.599882e-01 6.505580e-01 1.083353e+00 9.497801e-01 -7.995769e-01 1.216751e+00 4.080569e-01 -1.520231e+00 1.317906e+00 -1.794238e+00 -6.597859e-01 2.328724e-01 -6.799347e-01 -1.042176e-01 
6.965064e+00 -3.018339e-01 2.148686e+01 5.231581e+00 -1.933578e+01 4.316992e+00 -5.577750e+00 -1.169106e+01 -8.099367e+00 -1.212415e+01 6.459400e+00 2.466161e-01 5.867653e-01 -2.022734e-01 1.825983e+00 -5.351092e-01 -1.762318e+00 3.714595e+00 -2.420496e+00 -2.366251e+00 1.389121e+00 -3.169615e+00 -4.345036e-02 2.018235e-01 -7.752463e-01 -1.982257e-01 
8.566813e+00 -1.854305e+00 2.445230e+01 2.153913e+00 -1.883868e+01 1.369140e+00 -9.655466e+00 -1.373779e+01 -1.241232e+01 -1.457442e+01 5.280558e+00 2.276151e-01 4.752685e-01 -1.049249e+00 3.299899e+00 -4.681458e+00 -1.193657e+00 7.164455e+00 -3.076102e+00 -1.098170e+00 1.576304e+00 -2.301938e+00 2.174670e+00 -9.139982e-01 -1.430235e-01 -2.565265e-01 
-7.621288e-02 4.360905e+00 1.629956e+01 -1.093917e-01 -6.177567e+00 -9.372972e+00 -1.320929e+01 -1.099083e+01 -1.889313e+01 -1.147532e+01 4.648235e+00 -1.248414e+00 4.406184e-02 -2.641626e+00 3.452775e+00 -7.108129e+00 -5.638381e-01 8.356176e+00 -1.257420e+00 3.611889e-01 1.054385e+00 1.057759e+00 4.801739e+00 -2.507295e+00 -2.967773e-01 -2.102677e-01 
-3.953629e-01 1.069453e+01 1.074215e+00 3.976274e+00 5.920839e+00 -5.064711e+00 -6.492795e+00 -8.682123e+00 -1.242502e+01 -3.500445e+00 1.745610e+00 6.551759e-01 -1.512926e-01 -2.890807e+00 2.630474e+00 -7.620004e+00 -3.689844e-01 7.976939e+00 1.494722e+00 3.369657e+00 1.789563e+00 4.309860e+00 6.519753e+00 -2.183758e+00 3.521205e-01 -1.448477e-01 
-1.761980e+00 1.068762e+01 -2.364734e+00 1.501210e+00 1.006535e+01 1.246816e+00 -5.353141e+00 -8.946962e+00 -2.804224e+00 6.347553e+00 -4.309604e+00 -1.451051e+00 -1.512926e-01 -1.398749e+00 1.634371e-01 -4.607619e+00 -4.498627e-01 4.632950e+00 3.327516e+00 4.995205e+00 3.154662e+00 5.374396e+00 3.839258e+00 -1.328921e+00 9.250135e-01 -3.907088e-02 
-5.044340e+00 8.134705e+00 -4.315567e+00 -4.963098e-01 1.292456e+01 3.532853e+00 3.264746e+00 -5.811904e+00 1.092527e+00 9.112897e+00 -1.159313e+00 2.089536e+00 -1.512926e-01 -4.776863e-01 -2.176808e+00 -2.659077e+00 -1.664648e+00 1.528904e+00 8.642783e-01 3.167007e+00 2.347560e+00 1.608606e+00 2.702793e-01 5.869101e-01 1.084595e+00 0.000000e+00 
-4.745468e+00 6.458003e+00 -4.043644e+00 -1.224132e-01 1.348532e+01 2.965825e+00 6.887969e+00 3.347372e+00 1.220076e+00 1.414294e+00 -5.439093e-01 2.659474e+00 -1.512926e-01 1.824847e+00 -3.525392e+00 -2.320644e+00 -1.735945e+00 7.699081e-01 -2.233511e+00 1.963980e+00 1.610963e+00 -2.182410e+00 -1.698387e+00 2.517574e+00 1.526869e+00 2.807698e-02 
-1.292050e+00 1.925300e+00 -1.138171e+01 -3.535156e+00 1.185537e+01 -1.602824e+00 3.221687e+00 -3.091491e+00 -6.394140e+00 3.175802e-01 2.797313e+00 4.022887e+00 -1.512926e-01 2.456132e+00 -3.790011e+00 1.806952e+00 -2.603674e+00 -2.205489e+00 -5.206634e+00 -1.163029e+00 9.011666e-01 -1.359754e+00 -3.019720e+00 1.163911e+00 6.881825e-01 1.414649e-01 
5.486110e+00 -3.834634e+00 -1.043488e+01 -5.659092e+00 1.444948e+01 -7.352901e+00 4.488289e+00 -2.252357e+00 -9.972942e+00 2.253275e+00 6.299951e+00 5.216619e+00 -1.090765e-02 1.502476e+00 -2.997625e+00 4.507169e+00 -1.905625e+00 -3.540747e+00 -6.062375e+00 -2.607853e+00 9.390407e-01 6.481607e-01 -1.704757e+00 1.603965e-01 5.021180e-01 1.785286e-01 
2.120533e+00 -5.669033e+00 7.914812e+00 -1.074634e+01 1.415036e+00 -1.734095e+01 -1.350559e+00 1.493793e+00 -1.097353e-01 -6.405193e+00 1.238312e+00 4.251876e+00 4.858392e-01 4.299533e-01 -8.403929e-01 4.235159e+00 1.418122e+00 -2.979544e+00 -2.810590e+00 -2.016904e+00 3.579971e+00 2.557733e+00 -1.496905e+00 -1.979937e+00 -2.134956e+00 1.007142e-01 
1.060622e+00 -4.732955e+00 8.843935e+00 -6.044944e+00 1.001760e+00 -1.947698e+01 -3.865175e+00 5.749933e+00 1.318677e+00 -3.748104e+00 1.037574e+00 5.055569e+00 4.227844e-01 5.024255e-01 8.693454e-01 2.075187e+00 3.210487e+00 -2.378847e+00 9.809263e-01 -7.712032e-01 2.492205e+00 7.997128e-01 -1.758477e+00 -2.496706e+00 -1.516264e+00 -1.892590e-02 
3.070460e+00 -1.827504e+00 1.546726e-01 3.748379e+00 3.681511e+00 -9.593732e+00 -2.686103e+00 1.080722e+01 7.487144e-01 -4.166257e+00 -4.471185e+00 -6.571369e+00 1.354324e-01 1.725651e+00 1.413726e+00 -2.293851e+00 3.605553e+00 3.796881e-01 4.093717e+00 1.653188e+00 1.309784e+00 -7.578161e-01 9.584103e-01 -1.770899e+00 -9.459946e-01 -1.346571e-01 
7.523273e+00 -1.408672e+00 3.821122e+00 3.145979e+00 1.422005e+00 -6.321880e+00 1.300045e+00 5.551955e+00 -6.403604e+00 -7.658576e+00 -3.328827e+00 3.046923e+00 6.966627e-02 1.386183e+00 1.591979e+00 -1.465260e+00 2.124686e+00 8.778198e-01 5.238109e+00 2.838753e+00 7.761959e-01 1.109531e+00 -1.139797e-01 -2.586111e+00 -2.058985e+00 -1.153469e-01 
7.517462e+00 -2.625434e-01 -1.043036e+00 2.685959e+00 3.103354e+00 -3.449924e+00 4.332771e+00 8.141700e+00 -3.767538e-02 3.420947e-01 -5.432984e+00 5.262265e-01 -1.088703e-02 5.392832e-01 1.748029e+00 -5.068118e-01 -6.469591e-01 9.501165e-01 3.312740e+00 2.786296e+00 -3.187510e-01 1.076895e+00 -2.191646e-01 -1.826351e+00 -1.217549e+00 -7.239066e-02 
5.768036e+00 2.444459e+00 2.116490e+00 5.109696e+00 5.679937e+00 3.641660e+00 6.819151e+00 1.096367e+01 7.259527e+00 -6.572178e+00 -1.141208e+01 -8.788153e+00 -8.079040e-02 -4.512823e-01 1.840912e+00 -8.119189e-01 1.105818e-01 2.007459e+00 2.236832e+00 2.024155e+00 2.629732e-01 1.869214e+00 1.018925e+00 -2.475780e+00 -2.331290e+00 -5.823232e-02 
6.644495e+00 4.986076e+00 -1.527071e+00 -4.682746e-01 6.303128e+00 1.988201e+00 8.485826e+00 6.507606e+00 -6.983749e-01 -5.805279e+00 -9.561315e+00 -6.741577e+00 -1.512926e-01 -1.600011e+00 6.611007e-01 7.857610e-01 4.544468e-02 1.309664e+00 1.186773e+00 1.707758e+00 -2.117960e+00 -5.030305e-01 2.621163e-01 -4.309354e-01 -6.606928e-01 -3.513132e-02 
5.703346e+00 5.171577e+00 3.544807e-03 5.276005e+00 9.859416e+00 2.143219e+00 9.344296e+00 7.683868e+00 3.272818e+00 5.097375e-01 -1.364356e+01 -4.975625e+00 -1.512926e-01 -1.432257e+00 9.038445e-01 4.594135e-03 2.315089e-01 7.557171e-01 -9.224215e-01 -5.981508e-01 -2.539369e+00 -1.389709e+00 1.560113e+00 4.399982e-01 6.052219e-01 -1.410043e-02 
-4.502478e-01 1.679401e+00 3.942242e+00 2.830028e+00 7.561934e+00 3.233160e+00 1.160899e+01 -8.082004e-01 -5.594733e-01 -1.888282e+00 -6.471920e+00 -4.683501e+00 -1.512926e-01 -1.958893e+00 1.254374e+00 -1.236098e-01 -1.681372e-01 1.019305e+00 -1.750225e-01 -2.611174e+00 -1.421098e+00 -2.101555e-01 3.778016e-01 -4.417364e-01 -9.935638e-01 0.000000e+00 
2.154122e+00 8.617020e+00 -5.951958e-01 4.618089e+00 8.829120e+00 -1.592927e+00 2.266816e+00 1.924729e+00 2.415314e-01 -7.301126e-01 -1.075679e+01 -6.791081e+00 -1.512926e-01 -1.790511e+00 1.158793e+00 -1.956756e+00 -2.331000e+00 2.125564e-02 -1.005106e+00 -3.143778e+00 -1.530765e+00 -1.429066e+00 3.630476e-01 6.454331e-01 -1.063187e+00 0.000000e+00 
-1.375360e+00 9.535226e+00 -1.845749e+00 -9.800024e-01 1.191480e+01 2.981162e+00 -1.031304e+00 2.281683e+00 -2.335093e-01 -3.296346e+00 -1.321338e+01 -1.080167e+01 -1.512926e-01 -1.332564e+00 1.191509e+00 -2.219138e+00 -1.435758e+00 8.731837e-01 -1.030414e+00 -2.054111e+00 1.809175e-01 -1.112174e+00 1.061485e+00 7.288284e-01 5.954682e-01 0.000000e+00 
-2.786654e+00 7.037629e+00 -6.886240e+00 -4.473978e+00 7.789261e+00 -2.756310e+00 -5.444908e-02 -1.514899e+00 -4.035492e+00 3.029008e+00 -7.045664e+00 -7.232476e+00 -1.512926e-01 -1.909130e+00 -5.309795e-01 -1.159369e+00 4.227969e-01 1.291404e+00 9.069414e-01 1.119480e+00 2.487642e-01 -4.966235e-01 1.473775e+00 1.870631e+00 2.387539e+00 0.000000e+00 
-4.642678e+00 8.426643e+00 -4.007926e+00 1.972733e-01 1.244778e+01 -1.337217e+00 2.499064e+00 1.816201e+00 -3.981833e+00 1.539581e+00 -4.683339e+00 -1.485463e+00 -1.512926e-01 -1.187340e+00 -5.655329e-01 -7.680156e-01 2.691756e+00 1.403669e+00 9.662982e-01 1.411048e+00 1.718550e+00 8.186859e-01 1.712036e+00 2.713798e+00 2.588855e+00 0.000000e+00 
-5.757872e+00 6.516414e+00 -5.310951e+00 6.143436e+00 1.501965e+01 5.100969e+00 6.099030e+00 3.401291e+00 -3.674242e-01 4.220798e+00 -5.668653e+00 4.885135e-01 -1.512926e-01 -8.632361e-01 -1.697185e+00 1.060408e+00 2.407240e+00 1.127106e+00 3.143459e+00 1.268828e+00 6.229452e-01 2.461551e+00 1.103759e+00 3.143393e+00 3.098882e+00 0.000000e+00 
-5.826449e+00 6.968169e+00 -6.473472e+00 7.170070e+00 1.531795e+01 3.884013e+00 2.947194e+00 8.416336e+00 2.025887e+00 4.667941e+00 -3.329006e-01 -1.717888e+00 -1.512926e-01 -1.068012e+00 -4.375770e+00 1.103572e+00 1.558351e-01 -1.442948e-01 2.864354e+00 -2.361646e-01 -2.104908e+00 2.397367e+00 1.539834e+00 4.934498e+00 3.929648e+00 1.031444e-02 
-6.510948e+00 -7.190590e-01 -3.514247e-01 4.075824e+00 1.198971e+01 1.035037e+01 6.065627e+00 -1.700240e+00 5.268405e+00 6.983621e+00 6.496079e+00 8.378147e+00 -1.512926e-01 -5.736319e-01 -2.340247e+00 9.715309e-01 -1.475985e+00 1.208396e-02 1.107397e+00 -8.042399e-01 -2.167740e+00 1.126949e+00 8.833958e-01 3.328598e+00 1.790306e+00 5.157220e-03 
-9.606199e+00 -9.834467e+00 -9.698305e-01 2.010254e+00 1.324128e+01 1.035985e+01 1.334943e+00 -6.157575e+00 5.187088e+00 7.857337e+00 1.390678e+01 1.421796e+01 -9.972036e-02 -1.108959e-01 -3.549211e-02 4.351430e-02 -2.207073e+00 -4.937441e-01 -2.588081e-01 7.510134e-01 -1.705949e+00 -9.620249e-01 -2.242384e-01 6.302266e-02 -3.102522e-02 0.000000e+00 
-6.736156e+00 3.216499e+00 -3.205117e+00 1.343421e+00 1.611840e+01 7.400035e+00 2.883957e+00 -1.504533e-01 3.686718e+00 7.043078e+00 3.854496e+00 1.472119e+00 -1.512926e-01 8.413305e-02 2.723845e+00 -1.216841e+00 -2.346469e+00 -1.171442e+00 -1.540166e+00 7.240509e-01 1.492508e+00 -1.338237e+00 -1.620639e-01 -7.771217e-01 -1.960076e+00 -5.157220e-03 
-6.268325e+00 4.822929e+00 -4.829054e+00 -2.499095e+00 1.078488e+01 4.065139e+00 8.293097e+00 -8.883035e-01 -1.993394e+00 3.517020e+00 1.303004e+00 1.580000e+00 -1.512926e-01 1.477284e-01 3.019591e+00 -1.266733e+00 -1.664312e+00 -1.370862e+00 -8.020265e-01 1.206262e+00 1.795773e+00 -6.574525e-01 1.063452e+00 -1.453630e+00 -1.914288e+00 -1.031444e-02 
-7.759220e+00 5.571466e+00 -4.506017e+00 -5.401849e+00 7.360700e+00 5.796892e+00 6.206804e+00 3.127662e+00 2.167463e+00 8.343460e+00 8.912361e+00 4.896749e+00 -1.512926e-01 -5.160043e-01 -3.181170e-01 -1.189313e+00 -5.442203e-01 -1.174849e+00 -1.473009e+00 -7.770498e-01 -6.364374e-01 -1.050495e+00 2.720275e-01 2.347189e-01 1.118686e+00 0.000000e+00 
-8.356026e+00 4.086002e+00 -6.653048e+00 -2.938670e+00 1.076582e+01 7.151292e+00 5.704832e+00 1.182233e+00 2.659454e+00 1.252441e+01 4.109701e+00 2.934206e+00 -1.512926e-01 -1.736696e-01 -9.257383e-01 -3.723984e-01 1.017038e+00 5.417730e-01 -8.605915e-01 -2.098494e+00 -7.046762e-01 4.395477e-01 2.079720e-02 -8.828496e-01 7.623240e-01 0.000000e+00 
-8.272327e+00 1.994377e+00 -8.239683e+00 -1.157894e+00 1.025369e+01 -1.508089e+00 2.928399e-01 -4.367909e+00 -3.892183e+00 3.899521e+00 3.624743e+00 6.388448e+00 -1.512926e-01 4.773293e-02 -9.794704e-01 7.783887e-01 6.679224e-01 1.096684e+00 7.409475e-01 -1.321898e+00 -9.195192e-01 4.244715e-01 -1.827786e+00 -2.000125e+00 4.675655e-01 0.000000e+00 
-6.880119e+00 1.982782e+00 -4.824214e+00 4.641171e-01 1.204725e+01 3.414672e+00 7.576085e-01 -6.638992e-01 3.234168e+00 5.842975e+00 -4.674351e-01 4.645771e+00 -1.512926e-01 -5.443289e-01 -1.448411e+00 2.107071e+00 -2.988437e-01 9.581270e-01 2.548966e+00 -1.051697e+00 -4.127389e-01 1.830759e+00 -2.469311e+00 -1.830517e-01 1.332717e+00 8.787727e-03 
-8.258509e+00 1.725724e+00 -1.528491e+00 -3.763630e+00 1.220340e+01 1.136994e+01 2.070925e+00 -5.468683e-01 4.002464e+00 2.545244e+00 1.200306e+00 6.378794e+00 -1.512926e-01 -4.317142e-01 -1.524348e+00 1.902237e+00 -6.398424e-01 1.082370e+00 1.770622e+00 5.586157e-01 5.936351e-02 -8.042215e-01 -1.706841e+00 3.031718e-01 1.901751e+00 4.393863e-03 
-1.108458e+01 -3.021727e+00 5.267096e-01 -3.130020e+00 1.458160e+01 1.345711e+01 -4.426966e-01 -2.791981e+00 7.865928e+00 8.549910e-01 4.406661e+00 9.602616e+00 -1.073539e-01 3.638085e-01 -3.028135e-02 9.999641e-01 8.970550e-01 1.980566e+00 -9.697542e-02 7.640088e-01 4.516416e-01 -3.180183e+00 -1.930787e+00 6.474043e-01 1.693226e+00 0.000000e+00 
-8.328669e+00 -3.125106e+00 -1.403959e+00 -2.560037e+00 1.439837e+01 2.323804e+00 3.686071e+00 -3.007050e+00 -1.022917e+01 -2.140693e+00 2.703554e+00 1.341878e+01 -1.512926e-01 1.228898e+00 2.020854e+00 -8.749213e-02 1.819672e+00 1.303336e+00 -2.178183e+00 9.450728e-01 8.249340e-01 -2.615477e+00 -1.963964e-02 -8.788030e-01 -1.243656e+00 -4.393863e-03 
-5.025997e+00 4.256791e+00 1.133409e-01 4.347596e+00 2.085260e+01 7.452863e+00 3.770080e+00 2.824400e+00 -5.550930e+00 -1.467993e+00 2.017962e+00 9.591907e+00 -1.512926e-01 1.684467e+00 3.658102e+00 -3.297210e-01 2.298631e+00 6.267481e-02 -2.941224e+00 8.704041e-01 1.099843e+00 -1.362364e+00 1.595131e+00 -1.408130e+00 -3.901410e+00 -8.787727e-03 
-5.143309e+00 8.190737e+00 -1.759267e+00 1.595923e+00 1.558458e+01 3.481146e+00 4.689901e+00 7.696109e-01 -2.366493e+00 3.608538e+00 -1.999360e+00 1.658691e-01 -1.512926e-01 7.502046e-01 3.161383e+00 2.451563e-02 1.324192e+00 -6.562654e-01 -9.323559e-01 -1.832017e-01 -2.116325e-01 1.730687e+00 1.150968e+00 -7.746627e-01 -4.310086e+00 0.000000e+00 
-4.254924e+00 9.610859e+00 -9.442410e-01 6.285157e+00 1.430186e+01 -1.827683e+00 3.407409e+00 8.189015e-01 -2.877231e+00 5.956030e+00 -2.825333e-01 -3.277978e+00 -1.512926e-01 3.057556e-02 1.331000e+00 -7.251835e-02 -1.014684e-01 -1.411256e+00 -1.147998e+00 -3.375868e-01 -1.560580e+00 4.730600e-01 -9.661405e-02 -2.095100e-01 -2.443982e+00 0.000000e+00 
-4.963182e+00 1.000477e+01 -7.525897e-01 3.092144e+00 1.439241e+01 2.302298e+00 2.951397e+00 -3.062464e+00 -2.912584e+00 -9.786272e-02 -1.951194e-02 -1.696712e+00 -1.512926e-01 -3.480063e-02 4.021989e-01 2.205007e-01 -2.005720e-02 -2.293808e-01 1.772284e-01 -3.933019e-01 -1.154552e+00 -1.127536e-01 -1.346669e+00 4.222717e-01 -2.143896e-01 0.000000e+00 
