-1.825496e+00 1.790505e+00 -3.454031e+00 6.865634e-01 5.024849e+00 -3.517235e+00 -3.716398e+00 -4.931799e+00 -5.371984e+00 -1.118951e+01 -5.470924e+00 2.126779e+00 -1.934087e-02 5.437681e-01 4.889169e-01 3.070996e-02 -5.761636e-01 -8.877058e-01 2.264521e-01 -2.723027e-01 -1.422328e-01 8.224605e-01 1.744657e+00 1.035677e+00 -1.419721e+00 -5.068839e-03 
-2.006102e-01 3.770152e+00 -3.372546e+00 3.627681e-01 4.335276e+00 -4.292954e+00 -7.448154e+00 -4.732019e+00 -6.401097e+00 -5.467533e+00 -1.188137e+00 -3.579767e+00 -2.085495e-02 1.851649e-01 -1.331358e-01 -4.657376e-01 -1.704655e+00 -1.816983e+00 3.671601e-02 -8.554139e-02 -3.242573e-01 1.040880e+00 2.694376e+00 1.733904e+00 -1.420862e+00 -7.389688e-03 
8.090210e-02 3.245266e+00 -3.341225e+00 -2.032357e+00 9.311075e-01 -1.997115e+00 -3.212034e+00 -5.742854e+00 -7.451251e-01 -5.327217e+00 -2.433934e+00 -2.118553e+00 -4.392803e-02 -1.760822e-01 -5.640852e-01 -5.703304e-01 -9.696908e-01 -1.083007e+00 8.548548e-01 1.860289e+00 7.766421e-02 2.657577e-01 2.066761e+00 1.588917e+00 -1.637462e+00 -5.463111e-03 
-1.852870e+00 3.974454e-01 -5.839123e+00 -6.477252e+00 -2.013193e+00 -4.093715e+00 -4.396287e+00 -6.147559e+00 -2.481014e+00 -6.487800e-01 1.680104e+00 -2.854867e+00 -4.399574e-02 -4.630038e-01 -2.047143e-01 -2.533295e-01 3.053315e-01 -3.471153e-01 1.063548e+00 2.716180e+00 1.116986e+00 -2.821597e-01 -5.930423e-01 -9.388825e-01 -7.262021e-01 1.033851e-02 
-1.879777e+00 6.564322e-01 -5.072395e+00 -7.418807e-01 2.784050e+00 6.574190e-01 4.059114e+00 -3.835709e+00 -6.003238e+00 -3.265083e+00 1.039542e+00 -6.422979e+00 -3.508604e-02 -4.093013e-01 3.047857e-01 8.033385e-02 1.343101e+00 7.765414e-01 4.742289e-01 7.205515e-01 9.119707e-01 -2.151095e-01 -4.977415e-01 -2.418516e+00 -1.411300e+00 1.793005e-02 
-1.535290e+00 4.040997e+00 -3.773608e+00 1.244187e+00 1.673228e+00 -3.024826e-01 2.497173e+00 -1.006634e-01 -5.182839e+00 -9.463811e+00 -7.619287e+00 -5.058564e+00 2.641660e-02 -1.595564e-01 4.679394e-01 8.270888e-01 1.323801e+00 1.244946e+00 6.439126e-01 -2.462074e-01 1.981157e-01 3.514137e-02 -8.832740e-01 -2.385697e+00 -5.436699e-01 7.831502e-03 
-2.124394e+00 2.947418e+00 -3.972313e+00 8.224298e-01 2.970604e+00 -1.521587e+00 -3.056006e+00 -4.206448e+00 -4.697599e-01 -3.408409e+00 -9.876821e+00 -8.073202e+00 1.051605e-02 -1.858845e-02 4.957511e-02 3.916976e-01 -1.872170e-01 -1.869456e-01 -5.480756e-01 -1.974974e+00 -6.314436e-01 4.816782e-01 3.172188e-01 -1.674263e-01 1.828388e+00 -1.802057e-03 
-2.528343e+00 1.591649e+00 -2.253721e+00 -6.404036e-01 4.118263e+00 2.153510e-01 -2.069764e+00 -4.971611e+00 -5.072046e+00 -4.993487e+00 -4.790199e+00 -4.748105e+00 -2.763927e-02 3.216410e-02 -6.134649e-01 -2.108633e-01 -9.138857e-01 1.204233e-01 -9.671430e-02 -4.556088e-01 -3.160213e-01 1.655395e-01 1.592300e+00 2.086163e+00 2.246915e+00 -1.489646e-02 
-1.476192e+00 2.128982e+00 -3.873851e+00 -7.356704e-01 6.268044e-01 -2.341876e+00 -3.532286e+00 -4.557453e+00 -3.650243e+00 -3.914150e+00 -1.212134e+00 2.563733e+00 -1.706839e-02 2.781008e-01 1.758205e-01 -2.647072e-01 -6.838113e-01 -1.457693e-01 5.167278e-01 9.150842e-01 -2.514387e-01 -2.708699e-01 1.118616e+00 1.567922e+00 1.957769e+00 -5.548763e-03 
-1.698570e+00 1.382891e+00 -4.877156e+00 -2.546191e+00 3.447245e+00 -3.759098e-01 4.572684e-01 -1.505267e+00 -2.764900e+00 -1.249438e+00 -1.520817e+00 8.575454e-01 -3.427351e-02 5.626392e-02 2.042125e-01 -1.170063e+00 -6.198009e-01 -1.706825e-01 -1.767804e-01 1.230626e+00 1.022663e+00 9.871105e-01 1.581783e+00 1.513485e+00 2.307736e+00 2.170801e-05 
-1.148777e+00 3.930900e+00 -3.984131e+00 -1.643733e+00 2.577267e+00 1.357683e+00 2.558991e-01 -7.196813e+00 -2.977682e+00 3.126469e-01 -3.671901e+00 -1.087184e+00 -1.391065e-02 -1.497056e-01 -1.192693e-01 -8.937069e-01 -3.718597e-01 3.320431e-01 -1.074216e-02 3.876190e-01 1.101184e+00 1.251243e+00 1.194543e+00 1.168299e+00 1.397794e+00 1.535773e-03 
-2.410731e+00 1.711753e+00 -8.048898e+00 -3.285377e+00 2.289619e+00 -2.518330e+00 2.189271e+00 1.461384e+00 -4.727738e-01 8.020284e-01 4.007111e+00 8.616035e+00 -2.910960e-02 -4.300451e-02 -1.106869e-01 -5.993806e-01 5.172113e-02 6.092647e-01 -6.793500e-01 -7.723550e-01 6.435627e-01 1.868463e+00 1.843685e-01 1.821744e-01 5.805802e-01 5.052340e-03 
-1.868640e+00 1.368204e+00 -6.756514e+00 -2.225376e+00 2.865832e+00 -1.324376e+00 -2.460193e+00 -5.348570e-01 1.459910e+00 1.032829e+00 1.865398e+00 5.673460e+00 -1.197147e-02 -7.138777e-02 -3.376403e-01 5.397191e-01 7.388406e-01 7.178673e-01 -8.877843e-01 -1.462200e+00 -3.435411e-01 2.436488e-01 -3.161180e-01 -2.159768e-01 -2.134166e-01 -3.424525e-04 
-1.553661e+00 2.110804e+00 -6.487867e+00 -1.996764e+00 6.349286e+00 -2.431630e+00 -2.046461e+00 -1.618432e+00 4.358618e+00 -6.876867e-01 -3.378594e+00 3.801247e-01 -9.981394e-03 3.522696e-01 2.136815e-01 9.962643e-01 9.338735e-01 1.583741e-01 2.688795e-01 -1.781090e+00 -2.366401e+00 -1.211044e+00 -2.916684e-02 -2.860404e-01 -8.538629e-01 6.735372e-03 
-1.934251e+00 2.043172e+00 -2.066051e+00 1.406164e+00 4.136770e+00 -3.124588e+00 -4.937237e+00 -7.374610e+00 -4.175135e+00 -5.230857e-01 -1.058932e+00 1.963688e+00 -2.518702e-02 1.563134e-01 1.403889e-01 1.213969e+00 6.414657e-01 -1.148139e+00 8.121050e-01 5.364083e-01 1.607279e-01 -5.462723e-01 -8.362686e-01 1.003365e-02 -1.669607e-02 -3.778422e-03 
-6.165781e-01 2.442676e+00 -5.412808e+00 -4.317791e-01 2.446021e+00 -2.738265e-01 -5.477656e+00 -6.950742e+00 -3.710472e+00 1.434151e+00 4.039074e+00 6.201606e+00 1.117504e-02 1.890607e-01 2.051858e-01 6.217406e-01 -5.444323e-01 -1.931774e+00 1.037105e+00 2.606622e-01 -2.072295e-01 -9.027980e-01 -8.838928e-01 7.710646e-01 5.647067e-01 2.266240e-03 
-1.555614e+00 1.904213e+00 -1.224198e+00 1.994599e-01 -9.232287e-01 1.657246e+00 1.937446e+00 2.934938e+00 2.763093e+00 -4.209433e+00 -1.793268e+00 2.679239e+00 -4.144180e-02 3.390897e-01 6.007648e-03 -7.677503e-01 -7.405308e-01 -1.307138e+00 8.065435e-01 9.328976e-01 2.965301e-01 1.352066e-01 -1.593147e+00 -9.289563e-01 -4.931807e-01 1.015480e-02 
-7.976761e-01 3.206213e+00 -3.800090e+00 -4.115574e+00 -7.795830e-01 3.629788e-01 -4.180491e+00 -7.809353e+00 -3.624486e+00 -3.263977e+00 8.438966e-01 2.845883e+00 9.477198e-03 3.258996e-01 -1.210479e+00 -1.097075e+00 3.270946e-02 -1.383284e+00 -4.340568e-01 4.750684e-01 5.078098e-01 -6.117139e-02 -1.128122e+00 -1.028226e+00 -5.239527e-02 2.039972e-02 
-1.482534e-01 1.691442e+00 -6.711161e+00 -4.545931e-01 -7.861190e-01 5.897269e-01 -9.213312e-01 -5.462654e+00 -3.542095e+00 -6.139757e+00 -4.106125e+00 1.175646e+00 2.643591e-02 4.723473e-01 -1.052256e+00 -9.897402e-01 2.392798e-01 -1.026307e+00 -2.058572e+00 -6.411063e-01 6.303374e-01 -1.894752e-01 -1.043893e-01 7.325686e-01 2.868309e-01 3.482036e-02 
3.092394e-01 -3.503333e+00 -8.154700e+00 5.879462e-02 -4.538955e+00 -1.910350e+00 -1.672925e+00 -2.128965e-01 -8.637352e-01 -3.241296e+00 5.437124e-02 6.691426e+00 7.923478e-02 4.727637e-01 -4.383687e-01 6.937522e-01 6.047767e-01 -7.935951e-01 -2.326992e+00 6.648957e-01 2.761505e+00 2.450242e+00 -8.655800e-01 5.257226e-01 8.210986e-01 5.675896e-02 
2.526646e-01 -2.291858e-03 -3.995595e+00 -6.913255e-01 -4.175078e+00 -7.498950e+00 -2.521868e+00 2.288396e+00 4.353421e-01 -4.742720e+00 2.264338e+00 2.190622e+00 9.778118e-02 1.579395e-01 3.164119e-01 2.075317e+00 8.542632e-01 1.533462e-01 -1.967120e+00 1.441267e-02 1.812283e+00 2.695951e+00 -1.553675e+00 -7.845709e-01 3.658656e-02 4.716269e-02 
1.365684e+00 1.861237e+00 -1.689113e+00 -9.733244e-01 -3.053079e+00 -7.227640e+00 -5.574417e-02 2.122644e+00 6.638005e+00 -8.290396e+00 2.872783e-01 6.443888e+00 2.575994e-01 1.053211e-01 1.054824e+00 9.035603e-01 -1.027473e-01 1.607783e+00 4.844019e-01 1.106940e+00 3.995260e-01 6.049780e-01 -8.637102e-01 -2.642037e+00 -2.284811e+00 -6.246257e-03 
1.132221e-01 5.912172e-01 4.326310e-01 4.332782e+00 -7.623262e-01 -6.587229e+00 -1.657858e+00 2.430991e+00 6.186792e+00 -1.138358e+01 -8.145433e+00 1.482347e+00 1.730671e-01 -1.355103e-01 3.262550e-02 -1.105083e+00 -7.748777e-01 1.188220e+00 2.634631e+00 1.744982e+00 -5.761736e-02 -5.846443e-01 6.932445e-01 -2.355287e+00 -2.093567e+00 -4.331846e-02 
9.055662e-01 1.474034e+00 -5.851011e+00 -2.966996e+00 1.793586e+00 5.579877e-02 3.429771e+00 1.713436e+00 -7.145705e-01 -4.239416e+00 -7.950930e+00 -4.378493e+00 1.036054e-02 -5.745159e-01 -6.352167e-01 -1.647783e+00 -6.612951e-01 5.880259e-01 2.924247e+00 1.402297e+00 4.729355e-01 -1.022991e-01 2.046569e+00 -5.638682e-01 -1.791229e+00 -6.758209e-02 
-1.948280e-01 3.544371e-01 -7.440059e+00 -3.568878e+00 -6.573124e-01 2.032486e+00 4.460284e+00 2.204913e+00 1.188409e+00 -3.301988e+00 -5.392995e+00 -2.866023e+00 4.808307e-03 -6.139380e-01 -1.868580e-01 -1.438041e+00 -6.983945e-01 5.278088e-01 2.365160e+00 1.619810e+00 7.178100e-01 5.526537e-01 2.025874e+00 7.681965e-01 6.960752e-02 -3.408040e-02 
-1.352871e+00 -1.196457e+00 -5.991680e+00 -3.289696e-01 -1.654563e-01 3.083738e+00 3.896667e+00 4.600360e+00 8.625702e+00 -2.098347e+00 -3.908282e+00 -3.380702e-01 3.818333e-03 -6.052219e-01 -4.571980e-02 3.091986e-01 2.008152e-01 -4.385819e-01 1.458520e-01 5.395008e-01 4.000170e-01 1.294650e+00 7.311770e-01 7.882121e-01 3.549589e-01 -9.510559e-03 
-1.827250e+00 9.921726e-01 -6.687239e+00 -4.782037e-01 2.856239e+00 3.724604e+00 6.207745e+00 4.576579e+00 4.279924e+00 -2.324747e+00 -6.325775e+00 -1.898264e-01 5.936205e-03 -5.664406e-01 8.156773e-01 1.500144e+00 2.982838e-01 6.961325e-01 -6.671407e-01 -1.150629e-02 -4.046083e-01 -2.753430e-01 1.115997e+00 7.436653e-01 4.052561e-01 -1.287273e-02 
-1.304333e+00 9.265668e-01 -4.681428e+00 -3.508257e+00 -2.156099e+00 -6.099999e-02 5.253545e+00 2.527688e+00 4.212922e+00 -1.072151e+00 -3.543479e+00 -3.941797e+00 -3.775620e-02 -1.072019e+00 1.160637e+00 1.900387e+00 2.011449e-01 1.396232e+00 -3.439917e-01 8.266425e-02 -6.119369e-01 -1.491920e+00 1.448088e+00 2.385599e+00 7.713613e-01 -1.058635e-02 
-3.051300e+00 3.371312e+00 -5.944642e-01 -4.878154e-01 3.818672e+00 2.691517e-01 3.724314e+00 1.218208e+00 2.018084e+00 1.764901e+00 -1.857070e+00 9.621212e-01 -3.876805e-02 -1.352157e+00 7.773083e-01 2.030869e+00 8.772824e-01 1.393007e+00 1.284369e+00 -6.253784e-01 -8.801861e-01 -2.809029e-01 1.998098e+00 3.082450e+00 1.335497e+00 -3.507626e-03 
-6.100940e+00 3.417158e+00 4.638686e-01 6.815606e-01 6.334488e+00 3.091505e+00 5.551703e+00 3.219861e+00 2.297021e+00 3.097271e+00 5.785362e+00 2.942762e+00 -2.676129e-02 -1.056976e+00 7.989500e-01 4.681339e-01 4.663989e-01 1.121311e+00 2.406455e+00 -7.941960e-01 2.065302e-01 5.387146e-01 2.923721e+00 1.436181e+00 1.201303e+00 2.881967e-02 
-6.189733e+00 3.633419e+00 8.944573e-01 1.813300e+00 5.575979e+00 8.570196e+00 2.931773e+00 -1.704377e-01 3.833360e+00 5.581029e+00 4.422056e+00 3.045377e+00 -1.709938e-02 3.999127e-01 5.883099e-01 -9.137048e-01 -2.388312e+00 -1.362152e+00 1.160454e+00 -8.065984e-01 -4.586912e-01 -6.425608e-01 2.286481e-01 -4.786863e-01 -4.383600e-01 6.522365e-02 
-5.019996e+00 4.790264e+00 -3.085220e+00 -2.326820e+00 2.571805e+00 7.820752e+00 1.678835e+00 4.254663e+00 5.998857e+00 1.163839e+01 4.978645e-01 1.023089e+00 9.550780e-02 1.476892e+00 -5.423246e-02 -4.123593e-01 -1.218774e+00 -1.959770e+00 -1.473836e+00 -3.943320e-01 -5.271486e-01 -2.147264e+00 -2.540471e+00 -1.823523e+00 -9.935350e-01 3.702827e-02 
-1.592209e+00 5.626309e+00 -3.388444e+00 -1.092519e+01 -1.110745e+00 3.706798e+00 1.627756e+00 -1.592649e+00 -3.045639e+00 -1.362418e+00 -1.606753e+00 -2.698419e-01 2.262157e-01 1.148835e+00 -1.502508e+00 -5.527079e-01 4.917347e-01 -3.819523e-02 -1.731595e+00 1.494584e+00 4.769061e-01 -2.880215e+00 -3.688395e+00 -8.382033e-01 -9.968452e-01 3.118569e-03 
-1.015242e+00 2.149551e+00 5.435228e-01 9.569350e-01 -1.210003e-01 -1.845977e+00 4.232052e+00 1.295223e+00 -4.999802e+00 -6.133358e+00 -3.178488e-01 -3.673033e-01 3.672254e-02 5.454063e-03 -2.659915e+00 -7.155441e-01 1.769851e+00 1.018304e+00 -2.938872e-01 2.659246e+00 1.191649e+00 -6.502575e-01 -2.530744e+00 8.089638e-01 -9.070438e-01 -3.874725e-02 
-2.447933e+00 -2.558767e+00 -3.683453e+00 2.630095e+00 6.731405e+00 4.745587e+00 9.128084e+00 3.693812e+00 -5.068386e+00 -3.975070e+00 6.388953e-01 -1.243653e+00 2.788609e-02 -8.517336e-01 -1.564766e+00 -4.456644e-01 2.154190e+00 2.105066e+00 1.128377e+00 1.503795e+00 1.496866e+00 1.961008e+00 1.212132e+00 1.393069e+00 1.443609e-01 -5.294964e-02 
-4.564863e+00 -4.416775e+00 -6.515436e+00 -2.552040e-01 3.742248e+00 5.831922e+00 1.122490e+01 7.569677e+00 3.758942e+00 2.909958e-01 3.419860e+00 -3.025225e+00 9.363294e-04 -1.175635e+00 8.731532e-02 -2.236931e-01 -4.449560e-01 1.435009e+00 1.430709e+00 -5.167407e-01 -1.847428e-01 2.569336e+00 2.921144e+00 1.454287e+00 1.323192e+00 -1.724130e-02 
-4.076066e+00 1.085642e+00 -2.087287e+00 4.518327e-01 7.482962e+00 5.509735e+00 5.650308e+00 2.754455e+00 2.380029e+00 1.486064e+00 3.489738e+00 1.780924e+00 -2.063942e-02 -1.199741e+00 8.929119e-01 8.726589e-01 -5.994563e-01 2.252274e-02 -1.211481e-01 -1.456463e+00 -1.249002e+00 1.761327e+00 7.745029e-01 -6.902836e-02 1.654261e+00 -1.511446e-02 
-6.079352e+00 7.639226e-01 -1.373026e+00 -1.787134e-01 6.678266e+00 4.925494e+00 3.387237e+00 8.411885e-01 4.122671e+00 5.741796e+00 5.528164e+00 4.736370e+00 -2.522123e-02 -1.952219e-01 1.364838e+00 1.082921e+00 4.063035e-01 3.334736e-01 -7.288659e-02 -1.302026e+00 -1.347692e+00 3.020816e-01 -1.455092e-02 -1.197903e+00 8.958302e-01 -6.068790e-03 
-7.689391e+00 -6.845566e-01 -1.891363e+00 -4.054314e-01 5.376010e+00 4.593061e+00 5.764603e+00 8.130468e-01 3.556386e+00 -2.827955e+00 -7.603985e-01 3.146856e+00 -3.460741e-02 3.075007e-01 -1.567398e+00 6.532387e-02 8.017227e-01 -1.395898e+00 4.089527e-02 6.569225e-01 4.560745e-01 -2.654699e-01 -2.053837e+00 -1.641066e+00 -8.376042e-01 1.173074e-01 
-3.734310e+00 3.292515e+00 -1.198793e+00 2.204946e+00 6.463092e+00 5.925826e+00 4.657622e+00 1.801922e+00 4.681171e+00 2.375251e+00 -4.445857e-01 7.709598e-01 -2.242362e-02 1.166468e+00 -1.648704e+00 -7.787162e-02 1.394493e+00 -1.980682e+00 4.658317e-01 1.288061e+00 1.193358e+00 -8.392345e-01 -2.439074e+00 -9.574516e-01 -3.193905e-01 2.130677e-01 
-3.711083e+00 -8.015646e+00 -1.847784e+00 3.268617e+00 6.110606e-01 5.214046e+00 8.299728e+00 4.554461e+00 7.734294e-01 -7.099847e+00 -1.729219e+00 -4.243923e-01 5.644986e-01 2.371090e+00 1.514165e-01 7.643532e-01 2.152381e+00 -1.098150e+00 1.674802e+00 1.621365e+00 6.910777e-02 -7.997814e-01 7.480682e-01 -1.771587e-01 -7.546933e-01 2.020511e-01 
-2.236167e+00 -3.814053e+00 -1.784174e+00 4.956728e+00 -8.426695e-01 6.944160e+00 8.559982e+00 4.937273e+00 1.317977e+00 -4.317625e+00 1.225316e+00 4.925041e+00 7.405641e-01 2.965150e+00 7.583245e-01 1.532302e+00 2.173765e+00 -4.364401e-01 2.872576e-01 6.331514e-01 -7.189365e-01 -1.596017e+00 -7.135792e-02 -9.221040e-01 -5.977298e-01 1.099773e-01 
3.416986e+00 3.625810e+00 2.223093e+00 8.980580e+00 3.538140e+00 1.245790e+01 1.192025e+01 -4.090894e-01 1.239077e+00 4.258823e+00 -2.481143e+00 -2.703652e+00 5.941544e-01 4.218760e+00 2.244516e+00 1.317060e+00 1.464060e+00 -1.003910e-01 -2.281981e+00 -2.783866e+00 -1.062766e+00 -5.304388e-01 1.616221e+00 -3.005850e-01 -5.616935e-01 -2.206963e-02 
7.527404e+00 1.263410e+00 4.427278e+00 1.021779e+01 2.817352e+00 3.740185e+00 6.013118e+00 6.890147e-01 -3.531739e+00 -3.660874e+00 -4.679143e+00 -1.078060e+00 5.126350e-01 4.381930e+00 -5.068932e-01 -3.672282e-01 -5.433372e-01 5.393110e-01 -4.262269e+00 -4.956359e+00 -1.047240e+00 2.869420e-01 5.457498e-01 -3.794751e-01 -8.879142e-01 -2.205417e-02 
1.250093e+01 6.682035e-01 1.631790e+00 7.958388e+00 -1.720905e+00 -4.593870e+00 -4.346169e+00 1.364761e+00 5.460937e-01 6.528804e-01 -2.799143e-01 -2.313094e-01 5.681150e-01 3.343729e+00 -2.865489e+00 -2.408757e+00 -1.946016e+00 5.652599e-01 -3.953200e+00 -7.176434e+00 -1.107702e+00 6.674528e-01 -1.080062e+00 1.270708e+00 3.746072e-01 3.551800e-02 
1.513151e+01 -4.869715e+00 -3.324664e+00 2.751139e+00 4.483408e+00 -5.841302e+00 -8.088605e+00 -1.185856e+00 3.099179e+00 2.140955e-01 -1.772674e+00 -7.507007e-01 6.433129e-01 2.346696e+00 -2.261021e+00 -3.402564e+00 -2.389410e+00 1.244954e+00 -1.048514e+00 -6.283423e+00 -1.799671e+00 1.185017e+00 4.462001e-01 1.748293e+00 -6.175094e-01 6.247617e-02 
1.633358e+01 -7.635072e+00 -5.944721e+00 2.983825e+00 5.531412e+00 -2.517356e+00 -1.691106e+01 -5.010167e+00 1.260882e+00 -3.078972e+00 2.419164e+00 -9.942952e-01 7.064054e-01 1.449824e+00 -1.421274e+00 -3.042949e+00 -1.592241e+00 1.568012e+00 4.958455e-01 -4.944777e+00 -1.048621e+00 8.270378e-02 -2.043866e-01 1.387156e+00 -8.916625e-01 5.859001e-02 
1.734456e+01 -5.890057e+00 -8.797288e+00 7.580179e-01 5.415965e+00 -2.540644e+00 -1.912155e+01 -5.121876e+00 2.035953e+00 4.360527e-01 2.712781e+00 -3.784114e+00 7.558706e-01 8.486156e-01 -4.361005e-01 -1.754646e+00 -6.958056e-01 3.530219e-01 2.660465e-01 -4.107690e+00 8.268087e-02 -1.829240e-02 -2.915475e-01 1.444002e+00 -1.066423e+00 5.510057e-02 
1.864353e+01 -5.927996e+00 -1.084665e+01 9.937419e-01 5.652874e+00 -3.764972e+00 -2.355358e+01 -1.910336e+00 1.491225e+00 -4.800313e-01 4.413139e+00 -3.172915e+00 8.047862e-01 1.454639e-01 -3.684065e-01 -3.299809e-01 1.209183e-02 -4.467222e-01 -1.044821e+00 -2.254808e+00 1.364027e+00 1.211869e+00 -4.833732e-02 5.735175e-01 -3.666345e-01 5.378195e-02 
1.821961e+01 -7.903756e+00 -9.646931e+00 2.671522e-01 6.187786e+00 -3.887261e+00 -2.530580e+01 -2.322367e+00 2.892545e+00 -2.543113e+00 4.450348e+00 -4.993506e+00 8.696254e-01 -5.981601e-01 -1.497484e+00 1.467906e+00 1.117794e+00 -1.616529e+00 -2.154453e+00 -1.221599e+00 2.362427e+00 1.570856e+00 -1.100922e+00 -8.291726e-02 8.017188e-01 5.393897e-02 
1.662337e+01 -8.470255e+00 -7.169804e+00 3.289717e+00 2.911890e+00 -7.068150e+00 -2.509298e+01 4.102114e-01 6.891930e+00 -1.831076e+00 4.417968e+00 -2.222772e+00 9.184378e-01 -1.527968e+00 -1.578373e+00 3.058972e+00 1.452000e+00 -3.060573e+00 -3.050799e+00 1.374271e+00 2.873763e+00 1.169121e+00 -1.805284e+00 -2.884209e-01 1.773771e+00 4.895419e-02 
1.536383e+01 -1.210635e+01 -3.296176e+00 5.198999e+00 -1.296186e+00 -1.166132e+01 -2.445985e+01 5.529985e+00 7.189880e+00 -4.393037e+00 2.295780e+00 -2.505918e-01 9.687397e-01 -2.190501e+00 -8.160380e-01 4.262073e+00 9.740082e-01 -4.877209e+00 -2.514064e+00 3.476635e+00 3.026068e+00 -1.542929e+00 -1.743222e+00 1.000909e+00 1.687074e+00 3.085641e-02 
1.243158e+01 -1.171856e+01 1.272839e+00 5.787820e+00 -5.908006e+00 -1.513194e+01 -1.710520e+01 8.532303e+00 5.188162e+00 -8.581488e+00 4.048318e+00 3.324480e+00 1.000000e+00 -2.389972e+00 -5.502844e-02 5.034764e+00 -6.027857e-01 -5.372125e+00 -5.465159e-01 4.517303e+00 1.513302e+00 -4.295877e+00 -4.936529e-01 1.640172e+00 4.578193e-01 1.201746e-02 
9.363007e+00 -1.035979e+01 7.442110e+00 3.888142e+00 -1.378831e+01 -1.242569e+01 -1.191651e+01 8.746930e+00 -3.970217e+00 -7.884017e+00 9.639719e+00 6.682385e-01 9.831263e-01 -2.235731e+00 1.093536e+00 5.098207e+00 -1.971111e+00 -4.744258e+00 1.847226e+00 3.816532e+00 -4.991201e-01 -4.876184e+00 1.637934e+00 1.752737e+00 -8.345364e-01 -9.267229e-03 
7.673929e+00 -9.618675e+00 1.263488e+01 9.312176e-01 -1.770267e+01 -9.418545e+00 -8.778130e+00 6.368251e+00 -9.007403e+00 -2.553851e+00 8.946857e+00 -3.930904e-01 9.713318e-01 -1.655133e+00 1.654769e+00 4.347020e+00 -2.678507e+00 -3.239653e+00 3.047754e+00 1.859204e+00 -2.325787e+00 -3.630915e+00 3.270769e+00 -2.405357e-03 -1.405882e+00 -2.845914e-02 
6.564002e+00 -7.688612e+00 1.651384e+01 -2.228253e+00 -1.912014e+01 -5.281885e+00 -9.540727e+00 4.116411e+00 -1.009325e+01 7.828139e-01 8.610194e+00 -2.564488e+00 9.367377e-01 -8.309056e-01 1.942730e+00 3.047504e+00 -2.363789e+00 -9.159492e-01 2.689807e+00 5.495893e-01 -2.674379e+00 -1.695560e+00 3.121774e+00 -1.746429e+00 -4.209902e-01 -4.472101e-02 
5.555416e+00 -4.780309e+00 1.847207e+01 -4.546518e+00 -1.944036e+01 -3.465070e+00 -8.997075e+00 -7.813722e-01 -9.904895e+00 3.438940e+00 4.551054e+00 -2.088567e+00 8.808987e-01 -2.942713e-01 1.849752e+00 2.425968e+00 -1.742493e+00 3.556057e-01 1.957455e+00 3.343487e-03 -1.939005e+00 -8.814265e-01 1.960023e+00 -2.465336e+00 2.167008e-01 -5.576103e-02 
6.267735e+00 -3.065324e+00 1.976103e+01 -5.191936e+00 -1.749921e+01 -1.953388e+00 -9.059090e+00 -1.050156e+00 -1.199927e+01 4.728458e+00 3.105476e+00 -5.889738e-01 8.047379e-01 -1.188555e-01 1.766254e+00 1.957196e+00 -7.966236e-01 1.189541e+00 9.412980e-01 3.592184e-01 -1.387402e+00 7.479420e-02 9.225248e-01 -2.777265e+00 4.964728e-01 -5.696510e-02 
6.350706e+00 -2.681561e+00 2.314112e+01 -6.299405e+00 -1.673511e+01 -1.295520e+00 -9.002231e+00 -7.434931e-01 -1.246153e+01 5.273440e+00 -6.274636e-01 -2.973434e-01 7.585265e-01 -4.141495e-01 1.869558e+00 2.031770e+00 -1.985984e-01 1.875429e+00 6.214755e-01 4.362040e-01 -6.149305e-01 3.385849e-01 8.084537e-01 -2.615489e+00 7.380489e-01 -5.159379e-02 
5.572079e+00 9.328476e-02 2.396530e+01 -5.334928e+00 -1.452506e+01 -1.660170e+00 -7.742057e+00 -2.839540e+00 -8.440966e+00 4.478188e+00 -2.686874e+00 -9.777358e-01 7.130982e-01 -6.029696e-01 2.568478e+00 1.691637e+00 6.485842e-01 2.127121e+00 4.566389e-01 1.009222e+00 -7.919126e-01 8.668070e-01 1.292345e+00 -2.243414e+00 -2.238582e-01 -6.201623e-02 
3.832497e+00 2.988176e+00 2.652879e+01 -5.468015e+00 -1.155029e+01 -5.043007e-01 -7.474571e+00 -2.961332e+00 -9.991122e+00 7.606344e+00 -5.630215e+00 1.796058e+00 6.687495e-01 -7.683047e-01 3.300634e+00 8.129803e-01 1.381360e+00 2.655715e+00 1.278823e+00 1.979149e+00 -9.772241e-01 6.371266e-01 -6.621242e-01 -1.691271e+00 3.324353e-02 -8.401805e-02 
4.511992e+00 6.942196e+00 2.652538e+01 -2.364711e+00 -9.456019e+00 -6.580305e-02 -4.776810e+00 -3.900799e+00 -8.900437e+00 1.002373e+01 -5.610219e+00 -2.754966e+00 5.395452e-01 -7.198711e-02 -1.225093e+00 -4.125232e+00 9.852444e-01 2.612131e+00 1.201685e+00 3.291635e+00 6.292747e-01 1.587856e+00 -1.684749e+00 -6.019511e-01 4.323638e-01 -6.235680e-02 
3.039226e+00 1.039716e+01 2.592598e+01 -8.777111e-01 -5.991054e+00 4.301413e+00 -5.891094e-01 -5.098984e+00 -9.046159e+00 -8.099530e-01 -7.622147e+00 7.574891e-01 4.252127e-01 7.894828e-01 -3.906395e+00 -6.802694e+00 5.022728e-01 1.505554e+00 8.001125e-02 3.002438e+00 7.718083e-01 1.879890e+00 -3.277477e+00 3.700546e-01 2.208123e-01 -5.014773e-02 
5.608779e+00 -9.736670e+00 3.640545e+00 -2.703858e+00 -4.244021e+00 1.945397e+00 5.273386e+00 1.375659e+00 -9.741688e-01 2.625903e-01 -4.700664e+00 1.703368e+00 5.230826e-01 -3.869978e-01 -3.467300e+00 -6.825055e+00 1.269948e-02 -3.281852e-01 -3.661468e-01 2.830264e+00 -2.295683e-01 3.325067e-01 -2.984373e+00 -4.278765e-02 -9.114968e-01 -7.984342e-02 
7.231517e+00 -8.204367e+00 3.957736e+00 -2.787077e+00 -6.628519e+00 -1.109845e+00 2.512518e+00 -1.740520e+00 -4.554809e+00 -3.900470e+00 -4.234719e+00 6.709532e-01 4.262422e-01 -1.240215e+00 -1.630926e+00 -5.002830e+00 -6.683841e-02 -1.820470e+00 -1.310841e+00 2.036484e+00 -2.019817e+00 -1.921845e+00 6.514543e-01 1.135654e+00 -2.387419e+00 -9.261985e-02 
4.808569e-01 -1.093543e+00 3.384230e+00 -1.346530e+00 -1.077821e+01 8.090918e-01 7.823697e+00 -6.727872e+00 -9.483579e+00 -3.352875e+00 -7.517871e+00 -7.269181e+00 1.398134e-01 -2.276566e+00 2.295446e+00 -1.040638e+00 3.089238e-01 -1.694043e+00 2.616569e-01 2.814283e+00 -2.443738e+00 -2.560305e+00 2.022629e+00 7.246999e-01 -2.765273e+00 -1.034348e-01 
-5.978861e-01 -2.079038e+00 1.039993e+00 -1.890567e+00 -1.182631e+01 -1.684641e+00 8.318155e+00 -1.114630e+01 -1.440068e+01 4.255051e+00 -5.352737e-01 -6.693332e+00 1.537481e-01 -2.355724e+00 1.736364e+00 -7.443002e-01 1.617773e+00 9.874382e-02 6.022087e-01 3.215977e+00 1.367466e-01 -4.530777e-01 3.642086e+00 6.390180e-01 -2.319161e+00 -6.715931e-02 
-1.859350e+00 -1.322105e+00 -1.037741e-01 -1.607494e+00 -1.011534e+01 3.541080e+00 1.644198e+01 -6.140137e+00 -8.852759e+00 6.297978e+00 -2.926887e+00 -8.440856e+00 1.421555e-01 -1.217843e+00 2.411931e-01 -4.990648e-01 1.243724e+00 1.573452e+00 -2.394201e-01 1.574241e+00 2.748283e+00 2.581310e+00 2.286057e+00 1.072429e+00 5.317020e-02 -2.499864e-02 
-3.377000e+00 5.917327e-01 1.980237e+00 5.432271e+00 -6.466235e+00 5.352046e-01 1.428326e+01 -1.350655e+00 -7.135607e+00 9.484534e+00 -3.335121e+00 -1.033902e+01 8.927459e-02 -9.352270e-01 4.290823e-01 -6.063549e-01 -6.771278e-02 3.141040e+00 3.782763e-01 -2.958129e-01 2.653695e+00 3.411039e+00 -1.427203e+00 2.782465e-01 1.611216e+00 -4.067196e-02 
-4.218801e+00 -1.222963e+00 4.187839e-01 1.210673e+00 -5.590986e+00 -1.497932e+00 1.271235e+01 2.115718e+00 -2.095664e-01 5.462669e+00 -7.558037e-01 -5.180488e+00 4.705697e-02 -8.415723e-01 3.484709e-01 -7.281434e-01 -1.046419e+00 3.300514e+00 4.777968e-02 -1.910733e+00 7.105991e-01 1.502786e+00 -2.213920e+00 3.952923e-01 2.541180e+00 -3.762291e-02 
-4.094296e+00 1.680219e-02 -2.253061e+00 -3.638214e+00 1.616715e+00 2.726246e+00 8.703909e+00 -2.005752e+00 -1.667082e+00 -2.463309e+00 -2.295831e-01 -2.674351e-01 -2.062440e-03 -6.976690e-02 3.485565e-01 -1.221678e+00 -1.667500e+00 2.193951e+00 3.180303e-01 -2.313919e+00 -3.753167e-01 1.293339e+00 -2.713479e+00 3.291171e-01 2.318860e+00 -3.109849e-02 
-5.708564e+00 7.077147e-01 -1.627842e+00 -2.304347e+00 2.345754e+00 2.684458e+00 9.677994e+00 -2.259593e+00 -4.073092e+00 1.202299e+00 -2.503194e+00 -7.707453e-01 -2.905130e-04 -2.733498e-02 4.605219e-01 -1.167696e+00 -3.955680e-01 1.426214e+00 2.944667e-01 -2.250504e+00 3.914069e-01 1.733775e+00 -1.289225e+00 -3.133551e-01 1.436560e+00 -2.249506e-02 
-2.980953e+00 1.369177e+00 -3.104839e+00 -1.147718e+00 5.351524e-01 3.416109e-02 4.230844e+00 -1.039583e+00 1.262852e+00 -1.952676e+00 -8.158405e-01 -9.495875e-01 -4.254413e-02 -1.914561e-01 6.178855e-01 2.169292e-01 7.631487e-01 4.014894e-01 1.089446e-01 -6.697090e-01 1.733825e+00 2.999191e+00 9.041511e-01 8.061540e-02 3.213495e-01 -1.022817e-02 
-4.912148e+00 4.034597e-01 -4.993806e+00 -2.012415e+00 2.080865e+00 1.320444e+00 3.696361e+00 3.589668e+00 6.994341e+00 -1.238772e+00 -2.029450e+00 2.343389e+00 -4.517746e-02 -3.257878e-01 7.982092e-01 9.720163e-01 1.414412e+00 1.255415e+00 2.915666e-02 -9.463431e-01 9.299930e-01 2.183316e+00 9.822571e-01 1.030307e+00 5.438898e-01 -6.635451e-03 
-5.449784e+00 3.258357e+00 5.145668e-01 3.156352e-02 3.756606e+00 3.952976e+00 8.346180e+00 3.738741e+00 7.795155e+00 3.277982e+00 -6.337821e-02 -2.177544e-01 -3.075981e-02 -7.936536e-01 2.279796e-01 8.803545e-01 7.579095e-01 1.568141e+00 2.366850e-01 -5.890202e-01 -9.378324e-02 6.514477e-01 2.150486e+00 2.175895e+00 1.232249e+00 1.476884e-04 
-6.103087e+00 3.754170e+00 1.422536e+00 4.178075e+00 7.012100e+00 8.708338e-01 2.888611e+00 1.209974e-03 3.577335e+00 3.498256e+00 2.272108e+00 1.582787e+00 -3.935993e-02 -4.297627e-01 1.881501e-01 8.667599e-01 5.145373e-01 3.564860e-01 -5.415159e-01 -4.856403e-01 -3.042021e-01 -6.668984e-01 1.290246e+00 1.330920e+00 3.424888e-01 1.181436e-03 
-6.353751e+00 8.337191e-01 -1.911238e+00 -4.534149e-01 5.910241e+00 1.442391e+00 1.689619e+00 2.857297e-01 6.228593e+00 6.431241e+00 7.912854e+00 5.591960e+00 -4.471445e-02 -3.301269e-01 -2.190766e-01 -2.145020e-01 9.242411e-02 -7.931412e-01 -1.002630e+00 -3.547711e-02 1.119037e+00 1.713666e-01 1.138592e+00 1.261228e+00 1.610968e+00 -1.168084e-03 
-6.608977e+00 2.556529e+00 5.528954e-01 8.027610e-01 2.786478e+00 -1.318430e-01 4.596440e+00 3.795163e+00 4.443130e+00 3.635831e+00 6.370341e-01 1.150975e+00 -3.229296e-02 -1.633471e-01 -2.041240e-01 -6.153798e-01 -7.649426e-02 -9.788114e-01 -5.367218e-01 5.486606e-01 9.247541e-01 1.148232e+00 1.482558e+00 6.345055e-01 7.737281e-01 3.233814e-03 
-6.847474e+00 2.761795e+00 -1.231228e-01 2.181341e+00 1.903711e+00 -5.588355e-01 7.314879e+00 7.436952e+00 8.219090e+00 8.902153e+00 7.060300e+00 8.052993e+00 -4.013371e-02 2.480984e-01 1.548773e-01 -4.244801e-01 2.862038e-01 -1.237472e-01 5.494095e-01 1.564637e-01 -1.801125e-01 -4.721615e-01 6.394051e-01 -7.832036e-02 1.434539e-01 1.322627e-04 
-6.672961e+00 1.769512e+00 -2.548420e+00 2.478226e+00 4.121308e+00 -8.121619e-01 2.819283e+00 1.049370e+00 8.323248e+00 9.675589e+00 5.870912e+00 4.220911e+00 -2.548122e-02 1.501223e-01 -2.029515e-01 -5.577047e-01 -3.477531e-01 8.097404e-01 1.177946e+00 -7.255649e-01 -9.206621e-01 -1.106191e+00 -7.608371e-01 4.667643e-01 -4.331221e-01 8.879065e-04 
-5.081267e+00 2.001614e+00 -2.482980e+00 1.398720e-01 4.624090e+00 4.529598e+00 3.360516e+00 7.580635e-01 1.927727e+00 6.608387e+00 4.904314e+00 4.774261e+00 -4.745901e-02 1.578732e-01 -2.695942e-01 1.714449e-02 -4.285455e-01 1.138071e+00 6.161541e-01 -2.204733e-01 -8.051804e-01 -1.650917e+00 -1.538650e+00 -1.460083e+00 -1.919671e+00 -3.754020e-04 
-6.741469e+00 1.921862e+00 -1.055700e+00 8.472991e-02 5.474991e+00 3.213668e+00 2.945798e+00 2.531296e+00 2.057857e+00 9.785281e-01 4.048849e+00 6.247305e-01 -2.419078e-02 -8.898143e-02 -6.176957e-02 1.160542e+00 2.233926e-01 2.139523e-01 -9.507525e-02 5.302086e-01 5.734615e-01 -1.537168e-01 -1.357672e+00 -6.481366e-01 1.216588e-01 -2.640045e-03 
-6.023854e+00 1.337649e+00 -7.837607e-01 1.235361e+00 6.917223e+00 5.090201e-01 6.149256e+00 2.670086e+00 3.097200e+00 5.557434e+00 6.709182e-01 2.527283e-01 -4.265594e-02 -3.792324e-01 -1.125019e-02 5.281971e-01 3.939469e-01 -8.615601e-03 -1.373922e+00 -1.537115e-01 2.179057e-01 7.061871e-01 -7.248012e-01 -4.308190e-02 5.401822e-01 8.474922e-03 
-6.646575e+00 1.792647e+00 2.404681e+00 3.047444e+00 4.044502e+00 7.227510e-01 4.075956e+00 2.960666e+00 6.969928e+00 3.412706e+00 4.746927e+00 7.089972e+00 -4.108298e-02 6.791153e-02 3.992380e-01 4.177661e-01 3.654206e-01 -4.927740e-01 -2.040908e-01 -6.421880e-01 -1.684299e-02 8.778926e-01 -2.027070e-01 1.319838e-01 7.991986e-01 1.542187e-03 
-7.024877e+00 2.009971e+00 -1.572185e+00 6.282493e-01 5.296256e+00 -1.094555e+00 2.026879e+00 1.632907e+00 3.002626e+00 1.767292e+00 4.339865e+00 4.242552e+00 3.361702e-03 1.159897e-02 3.399093e-01 -1.484965e-01 3.285056e-01 -9.305890e-01 5.964491e-01 -7.354721e-01 -3.979207e-01 1.562202e-02 -7.368315e-01 2.712143e-01 7.474637e-02 -1.922607e-04 
-5.901401e+00 3.581891e+00 1.427343e+00 2.215389e+00 3.821604e+00 2.995002e+00 1.796046e+00 2.965671e+00 6.494606e+00 1.860064e+00 2.874294e+00 2.625812e+00 -3.948867e-02 3.599951e-01 -9.831709e-02 -2.011038e-01 7.113273e-02 -1.897821e-01 -4.395258e-02 -5.734378e-01 -1.193214e+00 -8.260238e-02 4.803819e-01 -3.508553e-01 -1.202137e+00 -8.797109e-03 
-6.338447e+00 2.142573e+00 -1.037574e+00 3.293917e+00 2.375727e+00 2.355140e+00 3.611850e+00 6.779802e-01 3.412971e+00 2.649597e+00 2.963306e+00 2.858540e+00 -4.441440e-02 5.068491e-01 -1.970286e-01 2.838932e-01 -4.505939e-02 3.292144e-01 7.195862e-01 -2.933885e-01 -7.857710e-01 1.440603e+00 1.672619e+00 3.406114e-01 -3.263612e-01 -1.300299e-02 
-5.189815e+00 1.234760e+00 1.131857e+00 2.070274e+00 4.555856e+00 -1.221859e+00 4.162815e-01 -2.527940e+00 6.351744e+00 5.373463e+00 3.680930e+00 1.771292e+00 -6.118047e-02 4.871083e-01 -9.202132e-02 -5.812422e-01 -7.320596e-01 4.660803e-01 3.213761e-01 4.396907e-01 -3.847122e-01 -3.843380e-01 -6.920305e-01 -9.122311e-01 -1.387221e+00 3.145409e-03 
-4.846424e+00 2.198393e+00 -4.975945e-03 4.755098e-01 6.575202e+00 4.611807e+00 1.249819e+00 4.508576e-01 1.027707e+01 8.373687e+00 5.639604e+00 3.038006e+00 -5.080736e-02 1.964341e-01 2.520022e-01 -3.927007e-01 -5.745133e-01 7.059819e-01 6.206304e-01 1.029742e+00 5.173175e-01 6.080818e-03 -5.557899e-01 -8.099993e-01 -1.855186e+00 9.829855e-03 
-4.211870e+00 3.093875e+00 -1.995167e+00 -3.570509e-02 4.052268e+00 3.473549e+00 5.175515e+00 1.155671e+00 1.140865e+00 -4.462134e+00 -3.025010e+00 -4.400026e+00 -2.056515e-02 1.872930e-02 5.728358e-01 -5.583308e-01 -9.374011e-01 -7.575022e-01 1.180286e+00 1.534315e+00 1.669966e+00 -4.156460e-01 -1.078106e+00 -1.998883e+00 -1.993082e+00 1.074442e-02 
-5.845248e+00 2.473027e+00 -1.437566e+00 1.474340e+00 6.157430e+00 3.110588e+00 6.380943e+00 1.422762e+00 6.048814e+00 4.788446e+00 2.266280e+00 -3.331731e+00 -1.557279e-02 -7.705764e-02 7.202406e-02 -1.753761e-01 -6.604759e-01 -1.147420e+00 -2.792436e-01 2.220588e-01 8.089468e-01 3.294610e-01 -9.776753e-01 -1.646983e+00 -8.010610e-01 2.501428e-03 
-4.596756e+00 3.961622e+00 -9.435025e-01 -3.116146e+00 9.772313e-01 5.430181e+00 5.522297e+00 5.335935e+00 6.387643e+00 1.775555e+00 -4.626823e+00 -5.009250e+00 -2.507567e-02 -8.488198e-02 -2.286857e-01 1.204834e-01 -5.262876e-01 -7.135109e-01 -3.345868e-01 -1.017181e+00 3.482275e-01 1.957242e+00 5.235222e-01 -1.599479e-01 1.014372e+00 -5.143178e-03 
-5.039269e+00 2.124640e+00 -1.407689e+00 -1.286649e+00 2.375619e+00 2.237273e+00 2.186723e+00 2.405460e+00 9.300989e+00 3.664661e-01 -1.794407e+00 -6.626875e-01 -3.604496e-02 1.169444e-01 -2.533758e-01 -4.044326e-02 -3.692479e-01 -6.165234e-01 -4.939537e-01 -1.172402e+00 -9.650798e-02 9.417696e-01 -1.025305e+00 -5.288956e-01 9.684650e-01 -5.191362e-03 
