-4.251765e+00 3.856709e+00 -1.487781e+00 1.263702e+00 4.597849e+00 3.208120e+00 3.185659e+00 2.745275e+00 5.146222e+00 8.211731e-01 2.124758e+00 5.338233e+00 -3.769994e-03 -1.454956e-01 -1.183043e+00 -2.915806e-01 -4.745476e-01 -1.355234e-01 1.700778e-01 -1.415233e+00 -8.907760e-01 -1.803491e-02 1.280929e+00 1.066612e+00 -3.480288e-01 -1.020283e-02 
-5.382392e+00 8.260018e-01 -4.136759e+00 4.114249e-01 9.501040e+00 2.586105e-01 -1.111671e+00 -3.466457e-01 4.740537e+00 6.691240e+00 7.347961e+00 2.588311e+00 -2.142239e-02 -2.077143e-01 -7.638457e-01 -3.571258e-03 -7.937586e-01 -1.496417e-01 -6.870466e-01 -1.270518e+00 -1.397006e+00 -5.639035e-01 9.129642e-01 1.419650e+00 -1.310458e-01 -5.679870e-03 
-4.413930e+00 -5.431547e-01 -1.621195e+00 -6.828980e-01 1.468637e+00 5.533263e+00 -1.741840e+00 -1.626437e-01 5.258890e+00 4.290784e+00 4.846214e+00 4.973050e+00 -4.595792e-02 -1.909264e-01 -2.750863e-01 1.166687e-02 -3.038234e-01 -5.065254e-01 -1.206298e+00 -7.431306e-01 -1.959397e-01 -1.015693e-01 2.254751e-01 1.228703e+00 2.912509e-02 -2.074373e-03 
-5.209254e+00 2.237411e+00 -1.438930e+00 -1.731791e+00 5.414247e+00 -1.389686e+00 -7.031800e-01 -2.785794e+00 2.270371e+00 3.651189e+00 7.862281e+00 4.865595e+00 -1.107538e-02 1.775833e-01 1.597907e-01 3.426802e-01 3.478382e-01 -1.518040e-01 -8.539896e-02 3.427928e-01 3.746132e-01 4.905214e-02 -7.393015e-01 3.302486e-01 9.928091e-01 -6.459713e-04 
-5.292966e+00 1.775572e+00 -2.778361e+00 8.161926e-01 4.108618e+00 -1.999224e+00 -7.342394e-01 2.985151e+00 5.873459e+00 3.468574e+00 8.011116e+00 4.345216e+00 -1.931536e-02 1.330647e-01 3.074600e-01 9.547774e-02 6.747557e-01 1.712682e+00 1.346910e-01 6.226000e-01 -3.232208e-01 -9.264687e-01 -1.156143e+00 1.181527e+00 1.657280e+00 5.924463e-04 
-4.054957e+00 4.655921e-01 -1.844775e+00 1.401071e+00 7.422029e+00 3.597859e+00 9.849243e-02 -4.747677e-02 4.678514e+00 3.405837e+00 7.416754e+00 7.866274e+00 -3.797352e-02 2.180143e-01 7.775606e-02 3.278984e-01 6.406019e-01 1.157560e+00 1.506661e+00 -2.168624e-01 -3.185681e-01 4.295634e-01 -8.112847e-01 -4.198824e-01 1.595277e+00 -5.946732e-03 
-4.325755e+00 1.880055e+00 -9.408842e-01 1.124449e+00 9.028156e+00 3.712946e+00 9.703240e-01 -3.147906e+00 -5.775239e-01 -1.367256e+00 1.097661e+01 1.175911e+01 -2.954662e-02 1.828192e-01 3.237655e-01 4.938817e-01 5.326637e-01 5.607621e-01 1.597980e+00 6.264198e-01 -1.505369e+00 3.214462e-01 -7.309135e-01 -1.567622e+00 -2.344634e-01 5.128873e-03 
-4.602788e+00 2.573950e+00 -7.181767e-01 1.317090e+00 8.742279e+00 3.287534e+00 -2.639774e+00 -1.312106e+00 7.643679e+00 2.012680e+00 4.280120e+00 9.135035e+00 -3.569341e-02 1.783848e-02 4.506330e-01 -2.824306e-01 -4.318476e-02 -8.335455e-01 -3.703936e-01 4.975320e-01 7.916080e-01 1.050678e+00 6.993778e-01 -1.408455e+00 -1.663304e+00 1.198347e-02 
-4.104955e+00 2.340220e+00 -8.722520e-01 3.521502e+00 6.252304e+00 6.145838e+00 3.766993e+00 -3.909381e+00 5.998107e+00 5.105851e-01 1.741324e+00 2.538519e+00 5.188942e-03 -1.361664e-01 1.530077e-01 -4.427013e-01 -8.660603e-01 -1.339537e+00 -8.722088e-01 7.943082e-01 1.761530e+00 8.306139e-01 1.590426e+00 -1.305268e+00 -2.712106e+00 5.255586e-03 
-4.076165e+00 2.488674e+00 -3.291245e+00 -1.337922e-02 4.642228e+00 5.294451e-01 1.187818e+00 4.291301e+00 6.644087e+00 5.963806e+00 4.992126e+00 4.160050e+00 4.576027e-03 -3.224762e-01 -2.162667e-01 -1.600342e-01 -7.016936e-01 -1.333402e+00 -1.459689e+00 6.600174e-01 3.889332e-01 -1.236129e+00 1.180307e-01 -2.466080e-01 -1.481313e+00 -1.378012e-03 
-5.269898e+00 2.687731e+00 -1.867857e+00 -2.540617e+00 4.380496e+00 7.309459e-01 3.028069e+00 2.858039e+00 4.075341e+00 4.609312e+00 4.094274e+00 6.860704e-01 -2.340341e-02 -4.577307e-01 -5.508345e-01 -4.222600e-01 -9.425274e-01 -1.127931e+00 -1.450011e+00 -4.036933e-01 1.088825e+00 -2.819615e-01 -6.261495e-01 1.754597e-01 -3.604516e-01 -7.255763e-03 
-5.632697e+00 1.318861e+00 -1.020545e+00 8.396811e-01 3.011175e+00 -1.303463e+00 1.029775e+00 -2.751150e+00 2.424417e+00 5.534705e-01 1.870605e+00 2.654696e+00 -2.828729e-02 -3.045010e-01 -7.374984e-01 -3.354155e-01 -1.998304e-01 -6.220487e-01 2.221232e-01 -9.777731e-02 -2.062239e-01 -4.144831e-01 -8.972200e-01 -9.368427e-02 -5.241060e-01 -8.697629e-04 
-5.615342e+00 1.709542e-01 -4.118901e+00 -1.617666e+00 1.428178e+00 -1.877619e-01 1.827548e+00 5.055972e+00 6.698134e+00 8.500510e-02 4.179383e+00 1.488938e+00 -1.465821e-02 -2.758293e-01 -6.586390e-01 -1.135872e+00 -1.695595e-01 -3.423478e-02 -3.166522e-01 -9.896024e-01 -1.075363e+00 -7.359079e-01 -1.892003e+00 -1.082083e+00 -8.193682e-01 5.190528e-03 
-5.425948e+00 5.957048e-02 -3.842800e+00 -1.474007e+00 3.008142e+00 2.099415e+00 1.299192e+00 2.161215e+00 3.260275e+00 3.739859e+00 4.481150e+00 1.138086e+00 -4.145384e-03 1.588280e-01 -1.724282e-01 -4.237160e-01 8.515768e-02 1.313075e+00 8.344187e-01 -9.062064e-01 -1.344738e+00 -7.143096e-01 2.035460e-01 -1.456287e-01 -2.399033e-01 6.337166e-04 
-6.752419e+00 2.418163e-02 -6.136090e+00 -2.231571e+00 4.210838e+00 -2.553754e+00 -2.054652e+00 -4.974956e+00 -2.212751e-02 -6.443895e+00 -2.621411e+00 -2.652465e+00 -9.521723e-03 4.177151e-01 2.672535e-01 9.593890e-01 8.679023e-01 1.353649e+00 1.529443e+00 -8.901358e-04 -8.102080e-01 6.718527e-01 2.824320e-01 -3.337428e-01 4.697849e-01 -6.098449e-03 
-4.270019e+00 5.301068e-01 -2.130531e+00 1.572422e+00 8.185220e+00 4.051627e+00 -1.560157e+00 -4.459373e+00 2.213000e+00 4.835650e+00 4.542859e+00 3.525881e+00 -2.768695e-02 2.282087e-01 4.578088e-01 1.099888e+00 1.213718e+00 9.922668e-01 4.384334e-01 2.066287e-01 1.767971e-01 1.428658e+00 7.914107e-01 -1.448541e-02 1.295026e+00 -6.432021e-03 
-4.104732e+00 1.271954e+00 -1.780907e-01 1.198631e+00 5.607887e+00 6.483346e+00 3.252772e+00 4.315226e+00 1.058104e+01 9.492693e-01 2.479815e+00 2.643965e+00 -3.337967e-02 5.698730e-01 -1.408935e+00 4.772430e-02 1.769941e+00 6.210978e-01 -9.323438e-01 -6.427150e-01 1.557168e+00 2.117464e+00 2.559434e+00 6.913705e-01 3.457578e-01 9.370315e-03 
-5.608748e+00 1.724728e+00 -1.322362e+00 2.879480e+00 7.270952e+00 -2.269679e-01 -3.213761e-01 -1.599891e+00 5.101984e+00 4.000330e+00 1.858110e+00 4.964999e+00 -2.437651e-02 4.759857e-01 -2.288941e+00 -1.303092e+00 1.696337e+00 2.449272e-01 -2.391390e+00 -1.652692e+00 1.198509e+00 1.263096e+00 7.959841e-01 -7.619497e-01 -8.548807e-01 2.077202e-02 
-3.233689e+00 -7.617806e+00 -6.301554e+00 5.964603e+00 7.773461e+00 -5.076176e+00 -5.887618e+00 1.381142e+00 9.120699e+00 6.770936e+00 2.177816e+00 -1.643235e+00 3.567463e-02 -1.095203e+00 -1.478801e+00 -5.575957e-01 2.444407e-01 5.357479e-01 -1.842239e+00 -1.732381e+00 -1.490310e+00 -2.033238e+00 1.108150e+00 -6.097506e-01 8.526869e-02 6.393833e-02 
-2.325611e+00 -6.469718e+00 -5.584258e+00 7.671124e+00 8.327068e+00 -2.125561e+00 -5.253421e+00 3.000212e+00 9.258650e+00 5.904737e+00 8.841100e-01 1.395078e+00 4.164600e-02 -2.093180e+00 -2.976089e-01 5.774492e-01 -8.705988e-01 2.758075e-01 -2.969561e-02 -2.617177e-01 -1.217498e+00 -2.182776e+00 3.423004e-01 -7.992535e-01 4.829888e-01 8.216371e-02 
-1.122232e+01 -2.024830e+00 -8.351214e-01 2.501345e-02 7.758568e+00 -1.778553e+00 -2.943109e+00 -5.436377e+00 -1.663488e+00 5.537818e+00 -8.193839e-02 4.855269e+00 2.533007e-01 -1.419584e+00 2.168786e+00 9.340517e-01 -1.197531e+00 -5.744243e-01 3.530369e-01 1.065409e+00 -1.502559e+00 -3.548459e+00 -1.456984e+00 -2.299321e-02 1.057544e-01 1.273143e-02 
-1.208033e+01 -2.559805e+00 -1.168332e+00 1.496282e+00 8.657436e+00 -2.024258e+00 -3.102219e+00 -4.278622e+00 -4.198040e-01 6.328391e+00 -1.008280e+00 4.130691e+00 2.776290e-01 1.777077e+00 3.166424e+00 5.462278e-01 -1.488268e+00 -1.254637e+00 9.143117e-01 1.149150e+00 1.290689e-01 -1.643336e+00 -1.974279e+00 2.781284e-01 -1.533969e+00 -3.814957e-02 
-5.454246e+00 1.271166e+00 -3.839258e+00 3.064372e+00 4.736156e+00 -3.361643e+00 -1.636173e+00 -2.492236e+00 -3.782368e+00 -7.258129e-01 3.009045e+00 -2.482270e+00 -1.865971e-02 3.942061e+00 1.971545e+00 -1.378602e-01 4.810397e-01 -1.616949e+00 4.955115e-01 1.065392e+00 2.539956e+00 8.262995e-01 -2.018924e+00 1.068227e+00 -1.619278e+00 -8.120017e-02 
3.675737e+00 7.714406e+00 -1.351051e+00 -1.289894e+00 3.565087e+00 3.237543e+00 -1.611375e-01 2.173486e+00 2.101408e+00 -8.348404e-01 7.292606e-01 -2.605998e+00 -1.312160e-02 2.737008e+00 4.532371e-01 -6.640555e-01 -6.943536e-02 -1.261179e+00 6.572276e-01 4.065977e-01 1.617953e+00 2.285213e-01 -2.479342e+00 -3.405587e-01 -8.489329e-01 -5.253992e-02 
6.099539e-01 2.695792e+00 -1.433063e+00 3.823300e+00 2.219997e+00 -1.931895e+00 9.133133e-01 4.037348e+00 1.207403e+00 -9.751863e-01 4.390426e+00 1.272210e-01 -7.324815e-03 1.172125e-01 -7.093711e-01 -8.900061e-01 -8.179464e-01 1.317690e-01 4.034093e-01 9.935837e-01 8.306563e-01 1.936857e-01 2.146961e-01 -2.211169e-01 8.065147e-01 1.687223e-03 
-1.427395e+00 -1.005932e+00 -5.691708e+00 7.696407e-01 3.609623e+00 5.470065e-01 -2.343973e+00 5.463502e-01 -1.772083e+00 -5.943630e+00 -3.401764e+00 -1.418718e+00 9.261906e-03 -1.740053e+00 -8.937887e-01 -2.126535e-01 1.741338e-01 7.606583e-01 -5.305345e-01 -2.212434e-02 -4.930705e-01 5.711365e-03 1.701001e+00 5.871035e-01 1.169261e+00 -5.484533e-03 
-2.316617e+00 2.084479e+00 -6.118960e+00 -2.055128e+00 5.372733e+00 6.715357e-04 4.423163e+00 2.474614e+00 -8.771937e-01 2.902062e+00 3.968973e+00 9.566647e-01 -2.141535e-02 3.137164e-01 -5.730944e-02 -1.151730e+00 -9.631110e-01 -3.211818e-01 9.452384e-01 1.349901e+00 -9.739277e-01 1.364621e+00 5.667899e-01 8.099385e-02 9.064336e-01 3.618627e-02 
-3.561244e+00 3.551118e+00 -7.136953e-02 2.519989e+00 5.792011e+00 -3.814124e-01 -2.026684e+00 4.895003e-01 3.172264e+00 5.731543e+00 3.875505e+00 2.825586e+00 -3.349900e-02 1.320754e+00 -3.080784e-02 -1.324165e+00 -4.966764e-01 -1.724794e+00 5.970095e-01 2.751959e+00 -1.031000e+00 1.715893e+00 -1.095040e+00 -6.779486e-01 7.083414e-01 1.561627e-01 
3.245461e+00 1.307200e-01 -1.000188e+01 -1.867429e+00 -4.771061e-01 3.258506e+00 7.504172e+00 -8.038658e-01 5.558332e+00 -3.978823e+00 1.156761e+00 2.537237e+00 1.949870e-01 9.394776e-01 -9.973666e-01 -9.916302e-01 2.372158e-01 -2.607191e+00 -3.822064e-01 3.207080e+00 -1.343882e+00 2.310426e-01 -2.466583e+00 -3.050927e+00 1.742139e-01 2.034927e-01 
2.395335e+00 -1.830918e-01 -1.037107e+01 -1.807591e+00 -2.089427e+00 1.903137e+00 9.875318e+00 -2.969410e+00 3.589619e+00 -7.978385e+00 -5.385401e+00 1.332703e+00 6.818740e-01 2.647726e-01 -1.797392e+00 4.096463e-01 5.383030e-01 -1.972919e+00 -1.106185e+00 1.481096e+00 -9.886811e-01 -1.297685e+00 -4.074485e-01 -1.560757e+00 -5.787320e-01 1.459132e-01 
-5.975189e-01 -1.035249e+00 -5.927260e+00 1.294742e+00 -3.722502e+00 -3.052635e+00 1.450756e+01 -2.515343e+00 6.934130e-02 -2.575888e+00 -6.655211e+00 2.574176e+00 6.383618e-01 -9.504304e-01 -2.361325e+00 3.451598e+00 2.063650e+00 1.971698e-01 -1.591813e+00 -1.889751e+00 5.527022e-01 -9.303581e-01 2.104326e+00 -1.733077e-01 -6.800651e-04 3.558158e-02 
-3.158913e-01 -4.852857e+00 -6.044948e-02 3.630419e+00 -2.449884e+00 -2.756765e+00 1.877100e+00 -3.598167e+00 -5.716672e-01 2.992832e+00 -2.229500e-02 -8.654368e-02 4.743794e-01 -1.536628e-01 -2.988119e+00 3.072075e+00 1.633445e+00 9.397300e-01 6.603229e-02 -1.851034e+00 2.464663e+00 8.611827e-01 1.688813e+00 1.663129e+00 6.312528e-01 -5.800821e-02 
-1.510782e-01 -9.341022e+00 2.100799e+00 5.731814e+00 6.889715e-01 -2.370610e+00 2.054527e+00 2.274024e+00 2.987185e+00 1.057199e+00 -2.391331e+00 3.243460e+00 4.766422e-01 1.066235e+00 -2.206884e+00 1.583845e+00 1.151019e+00 1.033072e+00 5.595356e-01 -2.123666e+00 2.018122e+00 1.521886e+00 -2.611899e-01 3.851723e-01 -3.292192e-01 -4.454457e-02 
1.403801e+00 -1.097080e+01 9.752760e-01 4.141100e+00 4.034872e-01 1.892286e+00 6.846667e+00 6.959220e+00 6.436611e+00 -1.350864e+00 7.983022e-01 4.154324e+00 4.726928e-01 3.145323e+00 4.322119e-02 -6.054351e-01 4.191350e-01 7.664603e-01 -4.962565e-01 -2.105753e+00 -7.787815e-01 -9.432489e-02 -9.180756e-01 -1.609992e+00 -9.532210e-01 -1.425333e-02 
3.873808e+00 -9.010699e+00 1.474101e+00 6.794498e+00 1.617241e-02 -2.579483e+00 1.404451e+00 2.296575e+00 4.174634e+00 -1.709989e+00 -5.139648e+00 -1.192354e+00 4.164823e-01 5.258923e+00 1.369291e+00 -3.013103e+00 -4.693349e-01 1.088396e+00 -2.219276e+00 -6.300000e+00 -1.652919e+00 -8.401391e-01 -1.240133e+00 -2.478945e-01 -1.912063e+00 5.069794e-02 
1.339828e+01 -4.801912e+00 -2.774276e+00 5.194752e+00 1.718817e+00 -5.133612e+00 -8.326627e+00 -7.503350e+00 -1.637016e+00 -2.139511e-01 -6.698099e+00 -2.634742e+00 4.331927e-01 4.892908e+00 1.020531e+00 -3.212062e+00 -8.214499e-01 7.559953e-01 -3.895502e+00 -7.850405e+00 -7.336402e-01 -2.002519e-01 -1.858914e+00 4.851581e-01 -1.394624e+00 1.118010e-01 
2.014630e+01 -5.579011e+00 -1.108994e+01 2.858314e+00 5.473285e+00 -9.954041e+00 -2.185882e+01 1.240714e+00 2.823303e+00 -5.711919e+00 1.173967e-01 -2.922320e+00 7.498819e-01 2.660386e+00 -3.304216e-01 -2.108620e+00 -9.706003e-01 -1.567415e-01 -3.681552e+00 -4.927482e+00 1.857007e+00 8.106439e-01 -2.512112e+00 2.419220e+00 6.561312e-01 1.467884e-01 
1.773210e+01 -7.583987e+00 -8.803012e+00 2.001943e+00 1.454908e+00 -1.389794e+01 -2.077372e+01 3.818950e+00 6.111017e+00 -8.644467e+00 5.955703e-01 -1.953815e+00 8.649982e-01 -4.805040e-01 -1.241096e+00 4.725718e-01 2.902366e-01 -2.597149e+00 -2.904780e+00 -1.108166e-01 3.518817e+00 3.637567e-01 -2.380752e+00 2.654484e+00 1.478123e+00 1.230741e-01 
1.500883e+01 -9.271770e+00 -6.054632e+00 3.537901e+00 -6.355805e-01 -1.660508e+01 -1.700941e+01 5.920459e+00 4.353837e+00 -1.005529e+01 3.309618e+00 1.747839e+00 9.345218e-01 -2.237339e+00 -8.423851e-01 3.483826e+00 9.566013e-01 -4.949324e+00 -1.282703e+00 3.676000e+00 1.894682e+00 -2.688414e+00 -2.074637e-01 1.624345e+00 1.122087e+00 5.734182e-02 
1.356450e+01 -9.161012e+00 -2.929071e+00 6.306141e+00 -8.212494e+00 -1.633199e+01 -1.130542e+01 7.750861e+00 -5.834999e-01 -9.946025e+00 4.978210e+00 2.420793e+00 9.562430e-01 -2.052942e+00 1.325372e-01 4.062304e+00 7.768115e-01 -5.412927e+00 3.254505e-01 4.256747e+00 2.113163e-01 -4.647073e+00 1.568925e+00 1.586076e+00 -1.036566e-01 3.264505e-02 
1.104340e+01 -9.002425e+00 3.392223e+00 5.489222e+00 -1.443963e+01 -1.515053e+01 -8.212978e+00 8.748167e+00 -7.271506e+00 -6.098459e+00 6.047801e+00 5.008096e-01 9.909686e-01 -1.737221e+00 8.485126e-01 4.424947e+00 -5.015911e-01 -4.938308e+00 1.813425e+00 3.311273e+00 -1.704034e+00 -4.277345e+00 3.103189e+00 2.651215e-01 -9.367229e-01 1.279198e-02 
9.450101e+00 -7.055974e+00 6.785080e+00 4.910340e+00 -1.870770e+01 -1.299796e+01 -3.888204e+00 3.461677e+00 -1.131168e+01 -2.778258e+00 7.156861e+00 -1.848583e+00 1.000000e+00 -1.334412e+00 8.688714e-01 4.144217e+00 -1.484200e+00 -3.528752e+00 3.330474e+00 8.747975e-01 -2.788925e+00 -3.006042e+00 3.705284e+00 -1.068901e+00 -6.225241e-01 -2.761263e-03 
8.379917e+00 -6.081725e+00 1.121303e+01 1.727846e+00 -2.007952e+01 -9.204969e+00 -4.161652e+00 -4.551177e-01 -1.166879e+01 1.876773e+00 3.545900e+00 -8.010873e-01 9.766032e-01 -1.113631e+00 1.124235e+00 3.240132e+00 -1.921103e+00 -1.685749e+00 3.611950e+00 -7.296747e-01 -3.094967e+00 -8.001353e-01 2.358904e+00 -1.307961e+00 -4.597581e-01 -1.544259e-02 
8.224174e+00 -6.277004e+00 1.388161e+01 7.658279e-01 -2.303631e+01 -2.652404e+00 -8.957091e+00 -1.592123e+00 -1.341506e+01 4.592781e+00 8.846565e-01 -4.087856e-02 9.496194e-01 -1.129870e+00 1.251918e+00 2.840993e+00 -1.825475e+00 -2.829500e-01 3.048228e+00 -1.753956e+00 -2.310882e+00 5.165533e-01 9.829372e-01 -1.318336e+00 -2.682990e-01 -2.256166e-02 
6.088208e+00 -3.770733e+00 1.604462e+01 -2.044035e+00 -2.070407e+01 -2.263560e+00 -9.326908e+00 -4.199770e+00 -1.022049e+01 2.010544e+00 2.644100e+00 -2.701833e+00 9.389459e-01 -6.133507e-01 1.442039e+00 2.045477e+00 -1.303062e+00 8.564461e-01 1.999168e+00 -1.582527e+00 -1.361493e+00 3.700233e-01 5.520198e-02 -9.233471e-01 -2.505704e-01 -3.988586e-02 
4.946607e+00 -1.951880e+00 1.857425e+01 -2.331097e+00 -1.981017e+01 -1.227531e+00 -1.007536e+01 -6.220408e+00 -9.453064e+00 2.069542e+00 1.016080e+00 -2.239706e+00 9.060203e-01 -4.456968e-01 2.318996e+00 1.447630e+00 -8.784231e-01 1.904750e+00 1.092174e+00 -8.385409e-01 -5.729919e-01 7.703371e-02 1.847004e-01 -1.134952e+00 1.521292e-01 -6.074188e-02 
6.951947e+00 -1.034093e+00 1.909409e+01 -3.239002e+00 -1.741036e+01 7.843420e-02 -1.151515e+01 -4.948439e+00 -1.179968e+01 3.414401e+00 -1.136548e+00 -9.545257e-01 7.989734e-01 -1.473932e-01 2.914765e+00 1.184552e+00 6.755906e-02 1.873332e+00 1.192599e+00 -1.817555e-01 5.112664e-01 -1.090918e+00 1.091023e+00 -2.603056e+00 9.587095e-01 -8.354504e-02 
5.563820e+00 3.949658e+00 1.959502e+01 -3.028805e+00 -1.515942e+01 1.637469e+00 -1.205567e+01 -4.082747e+00 -1.224030e+01 4.814354e+00 -2.899779e+00 -1.538862e-01 7.158962e-01 -2.316590e-01 3.161875e+00 9.494566e-01 2.727470e-01 2.994241e+00 1.061872e+00 8.941855e-01 2.613874e-01 -9.962638e-01 6.628699e-01 -1.845732e+00 1.576988e-01 -9.828769e-02 
5.042635e+00 7.852323e+00 2.145699e+01 -1.357386e+00 -1.366279e+01 2.266934e+00 -9.245527e+00 -2.712269e+00 -1.428146e+01 6.093256e+00 -8.413250e+00 1.048804e+00 6.162828e-01 -1.064227e+00 2.431979e+00 1.586702e+00 5.812621e-01 2.909977e+00 6.502778e-01 2.938890e+00 -1.485696e+00 3.894819e-01 1.846344e-01 -7.911186e-02 -7.664273e-01 -8.647237e-02 
4.742968e+00 9.414290e+00 2.214009e+01 -1.908170e+00 -6.712747e+00 2.987579e+00 -6.739242e+00 -6.031556e+00 -1.319349e+01 4.044465e+00 -4.574227e+00 -2.452877e+00 5.059272e-01 -1.906767e+00 7.049520e-01 1.049639e+00 -2.170271e-01 2.666707e+00 1.678359e+00 4.211509e+00 -2.048574e+00 1.719728e+00 -5.563169e-01 -2.775230e-01 -1.804211e+00 -5.509452e-02 
2.041240e+00 8.393485e+00 2.575507e+01 -8.930085e-01 -7.083807e+00 2.654768e+00 5.210804e-01 -1.140252e+01 -9.375673e+00 4.722518e+00 -6.948830e-01 -3.637167e+00 4.715961e-01 -1.466166e+00 -3.381610e+00 -3.898730e+00 -7.958328e-01 1.967154e+00 8.422511e-01 3.188964e+00 -3.748215e-01 3.279935e+00 -9.513441e-01 -1.060272e+00 -3.577476e-01 -9.369773e-03 
-2.469319e+00 7.203837e+00 2.269418e+01 -4.346128e+00 -5.115375e+00 9.835345e+00 4.118568e+00 -9.980497e+00 -6.094556e+00 2.718138e+00 -8.146578e+00 -6.831955e+00 5.127670e-01 -9.150839e-02 -4.807802e+00 -6.954618e+00 -3.355615e-01 3.914459e-01 -5.800529e-01 1.313861e+00 1.918547e+00 2.495605e+00 -1.610021e+00 -2.189637e+00 9.708533e-01 -9.558630e-03 
1.317949e+00 -7.950502e+00 1.686296e+00 -4.117570e+00 -4.625705e+00 3.054307e+00 1.270388e+00 -2.611906e+00 -1.431255e+00 1.999698e+00 -1.192844e+01 1.449606e+00 5.660141e-01 2.921106e-01 -3.215249e+00 -6.608650e+00 9.670808e-02 2.350141e-01 -1.750799e+00 6.351390e-01 2.302662e+00 -9.896055e-01 -2.013718e+00 -1.464614e+00 -1.674839e-01 -7.081190e-02 
4.647071e+00 -6.452727e+00 -5.986155e-01 -1.973696e+00 -5.984568e+00 -1.124539e-01 -5.445903e-01 -8.341278e-01 -4.687676e+00 -2.644233e+00 -9.905635e+00 -1.419966e-01 4.109251e-01 4.458404e-01 -1.023058e+00 -3.226453e+00 9.393607e-01 -8.426686e-02 -1.260347e+00 2.716934e+00 2.025725e+00 -1.757991e+00 -6.274680e-01 1.786328e+00 -1.176983e+00 -1.117712e-01 
-5.640221e-02 -8.544779e-01 4.358217e+00 -1.595684e+00 -5.474140e+00 -1.125326e+00 6.028355e+00 -4.462387e+00 -1.502714e+01 -2.664889e+00 -7.138425e+00 -7.819566e+00 1.684576e-01 -6.927878e-01 1.906318e+00 7.489399e-01 8.536643e-01 -5.948893e-01 9.117554e-01 3.354223e+00 6.569447e-01 -1.356909e+00 1.918341e-01 3.486981e+00 -1.911421e+00 -1.167212e-01 
4.470587e-01 -1.459466e+00 5.225951e+00 -9.102681e-01 -5.112492e+00 5.623425e+00 1.532426e+01 1.073366e+00 -8.086569e+00 1.913092e+00 -1.609941e+00 -8.082283e+00 1.526892e-01 -8.769790e-01 1.156466e+00 -1.683154e-01 8.159827e-01 4.931256e-01 2.055836e+00 2.997877e+00 5.531336e-01 1.909193e-01 6.980965e-02 2.544523e+00 -1.346750e+00 -7.551146e-02 
-4.598331e-02 -9.155442e-01 2.518712e+00 -3.809628e-01 -8.036190e+00 4.745144e+00 1.010708e+01 -2.809293e-01 -6.516351e+00 6.802065e-01 1.358625e+00 -4.137356e+00 1.115260e-01 1.036848e-01 4.036328e-01 -2.197946e+00 8.757279e-02 2.711701e-01 4.381285e-01 2.565125e-01 1.371721e+00 2.767197e+00 -5.533490e-01 1.514512e+00 6.548991e-01 -3.865999e-02 
2.569666e-01 -6.398633e-01 -5.204401e-01 1.498856e+00 -2.237915e+00 7.231494e+00 1.240543e+01 -1.591887e-01 -7.988475e+00 -3.967732e+00 -1.431544e+00 -8.716852e+00 6.183356e-02 4.463930e-02 1.267071e+00 -2.584056e+00 -1.954403e-02 1.149632e+00 -3.688806e-01 -1.417742e+00 6.841074e-01 2.774482e+00 -7.791309e-01 -2.462704e-01 1.090283e+00 -3.235294e-02 
5.570679e-01 7.538849e-01 -3.758315e+00 -2.362382e+00 -5.555578e+00 2.612823e-01 8.770329e+00 3.012493e+00 -1.240200e+00 -2.491222e+00 3.449355e-01 -4.227786e+00 2.058542e-02 -4.899368e-02 1.499645e+00 -1.524243e+00 -9.300821e-01 2.258290e+00 2.737455e-01 -1.149331e+00 7.046210e-01 3.079737e+00 -3.539034e-01 -1.370838e+00 5.709990e-01 -2.394828e-02 
3.687296e-01 4.041176e+00 -4.555814e+00 -1.727843e-02 -6.046357e-01 6.020954e+00 8.903921e+00 2.847192e+00 3.147768e+00 -3.968484e-01 -2.334448e+00 -2.585653e+00 3.639477e-02 -5.011086e-01 1.381249e+00 -4.412165e-01 -8.964872e-01 1.714493e+00 -4.945261e-01 -3.030263e+00 -2.514123e-01 2.327647e+00 4.673263e-01 -8.324674e-01 1.028265e+00 -1.202024e-02 
-3.468332e-01 4.242161e+00 -3.084814e+00 -4.273306e+00 2.438619e+00 6.719142e+00 6.111179e+00 1.738985e+00 3.314212e+00 -2.874753e+00 -5.044112e+00 -4.347960e+00 4.504025e-03 -1.150950e+00 7.926744e-02 3.313737e-01 -1.983275e-01 1.917481e+00 3.786147e-01 -1.295317e+00 -7.183968e-01 7.494244e-01 1.818972e+00 1.018209e+00 8.733929e-01 -1.084191e-02 
-1.796626e+00 4.522243e+00 -3.063273e+00 -2.028118e+00 2.337451e+00 1.529933e+00 -1.416307e+00 -7.794966e-01 1.372552e+00 -1.439336e+00 -2.899357e+00 -3.515440e+00 9.773076e-03 -1.022609e+00 -7.613003e-01 4.925858e-01 -9.636016e-02 8.794101e-01 -9.501482e-01 -1.239737e+00 1.957842e-01 8.610323e-01 5.096171e-01 1.999905e+00 1.276439e+00 -1.761870e-02 
-4.115006e+00 9.096886e-01 -2.847717e+00 -2.348600e+00 2.560784e+00 4.399866e+00 7.453860e+00 1.233853e+00 3.394530e+00 7.124881e+00 5.718437e+00 6.040733e-01 -2.031326e-02 -4.947233e-01 -4.208688e-01 -5.350612e-01 5.405262e-01 4.974062e-01 -6.819948e-01 4.646539e-01 1.489035e+00 9.397385e-01 8.822026e-01 2.241302e+00 1.949814e+00 -7.112032e-03 
-2.860227e+00 1.900911e+00 -2.211433e+00 -1.461432e+00 3.731332e+00 2.429851e+00 2.033897e+00 4.078680e+00 7.412771e+00 -2.848579e+00 2.283802e+00 1.320527e+00 -3.929007e-02 3.460331e-02 -2.528191e-02 -6.828656e-01 -2.767583e-01 7.063469e-01 -3.892593e-01 4.858711e-01 3.096543e-01 -4.938819e-01 -6.396643e-01 -1.028023e+00 -6.636083e-02 -1.962554e-03 
-2.288650e+00 3.448483e+00 -6.186040e+00 -1.854018e+00 4.228709e+00 2.859209e+00 6.709346e+00 6.755074e+00 4.992795e+00 2.240883e+00 3.570821e+00 2.983128e+00 -6.524563e-03 5.920418e-01 5.505344e-01 -6.347891e-01 -3.680254e-01 -2.619950e-02 -2.579466e-01 -7.054793e-01 -5.038524e-01 -1.470830e+00 -2.321680e+00 -2.484739e+00 -9.057826e-01 1.310825e-04 
-2.536788e+00 3.126436e+00 -4.808439e+00 -3.659200e+00 5.035223e+00 3.539650e-01 1.385305e+00 -1.991835e+00 -1.895990e+00 -2.195658e+00 -6.965664e+00 -5.036772e+00 -6.934047e-03 1.475469e-01 -1.824966e-01 -5.935419e-01 -4.258551e-01 2.641761e-02 8.713199e-01 1.948641e-01 -1.621473e+00 -1.081296e+00 6.738343e-02 -9.358727e-01 -4.143555e-01 -4.542100e-03 
-1.316517e+00 3.049597e+00 -4.723159e+00 -3.089843e+00 1.777841e+00 4.148076e+00 4.250759e+00 1.749849e+00 6.947601e-01 -4.809981e+00 -2.080525e+00 -7.461906e-01 -3.583586e-02 1.761975e-01 4.066569e-02 5.406202e-01 3.581905e-01 2.418335e-01 -5.842643e-02 -7.057999e-01 -1.058816e+00 4.439934e-01 -4.191628e-01 3.629754e-01 6.114606e-01 -1.109685e-02 
-2.608559e+00 1.187871e+00 -5.910583e+00 -2.972795e+00 5.088854e+00 6.142017e+00 4.237511e+00 -1.526070e+00 4.155308e+00 1.013770e+00 4.301113e-01 1.113408e+00 -4.734492e-02 1.049679e-01 3.677129e-01 3.057237e-01 4.169761e-01 1.004663e+00 -2.101444e-01 -1.547614e-01 1.253925e+00 9.427490e-01 3.369101e-01 8.799748e-01 1.919381e+00 -6.110072e-04 
-1.371777e+00 4.621095e+00 -2.931867e+00 -4.062680e-01 5.411060e+00 -3.269495e-01 1.754244e+00 1.228112e+00 4.187113e+00 -1.459645e+00 1.687811e+00 2.965340e+00 -4.180336e-02 -6.667300e-02 5.235339e-01 5.594127e-01 3.147119e-01 1.180208e+00 -7.417889e-01 -9.300108e-01 9.584818e-02 -7.825682e-01 2.403485e-01 -1.010971e+00 1.284964e-02 6.497061e-03 
-1.984319e+00 4.179252e+00 -4.175467e+00 -2.916107e+00 8.241927e+00 1.540756e+00 1.859756e+00 4.538656e+00 1.071579e+00 -2.186275e+00 -4.449958e+00 2.704368e+00 -7.005334e-03 -6.012821e-02 4.753828e-01 9.128410e-01 5.144212e-01 4.419715e-01 9.771361e-02 -8.097004e-01 -7.450849e-01 -1.329805e+00 -4.394189e-01 -1.575443e+00 -1.292483e+00 6.948221e-03 
-1.962002e+00 4.171576e+00 -2.793654e+00 -1.544628e+00 6.102347e+00 2.739762e+00 7.895831e-01 -8.032731e-01 -1.676216e+00 -2.008216e+00 -4.695344e+00 -1.477422e+00 -2.352035e-02 -2.978005e-01 -5.288362e-01 1.915549e-01 2.570452e-01 1.606415e-01 1.004090e+00 1.995738e-01 -9.810494e-01 4.590157e-01 -2.692921e-01 -7.165946e-01 -1.486828e+00 1.258683e-03 
-2.614087e+00 3.789544e+00 -1.415485e+00 1.684904e-01 6.953069e+00 5.097230e+00 6.713394e-01 -4.235802e+00 4.379461e-01 -9.090391e-01 -4.255525e+00 -3.127626e+00 -2.174532e-02 -8.363934e-02 -4.697196e-01 -4.066891e-01 -4.403388e-01 -1.611098e+00 -2.553844e-01 6.211176e-01 3.909125e-01 1.269954e+00 1.125834e-02 9.888290e-01 -1.699265e+00 -3.703594e-03 
-2.545895e+00 2.171767e+00 -3.354083e+00 -6.633408e-01 6.858697e+00 2.915264e+00 3.346321e+00 7.100942e-01 6.799008e+00 -3.444724e+00 -1.992379e+00 -1.552803e+00 -2.813995e-02 4.738722e-02 -4.925026e-01 -7.985740e-01 -1.140992e+00 -2.586734e+00 -8.835942e-01 7.979444e-01 1.885082e+00 7.640218e-01 7.391239e-01 1.583833e+00 -5.205275e-01 2.902436e-03 
-2.110569e+00 2.830558e+00 -5.928698e+00 -5.558445e+00 -1.917353e-01 1.760826e-01 3.686975e+00 5.736535e+00 3.183736e+00 -1.411730e+00 -8.572961e-01 -5.754268e+00 -2.321351e-02 3.786050e-01 -3.267015e-01 -1.020347e+00 -1.065549e+00 -2.928188e+00 -1.442440e+00 3.161893e-01 1.902767e+00 -2.805819e-01 3.826715e-01 8.271132e-01 -6.647500e-02 2.922976e-03 
-1.976825e+00 2.188556e+00 -4.529918e+00 -4.386121e+00 -3.258920e+00 7.823646e-01 3.271488e+00 3.635967e+00 7.709979e-01 1.938748e+00 1.524708e+00 -2.766738e+00 -8.274078e-03 6.076667e-01 -1.670790e-03 1.493907e-01 4.893979e-01 -1.118410e+00 -7.731225e-01 3.006754e-01 -9.371676e-02 -1.377282e+00 -3.547705e-01 -4.984263e-01 -2.952692e-01 2.527034e-03 
-1.005597e+00 2.147642e+00 -5.929303e+00 -3.297866e+00 -2.629065e+00 -1.048521e+00 2.289703e+00 3.815098e+00 2.049042e+00 -1.687418e+00 -1.878503e+00 -2.853033e+00 -1.706338e-02 4.835139e-01 -2.463146e-01 -2.077239e-01 5.320891e-01 1.349955e+00 -1.208347e-01 -3.602342e-01 -1.068846e+00 -2.102388e-01 -5.317508e-01 -1.126465e+00 3.760264e-01 -2.159297e-03 
-6.004715e-02 2.504871e+00 -2.606827e+00 6.533589e-01 2.485314e+00 -3.380472e-01 5.548334e+00 1.202229e+00 4.799441e-01 -5.080732e+00 -3.973907e+00 -4.479766e+00 -1.857984e-02 -1.526210e-01 -3.223858e-01 2.031415e-01 4.303694e-01 1.820118e+00 2.981166e-01 -1.417372e-01 -6.908200e-01 -3.626013e-01 -1.591231e+00 -1.890236e+00 1.903814e-01 -2.769196e-03 
-6.513882e-01 1.440827e+00 -7.928863e+00 -5.417739e+00 3.685921e+00 1.321149e-01 7.473810e-01 1.609176e+00 2.278069e+00 -5.607431e-01 -3.740312e+00 -3.017622e+00 -2.885711e-02 -5.769709e-01 -5.835264e-02 7.484399e-01 3.459519e-01 1.737438e+00 6.657163e-01 -8.236103e-02 -1.209540e+00 -6.568767e-01 -1.064095e+00 -8.827593e-01 3.050118e-01 7.014155e-04 
-2.917034e+00 9.300344e-01 -2.514430e+00 -1.174337e+00 2.684176e+00 1.682630e+00 3.333963e+00 1.284828e+00 -1.156522e+00 -6.580745e+00 -6.995567e+00 -1.732537e+00 -1.622319e-02 -5.572182e-01 4.520815e-01 1.050668e+00 -2.266568e-01 8.857040e-02 5.168811e-01 -7.527850e-01 -7.400774e-01 -5.571983e-01 -5.193695e-01 7.424136e-02 6.101733e-01 9.380340e-04 
-2.461958e+00 2.643298e+00 -2.233302e+00 -6.542584e-01 5.958696e+00 1.269722e+00 2.985083e+00 -2.273904e+00 -4.171088e-01 -6.257886e+00 -4.781469e+00 -2.701589e+00 -1.473463e-02 -1.602749e-01 8.680442e-01 1.776835e+00 3.424819e-01 -4.680682e-01 3.085805e-01 -2.832052e-01 -6.173037e-01 -6.274991e-01 -6.784796e-01 5.229825e-01 3.007032e-01 1.108468e-03 
-1.940853e+00 4.164044e+00 -2.012689e-01 -2.861665e+00 1.791779e+00 1.677555e+00 6.655576e-01 -5.566187e-01 -9.584584e-01 -4.829009e+00 -3.082122e+00 -1.586916e+00 -2.095091e-02 2.473467e-01 7.988765e-01 6.658356e-01 -5.582063e-01 -5.951712e-01 3.976820e-02 -7.656336e-01 -1.965609e-01 -1.452219e-02 4.932350e-01 9.526237e-01 1.405913e-01 -1.567173e-03 
