-7.103533e+00 -5.718982e+00 3.526268e+00 8.085136e+00 -3.844590e+00 -2.602993e+00 5.452844e+00 -8.682695e-01 2.447242e+00 2.635404e+00 -1.652674e+00 2.988882e+00 1.032693e-01 -9.417650e-01 -1.279841e+00 1.106458e+00 -1.014099e+00 1.936804e+00 1.691140e+00 6.327800e-01 -1.736405e+00 -5.653412e-01 9.596928e-01 1.392879e+00 1.913213e-01 5.292691e-02 
-9.540010e+00 -8.521576e+00 6.382915e+00 6.178416e+00 2.434713e+00 5.269324e+00 9.626408e+00 -1.894243e+00 7.369271e+00 8.450060e+00 2.494293e+00 5.751094e+00 1.972159e-01 -1.623785e+00 -1.147878e+00 9.239408e-01 -1.621725e+00 1.573697e+00 9.243916e-01 1.779360e-01 -1.136564e+00 -1.417364e+00 4.612540e-01 2.019248e+00 1.065851e+00 6.939602e-02 
-1.059412e+01 -1.071689e+01 7.630233e+00 3.968001e+00 2.699776e+00 1.916551e+00 6.529962e+00 -9.037307e+00 -2.840477e+00 4.526541e+00 3.238239e+00 2.564383e+00 3.209305e-01 -1.741466e+00 4.649372e-02 1.414762e-01 -7.553080e-01 1.249874e+00 1.372533e-02 -7.058581e-01 7.165070e-01 -9.025831e-01 -1.032326e+00 8.325571e-01 -1.839435e-01 6.192166e-02 
-1.347717e+01 -8.959421e+00 6.093988e+00 2.035077e+00 7.517121e-01 -2.408070e-01 5.803965e+00 -2.466573e+00 -1.995718e+00 3.996106e+00 5.998109e+00 8.530390e+00 3.414187e-01 -1.413809e+00 1.414641e+00 -8.897255e-01 7.892467e-01 -1.223203e-01 -5.148162e-01 -6.010473e-01 1.901767e+00 -1.181217e-01 -1.429377e+00 -1.250985e+00 -1.028753e+00 2.740186e-02 
-1.384229e+01 -5.267591e+00 4.378112e+00 6.380266e+00 3.246281e+00 2.206988e-01 3.834775e+00 3.000430e+00 2.616822e+00 -2.992516e-01 7.582036e-01 6.795170e-01 3.407761e-01 -1.102911e+00 2.183709e+00 -1.366879e+00 1.751070e+00 -5.398082e-01 1.902327e-01 1.478989e-01 1.188398e+00 1.722803e+00 -7.971941e-01 -1.951175e+00 -8.415814e-02 7.793486e-04 
-1.498497e+01 -4.173019e+00 3.560349e+00 8.918517e+00 1.549859e+00 3.543168e+00 7.968764e+00 1.595726e+00 4.050013e+00 3.716072e+00 -2.520615e+00 1.549762e+00 3.243024e-01 -3.871937e-01 1.686561e+00 -9.242527e-01 2.043040e+00 -7.789203e-01 4.896719e-01 -4.238303e-01 -1.235682e+00 1.516825e+00 6.071392e-01 -1.176784e+00 -4.839946e-01 -1.277555e-02 
-1.535477e+01 -2.191545e+00 2.062658e+00 9.281631e+00 -3.983381e-01 9.757265e-01 6.187057e+00 -5.126468e+00 2.750674e+00 6.805868e-01 -2.258274e+00 5.633906e+00 3.333855e-01 -7.321430e-01 3.767366e-01 -5.814420e-01 5.040228e-01 -3.339033e-01 6.250384e-01 -1.859653e-01 -2.164692e+00 6.851691e-01 2.229344e+00 5.828142e-01 1.004536e-02 -1.492326e-02 
-1.465689e+01 -2.064640e+00 2.630452e+00 1.079959e+01 -1.320580e+00 1.830039e+00 2.508672e+00 -4.581536e+00 5.521481e+00 6.541883e+00 1.622429e+00 3.633222e+00 2.812364e-01 -6.384073e-01 -3.426000e-01 -3.441881e-01 -7.684936e-02 -6.679588e-01 -8.381483e-01 -1.977434e+00 -2.249656e+00 4.534786e-01 1.185424e+00 8.835885e-01 1.037045e-01 -1.881236e-03 
-1.766704e+01 -4.438097e+00 1.935851e+00 7.959841e+00 3.011984e+00 4.202456e+00 5.634995e+00 -4.734398e+00 5.306933e+00 9.434564e+00 1.600752e+00 -3.119862e-01 2.876928e-01 -3.150930e-01 -5.321922e-01 -2.563595e-01 -7.767330e-01 -7.882210e-01 -1.366787e+00 -1.520220e+00 -1.312420e-01 -6.233529e-01 9.468810e-01 4.442667e-01 -1.943593e-01 1.854392e-02 
-1.702087e+01 -4.762743e+00 1.902812e+00 9.195166e+00 -3.495096e+00 -2.260938e+00 -1.642377e+00 -9.848592e+00 5.039276e+00 5.266206e+00 -3.218544e-02 5.041231e+00 3.377425e-01 5.892296e-01 -7.160355e-01 3.590227e-01 -1.455545e+00 5.116172e-02 -1.650173e+00 -2.255986e-01 -1.230127e-01 -1.166149e+00 -7.477700e-01 5.894443e-01 2.001904e-01 6.937109e-02 
-1.574825e+01 -3.503455e+00 1.144681e+00 6.200182e+00 -3.252185e+00 -3.812722e+00 6.614828e-01 -3.149151e+00 -1.249886e-01 6.052831e+00 7.903669e-01 3.958105e+00 3.978520e-01 1.511115e+00 -6.549465e-01 1.211350e+00 -9.520132e-01 -3.979715e-01 -7.705234e-01 5.772988e-01 5.754305e-01 -7.041203e-01 -1.506198e-01 9.169656e-01 1.008975e-01 8.843353e-02 
-1.267014e+01 -6.112138e+00 4.821150e+00 4.401700e+00 2.067314e+00 -2.413237e+00 3.867435e+00 -5.989223e+00 2.406698e+00 4.493900e+00 4.974843e+00 2.499128e+00 5.730122e-01 2.291119e+00 5.054759e-01 1.942157e+00 9.423065e-03 2.098274e+00 7.130227e-01 2.046487e+00 1.154973e+00 9.201444e-01 1.477581e+00 1.426421e+00 -1.303802e+00 6.391849e-02 
-1.228683e+01 -7.038132e+00 6.533431e+00 5.596508e+00 -1.759078e+00 4.259884e-01 5.766582e+00 -3.786930e+00 3.102620e+00 9.067617e+00 3.682066e+00 1.463553e+00 6.122257e-01 4.981075e+00 1.796281e+00 1.900460e-01 -2.600529e+00 5.280218e-02 5.875269e-01 7.826322e-01 -1.580410e+00 -1.122224e+00 -1.383388e+00 8.199134e-01 -5.276507e-01 6.007623e-02 
-7.295985e+00 -4.680243e-01 8.919224e+00 9.544118e+00 6.249719e+00 -8.151797e-01 6.037507e+00 -3.754838e+00 8.026194e+00 1.114672e+01 5.654071e+00 -2.305038e-01 5.501481e-01 6.691451e+00 8.021756e-01 -1.769018e+00 -5.181948e+00 -2.565422e+00 -5.598757e-01 -2.071894e+00 -6.268529e-01 -5.337498e+00 -3.479292e+00 1.231703e+00 -9.318520e-02 7.299764e-02 
6.470053e+00 2.655894e+00 4.587412e-02 -9.373672e+00 -5.079377e+00 -1.674116e+00 3.489608e+00 -1.216840e+01 -8.545858e+00 -4.190520e+00 4.550320e+00 2.684668e+00 7.096652e-01 6.879251e+00 -6.770034e-01 -2.183156e+00 -6.165161e+00 -3.053296e+00 -1.031074e+00 -2.867384e+00 1.865129e-01 -6.782883e+00 -3.994866e+00 1.333210e+00 2.547849e-01 9.899326e-02 
1.140867e+01 -6.948273e+00 -7.801600e-01 -1.402295e+01 -9.099646e+00 -4.162563e+00 -5.353548e+00 -4.932755e+00 -1.845655e+01 -6.273490e+00 1.069923e+01 1.422645e+00 8.892807e-01 4.469190e+00 -2.092990e+00 -2.230013e+00 -4.439221e+00 -4.257900e+00 -4.743290e-01 -1.472286e+00 2.678859e-01 -4.887096e+00 -3.150404e+00 7.976574e-01 4.746335e-01 1.056890e-01 
1.275709e+01 -7.183025e+00 4.673400e-01 -1.344576e+01 -9.350874e+00 -3.055690e+00 -2.874810e+00 -2.265407e+00 -1.757042e+01 -2.196607e+00 7.825536e+00 1.910903e+00 9.376257e-01 1.281899e+00 -1.981873e+00 -8.792639e-01 5.003824e-02 -3.033290e+00 1.835518e-01 1.974363e-01 1.892206e-01 -1.578587e-01 -1.253701e+00 3.807682e-01 -8.175947e-01 6.307553e-02 
1.190644e+01 -6.013514e+00 -2.441576e+00 -1.061594e+01 -1.290403e+01 -2.496038e+00 1.858289e+00 -7.366903e+00 -1.189701e+01 -5.602257e+00 8.004750e+00 2.529546e+00 9.646128e-01 2.805662e-01 7.399245e-02 -3.831960e-01 1.029115e+00 -2.582555e+00 1.276443e+00 2.186104e+00 -1.005512e+00 2.123175e+00 -1.081997e+00 -6.520756e-01 -3.379514e-01 2.711898e-02 
1.263066e+01 -7.720852e+00 -3.519737e+00 -1.082699e+01 -1.834363e+01 -1.589619e+00 8.708715e-01 -1.000522e+01 -1.261492e+01 -1.079464e+01 7.801402e+00 -1.956756e+00 9.873768e-01 3.226992e-01 -2.354815e-01 -2.906391e-01 1.433191e-01 -3.414397e+00 1.061453e+00 8.811753e-01 -1.332200e+00 1.106697e+00 -1.849688e+00 -1.335632e+00 -7.785203e-01 1.501092e-02 
1.287472e+01 -6.309397e+00 -7.026014e-01 -1.018676e+01 -1.751604e+01 1.486616e+00 3.704131e+00 -6.090410e+00 -1.031843e+01 -7.384456e+00 7.450921e+00 1.666718e+00 1.000000e+00 4.300764e-01 -1.000660e-01 -1.514664e-01 -1.114120e+00 -3.409070e+00 2.253207e-02 -3.495382e-01 -9.497986e-01 -3.622468e-01 -1.217022e+00 -2.928319e+00 -1.225706e+00 1.845771e-03 
1.388645e+01 -8.212490e+00 -1.855343e+00 -1.294376e+01 -2.411685e+01 2.602484e-01 6.081457e-01 -9.564653e+00 -1.282622e+01 -1.055394e+01 1.424290e+00 -1.550285e+00 9.949867e-01 2.256440e-01 9.126463e-01 -2.630969e-01 -1.451095e+00 -1.997201e+00 -1.097678e+00 -4.056559e-02 -5.722934e-01 -3.156212e-01 -4.183426e-02 -3.170428e+00 -8.405614e-01 -1.200215e-02 
1.342893e+01 -6.268025e+00 -4.031105e+00 -1.512815e+01 -2.706278e+01 -3.308311e+00 2.419605e-01 -1.233618e+01 -1.360259e+01 -1.180772e+01 -3.448289e+00 -3.802221e+00 9.700367e-01 3.944292e-01 1.241355e+00 1.200304e-02 -8.736134e-01 -1.233364e+00 -1.479825e+00 4.436956e-01 3.514185e-01 -2.587650e-01 5.380004e-01 -1.686317e+00 -1.719349e+00 -2.084835e-02 
1.348178e+01 -3.178307e+00 -3.170970e+00 -1.561176e+01 -2.355627e+01 -4.680545e+00 2.399129e+00 -9.743801e+00 -1.255095e+01 -8.792185e+00 -2.601133e+00 -3.425094e+00 9.423477e-01 5.008473e-01 1.657121e+00 1.114475e+00 4.509443e-01 5.022106e-01 -6.780093e-01 2.070891e+00 2.150945e+00 7.791324e-01 2.179233e+00 2.756042e-01 -5.121481e-01 -2.212228e-02 
1.504920e+01 -2.619712e+00 1.522732e-02 -1.322083e+01 -2.396315e+01 -3.442111e+00 5.027118e+00 -4.243744e+00 -1.174989e+01 -5.575334e+00 1.032045e+00 -5.992624e+00 9.220778e-01 2.229206e-01 6.706953e-01 1.463436e+00 3.579412e-01 5.610828e-02 1.792302e-02 1.267717e+00 1.779971e+00 9.704788e-01 1.462679e+00 -3.030930e-02 -1.967472e-01 -1.816259e-02 
1.558055e+01 -1.751040e+00 1.693864e+00 -1.164270e+01 -2.315561e+01 -3.062898e+00 8.570024e+00 -2.856146e+00 -9.856914e+00 -2.773971e+00 5.621442e-01 -3.015824e+00 9.083548e-01 -2.249970e-01 8.413477e-02 1.143981e+00 7.874431e-02 -3.390684e-01 8.150415e-01 4.420647e-01 5.687622e-01 1.724662e+00 8.554735e-02 -6.758517e-01 2.634878e-01 -1.422684e-02 
1.349415e+01 -3.628182e+00 8.536577e-01 -1.532298e+01 -2.698256e+01 -4.027519e+00 3.495099e+00 -6.880149e+00 -1.009721e+01 -7.503431e+00 -5.181474e+00 -4.990592e+00 8.962202e-01 -6.122755e-01 -1.652951e-01 5.749125e-01 -5.961465e-01 3.498381e-01 1.511106e+00 -5.470535e-01 -1.523503e-01 1.503130e+00 -1.080602e+00 -8.010028e-02 8.827934e-02 -1.482101e-02 
1.313432e+01 -2.253398e+00 2.129719e+00 -1.416697e+01 -2.374191e+01 -3.126331e-01 5.375462e+00 -5.581788e+00 -4.753974e+00 -7.400399e+00 -2.873632e+00 -2.608671e+00 8.841423e-01 -7.648787e-01 1.142376e-01 9.041023e-01 -5.362250e-01 1.181579e+00 2.175180e+00 -9.106347e-01 1.092315e+00 8.073802e-01 -6.871461e-01 1.791032e+00 -4.110025e-01 -2.252570e-02 
1.321094e+01 -3.195009e+00 2.671863e+00 -1.493943e+01 -2.192081e+01 2.738284e+00 3.889131e+00 -3.642674e+00 -6.785709e+00 -8.665128e+00 2.349432e+00 -5.754804e+00 8.600790e-01 -2.472176e-01 5.353037e-01 1.758479e+00 -4.453144e-02 1.740965e+00 2.001963e+00 -7.177970e-01 2.943174e+00 2.238921e-01 4.244351e-01 3.562803e+00 6.477019e-01 -2.711980e-02 
1.189776e+01 -1.396439e+00 5.305274e+00 -1.451560e+01 -1.977859e+01 4.430099e+00 3.819834e+00 9.866906e-01 -7.475765e+00 -5.628853e+00 5.751853e+00 -4.688730e+00 8.137969e-01 -8.269481e-02 1.749491e-01 1.466601e+00 -3.767639e-01 7.616167e-01 2.948051e-01 -1.693893e+00 3.004067e+00 -8.926398e-01 -1.629401e-01 2.961335e+00 1.056481e+00 -2.038668e-02 
1.287634e+01 -1.380144e+00 8.058273e+00 -1.537132e+01 -2.025940e+01 3.610931e+00 6.839275e-01 4.551483e+00 -7.616858e+00 -6.267029e+00 8.319798e+00 -7.120531e-01 7.957939e-01 -1.822224e-02 -2.100172e-01 3.008180e-01 -1.101030e-01 1.188572e+00 -6.483743e-01 -1.663871e+00 2.531464e+00 -3.573621e-01 -2.433154e-01 1.880467e+00 2.099356e+00 -3.994012e-03 
1.288815e+01 -2.286086e+00 6.769520e+00 -1.583484e+01 -2.076453e+01 7.250689e-01 -1.491402e+00 5.341467e+00 -8.801599e+00 -9.414149e+00 8.947859e+00 1.523578e-01 8.143514e-01 2.190725e-01 -9.293349e-01 -1.516003e+00 2.874855e-01 2.128564e+00 -5.419837e-01 -1.533344e+00 1.634096e+00 1.153047e-01 -7.679849e-01 1.304092e+00 2.226886e+00 7.798141e-03 
1.262463e+01 -3.800272e+00 3.443829e+00 -1.483032e+01 -1.548499e+01 1.348927e+00 -1.774607e+00 6.837256e+00 -7.909603e+00 -7.989057e+00 1.015376e+01 2.321434e+00 8.398317e-01 2.018537e-01 -9.459214e-01 -3.150732e+00 1.403404e+00 3.738946e+00 5.181930e-02 -1.268712e+00 1.300933e+00 9.990340e-01 -1.660504e-01 7.791697e-01 1.970124e+00 9.873295e-03 
1.311897e+01 -4.833049e+00 3.247833e-02 -1.334867e+01 -1.152298e+01 2.851182e+00 -2.617618e+00 8.014282e+00 -6.752870e+00 -8.607763e+00 1.135533e+01 4.928956e+00 8.307687e-01 5.407430e-01 -9.213552e-01 -3.351628e+00 2.172009e+00 4.710694e+00 4.836442e-01 -2.125101e+00 1.530841e+00 1.544845e+00 2.472931e-01 8.032100e-01 1.569168e+00 -1.451522e-03 
1.377020e+01 -4.836269e+00 -4.326864e+00 -9.597382e+00 -6.185443e+00 2.806971e+00 -5.096525e+00 9.719738e+00 -3.646053e+00 -7.500474e+00 1.101191e+01 6.750269e+00 8.369517e-01 3.543015e-01 -8.154162e-01 -2.536519e+00 1.855419e+00 4.679768e+00 2.596567e-02 -3.688656e+00 1.484604e+00 2.081339e+00 4.097224e-01 2.413043e-01 1.136660e-01 -9.442461e-03 
1.501908e+01 -6.374863e+00 -6.103271e+00 -7.591266e+00 -1.860832e+00 2.414268e+00 -1.045595e+01 1.155443e+01 -3.209149e+00 -8.421975e+00 1.253483e+01 5.783780e+00 8.085338e-01 -1.015061e-01 -5.590360e-01 -1.854815e+00 8.965722e-01 5.004765e+00 -5.857824e-01 -4.295531e+00 1.094450e+00 2.309520e+00 8.202861e-01 -2.697577e-01 -1.310696e+00 -1.109959e-02 
1.344609e+01 -7.106446e+00 -6.170890e+00 -8.431929e+00 3.082781e+00 1.697213e+00 -1.629872e+01 1.249020e+01 7.252326e-01 -6.033339e+00 1.077053e+01 2.462353e+00 8.037368e-01 -2.891337e-01 1.168983e-01 -1.304504e+00 -1.396363e-01 4.070933e+00 -4.448672e-01 -3.981790e+00 2.030712e-01 1.798512e+00 1.761908e+00 -7.039608e-01 -2.481616e+00 -2.052995e-02 
1.277350e+01 -6.493141e+00 -8.319585e+00 -9.448536e+00 8.866734e+00 4.771490e-01 -1.849418e+01 1.210130e+01 2.609086e+00 -5.239901e+00 1.012723e+01 5.194325e-01 7.918782e-01 -4.198819e-01 1.374735e+00 -1.285076e+00 1.269277e-01 3.458725e+00 -6.655530e-01 -1.496047e+00 -1.773863e+00 1.435778e+00 2.785878e+00 -2.384908e+00 -2.284642e+00 -3.409697e-02 
1.344732e+01 -4.192639e+00 -9.741226e+00 -9.366928e+00 8.805439e+00 1.551194e+00 -2.098636e+01 1.046166e+01 2.437390e+00 -2.819729e-01 8.695910e+00 -3.025635e+00 7.426298e-01 9.226904e-02 2.059884e+00 -1.631519e+00 6.814970e-01 3.127296e+00 -3.657549e-01 -2.066053e-01 -1.943776e+00 4.643660e-01 3.584506e+00 -2.584090e+00 -1.652114e+00 -4.175685e-02 
1.291906e+01 -9.580922e-01 -1.074348e+01 -6.489129e+00 1.257146e+01 -8.404882e-01 -1.559236e+01 3.699384e+00 3.113664e+00 2.631733e+00 1.647605e+00 -2.895437e+00 6.686025e-01 7.981130e-01 2.367430e+00 -1.991954e+00 1.837348e+00 2.097594e+00 -6.411911e-01 1.182315e+00 -2.927867e+00 2.043156e-01 3.564119e+00 -3.329952e+00 -9.669488e-01 -4.329820e-02 
1.383465e+01 4.254470e-01 -1.311654e+01 -6.504148e+00 1.686690e+01 5.272565e-01 -1.878266e+01 6.972278e+00 2.794774e+00 7.953372e+00 2.089894e+00 -4.090783e+00 6.565905e-01 5.915744e-01 2.609982e+00 -8.746378e-01 1.490644e+00 1.588523e+00 -1.476977e+00 1.443837e+00 -1.983752e+00 -2.555410e-01 1.110820e+00 -3.377303e+00 -1.198445e+00 -4.914917e-02 
1.657040e+01 3.034967e+00 -1.659170e+01 -1.693188e+00 1.532397e+01 -2.216838e+00 -1.368445e+01 -7.933475e-01 3.451972e+00 8.463024e+00 -3.219522e+00 -3.782737e+00 6.184069e-01 -5.436292e-01 2.657101e+00 5.874265e-01 1.333966e+00 6.730517e-01 -7.786501e-01 1.471068e+00 -1.077297e+00 9.356501e-01 2.998790e-01 -2.681484e+00 -1.494766e+00 -8.121406e-02 
1.457952e+01 6.860741e+00 -1.119031e+01 -4.311677e+00 1.537180e+01 -5.145514e+00 -1.472113e+01 2.789265e+00 9.905310e-01 2.356483e+00 -5.757040e+00 -8.574209e+00 5.219817e-01 -1.892595e+00 2.857678e+00 2.700862e+00 2.592975e+00 5.202357e-01 7.245301e-02 2.326928e+00 -2.029282e+00 7.895640e-01 -1.204741e+00 -2.468354e+00 -1.854808e+00 -9.913494e-02 
9.828478e+00 9.109766e+00 -8.769464e+00 -9.155343e-01 1.668427e+01 -1.897353e+00 -1.026779e+01 4.044048e-01 8.694036e+00 6.929573e+00 -7.836348e+00 -8.127555e+00 3.298365e-01 -2.535575e+00 1.959821e+00 3.161055e+00 2.736288e+00 1.079431e-01 1.574878e+00 2.636762e+00 -1.347418e+00 6.668781e-01 -2.325703e+00 -2.233383e+00 -2.273074e-01 -9.382890e-02 
7.742638e+00 1.167644e+01 -3.523343e+00 6.071898e+00 1.878793e+01 7.297794e-01 -8.856348e+00 -3.773008e+00 4.121561e+00 2.696393e+00 -7.943462e+00 -1.119241e+01 3.052009e-01 -2.506065e+00 -1.755649e-01 1.979825e+00 4.191427e+00 2.143589e-01 1.799290e+00 3.436607e+00 -1.492577e+00 1.065795e+00 -1.810413e+00 -1.106017e+00 8.581537e-01 -7.898036e-02 
7.310964e+00 1.042622e+01 -4.619904e+00 6.796462e+00 1.415562e+01 2.719903e+00 -3.433033e+00 -4.249301e+00 5.220847e+00 -3.335447e+00 -1.329323e+01 -3.610173e+00 2.576528e-01 -2.248694e+00 -2.116415e+00 5.850016e-01 3.034538e+00 4.685129e-01 9.685804e-01 2.582607e+00 9.909205e-02 2.004344e-01 -2.564751e+00 -1.213382e+00 1.078226e+00 -4.485149e-02 
3.307955e+00 5.324687e+00 -3.365961e+00 1.278946e+01 1.770792e+01 1.542310e+00 -9.554725e-01 -2.346767e+00 8.056101e+00 -1.563074e+00 -8.558685e+00 -6.542131e+00 1.631718e-01 -2.685620e+00 -3.309964e+00 -7.906866e-01 1.048367e+00 -3.255748e-01 3.871458e-02 1.139715e+00 1.222405e+00 5.713510e-01 -1.093956e+00 -1.026051e-01 1.919503e+00 -4.540837e-02 
8.023485e-01 1.703567e+00 -5.923147e+00 1.089838e+01 1.956684e+01 2.539284e+00 -1.305193e+00 1.867446e-01 7.728938e+00 -3.764449e+00 -1.359564e+01 -5.061563e+00 1.765937e-01 -2.348167e+00 -2.733025e+00 -4.767476e-01 6.204991e-01 -3.128487e-01 -1.363617e+00 -1.389247e+00 1.364334e+00 5.340827e-02 7.803048e-01 2.268885e+00 1.746548e+00 -3.418509e-02 
-2.431154e+00 -5.120554e-01 -6.825154e+00 9.262775e+00 1.445444e+01 1.013662e+00 -4.221692e+00 1.209937e-01 5.724271e+00 -2.558884e+00 -8.305278e+00 -8.692019e-01 1.186886e-01 -1.225317e+00 -1.138032e+00 -5.091422e-01 -5.071823e-01 -1.809687e+00 -1.497370e+00 -1.842414e+00 7.385246e-01 -1.269591e+00 -1.857601e-01 9.222820e-01 1.761505e+00 -1.921060e-02 
-1.560319e+00 -3.205318e-01 -5.274045e+00 1.166230e+01 1.421812e+01 -3.833856e+00 -8.746159e+00 1.338490e+00 6.653804e+00 1.063982e+00 -2.075503e+00 2.286104e+00 1.089689e-01 -5.994903e-01 -4.768910e-01 -4.387426e-02 -4.661832e-02 -1.486949e+00 -1.092719e+00 -3.830572e-01 5.285437e-01 -2.044097e+00 -5.387716e-01 9.288745e-01 1.762123e+00 -1.793958e-02 
-1.637298e+00 6.465759e-01 -6.236223e+00 9.871585e+00 1.133384e+01 -2.757969e+00 -6.447058e+00 7.699832e-01 2.245712e+00 -4.906090e+00 -9.707346e+00 -1.408438e+00 1.009312e-01 -4.538536e-02 1.328213e-01 4.562473e-01 -5.483737e-02 -5.548903e-01 -8.494007e-01 1.142331e+00 1.244944e+00 -6.815802e-01 -1.451423e+00 -1.307868e+00 8.651637e-01 -1.139287e-02 
-2.592031e+00 -1.260203e+00 -6.436984e+00 1.036088e+01 1.369240e+01 -1.038496e+00 -2.107796e+00 2.504968e+00 -7.522686e-01 -5.284704e+00 -8.250238e+00 4.018672e+00 9.577447e-02 -2.573050e-01 3.881831e-02 1.791184e-01 -4.486284e-01 -9.312485e-01 -2.679581e-01 2.121226e+00 1.934857e+00 5.257949e-01 -1.340250e+00 -2.786861e+00 -5.093596e-01 -8.021998e-03 
-2.142225e+00 6.218867e-01 -3.962448e+00 9.639297e+00 1.194285e+01 -4.631021e+00 -1.829220e+00 5.762475e+00 6.019405e+00 -6.641655e+00 -1.175725e+01 2.590333e+00 6.832153e-02 -5.984825e-01 -4.116163e-02 1.742887e-02 -6.659020e-01 -1.358674e+00 -1.026772e+00 1.367254e+00 1.769251e+00 1.176595e+00 2.890723e-01 -9.541389e-01 -5.399697e-01 -1.768180e-02 
-2.594380e+00 -1.140957e-01 -5.515341e+00 9.535299e+00 9.257369e+00 -4.237121e+00 -4.489474e-01 8.516528e+00 7.395932e+00 -4.769486e+00 -1.498485e+01 -2.260079e+00 8.516377e-02 -8.408037e-01 5.856578e-01 1.578282e-01 -9.489142e-01 -1.853836e+00 -1.747873e+00 1.338328e-01 5.031697e-01 9.116887e-01 2.598933e-01 -1.021842e+00 -1.876199e+00 -3.170139e-02 
-4.628536e+00 -1.322861e-01 -6.609900e+00 6.954865e+00 6.757986e+00 -6.292517e+00 -4.402146e-01 6.610458e+00 4.054589e+00 -3.718337e+00 -1.111073e+01 -9.689109e-01 1.782757e-02 -9.570322e-01 6.046183e-01 6.562417e-01 -6.992033e-01 -1.074880e+00 -6.372084e-02 6.806734e-01 -4.742040e-01 -1.045920e+00 7.418779e-01 1.997913e+00 -1.615784e-01 -4.416441e-02 
-5.552894e+00 2.045172e+00 -4.324117e+00 6.958526e+00 7.015651e+00 -8.947112e+00 -2.133134e+00 4.596825e+00 4.788583e+00 -5.446897e+00 -1.368271e+01 -3.582700e+00 -3.748548e-02 -1.095851e+00 1.122727e+00 1.050953e+00 -7.447472e-01 -7.009189e-01 6.443025e-01 1.405280e+00 5.624657e-02 -5.034319e-01 1.408402e+00 2.316720e+00 1.172211e+00 -4.922176e-02 
-5.448130e+00 2.565344e+00 -1.276852e+00 7.431668e+00 7.689313e+00 -2.594630e+00 2.416240e+00 5.351307e+00 2.093482e+00 -2.593560e+00 -2.418756e+00 2.443751e+00 -9.117591e-02 -9.594375e-01 1.343109e+00 9.679159e-01 -2.968627e-01 -4.727978e-01 1.816363e+00 9.643003e-01 7.789477e-01 5.718349e-01 2.842613e+00 1.791872e+00 1.194576e+00 -3.143877e-02 
-7.663837e+00 4.150724e+00 -2.927102e+00 5.573162e+00 5.287111e+00 -2.864552e+00 5.149224e+00 9.427337e+00 5.859326e+00 1.710134e+00 -7.747241e+00 1.894647e+00 -1.064433e-01 -6.953740e-01 1.331986e+00 9.171163e-01 -7.170166e-01 -5.018681e-01 2.093742e+00 3.848186e-01 2.651543e-01 -6.340961e-01 2.686277e+00 1.369888e+00 7.470702e-01 -2.327366e-02 
-8.370253e+00 5.530481e+00 -2.468828e+00 6.163234e+00 5.258267e+00 -2.519818e-01 7.401080e-01 8.089941e+00 6.378392e+00 6.916212e+00 -5.119106e+00 2.265295e+00 -1.048874e-01 -6.727098e-01 1.622024e+00 1.865667e+00 -6.764191e-01 -4.962093e-01 8.782300e-01 -7.949769e-01 -2.270830e+00 5.066769e-01 2.947310e+00 8.197654e-01 -4.678687e-01 -1.607883e-02 
-7.568703e+00 7.222536e+00 8.574533e-01 4.007660e+00 5.721833e+00 3.502713e-01 6.290245e-01 4.553279e+00 -5.243528e-01 3.229604e+00 -5.483091e+00 2.418790e-01 -1.469980e-01 -1.065389e+00 8.631026e-01 2.274376e+00 6.464094e-01 6.140634e-01 1.354333e+00 -1.149730e+00 -3.310572e+00 -3.898803e-01 1.969690e+00 2.273523e+00 -1.302867e+00 -1.361041e-02 
-8.859246e+00 9.139558e+00 6.159204e+00 4.832324e+00 4.990905e+00 1.891081e-01 7.014551e-01 -3.565816e+00 7.818706e+00 1.138326e+01 5.479970e-01 9.307914e-01 -1.512927e-01 -1.342442e+00 6.180384e-01 2.072424e+00 2.361060e-01 -2.462325e-01 -1.495832e-01 -1.233344e-02 -2.257349e+00 1.136518e+00 5.580075e-01 1.216487e+00 -1.403173e+00 -9.710526e-03 
-1.274629e+01 6.661698e+00 4.130764e+00 9.470665e+00 8.491109e+00 3.686566e+00 -5.800986e-01 -1.297645e+00 3.189768e+00 9.325062e+00 7.868232e-01 -3.952438e+00 -1.512927e-01 -1.445616e+00 4.069483e-01 1.168424e+00 -3.905296e-01 -8.185547e-01 -2.820028e-01 1.121396e+00 -8.617674e-01 1.418744e+00 8.383182e-01 8.850395e-01 -1.901962e-01 -8.589268e-04 
-1.249367e+01 8.901093e+00 6.256635e+00 4.612262e+00 2.642467e+00 -2.668045e+00 1.283002e+00 -2.713434e-01 1.020392e+01 6.658521e+00 -2.171626e+00 -2.653411e+00 -1.512927e-01 -7.427552e-01 5.521016e-01 1.056054e-02 -5.550944e-01 -7.760884e-01 5.844747e-01 2.606095e+00 1.058491e+00 -5.439228e-01 -4.713778e-01 -9.565942e-01 4.825246e-01 2.224565e-03 
-1.297957e+01 9.376511e+00 6.650856e+00 2.165043e+00 2.803279e+00 3.688340e-01 5.945233e+00 -1.402794e+00 5.376762e+00 9.783563e+00 3.019179e-01 1.082999e+00 -1.512927e-01 -3.011597e-01 1.078458e+00 5.331669e-01 -4.978518e-01 -5.882087e-01 6.022750e-01 1.701218e+00 -1.566190e-01 -1.718972e-01 -3.848985e-01 -3.841156e-01 1.989267e+00 1.112282e-03 
-1.245638e+01 1.054266e+01 4.951961e+00 5.709662e+00 3.954378e+00 4.770348e+00 1.046927e+01 1.779215e+00 4.005594e+00 8.797115e+00 -3.992521e+00 8.256955e-01 -1.401699e-01 -6.669494e-01 2.624256e-01 9.084251e-02 9.874077e-01 1.124899e+00 1.207163e+00 1.166233e+00 -6.121756e-02 -2.007673e+00 -6.309866e-01 1.642948e+00 1.463351e+00 0.000000e+00 
-1.427073e+01 1.123320e+01 7.448936e+00 6.432705e+00 4.894110e+00 2.978745e+00 3.332859e+00 -3.106019e+00 5.429444e+00 6.331272e+00 -2.233073e-01 4.254343e+00 -1.512927e-01 -9.313216e-01 -4.532961e-01 4.659166e-01 1.161902e+00 1.267930e+00 5.089157e-02 3.723820e-01 4.652919e-01 -8.106458e-01 -6.550606e-01 1.442080e+00 8.969880e-01 -1.112282e-03 
-1.518284e+01 9.284874e+00 6.311808e+00 7.415469e+00 7.221548e+00 2.062815e+00 8.420355e+00 2.741817e-01 1.392169e-01 5.229733e+00 6.305724e+00 3.077672e+00 -1.512927e-01 -9.070976e-01 -4.833528e-01 1.375434e+00 6.072761e-01 1.405398e+00 3.347016e-01 6.461654e-01 -2.578172e-01 -6.878144e-01 -9.745725e-01 1.083614e+00 9.208395e-02 -2.224565e-03 
-1.627295e+01 7.738923e+00 8.300516e+00 7.121651e+00 7.509342e+00 1.977058e+00 8.831599e+00 1.676182e+00 3.256722e+00 8.291951e+00 2.363194e+00 4.441951e+00 -1.512927e-01 -2.275473e-01 -3.114656e-01 1.078953e+00 1.036984e+00 1.039728e+00 7.536231e-01 1.857208e+00 8.724920e-01 2.661138e-01 -4.634927e-01 -7.859139e-01 -8.677486e-01 0.000000e+00 
-1.599076e+01 9.873035e+00 1.140334e+01 8.401570e+00 9.673750e+00 6.944699e+00 1.095072e+01 -1.900972e+00 1.652883e+00 2.943914e+00 1.322979e-01 1.192312e+00 -1.512927e-01 5.135214e-01 1.543638e-01 3.395089e-01 1.317911e+00 -4.508666e-01 6.942291e-01 1.288416e-01 1.311353e+00 1.580267e+00 -3.330522e-02 -2.563481e+00 -9.273149e-01 7.006454e-03 
-1.500451e+01 9.381794e+00 1.029793e+01 1.112457e+01 8.866648e+00 4.305919e+00 1.135371e+01 2.344017e+00 6.003181e+00 5.156718e+00 -1.066164e+00 8.582804e-01 -1.512927e-01 7.021177e-01 3.574413e-01 -4.843587e-01 5.134753e-01 -2.500132e-01 1.010517e+00 -1.411682e-01 1.445127e+00 1.797696e+00 5.682017e-01 -1.104168e+00 -6.695138e-01 3.503227e-03 
-1.324945e+01 9.235258e+00 7.010643e+00 1.200356e+01 4.288562e+00 4.369530e+00 7.803506e+00 6.497028e+00 6.667324e+00 6.630824e+00 -4.797001e+00 2.329333e-01 -1.162604e-01 4.586975e-01 4.071903e-02 -8.879400e-01 -4.263622e-01 -1.358537e-01 6.756362e-01 -4.157059e-01 1.556638e+00 1.990500e+00 1.682397e+00 -1.277416e-01 1.479310e-01 0.000000e+00 
-1.413301e+01 9.845018e+00 8.075071e+00 7.888031e+00 8.951870e+00 8.317225e+00 9.699368e+00 4.702817e+00 9.737982e+00 9.289504e+00 -6.929947e-01 1.574071e+00 -1.512927e-01 8.594189e-02 1.536210e-01 -3.381297e-01 -1.058862e+00 4.833754e-01 1.197031e+00 -1.412830e-01 2.923390e-01 1.054026e+00 1.092425e+00 4.850346e-01 2.772719e-01 -3.503227e-03 
