-1.192937e+01 1.555538e+01 6.290797e+00 8.777606e+00 4.343991e+00 2.971556e+00 9.950918e+00 -8.713116e-01 6.080909e+00 3.141276e+00 6.615195e+00 8.563901e+00 -1.512927e-01 1.124464e+00 -9.294237e-01 -1.716504e+00 -6.942584e-01 -6.506368e-01 -1.687928e+00 -6.795747e-01 1.211042e+00 -7.852269e-01 -2.524421e+00 -1.830257e+00 -1.069569e+00 0.000000e+00 
-1.197701e+01 1.512359e+01 7.407509e+00 8.962440e+00 4.438191e+00 -1.119405e+00 9.172108e+00 3.733101e+00 4.397445e-01 -5.024143e+00 3.746816e+00 6.056561e+00 -1.512927e-01 2.212911e+00 -2.992829e+00 -2.695535e+00 -1.665916e+00 -2.142151e+00 -1.099018e+00 -9.177173e-01 4.057035e-01 -9.177179e-01 -2.115503e+00 -1.638695e+00 -9.785473e-01 7.941341e-03 
-6.283236e+00 1.112416e+01 -2.850080e+00 5.213897e+00 1.043706e+00 -3.422603e+00 6.942451e+00 2.881691e+00 4.975357e+00 -5.398119e+00 -1.101901e+00 4.469724e+00 -1.512927e-01 2.362919e+00 -4.707006e+00 -2.090167e+00 -2.025430e+00 -2.371505e+00 -5.426509e-02 -1.213568e+00 1.381795e-01 -1.035066e-01 -6.775495e-01 -7.745064e-01 -1.240134e+00 3.902281e-02 
-3.687886e+00 2.806849e+00 -2.616439e+00 2.229880e+00 -4.716623e+00 6.735473e-01 6.866566e+00 -7.192956e-01 2.045095e+00 -3.166543e+00 2.280268e+00 5.718253e+00 -1.115860e-01 1.726291e+00 -4.496494e+00 -9.956576e-01 -2.230488e+00 -2.190633e+00 7.814830e-01 -1.079253e+00 -1.846338e+00 1.282183e+00 3.109123e+00 1.926997e+00 -1.404787e-01 6.590707e-02 
-4.259336e+00 -1.821280e+00 8.519387e-01 2.016736e+00 -2.936125e+00 1.803755e+00 5.035851e+00 2.045784e+00 4.760701e+00 -1.175272e+00 3.475937e+00 2.532384e+00 2.396804e-02 -4.680854e-01 -3.059670e+00 9.195042e-01 -1.057746e+00 -1.709533e+00 1.354515e-01 -1.879758e+00 -2.621416e+00 3.863669e-01 3.972631e+00 3.478134e+00 8.097839e-01 7.920104e-02 
-4.357500e+00 -8.861647e-01 5.782118e-01 -5.914207e-01 -4.525057e+00 1.748316e-01 4.729141e+00 -5.080635e+00 6.957989e+00 8.410047e+00 1.109288e+01 6.322838e+00 9.061229e-02 -1.729018e+00 -1.209830e+00 1.147492e-01 -2.079237e-01 -2.042243e-01 -1.141682e+00 -1.972721e+00 -4.488754e-01 1.282267e+00 1.974688e+00 1.749995e+00 2.521000e-01 6.766637e-02 
-8.288857e+00 -2.327682e+00 1.501160e-01 1.335815e+00 -7.599740e+00 -2.495987e+00 -1.387630e+00 -8.044719e+00 4.450745e+00 8.676743e+00 1.188246e+01 8.216351e+00 1.436134e-01 -2.052385e+00 -1.871872e-02 -4.242747e-01 2.948424e-01 5.179688e-01 -1.070552e+00 -1.560247e+00 -3.781173e-01 4.533139e-01 -1.721016e+00 -2.140283e-01 6.177152e-01 3.668701e-02 
-1.031822e+01 -2.989097e+00 -1.691782e+00 1.530722e+00 -3.405936e+00 -2.884992e+00 2.147007e-01 2.081579e+00 8.611409e+00 1.780890e+00 6.826983e+00 4.136769e+00 1.669232e-01 -1.640803e+00 1.894474e-02 -4.404436e-01 9.309681e-01 1.360032e+00 -2.460203e-01 -6.230918e-01 9.112867e-01 9.889288e-01 -1.725575e+00 -4.420168e-01 9.718230e-01 1.549357e-02 
-1.154090e+01 -8.634071e-01 -1.344380e-01 2.429876e+00 -9.058409e-01 -2.019095e+00 -5.081620e-01 -3.425909e+00 6.200560e+00 -6.465774e+00 4.538745e+00 6.713994e+00 1.692476e-01 -7.980920e-01 7.679164e-01 -2.605793e-01 1.234098e+00 2.299625e+00 8.669389e-01 1.451545e+00 4.048861e-01 -6.539305e-02 -8.920646e-01 -8.138814e-01 2.184994e-01 3.619564e-03 
-1.093549e+01 -1.523579e+00 -1.481729e+00 3.516389e+00 -1.071845e+00 -1.293716e+00 1.173948e+00 -2.833606e+00 1.102773e+01 7.353428e+00 1.255466e+01 1.193313e+01 1.552630e-01 -6.278704e-01 8.809878e-01 3.268115e-01 1.150661e+00 1.058888e+00 6.140444e-01 2.468043e-01 -1.659779e+00 -1.172360e+00 7.909503e-01 1.017324e-01 -4.328833e-01 7.982558e-03 
-1.197068e+01 7.791405e-01 -1.257807e+00 6.513471e+00 2.731340e+00 1.043069e+00 5.390474e+00 -3.562696e+00 2.915622e+00 1.430151e+00 4.949217e+00 5.410666e+00 1.675413e-01 -6.959213e-01 3.604175e-01 5.973935e-01 1.184888e+00 3.415106e-01 2.865375e-01 3.772720e-01 -8.874235e-01 -1.020023e+00 7.405736e-01 -1.572379e+00 -1.483354e+00 2.486362e-02 
-1.324268e+01 5.945683e-01 5.039601e-01 5.242228e+00 6.991553e-02 -1.345853e+00 -1.500596e+00 -6.148923e+00 4.392077e+00 1.787679e+00 7.130410e+00 2.624017e+00 2.076892e-01 -9.127628e-01 2.100261e-01 8.844832e-01 1.180198e+00 -4.157964e-01 -1.131545e+00 -6.552771e-01 -7.199594e-01 -1.713520e+00 -2.099501e+00 -3.115265e+00 -2.131501e+00 4.587324e-02 
-1.386691e+01 -1.203928e-01 1.859685e+00 7.491395e+00 2.308319e-01 -5.603395e-01 2.715470e+00 -6.205368e+00 4.418268e+00 1.996902e-02 -6.110253e-01 3.951780e+00 2.673526e-01 -3.964352e-01 -5.756527e-01 1.181766e-01 -4.965376e-01 -1.228399e+00 -2.573527e+00 -1.121980e+00 -3.517847e-02 -2.610971e-01 -9.960935e-01 -8.489116e-01 -4.898992e-01 6.680469e-02 
-1.455119e+01 -2.368164e-02 1.381941e+00 8.928417e+00 -1.900573e+00 -6.149738e+00 -7.649355e-01 -5.112067e+00 1.708800e+00 -2.438987e+00 -2.415466e-01 2.005070e+00 3.347235e-01 8.627800e-01 -1.099474e-01 1.205106e-01 -8.310927e-01 4.797656e-01 -1.314255e+00 1.568788e+00 1.703452e+00 -1.029268e-01 -6.181648e-01 -2.828455e-02 8.893847e-01 6.551392e-02 
-1.329860e+01 -1.789998e+00 -1.105914e+00 2.187688e+00 -2.425412e+00 -9.422621e+00 -5.872550e-01 -4.257016e+00 2.951774e+00 -1.436984e+00 4.390636e+00 3.270644e+00 4.380476e-01 5.422959e+00 9.882490e-01 -1.172068e+00 -3.570108e+00 2.371146e-01 -5.740949e-01 2.692533e-01 3.196212e-01 -1.034496e+00 -7.688112e-01 4.049485e-01 -1.170140e+00 7.350445e-02 
-9.212938e+00 8.796339e-01 2.589313e+00 3.738618e+00 3.796866e+00 -3.485985e+00 7.994708e+00 1.394162e+00 4.610690e+00 -5.746683e-01 4.488156e+00 7.411509e+00 4.499113e-01 8.216365e+00 -3.375327e-01 -1.666743e+00 -5.785489e+00 9.390344e-02 8.404854e-01 -1.190356e+00 2.305395e-01 -2.587952e+00 3.173421e-01 -1.571443e+00 -2.809140e+00 1.131163e-01 
1.057876e+01 4.369195e+00 -4.604340e+00 -7.764243e+00 -1.432314e+00 -4.762690e+00 -3.180852e-01 -7.860376e+00 -2.205155e+00 -4.756246e+00 -9.511342e-01 -4.602138e+00 5.772810e-01 7.299445e+00 -2.209552e+00 -1.343225e+00 -6.046653e+00 -4.473120e-01 1.159531e+00 -2.431569e+00 -2.230171e-01 -4.283134e+00 5.353304e-01 -3.778794e+00 -4.075052e+00 1.345737e-01 
1.459196e+01 -4.790941e+00 -5.202561e+00 -1.502306e+01 -1.927604e+00 -4.277277e+00 -6.851301e+00 -2.157690e+00 -8.652496e+00 8.073550e-01 -5.427877e+00 -8.104240e+00 8.306881e-01 4.025138e+00 -3.298547e+00 -7.452712e-01 -4.744338e+00 -6.273517e-01 2.378873e+00 -2.444717e+00 2.606784e-01 -3.385535e+00 1.109810e+00 -2.043813e+00 -3.349162e+00 1.385393e-01 
1.129618e+01 -1.000247e+01 -3.926104e+00 -1.866474e+01 -1.799737e+00 -3.229319e+00 -5.322093e+00 -3.596176e+00 -1.183230e+01 5.486565e-01 -9.545316e+00 -9.346741e+00 9.205278e-01 -5.940366e-01 -3.489822e+00 1.003557e+00 -1.863350e+00 2.079710e-01 4.016688e+00 -5.202647e-01 1.853028e+00 -2.368529e+00 1.291557e+00 -7.695498e-02 -9.596772e-01 9.718872e-02 
1.055404e+01 -8.427273e+00 -1.476161e+00 -1.453283e+01 8.438188e-01 7.641695e+00 -1.726874e+00 5.654535e-01 -7.503413e+00 2.321930e+00 -1.433819e+00 -6.962002e+00 9.709843e-01 -1.028882e+00 -1.157888e+00 1.565272e+00 1.386061e-01 6.826316e-01 4.489804e+00 9.580929e-01 1.298292e+00 -8.037251e-01 4.045703e-01 1.605063e+00 2.101374e-01 4.110405e-02 
9.627533e+00 -1.126175e+01 -1.449756e+00 -1.732611e+01 -1.778171e+00 9.361266e+00 -5.481622e+00 4.319030e-02 -1.462234e+01 9.442516e-01 -3.332938e+00 -9.971643e+00 9.930765e-01 -5.004386e-01 -4.109577e-01 7.651747e-01 4.593355e-01 2.132381e-01 2.919097e+00 -1.374666e-01 7.295396e-01 -6.102397e-01 -4.102288e-01 1.143372e+00 -2.489633e-02 1.878941e-02 
1.028187e+01 -9.950737e+00 1.385626e+00 -1.499935e+01 1.474770e+00 1.187645e+01 -1.981072e+00 2.514087e+00 -1.127610e+01 2.632409e+00 -5.087509e-01 -6.741102e+00 9.999340e-01 -4.471978e-01 -8.831009e-01 -2.774755e-01 -1.613863e-01 -6.713676e-01 3.086835e-01 -1.641889e+00 -6.173179e-01 -1.039699e+00 -1.377639e+00 -1.124718e+00 -7.838306e-01 6.404775e-03 
8.930071e+00 -1.129552e+01 -1.531125e+00 -1.613480e+01 -1.049022e+00 9.248787e+00 -5.882328e+00 -9.227949e-01 -1.299716e+01 -1.657727e+00 -4.290990e+00 -9.581673e+00 1.000000e+00 -4.511365e-01 -8.052118e-01 -1.182618e+00 1.715513e-01 -1.171214e+00 -4.999635e-01 -2.460742e+00 -1.605833e+00 -2.358746e-01 -2.206512e+00 -1.543641e+00 -1.310329e+00 6.307185e-04 
8.666781e+00 -1.282589e+01 -2.822855e+00 -1.593541e+01 -2.877593e+00 9.241352e+00 -9.735966e+00 -2.038143e+00 -1.351450e+01 -3.265277e+00 -6.578383e+00 -1.107614e+01 9.995464e-01 -5.141131e-01 -1.231916e+00 -1.843526e+00 -4.369467e-01 -1.782242e+00 -1.429186e+00 -3.339006e+00 -2.718039e+00 -1.115339e+00 -2.521625e+00 -2.528963e+00 -1.886869e+00 -1.221222e-03 
8.179394e+00 -1.385023e+01 -5.258605e+00 -1.600032e+01 -5.458059e+00 8.178998e+00 -1.390788e+01 -5.709860e+00 -1.468251e+01 -7.139466e+00 -8.016325e+00 -1.435577e+01 9.964239e-01 2.096896e-01 1.458374e-01 -2.796372e-01 1.230336e+00 3.099664e-01 2.707753e-01 -4.314709e-01 -6.536989e-01 8.123911e-01 7.506825e-01 -3.961369e-01 6.620367e-01 -2.087080e-03 
8.086641e+00 -1.483296e+01 -5.968265e+00 -1.725132e+01 -5.231923e+00 5.265416e+00 -1.466333e+01 -8.682577e+00 -1.601012e+01 -7.234848e+00 -1.129090e+01 -1.378840e+01 9.956160e-01 1.686537e-01 6.285400e-01 -2.420314e-01 1.438020e+00 6.195689e-01 -8.771267e-02 9.603267e-01 -7.976860e-01 6.479329e-01 1.937768e+00 -5.462109e-01 1.222315e+00 -3.232366e-03 
1.026859e+01 -9.562801e+00 -1.356606e+00 -9.325167e+00 1.677975e+00 1.259063e+01 -5.576002e+00 -8.690726e-01 -7.687392e+00 4.080471e+00 -3.915417e+00 -4.915359e+00 9.915298e-01 1.380543e-01 5.452513e-01 -1.535937e-01 1.368316e+00 4.938599e-01 -3.552153e-01 1.465938e+00 -6.486202e-01 1.805103e-01 2.531241e+00 -7.028347e-01 1.140090e+00 -4.182589e-03 
8.465452e+00 -1.182691e+01 -5.984011e+00 -1.208289e+01 -3.347766e+00 6.596972e+00 -9.100273e+00 -8.446967e+00 -1.377240e+01 8.135938e-01 -1.135989e+01 -9.684771e+00 9.858316e-01 2.680683e-03 7.650906e-01 -4.322339e-01 1.252190e+00 2.329439e-01 -5.238782e-01 1.600202e+00 -8.667822e-01 7.497731e-01 1.187278e+00 3.498154e-01 6.050549e-02 -8.911854e-03 
8.680260e+00 -1.262701e+01 -6.018700e+00 -1.174295e+01 -3.930839e+00 5.737144e+00 -9.359718e+00 -9.070766e+00 -1.489882e+01 1.492517e+00 -1.149600e+01 -1.070713e+01 9.804031e-01 2.341230e-02 -5.228863e-02 -8.385151e-01 -1.439527e-01 -5.133361e-01 -1.739782e+00 5.234688e-01 -1.456588e+00 -7.107396e-01 -2.710271e-01 -9.486305e-01 -6.905479e-01 -1.522332e-02 
8.894209e+00 -9.475409e+00 -5.798387e+00 -9.781473e+00 -1.262797e+00 6.072769e+00 -4.770457e+00 -8.915641e+00 -8.655538e+00 -4.483372e-03 -5.751530e+00 -1.058999e+01 9.566200e-01 5.531204e-01 4.758497e-01 4.786392e-01 5.228761e-01 7.537323e-01 -4.665099e-01 2.007056e+00 9.356607e-01 1.122309e-01 1.173800e+00 4.272479e-01 9.176292e-01 -1.796611e-02 
1.017127e+01 -1.099999e+01 -5.641993e+00 -1.119564e+01 -1.931190e+00 4.153822e+00 -5.123566e+00 -7.917674e+00 -1.379952e+01 3.134373e+00 -1.146275e+01 -7.915491e+00 9.300190e-01 5.772100e-01 3.363348e-01 8.070987e-01 5.523897e-01 8.347126e-01 -2.185627e-01 1.908096e+00 1.753344e+00 2.065973e-02 1.324606e+00 4.485445e-01 1.360247e+00 -1.685659e-02 
1.048555e+01 -1.026117e+01 -3.779169e+00 -9.742168e+00 -5.789285e-01 5.056083e+00 -1.183070e+00 -4.345210e+00 -1.376089e+01 5.861665e+00 -9.240278e+00 -6.492445e+00 9.211931e-01 3.501805e-01 -1.752705e-01 1.014951e+00 2.134333e-01 6.342638e-01 -1.025899e-01 4.755129e-01 1.986580e+00 -3.327631e-01 1.114677e+00 5.486608e-01 1.035897e+00 -9.711349e-03 
1.077064e+01 -1.055245e+01 -2.992816e+00 -9.000656e+00 -9.921026e-02 5.152673e+00 -1.612934e+00 -2.589261e+00 -1.224285e+01 5.182474e+00 -7.508905e+00 -5.954669e+00 9.138336e-01 1.401438e-01 -6.547280e-02 1.225977e+00 5.194700e-01 9.449485e-01 3.412748e-01 -3.375381e-01 1.913239e+00 8.541416e-01 5.528802e-01 2.311954e+00 5.531456e-01 -3.353530e-03 
1.034543e+01 -1.057553e+01 -2.048220e+00 -9.811798e+00 9.925317e-01 5.060394e+00 -4.148208e+00 -1.646950e+00 -1.109769e+01 4.544851e+00 -4.985148e+00 -6.390913e+00 9.161560e-01 -2.147460e-02 -1.579609e-01 7.724416e-01 3.877961e-01 7.809170e-01 1.758374e-01 -1.398385e+00 1.407498e+00 8.041285e-01 -1.903629e-03 2.289086e+00 2.200867e-01 -3.422856e-03 
1.094205e+01 -1.117018e+01 -3.775806e-01 -8.563475e+00 2.007823e+00 5.858041e+00 -5.328687e+00 2.993928e-01 -1.086041e+01 6.557181e+00 -2.030546e+00 -5.200529e+00 9.157699e-01 -2.409997e-01 2.508203e-01 2.817424e-01 9.357606e-01 4.108500e-01 5.449640e-01 -1.377512e+00 1.968946e+00 4.337262e-01 4.345240e-02 1.851126e+00 2.920302e-01 -9.114206e-03 
1.029247e+01 -1.074211e+01 -1.224578e+00 -8.021778e+00 2.272140e+00 5.582586e+00 -6.317120e+00 1.247955e+00 -1.043147e+01 5.164793e+00 -5.340285e-01 -5.769082e+00 9.031107e-01 -4.677301e-01 6.522636e-01 -2.582646e-03 1.350370e+00 -5.372496e-02 6.320716e-01 -7.173837e-01 2.329274e+00 7.316809e-01 -1.954762e-01 9.437662e-01 2.791789e-01 -1.660003e-02 
9.592120e+00 -9.215063e+00 -1.995925e+00 -5.216863e+00 1.315235e+00 7.616397e+00 -7.416038e+00 5.808015e+00 -1.040733e+01 5.089765e+00 -4.788356e-01 -4.805434e+00 8.747852e-01 -6.604089e-01 7.602608e-01 1.245188e-01 1.240976e+00 -7.480158e-01 2.288454e-01 -3.460134e-01 2.924586e+00 8.058400e-01 -6.220415e-01 -2.870617e-01 1.315059e-01 -2.046787e-02 
8.681742e+00 -8.291769e+00 -1.251961e+00 -4.733253e+00 1.070201e+00 7.341574e+00 -6.691452e+00 7.245109e+00 -7.665831e+00 4.301178e+00 -1.042173e+00 -5.192565e+00 8.536482e-01 -7.624665e-01 4.557629e-01 8.714714e-01 1.075269e+00 -9.925535e-01 -1.038698e+00 7.297000e-01 3.062149e+00 8.902081e-01 -5.507709e-01 -1.124678e+00 3.748743e-01 -1.661366e-02 
8.445372e+00 -8.594042e+00 2.587047e-01 -4.002859e+00 -1.131286e+00 6.122774e+00 -6.871588e+00 1.192375e+01 -8.214033e+00 3.878781e+00 -3.211782e+00 -4.831257e+00 8.381618e-01 -5.483643e-01 -9.434547e-02 1.403347e+00 8.136989e-01 -1.091994e+00 -2.560670e+00 1.747063e+00 2.325454e+00 1.110320e+00 -7.835089e-01 -1.251197e+00 3.621301e-01 -1.268740e-02 
7.053512e+00 -8.773806e+00 2.005464e+00 -3.252433e+00 -1.467366e+00 1.135905e+00 -2.940845e+00 1.350083e+01 -7.077074e+00 3.016430e+00 -4.790947e+00 -3.881798e+00 8.383541e-01 -3.038276e-01 -4.651833e-02 1.296038e+00 1.160256e+00 -1.422014e+00 -3.315907e+00 1.751978e+00 1.962418e+00 1.206018e+00 -1.030534e+00 -1.179655e+00 5.577067e-01 -1.371074e-02 
7.664414e+00 -9.445772e+00 3.392096e+00 -1.888778e+00 -2.875953e+00 -2.084120e+00 -5.560279e-01 1.430742e+01 -5.150105e+00 1.814595e+00 -4.860435e+00 -3.650167e+00 8.189953e-01 -2.004832e-01 4.814928e-01 1.395925e+00 1.142003e+00 -1.302836e+00 -3.176223e+00 1.247213e+00 1.695332e+00 1.822802e+00 -1.199512e+00 -1.510641e-01 2.829305e-01 -1.788688e-02 
7.553082e+00 -8.098495e+00 3.661535e+00 1.098728e-02 -5.167538e+00 -5.134515e+00 -1.089340e+00 1.586536e+01 -3.167704e+00 1.806007e-01 -6.116121e+00 -2.994577e+00 7.946777e-01 1.066343e-01 6.864246e-01 2.072346e+00 7.132556e-02 -1.279228e+00 -2.435989e+00 -9.164190e-03 1.632005e+00 1.171454e+00 -1.027348e+00 9.272019e-01 -6.783009e-02 -2.710862e-02 
7.193170e+00 -6.524233e+00 6.410292e+00 7.544684e-02 -5.795382e+00 -6.623131e+00 -1.561277e+00 1.921814e+01 -1.054708e+00 -7.008612e-01 -3.304516e+00 -3.860216e+00 7.705656e-01 -1.272023e-01 1.218227e+00 2.368248e+00 -3.500686e-01 -9.636593e-01 -2.161833e+00 -3.294767e-01 1.170040e+00 3.369446e-01 -8.416737e-01 1.879756e+00 -1.719589e-01 -3.623335e-02 
7.822305e+00 -6.802452e+00 1.085810e+01 -3.877918e+00 -6.403790e+00 -8.774536e+00 -2.484041e+00 1.920550e+01 -3.267502e+00 -8.625835e-01 -9.328976e-01 -4.115924e+00 7.270259e-01 -4.844012e-01 1.136140e+00 2.048036e+00 -6.757057e-01 -7.324876e-01 -2.065691e+00 -1.724344e-01 1.131266e+00 -6.816111e-02 5.274105e-02 2.227575e+00 -7.108279e-02 -3.240889e-02 
6.893791e+00 -4.002659e+00 1.163506e+01 -1.694668e+00 -7.076123e+00 -1.107327e+01 -1.506061e+00 1.848755e+01 -3.415483e+00 -1.872181e+00 1.946732e+00 -3.949288e+00 6.716545e-01 -4.158027e-01 1.167951e+00 1.278821e+00 -3.833946e-01 -7.710174e-01 -1.800777e+00 -4.260716e-01 5.709203e-01 1.632037e-02 3.763593e-01 2.187878e+00 -1.687174e-02 -4.051222e-02 
5.280766e+00 -3.678583e+00 1.128933e+01 -2.482484e+00 -8.189605e+00 -1.323790e+01 -1.979120e+00 2.188699e+01 -2.328122e+00 1.029966e+00 2.396127e+00 -3.305455e+00 6.820889e-01 -1.538517e-01 1.364348e+00 3.592032e-01 6.793552e-01 1.078291e-02 -1.669657e+00 -5.201808e-01 2.109165e-01 8.494118e-01 3.967073e-01 1.940212e+00 3.911042e-01 -5.024427e-02 
6.384926e+00 -2.246411e+00 1.258878e+01 -2.539243e+00 -8.757563e+00 -1.339534e+01 -3.944096e+00 2.073200e+01 -1.442796e+00 2.346605e-01 5.970360e+00 -4.349809e+00 5.904731e-01 8.314134e-01 1.103246e+00 -1.267796e-01 1.231260e+00 8.012754e-01 -1.461994e+00 -1.333807e+00 -1.343258e+00 9.767237e-01 1.575643e-01 1.133355e+00 6.103241e-01 -5.623763e-02 
7.307479e+00 -8.588352e-01 1.217725e+01 -5.885434e-02 -5.509156e+00 -1.596179e+01 -3.865927e+00 1.913786e+01 -6.785870e-03 6.753206e-02 6.756351e+00 -1.960143e+00 5.163952e-01 1.592949e+00 2.327653e+00 -9.099407e-01 2.452748e+00 1.776220e+00 -1.129539e+00 -1.280625e+00 -3.397585e+00 5.795599e-01 -1.561138e+00 -1.068277e-01 1.075232e-01 -7.676968e-02 
1.003750e+01 1.036987e-01 1.055720e+01 3.249815e+00 -4.409970e+00 -1.702130e+01 -7.231690e+00 1.314583e+01 3.074679e-01 -6.031429e-01 5.433394e+00 -1.570323e+00 4.733132e-01 1.215278e+00 3.562151e+00 -1.100255e+00 3.107630e+00 1.843464e+00 7.342529e-02 -2.932920e-02 -4.334355e+00 6.045589e-01 -1.023150e+00 -2.767821e+00 3.065811e-01 -8.504531e-02 
1.141922e+01 6.784626e+00 7.755418e+00 6.886725e+00 -1.482302e+00 -1.707261e+01 -6.738449e+00 8.692148e+00 -3.054538e-01 -6.356821e+00 2.130471e+00 -4.157582e+00 3.568204e-01 -8.683625e-01 3.411316e+00 -3.290139e-01 2.792244e+00 9.755098e-01 3.461071e+00 1.844547e+00 -4.271032e+00 2.895358e-01 -1.908110e+00 -4.001919e+00 -5.562190e-01 -8.863068e-02 
1.040545e+01 1.174261e+01 9.298422e+00 9.526120e+00 -1.553672e+00 -1.247280e+01 -2.654481e+00 4.283076e+00 1.729333e+00 -1.668915e+00 -5.555806e+00 -1.718184e+00 2.450339e-01 -3.855757e+00 8.913059e-01 -5.203217e-01 1.703530e+00 1.539384e+00 5.195735e+00 3.484346e+00 -2.940083e+00 3.754550e-01 -8.819615e-01 -1.936614e+00 7.454104e-01 -6.851624e-02 
2.781695e+00 1.037829e+01 1.116157e+01 1.076422e+01 -2.059757e+00 -9.306828e-01 3.068203e+00 2.214072e+00 7.299604e-01 -8.940135e+00 -7.758644e+00 -4.667307e+00 1.873814e-01 -5.402267e+00 -2.609610e+00 -1.186275e+00 5.495423e-01 1.142727e+00 3.953806e+00 3.245397e+00 -1.868013e+00 2.470310e-02 -6.258581e-01 7.076375e-01 2.149618e+00 -1.992989e-02 
-4.922519e+00 2.763397e+00 6.252513e+00 9.828722e+00 3.575676e+00 8.864120e-01 5.286715e+00 1.684451e+00 1.667036e+00 -3.721293e+00 6.948812e-01 2.411592e+00 2.154514e-01 -5.040409e+00 -4.433888e+00 -3.027467e+00 -6.949700e-01 4.842171e-01 1.299869e+00 1.031682e+00 -1.653848e+00 5.738880e-01 4.109674e-02 2.460814e+00 2.508157e+00 1.711109e-02 
-7.928133e+00 -1.773818e+00 3.346999e+00 9.483136e+00 1.666658e+00 -3.983187e+00 5.517940e+00 6.513964e-01 -1.507897e-01 -8.459922e+00 2.543315e+00 4.525620e+00 2.719622e-01 -2.718954e+00 -3.529240e+00 -3.175628e+00 -1.548962e+00 -4.896898e-01 -1.352562e+00 -1.211737e+00 -1.962422e+00 1.994085e+00 1.320393e+00 2.056339e+00 2.930564e+00 3.295284e-02 
-9.441687e+00 -4.350773e+00 -1.931628e+00 6.691810e+00 -9.957943e-01 -4.447201e+00 1.279062e+00 -3.204828e+00 5.039148e+00 -1.703538e+00 1.597282e+00 6.226137e+00 2.882990e-01 -1.031175e+00 -1.619054e+00 -1.215955e+00 -1.702276e+00 -1.286761e+00 -1.309770e+00 -1.806366e+00 -1.195617e+00 3.655368e+00 1.065701e+00 7.989405e-01 1.415727e+00 2.965106e-02 
-8.553490e+00 -3.710825e+00 -6.245008e-01 4.587858e+00 -2.222470e+00 -5.026687e+00 -9.866552e-01 -5.153399e+00 9.014326e+00 -3.347045e+00 2.071850e+00 8.078241e+00 3.157219e-01 -1.964241e-01 -3.714140e-01 7.587590e-02 -1.433756e+00 -4.529237e-01 7.409547e-01 -7.126228e-01 4.009975e-01 3.866065e+00 1.806230e+00 6.180423e-01 8.071020e-02 2.329027e-02 
-9.765715e+00 -4.363367e+00 2.158489e+00 3.764983e+00 -9.135640e-01 -5.140688e+00 -4.928188e-01 -1.391237e+00 1.536132e+01 -9.492242e-01 4.925316e+00 7.713918e+00 3.418269e-01 1.947488e-01 -1.139195e-01 5.880576e-01 -1.234389e+00 -3.443658e-01 1.754200e+00 2.412707e-01 3.404387e-01 9.524416e-01 1.593207e+00 1.755701e+00 1.874920e-01 1.989160e-02 
-8.748240e+00 -3.624591e+00 1.681320e+00 3.777768e+00 -6.390753e-01 6.833005e-02 2.840765e+00 1.749589e+00 1.401845e+01 1.940741e-01 3.969510e+00 4.185280e+00 3.616496e-01 2.045794e-01 -2.370071e-01 -2.378096e-01 -6.652988e-01 2.336270e-01 2.067830e+00 1.767284e+00 7.116553e-01 -1.040365e+00 6.538345e-01 6.711669e-01 -1.067170e+00 1.379430e-02 
-8.370567e+00 -4.963488e+00 -1.442504e-01 9.249113e-01 -3.509320e+00 1.776290e+00 5.717049e-01 -4.954128e+00 7.299294e+00 4.491936e+00 9.426955e+00 9.110077e+00 3.647931e-01 5.260692e-01 -3.288466e-01 -3.818299e-01 -4.183905e-01 4.744597e-01 1.767908e+00 2.229862e+00 -6.265790e-01 -2.916563e+00 -7.493009e-01 -9.555334e-01 -1.230119e+00 8.636987e-03 
-8.228167e+00 -4.595800e+00 -6.621795e-01 2.681400e+00 2.435431e-01 1.853971e+00 7.317501e+00 1.863233e-01 7.843515e+00 -2.798453e+00 3.176865e+00 2.044311e+00 3.732103e-01 6.101663e-01 -4.180462e-01 1.976710e-01 -3.764636e-01 -1.881744e-01 8.219059e-02 8.296682e-01 -6.943952e-01 -1.214128e+00 -1.344666e+00 -1.688208e+00 1.103134e-01 1.019979e-03 
-7.395405e+00 -5.521996e+00 1.421089e+00 2.221214e+00 1.017425e+00 2.806029e+00 8.418122e+00 -3.742500e+00 3.865972e+00 -3.199465e+00 5.439715e-01 2.633809e+00 3.792315e-01 1.128477e+00 5.512069e-01 6.528641e-01 -1.189407e-01 2.833540e-01 -2.598612e-01 7.821941e-02 -9.103932e-02 -5.595738e-01 -9.250021e-01 1.426456e-01 3.991352e-01 -1.751175e-02 
-6.184989e+00 -5.435568e+00 1.887005e+00 1.247298e+00 -3.843320e+00 -3.558683e-02 3.065898e+00 -2.328202e+00 9.664474e+00 -2.683556e+00 -3.003883e-02 7.974981e+00 3.595303e-01 1.236844e+00 7.815018e-01 1.035114e+00 8.668282e-02 -2.587090e-01 3.660701e-01 -2.020884e-01 3.728449e-01 -5.607764e-01 -6.653686e-01 1.534759e+00 1.613295e+00 -3.370693e-02 
-3.749771e+00 -1.787569e+00 1.845478e+00 1.047259e+00 -4.911876e-02 1.421762e+00 3.088603e+00 -4.152062e+00 3.590947e+00 -1.905236e-01 1.174364e+01 8.140418e+00 2.840744e-01 9.550780e-01 5.694836e-01 3.008370e-01 5.785897e-01 2.515432e-01 -3.375378e-01 -1.334248e-01 1.415990e+00 -3.831925e-02 -4.224218e-01 6.110117e-01 -5.045840e-01 -4.333998e-02 
-3.866765e+00 -2.555505e+00 4.301198e+00 3.701792e+00 -5.167301e-01 4.376455e+00 8.971818e+00 2.255329e+00 5.177145e+00 -7.629766e+00 5.250826e+00 7.357482e+00 2.522542e-01 1.005613e+00 5.400866e-01 -7.331627e-01 5.626838e-01 8.256333e-01 -7.305147e-01 -6.728842e-01 5.594717e-01 -1.778894e-01 9.022679e-02 -6.859245e-01 -1.309527e+00 -5.614398e-02 
-3.779128e+00 -4.114609e+00 1.718178e+00 3.886916e+00 6.118466e-01 -1.087681e+00 4.798038e+00 1.045684e+00 5.918040e+00 -2.838469e+00 9.585974e-01 4.196386e-01 2.161697e-01 8.694897e-01 5.089980e-01 -1.588318e+00 1.225371e+00 4.452209e-01 -9.218780e-01 -9.564761e-01 -4.123479e-01 6.675064e-01 5.112434e-01 -2.005352e+00 -3.347123e-01 -6.368943e-02 
-1.142246e+00 -1.571615e+00 -1.715158e+00 2.640889e+00 -4.563618e-02 -2.433439e+00 -1.153240e+00 -2.129716e+00 7.611480e+00 -9.084489e-01 1.932858e+00 5.287737e+00 1.127627e-01 1.171235e+00 1.309719e+00 -1.933932e+00 1.934268e+00 1.727185e+00 -9.822115e-01 -1.453472e+00 -2.353870e+00 -5.538753e-01 2.014209e+00 -8.787794e-01 1.071592e-01 -6.454749e-02 
-7.645817e-01 2.654762e-01 -3.087935e+00 7.704562e+00 1.941438e+00 2.173191e-01 3.368752e+00 -4.021279e+00 5.711312e+00 -9.949653e-01 3.375862e+00 7.501729e+00 3.537291e-02 9.047505e-01 1.531405e+00 -1.075429e+00 3.079498e+00 1.710333e+00 1.743756e-01 5.143391e-01 -9.209027e-01 -3.470077e-01 1.259987e+00 -5.748129e-01 -2.919525e-01 -4.688773e-02 
4.821367e-01 1.803048e+00 -2.965406e+00 1.146431e+01 7.454399e+00 -1.187103e+00 2.419103e+00 -6.980542e+00 2.511133e+00 1.519524e+00 -3.517032e-01 4.352232e+00 1.991510e-02 3.433782e-01 9.308916e-01 -8.694235e-01 1.054307e+00 2.750332e-01 2.392998e-01 1.213181e+00 8.696716e-01 5.813050e-01 9.152436e-01 -3.029239e-01 -2.357637e+00 -2.638505e-02 
-6.756639e-02 1.855083e+00 -3.033842e+00 1.487269e+01 5.413493e+00 -8.389705e-01 5.583562e+00 -1.133417e+00 6.733175e+00 2.247482e+00 -7.731867e-01 -5.723715e-01 2.815485e-02 -1.506132e-01 4.110451e-01 -8.859527e-01 -1.501446e+00 -1.213247e+00 -6.564173e-01 1.433258e-02 9.984537e-01 1.329928e+00 3.603968e-01 -3.897613e-01 -2.135833e+00 -2.281033e-02 
2.261372e-01 2.288039e+00 -6.089323e+00 4.328360e+00 -4.064975e-01 -7.087946e-01 3.805258e+00 7.747104e-01 1.000707e+01 2.046546e+00 2.492763e+00 -2.463400e+00 -1.555347e-02 -6.272700e-01 1.841599e-01 -7.804576e-01 -1.853922e+00 -1.600214e+00 -4.370134e-01 -2.228390e-01 6.028289e-01 1.582759e+00 6.550156e-01 7.531481e-01 -5.650054e-01 -1.945690e-02 
-1.389648e+00 2.078206e+00 -5.955740e+00 3.765306e+00 -1.943457e-01 -3.303922e+00 2.747338e+00 -2.906636e+00 8.612982e+00 5.435081e-01 4.822731e-03 2.303805e-01 -6.094444e-02 -8.046279e-01 2.653295e-01 -8.020264e-01 -1.814804e+00 8.277319e-02 3.836535e-01 -3.395416e-01 -5.136766e-01 8.985885e-01 5.153078e-01 4.854556e-01 9.145967e-01 -2.220199e-02 
-1.993173e+00 2.612287e+00 -5.406744e+00 7.748391e+00 2.257250e+00 -2.139694e+00 2.723020e+00 -3.079788e+00 9.485022e+00 5.646589e+00 3.025033e+00 1.125830e+00 -3.281975e-02 -5.399773e-01 1.088329e+00 1.831326e-01 2.304836e-01 1.063533e+00 1.657869e+00 9.877394e-01 -1.461730e-01 -4.953718e-02 -9.695163e-02 -2.149394e+00 6.066021e-01 -2.369726e-02 
-2.981051e+00 3.019608e+00 -7.385263e+00 4.088659e+00 4.495485e+00 1.794747e+00 4.426972e+00 -1.774551e+00 1.148714e+01 3.023999e+00 1.387956e+00 2.205997e+00 -7.422197e-02 2.379312e-01 2.506606e+00 5.643970e-01 -2.147822e-01 4.171134e-01 1.540562e+00 1.775194e-01 -2.836089e-01 -8.358886e-01 -1.481350e+00 -2.694463e+00 -3.472001e-01 -2.752777e-02 
-1.678048e+00 7.258986e+00 -4.458898e+00 5.319101e+00 2.566250e+00 5.031215e+00 7.904138e+00 -5.221972e-01 8.322307e+00 3.215419e-01 -8.945774e+00 -4.181981e-01 -1.274010e-01 4.858015e-01 2.610575e+00 4.513393e-01 -3.940560e-01 3.120019e-01 2.776751e-02 -1.847783e+00 -1.099990e+00 -9.713631e-01 -1.292252e+00 -2.465987e+00 -5.651668e-01 -3.140166e-02 
-3.575544e-01 1.228789e+01 -3.607679e+00 3.906039e+00 1.736721e+00 8.134359e-01 1.044376e+00 -5.603476e+00 5.014896e+00 -4.200717e+00 -7.482088e+00 -7.336059e-01 -1.512927e-01 2.088318e-01 2.293476e+00 3.091275e-01 2.793959e-01 -3.880764e-01 -1.343616e+00 -3.159433e+00 -1.569960e+00 -7.551643e-01 -6.381693e-02 1.135737e-01 -1.157729e-01 -1.780331e-02 
-8.759131e-01 1.103102e+01 -5.038840e+00 5.869421e+00 5.196642e+00 -1.510201e+00 -4.824597e+00 -6.665273e+00 7.864330e+00 2.797688e+00 -4.869879e+00 -2.302027e-01 -1.512927e-01 -3.760623e-01 1.217402e+00 3.443499e-02 3.095900e-01 8.023448e-01 -1.031676e+00 -1.946362e+00 -1.130368e+00 -9.052248e-01 9.012556e-01 2.939815e+00 -1.442116e-01 -4.778338e-03 
-2.337959e+00 1.260097e+01 -5.549654e+00 5.210478e+00 1.239908e+00 -1.652626e+00 -5.005825e+00 -6.552811e+00 7.940310e+00 1.466842e+00 -8.212280e-02 1.533135e+00 -1.512927e-01 -6.541747e-01 8.421894e-01 6.445235e-01 -2.773574e-01 3.929549e-01 8.893356e-02 9.893461e-01 4.853595e-01 -6.061211e-01 6.232511e-01 1.545753e+00 2.654927e-01 0.000000e+00 
-2.568157e+00 1.318945e+01 -3.315735e+00 6.214831e+00 6.826381e+00 1.105868e+00 1.197428e+00 -5.699370e+00 2.333476e+00 1.994040e+00 2.053320e+00 -2.272626e+00 -1.512927e-01 -7.083259e-01 1.113634e+00 1.372157e+00 -6.577485e-01 1.278359e-01 1.463217e+00 2.399681e+00 1.178696e+00 -8.703229e-01 -1.261586e+00 7.205742e-01 1.448422e+00 0.000000e+00 
-2.782306e+00 1.541962e+01 -1.246614e+00 2.346547e+00 2.886626e+00 -4.993081e-02 2.980094e+00 -3.659630e+00 4.749718e+00 -6.826386e-01 -3.214922e+00 1.615069e+00 -1.512927e-01 -6.870124e-01 9.326749e-01 1.026812e+00 -3.201819e-01 4.339133e-01 1.291275e+00 2.307574e+00 1.266947e+00 -6.367996e-01 -6.271222e-01 4.140120e-01 7.967961e-01 0.000000e+00 
-4.195369e+00 1.518987e+01 -3.295746e-01 4.012644e+00 5.012463e+00 5.004534e+00 3.180847e+00 -2.218381e+00 5.108012e+00 -2.435503e+00 2.993917e-01 6.970938e+00 -1.512927e-01 -5.853388e-01 8.330935e-01 2.436522e-01 1.084375e-03 3.461103e-01 1.857251e+00 1.074040e+00 -3.266457e-02 -3.737347e-01 7.509717e-01 1.507121e+00 1.309174e+00 0.000000e+00 
-4.959415e+00 1.626414e+01 -1.908674e+00 4.710663e+00 4.316433e+00 2.854415e+00 5.540334e+00 -1.958568e+00 3.369044e+00 5.460025e-01 2.864901e+00 8.953333e-01 -1.512927e-01 -2.721482e-01 4.064492e-01 -1.436306e-01 4.357036e-01 8.318110e-01 8.058628e-01 -2.862234e-02 -1.061401e+00 -1.187671e+00 3.601961e-01 9.845258e-01 -5.440743e-02 0.000000e+00 
-4.406296e+00 1.693266e+01 -1.766444e+00 5.038196e+00 7.842028e+00 8.939948e+00 5.287508e+00 -6.713223e+00 1.155140e+00 5.134578e+00 6.549016e+00 4.633113e+00 -1.512927e-01 -3.534899e-01 1.872591e-01 -1.066051e-01 -2.413615e-02 -3.667828e-01 -1.006567e+00 -4.126912e-01 -7.206954e-01 -8.479251e-01 2.636380e-01 -2.228561e-01 2.840981e-01 0.000000e+00 
-4.037584e+00 1.658047e+01 -1.246332e+00 4.012289e+00 5.630898e+00 2.011676e+00 1.783651e+00 -6.719213e+00 7.878003e-01 -2.666699e+00 -1.417105e+00 2.511945e+00 -1.512927e-01 -3.072411e-01 -5.189040e-01 3.807402e-03 -4.955270e-01 -2.536276e-01 -1.425222e+00 -3.477070e-02 1.797781e-01 -9.742577e-02 -7.408282e-01 -2.930954e-01 1.636807e+00 0.000000e+00 
-6.423734e+00 1.596800e+01 -1.193771e+00 4.241150e+00 2.521316e+00 3.930670e-01 2.995732e+00 -3.441535e+00 2.159008e+00 4.890376e-01 1.326114e+00 7.583123e+00 -1.512927e-01 -1.953064e-01 -4.908715e-01 2.085383e-01 -1.775107e-01 -6.312852e-01 -1.690865e+00 3.261743e-01 8.119934e-01 2.521189e-01 -1.877452e+00 -4.259960e-01 9.729085e-02 0.000000e+00 
-5.486902e+00 1.415195e+01 -2.175973e+00 2.631551e+00 5.708652e+00 1.745582e-03 6.512369e+00 -2.695522e+00 2.379981e+00 -8.353682e-01 4.010875e+00 7.604366e+00 -1.512927e-01 1.503720e-01 -4.792504e-02 2.672647e-01 -2.501611e-01 -3.630894e-01 -5.996914e-01 -2.107593e-01 1.850191e-01 2.915397e-01 1.473128e-01 1.036505e+00 -4.050350e-03 0.000000e+00 
-4.658169e+00 1.569256e+01 -2.589316e-01 4.841011e+00 4.646725e+00 1.490590e+00 4.554022e+00 -4.665102e+00 1.619644e+00 -5.168346e+00 1.705046e+00 2.573357e+00 -1.512927e-01 3.977465e-01 -1.059374e-01 -2.661449e-01 -4.476696e-01 6.875278e-01 4.842556e-03 -8.170263e-01 -5.773124e-01 -4.894662e-01 -5.285886e-01 8.932166e-02 -1.227184e+00 0.000000e+00 
-4.168506e+00 1.647856e+01 -3.774281e-01 2.461553e+00 2.752746e+00 -1.535542e+00 -4.928970e-02 -5.182334e+00 2.515181e+00 8.985564e-01 3.575953e+00 4.996576e+00 -1.512927e-01 -2.766848e-02 3.803244e-01 1.363217e-01 1.228354e-01 5.621563e-01 9.187887e-01 -1.420419e+00 -1.115462e+00 -9.230680e-01 1.726022e-01 -1.464465e+00 -4.522588e-01 0.000000e+00 
-5.094200e+00 1.427501e+01 -3.423768e+00 2.087801e+00 7.436908e+00 1.185923e+00 2.191430e+00 -5.084691e+00 -3.559232e-01 -3.020868e+00 1.990184e+00 2.751100e+00 -1.512927e-01 -5.728335e-01 -5.655179e-02 -7.017576e-01 1.731987e-01 9.030282e-01 1.328762e+00 7.400466e-01 1.168919e+00 -5.985602e-01 9.515885e-01 -1.406907e+00 3.241719e-01 0.000000e+00 
-5.407229e+00 1.676235e+01 8.805323e-02 4.622333e+00 7.124342e+00 4.748022e+00 5.915670e-01 -8.063036e+00 -1.247576e+00 -1.046096e+00 -3.454021e+00 5.254201e+00 -1.512927e-01 -7.277715e-01 -1.428395e-01 -7.822756e-01 6.868938e-01 7.985805e-01 1.686301e+00 2.170863e+00 2.330889e+00 -3.149775e-01 2.909523e-01 -1.458559e+00 -5.480385e-02 0.000000e+00 
-6.902976e+00 1.526791e+01 -4.000460e+00 4.626615e+00 6.976068e+00 4.992618e+00 7.933826e+00 2.619842e+00 5.082211e-01 5.619227e-01 -1.814501e+00 4.065404e+00 -1.512927e-01 -5.113298e-01 4.913693e-02 -5.241898e-01 5.081909e-01 -1.069952e-01 7.857985e-01 1.882705e+00 2.609195e+00 3.484086e-01 8.773600e-01 -5.969850e-01 1.439813e-01 0.000000e+00 
