-1.214141e+01 9.410045e-01 1.067286e+00 2.184432e+00 -6.674206e-01 -9.674129e-01 7.145990e-01 -1.895779e+00 1.505464e+00 7.525985e+00 2.495208e-01 5.347901e+00 1.024893e-01 3.445473e-02 7.414379e-02 -1.745023e-01 -2.323451e-01 3.213157e-01 -7.270968e-03 9.969606e-01 8.191636e-01 6.773974e-01 7.265712e-01 -3.338018e-01 -1.417659e+00 -2.951217e-03 
-1.223896e+01 1.012137e+00 1.784421e-01 -3.944963e-01 -1.772656e+00 -4.896365e-01 1.796747e+00 -8.039761e-01 4.742185e-01 1.629584e+00 -1.323507e+00 1.237463e+00 1.043428e-01 5.176926e-03 -2.289734e-02 -5.668620e-01 -4.809859e-01 6.043164e-01 2.145928e-01 7.558209e-01 -1.514778e-01 2.460254e-01 7.984231e-01 -7.192035e-02 -1.019697e+00 -3.965938e-03 
-1.192036e+01 1.276157e+00 6.391962e-01 2.312171e+00 1.491776e+00 -1.242656e+00 5.158329e+00 1.654138e+00 5.408074e+00 1.410704e+01 -6.329746e-01 3.148259e-01 8.680648e-02 -1.237221e-01 -2.531402e-01 -6.464049e-01 -3.658423e-01 4.976366e-01 -7.738045e-02 -4.501168e-01 -6.339542e-01 -9.705615e-03 -2.935977e-02 -2.720575e-01 2.548895e-01 -2.706468e-03 
-1.222605e+01 6.589415e-01 -1.552979e+00 -2.843667e-01 1.274563e+00 2.431725e-01 2.271839e+00 -4.428126e+00 7.842860e-01 8.227572e+00 3.311667e-01 2.765951e+00 9.050101e-02 -1.766153e-01 -9.809744e-01 -1.378269e+00 4.283806e-01 1.518336e+00 8.975426e-01 -2.125115e+00 -3.469222e-01 3.837232e-01 9.232448e-01 7.492161e-03 4.690336e-01 1.856792e-02 
-1.276648e+01 -1.480987e-01 -1.299028e+00 3.001562e-01 2.971530e-01 -1.720720e+00 -1.773531e+00 -3.253475e+00 1.301903e+00 4.080192e+00 -1.938103e+00 5.858104e+00 9.587783e-02 -2.452496e-01 -9.475244e-01 -7.599989e-01 1.648026e-02 1.022129e+00 9.508774e-01 -2.607649e+00 -1.788769e-01 2.905676e-01 -9.296177e-01 5.376994e-01 3.585785e-01 1.509337e-02 
-1.269898e+01 -3.180607e+00 -5.743792e+00 2.753414e+00 6.416333e+00 4.237108e+00 -5.362901e+00 -8.478045e-02 4.445920e+00 1.125923e+01 -6.334815e-01 8.109921e-01 1.926467e-01 -4.214516e-02 3.399682e-02 3.596224e-01 5.347966e-02 1.019876e+00 7.423126e-01 -5.113889e-01 5.473507e-01 4.933931e-01 1.117933e-01 6.603689e-01 -2.448221e-01 1.933479e-03 
-1.291014e+01 -1.541691e+00 -1.065392e+00 8.756819e-01 4.031537e+00 1.514763e+00 -4.062549e+00 -1.411920e+00 5.030095e+00 7.943123e+00 2.537847e+00 3.085198e+00 1.112005e-01 -2.730160e-01 7.394856e-01 6.357560e-01 -1.554687e-01 8.404452e-01 7.572808e-01 6.737228e-01 -5.207624e-02 -6.985674e-01 -2.847427e-01 1.353693e+00 -1.626648e+00 6.426811e-03 
-1.236494e+01 1.525722e+00 1.283148e-01 -3.047313e-01 4.506753e+00 2.336994e+00 8.594035e-01 -2.612150e+00 1.387155e+00 6.855073e+00 1.395036e+00 2.928294e+00 9.250706e-02 -1.138117e-01 1.218600e+00 1.125860e+00 -9.013678e-01 -8.081185e-01 2.025862e-01 9.659951e-01 -6.370627e-01 -1.414811e+00 -2.313983e+00 3.803275e-01 6.414809e-01 -6.027627e-03 
-1.429858e+01 1.196165e+00 -1.056301e+00 1.051885e+00 5.454169e+00 3.015741e+00 -1.516069e+00 -2.250171e+00 -6.615520e-01 4.858559e+00 3.816102e+00 -3.333785e+00 1.780817e-01 2.022190e-02 7.961963e-01 6.262425e-01 5.104826e-02 -9.649520e-02 7.693971e-01 1.026022e+00 -5.822473e-02 -4.764887e-01 -1.394303e+00 -7.445964e-01 1.392211e+00 3.706563e-03 
-1.257382e+01 1.543464e+00 -1.190356e-01 -1.841527e+00 1.664424e+00 4.499550e+00 -1.806165e+00 -2.850968e+00 2.176911e-01 1.231597e+00 6.290283e-01 7.227888e+00 1.290680e-01 4.828644e-03 -2.598398e-01 3.072684e-01 8.430540e-01 -2.177996e-01 -1.614617e-01 6.435239e-01 9.833144e-01 5.595773e-01 -4.091107e-01 -8.865957e-01 1.213144e+00 -4.645598e-03 
-1.270459e+01 2.430419e+00 2.189495e+00 1.899321e+00 4.970225e+00 4.280471e+00 2.400345e+00 -1.583635e+00 3.232384e+00 3.783346e+00 -8.021312e-01 7.896457e+00 1.114529e-01 4.574543e-01 -6.677395e-01 -2.721825e-01 1.117420e-02 -3.327749e-01 -4.461543e-01 2.317592e+00 2.084909e+00 1.902663e+00 4.619026e-01 -8.199161e-01 1.249464e+00 -1.993153e-02 
-1.313779e+01 -3.906044e-01 4.175851e-02 3.486821e+00 3.659727e+00 8.973206e-01 2.118816e+00 1.971153e+00 2.238074e+00 5.347126e+00 -7.288260e-01 3.378894e+00 1.025935e-01 4.347311e-01 -5.275846e-01 -4.657230e-01 4.791000e-01 -2.526081e-01 -8.267991e-01 2.250406e+00 2.388962e+00 8.375124e-01 -2.422303e-02 -1.611529e+00 -8.728784e-01 -6.353581e-03 
-1.172932e+01 -1.175499e+00 -2.497611e+00 -1.556418e+00 2.792643e+00 2.586085e+00 8.109402e+00 5.763316e+00 7.841573e+00 5.110307e+00 3.954487e-01 4.838034e+00 9.166127e-02 3.934293e-01 -2.017857e-01 -6.528879e-01 -6.628755e-01 -9.139854e-01 -2.170121e-01 6.998014e-02 6.562362e-01 5.058950e-01 -7.865624e-02 -2.392762e-01 -9.656321e-01 5.593866e-03 
-1.088780e+01 7.084999e-01 -1.040976e-01 2.281842e+00 1.490175e+00 1.212748e+00 6.591334e+00 5.420367e+00 2.100658e+00 4.470016e-01 -8.027408e+00 4.392708e+00 1.071959e-01 1.620648e-01 2.071071e-01 -3.243024e-01 -1.138436e+00 -8.308930e-01 7.981375e-01 -1.596971e+00 -1.558934e+00 -4.131602e-01 1.898288e-01 1.425126e+00 -3.628094e-01 1.062580e-02 
-1.186244e+01 8.719389e-01 -1.002016e+00 -8.125674e-01 1.485074e+00 3.037696e+00 5.139865e-01 -2.706027e-02 5.830566e+00 5.840127e+00 1.650779e+00 2.561389e+00 1.371210e-01 -7.951669e-02 1.612447e-01 -3.770830e-01 -6.562102e-01 -1.118242e-01 1.770925e-01 -3.410297e+00 -2.633292e+00 -1.351068e+00 2.297736e-01 9.257613e-01 -9.317064e-01 7.849216e-03 
-1.226091e+01 -3.787876e-01 -2.327551e+00 -2.577283e+00 1.590462e-01 4.662202e+00 -2.068331e+00 -2.928327e+00 1.177777e+00 5.931360e+00 5.769139e+00 2.703170e+00 1.329926e-01 -5.384790e-01 -3.824320e-01 -2.065681e-01 -1.374869e+00 -4.412963e-01 -9.946374e-01 -2.458417e+00 -8.513020e-01 -6.420109e-01 1.816973e-01 2.435152e+00 -1.438318e+00 4.090995e-03 
-1.144035e+01 1.743686e-01 -3.271299e+00 -2.407906e+00 2.899086e+00 1.746820e+00 -4.612249e+00 -3.228796e+00 1.547674e+00 3.516995e+00 -1.874018e+00 1.024271e+00 1.180090e-01 -1.608942e-01 -2.098592e-01 6.283614e-01 -1.593435e-02 -2.048922e-01 -1.222091e+00 4.533762e-01 1.704393e+00 -1.490099e+00 -1.652489e+00 5.175591e-02 -8.687165e-01 -2.193481e-03 
-1.379124e+01 -8.548750e-01 -2.296686e-03 -3.794833e+00 -1.423313e+00 -3.115001e+00 -3.137632e+00 2.764724e+00 1.032050e+00 2.517054e+00 5.910752e+00 -2.030324e+00 1.372069e-01 3.519724e-01 1.903056e-01 1.423136e+00 9.546583e-01 -1.119161e-03 -9.501066e-01 1.916418e+00 1.345682e+00 -1.124852e+00 -1.263125e+00 -7.079867e-01 7.897915e-02 -4.944283e-03 
-1.190174e+01 6.068683e-02 9.771640e-01 -2.834641e-01 1.251792e+00 8.158407e-01 3.315518e+00 5.648382e+00 -1.547067e+00 -7.151649e-01 1.838752e+00 5.845530e-01 1.240465e-01 1.026489e+00 9.232081e-01 2.570290e+00 2.366029e+00 9.435355e-01 1.290987e+00 1.206369e+00 9.176521e-01 -1.918130e+00 -2.154342e+00 -3.540625e-01 1.110548e+00 6.016290e-03 
-1.027035e+01 6.295812e-01 2.663900e+00 1.133788e+00 9.770974e-01 3.771587e-01 3.549878e+00 -6.385069e-01 -2.899113e+00 1.731815e+00 3.728209e-01 3.317924e+00 1.052524e-01 3.673721e+00 2.160360e+00 2.087132e+00 2.094203e+00 3.020843e-01 4.800751e-01 1.551739e-01 1.356552e-01 -1.943514e+00 -2.187995e+00 -1.106388e+00 8.851563e-01 4.187595e-02 
-8.068351e+00 4.048181e+00 8.247052e+00 6.957929e+00 6.416559e+00 6.455675e+00 -1.924161e+00 3.061080e+00 -6.077392e+00 -6.862096e+00 -8.753648e-01 3.902889e+00 1.640676e-01 5.184417e+00 1.638320e+00 1.177408e+00 1.205000e+00 -1.964026e+00 -2.020424e+00 -1.087408e+00 3.645549e-01 -2.399923e+00 -2.513776e+00 7.015834e-01 5.772978e-01 9.293972e-02 
2.660663e+00 7.953178e+00 6.798416e+00 3.055485e+00 -2.495275e+00 -3.534542e+00 2.580771e-01 4.736651e+00 -6.420360e+00 -5.349454e+00 1.735869e+00 7.362893e-01 3.265761e-01 5.379404e+00 1.823734e+00 2.851205e-02 -4.321102e-01 -3.423249e+00 -2.610182e+00 7.047555e-01 6.570848e-01 -1.822862e+00 -2.999665e+00 7.991351e-01 7.667570e-01 1.146584e-01 
7.554833e+00 4.590490e+00 4.796947e+00 4.780685e+00 -6.832153e+00 -7.330428e+00 -4.756239e-01 4.783577e+00 -1.178606e+01 -9.743409e+00 4.665145e+00 4.761860e+00 4.780833e-01 4.024530e+00 8.461800e-01 -1.120370e+00 -1.686110e+00 -4.136722e+00 -3.233541e+00 1.087444e+00 -2.874115e-01 -1.852260e+00 -1.817921e+00 5.962795e-01 8.210763e-01 1.005786e-01 
8.815077e+00 9.477096e+00 4.531513e+00 6.185782e-02 -9.514793e+00 -5.780702e+00 6.349387e+00 1.785668e+00 -9.159090e+00 -1.182585e+01 1.598242e+00 6.722224e+00 5.215365e-01 1.676310e+00 6.791472e-01 -8.235775e-01 -6.579314e-01 -1.661882e+00 -1.208524e+00 2.272759e-01 -7.550915e-01 -7.749361e-01 -1.219965e+00 -2.900932e-01 1.177761e+00 6.463201e-02 
8.977094e+00 7.517122e+00 3.778653e+00 2.419186e-02 -1.075729e+01 -8.588949e+00 4.674022e-01 3.099514e+00 -1.396933e+01 -1.271350e+01 2.174846e+00 5.015304e+00 5.694807e-01 8.820156e-01 5.854585e-01 -5.979173e-01 -3.967726e-01 -1.013662e+00 -9.982540e-01 -4.108082e-01 -6.017209e-01 3.450189e-01 7.388725e-02 -3.496200e-01 9.684005e-02 4.310359e-02 
1.033108e+01 9.885598e+00 3.189675e+00 2.144074e+00 -8.842115e+00 -8.947900e+00 9.229438e-01 1.803225e+00 -9.203406e+00 -9.964231e+00 1.530552e+00 6.498374e+00 6.040374e-01 6.752366e-01 -3.288497e-01 -3.335970e-01 -9.352727e-02 -3.839323e-01 -9.837496e-01 -1.449880e+00 -1.140298e-01 3.357439e-01 8.366184e-02 6.400937e-01 -6.450314e-01 3.795232e-02 
1.120691e+01 7.313531e+00 2.478279e+00 1.755714e+00 -1.223680e+01 -1.073810e+01 1.835565e-01 1.766195e+00 -1.003881e+01 -1.030478e+01 2.950890e+00 5.357985e+00 6.523508e-01 7.324687e-01 -1.338950e-01 -3.797110e-01 -5.678339e-01 -2.738442e-01 -8.667614e-01 -3.824182e-01 -3.781157e-02 1.020248e+00 2.741710e-01 7.234576e-01 -3.565183e-01 3.575782e-02 
1.107635e+01 7.934643e+00 3.513715e+00 -1.271540e+00 -1.069470e+01 -9.624875e+00 -7.580901e-01 1.882179e+00 -9.445631e+00 -1.261190e+01 4.410688e+00 3.325726e+00 6.698630e-01 5.061280e-01 -8.145432e-01 1.947174e-01 -1.488428e+00 -9.698641e-01 -6.868314e-01 -5.298823e-01 6.724702e-01 3.336442e-01 5.325621e-01 1.095280e+00 -8.388914e-01 3.746852e-02 
1.226680e+01 7.823125e+00 1.718079e+00 -1.107171e+00 -1.120022e+01 -1.258427e+01 -6.041718e-01 2.870979e+00 -8.746979e+00 -1.001881e+01 4.352066e+00 4.819036e+00 7.153569e-01 4.032504e-01 -6.249474e-01 5.204549e-01 -2.309733e+00 -8.614852e-01 5.240628e-01 -1.158022e+00 4.241083e-01 2.177689e+00 1.207287e+00 7.570318e-01 -9.957636e-01 3.806252e-02 
1.233177e+01 5.558085e+00 4.543363e+00 -3.866621e+00 -1.420972e+01 -1.145897e+01 -1.332603e+00 4.613184e+00 -8.181100e+00 -7.444407e+00 6.306364e+00 2.573391e+00 7.598769e-01 3.113051e-01 -1.153900e+00 8.518900e-01 -2.761444e+00 -1.506561e+00 1.803259e+00 -1.587299e+00 4.388097e-01 2.409215e+00 2.151802e+00 4.343526e-01 -9.061081e-01 3.897195e-02 
1.259545e+01 5.377073e+00 4.565730e+00 -8.495408e+00 -1.478671e+01 -7.200737e+00 -5.319299e+00 2.521234e+00 2.173693e-01 -6.852099e+00 5.788211e+00 7.553349e-01 7.976564e-01 -2.470388e-02 -1.488729e+00 1.306496e+00 -3.143466e+00 -1.849754e+00 3.366583e+00 -5.167023e-01 -7.238816e-01 1.891921e+00 1.964749e+00 8.865247e-01 -1.736934e+00 3.240646e-02 
1.246855e+01 3.388167e+00 6.349339e+00 -1.138464e+01 -1.643426e+01 -3.300344e+00 -6.337021e+00 4.251100e+00 -1.881729e+00 -3.436252e+00 5.864379e+00 8.270361e-01 8.235730e-01 -8.026829e-02 -1.260102e+00 1.258314e-01 -2.357578e+00 -1.027128e+00 3.152136e+00 1.145934e+00 -1.445355e+00 1.131572e+00 1.497801e+00 -1.685137e-01 -7.469915e-01 2.464444e-02 
1.207489e+01 1.464438e+00 7.347568e+00 -1.306549e+01 -1.933672e+01 1.693314e-01 -6.854744e-01 -5.673866e-01 -2.437056e+00 -2.199146e+00 9.005682e+00 -2.992457e+00 8.455412e-01 -1.512035e-01 -1.869871e+00 -4.966872e-01 -6.345438e-01 -6.596746e-01 1.778877e+00 2.791142e+00 -4.102258e-01 -1.306609e+00 1.376080e+00 -1.205893e+00 -5.535065e-01 1.899400e-02 
1.219071e+01 1.213893e+00 3.781600e+00 -1.336947e+01 -1.707036e+01 6.166750e-01 2.080157e+00 -1.069281e+00 -1.196025e+00 -2.281877e+00 3.855060e+00 7.123300e-01 8.591567e-01 3.857546e-02 -1.575077e+00 -1.763017e+00 2.372074e-01 7.506428e-01 3.552111e-01 3.047957e+00 -5.366779e-01 -6.754739e-01 2.083031e-01 -1.764641e+00 -3.002248e-01 1.601879e-02 
1.197835e+01 -2.885143e+00 3.366163e+00 -1.067571e+01 -1.776704e+01 -2.648643e-01 4.427819e+00 3.130295e+00 -6.658528e+00 -5.488861e-01 7.634068e-01 -1.954845e+00 8.748345e-01 1.574554e-02 -1.279601e+00 -2.698723e+00 1.160583e+00 1.327290e+00 -2.338007e-01 2.018105e+00 7.250754e-01 -1.258064e+00 -5.141214e-01 -2.365568e+00 7.472508e-01 1.586476e-02 
1.270970e+01 -2.312429e+00 -4.750427e-01 -1.139349e+01 -1.346589e+01 -1.307191e+00 6.346117e+00 -2.811303e-01 -3.148362e+00 -3.219866e+00 1.162311e+00 -1.192894e+00 8.890203e-01 -1.761932e-01 -1.448890e+00 -1.960401e+00 5.804499e-01 1.591595e+00 7.440308e-01 6.300420e-01 -5.261026e-02 -6.026461e-01 -5.846360e-01 -1.972389e+00 5.116274e-01 1.572695e-02 
1.189413e+01 -3.170403e+00 -4.017724e+00 -8.250567e+00 -1.450251e+01 -3.773903e-02 7.272073e+00 2.663915e+00 -7.751205e+00 -4.300758e+00 -1.475783e+00 1.696409e+00 9.099332e-01 -6.594189e-01 -1.882321e+00 -1.055175e+00 -5.940485e-02 2.498947e+00 8.029908e-01 -1.436794e-02 -1.423023e+00 6.145172e-01 -1.126635e+00 -1.251332e+00 6.214857e-01 2.153423e-02 
1.135186e+01 -5.887927e+00 -2.328461e+00 -1.167979e+01 -1.074465e+01 4.223266e+00 3.808240e+00 -1.099143e+00 -3.662917e+00 -3.329121e+00 -4.887289e+00 1.444840e+00 9.202421e-01 -8.482289e-01 -2.488449e+00 2.232539e-01 -2.389905e-01 1.961687e+00 1.236871e+00 -5.742756e-01 -1.522886e+00 7.353648e-01 -1.089051e+00 -9.099069e-01 6.732764e-01 2.328753e-02 
9.360180e+00 -1.050900e+01 -9.830022e-01 -1.082959e+01 -6.632921e+00 9.848614e-01 5.624918e+00 -3.575816e+00 -3.328665e+00 -6.127435e+00 -2.468454e+00 -1.662834e-01 9.668947e-01 -3.271070e-01 -2.174882e+00 5.857215e-01 -7.148899e-01 1.745938e+00 1.640968e+00 -6.735121e-01 -2.421758e+00 1.519036e+00 -1.421242e+00 2.605592e-01 1.248045e+00 2.368686e-02 
9.735529e+00 -1.108538e+01 -8.761339e-01 -1.129894e+01 -7.592247e+00 4.365861e+00 4.298316e+00 -4.775697e+00 -1.682809e+00 -7.751786e+00 -2.890887e+00 3.104834e+00 9.769772e-01 -1.060361e-01 -8.504820e-01 -3.477436e-01 -2.024140e-01 1.190542e+00 1.471516e+00 -5.064183e-01 -1.946064e+00 8.996639e-01 -1.165951e+00 7.903785e-01 1.795423e+00 1.702127e-02 
1.106676e+01 -1.144609e+01 -1.815280e+00 -1.201544e+01 -7.349023e+00 8.095804e+00 3.659474e+00 -7.606596e+00 -1.146081e+00 -9.195637e+00 -1.171187e+00 7.106638e+00 1.000000e+00 1.376098e-01 1.251543e-01 -7.123860e-01 -3.748831e-01 1.337481e+00 1.429827e+00 -1.182174e+00 -1.743393e+00 1.283844e+00 -3.180432e-01 5.529555e-01 1.440155e+00 4.767662e-03 
9.968390e+00 -9.671793e+00 -3.651040e+00 -1.209893e+01 -4.433888e+00 8.025376e+00 2.258870e+00 -8.814073e+00 -2.558892e-01 -7.624777e+00 -1.584030e+00 6.785495e+00 9.887959e-01 2.798740e-01 1.239763e-01 -9.319350e-01 1.177127e-01 1.579100e+00 7.588903e-01 -1.471214e+00 -1.525475e+00 9.008021e-01 7.378789e-01 6.151299e-01 6.659877e-01 1.898694e-03 
9.931798e+00 -1.059002e+01 -3.157479e+00 -1.230400e+01 -1.524694e+00 6.304237e+00 7.337710e-01 -1.027359e+01 2.377094e+00 -7.781155e+00 -3.571053e-01 5.194159e+00 9.848237e-01 -6.367345e-02 1.374660e-01 -5.885611e-01 3.486495e-01 1.763873e+00 -5.320435e-01 -1.527940e+00 -5.843285e-01 4.245434e-01 9.917297e-01 1.074996e+00 -6.803423e-01 -2.323288e-03 
1.170238e+01 -1.089353e+01 -4.864709e+00 -1.056609e+01 -2.608912e+00 9.056096e+00 -1.594903e+00 -1.106957e+01 1.059615e+00 -4.769632e+00 -2.222788e-01 7.391012e+00 9.940588e-01 -2.501590e-01 3.093705e-01 -8.220713e-01 9.761995e-01 1.226426e+00 -5.313828e-01 -1.727568e+00 1.154616e-01 2.437054e-01 1.206476e+00 7.602863e-01 -8.030289e-01 -4.237497e-03 
9.881395e+00 -1.014789e+01 -4.151251e+00 -1.103862e+01 5.578520e-01 4.920227e+00 -2.053340e+00 -9.400490e+00 3.188842e-01 -5.664561e+00 3.522915e+00 3.402169e+00 9.857521e-01 -2.459359e-01 5.640457e-01 -1.351607e+00 1.756587e+00 6.702989e-01 -6.643951e-01 -1.403506e+00 1.127296e-01 8.629297e-01 4.750761e-01 7.005568e-01 -9.989837e-01 -6.683218e-03 
8.742797e+00 -8.346006e+00 -7.264511e+00 -7.850628e+00 6.569684e-01 6.060467e+00 -4.985416e+00 -8.673316e+00 1.991742e+00 -2.650696e+00 2.773914e-01 3.666346e+00 9.671442e-01 -5.231129e-01 6.879812e-01 -1.083786e+00 1.765086e+00 1.158463e+00 -2.486420e+00 -1.510144e-01 1.300974e-01 2.037233e+00 -4.801594e-01 -1.602672e-01 -1.243978e+00 -1.547016e-02 
1.018191e+01 -9.043552e+00 -8.715614e+00 -4.878801e+00 1.938605e-01 4.480076e+00 -4.588501e+00 -1.090807e+01 6.225678e+00 -6.465242e+00 2.895844e+00 2.061574e+00 9.648649e-01 2.131100e-01 8.346508e-01 -1.154854e+00 2.055156e+00 -7.979427e-02 -2.104780e+00 1.117005e+00 -8.720785e-01 2.394728e+00 1.043313e-01 -1.596036e+00 -4.328192e-01 -2.188661e-02 
8.936557e+00 -8.005791e+00 -8.001458e+00 -4.820572e+00 3.365400e+00 -3.155932e+00 -1.082394e+00 -9.665293e+00 8.292381e+00 -6.770089e+00 -7.100787e-01 1.841417e+00 9.271516e-01 2.855549e-01 1.382433e+00 -8.095867e-01 1.228158e+00 -6.506211e-01 -2.031857e+00 1.845138e+00 -5.970649e-01 1.501057e+00 6.680397e-01 -8.680336e-01 -1.133865e+00 -3.135715e-02 
1.085007e+01 -6.144742e+00 -9.557048e+00 -2.277863e+00 -1.195335e+00 -9.954728e-01 1.580176e+00 -1.326489e+01 9.142204e+00 -3.083209e+00 -3.963528e+00 2.150537e+00 8.963154e-01 -7.595553e-02 2.287110e+00 -4.203857e-01 1.673820e-01 -4.724642e-01 -1.212127e+00 1.319140e-01 1.181124e+00 4.053989e-01 1.160181e+00 -8.277685e-01 -1.363707e+00 -4.415634e-02 
9.836494e+00 -2.883248e+00 -1.089173e+01 -3.010307e+00 -1.901539e+00 -1.361042e+00 1.155933e+00 -1.048023e+01 8.038764e+00 -1.001514e+00 -6.330910e-01 -2.047460e+00 8.446332e-01 -3.352320e-01 2.155829e+00 9.852471e-01 -1.090341e-01 -4.853624e-01 -1.075577e+00 -1.266155e+00 2.278671e+00 -8.671480e-01 -4.790268e-02 6.384169e-01 -1.190266e+00 -4.935301e-02 
9.352163e+00 -1.692747e-01 -9.372408e+00 -4.947024e+00 4.650087e-01 -2.478006e+00 -5.048095e+00 -4.594982e+00 8.379481e+00 -3.548624e+00 -1.281493e+00 -2.812523e+00 7.853424e-01 -8.500196e-01 1.341200e+00 3.955194e+00 8.548099e-01 -1.292169e-01 -1.880963e+00 -1.519630e+00 2.643667e+00 -3.386443e+00 -8.120323e-01 5.382432e-01 -9.234160e-01 -5.640604e-02 
8.009348e+00 -2.143812e-01 -3.167543e+00 -4.031163e+00 1.084161e-01 -7.792548e+00 -4.099034e+00 -2.606897e+00 4.338003e+00 -6.776895e+00 1.140988e+00 -1.628381e+00 7.358730e-01 -4.071179e-01 2.702832e-01 5.876906e+00 1.250768e+00 -3.002822e-01 -1.772993e+00 -1.951750e+00 1.928841e+00 -4.199665e+00 -1.506192e+00 4.630002e-01 -9.425449e-02 -4.217098e-02 
7.513540e+00 -7.731756e-01 6.356831e+00 2.506614e+00 -2.846397e+00 -7.184535e+00 -3.390491e+00 -3.983224e+00 -5.939632e+00 -4.255680e+00 -2.159352e+00 -2.676084e+00 6.686653e-01 -4.982486e-02 -1.126615e-01 4.965211e+00 2.098594e+00 -7.600479e-01 -1.707762e+00 -8.493255e-01 1.049556e+00 -3.930158e+00 -7.334694e-01 3.766542e-01 -3.507833e-01 -2.531249e-02 
8.720216e+00 -1.229882e+00 1.062818e+01 -4.832837e-01 -1.747247e+00 -7.872742e+00 -9.431618e+00 -1.141904e+00 -5.800004e+00 -8.178944e+00 2.120839e+00 -2.586953e+00 6.921169e-01 3.722931e-01 2.770797e-01 2.151260e+00 2.196848e+00 -4.147891e-01 -1.066489e+00 -1.166599e+00 1.168753e+00 -1.914821e+00 -1.177225e-02 -3.192213e-01 -8.296210e-01 -1.362112e-02 
8.747604e+00 -2.248319e-01 8.555787e+00 3.772009e+00 -2.407399e+00 -1.097672e+01 -6.628430e+00 -7.969904e-02 -6.202303e+00 -6.514946e+00 1.118526e-01 -4.087154e+00 6.806580e-01 2.416873e-01 6.816362e-01 -2.766928e-01 1.561867e+00 -2.409310e-02 -9.727243e-01 -1.043559e+00 9.408412e-01 7.405177e-01 -2.166926e-01 -1.812926e-01 -6.814631e-01 -8.311009e-03 
9.253780e+00 8.968453e-01 6.489279e+00 6.320383e+00 -2.185029e+00 -1.122890e+01 -8.313059e+00 1.285108e+00 -5.104769e+00 -5.706123e+00 -1.590720e+00 -5.070950e+00 6.617711e-01 -2.881263e-01 7.328249e-01 -5.158947e-01 1.304203e+00 2.836742e-02 -2.311707e-01 -3.337579e-02 -4.099746e-02 6.150396e-01 7.877362e-01 -6.226342e-01 -8.620676e-01 -1.651213e-02 
8.455194e+00 1.571642e+00 7.042819e+00 6.914118e+00 -2.747972e+00 -1.037008e+01 -9.167566e+00 -4.925241e-01 -2.584661e+00 -6.575554e+00 -1.210035e+00 -4.841401e+00 6.422831e-01 -4.944587e-01 2.021900e-01 4.808032e-01 4.191445e-01 -1.190980e-01 9.085158e-01 -5.112360e-01 -5.817385e-01 -2.396229e-01 7.231678e-01 9.690441e-01 -1.002873e+00 -1.812742e-02 
7.425790e+00 1.536005e+00 8.805193e+00 4.466679e+00 -1.435123e+00 -9.331917e+00 -8.328930e+00 -1.140478e+00 -4.533627e+00 -4.209959e+00 -3.313880e-01 -6.520167e+00 6.287436e-01 -5.888909e-01 -4.547138e-01 1.095487e+00 3.274287e-01 -3.895938e-01 1.564502e+00 -5.784813e-01 -1.238807e+00 -9.845610e-01 8.761435e-01 1.966550e+00 -1.365175e+00 -1.734136e-02 
7.189307e+00 4.665380e-01 9.801847e+00 6.794583e+00 -3.377842e+00 -7.382634e+00 -9.176676e+00 -1.775598e+00 -7.685988e+00 -3.647189e+00 4.327407e+00 -8.376910e+00 6.065346e-01 -5.609893e-01 -6.740042e-01 1.148151e+00 3.423228e-02 4.108748e-01 1.720455e+00 -8.662950e-01 -1.009243e+00 -1.242085e+00 1.515556e+00 1.183001e+00 -1.430870e+00 -1.543357e-02 
6.942270e+00 -8.241715e-01 1.058720e+01 8.017294e+00 -3.818062e+00 -4.900113e+00 -1.120091e+01 -4.267391e+00 -7.476911e+00 -2.789588e+00 5.473307e+00 -1.012907e+01 5.929385e-01 -6.748903e-01 -6.501690e-01 4.506364e-01 -8.678436e-04 1.043400e+00 1.825320e+00 -1.015365e+00 -3.729192e-01 -3.159828e-02 1.144291e+00 -5.689998e-02 -1.916265e+00 -1.106908e-02 
5.892008e+00 -6.182905e-01 1.189257e+01 5.309972e+00 4.978719e-01 -3.983705e+00 -1.206305e+01 -3.975281e+00 -7.323445e+00 2.920415e-01 1.802623e+00 -1.019130e+01 5.830178e-01 -8.434218e-01 -1.546438e-01 -1.767339e+00 1.312354e-01 1.841707e+00 -1.448846e-01 -8.012943e-02 2.032906e+00 2.158517e+00 3.197822e-01 -1.634019e+00 -9.927709e-01 -1.468450e-03 
4.699988e+00 -1.172425e+00 1.001301e+01 5.204646e+00 1.844022e+00 -1.904782e+00 -1.196256e+01 -1.905233e+00 -4.872890e+00 -4.581169e-01 6.465039e-01 -1.519430e+01 5.851566e-01 -5.344056e-01 3.043477e-01 -3.717316e+00 6.230512e-01 1.949688e+00 -3.459709e-01 5.073240e-01 3.244914e+00 2.412162e+00 -2.480961e-01 -1.609458e+00 3.722493e-01 1.003593e-03 
4.093339e+00 -1.325541e-01 1.252247e+00 8.857084e+00 2.999652e+00 -9.604722e+00 -9.196495e+00 7.207855e+00 1.804588e+00 -3.214013e+00 -1.429286e+00 -1.080815e+01 6.030833e-01 -1.354283e-01 7.277738e-01 -4.447929e+00 1.655089e+00 1.913833e+00 8.908411e-02 1.770798e+00 3.346539e+00 1.792433e+00 -6.409730e-01 -1.993701e+00 1.322315e+00 -1.099572e-02 
5.169576e+00 4.546988e-01 -2.679221e+00 9.358994e+00 4.679487e+00 -3.819459e+00 -1.009757e+01 6.365608e+00 1.988190e-02 -2.277041e+00 -9.580266e-01 -7.959398e+00 5.879238e-01 2.656466e-01 8.077412e-01 -3.206762e+00 9.776365e-01 2.400666e+00 -4.869727e-01 1.916318e+00 2.214267e+00 6.200916e-01 1.357214e-02 -9.708927e-01 1.459571e+00 -2.304537e-02 
4.980072e+00 2.207017e+00 -4.000959e+00 1.150824e+01 8.649303e+00 -2.580946e+00 -4.141555e+00 8.621996e+00 -8.076664e-01 -2.003361e+00 -7.363618e+00 -7.197176e+00 5.266557e-01 -2.450123e-01 1.973176e-01 -1.196200e+00 8.213915e-01 3.042238e+00 1.287703e+00 3.122702e+00 6.417764e-01 4.105689e-01 -2.559367e-01 -1.488275e+00 -2.222574e-01 -3.315992e-02 
5.584854e+00 1.696495e+00 -3.394192e+00 8.767248e+00 1.102253e+01 -7.851534e+00 -4.908444e+00 8.459032e+00 -4.663051e-01 -9.955822e-01 -1.240793e+00 -9.701933e+00 5.081436e-01 -7.174462e-01 -3.061637e-01 -2.176630e-01 3.844757e-01 2.622693e+00 6.441251e-01 3.538244e+00 6.791776e-01 1.893061e+00 1.094842e+00 -1.366148e+00 -1.767497e+00 -3.169281e-02 
2.660638e+00 2.331359e-01 -4.371270e+00 1.325991e+01 1.503932e+01 -1.150167e+00 3.822453e+00 9.370026e+00 4.100526e+00 -5.134426e+00 -8.729279e+00 -1.104817e+01 4.771738e-01 -7.872338e-01 -1.171978e+00 -5.886127e-01 -4.989008e-01 1.273198e+00 2.566722e+00 3.075291e+00 8.278688e-01 2.214378e+00 2.032576e+00 1.475191e-03 -1.314873e+00 -2.647756e-02 
2.742062e+00 -8.917904e-02 -3.582381e+00 1.040554e+01 1.459794e+01 -1.314222e+00 3.611645e+00 9.387482e+00 7.031092e+00 4.762701e+00 -7.105939e+00 -1.487139e+01 4.542006e-01 -8.420862e-01 -1.125299e+00 -6.314400e-01 -5.621614e-01 3.745193e-01 3.880340e+00 2.605417e+00 -2.412316e-01 1.710630e+00 2.580366e+00 4.291031e-01 4.146419e-01 -3.440573e-02 
2.465299e+00 -2.760034e+00 -6.849928e+00 8.194595e+00 1.322759e+01 6.984011e+00 6.974854e+00 1.229712e+01 6.515525e+00 5.280379e+00 -4.423669e+00 -1.118682e+01 4.212394e-01 -3.543078e-01 -4.780506e-01 -9.770819e-01 -2.244143e+00 -7.328342e-01 2.719592e+00 5.977798e-01 -1.681759e+00 2.911602e-01 3.138179e+00 1.551450e+00 1.802518e+00 -3.993871e-02 
1.472093e+00 -2.433416e+00 -5.312062e+00 8.489100e+00 1.380099e+01 7.483077e+00 6.542440e+00 5.789328e+00 6.879346e+00 6.698843e+00 -1.248082e+00 -7.559400e+00 3.640822e-01 -8.261345e-01 -3.280593e-01 -1.075361e+00 -2.561047e+00 -1.412214e+00 1.893488e+00 -6.503574e-01 -2.115702e+00 8.568864e-02 1.178897e+00 1.268427e-01 1.693882e+00 -4.963750e-02 
1.524084e+00 -9.849986e-01 -8.391838e+00 2.997417e+00 1.177363e+01 8.049140e+00 5.345954e+00 2.760304e+00 5.632200e+00 9.588398e+00 -3.900958e+00 -5.691571e+00 3.225395e-01 -1.408933e+00 -4.097970e-01 -9.123976e-01 -2.401799e+00 -2.324062e+00 -4.059380e-01 -1.779104e+00 -2.775519e+00 -7.772390e-01 3.134806e-01 -8.851679e-01 1.223872e+00 -5.146277e-02 
-9.180031e-01 -2.616993e+00 -8.188230e+00 1.988882e-01 8.263855e+00 7.620653e+00 1.174308e+00 3.577375e+00 7.901198e+00 8.503178e+00 -6.733081e+00 -9.149598e+00 2.553630e-01 -1.733584e+00 -7.821191e-01 -1.317263e+00 -2.444120e+00 -2.952013e+00 -1.694220e+00 -6.946241e-01 -1.753305e+00 -2.368794e+00 -1.576965e+00 -9.172262e-01 1.008146e+00 -4.546883e-02 
-3.384317e+00 -4.717231e+00 -9.973831e+00 3.307057e-01 4.375844e+00 4.885533e+00 7.634004e-01 -4.745011e-01 2.118404e+00 5.945615e+00 -6.107009e+00 -4.272357e+00 2.182851e-01 -1.751219e+00 -3.063117e-01 -1.846313e-01 -1.335798e+00 -1.885141e+00 -1.648613e+00 4.716563e-02 -7.060841e-01 -1.916867e+00 -1.627832e+00 1.234976e+00 8.869964e-01 -4.207157e-02 
-4.741629e+00 -4.477896e+00 -1.110738e+01 -2.398144e+00 2.739818e+00 5.937785e-01 5.360597e+00 -1.359795e+00 -3.207728e+00 6.354076e-01 -4.731188e+00 -3.228279e+00 1.888652e-01 -1.208319e+00 8.163515e-01 1.424511e-01 -8.929669e-01 -7.493757e-01 -1.347672e+00 -4.536323e-01 -4.390126e-01 -2.414824e+00 -7.739002e-01 1.291063e+00 1.000330e+00 -2.751677e-02 
-5.320196e+00 -1.586106e+00 -7.855420e+00 -2.383056e+00 5.109941e+00 3.319514e+00 3.488638e+00 1.698469e+00 1.602328e+00 5.383121e+00 1.272976e+00 -4.217249e+00 1.454306e-01 -7.152085e-01 1.365992e+00 1.073170e+00 -4.873209e-01 -4.530682e-01 -1.262965e-01 -1.041335e+00 7.267939e-01 1.249764e-01 -5.405507e-02 8.010427e-01 5.879319e-01 -1.847130e-02 
-5.991660e+00 -1.007984e-01 -8.535180e+00 -2.909066e+00 4.149928e+00 1.665304e+00 -2.456472e+00 2.958274e-01 -3.914883e+00 4.914924e+00 -3.967757e+00 -4.175503e+00 1.542065e-01 -4.478186e-01 1.523485e+00 2.057785e+00 9.941098e-01 9.437783e-02 8.667447e-01 -1.108021e+00 9.541194e-01 1.717542e+00 1.176651e+00 7.813616e-02 1.203650e+00 -9.578789e-03 
-6.335344e+00 -7.581973e-02 -5.894080e+00 -1.850438e+00 1.405448e+00 3.718288e+00 -5.347409e-01 2.331657e+00 3.096864e+00 3.535582e+00 -2.483511e+00 -8.590849e-01 1.432580e-01 -7.508796e-01 1.049855e+00 2.427972e+00 1.667837e+00 -1.391684e-01 7.981539e-02 5.241446e-01 -3.515821e-01 1.047111e+00 1.072003e+00 7.384518e-01 2.425924e+00 -5.721688e-03 
-6.473147e+00 2.384386e+00 -1.799128e+00 2.306096e+00 5.063954e+00 4.728115e+00 1.832178e+00 3.094208e+00 4.632717e+00 7.442432e+00 -2.462263e+00 1.110888e+00 1.420576e-01 -8.647627e-01 6.374618e-01 2.225219e+00 1.358945e+00 2.519948e-02 -1.015681e+00 5.840443e-01 -1.494170e+00 -2.106734e-01 -5.077551e-01 1.094932e+00 1.807775e+00 -1.661795e-02 
-8.833851e+00 2.420579e+00 9.164171e-01 3.348549e+00 3.957087e+00 2.187186e+00 3.965035e+00 -1.458632e+00 2.564082e+00 9.479381e+00 4.212488e+00 5.269175e+00 1.228966e-01 -7.412266e-01 8.188413e-01 1.315557e+00 7.863727e-01 1.095652e+00 -7.025388e-01 7.672453e-03 -1.381544e+00 -1.349102e+00 -1.022157e+00 2.246858e-01 1.471741e+00 -1.400315e-02 
-9.066220e+00 1.838311e+00 -8.143337e-01 1.286165e+00 3.000106e+00 -2.647551e+00 -1.786139e+00 -5.279881e+00 -4.701859e+00 -5.957513e-01 -1.841096e+00 1.799243e+00 8.129740e-02 -4.284539e-01 6.270279e-01 6.090051e-01 7.478435e-02 7.016588e-01 -4.833270e-01 4.776655e-01 4.757341e-01 -3.059716e-01 -3.828171e-01 1.916614e-01 2.315146e-01 -9.560823e-03 
-8.744941e+00 4.291425e+00 1.913071e-01 2.591391e+00 7.915630e+00 3.893427e+00 1.312780e+00 -3.890181e-01 1.018643e+00 2.443887e+00 -1.670666e+00 6.155441e+00 1.036223e-01 2.813256e-01 6.091714e-01 -3.577559e-02 -2.992862e-01 -1.714417e-01 -1.615863e-01 1.607151e-01 2.513201e+00 1.507057e+00 5.266175e-01 -1.014680e+00 -1.390571e+00 1.776093e-03 
-8.659872e+00 4.584103e+00 1.608452e+00 3.058597e+00 6.592977e+00 1.458359e+00 5.546634e+00 4.938072e+00 3.875578e+00 9.046094e+00 1.437621e+00 1.825328e+00 1.038906e-01 6.343365e-02 4.361452e-01 5.089825e-01 3.602996e-01 4.895992e-02 1.489769e+00 1.517470e+00 2.694567e+00 2.583163e+00 2.751185e+00 2.426959e-01 -7.435108e-01 9.599948e-03 
-7.630397e+00 4.093540e+00 -4.738537e-01 9.659024e-01 1.303443e+00 -6.737006e-01 1.102225e+00 5.998397e+00 5.810647e+00 7.291545e+00 -2.500272e+00 -1.696721e+00 1.204804e-01 -4.236191e-01 -1.190277e+00 5.994990e-02 3.676849e-01 -3.608232e-01 1.071616e+00 4.918184e-01 -5.667639e-02 1.155075e+00 6.968533e-01 -2.082938e-01 -8.654169e-01 3.123051e-03 
-9.306324e+00 4.117979e+00 2.063159e+00 3.900407e+00 6.550999e+00 7.084856e+00 5.906488e+00 4.999247e+00 5.817953e+00 1.073635e+01 -2.128139e-01 2.007770e+00 1.208681e-01 -4.977685e-01 -1.098610e+00 -3.356980e-01 8.620362e-01 4.063734e-01 2.308474e+00 1.411326e-01 -1.010214e+00 1.568508e-03 -6.507346e-01 -2.057671e-01 4.878542e-01 2.973336e-03 
-1.053981e+01 -1.426896e+00 2.637032e-01 4.008911e+00 6.132503e+00 6.438259e+00 3.591944e+00 -7.029872e-01 5.822830e+00 5.083028e+00 -1.886918e+00 1.737135e+00 1.107488e-01 -2.043766e-01 -4.446599e-01 2.023246e-01 9.243824e-01 1.142206e+00 2.005178e+00 1.279471e+00 -1.474201e+00 1.992618e-01 2.595114e-01 4.405897e-01 6.499581e-01 -4.816645e-03 
-9.694008e+00 1.851270e+00 -4.388165e-01 5.847274e+00 6.210314e+00 9.444749e+00 5.007437e+00 3.237692e+00 3.877330e+00 6.896679e+00 1.021085e-01 2.547671e+00 1.236231e-01 4.738046e-01 5.701070e-01 6.341361e-01 5.658221e-01 2.259267e-01 -4.349321e-01 2.273231e-01 -4.390725e-01 -1.417539e+00 -5.557561e-01 8.397350e-01 4.370410e-01 -5.024731e-04 
-8.458438e+00 3.003595e+00 1.788757e+00 4.614381e+00 7.184815e+00 8.172241e+00 7.949104e+00 -4.918301e-01 7.777268e+00 1.050894e+01 -4.547844e-01 1.283119e+00 9.501970e-02 4.360661e-01 1.383202e+00 1.080092e+00 2.466830e-01 1.501695e-01 -3.352341e-01 -8.785715e-02 8.498132e-01 -1.397958e+00 -8.332038e-01 8.559891e-01 6.935129e-01 8.790016e-04 
-7.977987e+00 4.753268e+00 4.471313e+00 6.426782e+00 7.154477e+00 4.043204e+00 4.864524e+00 2.698306e+00 -2.246961e+00 5.244611e+00 3.269794e+00 4.419983e+00 1.262203e-01 -1.382461e-01 2.340600e-01 6.538552e-01 -2.491679e-01 2.305083e-02 -1.171360e+00 -6.330276e-01 3.551367e-01 -5.124502e-01 -1.859980e+00 -4.376826e-02 1.054248e+00 -4.282785e-03 
-9.217490e+00 4.038112e+00 3.209101e+00 4.952571e+00 6.411269e+00 7.462861e+00 3.224115e+00 3.815772e+00 1.895185e+00 1.743043e+00 8.091846e-01 4.268544e+00 1.138452e-01 -3.990458e-01 3.715446e-01 7.774087e-01 -1.790115e-01 -7.694448e-01 -6.905093e-01 -1.449169e-01 -2.790370e-02 -7.639748e-01 -1.195403e+00 -7.631062e-01 4.240336e-01 -3.187954e-03 
-1.000571e+01 2.504311e+00 2.120288e+00 4.432339e+00 6.712341e+00 3.942640e+00 4.204793e+00 2.859575e+00 4.256120e+00 1.979726e+00 -7.487173e-01 6.326200e+00 9.279639e-02 -4.936921e-01 -1.657461e-01 3.392491e-01 -5.421861e-01 -2.240836e-01 5.737211e-01 6.531125e-01 -1.439975e+00 1.665894e+00 8.278604e-01 -1.377987e+00 -5.975011e-01 -5.401963e-03 
-9.439804e+00 5.985797e+00 6.851313e+00 4.716545e+00 3.558658e+00 4.769977e+00 7.554385e+00 -7.119832e-01 7.058533e-01 6.164362e+00 -2.261059e+00 2.450179e+00 9.579188e-02 -2.499897e-01 -1.893837e-01 -2.497917e-01 1.068806e-01 -6.901546e-01 -3.867288e-01 -4.540164e-01 -1.010390e+00 1.220003e+00 2.325253e+00 8.714088e-01 -9.486821e-02 3.468198e-03 
-1.033529e+01 2.950696e+00 4.346452e+00 3.833865e+00 7.460364e+00 8.258251e+00 5.964952e+00 -2.237691e+00 6.677174e+00 7.173253e+00 -2.085017e+00 2.341660e+00 1.082371e-01 -1.456719e-01 -2.390415e-01 -8.550709e-01 3.777412e-01 -9.223887e-01 -2.541022e-01 -1.574211e+00 -1.069804e-01 1.113592e+00 2.219382e+00 2.126163e+00 2.256839e-01 8.901286e-03 
-1.030265e+01 2.868001e+00 8.470597e-01 5.786211e+00 2.586484e+00 3.371411e+00 7.395384e-02 1.312454e+00 6.784673e+00 1.077254e+01 5.834378e+00 5.786472e+00 1.234658e-01 -1.693049e-01 -6.318285e-01 -1.550790e+00 4.091681e-01 -6.818227e-01 -7.683970e-01 -2.085186e+00 7.599021e-01 1.226514e+00 1.281565e+00 2.411027e+00 1.011740e+00 7.057661e-03 
