-4.414720e+00 -6.670430e+00 -7.287868e+00 -1.047245e+01 -6.553599e+00 -5.101414e+00 5.403853e+00 1.520061e+00 -8.094559e+00 3.037625e+00 6.719889e+00 6.747903e+00 1.450952e-01 5.582733e-01 2.307611e-01 4.750537e-01 9.039159e-01 6.256217e-01 2.022346e+00 1.928758e+00 1.261398e+00 1.415833e+00 -8.185784e-01 -1.405272e+00 -3.235535e+00 6.258375e-03 
-2.140655e+00 -8.523302e+00 -6.431959e+00 -8.527295e+00 -5.109329e+00 -2.954885e+00 8.044823e+00 1.459063e+00 -5.296562e+00 -1.999685e+00 2.997267e+00 3.410151e-01 1.935282e-01 -2.912925e-01 1.357599e+00 5.654593e-01 1.025778e+00 1.679811e+00 2.959044e+00 2.278386e+00 1.018584e+00 2.253473e+00 3.208710e-01 -2.514604e+00 -3.083076e+00 -1.452724e-02 
-2.760386e+00 -4.590188e+00 -5.340554e+00 -6.925453e+00 -4.147626e+00 3.937050e+00 1.372716e+01 7.857552e+00 -2.414395e+00 1.463388e+00 1.554839e+00 -6.226328e+00 1.521705e-01 -1.193208e+00 1.838725e+00 7.016778e-01 1.445431e+00 2.405162e+00 2.250031e+00 1.381257e+00 -2.110149e-01 2.686889e+00 1.699661e+00 -1.951515e+00 -8.258029e-01 -2.850192e-02 
-6.698349e+00 -9.225583e-01 -5.434229e+00 -7.117062e+00 6.424668e-01 5.174572e+00 1.263413e+01 3.444233e+00 3.327241e-01 5.429098e+00 -3.270607e+00 -2.180364e+00 6.892127e-02 -1.773125e+00 1.906259e+00 1.148442e+00 1.326245e+00 2.391050e+00 2.505030e-01 -1.466568e+00 -5.863328e-01 1.752607e+00 1.833524e+00 -3.466887e-01 1.311840e+00 -3.396047e-02 
-8.101914e+00 -1.277178e+00 -4.278344e+00 -3.950416e+00 2.596313e+00 2.084013e+00 1.001549e+01 -5.275991e-01 2.525242e+00 7.821540e+00 9.624982e-02 3.879578e+00 6.488901e-02 -1.362783e+00 9.508690e-01 1.370531e+00 1.209889e+00 1.484378e+00 -1.884105e+00 -3.571608e+00 -1.594779e+00 1.081960e+00 1.401082e+00 1.205050e+00 2.040762e+00 -1.686022e-02 
-8.335513e+00 -6.485131e-01 -1.220853e+00 -3.383590e+00 3.473950e+00 -7.758516e-01 2.567821e+00 2.719974e+00 9.966545e-01 3.988858e+00 1.993118e+00 1.847261e+00 6.736660e-02 -6.791681e-01 1.380954e-02 8.950162e-01 5.714760e-01 -2.494550e-03 -2.767785e+00 -3.447459e+00 -1.691376e+00 1.248516e-01 7.117324e-02 5.962354e-01 1.176347e-01 2.169186e-03 
-8.755719e+00 2.713466e-02 -5.945848e-01 -2.742745e+00 1.858521e+00 -2.508262e+00 9.022751e-01 2.457849e-01 2.663438e+00 9.188919e+00 4.948226e+00 1.963669e+00 6.864679e-02 -2.404537e-01 -1.558323e-01 3.530965e-01 -1.551834e-01 -8.271146e-03 -1.099964e+00 -1.142823e+00 -9.710439e-01 -1.282149e-01 -1.154759e+00 -1.599489e+00 -2.627168e+00 1.567715e-03 
-9.767287e+00 -1.505667e+00 -2.801027e+00 -4.863517e+00 9.988902e-01 -6.368215e+00 -4.656315e-02 -5.399338e+00 8.878837e-01 5.101275e+00 -2.715418e+00 -6.342361e-01 7.788831e-02 2.117039e-01 1.628565e-01 -7.004484e-01 -8.912213e-01 2.558255e-01 9.108403e-01 9.830431e-01 -7.348108e-01 7.665949e-01 -6.748970e-01 -2.009125e+00 -1.938422e+00 9.208441e-04 
-8.588296e+00 -1.627763e+00 -1.722775e+00 -3.986369e+00 3.792487e+00 -6.196260e-01 5.608565e+00 -1.323162e+00 1.938553e+00 1.491538e+00 -5.546929e+00 -8.015512e+00 6.746674e-02 3.873001e-01 1.481293e-01 -6.776808e-01 -6.999303e-01 6.947792e-01 1.155464e+00 6.757241e-01 6.433313e-01 -8.223169e-01 -1.492273e+00 -3.088898e-01 -5.837079e-01 -8.803367e-04 
-7.360705e+00 9.932183e-01 -4.159000e+00 -7.217885e+00 3.786094e+00 2.834032e+00 5.129892e+00 -1.696062e-01 5.192072e+00 4.463063e+00 -2.804928e+00 -2.855257e+00 7.256085e-02 3.135374e-01 5.789623e-01 1.594933e-02 4.185567e-01 3.570772e-01 6.833394e-01 4.896740e-01 1.214660e+00 -1.204813e+00 2.556283e-02 1.780503e+00 1.060129e+00 1.826990e-03 
-8.022510e+00 -4.816616e-01 -3.304002e+00 -5.065213e+00 3.938815e+00 -1.332064e+00 1.692668e+00 8.475758e-01 -3.600241e+00 2.046661e+00 3.448532e+00 1.556392e-01 6.690884e-02 -2.661610e-01 9.693573e-02 -5.083823e-02 1.258140e-02 -1.085736e+00 -1.280526e+00 -5.392807e-02 -4.432358e-01 -2.428249e+00 1.024887e+00 1.444170e+00 1.427400e+00 5.367142e-03 
-8.482493e+00 8.160938e-01 -1.930667e+00 -2.231312e+00 2.711112e+00 -2.595299e+00 4.359755e+00 -4.114046e-01 -2.366786e+00 4.951528e+00 1.689367e+00 5.808322e-01 8.730221e-02 -1.368694e-01 -1.178324e-01 4.187816e-01 1.090312e+00 -2.620424e-01 -1.140632e+00 2.652353e-01 -5.880815e-01 -1.208018e+00 7.136178e-01 1.612537e-01 -1.857940e-01 1.240552e-04 
-9.358207e+00 -1.054522e+00 -3.091133e+00 -6.416749e+00 -1.098701e+00 -4.307592e+00 5.723993e+00 -3.418442e+00 -6.423265e+00 6.371743e+00 -5.732276e-01 -2.596555e+00 8.693177e-02 4.791145e-02 1.537589e-01 3.430004e-01 2.339827e-01 -8.022525e-01 -6.695076e-01 -4.844210e-02 1.374990e-01 1.996175e+00 7.421137e-02 -8.643178e-01 -5.828882e-01 -1.219910e-03 
-7.377204e+00 6.904866e-01 -2.171527e+00 -1.090559e+00 4.994640e+00 -1.381363e+00 4.440406e+00 -9.770049e-01 5.634931e-01 5.868611e+00 1.222014e-02 -2.408130e+00 6.316966e-02 5.911522e-02 -2.847409e-02 4.278490e-01 -1.765465e-01 -5.414072e-01 -7.702722e-01 -8.954763e-01 1.479391e+00 2.814171e+00 -6.466570e-02 8.111382e-03 -1.023690e-01 -4.886651e-03 
-8.335597e+00 3.499364e-01 -1.468570e+00 -4.465676e+00 -1.214211e+00 -5.286570e+00 1.410132e+00 1.817871e+00 4.915493e+00 1.959176e+00 -3.448367e-02 -1.264321e+00 7.287556e-02 5.783043e-02 -2.175935e-01 -1.241634e-01 -1.771180e-01 2.948974e-01 -6.302105e-01 -8.372766e-01 1.307993e+00 2.007994e+00 -5.787635e-01 -8.920963e-02 -3.862643e-02 -4.452688e-03 
-8.698222e+00 -2.850580e-02 -6.027031e-01 -4.089581e+00 6.183195e-02 -5.957171e+00 2.039304e+00 4.367395e+00 6.034692e+00 6.834483e+00 1.460552e+00 -5.971296e-01 6.989706e-02 -9.902382e-02 -5.641912e-01 -8.488841e-01 -3.138968e-01 5.965027e-01 -6.516315e-01 -9.409745e-02 2.915744e-01 1.174781e-01 -4.231686e-01 1.620175e-02 8.283105e-01 2.665877e-04 
-8.408545e+00 -1.782993e+00 -4.496362e+00 -5.802828e+00 2.842190e+00 -5.170741e+00 2.738161e+00 4.493209e-01 8.811073e-01 2.994990e+00 -1.743442e+00 -3.695187e+00 6.130463e-02 1.027050e-01 7.450199e-03 -5.084998e-01 1.068454e+00 1.462257e+00 6.115332e-01 1.339664e+00 -7.663158e-01 -9.107012e-01 -3.327820e-01 -6.603184e-01 3.206076e-01 2.743423e-03 
-7.835849e+00 -1.064005e+00 -4.902052e+00 -1.991467e+00 5.948953e+00 -4.697436e+00 3.305905e+00 1.165142e+00 3.168076e+00 3.234861e+00 9.477079e-01 2.948856e+00 7.028806e-02 3.113718e-01 1.977537e-01 -7.230775e-01 2.264083e-01 3.957449e-01 1.232525e+00 8.429924e-01 -1.371424e+00 -1.191522e+00 -7.963272e-01 -7.136610e-01 4.468485e-01 3.514808e-03 
-8.253259e+00 9.049369e-01 -1.861395e+00 -1.724620e-01 3.153514e+00 -2.858772e+00 7.475151e+00 -4.125808e-01 1.795295e+00 2.095077e+00 -3.079654e+00 -1.434275e+00 8.639717e-02 7.131149e-01 -1.015980e+00 1.799304e+00 -2.139963e+00 -2.764950e+00 3.128209e+00 1.162458e+00 -3.729882e-01 -1.885028e+00 -2.190741e+00 1.026110e+00 4.880762e-03 1.589593e-01 
-7.219007e+00 -3.837023e-01 -5.535574e+00 -5.772722e+00 1.884894e+00 -9.505290e-01 3.885771e+00 -2.058773e+00 -3.800129e-01 3.302803e+00 -1.439647e+00 5.066569e-01 7.492483e-02 4.513282e-01 -1.475753e+00 1.700443e+00 -3.492507e+00 -4.290941e+00 3.027503e+00 3.309568e-01 1.865424e-01 -2.584564e+00 -2.271425e+00 1.141165e+00 -1.461371e+00 2.561929e-01 
-5.151392e+00 -7.203046e+00 4.816918e+00 -1.461202e+01 -8.950529e+00 8.596852e+00 8.260519e+00 1.963377e-01 -6.769990e+00 -7.992687e+00 4.580784e+00 -2.449684e+00 8.537830e-01 -7.295057e-01 -1.572872e+00 1.396884e+00 -1.543281e+00 -3.594980e+00 -4.794836e-01 -1.006788e-01 1.552454e+00 -8.181570e-01 -1.516509e+00 5.438155e-01 -4.255133e-01 2.567391e-01 
-7.130141e+00 -4.388780e+00 2.610067e-01 -1.223422e+01 -9.453731e+00 4.712266e+00 4.568005e+00 1.793395e+00 -5.472101e+00 -3.078381e+00 2.823317e+00 -3.850294e+00 9.675596e-01 -2.294283e+00 -4.623789e-01 1.388781e+00 1.922164e+00 -1.812313e+00 -2.578047e+00 -6.783130e-02 1.275649e+00 6.881344e-01 3.591599e-02 -1.983426e-01 -9.464322e-01 1.793678e-01 
-1.194522e+01 -4.956884e+00 2.224734e+00 -4.658116e+00 -9.152071e+00 -8.087587e+00 6.630641e+00 5.423607e+00 2.505543e-01 -2.296875e+00 -2.492058e+00 -1.383366e+00 9.237750e-01 -2.559275e+00 3.071852e-01 -1.027302e-01 3.098459e+00 1.291858e+00 -3.510369e+00 -1.175406e+00 9.348780e-01 2.392244e+00 1.612113e+00 -2.803461e+00 -7.474216e-01 -3.619868e-03 
-1.529351e+01 -3.818677e+00 2.704425e+00 -1.138852e+00 -7.075898e+00 -5.498543e+00 4.361554e+00 1.705836e+00 -4.496130e-01 6.344767e-01 1.105061e+00 -4.758663e+00 9.367679e-01 -6.471584e-01 -7.797341e-01 -1.990817e-01 1.178016e+00 1.661824e+00 -1.116222e+00 7.452836e-02 3.065030e-01 2.206355e+00 1.649148e+00 -6.288301e-01 -2.070675e-01 -5.610797e-02 
-1.386608e+01 -5.952171e+00 3.081558e+00 -4.667405e+00 -3.680155e+00 -3.849587e+00 2.486714e+00 4.914507e+00 2.679984e+00 -1.788552e+00 -8.577394e+00 -5.732607e+00 8.510795e-01 3.362260e+00 7.220199e-01 -9.074993e-02 5.625938e-01 1.705341e+00 8.708512e-01 -4.679560e-01 -1.700343e+00 5.662996e-01 1.917555e-01 9.048136e-01 3.327439e-01 -7.123760e-02 
-9.405501e+00 -7.789807e+00 -1.162814e+00 -6.339496e+00 -3.880567e+00 -2.987846e+00 7.012610e+00 3.580460e+00 4.344959e+00 4.913198e+00 2.721834e+00 -2.711011e+00 7.233676e-01 6.601254e+00 -3.924827e-01 5.723244e-01 3.285462e+00 -1.578979e+00 2.657633e-01 -3.064341e+00 -2.736102e+00 1.285986e+00 -1.800955e+00 -2.413653e-01 2.003600e+00 -5.032814e-03 
1.922080e+00 6.387800e-01 3.704604e+00 7.551751e-01 -2.223030e+00 -4.988679e+00 2.965333e+00 -4.015423e+00 6.847659e-01 -3.477458e+00 1.223623e+00 -7.434728e-01 6.742872e-01 7.227657e+00 -9.720416e-01 9.438650e-01 5.461417e+00 -4.014965e+00 -1.313444e-01 -4.736586e+00 -3.507770e+00 1.276240e+00 -2.290040e+00 2.078580e-01 2.975409e+00 5.676541e-02 
9.818677e+00 -9.076567e+00 5.254524e+00 1.257717e+01 -1.569936e+01 -3.600180e+00 -1.119946e+01 -7.509711e+00 6.977925e+00 -7.525846e+00 -5.002275e+00 2.764770e+00 1.000000e+00 5.604418e+00 -8.667545e-01 6.164449e-01 5.001256e+00 -3.469285e+00 -1.147313e+00 -5.331252e+00 -2.132905e+00 7.380487e-01 -2.309436e+00 -1.763490e+00 2.705044e+00 7.722364e-02 
1.266011e+01 -1.016900e+01 4.592214e+00 1.318135e+01 -1.784558e+01 -4.200142e+00 -1.209018e+01 -7.079257e+00 7.744702e+00 -7.019228e+00 -3.676049e+00 6.406548e+00 9.965903e-01 2.647671e+00 -1.227528e+00 -6.315357e-01 2.327283e+00 -2.460322e+00 -5.878348e-01 -4.006994e+00 9.607148e-02 1.100927e+00 -9.725075e-01 -1.804657e-02 1.918783e+00 4.671569e-02 
1.324757e+01 -6.719690e+00 1.475606e+00 1.245370e+01 -1.341572e+01 -9.118680e+00 -1.211589e+01 -5.552145e+00 4.505234e+00 -4.863098e+00 -3.645780e+00 7.239197e+00 9.483342e-01 6.458748e-01 1.151312e+00 -5.100153e-01 -4.444962e-01 4.173706e-01 2.139070e-01 -2.062232e+00 3.420467e-02 1.131821e+00 -1.036204e+00 9.011028e-01 1.206302e+00 -2.292772e-02 
1.344599e+01 -6.677297e+00 2.436384e+00 1.245332e+01 -1.566646e+01 -5.168604e+00 -1.661142e+01 -4.513848e+00 7.425746e+00 -9.671369e+00 4.551427e-01 6.613231e+00 9.336985e-01 -1.946592e-02 1.231327e+00 3.542958e-01 -1.099924e+00 5.941778e-01 1.432922e+00 -2.351733e+00 -1.050183e+00 1.735654e+00 -1.113178e+00 -2.386543e-01 9.886402e-01 -2.127643e-02 
1.265511e+01 -5.065858e+00 3.782362e+00 1.071870e+01 -1.470207e+01 -2.046415e+00 -1.925000e+01 -8.621392e+00 1.279651e+01 -1.138079e+01 -2.562357e+00 8.692940e+00 9.168073e-01 -1.880905e-01 1.010033e+00 1.044604e+00 -1.016490e+00 -2.946398e-01 2.243531e+00 -1.274904e+00 -2.538580e+00 1.871719e+00 -8.327535e-01 -1.158957e+00 1.442160e+00 -1.594325e-02 
1.285901e+01 -4.839281e+00 5.210315e+00 8.549225e+00 -1.423152e+01 -5.716662e-01 -2.028179e+01 -1.079555e+01 1.227734e+01 -9.326270e+00 -5.411032e+00 1.062288e+01 9.059716e-01 -2.247828e-01 1.295895e+00 6.457039e-01 -1.125697e+00 1.418404e-01 1.745037e+00 -1.397354e-01 -1.155174e+00 -3.895372e-01 -4.415245e-02 -2.402690e+00 1.677408e+00 -1.748117e-02 
1.260061e+01 -2.588536e+00 5.311659e+00 9.323298e+00 -1.560638e+01 -1.994928e-01 -1.665523e+01 -1.510420e+01 1.143803e+01 -9.199415e+00 -6.507475e+00 1.244518e+01 8.824814e-01 -1.032052e-01 1.340555e+00 2.960884e-01 -1.292265e+00 5.540527e-01 1.393305e+00 8.429603e-02 9.594795e-01 -2.869339e+00 -2.786838e-01 -1.010094e+00 7.214697e-01 -2.016400e-02 
1.234933e+01 -1.436486e+00 4.900256e+00 7.522542e+00 -1.450510e+01 2.633120e+00 -1.860748e+01 -7.048314e+00 6.157298e+00 -1.098282e+01 -9.585749e+00 1.312415e+01 8.634557e-01 -5.385657e-01 1.348749e+00 2.579114e-01 -8.439387e-01 8.510063e-01 5.935461e-01 -5.258095e-01 2.542572e+00 -3.301241e+00 -8.559285e-01 6.633882e-01 -1.604871e+00 -1.946530e-02 
1.239393e+01 -6.447899e-02 5.417834e+00 4.770717e+00 -1.179501e+01 3.317718e+00 -1.966568e+01 -5.697611e+00 1.509834e+00 -1.194594e+01 -5.525470e+00 1.104965e+01 8.372453e-01 -7.883006e-01 -5.191015e-01 -3.984761e-02 8.245182e-03 1.907745e+00 -5.591601e-01 -1.221656e+00 2.964982e+00 -2.737802e+00 -6.491848e-01 2.004243e+00 -3.910204e+00 -5.923009e-03 
1.026952e+01 6.424366e-01 6.446784e+00 6.605822e+00 -1.188217e+01 6.374594e-01 -2.140561e+01 -2.785982e+00 7.352297e-01 -1.223265e+01 -2.585094e+00 3.296286e+00 8.312632e-01 -5.527288e-01 -8.403150e-01 6.602209e-01 6.850322e-01 1.709834e+00 -1.412490e+00 -7.864353e-01 1.381465e+00 -1.620214e+00 -1.330247e-01 1.910897e+00 -3.564076e+00 -7.064867e-03 
9.699006e+00 -6.223505e+00 4.339157e+00 9.822884e+00 -7.379119e+00 -1.997463e+00 -2.136444e+01 -2.410454e+00 4.600571e-01 -1.182042e+01 1.341224e-02 -2.191913e+00 8.689626e-01 -2.848187e-01 -1.092197e+00 -2.953977e-01 8.336992e-01 1.862609e+00 -1.100561e+00 -2.582968e-01 5.317334e-01 -7.564807e-01 9.813996e-02 1.027690e+00 -2.816734e+00 -6.515658e-03 
1.093315e+01 -2.558548e+00 8.740699e+00 8.421619e+00 -8.163875e+00 -1.771737e+00 -2.169028e+01 -1.784569e+00 -1.418885e+00 -1.171070e+01 -2.800707e+00 1.924550e+00 8.122727e-01 4.913627e-01 3.104520e-01 -3.040064e-01 4.385341e-01 1.886991e+00 -7.053741e-01 -5.597029e-01 -5.835593e-01 -5.802499e-01 5.665943e-01 3.237799e-01 -5.125672e-01 -1.692284e-02 
1.063803e+01 -3.924973e+00 2.793888e+00 8.031314e+00 -4.341121e+00 -9.804906e-01 -2.081483e+01 -3.539651e+00 -1.195512e+00 -1.171621e+01 -2.792146e-01 -2.348150e+00 8.141623e-01 7.459693e-01 3.083323e+00 9.646907e-02 -3.270916e-01 7.544730e-01 3.757584e-01 -3.232477e-01 -2.389222e+00 1.407378e-01 1.225228e+00 -1.408705e+00 1.013956e+00 -3.008941e-02 
1.225683e+01 1.045431e+00 5.699386e+00 9.694277e+00 -3.966219e+00 -3.397898e+00 -2.447894e+01 -5.139181e+00 -1.338235e+00 -9.451785e+00 -8.198807e-01 8.115687e-01 7.740492e-01 4.708823e-01 3.211489e+00 9.138250e-02 -1.082987e+00 1.486962e+00 1.222263e+00 -1.294265e+00 -2.847146e+00 7.895782e-01 1.791887e+00 -1.349236e+00 2.364389e-01 -2.687857e-02 
1.276701e+01 7.391119e+00 6.342158e+00 7.551097e+00 -5.705582e+00 6.944088e-01 -2.158635e+01 -1.267926e+01 1.123421e+00 -6.823743e+00 -8.020525e+00 3.434359e+00 7.376273e-01 5.760505e-02 2.228706e+00 8.806028e-01 -8.564209e-01 1.332696e+00 6.910970e-01 -2.922674e-01 1.023541e-01 -1.031844e+00 8.551462e-01 1.179258e-01 4.700296e-02 -3.770753e-02 
1.222306e+01 7.840853e+00 7.423476e+00 3.246794e+00 -4.683590e-02 3.502131e+00 -2.777584e+01 -1.145050e+01 1.369539e+00 -5.197503e+00 -5.676229e+00 2.154908e-01 7.161473e-01 -3.750382e-01 1.449196e+00 -2.040642e-01 -1.167156e+00 1.910490e+00 6.502103e-01 1.941927e+00 1.213756e+00 -2.706998e+00 6.890780e-01 8.750479e-01 -6.190786e-01 -4.645389e-02 
1.094293e+01 3.820846e+00 6.334857e+00 6.972951e+00 3.626685e-01 -9.750197e-01 -2.062771e+01 1.277776e-01 -7.708618e+00 -9.567623e+00 2.738589e+00 -1.815096e+00 6.545755e-01 -7.664273e-01 7.626934e-02 -1.301016e+00 -1.887366e+00 3.191852e+00 -1.113109e+00 3.756178e+00 2.413997e+00 -3.465598e+00 1.121992e+00 2.040898e+00 -9.533094e-01 -5.568486e-02 
1.129368e+01 1.007655e+01 4.682716e+00 4.147568e+00 2.552104e+00 6.878682e-01 -1.524862e+01 -5.473920e+00 -1.045721e+01 -4.634455e+00 -1.824198e+00 3.409028e-01 5.833056e-01 -1.443797e+00 4.760995e-02 -8.211079e-01 -2.775788e+00 2.965996e+00 -2.003736e+00 6.355099e+00 5.680338e-01 -2.581753e+00 1.337250e+00 1.285623e+00 -5.693160e-01 -5.072307e-02 
9.399570e+00 6.654619e+00 1.207460e+00 -2.336118e+00 8.954206e+00 -3.464007e+00 -9.069070e+00 -3.597560e+00 -1.029119e+01 -1.495305e+00 2.579508e-01 -1.394894e+00 5.256238e-01 -9.361086e-01 4.855134e-01 -3.674234e-01 -2.173202e+00 2.019818e+00 -1.413100e+00 4.226477e+00 -5.643320e-01 -2.638889e-01 1.645701e+00 1.350895e+00 -3.018503e-02 -6.131751e-02 
5.775760e+00 6.662016e+00 5.881635e+00 -5.977611e+00 1.048737e+01 -5.272058e+00 -1.779666e+00 -6.747660e+00 -1.024794e+01 -2.547414e+00 1.992205e+00 -2.841190e+00 5.270078e-01 -6.166092e-01 -1.303551e+00 -7.838639e-01 1.047571e+00 1.329234e+00 -3.676879e-01 4.372705e+00 2.660841e+00 1.906123e+00 1.706986e+00 8.492466e-01 -2.292646e+00 -6.245616e-02 
9.021348e+00 7.955678e+00 3.898281e+00 1.169533e+00 6.494123e+00 -5.060555e+00 -6.229807e+00 -2.057013e+00 -9.132696e+00 -2.382637e+00 7.584862e+00 -3.749745e-01 3.761368e-01 -3.575206e-03 -5.074551e-01 -1.326619e+00 2.567286e+00 9.427099e-02 2.086001e+00 5.072570e+00 4.299438e+00 1.929118e+00 7.908295e-01 7.774965e-02 -2.316136e+00 -5.296214e-02 
8.399741e+00 2.908265e+00 -5.820141e-01 7.632599e+00 1.042832e+01 -3.522973e-01 5.195267e+00 7.060010e+00 -1.505842e+00 4.344141e+00 -1.241421e+00 -1.163229e+01 3.457683e-01 1.919831e-01 -8.821434e-01 -2.584263e+00 1.908170e+00 6.714710e-01 2.830157e+00 4.441499e+00 4.213764e+00 2.358358e+00 1.797589e+00 6.477952e-01 -5.690866e-01 -4.619126e-02 
8.069703e+00 5.994219e+00 -2.193812e+00 3.695208e+00 9.455090e+00 4.506116e+00 1.280631e+01 1.099579e+01 -5.016654e+00 -9.869353e-01 2.263512e+00 -8.580025e+00 3.514329e-01 -9.092832e-01 -1.618474e+00 -2.054643e+00 -2.687621e-01 1.068873e+00 3.365009e+00 5.588427e+00 2.973896e+00 1.390941e+00 1.182219e+00 7.376676e-01 7.160903e-01 -3.194496e-02 
7.211498e+00 3.232029e+00 -3.993634e+00 2.300403e+00 1.236425e+01 4.095390e+00 1.090977e+01 7.794757e+00 -5.141710e-01 5.742680e+00 7.891856e+00 -1.584098e+00 3.084035e-01 -1.313915e+00 -1.264449e+00 -1.277410e+00 -1.528117e+00 1.602869e-01 2.828616e+00 2.711502e+00 7.425728e-02 -2.711327e-01 -1.885266e-02 1.502355e+00 2.429620e+00 -4.347511e-02 
5.069054e+00 -2.985723e-01 -4.669123e+00 2.491820e+00 1.087053e+01 9.540646e+00 1.885508e+01 1.244510e+01 -2.673828e+00 2.829189e+00 6.706561e+00 -1.818619e+00 2.350944e-01 -1.758659e+00 -1.841977e+00 -1.385808e+00 -9.988505e-01 -8.436475e-01 4.217476e-01 -6.288694e-01 -1.816507e+00 2.844394e-01 1.309826e+00 -2.609564e-01 9.678022e-01 -5.221556e-02 
3.330490e+00 -2.675827e-01 -5.731408e+00 5.937061e-01 1.052203e+01 1.127352e+01 1.572839e+01 6.706646e+00 -4.032918e+00 2.341816e+00 4.048828e+00 -2.864891e+00 1.865619e-01 -2.000102e+00 -1.008514e+00 -8.514611e-01 -1.660563e+00 -2.967964e+00 -1.158403e+00 -1.385414e+00 -1.217553e+00 7.577802e-02 -6.073509e-01 -2.366507e-01 -1.803249e-01 -4.296695e-02 
1.216914e+00 -1.465861e+00 -8.253967e+00 -4.456968e-01 6.157959e+00 3.025790e+00 7.252653e+00 2.457316e+00 -1.835083e+00 7.262624e+00 2.880244e+00 -3.100618e+00 1.512758e-01 -1.338801e+00 3.780077e-01 -1.961910e-01 -1.809240e+00 -1.798151e+00 -2.108647e+00 -2.222887e+00 -2.007557e+00 -2.348817e-01 2.621757e-02 2.488443e-01 3.299863e-01 -2.558813e-02 
-8.629427e-01 -1.226897e+00 -6.458517e+00 -4.533654e+00 -1.192918e-01 1.560801e+00 9.783910e+00 6.700880e+00 -5.546535e-01 4.892075e-01 8.621761e+00 -1.844723e+00 1.354780e-01 -8.938966e-01 1.031599e+00 4.569981e-01 -5.416557e-01 -1.488939e-01 -4.521019e-01 -9.723381e-01 -1.124013e+00 -9.828179e-01 -4.259683e-01 -1.254373e+00 -1.787624e-01 -1.301157e-02 
4.717665e-01 2.071124e+00 -5.286523e+00 -3.990699e+00 7.200434e+00 3.853772e+00 1.071289e+01 2.410193e+00 -5.587369e+00 3.886581e+00 5.664316e+00 -6.787715e-01 1.326957e-01 -3.819979e-01 1.077526e+00 7.032069e-01 1.213171e-01 1.543583e+00 6.824277e-01 2.978904e-01 -3.271053e-01 -5.263503e-01 1.508261e-01 -1.205800e+00 3.831678e-01 -1.200705e-02 
-7.664194e-01 3.121921e+00 -4.930140e+00 -3.420715e-01 9.256327e+00 8.599018e+00 9.136587e+00 1.110141e+00 -7.070865e+00 1.899996e+00 -3.615074e+00 -4.969626e+00 1.307941e-01 -4.402928e-01 6.101260e-01 9.748192e-01 2.039593e-01 1.504942e+00 1.336798e+00 -1.916477e-01 -4.083197e-01 8.265812e-01 2.169236e+00 -1.497179e+00 1.493306e+00 -9.883409e-03 
-7.413368e-01 1.747359e+00 -5.502122e+00 -1.934902e+00 9.188063e+00 2.918820e+00 9.065766e+00 3.617158e+00 -1.208729e+00 7.311360e+00 2.969663e+00 3.776729e-01 9.358251e-02 -7.707057e-01 1.649272e-01 6.145282e-01 -5.581071e-01 -4.303238e-01 8.603571e-01 8.135724e-03 1.108150e+00 2.673649e+00 1.432966e+00 -8.088465e-02 1.776264e+00 -6.448698e-03 
-2.457855e+00 1.985615e+00 -1.476622e+00 -4.541755e+00 6.411602e+00 8.712265e+00 9.649231e+00 4.055799e+00 1.388932e+00 9.622998e+00 2.483193e+00 5.093586e+00 1.056176e-01 -5.479575e-01 8.849352e-01 1.117628e+00 -2.456757e-01 -1.058396e+00 -1.247398e+00 -3.095137e-01 3.925540e-01 1.052939e+00 -2.117618e-01 6.942296e-01 1.137185e+00 -2.424580e-03 
-2.536044e+00 3.463912e+00 -3.940641e+00 -4.681392e+00 6.471177e+00 8.098934e+00 1.049724e+01 6.478111e+00 3.550976e+00 7.189912e+00 2.210759e+00 3.170942e+00 1.130405e-01 -6.047196e-01 1.364508e+00 1.348819e+00 5.143494e-01 -9.101235e-01 -3.125234e-01 4.533750e-01 -1.446990e-01 -1.305223e-01 -1.174908e+00 -6.434800e-01 -9.700517e-02 -2.421284e-03 
-2.608853e+00 6.688321e+00 -1.227399e-01 -1.972051e-01 5.322790e+00 -2.280264e-01 6.873281e+00 1.642435e+00 -4.186020e+00 9.019112e-01 2.355261e-01 -6.803377e-01 1.089422e-01 -3.075406e-01 1.418168e+00 1.246113e+00 1.705091e+00 7.786779e-01 -1.022525e+00 1.317470e-01 -4.574602e-01 -1.947975e-01 -5.799140e-01 -8.545042e-01 -9.224308e-01 -3.596354e-03 
-3.689436e+00 6.218544e+00 5.650296e-01 -1.535430e+00 5.181851e+00 5.826348e+00 1.272062e+01 4.100345e+00 9.261361e-01 5.797365e+00 8.760965e-01 2.779609e+00 7.981378e-02 -4.104862e-01 3.010117e-01 1.189851e+00 1.177258e+00 1.131978e+00 -7.600818e-01 -2.181917e-01 -5.493271e-01 8.756409e-01 3.531913e-01 -8.167744e-01 -4.434588e-01 -4.465497e-03 
-3.418862e+00 7.699141e+00 2.501108e+00 2.410719e+00 1.094965e+01 4.735933e+00 9.196280e+00 2.957381e+00 1.727364e+00 7.419702e+00 -1.121997e+00 6.770985e-01 1.042492e-01 -5.238563e-01 -5.013331e-01 3.321771e-01 6.656290e-01 4.346030e-01 -7.782372e-01 -7.862391e-01 -2.985975e-01 1.238537e+00 1.496421e+00 2.128903e-01 -5.884779e-01 -1.376575e-03 
-4.183471e+00 4.463561e+00 6.966884e-01 -9.906149e-02 9.317634e+00 1.816545e+00 8.244785e+00 3.074003e+00 4.972487e+00 5.696973e+00 -1.194351e+00 2.749295e-01 9.305954e-02 -1.050187e-01 -4.253520e-01 9.583244e-02 1.105013e+00 2.859525e-01 -6.525663e-01 -1.401189e+00 -6.963476e-01 -6.138258e-02 7.077500e-01 1.285960e+00 -1.196604e+00 -1.048917e-03 
-4.981117e+00 5.059147e+00 1.472316e+00 2.412755e+00 5.427914e+00 -2.114311e+00 5.180000e+00 6.626185e-01 -1.651281e-02 8.434209e+00 2.335201e+00 -2.370387e+00 9.543645e-02 -3.161705e-01 -7.031465e-01 -2.574391e-01 -1.093788e-01 -1.106025e+00 1.458747e-01 5.266665e-02 1.358095e-01 -1.394935e+00 -5.021137e-01 1.512985e+00 -1.112063e+00 -6.797683e-03 
-3.433402e+00 5.411781e+00 1.558588e+00 3.988618e+00 9.372484e+00 5.988639e+00 7.722814e+00 1.765988e+00 1.491162e+00 8.828860e+00 5.577297e+00 -1.679668e+00 7.897556e-02 -2.692292e-01 -8.918814e-02 3.737017e-01 -4.439456e-01 -1.319012e+00 4.424478e-01 1.265689e+00 2.401996e-01 -1.728349e+00 -7.685829e-01 -2.378605e-01 -1.176162e+00 -6.641215e-03 
-5.374749e+00 3.709299e+00 7.829630e-01 -1.800146e-01 5.392104e+00 3.379260e+00 9.720598e+00 4.290435e+00 -3.506648e+00 3.343190e+00 3.057104e+00 -3.905919e+00 7.730275e-02 -4.397034e-01 -5.976261e-01 -2.436641e-01 -1.891095e+00 -7.086002e-01 7.993591e-01 1.265742e+00 1.270560e+00 -1.964127e-01 -1.711799e+00 -1.266269e+00 3.678253e-01 -9.750396e-03 
-5.332801e+00 4.692544e+00 2.909873e+00 -1.022405e+00 2.740476e+00 1.281998e+00 1.230293e+01 2.461093e+00 -1.924189e+00 4.399568e+00 -2.744605e+00 -4.838112e+00 6.892031e-02 -8.669097e-01 -1.291993e+00 -1.266011e+00 -1.849662e+00 -8.260741e-01 -1.648976e+00 -2.607851e-01 3.076644e-01 3.104752e-01 -1.290499e+00 -2.046772e+00 1.757991e-01 -6.976199e-03 
-6.229935e+00 2.430634e+00 -4.216473e-01 -4.537207e+00 5.200916e+00 4.235805e+00 9.218652e+00 6.667866e+00 7.090991e-01 2.089860e+00 1.648071e-01 1.047961e+00 5.171210e-02 -5.813324e-01 -1.197044e+00 -1.248776e+00 -9.944885e-01 -1.174124e-01 -1.228403e+00 -1.755160e+00 -2.735276e-01 1.510041e+00 -1.907486e-01 -6.627586e-01 3.279139e-01 -2.125114e-03 
-7.340358e+00 -4.088504e-01 -4.169162e+00 -3.081096e+00 5.337707e+00 -2.684514e+00 6.669861e+00 2.115594e+00 9.356639e-01 3.003031e+00 -3.210416e+00 -3.277613e+00 5.688989e-02 -4.937362e-01 -1.099139e+00 -1.116230e+00 -5.787318e-01 -1.625887e-02 -9.138295e-01 -2.254052e+00 -2.303412e-01 1.098016e+00 -1.625850e-01 5.253051e-01 -5.115337e-02 2.852446e-03 
-7.277633e+00 2.747780e-01 -1.921399e+00 -4.123111e+00 3.506427e+00 -7.794982e-01 3.761334e+00 3.095546e+00 2.613627e+00 3.087715e+00 -2.378392e-02 -3.046599e+00 7.269239e-02 -2.032671e-01 -3.628085e-01 -7.517397e-02 -2.138242e-02 -5.220259e-01 -8.125589e-01 -1.382316e+00 -6.164687e-01 5.487019e-01 2.080394e-01 2.809450e-01 -7.958106e-01 5.776310e-03 
