-6.659845e+00 4.340450e+00 1.111838e+00 4.515704e+00 6.321623e+00 5.610842e+00 4.928882e+00 -1.804208e+00 6.904404e+00 -3.643905e-02 1.801069e+00 6.323096e+00 -7.095158e-02 1.689446e-01 -1.387469e-01 -3.787840e-01 -4.915867e-01 -1.242766e+00 -1.034027e+00 -8.160433e-01 1.837111e-01 1.324573e-01 9.363266e-01 -7.480301e-01 -1.150477e+00 1.389980e-04 
-7.553873e+00 2.986010e+00 -4.053420e-01 4.794403e+00 5.738357e+00 4.065263e+00 5.449029e+00 7.862039e-01 6.207798e+00 6.866620e-01 -8.038917e-01 1.997462e+00 -7.187307e-02 -5.174522e-02 -5.557650e-01 -6.277307e-01 -1.567962e+00 -1.215124e+00 -1.427232e-01 -7.166010e-01 -7.047254e-01 -6.581089e-01 4.412850e-01 -5.673885e-01 -6.325327e-01 -4.887998e-03 
-5.368109e+00 4.323936e+00 -2.349174e-02 1.918421e+00 3.994273e-01 1.213494e+00 5.885921e-01 -2.180858e+00 7.914993e+00 4.283644e+00 -6.366005e-01 2.733531e+00 -6.979585e-02 1.348431e-01 -8.923502e-01 7.642193e-02 -2.995603e+00 -7.546394e-01 5.754187e-02 -1.558321e+00 5.165987e-02 -1.463818e+00 3.548912e-02 1.784971e+00 -2.234605e-01 1.005970e-02 
-7.564440e+00 1.569882e+00 -1.459150e+00 -2.025466e+00 3.207099e+00 7.095900e+00 3.516022e+00 -5.139510e+00 3.108564e+00 9.944882e-03 1.829615e-01 4.955216e+00 -9.596944e-02 3.268717e-01 -1.241691e+00 1.128034e+00 -2.475513e+00 -5.583143e-01 2.701131e-01 -2.421850e+00 -7.265787e-01 -1.123055e+00 -3.405659e-02 3.823673e+00 2.125827e+00 2.708388e-02 
-5.980347e+00 5.867629e-01 2.020852e+00 -7.052378e+00 3.814054e+00 4.383233e+00 -1.896219e+00 1.416948e+00 1.134932e+00 4.793651e-01 1.023250e+01 3.726917e+00 -8.604884e-03 5.046139e-02 -1.371517e+00 1.303681e+00 -6.149365e-01 -8.298059e-01 -2.832120e-02 -6.186460e-01 -1.416317e+00 -8.672984e-01 1.160860e-01 1.457983e+00 1.052050e+00 2.522533e-02 
-5.613396e+00 -1.353861e+00 4.212658e+00 -3.097763e+00 1.239472e+00 3.830959e+00 -5.417817e+00 -4.645593e+00 3.982556e+00 2.418518e+00 1.287992e+01 1.212990e+01 3.295088e-02 6.953131e-01 -1.003605e+00 1.687664e+00 1.428505e+00 -2.436540e+00 -7.260932e-01 5.475885e-01 -2.187640e+00 4.760017e-02 1.951887e+00 -1.537318e+00 -1.938275e-01 3.952460e-02 
-6.091324e+00 -1.071777e+00 3.659009e+00 -6.201135e-01 -2.765788e+00 2.704358e+00 1.962281e+00 -9.509399e+00 3.141505e+00 3.659787e+00 3.048317e-01 4.406437e+00 -8.129358e-03 1.107347e-01 5.576639e-01 4.910219e-01 2.015620e+00 -1.826181e+00 -3.301278e-01 1.837488e+00 -2.427377e+00 1.079236e+00 9.475927e-01 -3.718510e+00 -1.868965e+00 -2.588540e-03 
-4.032386e+00 -2.618872e+00 6.160089e+00 1.900929e+00 -5.685680e+00 4.304871e+00 4.324714e+00 -1.061453e+01 2.343278e+00 8.179167e+00 -2.539793e+00 3.646319e+00 1.014158e-01 1.319344e-01 1.459944e+00 -1.003956e+00 8.903270e-01 -7.066770e-01 -2.672959e-01 2.033617e+00 -8.349304e-01 5.675217e-01 1.165295e-01 -3.098580e+00 -3.168559e+00 -2.319254e-02 
-6.217178e+00 4.007588e+00 3.502246e+00 5.263748e-01 -1.854274e+00 2.495638e+00 2.419955e+00 -7.735467e+00 7.350749e+00 2.337004e+00 -6.501944e-01 -1.376115e+00 -5.578005e-02 3.417729e-01 1.393746e+00 -1.386624e+00 -1.010590e-01 -9.597922e-03 -7.355716e-01 2.154343e-01 6.217123e-01 -3.277230e-01 -7.560166e-01 -2.614469e-01 -4.172675e-01 -2.171335e-02 
-4.890797e+00 3.406177e+00 -7.287395e-01 7.806275e-01 -2.749670e+00 2.598840e+00 4.521431e+00 -9.707211e+00 4.715543e+00 3.662557e+00 -2.135463e+00 -8.216157e-01 -5.918646e-02 4.622800e-01 8.101957e-01 -1.360025e+00 -1.924014e-02 2.635576e-01 -1.918106e+00 -7.147309e-01 5.961038e-01 -1.533421e+00 -1.634781e+00 1.202050e+00 1.537696e+00 -2.968732e-02 
-3.953254e+00 2.884431e+00 1.703026e-01 -5.652575e-01 -4.281783e+00 -1.204844e-01 2.941094e+00 -6.854500e+00 3.167579e-01 2.138009e+00 -1.204567e+00 4.554067e+00 -3.639495e-02 9.173877e-01 -7.581562e-02 -4.343460e-01 6.235723e-01 -9.196649e-02 -1.673555e+00 -3.947033e-01 1.376643e+00 -2.633260e+00 -2.344528e+00 9.607622e-01 3.561420e+00 -2.249456e-03 
-2.852948e+00 1.993685e+00 1.025935e+00 2.350545e+00 -3.154138e+00 -3.977597e+00 4.904904e-01 -8.074499e+00 -1.806829e+00 1.047573e-01 3.747644e+00 8.369705e+00 -5.671334e-02 7.871179e-02 3.509719e-01 4.708981e-01 6.812551e-02 5.475962e-01 2.333694e-02 -4.948958e-01 9.227554e-01 -1.075577e+00 -2.369574e+00 1.379232e+00 1.750978e+00 -7.855296e-03 
-2.649164e+00 4.334756e+00 4.531786e-01 2.859278e+00 -2.111873e+00 -2.583920e+00 2.461909e+00 -1.668606e+00 -2.554362e+00 -7.606736e+00 1.212063e+00 1.183533e+01 -6.826389e-02 -5.100722e-01 6.019650e-01 -3.036270e-01 -1.121683e+00 6.856947e-01 1.734663e+00 1.263157e-01 1.126682e+00 1.037751e+00 -1.364330e+00 7.840443e-01 -3.710333e-01 -9.021032e-03 
-5.149282e+00 4.435874e+00 1.484313e+00 -5.910127e-01 -1.096644e+00 3.947242e+00 2.286545e+00 -7.686380e+00 7.732170e-01 -3.312939e+00 3.552381e+00 4.292648e+00 -8.252847e-02 -4.912794e-01 5.885571e-01 -5.645145e-01 -1.159589e+00 8.292514e-01 2.366127e+00 8.194610e-01 1.060768e+00 1.510807e+00 1.537001e+00 2.293886e-01 -1.546138e+00 -4.201829e-03 
-5.355448e+00 4.673161e+00 -1.577021e+00 -4.702894e+00 -1.882056e+00 4.590409e+00 2.674646e+00 -1.415150e+00 4.215492e+00 -2.974793e+00 2.813286e+00 4.737429e+00 -6.859255e-02 -6.031801e-01 2.201877e-01 1.804184e-01 -4.577241e-01 1.142210e+00 1.396937e+00 4.833142e-01 2.775456e-01 1.344121e+00 3.075173e+00 2.328414e-01 -1.910930e+00 -6.180286e-04 
-3.956203e+00 4.767268e+00 -7.815379e-01 3.336861e-01 8.772104e-01 4.265872e+00 4.481427e+00 -2.897385e+00 2.362278e+00 5.473790e+00 4.093975e+00 4.187962e+00 -7.755816e-02 -8.434677e-03 -1.537533e-01 -4.634444e-01 -2.770233e-01 9.097044e-01 1.534615e-01 -6.333254e-01 8.296636e-02 -1.769821e-01 1.320533e+00 -5.081461e-01 -1.923551e+00 -1.210690e-04 
-6.261604e+00 5.269998e+00 2.488196e+00 1.083081e-01 2.612250e+00 4.241451e+00 3.781039e+00 -2.675375e+00 3.371712e+00 3.375764e+00 2.105473e+00 2.333019e+00 -7.383919e-02 -3.756684e-01 1.382158e-02 1.562704e-01 3.700177e-01 1.251740e+00 -1.452955e-01 -1.418642e+00 -1.036866e+00 6.508164e-02 4.203726e-01 -8.260708e-01 -6.104162e-01 8.273840e-04 
-4.738378e+00 3.368690e+00 -2.865518e+00 -4.381730e+00 1.204725e+00 4.889028e+00 -1.433279e+00 -6.641436e+00 3.101962e-01 1.144491e-01 1.365557e+00 -4.122902e+00 -8.051050e-02 -6.350050e-01 -1.195141e-01 6.836751e-01 8.613833e-01 1.606353e+00 2.596811e-01 -1.632568e+00 -3.736699e-01 6.453732e-01 -7.146858e-01 -1.267955e+00 2.764639e-01 2.239489e-03 
-6.842703e+00 5.441558e+00 2.463205e-01 -4.950972e-01 4.212885e+00 3.552353e+00 -1.461212e+00 -4.727453e+00 5.566941e+00 1.806741e+00 4.714108e-02 5.840779e+00 -6.297946e-02 7.493768e-01 -2.878507e-01 8.646388e-02 1.538854e+00 4.260911e-01 -2.094724e-01 -1.656007e-01 -9.328582e-01 2.026061e-01 9.515228e-02 -1.944366e-01 1.513285e+00 1.206195e-02 
-6.840679e+00 4.083918e+00 3.757775e+00 4.942305e+00 8.108659e+00 5.908827e+00 -1.060286e+00 -3.739695e+00 4.491529e+00 2.684873e+00 -1.216636e+00 3.816401e+00 -7.179058e-02 -6.968662e-01 -3.885612e-01 -3.861266e-01 9.103516e-01 7.397038e-01 -1.699382e+00 2.927172e+00 -1.096051e+00 1.024216e+00 -3.752615e-01 1.502478e+00 1.283808e+00 9.750779e-02 
-1.463570e+00 3.473130e+00 -3.911307e-01 3.140560e+00 1.290739e+00 2.684190e+00 2.766540e+00 -8.790537e+00 2.294076e+00 2.566314e+00 2.424386e+00 5.929793e+00 -1.788938e-02 -2.468990e+00 6.272847e-01 -2.040319e+00 -1.006963e+00 3.214484e-01 -1.583289e+00 4.479097e+00 -1.654306e+00 1.706977e+00 -1.602737e+00 2.779574e+00 -1.600392e+00 1.950223e-01 
-1.091228e+01 2.410097e+00 -4.477426e+00 -1.647801e+00 6.364317e+00 -3.173800e+00 1.108871e+01 -1.009015e+01 7.067708e+00 -2.141645e+00 7.689322e+00 2.251628e+00 3.844834e-01 -4.059908e+00 1.946696e+00 -3.411082e+00 -2.360225e+00 1.474020e-01 -1.470940e+00 3.357234e+00 -1.166661e+00 2.683206e+00 -2.051500e+00 2.263129e+00 -1.392583e+00 2.403316e-01 
-1.715185e+01 9.414891e+00 -5.837674e+00 -2.234858e+00 6.692298e+00 1.772234e-01 1.485978e+01 -9.823758e+00 1.281374e+01 -3.793685e+00 9.492033e+00 -1.378793e+00 6.839949e-01 -4.385182e+00 1.857558e+00 -2.806894e+00 -1.045080e+00 1.086487e+00 -1.700677e+00 9.823715e-03 -1.648669e-02 2.230307e+00 -6.416212e-01 5.355275e-01 -7.475475e-01 2.010305e-01 
-1.929608e+01 1.084651e+01 -1.057436e+01 -4.171111e+00 6.144890e+00 -1.923916e-01 9.679266e+00 -9.056389e+00 1.264773e+01 -4.392625e+00 6.565186e+00 5.077784e-01 7.789251e-01 -2.543871e+00 1.261759e+00 -2.008184e+00 1.028473e+00 -1.726446e-01 -1.409910e+00 -1.712597e+00 6.667553e-01 2.468256e-01 3.434458e-02 6.624936e-01 4.267136e-01 1.118787e-01 
-1.919758e+01 8.542712e+00 -1.137713e+01 -8.231866e-01 6.832890e+00 -7.309900e+00 3.520378e+00 -9.389850e+00 1.065560e+01 4.836979e-01 5.664092e+00 3.063980e+00 7.900422e-01 -1.236107e+00 2.121119e-01 -1.126047e+00 2.648747e+00 4.864752e-02 -1.284266e+00 -9.777532e-01 9.251119e-01 -2.285765e+00 -7.630159e-01 7.149263e-01 8.952972e-01 6.410143e-02 
-2.260877e+01 9.154980e+00 -1.174862e+01 2.788727e+00 5.430798e+00 -6.479790e+00 8.195421e+00 -6.973325e+00 9.380905e+00 -4.108613e+00 1.291576e+01 2.163810e+00 8.908534e-01 -4.759398e-01 3.566605e-01 -5.611193e-01 2.996956e+00 -1.965874e-01 3.340984e-01 -7.049265e-02 5.986392e-01 -2.403941e+00 -2.329156e-01 2.910567e-01 -6.734174e-01 5.595795e-02 
-2.167604e+01 1.132122e+01 -1.088078e+01 7.528959e+00 7.292582e+00 -3.100407e+00 1.071293e+01 -6.239730e+00 3.018323e+00 -7.750770e+00 9.891376e+00 2.269678e+00 9.485379e-01 -3.467117e-01 7.662105e-03 -7.944969e-01 6.374050e-01 -1.541628e+00 1.953651e+00 1.523806e+00 -6.032901e-02 -2.419850e+00 2.012055e-01 2.886132e-01 -4.999120e-01 4.319533e-02 
-2.043654e+01 1.124056e+01 -1.362813e+01 6.637596e+00 4.932107e+00 -6.266460e-01 5.730526e+00 -7.638252e+00 4.446664e+00 -1.439969e+00 5.906827e+00 -2.462157e+00 9.794670e-01 -1.805000e-02 -1.118869e+00 -3.429255e-01 -5.466964e-01 -1.682408e+00 1.493767e+00 7.932686e-01 2.860117e-03 -1.715831e+00 1.309285e+00 -1.187285e+00 -4.048654e-01 1.018661e-02 
-2.201725e+01 7.538231e+00 -1.440986e+01 4.394038e-01 -6.259053e-01 -4.682183e-01 1.237186e+01 -9.359032e+00 1.023469e+00 1.554031e-01 1.061162e+01 2.877404e+00 9.617121e-01 -5.219803e-02 -2.614505e+00 3.671181e-01 -1.487922e+00 -1.720159e+00 -2.090028e-01 6.673349e-01 -6.858364e-01 -8.395759e-01 1.476253e+00 -1.915849e-01 -4.401671e-01 -1.510458e-02 
-2.252841e+01 5.452128e+00 -1.169871e+01 3.600023e+00 9.780000e-01 -3.270507e-01 1.133230e+01 -5.399374e+00 1.799178e+00 -1.515273e+00 6.619211e+00 -1.643803e-01 9.351994e-01 9.480440e-01 -2.903662e+00 2.012604e+00 -1.562597e+00 -1.880875e+00 -1.435473e+00 1.875669e+00 -6.587804e-01 2.241239e-01 4.053084e-01 -5.314229e-01 4.151164e-01 -5.457387e-02 
-2.089110e+01 1.142911e+00 -1.000991e+01 1.608133e+00 6.688387e-01 -4.295219e+00 1.124872e+01 -1.078835e+01 1.441860e-01 -3.318519e-01 8.577260e+00 -1.080047e+00 8.951489e-01 5.188262e+00 -1.114091e+00 3.781654e+00 -9.014543e-01 -2.596972e+00 -3.612600e+00 -2.007367e+00 -1.609874e+00 3.392189e-01 -1.069081e+00 -2.845004e+00 -1.052998e+00 -1.113866e-01 
-1.625940e+01 -8.008671e-02 -5.765089e+00 -1.759753e+00 -5.119641e+00 -5.890512e+00 1.567044e+01 -1.021749e+01 6.006925e+00 8.302003e-01 4.266895e+00 1.592149e+00 7.398793e-01 9.082421e+00 -1.949295e+00 3.672812e+00 -1.863921e+00 -3.942386e+00 -3.729043e+00 -5.331538e+00 5.149581e-01 -2.438640e+00 4.025043e-01 -3.154248e+00 -1.454530e+00 -7.986955e-02 
7.895575e-01 4.733882e+00 1.531603e+00 -1.387980e+00 -1.056195e+01 -1.574949e+01 1.659501e-01 -1.499934e+01 6.156907e-01 -6.362741e+00 -2.437236e+00 -3.265851e+00 5.024389e-01 8.953654e+00 -3.239263e+00 3.067162e+00 -1.979140e+00 -3.595818e+00 -1.729764e+00 -7.296212e+00 5.003694e+00 -4.694726e+00 1.704281e+00 -3.875764e+00 -1.995171e+00 -1.769304e-04 
1.204336e+01 -6.089834e+00 8.945977e-01 -4.221527e+00 -1.311854e+01 -1.324513e+01 -9.784004e+00 -7.190895e-01 -1.062977e+01 3.512692e+00 -3.644780e+00 -6.344127e+00 7.322066e-01 6.228335e+00 -4.491409e+00 1.116831e+00 -1.701712e+00 -1.967245e+00 8.945238e-01 -6.042573e+00 7.416007e+00 -5.110148e+00 2.143330e+00 -2.363685e+00 -2.474310e+00 8.404519e-02 
9.725793e+00 -1.204853e+01 1.996059e+00 -7.056681e+00 -1.331080e+01 -9.266727e+00 -1.250512e+01 9.480915e+00 -1.501110e+01 6.848308e+00 -6.845725e+00 -7.087763e+00 8.981006e-01 2.301069e+00 -4.877151e+00 -8.669785e-01 -1.141939e+00 -2.608905e-01 3.176914e+00 -7.434539e-01 7.048130e+00 -2.310418e+00 2.250294e+00 -1.348803e+00 -5.467508e-01 1.112717e-01 
1.041416e+01 -1.414593e+01 -4.131618e-01 -7.433961e+00 -1.358144e+01 -4.659274e+00 -8.206890e+00 1.462241e+01 -1.173042e+01 4.941324e+00 -5.347284e+00 -8.868444e+00 9.622744e-01 6.212510e-01 -2.677380e+00 -1.220077e+00 7.091627e-02 9.327315e-01 2.654621e+00 2.373004e+00 2.793241e+00 2.375757e-01 1.176977e-01 -1.209902e+00 9.895897e-01 5.597402e-02 
1.310951e+01 -1.562383e+01 -2.149410e+00 -5.491460e+00 -1.163495e+01 -4.157850e+00 -4.339876e+00 1.257056e+01 -1.038608e+01 4.174415e+00 -8.329997e+00 -4.737447e+00 9.437634e-01 1.188580e+00 -1.347160e+00 -1.760810e+00 6.644605e-01 1.599899e+00 1.829013e+00 2.737479e+00 1.346221e-01 8.379966e-01 -9.442278e-01 -6.291848e-01 1.433202e+00 2.036831e-02 
1.345776e+01 -1.768909e+01 -3.133052e+00 -4.649556e+00 -9.292805e+00 -2.526466e+00 -2.001605e+00 1.170229e+01 -1.175441e+01 5.438128e+00 -8.952156e+00 -2.571337e+00 9.892452e-01 8.862405e-01 -1.028932e+00 -1.265465e+00 4.886573e-01 1.581902e+00 1.172739e+00 1.607271e+00 -8.075072e-01 1.958391e-01 -1.132872e+00 -1.693279e-01 9.312735e-01 1.181445e-02 
1.414689e+01 -1.701275e+01 -5.448047e+00 -5.126581e+00 -7.455623e+00 -1.188066e+00 -1.920368e+00 1.161409e+01 -1.080912e+01 1.878767e+00 -8.189213e+00 -3.070308e+00 9.864567e-01 4.050508e-01 -4.062077e-01 -1.240769e+00 4.610791e-01 1.058544e+00 7.296750e-01 1.141251e+00 -2.696184e-01 3.002438e-01 -8.116368e-01 4.883855e-01 -3.412569e-01 1.065646e-02 
1.432667e+01 -1.859612e+01 -5.091168e+00 -5.173114e+00 -7.761591e+00 -2.804687e-01 -1.380290e+00 1.106311e+01 -1.053970e+01 4.247877e-01 -6.264316e+00 -5.045646e+00 1.000000e+00 1.057491e-01 -1.605272e-01 -3.060843e-01 -4.343693e-01 9.224046e-01 -1.584430e-02 7.875727e-01 2.809410e-02 1.184046e+00 -1.009312e+00 6.419967e-01 -9.106678e-01 -3.056347e-04 
1.470031e+01 -1.720135e+01 -7.374198e+00 -2.924285e+00 -7.107836e+00 -1.632473e+00 1.055722e+00 1.154206e+01 -9.492208e+00 2.622900e+00 -7.231990e+00 -5.206577e+00 9.916683e-01 1.337141e-01 -2.497883e-01 1.069017e-01 -5.343431e-01 7.826096e-01 -5.763775e-01 7.923508e-01 -5.003589e-01 1.360845e+00 -4.366882e-01 6.572319e-01 -9.644386e-01 -4.319954e-03 
1.370980e+01 -1.839742e+01 -3.700398e+00 -7.922550e+00 -4.854675e+00 -2.383484e+00 4.482141e-01 1.187878e+01 -6.492631e+00 1.950165e-02 -6.220784e+00 -6.056541e+00 9.851112e-01 3.667937e-01 5.559063e-02 1.222961e-01 -6.317989e-01 1.087693e+00 -9.358364e-01 1.837865e-01 -6.179558e-01 1.574033e+00 -3.070193e-01 8.970138e-01 -4.500350e-01 -7.883852e-03 
1.512390e+01 -1.836104e+01 -5.608923e+00 -6.423578e+00 -4.996033e+00 -3.018445e+00 1.127134e+00 8.704459e+00 -6.028431e+00 -1.020306e-01 -4.924819e+00 -7.387053e+00 9.723013e-01 6.431373e-01 -2.028332e-02 1.299884e-01 -4.255136e-01 2.392890e-01 -6.495619e-02 -2.013940e+00 -1.599754e-01 1.072251e+00 1.187940e-01 1.335235e+00 -3.779673e-01 -1.078083e-02 
1.594884e+01 -1.773832e+01 -5.362325e+00 -6.582461e+00 -3.379029e+00 -4.266665e+00 -4.970634e-01 9.392134e+00 -4.401430e+00 2.521568e-01 -2.932832e+00 -6.205583e+00 9.702643e-01 8.269579e-01 5.414152e-01 2.308956e-01 1.397443e-01 2.640988e-01 -1.092577e-03 -3.342077e+00 4.267645e-02 5.116455e-01 1.546482e+00 1.148056e+00 3.564574e-01 -2.655593e-02 
1.679647e+01 -1.763231e+01 -5.893293e+00 -5.721898e+00 -6.649214e+00 -1.015664e+00 -8.541340e+00 1.198550e+01 -5.176557e+00 3.100543e+00 -2.199791e+00 -7.021892e+00 9.451877e-01 -3.304210e-02 1.789931e+00 1.130900e+00 4.881516e-01 1.636681e+00 -2.502570e-02 -2.808698e+00 -5.806410e-01 6.950454e-01 1.116361e+00 1.730973e+00 6.308168e-01 -7.965825e-02 
1.700830e+01 -1.605471e+01 -2.403735e+00 -7.574669e+00 -2.707590e+00 -3.390337e+00 -1.142793e+01 1.045164e+01 -4.360341e+00 6.150627e+00 -1.843019e+00 -4.456834e+00 8.658884e-01 -1.104435e+00 4.883555e+00 2.025783e+00 2.744774e+00 3.500942e+00 7.812636e-01 -9.414145e-01 -3.966782e+00 -3.945703e-02 -4.197503e-01 1.947647e+00 1.294301e+00 -1.649405e-01 
1.442896e+01 -1.025319e+01 -1.433716e+00 -3.486717e+00 2.851653e+00 -3.581738e+00 -7.450922e+00 5.271502e+00 -2.573749e+00 2.530538e+00 3.185139e+00 -5.107343e+00 6.261979e-01 -1.729667e+00 6.226634e+00 2.314177e+00 3.676905e+00 3.991281e+00 1.230923e+00 1.364814e+00 -6.175262e+00 2.060162e-01 -1.751928e+00 1.752205e+00 1.817805e+00 -1.946563e-01 
1.161043e+01 2.989892e+00 2.536801e+00 6.023817e+00 9.375248e+00 9.226906e-01 -5.749344e+00 -7.084776e+00 -5.900119e+00 -1.561592e+00 4.112940e+00 -6.913509e-01 3.050566e-01 -1.346500e+00 3.773725e+00 1.467158e+00 2.327548e+00 1.708463e+00 1.085785e+00 1.015956e+00 -3.981897e+00 -1.770585e-01 -1.575317e+00 9.424726e-01 8.144466e-01 -1.282889e-01 
1.084708e+01 3.978552e+00 3.207324e+00 5.863385e+00 7.265773e+00 2.982436e+00 -4.556562e+00 -1.012260e+01 -3.376586e+00 -1.802989e+00 3.583255e+00 1.843927e-01 2.523220e-01 -2.350228e-01 -8.506699e-01 3.393471e-01 -1.011771e+00 -1.903664e+00 -3.822920e-01 -9.224399e-01 5.630472e-01 -6.315120e-01 1.038003e+00 -8.253180e-01 -1.242749e-01 2.756407e-02 
1.206674e+01 -4.301959e+00 2.611532e+00 -6.119808e-01 3.627668e+00 -1.243501e+00 -7.795331e+00 -1.760794e+00 -4.844214e+00 4.408041e-01 2.670286e+00 -3.030469e+00 4.113818e-01 -1.843057e-02 -4.585270e+00 -8.659321e-01 -3.527176e+00 -4.779000e+00 -1.590550e+00 -2.074177e+00 5.581596e+00 -6.503690e-01 2.927207e+00 -1.902043e+00 -1.372613e+00 1.653488e-01 
1.302568e+01 -1.086061e+01 2.256536e-01 -5.227673e+00 -3.792875e+00 -4.410101e+00 -1.104013e+01 5.424747e+00 -6.259261e+00 6.719354e+00 -2.201242e-01 -4.559159e+00 7.108557e-01 -3.783638e-01 -4.201148e+00 -7.903562e-01 -2.816865e+00 -4.721205e+00 -1.617920e+00 -1.723772e+00 5.925975e+00 -1.113986e+00 2.607760e+00 -2.283299e+00 -1.429350e+00 1.845250e-01 
1.042897e+01 -1.251688e+01 -3.020244e-01 -6.066534e+00 -8.990429e+00 -3.333792e+00 -1.287844e+01 1.304953e+01 -7.710627e+00 8.813272e+00 -3.495586e+00 -5.182641e+00 9.025339e-01 -7.953886e-01 -1.659904e+00 -2.432740e-01 -6.941685e-01 -3.993432e+00 -8.858566e-02 -6.989706e-01 3.489947e+00 -7.114490e-01 1.279698e+00 -1.554114e+00 -1.035023e+00 1.171170e-01 
9.774143e+00 -1.291973e+01 7.123213e-01 -5.493664e+00 -1.003120e+01 -4.062020e+00 -1.063387e+01 1.210211e+01 -7.513311e+00 7.049575e+00 -4.750305e+00 -5.886270e+00 9.293712e-01 -2.869131e-01 -5.854816e-02 6.720203e-01 1.890382e-01 -1.647836e+00 1.067108e+00 -8.259010e-02 1.279618e+00 -5.648645e-01 -5.514532e-01 -8.326082e-01 -5.967053e-01 1.692677e-02 
9.715569e+00 -1.157192e+01 1.151829e+00 -3.949828e+00 -1.322033e+01 -1.860470e+00 -1.149331e+01 1.235026e+01 -7.774434e+00 6.674182e+00 -2.835192e+00 -7.542028e+00 8.877088e-01 8.512347e-01 8.675704e-01 6.151888e-01 7.515008e-01 -8.096590e-02 1.173653e+00 3.564183e-01 -4.272686e-01 8.763619e-02 -1.429740e+00 -5.102279e-01 -1.289075e-01 -4.964846e-02 
1.194782e+01 -1.162583e+01 2.858829e+00 -5.340835e+00 -9.917109e+00 1.887760e-01 -1.214565e+01 1.217247e+01 -9.051680e+00 5.031633e+00 -4.713363e+00 -6.362992e+00 8.029021e-01 1.115593e+00 2.034201e+00 4.571960e-02 1.187613e+00 7.274554e-01 7.555491e-01 -1.085208e-01 -9.213173e-01 5.824393e-01 -1.193021e+00 -8.847820e-01 9.031628e-01 -7.700612e-02 
1.359830e+01 -8.825974e+00 1.700666e+00 -2.385445e+00 -9.452307e+00 4.090741e-01 -1.034046e+01 1.087801e+01 -6.503262e+00 2.673543e+00 -6.065197e+00 -5.588817e+00 7.175261e-01 1.117349e+00 3.056112e+00 -6.727161e-02 1.446133e+00 2.175839e+00 -1.173771e+00 -2.336950e-01 -1.740492e+00 1.714559e+00 -1.652174e+00 -3.811563e-01 1.795518e+00 -8.784197e-02 
1.341074e+01 -4.121699e+00 6.665007e-01 -3.377914e-01 -8.277937e+00 -1.419046e+00 -1.175290e+01 8.231650e+00 -5.236701e+00 3.084792e+00 -7.559213e+00 -2.347062e+00 6.294320e-01 3.704976e-01 3.251678e+00 1.904651e+00 1.893834e+00 1.964635e+00 -3.128001e+00 2.282758e-01 -1.573681e+00 7.893038e-01 -2.058951e+00 8.615352e-01 -2.726414e-01 -7.257145e-02 
1.457085e+01 -4.343271e-02 1.911635e+00 7.793167e-01 -3.160717e+00 -6.925414e+00 -1.285816e+01 5.618213e+00 -1.109128e+00 -6.132689e-01 -3.318048e+00 -5.724049e-01 5.352341e-01 -1.072579e-01 1.982456e+00 3.470631e+00 1.228439e+00 1.648421e+00 -3.011285e+00 3.080893e-01 -8.435196e-01 -3.249655e-02 -2.189772e+00 9.969595e-01 -1.789206e+00 -4.531955e-02 
1.331403e+01 2.412884e-01 1.227660e+01 2.545956e+00 -3.239728e+00 -1.178399e+01 -9.745417e+00 6.933965e+00 -7.802227e+00 -3.619717e+00 -1.779261e+00 -1.023441e+01 5.311909e-01 -3.584315e-01 6.690008e-01 3.431273e+00 6.037563e-01 9.266847e-01 -1.970721e+00 1.086820e+00 -1.906071e-01 -7.463278e-01 -2.130748e+00 7.492551e-01 -2.575082e+00 -1.949673e-02 
1.311037e+01 -1.095187e+00 1.324877e+01 2.314878e+00 -3.729305e+00 -9.464882e+00 -9.803759e+00 7.309253e+00 -5.382981e+00 -4.923061e+00 -3.970375e+00 -1.059118e+01 5.400490e-01 -7.218568e-01 1.425918e-01 2.248657e+00 -1.840337e-01 3.188818e-01 -3.630295e-01 1.399846e+00 2.899689e-01 -9.834054e-01 -9.596871e-01 -8.432902e-01 -2.054492e+00 -5.314052e-03 
1.234882e+01 -2.508180e-01 1.215430e+01 1.913210e+00 -3.360219e+00 -1.000292e+01 -7.846001e+00 6.433095e+00 -6.831413e+00 -5.414052e+00 -3.486774e+00 -1.021309e+01 5.295409e-01 -5.023023e-01 9.118437e-01 2.312722e-01 -7.221061e-01 2.445920e-01 1.183296e+00 1.192226e+00 1.635881e-01 -2.079713e-01 -5.727394e-01 -1.046220e+00 -5.355641e-01 -1.573041e-02 
1.144417e+01 9.155793e-01 1.321607e+01 1.755214e-01 -1.506062e+00 -9.631094e+00 -6.808639e+00 7.318492e+00 -6.511562e+00 -4.514537e+00 -6.680743e+00 -1.085553e+01 5.094888e-01 -5.795240e-01 2.076183e+00 -1.798353e-02 4.541834e-01 5.639702e-01 3.059311e-02 1.579414e+00 -1.198440e-01 1.421797e-01 -1.210813e+00 -9.892074e-01 -9.238100e-02 -3.077376e-02 
1.163562e+01 3.795124e+00 1.344931e+01 5.103827e-03 -3.128389e+00 -5.784400e+00 -5.281847e+00 7.747286e+00 -8.277793e+00 -6.687676e+00 -5.655175e+00 -1.278005e+01 4.678189e-01 -7.328423e-01 2.284448e+00 6.304169e-02 2.098944e+00 1.066471e+00 4.870054e-01 1.363266e+00 -1.280169e+00 6.610092e-01 -1.813371e+00 -1.812115e+00 5.271757e-01 -4.351185e-02 
1.056935e+01 7.262757e+00 1.251135e+01 5.539847e+00 -1.025369e+00 -1.142118e+01 -3.188766e+00 6.052938e+00 -3.948893e+00 -1.034031e+01 -7.832211e+00 -9.769598e+00 4.170411e-01 -1.102354e+00 1.737472e+00 -6.764581e-01 2.858608e+00 1.948966e+00 1.263827e+00 1.687937e+00 -2.513428e+00 6.417662e-01 -2.668539e+00 -2.751677e+00 1.214234e+00 -5.845157e-02 
9.122025e+00 7.997835e+00 1.282187e+01 9.725765e+00 1.731786e+00 -6.672852e+00 -2.839608e+00 6.650286e-01 -4.807702e+00 -1.156802e+01 -1.197162e+01 -8.120171e+00 3.582055e-01 -1.955067e+00 6.505295e-01 -9.270932e-01 2.404458e+00 2.556774e+00 1.073880e+00 6.203284e-01 -1.250204e+00 1.272320e+00 -2.223151e+00 -3.044428e+00 8.633195e-01 -7.946600e-02 
7.189200e+00 7.501584e+00 1.014750e+01 9.608229e+00 5.808680e+00 -2.867736e+00 4.099262e-01 -1.707518e+00 -5.037777e+00 -1.541706e+01 -1.728091e+01 -7.114298e+00 2.720377e-01 -2.466378e+00 -2.052314e-01 -1.784297e+00 1.026303e-01 1.783688e+00 1.959030e+00 -1.124436e+00 -1.841062e-01 9.312853e-01 -1.380680e+00 -8.486788e-01 1.034016e+00 -9.584417e-02 
3.550357e+00 6.928358e+00 9.995770e+00 9.993204e+00 6.238455e+00 -4.691721e+00 -3.979550e+00 5.376493e+00 -1.371752e+00 -1.526506e+01 -1.615297e+01 -9.791103e+00 1.429906e-01 -2.290229e+00 -4.636699e-01 -2.229919e+00 -1.129552e+00 9.522923e-01 2.789619e+00 -6.050646e-01 1.795257e+00 1.841985e+00 8.967974e-01 1.989848e+00 1.175922e+00 -8.765988e-02 
1.023297e+00 6.771338e+00 5.002914e+00 5.919280e+00 5.639738e+00 -2.616589e+00 -8.240974e+00 2.776674e+00 -1.010441e+00 -1.539520e+01 -9.984929e+00 -3.764053e+00 4.542768e-02 -1.718049e+00 -5.032598e-01 -2.106931e+00 -8.526449e-01 6.221904e-01 2.545877e+00 6.698799e-01 1.614740e+00 3.100484e+00 2.728775e+00 3.459899e+00 2.597141e+00 -6.970342e-02 
7.538290e-01 6.044608e+00 4.244567e+00 5.922482e+00 6.577719e+00 7.149671e+00 -1.539481e+00 7.399219e+00 2.388552e+00 -7.094965e+00 -5.670368e+00 -3.915682e+00 3.321111e-02 -8.786356e-01 2.509882e-01 -1.556630e+00 -1.022305e+00 8.562242e-01 3.413967e+00 2.778064e+00 -5.034873e-01 2.849309e+00 4.046796e+00 4.428371e+00 3.365396e+00 -4.179458e-02 
-2.779961e-03 5.427160e+00 2.488447e+00 7.380365e+00 8.750000e+00 3.940951e+00 2.539291e+00 5.354820e+00 8.584492e+00 -5.858231e+00 -5.222713e+00 2.933697e+00 -2.158964e-02 -5.718564e-01 5.188917e-01 -6.368979e-01 -9.191851e-02 1.072478e+00 2.327002e+00 3.587440e+00 -7.405696e-02 2.820160e+00 3.473905e+00 2.661565e+00 2.324560e+00 -2.068352e-02 
-3.297825e-01 8.855389e+00 3.469851e+00 4.151134e+00 8.964445e+00 9.099344e+00 4.520637e+00 1.569984e+00 8.077328e+00 2.004379e-01 3.607781e+00 3.687002e+00 -3.247356e-02 -3.757597e-01 6.908424e-01 -7.770777e-01 -7.422400e-02 -1.820609e-01 1.907717e-01 1.480699e+00 -1.861076e+00 -4.305731e-01 9.023929e-01 9.674242e-01 1.354735e+00 -1.457515e-02 
-1.294179e+00 7.960407e+00 2.205783e+00 6.345361e+00 9.808767e+00 8.043583e+00 6.666169e+00 5.321007e+00 1.024597e+01 -1.673373e+00 -1.316179e+00 4.057406e+00 -2.514756e-02 -3.204528e-01 4.649528e-01 3.177636e-01 1.849566e-01 -8.197643e-01 1.155804e+00 5.790259e-01 -1.644582e+00 -1.340964e+00 1.666591e+00 1.653949e+00 9.448345e-01 -1.055586e-02 
-4.792700e-01 8.232197e+00 5.005110e-01 6.068864e+00 5.138031e+00 6.052213e+00 3.800577e+00 -1.889256e+00 -5.950522e-01 -4.675430e+00 -2.786514e+00 2.296139e+00 -3.788567e-02 -4.997609e-01 -9.285398e-02 1.859207e-01 6.908879e-01 -1.214307e-01 1.009845e+00 9.412172e-01 -6.963456e-01 -7.751188e-01 6.181417e-01 3.806972e-01 7.038860e-01 -4.038823e-03 
-1.530300e+00 8.063519e+00 5.561935e+00 7.346284e+00 6.564385e+00 1.124354e+01 5.794450e+00 -1.138469e+00 6.215860e+00 4.912658e+00 6.244180e+00 8.353301e+00 -7.166290e-02 -8.031563e-01 -6.735443e-01 -4.105539e-01 -9.168307e-01 -1.624055e-02 2.580021e-01 -4.339611e-01 -1.627496e+00 -5.944397e-01 1.528310e+00 1.397962e+00 7.947501e-01 -4.837358e-03 
-2.710526e+00 8.339562e+00 2.721379e+00 7.105113e+00 9.979483e+00 1.254859e+01 9.662582e+00 1.317994e+00 6.216789e+00 -1.868930e-03 1.731087e+00 5.058485e+00 -2.941000e-02 -1.407919e+00 -1.119611e+00 -7.746713e-01 -1.702478e+00 2.585619e-01 -9.066445e-01 7.340880e-02 -4.048328e-01 1.053570e+00 7.531743e-01 8.381026e-01 1.155715e+00 -2.629495e-03 
-4.194332e+00 4.539002e+00 -9.574203e-01 1.243082e+00 7.306839e+00 6.085405e+00 1.565361e+00 -4.420100e+00 3.867852e+00 3.631397e+00 3.414829e+00 6.649983e+00 -5.357218e-02 -1.289702e+00 -1.512059e+00 -2.082881e+00 -2.373477e+00 -1.706235e+00 -2.515033e+00 -7.141927e-01 -6.463073e-01 -1.093317e+00 -6.474146e-01 -2.324752e-01 5.450833e-01 -1.112890e-03 
-6.186848e+00 4.396400e+00 -1.131674e-01 6.080747e-01 6.059614e+00 4.098057e+00 6.282166e+00 -2.272604e+00 5.846801e+00 -2.689282e-01 2.818675e+00 8.926373e+00 -6.007850e-02 -8.020573e-01 -8.006577e-01 -4.622111e-01 -1.729842e+00 -2.097775e+00 -1.602763e+00 -1.301505e+00 -1.572986e+00 -6.904106e-01 1.110194e+00 9.137877e-01 5.214051e-01 -6.280863e-03 
-6.240648e+00 2.474808e+00 -3.435196e+00 -1.272584e+00 -6.857038e-03 2.893639e+00 3.913694e+00 -2.574707e+00 9.342716e-01 1.809114e+00 4.538010e+00 9.144773e+00 -6.189311e-02 -6.061779e-01 -2.566302e-01 8.492117e-02 -6.396068e-01 -1.671584e+00 3.314456e-01 -2.449098e-01 -1.895070e-02 -1.362385e-01 -2.973248e-01 -4.932736e-01 -1.020379e+00 -3.269553e-03 
-5.697655e+00 5.368371e+00 1.649212e+00 -2.862656e-01 3.147453e+00 6.130655e+00 1.980890e+00 -7.469633e+00 4.231526e+00 6.460241e+00 5.738436e+00 6.418115e+00 -5.665386e-02 -3.142244e-01 -6.720864e-01 -4.149999e-01 -1.415993e+00 -1.243191e+00 1.316648e-01 -1.445241e+00 -3.889014e-01 -1.223451e+00 -1.137947e+00 1.506388e-01 -1.238922e+00 -7.068229e-03 
-7.469818e+00 2.769866e+00 -1.414004e+00 -1.507782e+00 4.050008e-01 6.726334e+00 2.491450e+00 -1.916339e+00 3.994297e+00 -1.219811e+00 -5.114195e-01 2.802217e+00 -7.163227e-02 -2.005438e-01 -1.980578e-01 6.867008e-02 -1.255913e-01 5.698925e-01 -3.304593e-01 -2.692250e-01 4.585925e-01 3.426785e-02 -1.006839e+00 3.186294e-01 -1.037987e+00 -1.030700e-02 
-7.143385e+00 8.884387e-01 -3.198763e+00 -6.354292e+00 -3.622695e-01 2.840033e+00 -2.329192e-01 -4.546296e+00 -1.800465e+00 -4.444198e+00 6.096583e+00 5.903040e+00 -9.055007e-02 -5.055981e-02 -2.565429e-01 -5.633496e-01 4.224077e-01 5.248433e-01 -6.476661e-01 2.333982e-01 9.865364e-01 6.755693e-02 2.109838e-01 1.038278e+00 -2.824677e-01 -8.765817e-03 
-6.520502e+00 3.724484e+00 -6.678586e-01 1.133473e+00 4.597466e+00 2.886653e+00 3.674474e+00 -1.743413e+00 4.121606e+00 2.227140e+00 5.952083e+00 4.212379e+00 -9.648001e-02 4.484871e-01 4.082349e-01 2.338088e-01 1.365359e+00 8.061295e-01 -6.679722e-01 4.007704e-01 -8.706417e-01 4.451426e-01 1.656780e+00 1.464384e+00 6.399761e-01 -3.172636e-03 
-6.425112e+00 3.608347e+00 -1.540609e+00 5.051458e-01 3.675436e+00 4.812165e+00 2.556369e+00 -2.623414e+00 4.505656e+00 5.791684e+00 7.698074e+00 4.300695e+00 -8.805907e-02 2.196198e-01 5.095403e-01 8.385471e-01 1.687196e+00 8.904217e-01 3.551816e-01 1.189428e+00 4.611127e-01 1.222144e+00 9.937620e-01 -1.136400e+00 8.775517e-01 3.900051e-04 
-5.586519e+00 3.451086e+00 -1.074037e+00 1.889295e+00 2.416795e+00 2.400407e+00 3.100657e+00 -7.230988e+00 3.066949e+00 1.946147e+00 6.009753e+00 6.803270e+00 -8.874094e-02 1.890148e-01 -3.302971e-01 -3.672803e-01 -8.066238e-01 -5.640301e-01 1.023510e+00 2.251643e-01 -5.736698e-01 -2.132390e-01 -5.120734e-01 -8.821310e-01 8.912039e-01 2.086043e-03 
-6.512278e+00 3.572839e+00 1.197062e+00 1.703777e+00 5.180175e+00 4.859065e+00 6.001126e+00 5.030551e-01 4.837584e+00 6.651089e-01 3.857493e-01 8.995354e+00 -9.246957e-02 1.520269e-01 6.457112e-02 5.755384e-02 -7.244420e-01 -7.979693e-02 1.324952e+00 1.273631e-01 -6.198310e-01 1.688445e-01 -5.566151e-02 -1.363797e+00 -6.929571e-01 2.497625e-03 
-5.531845e+00 2.090753e+00 -3.873096e+00 -3.498962e+00 1.024947e+00 7.980752e+00 3.077917e+00 -6.174997e+00 2.889447e+00 2.230061e+00 5.197591e+00 6.321070e+00 -8.384454e-02 8.247356e-02 4.055818e-01 9.175029e-02 -5.529544e-01 5.066193e-01 1.157174e+00 3.052454e-01 5.735363e-01 1.021890e+00 8.416605e-01 -4.066807e-01 -8.625786e-01 5.834567e-03 
-5.692314e+00 4.611370e+00 1.466892e-01 -4.229358e-01 3.972376e+00 8.646752e+00 3.204555e+00 -6.250565e+00 5.438630e+00 5.371419e+00 1.285169e+00 1.077010e+00 -7.801914e-02 2.592552e-01 6.996603e-02 -6.463424e-01 -6.890096e-01 -4.779603e-01 -1.048010e+00 -7.810753e-01 1.536422e-01 2.667100e-01 4.715225e-01 -1.695459e-01 2.545404e-02 5.401754e-03 
-5.584133e+00 4.959730e+00 -9.009898e-02 1.878791e-01 5.553791e+00 6.292435e+00 6.025170e+00 -9.864962e-01 7.875878e+00 3.801294e+00 3.526640e+00 6.449549e+00 -6.679332e-02 -3.344669e-01 -2.086996e-01 -4.455630e-01 1.665918e-01 3.283145e-01 -1.445802e+00 2.029364e-01 9.375557e-01 2.981344e-01 -9.368120e-01 -1.951386e-01 1.249127e+00 3.887045e-03 
-5.189857e+00 2.488181e+00 -3.926148e+00 -3.584692e+00 5.259508e-01 4.631722e-01 6.221235e-01 -1.322984e+00 3.677918e+00 2.237105e+00 3.734951e-01 9.058384e+00 -7.398641e-02 -5.397463e-01 -7.855921e-01 -1.239675e+00 -2.597384e-01 -3.293481e-02 -9.055341e-01 3.717163e-01 1.634601e-01 -2.971711e-01 -1.720466e+00 7.936225e-01 1.712448e+00 2.355456e-03 
-7.455408e+00 2.108849e+00 -4.064492e+00 -1.085125e+00 4.389731e+00 4.843533e+00 5.383814e+00 -3.951009e+00 5.260475e+00 -8.868417e-01 4.677734e+00 8.576017e+00 -6.642568e-02 -6.008101e-01 -6.081093e-01 -8.087128e-01 -4.644203e-03 1.535662e-01 1.482557e-01 3.478980e-01 -8.557049e-01 -3.648247e-01 -1.250022e+00 6.606428e-01 3.770570e-01 8.296013e-04 
