-4.721488e+00 3.679367e+00 -2.050745e+00 6.201530e+00 8.662000e+00 2.478241e+00 6.622627e+00 7.008651e+00 9.761330e+00 1.075949e+01 4.339471e+00 2.627861e+00 -1.512927e-01 -3.592537e-01 -3.419628e-01 -2.163553e-01 3.046810e-01 1.753138e+00 -9.765356e-01 1.539332e-01 9.517244e-01 9.129890e-01 -2.359479e+00 -1.778084e+00 -4.189428e-02 0.000000e+00 
-5.562877e+00 2.673207e+00 -3.123127e+00 5.062334e+00 1.331010e+01 -9.604022e-01 4.437155e+00 5.756705e+00 1.147370e+01 4.680601e+00 6.382298e-01 2.113898e+00 -1.512927e-01 -4.281092e-01 -1.395038e-01 -4.347445e-02 -1.135077e-01 1.758800e+00 9.070042e-01 8.961279e-01 7.838517e-01 5.214455e-01 -1.425360e+00 -8.220272e-01 2.107679e-01 0.000000e+00 
-6.097062e+00 2.472633e+00 -2.596330e+00 8.294533e+00 1.510364e+01 -6.851149e-01 8.485028e+00 1.239325e+01 1.347009e+01 2.001534e+00 -2.700330e+00 2.675372e+00 -1.512927e-01 -1.779022e-01 -2.007441e-01 1.897325e-01 -2.419073e-01 2.595231e-01 9.763685e-01 7.826894e-01 1.281643e+00 3.353362e-02 -6.518112e-01 -5.487939e-01 2.454990e-01 0.000000e+00 
-6.174247e+00 3.585215e+00 -1.995325e+00 4.587490e+00 1.423518e+01 8.594940e+00 1.017207e+01 8.235612e+00 1.051418e+01 8.011660e+00 3.749236e+00 3.657946e+00 -1.512927e-01 -1.260467e-01 9.804413e-02 3.994990e-01 -3.110531e-01 -1.125234e+00 2.480477e+00 7.704317e-01 -3.226964e-01 -9.946963e-01 5.475736e-01 -5.515870e-01 4.661635e-01 0.000000e+00 
-5.305314e+00 2.219643e+00 -1.665984e+00 5.229416e+00 9.497076e+00 2.582413e+00 7.668618e+00 1.217741e+01 1.040876e+01 5.834900e+00 3.999877e-02 3.083333e+00 -1.512927e-01 -1.000980e-01 -5.441952e-01 -1.014184e+00 -1.364293e+00 -2.352026e+00 1.063942e+00 -8.251957e-01 -1.946850e+00 -1.539116e+00 -3.096201e-01 1.214519e-02 5.312363e-01 0.000000e+00 
-6.588984e+00 3.289923e+00 -1.590806e+00 5.039628e+00 1.048721e+01 9.808217e+00 8.697518e+00 4.251140e+00 8.030886e+00 5.501786e+00 -3.489869e+00 4.240735e+00 -1.512927e-01 -6.373634e-02 -3.802475e-02 -5.226417e-01 -6.312732e-01 -1.327126e+00 -1.106365e+00 -8.428715e-01 -1.631731e+00 -3.899028e-01 -1.123986e+00 3.679297e-01 1.960393e-01 0.000000e+00 
-6.390183e+00 -1.006970e-01 -7.869508e+00 1.247002e+00 5.217487e+00 4.027956e+00 5.096323e+00 4.651231e+00 7.016152e+00 1.708370e+00 9.799480e-01 5.040159e+00 -1.512927e-01 -6.342144e-02 1.978530e-01 -6.941019e-01 -6.474109e-01 1.508902e-01 -7.163820e-01 -9.523624e-01 -1.880994e+00 5.745417e-01 9.902665e-01 9.926340e-01 -6.406758e-01 0.000000e+00 
-5.950494e+00 4.555261e+00 -1.506771e+00 3.422331e+00 9.739347e+00 2.340345e+00 7.243855e+00 3.840048e+00 1.026097e+01 4.454993e+00 5.118910e+00 3.659729e+00 -1.512927e-01 2.309818e-01 3.627437e-01 -3.352860e-01 -3.023855e-01 4.315425e-01 -1.809171e+00 -6.330269e-01 6.684659e-01 9.787917e-01 1.556278e+00 1.457875e+00 -3.794127e-01 0.000000e+00 
-5.941667e+00 2.576239e+00 -5.178511e+00 2.801010e+00 1.062546e+01 2.734439e+00 3.633637e+00 2.977989e+00 1.216643e+01 1.130963e+01 6.987793e-01 1.704563e-01 -1.512927e-01 2.132332e-01 5.925826e-01 6.159423e-01 8.399264e-01 1.152913e+00 -4.760626e-01 -1.691096e-01 3.230806e-01 6.509719e-02 1.226249e+00 -8.239549e-01 -1.113214e-01 0.000000e+00 
-5.658334e+00 3.765173e+00 -4.612735e+00 2.750696e+00 9.940940e+00 1.409118e+00 6.263727e+00 8.430090e+00 1.034971e+01 8.482547e+00 3.940091e+00 4.778523e+00 -1.512927e-01 1.976528e-01 -2.474201e-01 -3.070586e-01 -1.194769e-01 2.914882e-03 5.404193e-01 -4.093443e-01 3.855655e-01 -3.441278e-01 -3.003025e-03 -9.105386e-01 1.130140e+00 0.000000e+00 
-5.470098e+00 3.257260e+00 -3.236815e+00 5.782451e+00 1.088126e+01 2.113256e+00 4.740839e+00 3.971613e+00 7.297269e+00 5.825835e+00 -2.550417e+00 3.924156e+00 -1.512927e-01 2.848816e-01 1.821257e-01 6.733885e-02 -1.048827e-01 -3.850664e-01 8.153013e-01 -1.453181e-01 -4.773291e-01 -1.040923e+00 -9.583839e-01 -4.548575e-01 4.419418e-01 0.000000e+00 
-5.198014e+00 2.977650e+00 -4.012912e+00 1.334226e+00 9.626024e+00 5.353033e+00 4.643533e+00 5.271064e+00 1.097491e+01 7.181874e+00 2.190815e+00 7.433578e+00 -1.512927e-01 -3.194160e-02 1.350758e-01 2.982871e-01 -3.472893e-01 3.700370e-01 5.614458e-01 -5.297685e-01 -9.251765e-01 -7.371042e-02 9.968445e-01 -8.956867e-01 -1.505679e+00 0.000000e+00 
-4.747418e+00 3.880629e+00 -5.141728e+00 2.984831e+00 8.857587e+00 4.838988e+00 3.717144e+00 2.170857e+00 6.649212e+00 7.168046e+00 -7.008704e-01 1.052638e+00 -1.512927e-01 -2.509604e-01 -1.126662e+00 -5.068409e-01 1.000866e+00 5.507666e-01 -1.508294e+00 -2.948443e-01 1.998554e+00 1.011470e+00 1.153340e+00 9.954511e-01 4.928541e-02 0.000000e+00 
-6.179381e+00 4.128868e+00 -2.168843e+00 2.413059e+00 1.280296e+01 2.853481e+00 4.126732e+00 4.704586e+00 1.030518e+01 1.279566e+01 -1.463117e+00 -1.314111e+00 -1.512927e-01 -5.026360e-01 -1.820234e+00 -3.990134e-01 2.246249e+00 9.268058e-01 -2.255070e+00 -3.576326e-01 1.673356e+00 -1.921182e-02 -3.131514e-01 2.733659e-01 7.982508e-01 0.000000e+00 
-6.234216e+00 -2.951660e+00 -6.693054e+00 1.024736e+01 1.204662e+01 -4.178441e+00 3.525018e+00 1.424762e+01 1.268948e+01 8.785638e+00 4.253804e+00 8.544427e+00 -1.512927e-01 9.806824e-03 -7.490625e-01 1.563993e-01 8.129414e-01 2.985609e-01 -8.147329e-01 -1.688463e-01 7.588562e-01 6.911330e-01 8.950305e-02 8.361713e-01 8.441361e-01 0.000000e+00 
-6.967795e+00 -2.707378e+00 -5.232316e+00 8.934203e+00 1.266553e+01 -1.413601e+00 2.951433e+00 7.599460e+00 7.858714e+00 4.807322e+00 1.080307e+00 7.678937e+00 -1.512927e-01 6.487557e-01 6.577232e-01 1.512125e-01 -2.034921e-01 -6.356009e-01 4.225744e-01 9.251685e-01 -1.558988e+00 -1.726513e+00 -1.304082e+00 3.370602e-01 -4.104368e-01 0.000000e+00 
-4.304177e+00 3.553439e+00 -2.827995e+00 3.788966e+00 1.041910e+01 2.898864e+00 3.460562e+00 4.517701e+00 1.132811e+01 1.160973e+01 2.208274e+00 7.767940e-01 -1.512927e-01 1.040647e+00 1.448622e+00 2.436894e-01 -2.162978e+00 -8.914346e-01 1.636325e+00 9.484929e-01 -3.827564e+00 -3.251984e+00 -1.214679e+00 -9.605007e-01 -2.684223e+00 0.000000e+00 
-3.900622e+00 4.164934e+00 -3.345310e+00 4.624798e+00 1.043871e+01 1.427701e+00 8.784803e+00 1.774605e+00 2.353306e+00 4.863208e+00 1.244949e+00 5.175214e-01 -1.512927e-01 1.533410e+00 -2.092597e-01 -1.406716e+00 -2.192802e+00 -2.088748e+00 -3.358417e-01 1.426419e+00 -9.831692e-01 -2.193494e+00 -1.526596e+00 5.392160e-02 -3.998837e-01 0.000000e+00 
-2.564568e+00 8.552953e-01 -6.418110e+00 1.587175e+00 8.702860e+00 2.582536e+00 5.350797e+00 -1.977769e+00 -8.177319e-01 2.684299e+00 -6.310207e-01 -1.295980e+00 -1.512927e-01 8.117315e-01 -2.398065e+00 -2.201999e+00 -1.002990e+00 -2.319124e+00 -1.631984e+00 1.701818e+00 3.157980e-01 -1.861438e+00 -1.945591e+00 4.247580e-01 1.702399e+00 3.418326e-03 
-1.705484e-01 -2.404604e+00 -1.047084e+01 -9.289100e-01 3.079916e+00 -2.934646e+00 9.138408e+00 5.931349e+00 2.964165e+00 1.637058e+00 2.769563e+00 6.715906e+00 -1.512927e-01 -1.801875e-01 -2.431436e+00 -5.171712e-01 -1.230856e+00 -2.717469e+00 -2.025728e+00 -1.188610e+00 -5.906242e-01 1.606338e-01 -9.848868e-01 -2.802210e-01 9.737508e-01 6.292798e-02 
-2.110557e+00 -5.152116e+00 -1.027523e+01 1.550870e+00 2.502880e+00 -3.079880e+00 1.179285e+01 4.018319e+00 1.715494e+00 3.494854e+00 3.569758e+00 6.189596e+00 -1.342010e-01 -8.887320e-01 -1.263004e+00 1.344513e+00 -4.229209e-01 -1.897659e+00 -1.755276e+00 -1.879659e+00 -1.195046e+00 7.275004e-01 -4.663359e-01 -3.983335e-01 5.198554e-01 1.021929e-01 
-5.028565e+00 -4.988540e+00 -4.002607e+00 -1.511329e+00 -4.863834e-02 -5.869728e+00 -3.792741e-01 -4.176559e+00 1.889862e+00 -4.665039e-01 -2.256545e+00 1.643488e+00 1.548014e-01 -1.110554e+00 1.207711e+00 2.501785e+00 4.567059e-01 6.289591e-01 1.418274e+00 -2.053875e+00 -8.767883e-01 1.539015e+00 5.594336e-01 -1.483176e+00 -1.146235e+00 3.408258e-02 
-4.579219e+00 -4.167757e+00 -2.929660e+00 -2.362201e-01 7.788415e-01 -4.726303e+00 7.113411e-01 -2.899044e+00 3.356922e+00 1.404400e+00 -1.096345e-01 3.839506e+00 2.066248e-01 -5.843874e-01 2.462157e+00 1.232991e+00 6.050056e-01 1.887029e+00 2.524111e+00 -1.004845e+00 9.466732e-01 2.583940e+00 2.283372e+00 1.971063e-01 7.307328e-02 -3.402773e-02 
-4.488986e+00 3.141769e+00 -1.634698e+00 2.248164e+00 7.086730e+00 4.979936e+00 4.409784e+00 5.006088e+00 9.838528e+00 5.479453e+00 -2.806619e+00 2.159774e+00 -1.512927e-01 -9.466362e-02 2.685692e+00 4.946466e-01 1.282172e+00 2.179121e+00 3.330470e+00 2.192365e+00 3.608532e+00 1.632239e+00 2.006111e+00 1.533788e+00 6.933719e-01 -9.701056e-02 
-5.302283e+00 3.093513e+00 -5.294225e+00 2.696151e+00 8.370340e+00 4.115845e+00 4.374095e+00 4.160360e+00 1.066086e+01 1.193874e+01 4.830326e+00 6.296819e+00 -1.512927e-01 -5.022337e-01 2.138533e+00 2.469264e-01 1.565034e+00 1.254498e+00 1.687818e+00 9.509590e-01 2.595614e+00 2.169398e+00 2.383598e+00 1.710930e+00 3.596414e-01 -7.158349e-02 
-5.140351e+00 4.809284e+00 -3.470920e-01 3.433346e+00 7.051217e+00 6.361547e+00 8.751172e+00 1.033640e+01 6.399090e+00 4.296881e+00 2.942415e+00 3.881691e+00 -1.512927e-01 -1.007443e+00 6.187025e-01 1.859655e-01 1.210957e+00 -5.282587e-01 -7.561039e-01 -4.954568e-01 4.378499e-01 -1.395372e-01 -6.696070e-01 2.794128e-01 -7.851992e-02 3.636980e-03 
-6.764705e+00 5.691152e+00 -2.338831e+00 6.996360e+00 7.069091e+00 3.021982e+00 3.295442e+00 7.413871e+00 1.592363e+01 1.391367e+01 5.570498e+00 4.776755e+00 -1.512927e-01 9.291248e-02 -1.395921e+00 -1.580778e+00 3.611896e-02 -2.168008e+00 -8.730614e-01 -1.630976e+00 -9.773731e-01 -1.373955e+00 -1.996634e+00 -1.768740e+00 -9.513255e-01 3.350725e-02 
-8.794991e+00 4.936462e+00 -2.182567e+00 6.152845e+00 5.096062e+00 1.746349e+00 2.471826e+00 5.568583e+00 6.509456e+00 1.143949e+00 -1.779641e+00 2.527207e+00 -1.331078e-01 9.019986e-01 -2.743695e+00 -3.359845e+00 -9.489647e-01 -2.704294e+00 -9.310352e-01 -2.304479e+00 -2.344044e+00 -1.710594e+00 -1.115869e+00 -1.573666e+00 -5.042394e-01 9.406476e-02 
-3.010401e+00 -3.949680e+00 -1.228038e+01 1.516997e+00 -1.492122e+00 2.058137e+00 -6.411121e-01 1.657402e+00 3.735903e+00 3.532032e+00 -1.652345e+00 2.217433e+00 7.151127e-03 4.075365e-01 -3.045942e+00 -2.238251e+00 -1.445472e+00 -2.025600e+00 -2.670545e-01 -8.243412e-01 -2.294636e+00 -2.771742e+00 -2.086173e+00 -1.229966e+00 -2.189092e-01 1.311757e-01 
-2.507510e+00 -4.088778e+00 -1.217554e+01 1.428204e+00 -2.189646e+00 2.188294e+00 -8.029449e-01 1.494408e+00 3.939985e+00 3.908357e+00 -1.314495e+00 2.640155e+00 2.398092e-01 1.404664e-01 -1.506695e+00 -4.456765e-01 -3.223317e-01 -6.470670e-01 9.797585e-02 -4.705222e-02 -1.449736e+00 -2.810587e-01 7.109610e-01 9.137360e-01 1.140878e+00 1.227217e-01 
-7.870763e+00 -5.025937e+00 -8.533602e+00 2.131318e+00 5.839462e-01 1.465737e+00 8.111222e-01 -2.022224e+00 3.349656e+00 2.100605e+00 -8.119068e-01 3.625735e+00 3.181273e-01 -1.636055e-01 3.376268e-01 1.362692e+00 4.020379e-01 -5.143709e-01 -1.655112e-01 1.067183e+00 -1.276413e+00 3.843587e-02 7.335691e-01 9.498596e-04 8.807831e-01 1.042185e-01 
-5.662478e+00 -2.058883e+00 -6.284337e+00 4.234026e+00 8.226933e-01 2.532428e+00 1.510448e+00 1.597152e-01 5.297286e+00 5.414468e+00 2.368820e+00 7.527448e+00 3.250127e-01 1.747761e+00 1.182757e+00 2.098318e+00 6.791543e-01 -1.891961e+00 -2.621892e+00 1.679668e-01 -2.013129e+00 -2.019180e+00 -9.581256e-02 -1.611250e+00 -2.186343e-01 7.110032e-02 
-2.250944e+00 -3.276493e+00 -8.412521e+00 2.124275e+00 -5.570146e+00 1.058514e+00 3.538106e+00 -4.057316e+00 3.249433e+00 6.446823e+00 -3.489253e+00 4.177702e+00 4.856417e-01 3.819796e+00 -1.395532e-01 1.913061e+00 -8.625451e-02 -2.817999e+00 -6.675136e+00 -2.657545e+00 -1.923087e+00 -3.402301e+00 -2.900747e+00 -8.475121e-01 -2.664438e+00 8.861246e-02 
3.421389e+00 9.502856e-01 -1.744491e+00 4.827497e+00 -8.572406e+00 -1.071756e+01 -1.326603e+00 -7.553689e+00 -6.105802e+00 1.256185e+00 -8.032069e+00 1.271000e+00 5.115536e-01 3.198838e+00 -1.830264e+00 1.544133e+00 -3.279866e-01 -2.541025e+00 -7.888653e+00 -5.009149e+00 -6.586899e-01 -3.734843e+00 -6.144605e+00 8.036593e-01 -4.105624e+00 1.046880e-01 
6.686282e+00 -7.228287e+00 -1.238219e+00 1.403310e+00 -8.808499e+00 -2.528495e+01 -1.105808e+01 -7.780957e+00 -7.960304e+00 -1.032399e+01 1.509771e-01 -6.568233e+00 6.679192e-01 2.542053e+00 -1.865826e+00 8.211225e-01 1.098847e+00 1.148624e-01 -5.832002e+00 -6.507335e+00 3.250051e+00 -1.803018e+00 -6.177695e+00 3.227551e+00 -1.909379e+00 8.515838e-02 
5.863097e+00 -9.234307e+00 -2.150823e+00 2.954576e+00 -1.026326e+01 -2.373910e+01 -1.623720e+01 -1.271914e+00 -7.772064e+00 -1.692315e+01 4.567001e+00 -7.627703e+00 7.573139e-01 1.754152e+00 -2.100657e+00 -1.819095e+00 -1.506939e-02 2.438690e+00 -2.927587e+00 -7.293677e+00 3.966003e+00 2.432143e-01 -4.095057e+00 1.834832e+00 -4.412455e-01 6.247773e-02 
9.238465e+00 -7.513327e+00 -4.103744e+00 8.554973e+00 -4.150409e+00 -2.159072e+01 -2.154327e+01 9.052052e+00 -4.932527e+00 -1.535199e+01 6.348964e+00 -9.198426e-01 7.885534e-01 1.889636e+00 -5.414772e-03 -2.727242e+00 -4.068449e-01 4.589390e+00 5.515329e-01 -5.672986e+00 1.993529e+00 1.454205e+00 3.220289e-01 -5.844931e-01 4.219731e-01 1.525614e-02 
1.091606e+01 -9.410480e+00 -9.407204e+00 1.176319e+00 1.291996e+00 -2.720260e+01 -3.255239e+01 3.859819e+00 -6.403619e+00 -1.670510e+01 -1.956901e+00 -3.759422e+00 7.636251e-01 1.971030e+00 6.994692e-01 -3.579123e+00 -2.130877e+00 4.761950e+00 9.767645e-01 -4.903039e+00 -2.311239e+00 8.267456e-01 2.281932e+00 -1.790878e+00 -1.199265e+00 -1.233774e-02 
1.360798e+01 -7.167274e+00 -1.124624e+01 2.582139e-01 8.360826e+00 -2.079553e+01 -3.126541e+01 -3.791764e-01 -1.373501e+00 -8.822866e+00 4.904630e-01 -6.392508e+00 7.410442e-01 1.545836e+00 1.362653e+00 -2.963981e+00 -2.544389e+00 3.893185e+00 2.647877e+00 -2.627352e+00 -3.772581e+00 4.725633e-01 3.202091e+00 -1.929440e-01 -1.918884e+00 -1.924274e-02 
1.353349e+01 -5.909987e+00 -1.647519e+01 -3.551430e+00 7.290880e+00 -1.925287e+01 -3.589133e+01 -8.112494e+00 -5.417849e+00 -8.778049e+00 -1.458139e+00 -1.088770e+01 7.193798e-01 1.197214e+00 1.984997e+00 -1.659975e+00 -7.976696e-01 2.753290e+00 3.850865e+00 -4.879318e-01 -1.643551e+00 4.461045e-02 3.161481e+00 2.359174e+00 -4.425437e-01 -1.077638e-02 
1.565893e+01 -2.450307e+00 -1.538966e+01 -1.803096e+00 1.231608e+01 -1.232620e+01 -3.301056e+01 -3.824693e+00 -3.062595e+00 -3.305060e+00 5.134863e+00 -6.950124e+00 7.144624e-01 4.872281e-01 1.346704e+00 -9.340289e-01 1.343405e-01 1.557035e+00 1.929983e+00 -5.505627e-01 -7.087378e-02 -1.063676e+00 1.363704e+00 2.332952e+00 9.497825e-01 1.771379e-03 
1.587665e+01 -1.843981e+00 -1.563537e+01 -1.781374e+00 1.308082e+01 -1.218294e+01 -3.411948e+01 -2.635180e+00 -5.336020e+00 -3.656599e+00 7.516767e+00 -5.693332e+00 7.230341e-01 2.015173e-01 5.251701e-01 7.163585e-01 1.673393e+00 1.266973e+00 6.327969e-01 8.871559e-01 1.735901e+00 4.384041e-03 7.791190e-01 2.802416e+00 2.158301e+00 1.387508e-02 
1.487254e+01 -2.466759e+00 -1.633630e+01 4.488802e-02 1.325103e+01 -1.468058e+01 -3.490415e+01 -3.472203e+00 -6.732794e+00 -4.565072e+00 7.667768e+00 -4.240778e+00 7.480739e-01 -8.286337e-01 -6.859848e-01 1.260450e+00 1.408890e+00 -7.329946e-01 -2.024804e+00 1.011454e+00 2.126312e+00 4.072148e-01 -1.250267e+00 6.268134e-01 1.451887e+00 2.511802e-02 
1.493427e+01 -3.275911e+00 -1.242008e+01 3.891545e+00 1.315827e+01 -1.491170e+01 -3.050875e+01 3.907624e-01 -3.560829e+00 -4.252447e+00 1.128749e+01 -1.450867e+00 7.719494e-01 -1.577609e+00 -1.376869e+00 2.074677e+00 1.252185e+00 -2.876276e+00 -3.141960e+00 2.644826e+00 3.374527e+00 1.064835e+00 -2.086225e+00 -6.483846e-01 9.722064e-01 3.340861e-02 
1.198695e+01 -5.164266e+00 -1.069505e+01 2.404895e+00 8.612381e+00 -2.108584e+01 -2.975865e+01 5.293895e+00 -1.914116e+00 -9.258471e+00 6.383571e+00 -1.811924e+00 8.155949e-01 -2.218922e+00 -1.603711e+00 3.299957e+00 8.250341e-01 -4.796378e+00 -3.008416e+00 5.302600e+00 4.188486e+00 -3.602748e-02 -2.061276e+00 -5.261262e-01 8.233660e-01 4.391777e-02 
9.431400e+00 -7.379570e+00 -8.082607e+00 3.299550e+00 1.018768e+00 -2.469011e+01 -2.346810e+01 9.854408e+00 -2.421184e+00 -1.174102e+01 4.916943e+00 -2.046728e+00 8.563167e-01 -2.900889e+00 -1.619956e+00 3.878799e+00 -3.026324e-01 -6.399064e+00 -1.748234e+00 6.627573e+00 2.011745e+00 -2.948179e+00 -1.444787e+00 -2.669558e-02 -3.353180e-01 5.481906e-02 
6.529366e+00 -8.433486e+00 -2.005248e+00 4.466057e+00 -4.661110e+00 -2.483346e+01 -1.191148e+01 1.273840e+01 -7.482754e+00 -1.112716e+01 8.222409e+00 1.739824e-01 9.254791e-01 -2.809741e+00 -1.051166e+00 4.556752e+00 -1.131104e+00 -5.950664e+00 1.239621e+00 7.121260e+00 -1.144580e+00 -4.058259e+00 8.158324e-01 9.385936e-01 -1.313485e+00 5.035961e-02 
3.158614e+00 -9.741078e+00 2.629019e+00 1.347802e+00 -1.220030e+01 -2.177906e+01 -6.294474e+00 6.727234e+00 -1.551740e+01 -1.054204e+01 1.023459e+01 -4.120410e+00 9.911026e-01 -2.292193e+00 9.848575e-02 4.680334e+00 -2.001186e+00 -3.613442e+00 4.107403e+00 5.625513e+00 -3.042720e+00 -2.406852e+00 2.830763e+00 4.780673e-01 -1.410197e+00 2.971341e-02 
1.074640e+00 -9.239343e+00 6.732896e+00 -2.274753e+00 -1.453140e+01 -1.634326e+01 -2.739164e+00 1.134583e+00 -1.565730e+01 -5.778802e+00 8.417715e+00 -7.342505e+00 1.000000e+00 -1.656740e+00 6.679052e-01 3.624274e+00 -2.758895e+00 -1.847248e+00 4.855558e+00 2.405024e+00 -3.912166e+00 6.496429e-03 3.032896e+00 -1.347036e+00 -1.347587e+00 1.678336e-03 
6.977978e-01 -6.484213e+00 1.094999e+01 -3.335974e+00 -1.211330e+01 -8.398195e+00 7.330585e-02 4.427177e-01 -1.036817e+01 -2.613883e-01 7.209626e+00 -5.339470e+00 9.676234e-01 -7.604987e-01 9.009503e-01 2.790050e+00 -1.987659e+00 -4.152552e-01 4.434042e+00 1.563563e-01 -2.365369e+00 2.081435e+00 2.897464e+00 -1.616585e+00 1.744242e-01 -1.801746e-02 
-5.239267e-01 -6.722393e+00 1.195564e+01 -6.986531e+00 -1.394085e+01 -7.246102e+00 -3.070250e+00 -3.680168e+00 -1.002489e+01 -1.103008e+00 2.999710e+00 -5.954422e+00 9.456104e-01 -2.196734e-01 7.980655e-01 1.838255e+00 -1.366114e+00 -7.030813e-01 3.021459e+00 -1.741415e+00 -1.307808e+00 1.446133e+00 2.044630e+00 -1.384073e+00 8.133534e-01 -2.496054e-02 
1.554041e-01 -6.494802e+00 1.396790e+01 -6.234603e+00 -1.457185e+01 -4.157433e+00 -5.347149e+00 -2.692235e+00 -7.926437e+00 1.607387e+00 4.860667e+00 -3.942330e+00 9.282101e-01 7.006530e-02 6.009567e-01 1.019327e+00 -9.412259e-01 -1.122222e+00 1.429068e+00 -2.520434e+00 -1.277490e+00 3.443192e-01 1.279128e+00 -1.172195e+00 5.977947e-01 -2.991726e-02 
2.474699e-01 -5.243721e+00 1.441521e+01 -7.656010e+00 -1.681753e+01 -3.356350e+00 -8.736012e+00 -3.836982e+00 -9.647504e+00 3.509960e+00 2.671827e+00 -3.974308e+00 8.949040e-01 3.558324e-01 1.135417e+00 8.494360e-01 -3.198332e-01 -3.449146e-01 8.375486e-01 -2.047762e+00 -1.018446e+00 5.829620e-02 1.190604e+00 -8.284112e-01 5.922066e-01 -4.046451e-02 
6.624260e-01 -4.218765e+00 1.481683e+01 -7.707364e+00 -1.628607e+01 -3.197731e+00 -9.695983e+00 -5.866325e+00 -8.835268e+00 3.827770e+00 1.512594e+00 -3.340554e+00 8.433903e-01 -4.876614e-03 1.740114e+00 4.769974e-01 -1.721076e-01 3.101547e-01 5.729487e-01 -1.606089e+00 -1.548320e+00 -3.517823e-01 4.637123e-01 -1.161716e+00 3.797260e-01 -4.445719e-02 
1.001724e+00 -2.183324e+00 1.577835e+01 -7.849317e+00 -1.480832e+01 -3.538209e+00 -1.113464e+01 -7.185354e+00 -9.278992e+00 3.739823e+00 5.316908e-01 -3.294278e+00 7.856978e-01 -1.155530e-01 1.964557e+00 5.784353e-01 4.049346e-01 1.009549e+00 8.467094e-01 -9.759809e-01 -1.527705e+00 -4.252864e-01 -2.191348e-01 -1.067615e+00 4.191864e-01 -4.800408e-02 
-2.461061e-01 6.755718e-01 1.567132e+01 -6.998487e+00 -1.402569e+01 -1.201759e+00 -1.217828e+01 -8.759649e+00 -9.869605e+00 3.811017e+00 1.221557e-01 -2.383716e+00 7.605273e-01 -1.486158e-02 2.129561e+00 4.812958e-01 5.233867e-01 1.208099e+00 1.194494e+00 -3.731938e-01 -1.376941e+00 -7.016331e-01 -7.608721e-01 -1.871199e+00 3.989449e-01 -5.118236e-02 
1.239710e-01 2.131896e+00 1.688015e+01 -5.985775e+00 -1.289998e+01 -1.207885e-01 -1.237477e+01 -1.002885e+01 -1.125677e+01 2.422662e+00 -1.971030e+00 -2.356796e+00 6.963151e-01 6.273189e-01 1.913741e+00 6.206301e-01 2.319025e-01 1.482337e+00 1.363355e+00 2.069065e-01 -1.125704e+00 -4.494886e-01 -9.629784e-01 -2.250161e+00 3.983103e-01 -6.537501e-02 
1.026995e+00 4.271430e+00 1.667241e+01 -6.022202e+00 -1.119975e+01 1.066026e+00 -1.094189e+01 -1.132928e+01 -1.135455e+01 6.819897e-01 -6.592044e+00 -1.814571e+00 6.321698e-01 1.245372e+00 2.050049e+00 5.857466e-01 3.622436e-01 1.103979e+00 1.741661e+00 -2.021802e-01 -7.054487e-01 8.399695e-01 -1.095461e+00 -1.876995e+00 -3.291128e-01 -8.612827e-02 
3.501768e+00 5.587450e+00 1.838095e+01 -7.177947e+00 -8.809606e+00 2.144672e+00 -1.071831e+01 -1.152906e+01 -1.078396e+01 4.894445e-01 -7.362013e+00 -1.587299e+00 5.230014e-01 1.655883e+00 2.351869e+00 1.984421e-01 2.387124e-01 9.988697e-01 1.942032e+00 4.202803e-01 8.007040e-02 2.728861e+00 -1.044540e+00 -1.548672e+00 -1.578590e-01 -9.752028e-02 
4.291857e+00 9.198041e+00 1.784965e+01 -4.591184e+00 -1.055098e+01 6.373815e+00 -1.401741e+01 -1.153679e+01 -5.906159e+00 -6.996770e-01 -6.567327e+00 -4.414029e+00 4.165427e-01 1.310658e+00 2.393742e+00 8.724976e-02 6.426494e-01 4.365427e-01 2.473728e+00 1.607006e+00 1.648869e-01 3.367928e+00 -4.035688e-01 1.087070e-01 -5.739831e-01 -9.466954e-02 
6.770953e+00 1.142794e+01 1.728374e+01 -5.507722e+00 -8.230014e+00 6.935476e+00 -8.735606e+00 -9.524743e+00 -3.366542e-01 -2.109203e+00 -9.726749e+00 -1.846362e+00 3.165272e-01 3.923500e-01 1.262543e+00 -4.939089e-01 8.441259e-01 7.489611e-01 4.146543e+00 3.366423e+00 4.552460e-02 2.378338e+00 -1.784251e+00 -4.531233e-01 -2.198833e+00 -7.047058e-02 
5.945693e+00 1.331990e+01 1.765727e+01 -3.644068e+00 -9.306828e+00 1.103926e+01 -3.898209e+00 -1.150701e+01 2.614398e-01 -3.653073e-02 -4.866140e+00 -4.554955e+00 2.620592e-01 -1.431313e-01 -1.164274e-01 -5.646055e-01 9.720281e-01 7.762648e-01 4.655107e+00 4.967762e+00 -1.768614e-01 7.391558e-02 -3.142298e+00 -5.163736e-01 -9.715033e-01 -4.245955e-02 
4.636600e+00 9.839238e+00 1.600760e+01 -3.430876e+00 -5.686874e+00 2.054466e+01 1.054211e+00 -1.131633e+01 -1.976073e+00 -8.763387e+00 -1.047822e+01 -1.251100e+01 2.478903e-01 -1.188416e+00 -1.079382e+00 2.065855e-01 1.413300e+00 7.332821e-02 3.282256e+00 3.627161e+00 -1.885812e-01 -1.808215e+00 -2.934541e+00 -1.119312e-01 -1.012107e+00 -1.534514e-02 
4.643376e+00 9.410253e+00 1.566469e+01 -7.694664e-01 -7.941222e+00 2.284475e+01 5.926491e+00 -1.152530e+01 -4.716872e+00 -1.308408e+01 -8.773458e+00 -3.939226e+00 2.385634e-01 -1.870658e+00 -1.993364e+00 6.688389e-01 1.018941e+00 3.801377e-01 1.209647e+00 1.925865e+00 3.240971e-01 -1.379387e+00 -1.701701e+00 -7.052577e-01 -8.771262e-01 5.860806e-03 
1.480033e+00 7.985849e+00 1.931296e+01 1.214764e-01 -8.546176e+00 1.744401e+01 4.487848e+00 -1.045850e+01 -6.888576e+00 -1.025814e+01 -8.332747e+00 -7.214759e+00 2.515494e-01 -1.997581e+00 -1.846231e+00 4.648171e-02 -6.635269e-01 -2.892836e-01 -1.561476e+00 1.800136e-01 -8.390836e-02 -3.834956e-01 1.153957e+00 7.912401e-01 8.701088e-01 4.891068e-03 
-1.829315e+00 4.279772e+00 1.934878e+01 -3.255386e-01 -5.976489e+00 1.863783e+01 4.014297e+00 -1.031543e+01 -4.179244e+00 -7.797662e+00 -9.465167e+00 -1.158871e+01 2.895337e-01 -1.686049e+00 -2.050383e+00 -1.533975e+00 -2.007155e+00 4.902716e-01 -2.098488e+00 -3.913103e-01 -6.141305e-01 6.195041e-01 2.573104e+00 1.961557e-01 5.408379e-01 -1.345404e-02 
-2.114962e+00 3.173321e+00 1.439796e+01 -6.970474e+00 -8.115659e+00 1.484075e+01 2.910376e+00 -1.234080e+01 -4.162365e+00 -5.636812e+00 -6.176167e+00 -4.335716e+00 2.468605e-01 -5.367299e-01 -2.119417e+00 -3.182376e+00 -1.714186e+00 -1.215763e-01 -1.912160e+00 4.177960e-01 1.883292e-01 1.559406e+00 3.254014e+00 1.896989e+00 3.169022e+00 -4.145706e-02 
-1.989373e+00 1.564602e+00 1.045231e+01 -7.259264e+00 -5.705123e+00 1.365394e+01 4.758675e+00 -1.365480e+01 -2.982457e+00 -2.529218e+00 -8.870969e+00 -2.674558e+00 1.736377e-01 1.366241e-01 -1.702282e+00 -2.834795e+00 -1.612268e+00 -6.937151e-01 -2.038735e+00 4.468856e-01 6.019337e-01 -4.770936e-01 1.509328e+00 2.714023e+00 3.555830e+00 -4.519566e-02 
-1.123588e+00 -1.253649e+00 7.849310e+00 -4.982594e+00 -9.289741e+00 1.037515e+01 6.204638e+00 -7.847170e+00 3.100610e-01 3.377712e+00 8.551009e-01 4.173278e+00 1.022121e-01 1.649991e-01 -1.503330e+00 -1.862360e+00 1.900539e-01 -1.486461e+00 -1.889482e+00 2.129498e+00 6.115592e-01 9.848500e-03 1.289943e+00 2.047782e+00 2.152432e+00 -3.043056e-02 
-1.641882e+00 -2.018155e+00 8.449134e+00 -9.380818e+00 -8.858024e+00 1.067695e+01 4.601593e+00 -9.552582e+00 -8.800925e+00 -4.758286e+00 5.893147e-01 1.935949e+00 1.358796e-01 4.460695e-01 -5.731869e-01 -1.883614e+00 7.854252e-01 -7.176285e-01 -8.570502e-01 2.954214e+00 8.018911e-01 4.228634e-01 -3.822377e-01 1.041859e+00 7.508131e-01 -3.522505e-02 
-1.463712e+00 -2.551951e+00 6.087751e+00 -4.959428e+00 -1.397151e+01 6.881835e+00 1.363641e+01 -1.133412e+01 -1.203888e+00 1.927436e+00 -6.673964e-01 4.121192e+00 1.135868e-01 4.911260e-01 2.087121e-01 -1.969865e+00 9.207556e-01 1.237503e+00 -2.893933e-01 2.132305e+00 5.020825e-01 -8.687765e-01 -1.887177e+00 -1.415702e+00 -7.005826e-01 -4.500946e-02 
4.110365e-01 -6.521821e-01 1.915024e+00 -3.343721e+00 -6.952379e+00 1.111535e+01 1.581386e+01 -7.901874e+00 -1.111655e-01 -3.715268e+00 -2.900423e+00 1.105551e+00 -8.174896e-03 5.918100e-01 2.253809e-01 -2.293085e+00 1.780096e+00 1.376590e+00 -1.193007e+00 1.603673e+00 2.793462e+00 4.125218e-01 1.189020e-01 -2.819477e-01 -1.112887e+00 -6.031039e-02 
3.055830e-01 -8.930755e-01 1.267038e+00 -3.397364e+00 -4.055050e+00 8.708982e+00 1.126003e+01 -6.162111e+00 -8.378702e+00 -6.579683e+00 -4.478537e+00 1.085564e+00 -5.080795e-02 8.002815e-02 -2.496737e-01 -2.087253e+00 2.560308e-01 1.598141e+00 3.821840e-02 7.456506e-01 3.184434e+00 -9.919329e-01 3.351068e-01 1.434756e+00 -1.723176e+00 -4.190508e-02 
4.325209e-01 -1.720688e+00 -6.059361e-01 -1.261370e+00 -6.933306e+00 3.798339e+00 1.380815e+01 1.828723e+00 -3.150909e+00 8.978391e-02 1.085147e+00 -2.110672e+00 -8.347499e-02 -2.193834e-01 -3.012106e-02 -9.498101e-01 -3.275491e-01 1.679144e-01 -4.575315e-01 5.246776e-01 1.993754e+00 -1.106034e-01 2.006673e+00 1.230729e+00 -1.343944e+00 -2.052178e-02 
-1.074313e+00 -3.266066e+00 -3.088035e+00 -4.720449e+00 -5.990345e+00 1.073143e+01 1.836752e+01 -2.772472e-01 -4.643681e+00 1.700444e+00 4.513599e+00 -2.886577e+00 -5.828857e-02 -1.247347e-01 7.273532e-01 -8.574800e-01 -5.770711e-01 2.019214e-01 -5.039542e-01 5.286709e-01 -3.187784e-01 1.539773e+00 1.269631e+00 7.464533e-02 -5.206288e-01 -1.701890e-02 
4.067421e-03 3.837080e-01 -6.564902e-01 -4.319924e+00 -5.145160e+00 7.816469e+00 1.488350e+01 -8.755360e-01 -2.531693e+00 2.178032e+00 -1.242845e+00 -3.628100e+00 -1.070435e-01 -1.581867e-01 8.097494e-01 1.770356e-01 -5.203616e-01 1.000640e+00 -3.161635e-01 -4.618443e-01 -3.545211e-01 2.473288e+00 6.350938e-01 -8.448540e-01 5.059530e-01 -1.726216e-02 
-1.038637e-01 1.691493e+00 -2.995085e+00 -4.753443e+00 -3.939516e+00 4.180146e+00 1.336571e+01 -6.403873e+00 -9.894476e-01 -1.275652e+00 -2.941314e+00 -7.588660e-01 -1.241182e-01 1.748889e-01 3.941165e-01 3.547060e-01 6.820272e-01 6.820968e-01 -1.338579e+00 -6.668151e-01 7.588285e-01 1.402337e+00 7.488664e-01 1.583990e+00 2.401850e+00 -1.836938e-02 
-8.436375e-01 -1.507201e-01 2.327671e-01 -3.846681e+00 -2.955523e+00 5.493165e+00 1.399983e+01 3.119431e+00 7.388413e+00 4.753301e+00 5.883336e-01 -6.447622e-01 -1.368710e-01 7.290582e-02 1.421410e-01 7.139385e-03 3.308263e-01 5.254531e-01 7.168438e-02 -1.432742e-01 2.256211e+00 6.170947e-01 -4.517614e-01 1.149642e+00 2.173644e+00 -9.960187e-03 
2.239838e-01 -1.028270e+00 -1.759133e+00 -1.546935e+00 -3.674680e+00 5.200189e+00 1.547528e+01 1.519412e+00 -2.592048e+00 4.157142e+00 1.151796e+01 7.631002e+00 -1.352217e-01 2.123422e-01 4.770038e-01 4.696667e-03 9.627914e-01 4.511248e-01 -1.668548e-01 -2.491401e-01 1.576853e+00 -7.257069e-01 -1.557037e-01 -2.762024e-01 -3.764161e-01 -6.877065e-03 
2.046728e-01 2.454294e+00 -1.238769e+00 -4.269047e+00 -2.650312e+00 7.664870e+00 1.311235e+01 6.443876e+00 1.355080e+00 -2.797172e+00 -2.724273e+00 3.045183e+00 -1.512927e-01 1.808291e-01 7.587798e-01 -4.788848e-01 8.972183e-01 1.187680e+00 -6.152459e-01 -3.637914e-01 2.473187e-01 -1.890410e+00 -2.491588e+00 -1.939785e+00 -6.018445e-01 -4.491436e-03 
4.336920e-01 2.774004e+00 -2.235834e+00 2.716973e-01 -1.836497e+00 2.260020e+00 1.256375e+01 -1.818292e-01 -1.601315e+00 1.721066e+00 -2.666023e+00 -4.485919e+00 -1.512927e-01 -3.852015e-01 4.338035e-01 -3.072208e-01 5.064396e-01 2.077783e+00 3.297967e-01 -1.798111e-01 3.143254e-01 -2.499814e-01 -2.070372e+00 -2.211189e+00 -2.369892e-01 -3.214192e-03 
-4.434586e-02 1.742042e+00 -1.923307e+00 -2.699058e-01 2.063784e+00 3.887020e+00 1.363664e+01 5.206645e+00 -2.559003e+00 -6.486601e+00 -2.018600e+00 2.404476e+00 -1.512927e-01 -6.480523e-01 -1.280571e-01 -8.678829e-02 1.485347e+00 9.446663e-01 -1.230928e-01 1.184617e+00 4.712447e-01 6.815501e-02 -4.632992e-01 -8.085065e-02 1.451686e+00 0.000000e+00 
-1.577515e+00 1.496874e+00 -2.952969e+00 -1.014307e+00 4.357188e+00 8.738097e+00 1.431408e+01 3.709654e+00 -1.884913e+00 -4.350002e+00 1.091783e-01 6.766410e+00 -1.512927e-01 -4.218014e-01 2.227736e-01 -3.330911e-01 2.768788e-01 2.109355e-01 8.149737e-01 1.880155e-01 1.627609e+00 7.826350e-01 2.570155e-01 1.092478e-01 2.047537e+00 0.000000e+00 
-2.029985e+00 2.452574e+00 -1.314143e+00 3.800692e+00 -1.023824e+00 3.810367e+00 1.816027e+01 6.854358e+00 1.837654e+00 -2.078134e+00 -4.516127e+00 4.677446e+00 -1.512927e-01 -2.924372e-01 2.092757e-01 -3.179933e-01 7.086732e-01 1.543541e-02 -2.043981e-01 -3.529100e-01 -1.381691e-02 5.567294e-01 1.641917e+00 -4.101709e-01 3.092636e-01 0.000000e+00 
-6.824951e-01 3.532606e+00 -4.205871e+00 -3.792076e-01 7.619843e-01 6.373215e+00 1.124201e+01 7.132359e+00 1.135311e-01 8.019097e-01 -8.710201e-01 4.615282e+00 -1.512927e-01 -1.422685e-01 -4.753781e-01 -3.875317e-01 4.790784e-01 1.085479e+00 -9.220531e-02 -1.095554e+00 -4.886061e-01 6.905754e-01 -1.281338e-01 -7.548935e-01 -4.654667e-01 0.000000e+00 
-1.954041e+00 1.770554e+00 -2.886822e+00 2.955911e+00 3.938563e+00 4.047471e+00 1.340812e+01 3.426208e+00 -7.745786e-01 -8.529742e-01 -3.579355e+00 5.026358e+00 -1.512927e-01 1.156034e-01 -1.733845e-01 -6.082700e-01 -5.784926e-01 1.607511e+00 6.321287e-01 -6.648090e-01 -8.160686e-01 -1.020696e+00 -3.237274e-01 6.847512e-01 -1.714389e-01 0.000000e+00 
-2.326829e+00 -5.390065e-01 -4.104288e+00 1.803475e+00 7.303392e+00 8.158519e+00 1.121238e+01 2.980699e+00 2.874080e+00 -5.603251e+00 -4.133676e+00 4.264621e+00 -1.512927e-01 1.557388e-02 5.475628e-02 -1.400691e-01 1.944480e-01 9.386665e-01 -2.453804e-01 -2.312949e-01 -7.832618e-01 2.270046e-01 -5.883673e-01 -1.343265e+00 -2.282547e+00 0.000000e+00 
-6.298018e-01 3.621458e+00 -4.406285e+00 -1.831129e-01 3.743029e+00 6.078359e+00 1.485104e+01 4.849844e+00 -4.646100e+00 -4.941905e-01 5.389564e-01 3.995583e+00 -1.512927e-01 -8.039284e-02 1.536569e-01 -1.176442e+00 -1.239835e+00 -2.640999e-01 -1.608813e-01 -4.007551e-01 1.065455e+00 1.739555e+00 4.902816e-01 -7.970667e-01 -1.300334e+00 0.000000e+00 
-1.266746e+00 2.880936e+00 -4.146485e+00 2.162544e+00 5.553084e+00 4.130869e+00 9.364079e+00 2.504231e+00 3.184315e+00 -2.319319e+00 -9.646501e+00 -6.282065e+00 -1.512927e-01 -3.374682e-01 -5.684209e-03 -1.362894e+00 -1.369224e+00 -7.870162e-01 -6.624730e-01 -2.903070e-02 1.616390e+00 2.220217e+00 1.157009e+00 -6.696433e-01 -1.130728e-01 0.000000e+00 
-2.886047e+00 8.288676e-01 -8.747934e+00 -3.422800e+00 3.493217e+00 5.256889e+00 1.232850e+01 8.991715e+00 7.768078e+00 -4.353261e-02 -4.808276e+00 3.798032e+00 -1.512927e-01 -6.131793e-01 -7.637248e-01 -1.328475e+00 -1.206472e+00 -2.559490e-01 -5.169199e-02 -2.080662e-01 1.477123e+00 2.941212e+00 3.177102e-01 -5.856240e-01 9.684997e-01 0.000000e+00 
