-7.432200e+00 8.000401e+00 4.682884e+00 5.280827e+00 1.877290e+00 3.945591e+00 2.255053e+00 3.956044e+00 -2.986896e+00 4.393244e+00 -6.042767e-01 1.483365e+00 -1.347767e-01 5.451511e-01 2.721385e-02 -2.129168e-01 2.170568e-01 4.691721e-01 2.649404e-01 -1.657379e-01 1.228142e+00 1.958390e+00 7.813863e-01 1.985673e+00 1.446117e+00 -4.954791e-03 
-4.877276e+00 9.228840e+00 5.969358e+00 7.128835e+00 4.665547e+00 5.069935e+00 3.610390e+00 8.571203e+00 -3.488288e-01 4.242821e+00 5.240606e+00 3.482953e+00 -1.512927e-01 2.737936e-01 -4.125310e-01 -5.583638e-01 -5.348920e-01 8.620008e-02 4.675130e-01 -3.390015e-01 1.216924e+00 1.972204e+00 -1.810099e-01 1.919837e+00 1.185858e+00 -4.954791e-03 
-5.983907e+00 7.522250e+00 2.975063e+00 5.442106e+00 2.829021e+00 4.708121e+00 7.486942e-01 7.789173e+00 5.486018e+00 8.375387e+00 6.401647e+00 7.714155e+00 -1.512927e-01 1.104664e-01 7.286358e-03 -5.964159e-01 -4.040932e-01 -9.559309e-02 -2.532021e-01 -6.713364e-01 6.509706e-01 1.232175e+00 3.457739e-02 1.466871e+00 2.507542e-01 -3.303194e-03 
-6.787379e+00 6.176821e+00 2.744976e+00 2.525727e+00 1.832424e+00 5.901891e+00 1.313224e+00 8.124100e+00 2.637667e+00 1.497123e+00 5.491947e+00 4.297261e+00 -1.512927e-01 -2.468327e-01 -1.138463e-01 -8.225445e-01 -1.114738e+00 -7.245539e-01 -1.389213e-01 -3.793351e-01 1.410344e-01 7.924334e-01 9.947537e-01 1.323607e+00 8.969051e-01 0.000000e+00 
-5.924817e+00 9.562842e+00 3.312996e+00 5.561914e+00 2.815886e+00 2.263602e+00 4.695368e-02 7.434449e+00 1.680730e+00 5.938980e+00 6.604407e+00 2.329982e+00 -1.512927e-01 1.388384e-01 3.039761e-01 -1.228484e-01 -4.558626e-01 -2.549001e-01 -9.474077e-01 -3.221121e-01 7.121351e-01 -6.769360e-01 4.753162e-01 7.969273e-01 9.572094e-01 0.000000e+00 
-6.140985e+00 7.639313e+00 1.687670e+00 1.495239e+00 1.049345e+00 5.597588e+00 2.064585e+00 9.453737e+00 5.515982e+00 1.043479e+01 1.175726e+01 1.065956e+01 -1.512927e-01 -3.035221e-01 -1.766475e-01 -2.839407e-01 -3.669628e-01 -6.609117e-01 -1.318011e+00 -3.213086e-01 1.648026e+00 2.477061e-01 9.457273e-01 -2.135195e-01 5.679693e-01 2.352524e-03 
-5.612912e+00 8.310885e+00 2.889474e+00 3.678037e+00 1.946061e+00 1.232340e-01 -1.237546e+00 1.068503e+01 6.621802e-01 6.283134e+00 7.253626e+00 9.319050e+00 -1.512927e-01 -4.561241e-01 -7.483789e-01 -3.644741e-01 -3.738461e-01 -4.837254e-01 -1.165252e+00 -1.680471e+00 -2.535290e-01 -1.724472e-02 3.747711e-01 -1.311027e+00 -6.763715e-01 1.176262e-03 
-8.460942e+00 5.919562e+00 1.537033e+00 1.632851e+00 -1.037221e+00 3.820208e-01 3.489316e-01 1.473894e+01 4.385472e+00 6.053683e+00 4.099741e+00 3.642573e+00 -1.395301e-01 -1.234274e-01 1.748132e-01 2.070368e-01 1.154391e+00 3.984758e-01 -1.411572e+00 -1.922786e+00 -7.718321e-01 -7.904140e-01 -5.710713e-01 -1.666357e+00 -2.965928e+00 0.000000e+00 
-7.045459e+00 6.680823e+00 1.565944e+00 3.623878e+00 1.440542e+00 -9.548765e-01 -7.497574e+00 3.524203e+00 2.159761e+00 1.000339e+01 3.878034e+00 2.456620e+00 -1.512927e-01 -8.088646e-02 5.034077e-01 2.545939e-01 8.801218e-01 4.537333e-01 3.414961e-01 -6.496618e-01 -8.931919e-01 2.843030e-01 1.120073e-01 -1.711911e+00 -2.827065e+00 -1.176262e-03 
-6.041848e+00 9.328410e+00 3.384619e+00 7.294273e+00 3.294484e+00 -9.212179e-01 -4.419330e+00 9.174990e+00 8.151208e-01 5.719309e+00 5.113274e+00 -7.388575e-01 -1.512927e-01 6.298998e-01 8.329672e-01 3.386603e-01 1.111450e+00 9.957096e-01 1.265742e+00 1.017752e+00 -9.912354e-01 3.892725e-01 3.075728e-01 -5.148053e-01 -9.208326e-02 -2.352524e-03 
-7.226892e+00 9.123500e+00 3.238651e+00 5.247936e+00 2.048874e+00 2.482334e+00 -2.101725e+00 9.001045e+00 3.868871e+00 7.010358e+00 -1.812697e+00 -2.625559e+00 -1.512927e-01 1.737320e-01 3.920535e-01 1.920529e-01 1.400435e-01 8.838261e-01 1.638891e+00 1.190695e+00 -2.455790e-01 4.500106e-01 1.325906e-01 1.683722e-01 2.149591e+00 0.000000e+00 
-5.220727e+00 8.863060e+00 2.393981e+00 6.378073e+00 3.637161e+00 4.992125e+00 2.739769e+00 7.044341e+00 5.477281e+00 9.088063e+00 4.371080e+00 5.723247e+00 -1.512927e-01 3.063356e-01 2.136454e-01 5.750217e-01 2.048792e-01 6.646484e-01 6.503001e-01 -2.276289e-01 -1.678619e+00 -6.023657e-02 1.675642e-02 -2.026991e-01 1.818130e+00 0.000000e+00 
-6.587359e+00 8.873766e+00 3.021527e+00 4.782196e+00 5.688334e+00 4.282908e+00 -5.123648e+00 3.361633e+00 2.078735e+00 8.981966e+00 5.090992e+00 9.973523e+00 -1.512927e-01 6.119002e-01 4.782988e-01 9.640745e-01 3.308643e-01 -5.387074e-01 -7.041792e-01 -8.442298e-01 -5.436158e-03 -8.596945e-01 -1.280070e+00 -6.429496e-01 7.921193e-01 1.520276e-03 
-4.829936e+00 1.052150e+01 6.368289e+00 8.551539e+00 4.797996e+00 1.429995e+00 -4.046513e+00 3.601600e+00 1.409006e+00 4.817287e+00 6.479332e-01 2.052253e+00 -1.512927e-01 9.558809e-01 -2.406892e-01 1.455240e+00 9.367213e-02 -1.605512e+00 -7.355566e-02 -8.671563e-01 4.184232e-01 4.158719e-01 -2.210152e+00 -1.583521e+00 -5.047468e-01 1.292349e-02 
-4.362786e+00 1.068577e+01 6.071869e+00 5.815524e+00 -1.225080e+00 7.425022e-01 -2.929734e+00 1.069523e+01 1.604536e+00 2.745398e+00 -3.165872e+00 3.170534e+00 -1.436913e-01 1.788048e+00 -9.431164e-01 6.674077e-01 5.233912e-01 -9.689566e-01 8.592728e-01 2.988522e-01 1.466859e-01 -1.402898e-01 -2.008526e+00 -9.762578e-01 -2.201746e+00 2.116642e-02 
-1.553609e+00 6.753611e+00 8.145011e+00 6.329769e+00 -9.336922e-01 6.394549e+00 -2.692969e+00 5.469656e+00 7.793739e+00 1.155584e+00 5.819053e-01 6.601007e+00 -9.047592e-02 9.782954e-01 -3.144307e+00 -1.360944e+00 -1.567936e+00 -4.903641e-01 2.020196e+00 8.608230e-01 -4.683409e-01 -1.891531e+00 -1.025504e+00 -2.881296e-01 -6.963574e-01 4.045012e-02 
7.147179e-01 6.042130e+00 5.470205e+00 8.510036e+00 3.709395e+00 6.096996e+00 -4.306159e+00 3.161034e+00 -1.815081e+00 7.701879e-01 2.427164e-01 -3.309583e+00 -7.586896e-02 -1.422664e-01 -4.094061e+00 -1.884024e+00 -1.207869e+00 1.078891e+00 1.588360e+00 8.503209e-01 -1.810371e+00 -8.360237e-01 7.528220e-01 4.658282e-01 4.814523e-01 5.840167e-02 
-2.477211e+00 -2.878208e+00 -1.355963e-01 -6.353989e-01 -1.210624e-01 8.853730e+00 9.458158e-01 5.026996e+00 -6.338839e+00 6.773741e-01 -2.497009e+00 1.810525e+00 1.704675e-02 -1.574496e+00 -3.298885e+00 -1.747787e+00 -1.559811e+00 1.343186e-02 -3.701754e-02 8.504867e-04 -1.239894e+00 -7.907044e-01 1.151129e+00 -6.798415e-01 1.498731e+00 6.568281e-02 
-4.612317e+00 -4.968625e+00 7.920542e-01 3.258766e+00 3.763059e+00 7.454711e+00 -4.975216e-01 1.864711e+00 4.490706e+00 6.748613e+00 7.027260e-01 7.973037e+00 9.455574e-02 -2.144194e+00 -1.546451e+00 1.361300e-01 -3.882640e-01 -1.414107e+00 -7.361523e-01 7.019153e-01 -5.970504e-01 1.734285e+00 1.485689e+00 3.709900e-01 2.897080e+00 6.034957e-02 
-6.762570e+00 -4.235433e+00 1.745153e+00 1.156351e+00 -8.933649e-01 5.530604e+00 -4.593036e+00 -8.165312e-02 6.873232e-01 3.922018e+00 -3.047307e+00 8.453351e+00 1.527258e-01 -1.618147e+00 6.853048e-01 1.324505e+00 7.267247e-01 -1.587032e+00 -1.952264e+00 -1.604335e+00 -7.828438e-01 1.554314e+00 1.392768e+00 2.431436e+00 8.855745e-01 4.381643e-02 
-7.863574e+00 -1.011514e+00 5.210481e+00 5.672842e+00 -2.974989e+00 4.077797e+00 1.972844e+00 2.730106e+00 3.343261e+00 6.576311e+00 2.372816e+00 7.854406e+00 1.580394e-01 -1.224224e+00 7.038463e-01 8.001552e-01 -3.731102e-01 -2.295482e+00 -2.020775e+00 -1.391533e+00 -2.437158e-01 -2.205406e-01 2.371597e-01 2.786275e+00 -8.893558e-01 3.437206e-02 
-8.942319e+00 -1.430240e+00 4.277717e+00 1.791187e+00 -4.687199e+00 7.808691e-01 -8.311043e+00 6.800790e-01 2.006453e+00 7.727366e+00 8.825125e+00 6.297713e+00 2.043871e-01 -1.013387e+00 2.078381e-01 -9.028659e-02 -2.295142e-01 -6.558617e-01 -1.915089e+00 -8.132111e-01 2.922367e-01 3.607652e-02 7.069928e-01 2.070893e+00 -8.443922e-01 2.317877e-02 
-9.643561e+00 -2.851990e+00 3.526548e+00 1.075797e+00 -5.817435e+00 -2.742956e-01 -5.596181e+00 2.652662e-01 2.728438e+00 6.031737e+00 8.697886e+00 4.604076e+00 2.405854e-01 -7.116497e-01 -4.549400e-01 -7.874259e-01 -4.834116e-01 -2.970442e-01 -9.785311e-01 -5.744051e-01 1.618694e+00 1.067397e+00 -4.708899e-01 -4.727672e-01 -1.804454e-01 2.052274e-02 
-1.093951e+01 -2.276004e+00 2.135686e+00 2.307302e+00 -2.751451e+00 -1.868795e+00 -4.874578e+00 2.611951e+00 1.175117e+00 7.729269e+00 4.144622e+00 5.856555e+00 2.273466e-01 -2.089842e-01 -6.442294e-01 -9.868166e-01 8.730661e-01 5.341446e-01 -1.404428e-01 1.234749e+00 2.279361e+00 9.345900e-01 -3.199465e-01 -2.320579e+00 4.578883e-01 2.092314e-03 
-1.042323e+01 -2.863332e+00 2.344366e+00 2.997726e+00 -5.428084e+00 5.099740e-01 -2.617414e+00 9.857641e+00 9.095917e+00 4.220911e+00 2.349231e+00 7.172758e+00 2.491733e-01 3.015482e-01 -3.926681e-01 -9.360129e-01 1.380636e+00 1.458961e+00 5.978886e-01 -4.122198e-01 -1.608874e-01 -6.387771e-01 -4.757853e-01 -1.587414e+00 4.839187e-02 -9.848821e-03 
-9.597407e+00 -4.645716e+00 -6.527519e-02 5.195553e+00 -2.211151e+00 -3.134796e-01 -3.626683e+00 7.280698e+00 3.495663e+00 7.033047e+00 3.965580e-01 7.302814e+00 2.105547e-01 1.903635e+00 1.083700e+00 -5.337116e-01 -2.962012e-02 3.314572e-01 -1.057860e+00 -2.531558e+00 -1.026456e+00 -1.298883e+00 -1.482405e+00 -2.616719e-01 -3.306279e-01 -1.371172e-02 
-8.806872e+00 -3.630474e+00 -5.303526e-02 6.534851e+00 1.207220e+00 1.937490e+00 -8.281228e+00 -2.873544e+00 -1.625720e+00 4.000922e+00 2.634847e+00 4.122906e+00 1.997373e-01 5.673231e+00 1.317235e+00 -1.462271e+00 -2.708569e+00 -1.384551e+00 -5.447736e-01 -3.055546e+00 -3.694368e+00 -2.896551e+00 -1.745998e+00 -5.453790e-01 -4.167418e+00 4.995114e-02 
-2.229511e+00 3.526069e+00 6.658287e-01 3.906395e-01 -4.411817e+00 -7.871854e+00 -1.470046e+01 3.845262e+00 4.151851e-02 4.272397e-01 2.693455e+00 5.728341e+00 1.835061e-01 6.496091e+00 3.601823e-01 -1.810898e+00 -4.800900e+00 -2.678791e+00 1.229379e-01 -1.271251e+00 -3.549683e+00 -8.776596e-01 -3.305864e+00 -7.454949e-01 -6.622718e+00 1.486201e-01 
1.425898e+01 -3.630514e-01 -5.332541e+00 -8.142664e+00 -1.125050e+01 1.565294e+00 -1.235826e+01 -6.896478e+00 -3.659765e+00 -1.206177e+00 -1.526112e+00 -1.287710e+01 5.124533e-01 4.746563e+00 -1.573159e+00 -2.079633e+00 -4.702393e+00 -1.911370e+00 1.277166e+00 1.832321e+00 -3.076762e+00 1.021100e+00 -3.379603e+00 -1.077146e+00 -6.417577e+00 1.997323e-01 
1.135013e+01 -4.478516e+00 -6.480013e+00 -1.147019e+01 -9.376243e+00 4.873083e-01 -7.944426e+00 -8.456249e+00 1.243875e-01 -6.892723e+00 -1.250437e+00 -1.731078e+01 7.972969e-01 1.407299e+00 -2.740342e+00 -1.404976e+00 -2.204669e+00 1.336876e+00 2.867305e+00 4.267460e+00 -3.978097e+00 1.897530e+00 -2.043202e+00 -4.195787e-01 -3.830755e+00 1.846655e-01 
8.136126e+00 -7.493976e+00 -6.878278e+00 -1.104670e+01 -5.867418e+00 4.143741e+00 -2.497639e+00 -1.210660e+01 3.438348e+00 -9.237113e+00 -7.789378e-01 -1.644542e+01 8.915035e-01 -1.567166e+00 -2.331397e+00 -4.546584e-01 -6.736447e-01 3.179971e+00 -3.532024e-01 3.112978e+00 -3.670313e+00 1.516843e+00 -1.441288e+00 -4.215693e-01 6.397958e-01 9.708446e-02 
7.868410e+00 -6.610179e+00 -5.586183e+00 -9.180686e+00 -4.189820e-01 5.175448e+00 1.706531e+00 -1.344016e+01 5.980111e+00 -5.773301e+00 2.219739e-01 -1.164127e+01 9.173084e-01 -3.145248e-01 -1.657285e+00 2.367056e-01 3.078079e-02 3.599955e+00 -9.264080e-01 2.609296e+00 -3.515923e+00 4.513872e-01 7.287648e-01 -7.331991e-01 2.708109e+00 3.411601e-02 
8.164005e+00 -1.095420e+01 -8.052749e+00 -1.265564e+01 1.707196e-01 -2.544789e+00 -1.618842e+00 -2.275608e+01 9.965886e-01 -8.972327e+00 -4.370164e+00 -1.251287e+01 9.378698e-01 7.957940e-01 -1.576202e+00 -2.784038e-01 6.992550e-02 1.804335e+00 -1.918289e+00 1.103015e+00 -3.184190e+00 -1.027309e+00 5.673982e-01 -1.320467e+00 2.045857e+00 1.148502e-02 
9.763561e+00 -1.103483e+01 -4.709249e+00 -1.051182e+01 5.604461e+00 -8.004668e-01 4.662658e+00 -2.071112e+01 3.602203e+00 -3.381292e+00 -3.120819e+00 -5.736505e+00 9.446937e-01 8.722129e-01 -1.285089e+00 -8.013812e-01 2.811817e-01 -2.283786e-03 -1.302935e+00 3.392887e-01 -2.209796e+00 -1.371424e+00 -4.666549e-01 -8.210322e-01 5.922254e-01 2.947134e-03 
1.116752e+01 -1.316266e+01 -8.708763e+00 -1.003151e+01 1.425334e-01 -2.459746e+00 1.539372e+00 -2.439207e+01 -5.092456e-01 -7.596127e+00 -5.709878e+00 -9.168519e+00 9.352360e-01 6.523181e-01 -4.299133e-01 -1.820858e-01 6.504368e-01 -2.673396e-01 1.760648e-01 6.506279e-01 -9.128189e-02 -3.857676e-01 -3.787453e-01 5.002886e-01 1.572503e-01 -1.278347e-03 
1.072772e+01 -1.193139e+01 -9.265081e+00 -9.086844e+00 -4.163078e-01 -1.381751e+00 1.823867e+00 -2.367115e+01 -1.240908e-01 -8.794676e+00 -3.213330e+00 -1.035232e+01 9.333611e-01 1.788174e-01 -1.410267e-01 6.201315e-02 2.862273e-01 -3.366794e-02 1.318450e-01 4.090571e-01 4.991657e-01 -2.647611e-01 -2.681181e-01 7.790278e-01 -5.557547e-02 8.295834e-04 
1.094352e+01 -1.265549e+01 -6.685262e+00 -1.011594e+01 1.844406e+00 -1.373822e+00 3.053692e+00 -2.173248e+01 9.308975e-01 -8.159362e+00 -1.822466e+00 -9.418709e+00 9.371445e-01 4.963636e-02 3.699036e-01 1.268501e+00 5.499809e-01 1.683385e+00 6.511001e-01 1.544373e+00 1.717450e+00 7.710451e-01 1.173584e+00 1.263063e+00 1.132096e+00 4.225659e-03 
1.076965e+01 -1.199355e+01 -5.410934e+00 -9.038461e+00 4.585185e+00 -6.842036e-01 5.950783e+00 -1.954509e+01 1.558326e+00 -4.440265e+00 -1.169386e+00 -5.889287e+00 9.478874e-01 -4.982790e-02 3.772678e-01 1.099748e+00 7.416519e-01 1.812426e+00 5.658550e-01 1.358496e+00 1.747197e+00 4.887782e-01 1.796336e+00 4.685349e-01 1.428342e+00 5.999774e-03 
1.139474e+01 -1.128207e+01 -4.293331e+00 -7.305793e+00 6.058712e+00 4.469808e-01 7.197780e+00 -1.786785e+01 2.504771e+00 -3.905413e+00 -4.165370e-01 -5.739558e+00 9.491011e-01 -5.579408e-01 6.021481e-02 -1.132851e-02 1.941201e-01 9.807531e-01 -5.346259e-01 1.608646e-01 6.730707e-01 -8.057948e-01 1.139328e+00 -1.001470e+00 4.922774e-01 6.703889e-03 
1.025297e+01 -1.073176e+01 -4.962305e+00 -6.783659e+00 6.538667e+00 5.371228e-01 6.544305e+00 -1.686748e+01 1.532863e+00 -1.939970e+00 -1.573620e+00 -5.050185e+00 9.573816e-01 -6.595556e-01 -3.394856e-01 -1.993401e-01 -2.139626e-01 6.138610e-01 -8.979616e-01 -6.353226e-01 2.126822e-01 -1.050243e+00 3.285537e-01 -1.179289e+00 -2.853766e-01 4.526990e-03 
8.412155e+00 -1.298530e+01 -6.966219e+00 -1.027274e+01 5.771431e+00 -4.657615e+00 3.561255e+00 -1.970592e+01 -3.085345e+00 -3.712868e+00 -6.627701e+00 -7.376873e+00 9.659168e-01 -6.496128e-01 -6.139942e-01 -2.244031e-01 -2.266252e-01 5.467425e-01 -1.114932e+00 -8.252937e-01 -1.292624e-01 -9.798486e-01 3.402275e-01 -1.063788e+00 -6.772337e-02 3.029329e-03 
8.963162e+00 -1.283936e+01 -5.071191e+00 -8.624800e+00 7.798130e+00 -2.621714e+00 4.592433e+00 -1.756264e+01 -8.978289e-01 -2.893769e+00 -3.960251e+00 -6.497512e+00 9.621145e-01 -3.434699e-01 -4.880161e-01 -8.636980e-02 3.058847e-01 4.696376e-01 -1.082314e+00 -4.478551e-01 -3.862366e-01 -4.104657e-01 -3.047924e-02 -2.351465e-01 -1.620157e-01 9.603560e-04 
8.791575e+00 -1.329824e+01 -5.360904e+00 -7.518349e+00 8.162693e+00 -3.548261e+00 4.047247e+00 -1.816658e+01 -1.179125e+00 -1.727376e+00 -4.542163e+00 -5.354511e+00 9.618813e-01 1.389515e-02 1.584661e-01 -2.086287e-02 1.412150e+00 5.965618e-01 -2.126105e-01 2.358652e-01 1.351189e-01 2.320250e-01 6.686409e-01 8.442085e-01 6.010438e-01 1.702189e-04 
8.345909e+00 -1.301538e+01 -6.196812e+00 -6.631432e+00 7.691225e+00 -5.429122e+00 4.062033e+00 -1.956834e+01 -1.472575e+00 -3.085112e+00 -3.792121e+00 -6.871444e+00 9.642012e-01 1.039989e-02 3.210403e-01 -1.523450e-01 1.444138e+00 5.720317e-01 -6.705922e-01 4.031389e-01 9.804688e-02 8.347064e-02 4.755472e-01 1.078225e+00 6.186206e-01 2.228057e-03 
8.790257e+00 -1.210496e+01 -6.507723e+00 -4.208677e+00 8.807693e+00 -4.316963e+00 5.005780e+00 -1.802748e+01 -1.637847e+00 -2.739918e-01 -2.490723e+00 -4.184688e+00 9.657246e-01 -4.727217e-01 4.160276e-01 1.188612e-01 9.543031e-01 9.779388e-01 -8.559881e-01 6.984569e-01 7.213656e-01 2.790537e-02 1.982388e-01 9.232361e-01 1.154058e+00 5.615312e-03 
9.015821e+00 -1.183079e+01 -5.259506e+00 -3.058945e+00 1.033579e+01 -5.590323e+00 6.128861e+00 -1.714195e+01 -2.511148e-01 -1.242725e+00 4.051561e-01 -3.989321e+00 9.713331e-01 -1.354215e+00 4.749245e-01 -3.525085e-02 5.717813e-01 5.880958e-01 -1.063150e+00 7.346423e-01 8.150202e-01 1.288356e-02 -5.711349e-01 4.913541e-01 1.184218e+00 9.226495e-03 
6.093011e+00 -1.181039e+01 -5.235250e+00 -4.533076e+00 1.173011e+01 -7.747601e+00 6.506118e+00 -1.577295e+01 -1.650328e+00 -1.657376e+00 -2.024621e+00 -1.025281e+00 9.863918e-01 -1.907866e+00 1.710527e-01 -1.087595e-01 1.641171e-01 -3.556037e-01 -1.239426e+00 5.662748e-01 8.586923e-01 -1.545427e-01 -1.681115e+00 2.586346e-02 6.772324e-01 9.359216e-03 
2.923459e+00 -1.078804e+01 -7.009302e+00 -3.610326e+00 9.170498e+00 -9.029554e+00 6.985075e+00 -1.662050e+01 -1.401917e+00 -5.249095e+00 -1.568401e+00 -2.530059e+00 1.000000e+00 -1.706863e+00 2.531355e-01 2.863340e-01 5.093333e-01 -1.174592e+00 -4.517371e-01 1.065986e+00 1.457365e+00 -1.036173e-01 -1.918282e+00 -1.097759e-01 1.068873e+00 3.971624e-03 
2.297109e+00 -1.177108e+01 -6.176622e+00 -3.112402e+00 7.612320e+00 -8.794477e+00 7.409047e+00 -1.399475e+01 -1.835160e+00 -6.676382e+00 -1.374627e+00 -1.528157e+00 9.981872e-01 -9.376411e-01 2.115627e-01 7.431417e-01 6.560887e-01 -2.758955e+00 3.049596e-01 8.630053e-01 1.699599e+00 -2.079950e-01 -2.709836e+00 4.209657e-01 6.183006e-01 -6.832617e-03 
2.379456e+00 -1.058477e+01 -3.357150e+00 -1.222616e+00 6.521720e+00 -7.325571e+00 1.100733e+01 -1.074423e+01 -6.767856e-01 -8.324631e+00 -4.687207e-01 1.606480e+00 9.852936e-01 2.363174e-01 7.629184e-02 1.420885e+00 2.430938e-01 -3.768935e+00 8.872558e-01 4.798770e-01 2.616084e+00 -3.157308e-01 -2.552233e+00 8.984339e-02 4.041891e-01 -2.484876e-02 
1.676807e+00 -1.085421e+01 -3.345618e+00 -2.446487e+00 -7.402794e-01 -7.074795e+00 8.810019e+00 -1.021309e+01 -3.052869e+00 -1.366879e+01 -4.696333e-01 -2.047777e-03 9.595820e-01 1.170734e+00 1.146072e-01 1.766905e+00 -8.053380e-01 -4.646522e+00 1.298542e+00 -3.434466e-01 3.449271e+00 -8.508986e-01 -1.929353e+00 -7.642872e-01 -4.284978e-01 -4.663388e-02 
4.415196e+00 -1.086501e+01 -1.320381e+00 -2.727814e+00 -5.497880e+00 -5.453116e+00 8.683975e+00 -5.430914e+00 -2.371716e+00 -1.451406e+01 -1.571681e+00 -1.272168e+00 8.950588e-01 1.622515e+00 1.254567e+00 1.405883e+00 -1.117717e+00 -5.403750e+00 1.231105e+00 -4.740423e-01 3.654748e+00 -1.552621e+00 -2.798138e-01 -1.198023e+00 -6.846637e-01 -7.661450e-02 
7.132907e+00 -1.105792e+01 1.639520e+00 -6.386493e+00 -9.610489e+00 -3.237996e+00 6.853490e+00 5.949512e-01 -5.242188e+00 -1.322843e+01 -4.644582e+00 -2.231322e+00 8.101352e-01 1.572719e+00 2.086379e+00 1.785066e+00 -1.273150e+00 -4.622090e+00 8.894895e-01 -4.794415e-01 3.227017e+00 -9.894258e-01 1.920903e+00 -6.084666e-01 -8.862370e-01 -8.323584e-02 
7.763979e+00 -4.210086e+00 1.179697e+00 -4.841200e+00 -1.606192e+01 -3.088445e+00 9.615381e+00 2.125487e+00 -7.345229e+00 -9.943877e+00 -4.371362e+00 -7.022018e-01 6.769444e-01 8.975727e-01 2.537360e+00 1.868798e+00 -1.384911e+00 -3.816869e+00 -3.979254e-02 -1.246223e+00 1.636832e+00 -3.392550e-01 2.843730e+00 -6.122103e-02 -1.040423e+00 -7.606606e-02 
7.866012e+00 -3.749783e+00 4.329671e+00 -7.755546e+00 -1.856871e+01 -3.809683e+00 5.947108e+00 2.143798e+00 -5.513241e+00 -6.349361e+00 -2.112126e+00 -4.718216e+00 6.524600e-01 2.494453e-01 2.221099e+00 1.663154e+00 -8.535238e-02 -2.491883e+00 -9.736740e-01 -2.271865e+00 2.643509e-01 1.575240e-01 2.670789e+00 1.098993e+00 -7.448064e-01 -5.647445e-02 
8.536508e+00 -1.832279e+00 6.678535e+00 -8.967841e+00 -2.010312e+01 -5.366236e+00 2.906052e+00 1.978823e+00 -3.932464e+00 -3.734946e+00 -3.144014e+00 -5.230835e+00 5.935661e-01 3.723947e-01 1.183689e+00 1.693655e+00 9.178454e-01 -9.789807e-01 -1.295615e+00 -3.417156e+00 2.921865e-01 4.335374e-01 1.552974e+00 1.594857e+00 -3.303169e-01 -4.434786e-02 
7.993870e+00 -1.141330e+00 7.205872e+00 -4.749934e+00 -2.004930e+01 -6.967470e+00 -1.151170e+00 1.990038e+00 -6.160951e+00 -2.978952e+00 2.367095e-01 -3.691037e+00 5.694522e-01 7.606506e-01 1.695792e+00 1.026586e+00 2.465711e+00 5.276413e-01 -1.061803e+00 -2.976744e+00 3.152268e-01 -2.793525e-01 -8.505569e-02 1.009696e+00 7.823372e-01 -8.131202e-02 
9.562024e+00 4.041309e-01 8.209873e+00 -1.754779e+00 -2.021653e+01 -7.987625e+00 -3.921261e+00 3.663300e+00 -4.853687e+00 -3.864212e+00 2.428503e+00 -2.867376e+00 4.967090e-01 -3.416008e-01 1.703412e+00 9.581259e-01 3.661149e+00 3.813336e+00 -6.535347e-01 -3.076724e+00 -9.423658e-01 -1.566844e+00 -1.372362e+00 -1.218505e+00 3.070339e-01 -1.077267e-01 
1.115651e+01 3.610970e+00 8.696933e+00 9.664797e-01 -1.587379e+01 -7.808000e+00 -5.522958e+00 2.877693e+00 -6.449392e+00 -6.710007e+00 1.500974e-01 -1.988260e+00 2.943284e-01 -1.956643e+00 7.934951e-01 2.176252e-01 3.555579e+00 6.022763e+00 8.909304e-01 -2.121794e+00 -1.381305e+00 -3.104955e-01 -1.976193e+00 -2.306957e+00 -2.572711e-01 -1.004407e-01 
5.247185e+00 4.308632e+00 1.072363e+01 6.479695e+00 -3.124192e+00 -8.213644e+00 -1.029167e+01 -3.176834e+00 -1.162246e+01 -8.731228e+00 -9.193233e+00 -4.547054e+00 1.924946e-01 -4.241081e+00 -1.198869e+00 -1.065183e+00 2.032897e+00 4.606284e+00 7.172509e-01 -1.760679e-01 -3.840864e-01 6.670523e-02 -1.065131e+00 -4.307102e-01 1.641267e+00 -3.989738e-02 
3.680763e-01 8.738947e-01 7.037117e+00 8.910725e+00 1.518343e+00 -2.399809e+00 -8.574936e+00 -1.496423e+00 -4.329040e+00 -1.042641e+01 -5.487206e+00 -4.137554e+00 2.193559e-01 -5.177646e+00 -2.729927e+00 -2.236006e+00 -1.039008e-01 2.258190e+00 1.484883e+00 2.362368e+00 9.494778e-01 1.786455e+00 2.089019e+00 2.737222e+00 2.513092e+00 2.796431e-02 
-6.249167e+00 -4.221677e+00 3.713865e+00 4.437581e+00 -5.881179e+00 -7.105466e+00 -3.275611e+00 3.929926e+00 -5.580338e+00 -7.331667e+00 3.093603e+00 6.413608e+00 3.347084e-01 -3.537611e+00 -2.687393e+00 -3.266745e+00 -2.524180e+00 -1.914899e-01 2.158716e+00 4.112148e+00 2.809704e+00 1.351304e+00 3.178294e+00 4.119565e+00 2.722116e+00 3.965993e-02 
-8.983544e+00 -5.773508e+00 1.021789e+00 1.468033e+00 -3.204353e+00 -9.376725e-01 2.780854e+00 4.071702e+00 -5.381787e-01 3.035310e+00 7.692789e+00 5.096867e+00 3.630430e-01 -1.287923e+00 -1.386773e+00 -1.935007e+00 -3.171720e+00 -1.237977e+00 3.045710e-01 2.487179e+00 2.287457e+00 2.885028e-01 3.026854e+00 2.606207e+00 3.341071e+00 1.076503e-02 
-7.765059e+00 -5.804632e+00 -2.602427e+00 -2.419858e+00 -1.720293e+00 1.848866e+00 4.591177e+00 8.087622e+00 -6.761374e+00 4.293826e-01 4.814599e+00 4.446318e+00 3.189507e-01 1.136785e+00 -4.199880e-01 -4.190350e-01 -2.523475e+00 -2.817103e-01 8.608874e-01 6.688132e-01 1.177231e+00 7.506245e-01 8.020719e-01 -1.197077e-01 1.113732e+00 -2.979713e-02 
-5.313590e+00 -5.268493e+00 5.202270e-01 -3.519155e+00 -6.751987e+00 -5.354120e+00 -7.243538e-02 7.862011e+00 -2.296007e+00 8.273370e-01 6.683332e+00 1.355145e+01 2.810599e-01 2.181337e+00 1.253234e-01 2.818141e-01 -7.297919e-01 -8.787845e-01 -7.667083e-01 -4.901682e-01 2.209709e+00 1.105146e+00 -7.398651e-01 -9.920643e-01 1.086123e-01 -5.718233e-02 
-2.400218e+00 -6.574124e+00 1.869472e+00 -5.686200e+00 -5.515914e+00 -5.928049e-01 1.495099e+00 7.920925e+00 -9.483013e-01 -2.217321e+00 2.999793e+00 7.754976e+00 2.267143e-01 2.354414e+00 1.481708e+00 -1.057518e-01 1.769747e+00 -5.168579e-01 -7.673591e-01 1.129579e+00 2.981570e+00 2.203916e+00 -7.060504e-03 -1.368687e+00 -2.196730e+00 -8.373889e-02 
-7.592802e-01 -4.762145e+00 1.949100e-01 -5.477557e-01 -5.700465e+00 -3.550379e+00 1.878051e+00 1.520360e+01 2.081017e+00 6.593361e-01 3.639871e+00 3.985599e+00 1.232495e-01 1.785750e+00 2.382187e+00 -1.474707e+00 2.257577e+00 3.004242e-01 6.287988e-01 1.707079e+00 1.957358e+00 7.427476e-01 -9.366984e-01 -3.147657e+00 -3.267560e+00 -8.949639e-02 
1.729857e+00 1.350732e+00 -2.968528e+00 4.943176e+00 -4.830343e+00 -2.889800e+00 9.263828e+00 1.932468e+01 2.069695e+00 4.780805e-01 -5.071034e-01 -1.754411e+00 -2.083862e-02 5.544491e-01 2.464314e+00 -2.026154e+00 2.078768e+00 7.237579e-01 4.025493e-01 3.905994e-01 -1.227881e-01 9.665715e-01 -4.612732e-02 -2.692556e+00 -1.128506e+00 -7.696166e-02 
1.550124e+00 2.680014e+00 -4.434308e+00 2.454043e+00 -5.592651e+00 -1.061629e+00 4.578594e+00 1.194693e+01 -9.126753e-02 -5.203856e+00 -7.301503e+00 1.968340e+00 -4.264557e-02 2.089410e-01 1.882903e+00 -1.121522e+00 7.347165e-01 1.639798e+00 6.452062e-01 -1.070943e+00 -2.813549e+00 2.066498e-01 -3.565698e-01 -2.269171e+00 -2.523246e-01 -4.509057e-02 
-7.826748e-01 2.026365e+00 -5.946687e+00 3.206743e+00 -1.951031e+00 1.755663e-01 2.097825e+00 8.935320e+00 4.970698e+00 4.836383e-01 -4.992300e+00 3.121078e+00 -7.514644e-02 8.952169e-02 8.998702e-01 -2.614666e-01 -1.086524e-01 2.008548e+00 -1.029141e-01 -3.186154e+00 -2.397685e+00 4.669380e-01 7.951591e-01 -1.526541e+00 -5.086911e-01 -1.530985e-02 
1.541691e+00 4.314552e+00 -3.923619e+00 3.994043e+00 1.058870e+00 -1.857030e+00 1.063399e-01 6.330532e+00 1.663764e+00 -1.126292e+00 -5.463388e+00 2.862317e-01 -7.504940e-02 3.055632e-01 7.424496e-01 2.799370e-01 7.055843e-01 2.633298e+00 4.993818e-02 -2.609812e+00 1.331072e-02 5.388538e-01 9.232353e-01 -7.886249e-01 -2.272804e+00 -1.093355e-02 
2.181683e+00 5.032814e+00 -4.531205e+00 3.629914e+00 1.886634e+00 -3.006670e+00 -4.430816e+00 1.014445e+01 3.526870e+00 2.415094e+00 -9.058866e+00 -3.456813e+00 -8.118594e-02 -2.056226e-01 2.538045e-01 5.611055e-01 5.563428e-01 2.413929e+00 7.509497e-01 -1.896597e+00 -9.988510e-01 -1.210851e+00 -4.813073e-01 -4.098431e-01 -1.323809e+00 -1.447301e-02 
1.595761e+00 4.889038e+00 -3.742364e+00 5.770379e+00 5.655006e+00 7.791802e-01 -5.206148e+00 1.140891e+01 3.324916e+00 -1.553407e+00 -9.211345e+00 -6.106734e+00 -9.429359e-02 -8.469689e-01 2.767417e-01 7.786247e-01 4.120443e-01 1.204026e+00 1.184076e+00 -1.543203e+00 -1.990037e+00 -1.616574e+00 -1.544513e-01 5.540521e-01 -3.250446e-01 -2.091900e-02 
-1.837823e+00 3.008144e+00 -3.231787e+00 5.100289e+00 7.820543e+00 2.612210e+00 -4.728914e+00 1.401873e+00 -1.914135e+00 -1.709341e+00 -5.167538e+00 -3.014855e-01 -1.378894e-01 -1.082484e+00 7.351602e-01 9.357390e-01 -2.146449e-02 3.897524e-01 7.665030e-01 5.869002e-01 -1.804108e+00 -2.431534e+00 -5.451602e-01 4.709336e-01 3.776319e-01 -1.972126e-02 
-6.834011e-01 6.710595e+00 -6.802053e-01 5.319077e+00 4.112043e+00 1.253911e+00 -7.460624e+00 7.516341e-01 -3.698602e+00 1.636691e-01 -4.638792e+00 -2.916655e+00 -1.512927e-01 -7.822372e-01 1.306429e+00 6.720534e-01 -8.201649e-01 -2.831186e-01 7.727160e-01 2.273471e+00 -4.512435e-01 -7.798127e-01 1.029011e+00 1.105043e+00 8.450888e-01 -1.274015e-02 
-2.091159e+00 7.797836e+00 -1.383589e+00 3.748242e+00 4.606877e+00 5.884803e-01 -3.690774e-01 6.452552e+00 -5.119040e+00 -1.169245e+00 -8.990474e+00 -3.163693e+00 -1.512927e-01 -2.524029e-01 1.664313e+00 6.919279e-01 -9.114105e-01 -5.725151e-01 1.200048e+00 1.702937e+00 9.603335e-01 1.536612e+00 1.832474e+00 7.754642e-01 -3.523092e-01 -2.680659e-03 
-2.188757e+00 9.026335e+00 -1.306196e+00 2.345578e+00 5.846246e+00 5.654625e+00 3.981287e+00 6.627358e+00 1.028305e+00 3.321600e+00 -1.774661e+00 -4.501857e-01 -1.512927e-01 -6.440336e-01 6.004423e-01 6.254120e-01 2.386079e-02 5.288682e-01 1.820038e+00 1.758216e+00 6.374929e-02 2.345529e+00 2.112675e+00 2.539902e+00 7.582080e-01 0.000000e+00 
-2.347159e+00 1.017184e+01 5.408478e-01 2.029986e+00 4.090866e+00 6.412094e+00 -1.935183e+00 3.265679e+00 3.405473e+00 5.874063e+00 -2.722282e+00 -3.296266e+00 -1.512927e-01 2.409526e-01 -2.658849e-01 6.457911e-01 1.447873e+00 9.600798e-01 4.720407e-02 -1.263175e+00 -9.493019e-01 1.913258e+00 1.882837e+00 3.031905e+00 4.811536e-01 1.295471e-03 
-3.775569e+00 8.525805e+00 1.484636e+00 6.297509e+00 7.014390e+00 7.442293e+00 2.113510e+00 2.663817e+00 3.766787e+00 7.205389e+00 4.926621e+00 9.406719e-01 -1.512927e-01 9.063900e-01 -6.798512e-01 6.164781e-01 1.632130e+00 1.113100e+00 -1.598467e+00 -2.744168e+00 -4.617404e-01 6.863403e-02 4.014805e-01 1.127284e+00 -6.086002e-01 3.498936e-03 
-9.298992e-02 6.718677e+00 4.499502e-01 9.011642e+00 8.823205e+00 -6.933305e-02 -5.751066e+00 3.687812e+00 3.078007e+00 6.303046e+00 2.818412e+00 -1.453354e+00 -1.448153e-01 2.662900e-01 3.302228e-03 2.261142e-01 -9.683697e-02 1.381581e-01 -6.330533e-01 5.190034e-01 2.675895e+00 -7.954487e-01 -2.178613e+00 -7.663177e-01 1.343842e-01 1.425600e-03 
1.216108e+00 7.353660e+00 1.821644e+00 7.015399e+00 9.045575e+00 9.030060e-01 -7.831611e+00 4.107589e+00 1.535208e+00 5.114511e+00 1.091413e+00 -4.414643e+00 -1.370367e-01 -3.108236e-01 7.887562e-01 -9.454226e-02 -2.341166e+00 -1.846171e+00 2.491421e-01 4.344259e-01 2.382392e+00 5.203475e-01 -2.515946e+00 -1.927882e+00 -3.676716e-02 -6.477356e-04 
-3.511548e+00 1.077442e+01 1.502915e+00 1.186857e+00 3.766064e+00 6.516471e+00 5.632395e+00 1.592327e+01 5.440183e-01 -3.973565e+00 -4.636266e+00 5.331254e-02 -1.512927e-01 -1.398451e+00 1.853768e-01 -3.056732e-01 -2.634550e+00 -2.828917e+00 7.797993e-01 3.910635e-01 3.969308e-01 -3.199403e-01 -1.036229e+00 -1.428409e-01 1.396326e+00 -2.721071e-03 
-3.620408e+00 1.044171e+01 4.854426e-01 -1.495928e+00 3.121052e-01 5.395101e+00 -1.406091e+00 8.458047e+00 7.635519e+00 -2.360368e-01 -9.854517e-01 3.502846e-03 -1.512927e-01 -1.205030e+00 -5.896578e-01 -5.088702e-01 -1.216847e+00 -1.802084e+00 -8.451085e-02 3.787290e-01 -1.779155e+00 -2.065845e+00 3.258557e-01 8.814182e-01 1.169767e+00 -2.851200e-03 
-4.666986e+00 6.101533e+00 -4.103155e-01 9.455538e-02 -9.546458e-01 1.583616e+00 -7.008509e+00 3.497237e+00 -1.571850e+00 3.797174e+00 3.142640e+00 3.319203e+00 -1.512927e-01 -7.435284e-02 -4.939383e-01 1.598636e-01 3.418815e-01 -9.276088e-01 -1.363547e+00 -1.224990e+00 -3.375529e+00 -2.055488e+00 1.982181e+00 8.186966e-01 2.632315e-01 0.000000e+00 
-4.231322e+00 6.741816e+00 2.339077e-01 1.477317e+00 2.395510e+00 2.946879e+00 3.824859e-01 1.424831e+00 -7.736081e+00 2.858420e+00 1.609051e+00 -1.987519e-01 -1.512927e-01 2.911453e-02 3.476372e-02 4.832814e-01 9.884969e-01 -8.029906e-02 -1.085872e+00 1.306624e+00 1.651243e-01 -1.909779e+00 -1.025241e-01 -8.939067e-01 1.529155e-01 0.000000e+00 
-3.577855e+00 1.015468e+01 2.428000e+00 1.409642e+00 -1.913683e+00 9.228468e-01 -1.386845e+00 2.562231e+00 -2.047620e+00 4.390112e+00 -1.840035e+00 1.470597e+00 -1.512927e-01 1.768326e-01 1.221202e+00 1.195336e+00 3.847370e-01 5.427513e-02 -3.984806e-01 1.006659e+00 1.015070e+00 5.567189e-01 -7.486708e-01 -1.336848e+00 -2.862149e-01 0.000000e+00 
-4.019401e+00 8.588959e+00 1.482692e+00 2.789014e+00 3.901285e-01 2.961233e-01 2.316199e+00 9.751171e+00 -1.675493e+00 -1.045126e+00 -2.963648e+00 1.692383e+00 -1.512927e-01 -2.059826e-01 3.401935e-01 2.764765e-01 -4.758454e-01 6.638148e-01 9.498425e-01 -1.368756e-01 9.612872e-01 1.646062e+00 -6.296598e-01 1.933964e-01 1.144302e+00 0.000000e+00 
-3.888783e+00 1.128397e+01 4.941973e+00 1.362392e+00 3.194207e-01 9.165908e-01 -2.942072e+00 4.409419e+00 -1.818550e+00 2.005594e+00 -1.255251e+00 9.425607e-01 -1.512927e-01 2.884598e-02 -1.832469e-01 -2.885410e-01 -7.454625e-01 6.086562e-01 1.427797e+00 8.221062e-01 7.156956e-01 1.258221e+00 -6.968725e-02 8.922358e-01 2.204676e-01 0.000000e+00 
-5.105771e+00 7.878138e+00 3.593040e-01 -8.782849e-01 4.598032e+00 7.699219e+00 4.757214e-01 5.307673e+00 3.796952e-01 9.023807e-01 2.283642e+00 5.786777e+00 -1.512927e-01 -1.459699e-01 -5.288041e-02 1.013490e-01 8.471656e-03 -5.821148e-02 1.593054e+00 5.279621e-01 -1.953958e-01 1.200833e-01 7.819835e-01 1.725332e+00 5.591990e-01 5.407333e-05 
-2.890440e+00 9.593856e+00 1.546989e+00 -4.840212e-01 -9.743537e-01 4.360283e+00 3.643925e+00 8.362457e+00 3.215891e+00 3.067922e+00 -2.501011e-03 5.257385e-01 -1.512927e-01 -2.264572e-01 -2.740617e-01 -3.331805e-01 7.304276e-01 2.125152e-01 3.222880e-01 2.460490e-01 6.499294e-01 -2.166314e-01 1.311875e+00 1.511606e+00 1.282080e+00 2.703667e-05 
-5.248422e+00 9.169614e+00 3.686929e+00 3.754578e+00 7.459583e-01 6.539546e+00 1.663011e+00 6.797673e+00 -3.592296e+00 2.333627e+00 5.036639e+00 4.696790e+00 -1.510223e-01 -3.227792e-01 2.050742e-01 3.007692e-01 8.737084e-01 -5.209985e-02 -7.704881e-01 -7.304405e-01 2.650974e-02 1.390447e-01 2.045194e+00 1.564122e+00 1.866351e+00 0.000000e+00 
-4.949744e+00 9.267923e+00 1.612258e+00 2.698098e+00 3.308034e+00 3.107868e+00 -2.305472e+00 6.914065e+00 -9.157110e-01 7.849346e+00 4.926282e+00 7.897956e+00 -1.512927e-01 -6.040743e-01 -1.157902e-01 -1.289361e-01 2.911056e-01 7.791768e-01 -1.841152e-01 -9.556209e-01 -5.029336e-01 6.582673e-01 1.774345e+00 1.788795e+00 2.854900e+00 -2.703667e-05 
-5.690015e+00 9.066475e+00 1.830515e+00 1.899197e+00 2.196340e+00 4.472987e+00 -2.017827e-01 6.164417e+00 3.140720e+00 8.737639e+00 7.639862e+00 1.143242e+01 -1.512927e-01 -1.623457e-01 -4.077272e-02 -3.494570e-01 -4.509663e-01 1.789068e-01 -2.767999e-01 -1.625898e-01 -2.016160e-01 1.752246e+00 1.369632e+00 7.920027e-01 1.700573e+00 -5.407333e-05 
