1.365080e-01 5.004683e+00 4.260129e+00 -5.058863e-01 7.511849e-01 1.696027e+00 -4.122623e+00 3.039175e-01 3.077860e-01 6.744902e+00 -2.483941e+00 5.043589e+00 -5.417812e-02 -5.355309e-01 -3.937896e-01 -6.012186e-01 -1.660731e-02 1.066245e+00 1.887785e-01 5.765185e-01 3.605040e-01 3.359375e-01 -4.118830e-01 -3.128005e-01 -1.460720e+00 -6.504416e-04 
-1.383920e+00 4.087856e+00 4.736634e+00 -1.209736e-02 3.330301e+00 4.598107e+00 -2.140710e+00 2.738918e+00 -1.297507e+00 4.244462e+00 -1.928234e+00 -4.387615e-01 -3.999925e-02 -5.767981e-01 -1.098010e+00 -1.782988e+00 -1.631186e-01 1.949153e+00 1.277773e+00 8.270240e-01 -4.015714e-01 -4.200138e-01 -6.307544e-01 3.836066e-01 -7.662629e-01 -3.384209e-03 
-1.780932e+00 3.494148e+00 1.015783e+00 -8.358173e-01 4.792854e+00 1.188879e+00 -2.230987e+00 8.889372e-01 2.790120e+00 5.935707e+00 -4.325797e+00 4.811652e-01 -6.451976e-02 -2.852240e-01 -1.867631e+00 -1.695585e+00 1.166842e+00 2.616473e+00 2.002114e+00 1.050501e+00 -1.452923e+00 -1.865237e+00 -1.443497e+00 1.045096e+00 3.982655e-01 7.341611e-03 
-1.788762e+00 2.698988e-01 -3.032636e+00 -1.156514e+00 8.476116e+00 8.338465e+00 -9.333208e-01 -1.996449e+00 -3.033450e+00 3.995727e+00 3.550203e-01 3.493486e+00 -6.592834e-02 -1.710748e-01 -1.249478e+00 -2.865696e-01 6.726245e-01 3.391499e-01 1.918849e-01 2.056427e-01 -1.022778e+00 -4.485601e-01 -9.612627e-01 6.923977e-01 7.041280e-01 4.354739e-03 
-1.087191e+00 -2.424495e+00 -3.331623e-01 5.900530e+00 1.126064e+01 9.836419e+00 5.261893e-01 -4.593014e+00 -8.150426e+00 -3.482156e-01 1.599911e+00 5.068792e+00 -4.505515e-03 -1.399175e-01 -2.266903e-01 7.643932e-01 -9.213384e-01 -1.400475e+00 -1.172548e+00 -3.571237e-02 1.021626e+00 5.287193e-01 -1.184126e+00 7.732780e-02 5.600694e-01 4.348588e-03 
-2.586164e+00 7.997854e-01 3.978259e+00 -1.714873e-02 1.792157e+00 1.233762e+00 -2.491084e+00 3.660035e-01 1.929965e+00 2.580110e+00 -1.429099e+00 7.880647e-01 -4.823267e-02 1.969630e-01 1.051486e+00 9.552163e-01 -1.213673e+00 -2.140950e+00 -1.760797e+00 -2.479347e-01 1.323482e+00 1.143957e+00 -1.204291e+00 -1.343028e+00 1.536333e-01 -3.462362e-03 
-2.081819e+00 2.095753e+00 1.332301e+00 -6.012192e+00 1.132461e+00 -1.121508e+00 -1.630667e+00 4.815838e+00 2.952009e+00 7.228851e-01 -3.047098e+00 4.634223e+00 -5.162466e-02 1.583340e-01 1.482395e+00 4.172870e-01 -1.588354e+00 -2.179349e+00 -1.811796e+00 -2.272883e-01 5.822877e-01 5.501555e-01 2.378482e-01 1.369073e-01 5.050071e-01 -1.555760e-02 
-3.066330e-01 3.267204e+00 9.107136e-01 -1.268518e+00 2.835454e+00 5.013443e+00 -1.094566e+00 -8.346611e-02 -2.864885e+00 -2.561275e+00 -4.036616e+00 4.478937e+00 -5.968058e-02 5.296372e-01 7.588753e-01 2.660921e-01 3.465796e-01 -2.459930e-01 7.117329e-02 7.164341e-01 -8.272985e-01 -4.684896e-01 1.232914e+00 2.248571e+00 6.079723e-01 -8.696687e-03 
-1.435287e+00 3.753772e+00 3.287045e+00 -1.415556e+00 -1.577501e-01 -1.112401e+00 -1.308511e+00 -1.456841e+00 -3.002224e+00 3.411718e+00 3.588206e+00 5.748391e+00 -7.656956e-02 7.157087e-02 4.576837e-01 6.947072e-01 8.692069e-01 -1.763222e-01 -4.938270e-01 -3.578943e-01 -7.117544e-01 7.979518e-01 1.959956e+00 1.653513e+00 2.874843e-01 -6.514633e-03 
-2.612448e-01 3.765152e+00 4.331347e+00 -5.825686e-01 1.207297e+00 1.585075e+00 9.300084e-01 -6.341494e-01 2.564634e+00 7.400265e+00 6.496106e+00 3.270842e+00 -7.924366e-02 -3.967952e-01 1.418686e-02 3.524047e-01 -3.868960e-01 2.144600e-01 -6.845707e-01 -2.737660e-01 -9.421420e-02 3.686655e-01 1.478784e-01 -4.953418e-01 -5.952510e-01 7.654786e-04 
-1.746658e+00 4.135198e+00 3.095520e+00 -2.009132e+00 1.064929e+00 -1.876459e+00 -4.432426e+00 1.532408e+00 4.227009e+00 5.541897e+00 -4.589672e-02 6.675692e+00 -7.441628e-02 -1.959217e-01 -3.884362e-01 -8.106755e-01 -6.778905e-01 4.775018e-01 -1.558063e-01 -4.351106e-01 -2.992041e-01 -5.450755e-01 -2.016376e+00 -2.533730e+00 -1.676435e+00 1.349902e-03 
-2.134923e+00 3.147425e+00 2.768499e+00 -2.906210e+00 3.296415e+00 1.972619e+00 -9.014390e-01 -2.049162e+00 -4.636173e+00 -2.886973e+00 -4.696274e+00 1.039032e+00 -5.692983e-02 -2.707010e-01 -4.981419e-01 -1.204563e+00 -6.340273e-01 6.548449e-01 -3.390493e-02 -1.610793e+00 -1.026195e+00 -1.448895e+00 -9.103361e-01 -6.932257e-01 -6.575088e-01 1.133239e-03 
-1.478056e+00 2.120455e+00 1.509190e-02 -3.643188e+00 1.185200e+00 -2.085204e+00 -2.568340e+00 -2.245355e+00 -2.127198e+00 -1.526542e+00 -3.484253e+00 -1.517879e+00 -8.097696e-02 1.595165e-01 -4.402961e-01 -8.841709e-01 -1.464178e-01 5.242912e-01 4.864623e-01 5.573052e-01 7.054608e-02 -5.279969e-01 4.022314e-01 1.402538e+00 5.348921e-02 -2.766287e-03 
-1.749051e+00 2.281814e+00 -1.512532e-01 -2.935677e+00 4.421386e+00 1.519922e+00 -8.055997e+00 -3.876243e+00 -1.502737e+00 6.382804e+00 4.749156e+00 4.080083e+00 -7.029712e-02 3.057552e-01 -4.558498e-01 -4.940575e-01 -5.926152e-02 2.075119e-01 4.944843e-01 6.745804e-01 1.008681e+00 1.602859e+00 1.915252e+00 2.034140e+00 1.391000e+00 -7.129371e-03 
-1.142012e+00 2.366523e+00 1.345420e-01 -2.726487e+00 3.123899e+00 7.822001e-01 1.931379e+00 2.798679e+00 2.030540e-02 2.918165e+00 2.244077e+00 5.422612e+00 -8.156407e-02 1.752737e-01 -2.293208e-02 4.353677e-01 -1.056094e-01 7.297547e-01 2.108220e+00 7.986779e-01 4.476797e-01 1.050114e+00 1.850597e+00 1.907242e+00 8.014094e-01 -2.645826e-03 
-7.741690e-01 7.451425e-01 2.384868e-01 -3.660868e+00 3.364625e+00 3.011338e+00 2.216037e-01 4.722238e-01 2.304370e+00 4.466932e+00 2.610260e+00 4.523788e+00 -9.228313e-02 3.930182e-01 9.072880e-01 5.057425e-01 5.646827e-01 1.574904e-01 1.056076e+00 2.594902e-01 6.950160e-01 -9.599550e-02 7.926535e-01 -1.406355e-01 -4.781492e-01 1.031050e-02 
-1.089128e+00 2.774130e+00 1.997060e+00 -3.808640e+00 5.362354e+00 7.710189e+00 -2.713751e+00 -2.181190e+00 1.219817e+00 8.684381e+00 7.121407e+00 2.267315e+00 -8.321309e-02 2.071235e-01 1.109666e+00 6.485639e-01 9.941889e-01 -2.175570e-05 -3.576965e-02 -1.392492e+00 -8.643621e-02 -2.645105e-01 6.837893e-01 -5.658754e-01 -6.635710e-01 1.110971e-02 
1.895981e-01 6.614450e+00 1.446200e+00 4.288123e-01 4.089611e+00 3.336308e+00 -4.435981e+00 2.088772e+00 -2.582470e+00 7.462964e+00 1.607313e+00 3.266986e+00 -1.792014e-02 -1.390932e-01 8.191485e-01 5.554600e-01 9.789869e-01 -5.736458e-01 -1.177913e+00 2.467158e-02 2.482732e-01 -9.056331e-01 -7.690639e-01 -8.250038e-01 -4.012046e-01 5.381525e-03 
-5.882778e-01 4.980200e+00 2.773504e+00 1.996167e-01 2.761298e+00 4.408672e-01 -2.702288e+00 1.558224e+00 1.141173e+00 4.839096e+00 -8.382617e-02 2.733159e+00 -6.319702e-02 -8.441147e-01 -1.254355e+00 9.456149e-01 1.021353e+00 -3.040689e-01 -6.450382e-01 7.365070e-01 1.652745e-01 -5.626849e-01 -2.232474e+00 -1.491489e+00 -2.072318e-01 8.871007e-03 
-1.720060e+00 3.737850e+00 2.627564e+00 -7.700616e-01 1.796924e+00 7.564323e-01 3.392296e-01 -1.561172e-01 -2.184474e+00 2.544255e+00 2.087857e+00 2.284844e+00 -7.538354e-02 -3.128944e+00 -4.617385e+00 5.574070e-01 5.191128e-02 3.776818e-01 9.015444e-01 7.091955e-01 -1.041986e+00 2.187010e-01 -1.860920e+00 -1.288462e-01 -6.812803e-01 8.770070e-02 
-4.354873e+00 -2.059344e+00 6.134453e+00 1.897563e+00 4.988352e+00 5.774936e+00 -1.418822e+00 -2.323728e-01 -1.792605e+00 -1.863623e-02 -5.763077e-01 1.722227e+00 -1.012635e-02 -2.817067e+00 -3.962924e+00 7.883744e-01 5.481188e-01 6.552335e-01 1.362289e+00 -6.989928e-02 -5.449432e-01 4.443441e-01 -4.740214e-01 3.012636e-01 -9.652397e-01 1.013593e-01 
-1.357182e+01 -1.295270e+01 2.552761e+00 -1.606045e-01 4.864492e+00 5.176995e+00 -1.531736e+00 -2.225859e+00 -2.207541e-02 5.872288e-01 1.209323e+00 3.660502e-01 3.940480e-01 -2.370767e+00 -2.205902e+00 2.981873e-01 6.018492e-01 1.252946e+00 1.797897e+00 -2.469087e-01 1.003295e+00 1.222923e+00 6.398135e-01 5.156374e-01 -2.120650e-01 1.010871e-01 
-8.747733e+00 -6.489140e+00 6.752778e+00 2.635482e+00 4.503681e+00 5.042033e+00 -2.116301e+00 -1.316209e-01 2.281694e+00 3.447502e+00 1.861759e+00 -1.133643e+00 2.088838e-01 7.607481e-01 -6.103197e-01 -1.081080e+00 -3.009852e+00 5.752541e-01 1.601576e-01 -9.746608e-01 1.358857e+00 1.624965e-01 6.283495e-01 1.033546e-01 3.363161e-01 3.999436e-02 
-1.137746e+01 -5.076762e+00 3.809338e+00 1.870225e+00 8.303991e+00 1.011237e+01 -5.465745e-01 4.809980e+00 1.892992e+00 4.010253e+00 3.447011e+00 2.652454e+00 3.205468e-01 3.146197e+00 -3.003950e-01 -1.247771e+00 -5.746673e+00 -3.019511e-01 -7.937179e-01 -1.744846e+00 2.464729e-01 -2.362422e+00 -1.564300e+00 -1.481712e+00 1.689215e-01 7.592370e-02 
-1.648313e+00 -9.048914e+00 1.007640e-01 -1.416711e+01 6.144874e+00 4.108036e+00 -6.784707e+00 3.043991e+00 -1.937657e+00 1.411599e+00 -1.178378e+00 2.260606e+00 2.265961e-01 2.775305e+00 -2.422644e+00 -1.761515e+00 -7.138473e+00 -1.144445e+00 -8.170544e-01 -1.910993e+00 -8.079726e-01 -3.819768e+00 -3.029664e+00 -2.663300e+00 -2.427773e-01 1.382352e-01 
-1.390550e+00 -1.317479e+01 -3.600876e-01 -2.049267e+01 2.534140e+00 1.675405e+00 -7.921762e+00 -2.581301e+00 -9.724510e+00 -6.216321e+00 -4.679166e+00 -4.864669e-01 7.648104e-01 2.839279e+00 -7.272208e-01 -8.280565e-01 -2.351658e+00 -1.431679e+00 -8.866773e-01 -1.822540e+00 -3.776364e+00 -2.791266e+00 -2.412949e+00 -1.762524e+00 -1.393692e+00 3.284985e-03 
1.353369e-01 -1.455335e+01 2.991629e-02 -2.187543e+01 1.666383e+00 5.175244e+00 -7.983674e+00 -4.758431e-01 -1.100839e+01 -6.587533e+00 -7.391653e+00 -7.780693e-01 6.779280e-01 2.031843e-01 2.250397e+00 -2.606463e-01 3.707930e+00 1.760489e-01 8.318108e-01 -1.113985e-01 -2.828436e+00 -8.304626e-01 2.322593e-01 4.956815e-01 4.185175e-01 -1.044698e-01 
1.927106e+00 -5.960649e+00 -2.955210e-01 -6.033906e+00 3.384841e+00 5.145380e+00 -9.059793e+00 -1.231192e+01 -7.527972e+00 -4.054924e+00 -2.258974e+00 -2.796669e+00 1.113058e-01 -6.799973e-01 3.614306e+00 1.325346e-01 6.021153e+00 1.475973e+00 6.354426e-01 1.416118e+00 3.388996e-01 2.171308e+00 2.671421e+00 2.938432e+00 1.815659e+00 -2.250816e-01 
-2.291219e+00 -1.403997e+00 -1.234751e+00 -2.856844e+00 6.599768e+00 6.532102e+00 -6.772684e+00 -6.232880e+00 -7.188238e+00 1.492198e+00 8.993284e-02 5.508294e+00 3.099936e-02 -1.505724e+00 3.427788e+00 2.498771e-01 4.672078e+00 8.074276e-01 -7.893305e-01 1.788622e+00 1.295479e+00 3.558862e+00 4.162315e+00 4.026769e+00 2.716735e+00 -1.572208e-01 
-3.577258e+00 -1.677937e+00 9.349190e-01 1.037998e-01 7.447312e+00 4.174189e+00 -1.446666e+00 1.991715e+00 -7.780483e-01 3.100920e+00 6.272202e+00 5.448645e+00 -3.713322e-02 -1.663820e+00 1.579422e+00 -5.377334e-02 8.072050e-01 5.122483e-01 -6.775726e-01 2.023102e+00 3.516622e+00 3.662341e+00 3.240066e+00 1.424112e+00 2.468112e+00 -2.643970e-02 
-4.641103e+00 4.442364e-01 6.640817e-01 -1.583896e+00 3.672286e+00 1.714187e+00 -2.847129e+00 -1.150267e+00 3.410955e+00 1.064612e+01 8.476604e+00 8.682949e+00 -3.395653e-02 -7.672275e-01 6.374665e-01 -4.326915e-01 -4.669795e-02 4.334004e-01 -6.916271e-01 1.650220e+00 2.039517e+00 2.056538e+00 -2.465938e-01 -3.178065e-01 9.304454e-01 -1.422059e-03 
-5.217052e+00 1.012342e+00 -1.513804e+00 -2.634355e+00 7.409824e+00 4.166474e+00 -9.070599e-01 2.729883e+00 5.484137e+00 7.568442e+00 6.682496e-01 7.956565e+00 1.158524e-02 -2.950430e-01 4.717695e-01 -4.462665e-01 -9.398876e-02 4.585567e-01 -4.949964e-01 -2.234373e-02 7.987186e-01 9.273767e-01 -7.502864e-01 -1.715780e+00 1.065530e+00 8.047056e-03 
-5.307460e+00 4.381959e-01 -2.173847e+00 -1.721256e+00 8.785514e+00 3.077824e+00 1.208611e+00 3.595621e+00 -3.664267e-02 -1.974533e+00 1.302877e+00 8.906561e+00 -4.701614e-04 -9.758606e-02 -2.145958e-02 2.153566e-01 8.522350e-01 7.594633e-01 5.557125e-02 5.836127e-01 3.554163e-01 -5.682638e-02 -1.636107e+00 -1.733940e+00 -9.308682e-02 1.987886e-03 
-4.719295e+00 6.839311e-01 1.225512e-01 -2.974639e-01 7.183482e+00 1.017389e+00 -3.586255e+00 3.612364e+00 5.582634e+00 5.659814e+00 1.280165e+00 1.066449e+01 -1.364112e-02 6.912445e-01 5.013328e-01 1.185188e+00 7.273609e-01 -7.810379e-01 -3.367664e-01 1.670207e-01 -8.238090e-01 -1.209608e+00 3.268886e-01 -1.358775e+00 -8.657381e-01 -3.793752e-03 
-5.377912e+00 5.011441e-01 9.226872e-01 1.508833e+00 7.582773e+00 3.566586e+00 1.410531e+00 1.855742e-01 3.077574e+00 3.419900e+00 -4.990553e-01 6.863553e+00 -1.140392e-02 1.345043e+00 1.343856e+00 1.908004e+00 2.077210e-01 -1.350303e+00 4.146101e-01 5.414963e-03 -6.172669e-02 -4.036829e-01 7.262259e-01 -2.439717e+00 -2.004659e+00 -1.551962e-03 
-1.725603e+00 3.487532e+00 2.863867e+00 -6.125953e-01 4.106005e+00 2.238261e+00 -1.729167e-01 3.158613e-01 -2.121012e+00 6.505669e+00 -5.224660e+00 4.649379e+00 -1.916647e-03 1.761059e+00 1.001909e+00 8.225824e-01 -6.279823e-01 -1.781153e+00 -4.240184e-01 -9.464083e-01 8.978736e-01 3.205783e-01 -1.738496e+00 -1.731771e+00 -2.477587e+00 8.080959e-03 
-7.909012e-02 5.755677e+00 5.995516e+00 -5.250852e-01 3.572735e+00 4.540438e+00 -4.709834e-01 4.935239e+00 1.796766e+00 1.233670e+00 -7.643293e+00 1.890822e+00 -1.409221e-02 2.560552e+00 -3.616306e-01 -5.309174e-01 -3.352459e-01 -5.535280e-01 -1.662926e+00 -1.156009e+00 1.318528e+00 1.917572e+00 -1.089157e+00 4.905008e-01 -8.456688e-01 3.634997e-02 
1.436589e+00 3.066210e+00 1.699049e+00 -2.420416e+00 2.827334e-01 -1.589629e+00 -7.377539e+00 5.726900e+00 7.825930e+00 -1.939551e+00 -3.806570e+00 7.629218e-01 2.810782e-02 7.371134e-01 -1.347761e+00 -1.772204e+00 3.736027e-01 6.308412e-01 -1.264154e+00 2.073852e+00 7.373561e-01 1.979488e+00 -1.292726e+00 2.119818e+00 4.558648e-01 9.508210e-02 
5.843753e+00 -1.096348e+00 -1.149491e+00 7.365141e-01 6.726768e+00 -2.834100e+00 -7.672032e-01 4.072694e+00 7.691965e+00 2.196727e+00 1.244403e+00 4.578437e+00 1.553337e-01 -1.460366e+00 -1.659862e+00 -2.730144e+00 -2.771659e-01 1.924346e-01 -7.474464e-01 2.588846e+00 -1.353793e+00 1.526222e-02 4.737677e-01 2.464601e+00 5.945154e-01 1.539463e-01 
-1.001458e+00 1.747388e-01 -2.424649e+00 6.246183e-01 5.683194e+00 -3.952410e-01 1.034445e+01 4.433914e+00 4.828826e+00 -4.394889e-01 9.305806e-01 5.584895e+00 3.887809e-01 -2.848124e+00 -6.412132e-01 -2.122149e+00 -6.411228e-01 -2.609407e-01 5.015376e-01 2.364679e+00 -1.675808e+00 -3.189565e-01 6.956231e-01 2.244937e+00 -1.219346e-01 1.719713e-01 
-6.161895e+00 -1.097896e+00 -5.593354e+00 -3.433432e+00 1.834678e+00 2.060115e-01 3.612253e+00 -1.187231e+00 3.371629e+00 2.852477e+00 2.311135e+00 2.452413e+00 5.753030e-01 -3.572102e+00 4.555970e-02 -2.128836e+00 -2.218750e+00 -2.118660e+00 -7.103919e-01 -1.637518e-01 -1.631269e+00 7.185906e-01 1.586364e-01 1.097268e+00 -1.270001e+00 1.283493e-01 
-6.801206e+00 -1.390823e-01 -6.689765e+00 -3.541057e+00 1.424075e+00 -6.019967e-01 2.256127e+00 -2.217782e-02 8.391315e+00 1.210690e+00 6.884751e+00 1.216261e+00 6.779798e-01 -2.271097e+00 4.710149e-01 -1.557505e+00 -2.977131e+00 -1.051560e+00 -2.211295e+00 -1.249279e+00 -2.310876e+00 8.310516e-01 4.858702e-02 -5.808150e-01 -1.343975e+00 7.421793e-02 
-9.116883e+00 -7.116392e-01 -9.661115e+00 -8.274401e+00 -1.736972e+00 -6.282681e+00 2.458201e+00 -1.855603e+00 9.503674e+00 2.164820e+00 3.753659e+00 4.127507e-01 6.524805e-01 -1.408385e+00 1.972136e+00 -2.278508e-01 -8.144897e-01 7.578116e-01 -2.230954e+00 2.949047e-02 -1.726699e+00 1.435960e+00 -9.427007e-01 -1.156546e+00 -5.007728e-01 4.864857e-02 
-1.087945e+01 2.336685e+00 -8.178294e+00 -1.184055e+01 2.211221e+00 -8.207369e+00 4.675086e+00 -6.786281e+00 5.918062e+00 1.472747e-01 -2.694756e+00 -1.151483e-01 7.212818e-01 -1.101621e+00 2.117337e+00 -1.948939e-01 3.835329e-01 8.770378e-01 -5.641903e-01 -5.173351e-01 -2.213055e+00 1.523182e-01 -5.821192e-01 -1.263027e+00 -1.096568e+00 3.793678e-02 
-1.116470e+01 7.524901e+00 -5.988344e+00 -3.356134e+00 5.230163e+00 -7.146072e+00 2.550225e+00 -6.438674e+00 1.178806e+01 -1.329320e+00 1.318158e+00 6.142533e-01 7.968948e-01 -1.118130e+00 1.558305e+00 -2.422991e-02 2.091033e+00 3.190359e-01 8.556072e-01 6.117959e-02 -2.292107e+00 -1.058887e+00 -6.771023e-01 5.272666e-01 4.435532e-01 4.970015e-02 
-1.128541e+01 6.329331e+00 -9.500620e+00 -4.082525e+00 2.325696e+00 -2.991253e+00 -3.765607e-01 -8.795917e+00 8.010715e+00 4.716372e-02 1.787364e+00 -4.367332e+00 7.954565e-01 -1.032208e+00 1.309731e-01 -7.924284e-01 2.914045e+00 -1.663974e+00 1.238809e+00 -1.375610e+00 -1.936347e+00 -1.603901e-01 -1.098748e-01 -1.507659e-01 1.089105e+00 3.767183e-02 
-1.450456e+01 5.083561e+00 -9.121101e+00 -1.698246e+00 -1.990299e-01 -4.612703e+00 5.289923e+00 -1.231132e+01 3.162914e+00 -1.170636e+00 4.148932e+00 4.756609e+00 8.638939e-01 -9.822216e-01 -5.299310e-01 -1.214854e+00 1.654121e+00 -1.424100e+00 1.559960e+00 3.817489e-01 -5.660955e-01 -1.739735e-01 2.451454e-01 -8.801861e-02 7.088192e-01 4.151690e-02 
-1.437056e+01 4.212220e+00 -1.057406e+01 1.900731e+00 -3.394053e+00 -3.280009e+00 -3.572811e+00 -1.353169e+01 9.428683e+00 -4.814410e-01 -4.863973e+00 3.259200e+00 8.761414e-01 -1.003670e+00 2.519034e-01 9.316511e-02 1.683606e+00 -5.212694e-01 9.526783e-01 1.017147e+00 1.347848e+00 1.037488e+00 -7.108108e-01 1.152734e-01 -1.418156e-01 5.081757e-02 
-1.453323e+01 5.933802e+00 -1.152590e+01 1.922844e+00 9.695363e-01 7.981050e-01 6.057094e+00 -6.901263e+00 1.020921e+01 1.607094e-01 4.203734e+00 3.450825e-01 9.641369e-01 -4.954027e-01 8.678770e-01 5.139222e-01 1.512241e+00 1.513199e-01 1.988642e+00 9.957293e-01 2.401708e+00 -3.773265e-02 -7.781458e-01 1.132891e-01 -2.471993e+00 3.954937e-02 
-1.628942e+01 7.163729e+00 -7.832397e+00 2.524961e+00 -8.649340e-01 -9.332654e-01 4.325591e+00 -4.761704e+00 9.675007e+00 -4.172563e+00 2.336330e+00 -2.870648e+00 9.994228e-01 -2.773365e-01 1.904664e-01 -6.278381e-02 5.208042e-01 -4.149577e-01 1.373615e+00 1.626240e+00 2.550376e+00 -2.763182e+00 -5.793957e-01 2.079997e-01 -8.955594e-01 7.392222e-03 
-1.602214e+01 7.947192e+00 -7.922320e+00 5.550842e+00 -7.069898e-01 4.157137e+00 6.319369e+00 -4.687776e+00 2.851089e+00 -3.215805e+00 1.115226e+00 -4.538431e+00 1.000000e+00 -1.018976e-01 -1.469537e+00 -1.266464e-01 5.753165e-01 -1.127794e+00 -1.526320e-02 -1.406082e+00 1.174873e+00 -2.355483e+00 6.344591e-01 -1.338366e+00 4.387402e-01 -3.672018e-02 
-1.501279e+01 4.157857e+00 -1.268976e+01 2.690753e+00 -4.630578e+00 1.908548e+00 4.427251e+00 -1.886560e+00 -7.081711e-01 -1.690162e+00 -2.279721e+00 1.223160e+00 8.951710e-01 3.937069e-01 -1.706804e+00 -5.081862e-01 8.926563e-01 1.521649e-02 4.252259e-01 -1.780938e+00 -4.728279e-02 -1.047726e+00 1.965355e+00 -1.482162e-01 1.315832e+00 -4.065271e-02 
-1.568103e+01 8.905423e-02 -9.730444e+00 4.716531e+00 -2.786611e+00 -6.991179e-01 -1.024147e+00 -2.464471e+00 3.623382e+00 2.091805e+00 -1.800690e-01 4.918795e-01 8.326619e-01 6.710005e-01 -1.230205e+00 5.534363e-03 7.859659e-03 1.428095e+00 9.849412e-01 -1.281175e+00 6.568040e-01 -3.419030e-01 6.830202e-01 6.716104e-02 8.453326e-01 -2.308547e-02 
-1.449144e+01 2.558779e+00 -9.469267e+00 7.405398e+00 2.509589e-01 3.620992e+00 -9.073410e-01 -6.109770e+00 4.050228e+00 3.000409e+00 2.242897e+00 1.193359e+00 8.798283e-01 8.789145e-01 2.845412e-01 1.523021e+00 -6.321396e-01 1.708053e+00 1.145966e+00 9.323636e-01 1.015117e+00 -9.820666e-02 8.279558e-02 -3.693473e-01 -2.216628e-02 5.242950e-03 
-1.292781e+01 2.595706e+00 -9.504897e+00 3.232818e+00 3.992714e+00 8.225622e+00 2.580790e+00 7.078496e-01 -1.237626e+00 -2.145989e+00 -8.102776e-01 -2.968674e-01 8.922440e-01 1.821246e+00 1.997265e-01 1.293985e+00 -1.726594e+00 1.204216e-01 1.325766e-01 1.583676e+00 1.171354e+00 -1.085202e+00 -1.475606e+00 1.238601e-01 1.359315e+00 -1.276023e-02 
-1.199483e+01 4.327236e+00 -5.187429e+00 2.719111e-01 5.200243e-01 3.176008e+00 7.286601e+00 1.602863e+00 1.231299e+00 8.427126e-01 -3.811352e+00 1.506702e+00 8.915947e-01 2.887691e+00 -1.032313e+00 2.652280e+00 -1.629957e+00 -1.075166e+00 -2.134083e+00 1.289264e+00 1.863728e+00 9.218181e-01 -1.321278e+00 5.630734e-01 8.948759e-01 -7.030445e-02 
-7.823110e+00 2.034580e-01 -5.401435e+00 -3.496957e-01 -2.319035e+00 1.862571e-01 2.797263e+00 -4.640195e-01 -3.931612e-01 -4.207377e+00 3.466356e+00 7.131781e+00 7.629776e-01 4.972714e+00 -1.186003e+00 3.390642e+00 1.285904e+00 -1.311884e+00 -2.798285e+00 1.496494e-01 -2.044911e-01 1.832627e+00 -3.231624e-01 -1.911090e-01 -5.017395e-01 -1.312784e-01 
-2.605333e+00 -1.406660e+00 1.740404e+00 1.046870e+00 -1.968995e+00 -3.029742e+00 5.430742e+00 3.794804e+00 8.237086e+00 -2.575288e+00 2.919947e+00 1.953414e+00 5.929393e-01 6.816931e+00 -1.209943e+00 2.894212e+00 1.096359e+00 -3.962575e+00 -3.465022e+00 -2.874629e+00 -1.198494e+00 -9.330166e-01 -1.751842e+00 -1.728020e-02 -2.627052e+00 -8.144073e-02 
7.241012e+00 -4.673609e-01 3.984398e+00 9.274857e+00 -1.322197e+00 -2.662928e+00 4.256966e+00 -1.410576e+00 4.422614e+00 -2.052801e+00 -5.131472e+00 -3.028921e+00 3.851799e-01 6.490888e+00 -1.361033e+00 2.162355e+00 -3.883298e-01 -5.188173e+00 -4.195899e+00 -4.154583e+00 -1.821718e+00 -2.004018e+00 -2.015862e+00 -5.392565e-01 -3.406727e+00 1.633045e-02 
1.455777e+01 -1.387068e+00 4.590714e+00 9.414313e-01 -1.979127e+01 -1.272451e+01 -7.816395e+00 -3.916331e+00 -5.841671e+00 -8.993788e+00 4.011607e-01 -6.548205e+00 6.732899e-01 4.731339e+00 -1.695915e+00 7.231635e-01 -1.011297e+00 -5.074640e+00 -2.622792e+00 -4.367670e+00 -1.804998e+00 -2.817985e+00 -3.487191e+00 1.081058e+00 -1.299033e+00 7.879495e-02 
1.604978e+01 -6.611505e+00 3.985186e+00 -2.238626e+00 -1.934877e+01 -1.594585e+01 -1.135208e+01 -5.717040e+00 -3.373872e+00 -1.107744e+01 2.029467e+00 -5.651044e+00 8.044545e-01 2.088030e+00 -2.000030e+00 -4.225860e-02 -1.662440e+00 -3.916613e+00 -4.214397e-01 -2.589175e+00 -8.619008e-01 -1.337151e+00 -3.057277e+00 1.734753e+00 -7.968556e-01 8.388192e-02 
1.664698e+01 -6.814163e+00 5.355827e+00 1.747124e+00 -1.832891e+01 -9.502242e+00 -8.603082e+00 -3.076957e+00 -1.954595e+00 -1.549892e+01 4.744765e+00 -3.230690e+00 7.772767e-01 4.889807e-01 -7.098110e-01 -3.313059e-01 -1.707647e-01 -1.580887e-02 2.399463e+00 5.997332e-01 -3.221664e-01 5.088884e-01 -1.481637e+00 5.010778e-01 -8.170586e-01 5.363154e-03 
1.663656e+01 -7.753965e+00 3.390548e+00 5.598114e-01 -2.163644e+01 -6.381261e+00 -8.295566e+00 -6.139767e+00 -4.206679e+00 -1.408662e+01 1.370492e+00 -8.671956e+00 7.525961e-01 -6.555431e-02 6.254331e-01 4.694304e-01 -1.312476e-01 -1.319824e-01 2.095548e+00 2.666044e+00 -2.983882e-02 -9.337508e-01 4.709053e-03 -2.112509e-01 -1.744550e+00 -2.141727e-02 
1.670928e+01 -4.364893e+00 3.231503e+00 -1.311610e+00 -1.872647e+01 -5.509489e+00 -6.345989e+00 -5.315799e+00 -2.880825e+00 -1.489738e+01 3.236037e+00 -9.123042e+00 7.260349e-01 -2.332030e-01 7.936222e-01 9.526054e-01 -1.652096e+00 1.315767e-01 8.270980e-01 2.188675e+00 -3.239959e-01 -1.056409e+00 6.158574e-01 -8.076520e-01 -1.771954e+00 -1.559795e-02 
1.569085e+01 -4.708974e+00 7.394500e+00 -1.365496e+00 -1.980989e+01 -7.464487e+00 8.495878e-01 -4.746813e+00 -7.579511e+00 -1.135466e+01 1.727577e+00 -1.142762e+01 7.229891e-01 -2.735539e-01 8.007116e-01 1.742569e+00 -1.374189e+00 1.617245e-01 3.175151e-01 2.688508e+00 4.603480e-01 -9.565889e-01 1.100972e+00 -9.675884e-01 -1.242131e+00 -7.827806e-03 
1.595381e+01 -4.368548e+00 8.116879e+00 -5.550703e+00 -1.858430e+01 -4.825139e+00 -2.232284e+00 -5.393414e+00 -5.550223e+00 -1.378561e+01 5.279625e-01 -1.071263e+01 7.140905e-01 -2.875254e-01 4.946575e-02 1.772739e+00 -5.029024e-01 -2.846176e-01 1.593649e-01 1.723039e+00 7.568098e-01 -6.127481e-01 7.869546e-01 -8.507918e-01 -1.349648e+00 -1.382065e-03 
1.564652e+01 -3.748580e+00 9.660705e+00 -4.191586e+00 -2.089891e+01 -5.135860e+00 3.090119e+00 -3.799220e+00 -7.654924e+00 -9.137641e+00 -2.113413e+00 -1.408782e+01 7.194293e-01 -9.973975e-02 -1.336616e-01 1.150203e+00 3.259105e-01 -5.548221e-01 6.846058e-01 4.888453e-01 3.890451e-01 2.223699e-01 -3.801306e-01 -1.721143e-01 -5.190983e-01 -7.609010e-04 
1.529382e+01 -4.597762e+00 1.096209e+01 -2.413078e+00 -1.960506e+01 -5.876978e+00 1.148939e+00 -2.005546e+00 -5.906859e+00 -1.207112e+01 9.025730e-01 -1.454118e+01 7.209045e-01 4.565916e-02 -1.526151e-01 3.805548e-01 1.439284e+00 -3.610958e-01 2.929699e-01 2.946852e-01 1.003744e+00 -3.920607e-01 5.414448e-02 -1.696814e-01 -2.955459e-01 -1.491350e-03 
1.552215e+01 -5.262675e+00 1.172291e+01 -1.304757e+00 -2.207363e+01 -3.515538e+00 1.603203e+00 -4.495521e+00 -6.289344e+00 -1.411256e+01 6.797006e-01 -1.210883e+01 7.157776e-01 2.204254e-01 -1.494704e-01 -1.120793e-01 9.239849e-01 4.911402e-01 3.153610e-02 -7.881021e-01 7.721739e-01 -3.022422e-01 -2.770106e-01 -4.551598e-01 9.938375e-01 -5.630010e-03 
1.624430e+01 -4.374576e+00 8.988552e+00 2.023013e-01 -1.980242e+01 -4.170450e+00 -1.539981e-02 -2.654016e-02 -8.193317e+00 -1.102743e+01 -1.717001e+00 -1.317985e+01 7.084596e-01 2.500250e-01 -1.818953e-01 -4.754382e-01 -1.617271e-01 5.947117e-01 -9.521089e-02 -4.906048e-01 -2.002627e-01 -1.261535e+00 5.221232e-01 -1.029359e-01 9.695425e-01 -6.542129e-03 
1.627341e+01 -4.607525e+00 1.008708e+01 -8.793510e-01 -1.834452e+01 -5.831444e+00 -2.682222e-01 -9.278527e-01 -8.022906e+00 -1.104454e+01 -3.079425e+00 -9.799294e+00 6.975017e-01 1.297047e-01 -5.244053e-01 -6.252364e-01 -4.690901e-01 9.644836e-01 -3.410630e-01 -7.280257e-01 -1.708951e-01 -1.574664e+00 1.102081e+00 1.088125e+00 2.789323e-01 -5.062598e-03 
1.616831e+01 -5.834813e+00 9.402817e+00 -3.434416e+00 -1.849605e+01 -5.195080e+00 -3.683724e-01 -4.790694e+00 -1.134775e+01 -1.099452e+01 2.267457e+00 -1.084824e+01 6.973318e-01 1.136138e-02 -1.140949e+00 -3.806228e-01 -6.876550e-01 6.432209e-02 1.878366e-02 -1.028501e+00 -1.277394e+00 -1.209313e+00 1.819157e+00 1.192659e+00 -3.997161e-01 -3.994835e-03 
1.620866e+01 -7.154583e+00 8.389591e+00 -1.831849e+00 -1.790440e+01 -4.708539e+00 -1.860439e+00 -2.967919e+00 -1.258544e+01 -8.618616e+00 4.128095e+00 -1.187998e+01 6.960285e-01 -1.234460e-02 -1.341282e+00 -8.175131e-01 -9.796711e-02 -4.055902e-01 -8.058755e-01 -1.584229e+00 -2.614037e-01 -5.598987e-01 1.519659e+00 3.075200e-01 -1.683816e-01 -9.365976e-03 
1.633347e+01 -8.805794e+00 7.934182e+00 -2.759725e+00 -1.970087e+01 -4.637984e+00 -4.361798e+00 -5.393476e+00 -1.195861e+01 -3.144607e+00 6.425318e-01 -1.413809e+01 6.892220e-01 1.848652e-01 -5.911265e-01 -7.499608e-01 7.466097e-01 -8.435547e-01 -1.570345e+00 1.692750e-01 1.571215e+00 6.326256e-02 2.175653e+00 1.386905e-02 7.516686e-01 -1.888614e-02 
1.612911e+01 -9.828443e+00 6.733831e+00 -1.706532e+00 -1.977007e+01 -1.013937e+01 -6.192654e+00 -1.933480e+00 -1.051697e+01 -7.371200e+00 -7.293624e-01 -8.996277e+00 6.547267e-01 -2.371778e-01 1.555880e+00 -1.126502e-01 1.173036e+00 -7.428919e-01 -1.815695e+00 2.410681e+00 2.022739e+00 1.894505e-01 2.563358e+00 1.158247e-01 1.379384e+00 -5.724443e-02 
1.713242e+01 -7.453516e+00 6.480892e+00 2.359748e-01 -2.178099e+01 -1.033139e+01 2.644110e+00 2.548163e+00 -1.206568e+01 -7.399592e-01 4.765531e+00 -8.531747e+00 6.235520e-01 -1.058336e+00 2.981156e+00 5.091031e-01 1.477684e+00 1.373049e-01 -1.759116e+00 1.878536e+00 2.526478e+00 4.305191e-01 2.163982e+00 1.556307e+00 2.464960e+00 -9.803885e-02 
1.462330e+01 -5.132222e-02 8.552985e+00 2.535482e+00 -2.057880e+01 -1.094031e+01 6.690011e+00 3.174957e+00 -1.158466e+01 2.995850e+00 2.645719e+00 -7.786230e+00 4.426413e-01 -3.138572e+00 4.358416e+00 2.303835e-01 1.364463e+00 3.675006e+00 2.286126e-01 -6.281910e-01 -2.549832e-01 1.801434e+00 1.258403e+00 -2.180729e-01 2.124645e+00 -1.538786e-01 
1.179470e+01 1.211427e+00 9.570121e+00 2.507688e+00 -1.860998e+01 -1.303309e+01 -1.410452e+00 4.684696e+00 -9.272174e+00 2.491780e+00 6.736526e+00 -2.418312e+00 3.050704e-01 -4.779528e+00 2.897158e+00 -8.175691e-01 -7.353640e-02 6.580874e+00 2.421062e+00 -2.670303e+00 -1.014951e+00 3.241506e+00 -1.191368e+00 -3.305124e+00 1.725534e+00 -1.691025e-01 
3.105109e+00 7.631163e+00 6.341135e+00 3.979928e+00 -2.980536e+00 -7.645454e+00 -7.306328e+00 -4.276663e+00 -2.906552e+00 -2.695052e+00 -2.805225e+00 -1.429770e+00 4.457432e-02 -4.169854e+00 7.854444e-01 -2.002173e+00 -1.574146e+00 5.533907e+00 3.434963e+00 -1.293513e+00 -2.869767e-01 2.251870e+00 -3.349462e-01 -2.036980e+00 1.727587e+00 -1.273660e-01 
-1.006123e+00 3.191035e+00 3.498972e+00 -8.539305e-01 2.324251e+00 1.264894e-01 -3.709233e+00 1.199221e+00 -1.972013e-01 -3.851350e+00 -9.034616e+00 -3.082309e+00 -2.292728e-02 -2.686932e+00 -4.770287e-01 -2.284009e+00 -1.131005e+00 4.061743e+00 4.474655e+00 1.063274e+00 -3.304125e-01 4.125829e-01 -3.759784e-01 -2.422441e+00 9.011415e-01 -6.988809e-02 
1.744423e-01 2.886096e+00 1.577693e+00 -3.654438e+00 -3.376380e+00 -3.452849e-01 1.371837e+00 3.482811e+00 -4.862798e+00 4.492684e+00 3.463903e-01 1.183706e+00 -3.018987e-02 -9.231741e-01 -1.698562e+00 -1.550143e+00 -7.112967e-01 1.234146e+00 2.110875e+00 1.867307e+00 6.692225e-01 2.999277e-02 6.898772e-01 6.134664e-01 9.750221e-01 -9.905934e-03 
-1.746292e-01 1.198817e+00 5.317963e-01 6.698472e-01 1.896653e+00 5.690098e+00 -4.331629e-01 -8.471036e-01 -6.231137e+00 -2.981980e+00 -6.951485e+00 7.806575e-01 -6.987929e-03 -4.428493e-01 -1.078050e+00 -1.200346e+00 9.573225e-01 1.607343e+00 3.052538e-01 6.516355e-01 6.100612e-02 1.540446e+00 1.129997e+00 1.626491e+00 1.422586e+00 2.408862e-03 
-1.926508e+00 1.344610e-01 7.400656e-02 -3.384445e-01 3.403996e+00 1.271183e-01 3.921745e-01 9.261182e-02 2.603797e-01 3.196487e-01 -7.794581e-01 1.513858e+00 -1.292503e-02 1.260583e+00 -1.631697e+00 -3.255191e+00 3.295208e+00 2.161974e+00 -1.229714e-01 -2.740272e-01 -9.129527e-01 3.688248e+00 -3.476533e-01 1.012845e+00 -9.366891e-01 8.962735e-02 
-2.169894e+00 -8.233969e-01 -1.750917e+00 2.274685e+00 6.970781e+00 1.416557e+00 3.877556e-02 3.199351e+00 4.943439e+00 3.885154e+00 -3.392343e-01 3.865543e+00 -1.951540e-02 1.114866e+00 -1.304900e+00 -3.768682e+00 3.470811e+00 9.357931e-01 -7.257777e-01 -1.160581e+00 -5.501558e-01 4.600492e+00 4.700079e-01 2.613578e+00 -9.603853e-01 1.591473e-01 
7.474988e+00 -4.261281e+00 -1.355690e+01 1.201918e+01 4.896426e+00 1.176629e+00 -2.342685e-01 -3.105180e+00 7.991153e+00 -6.791496e-01 2.104487e+00 -5.042182e+00 4.242106e-01 2.050612e+00 -1.148245e+00 -3.607245e+00 2.088702e+00 2.805191e-01 -2.036470e-01 -2.483040e+00 -5.138537e-01 2.041083e+00 -6.254739e-01 3.541811e-01 -8.297478e-01 1.534559e-01 
6.989517e-01 -3.127812e+00 -1.149616e+01 1.184509e+01 5.829403e+00 1.536454e+00 -5.922845e+00 -1.998986e+00 1.290593e+01 -1.325417e-01 4.674430e+00 -7.432492e-01 5.701806e-01 1.613592e+00 -7.751412e-01 -1.425059e+00 -5.186359e-01 7.812126e-01 -2.001077e+00 -9.933662e-01 -7.096273e-01 5.244469e-01 -3.453533e-01 -9.498129e-01 1.186956e-01 1.282553e-01 
6.892128e+00 -4.454555e+00 -1.308960e+01 5.319866e+00 5.377280e+00 -9.510653e-01 -9.042217e+00 1.225119e-01 6.484546e+00 -7.988729e-01 -1.515384e+00 -3.304849e-01 4.595067e-01 -2.606772e+00 -5.047016e-01 1.955872e+00 -1.805061e+00 1.515960e+00 -3.097272e+00 4.079029e-01 1.352200e+00 -2.524376e-02 8.540022e-01 -2.305906e+00 1.785339e+00 5.152026e-02 
6.189496e+00 -4.602466e+00 -9.109865e+00 3.031163e+00 1.063642e+01 -7.524984e+00 -5.240809e-01 -1.962631e+00 8.318978e+00 2.218250e+00 -3.278363e+00 2.103172e+00 6.041130e-01 -4.151206e+00 -6.471677e-01 2.014780e+00 -1.401386e+00 -8.787771e-01 -3.798306e+00 1.694110e+00 1.554541e+00 -3.008717e-01 7.705401e-01 -2.666822e+00 3.239486e-01 5.267055e-02 
-8.304145e+00 -6.047462e+00 -4.970690e+00 7.400841e+00 1.007272e+01 -9.779013e+00 -8.941362e-01 3.637642e+00 1.015841e+01 2.415466e+00 -5.448645e+00 2.461302e+00 6.648457e-01 -5.386303e+00 3.604491e-02 1.432710e+00 -3.955320e-01 -2.825015e+00 -2.865193e+00 1.757448e+00 8.980051e-01 1.205016e-01 6.210102e-01 -1.013926e+00 3.495898e-01 7.514825e-02 
-1.245894e+01 -5.567197e+00 -5.481713e+00 3.797670e+00 -9.122033e-01 -1.304111e+01 -1.526337e+00 4.016156e+00 9.564642e+00 2.112989e+00 -6.693052e+00 -5.193999e-01 7.308638e-01 -4.114648e+00 4.827667e-01 -8.465520e-01 -3.349179e-01 -2.512757e+00 3.874130e-02 9.083580e-01 6.745156e-01 -1.025532e+00 5.899054e-01 1.586159e+00 4.267870e-01 4.532850e-02 
-1.071517e+01 -3.791965e+00 -7.740127e+00 2.958953e+00 -2.973485e+00 -1.251897e+01 2.461529e-01 1.623144e+00 6.464222e+00 2.358808e+00 -4.877671e+00 2.728750e+00 7.718725e-01 -7.395832e-01 8.410317e-01 -2.469030e+00 -1.649661e+00 -7.496201e-01 2.375712e+00 1.390019e+00 -2.254663e-01 -1.737433e+00 1.099618e-01 2.698205e+00 1.095654e+00 2.264643e-02 
-1.317823e+01 -3.316381e+00 -1.195791e+01 3.577518e+00 4.595734e+00 -5.961299e+00 3.447565e+00 2.417196e+00 5.038415e+00 5.196105e+00 4.366947e+00 4.103384e+00 7.772421e-01 -7.178478e-02 1.425678e+00 -1.925686e+00 -9.113817e-01 2.157073e+00 4.085402e+00 1.059460e+00 -1.321248e+00 -2.849713e+00 -4.647836e-01 2.317441e+00 2.084249e+00 1.011944e-02 
-1.164242e+01 -2.967711e+00 -1.407774e+01 -7.373899e-01 3.570652e+00 -1.440355e+00 3.569010e+00 3.309790e+00 3.734359e+00 1.423717e+00 2.512379e+00 5.628182e+00 7.548887e-01 -4.327448e-01 1.499891e+00 -5.999820e-01 -2.820208e-01 1.332045e+00 2.922837e+00 -2.142577e-02 -1.752198e+00 -2.204326e+00 -6.143181e-01 8.982071e-01 9.541680e-01 2.046798e-02 
-1.235424e+01 1.149067e+00 -1.194134e+01 1.088933e+00 6.601094e+00 1.846596e+00 2.109537e+00 -3.433406e+00 -3.318993e+00 2.566171e-01 1.199130e+00 8.452127e+00 7.899529e-01 -3.403103e-01 6.155612e-01 3.901060e-01 -1.228678e-01 -1.351131e+00 3.683884e-01 -1.560321e+00 -1.552306e+00 -1.082297e+00 -5.477496e-01 -1.275605e+00 1.058732e+00 2.267758e-02 
-1.329089e+01 1.474767e+00 -1.074832e+01 2.793141e+00 2.684061e+00 -1.808733e+00 8.080376e-01 -4.212545e+00 -3.787050e-01 1.756962e+00 1.197273e+00 5.325219e+00 8.678570e-01 -4.582476e-01 -5.314258e-01 1.177049e+00 4.383987e-01 -2.579513e+00 -1.069024e+00 -1.584546e-01 6.818669e-01 -1.161957e-01 1.801184e-01 -5.728337e-01 -2.944240e-01 1.343784e-02 
-1.405555e+01 -2.459814e+00 -1.167209e+01 1.197913e+00 -1.716625e+00 -3.935168e+00 -2.973556e+00 -1.583165e+00 1.683462e+00 2.290735e+00 -1.353524e+00 9.548526e+00 8.341458e-01 8.855635e-01 -2.582082e-01 3.021486e+00 1.938035e+00 -9.121053e-01 -6.470823e-01 2.245383e-01 2.078847e+00 7.942811e-01 -3.899721e-01 -1.383474e+00 -1.875194e+00 -1.170111e-02 
-1.308300e+01 -3.820399e+00 -8.327121e+00 1.400113e+00 -5.168055e+00 -3.894593e+00 5.318284e+00 5.794003e+00 6.521530e-01 1.307250e+00 9.245384e-01 3.607863e+00 7.999815e-01 1.454039e+00 8.172724e-01 3.810920e+00 2.309478e+00 2.665906e-01 7.054548e-01 9.197658e-01 1.373816e+00 1.235437e-03 -5.442047e-01 -1.124268e+00 -2.697219e+00 -2.857947e-02 
-8.030366e+00 2.505610e+00 1.955492e+00 1.147562e+01 5.966626e+00 -3.458855e-01 9.771058e-01 1.957557e+00 1.369834e-01 -1.468387e+00 -5.581875e+00 -6.516409e-02 7.653852e-01 1.084937e+00 1.348711e+00 2.073411e+00 1.099509e+00 1.201424e+00 1.368174e+00 -2.347062e-01 -1.292830e-01 5.079606e-01 -9.762567e-01 -8.320442e-01 -2.295079e+00 -2.150802e-02 
-9.033280e+00 3.078417e+00 1.492487e+00 9.201674e+00 1.753883e-01 -7.610011e-02 3.431536e+00 8.861771e-01 4.007114e-01 9.154994e-01 -2.309891e+00 -3.354031e+00 7.593400e-01 2.408888e-01 4.956793e-01 -1.631836e+00 -1.425822e+00 1.810511e+00 -8.260362e-02 -1.278952e+00 -1.268640e+00 1.122138e+00 2.437076e-01 1.342333e-01 -6.907924e-01 -1.428067e-02 
-1.065572e+01 8.343327e-01 -6.214838e+00 2.794680e+00 1.618772e+00 9.964561e-01 -3.203713e+00 2.243338e-01 4.348985e+00 -2.394673e+00 -3.896531e+00 1.554080e+00 7.469265e-01 -6.958961e-02 -4.623183e-01 -3.637463e+00 -3.832793e+00 2.139583e-01 -1.078648e+00 5.629078e-01 -9.346693e-01 3.598204e-01 -1.501986e-01 4.668084e-01 8.132758e-02 -2.240689e-02 
-1.056588e+01 -5.063643e-01 -1.240114e+01 -1.388522e+00 6.058426e+00 -4.978782e+00 1.013934e+00 3.174130e-01 4.156843e+00 2.988931e+00 7.530326e-01 -6.557205e-01 7.378075e-01 1.151292e+00 -5.992268e-01 -2.169752e+00 -3.506572e+00 8.560359e-01 -1.178447e+00 1.412528e+00 4.934079e-01 -1.644298e+00 -1.158813e+00 -9.548237e-01 -9.475921e-01 -4.794120e-02 
-7.612016e+00 1.986409e+00 -9.285010e+00 -2.393245e+00 4.094898e+00 -3.287784e+00 5.000445e+00 -2.431408e+00 5.801964e-02 -3.256096e+00 -4.779295e+00 -1.007682e+00 6.641170e-01 2.446402e+00 -2.052598e-01 1.345521e+00 -1.819402e+00 7.990544e-01 3.287944e-01 2.452599e+00 2.417212e+00 -2.245368e+00 -8.172272e-01 -4.448827e-01 -1.833188e+00 -7.379215e-02 
-4.798675e+00 -4.937552e-01 -7.821185e+00 -5.737224e+00 3.217504e+00 -3.826216e+00 6.392096e+00 4.681087e+00 -5.675297e+00 -4.447855e+00 -6.642627e+00 -6.811111e+00 5.610387e-01 2.857907e+00 -3.047950e-01 2.425875e+00 -9.310296e-01 5.636692e-04 1.735349e+00 9.414053e-01 3.227063e+00 -1.886733e+00 -1.929468e+00 9.203538e-02 -7.200736e-01 -1.002072e-01 
-1.307316e+00 -1.982710e-01 -1.777208e+00 -4.127978e+00 7.034504e+00 2.064145e+00 6.370201e+00 1.012856e+01 -1.961784e+00 -2.762416e+00 -2.423115e+00 -4.534164e+00 4.663501e-01 2.455196e+00 -1.256425e+00 1.492995e+00 -8.081018e-01 -5.808355e-01 9.383375e-01 -1.337484e-01 1.846632e+00 5.038373e-01 -8.709078e-02 1.239267e+00 -3.418570e-01 -9.695981e-02 
5.713091e-01 -9.379994e-01 -4.025661e+00 -5.176303e+00 4.591441e+00 1.022001e+00 5.036083e+00 1.017274e+01 -4.266919e+00 -6.905251e+00 3.511937e-02 -2.492847e+00 3.356548e-01 2.055930e+00 -1.178236e+00 9.977177e-01 3.964921e-01 -1.148542e+00 1.191916e+00 -3.582648e-01 -5.726634e-01 1.597197e+00 1.210223e+00 1.812121e+00 7.261133e-01 -7.424653e-02 
1.978971e+00 -4.073596e+00 -3.717796e+00 -6.714214e+00 5.037527e-01 -1.020205e+00 5.009710e+00 4.055923e+00 1.873017e+00 -2.462852e+00 -1.921832e+00 -4.876099e+00 2.920099e-01 1.525063e+00 -9.043075e-01 7.633103e-01 6.565189e-01 -1.767334e+00 8.888702e-01 -1.902404e-01 -1.699496e+00 1.684872e-01 1.691073e+00 1.139397e+00 2.422831e-01 -5.303726e-02 
3.837832e+00 -4.447273e+00 -1.862303e+00 -2.461645e+00 7.401705e-01 3.675540e+00 5.281017e+00 4.854088e+00 3.932884e-01 1.453479e+00 2.167339e+00 -3.009578e+00 2.769762e-01 1.472907e+00 -7.085872e-03 1.679958e+00 1.789683e+00 -4.593491e-01 1.812175e+00 6.204664e-01 -1.077143e+00 3.407531e-02 2.001649e+00 5.581874e-01 7.742220e-01 -3.409510e-02 
4.684736e+00 -2.965172e+00 9.576647e-01 -2.202712e+00 1.234713e-01 5.181727e+00 5.296531e+00 4.290407e+00 -3.449452e+00 1.513582e+00 2.207760e+00 -3.064383e+00 2.305031e-01 1.408951e+00 5.084423e-01 1.547580e+00 1.561975e+00 3.458906e-01 5.957301e-01 1.204393e-01 3.948116e-01 -8.100083e-01 1.465748e+00 9.182978e-01 9.978253e-01 -3.646459e-02 
6.582963e+00 -1.527641e+00 2.036397e+00 1.516362e+00 2.484837e+00 6.981910e+00 7.995004e+00 4.669787e+00 -1.435308e+00 1.114778e+00 7.612602e-01 4.724052e-01 1.959327e-01 1.019341e+00 6.308758e-01 1.200930e+00 7.537674e-01 4.399476e-02 -4.397688e-01 -3.240899e-01 -1.893121e-01 -1.080447e+00 2.495646e-01 -1.733145e-01 8.056879e-02 -3.824024e-02 
7.651163e+00 -2.991200e+00 2.070757e+00 -8.933450e-01 1.360873e+00 3.052602e-01 4.254913e+00 6.122131e+00 -1.262727e+00 5.035240e+00 3.372696e+00 -1.627964e+00 1.502087e-01 7.930692e-01 5.001653e-01 5.217387e-01 -1.366356e-01 -1.010511e+00 -1.564709e+00 -1.550335e+00 -8.079765e-01 -5.501925e-01 -1.068999e-01 2.706676e-01 6.147047e-01 -2.651201e-02 
7.451326e+00 -1.279880e+00 3.585801e+00 6.525083e-01 3.414435e-01 3.914929e+00 4.181377e+00 2.991666e+00 -6.102308e+00 9.404733e-01 7.182983e-01 -3.324944e+00 1.259222e-01 2.242851e-01 2.723614e-01 2.425162e-01 1.652442e-01 -6.340129e-01 -7.372515e-01 -1.092688e+00 -1.161560e+00 -3.909447e-01 6.205364e-01 4.401841e-01 6.274295e-02 -1.794131e-02 
8.215900e+00 -5.882258e-01 2.791656e+00 -2.453963e+00 -3.857388e+00 -1.108326e+00 -5.483309e-01 1.089585e+00 -3.866915e+00 1.066235e+00 3.582579e+00 1.907815e+00 1.329483e-01 -5.610409e-02 7.909675e-01 1.254132e-01 2.910388e-01 4.965732e-01 1.772764e+00 2.982045e-01 -1.661899e+00 4.143529e-02 2.305634e-01 9.845659e-01 1.375516e+00 -1.143370e-02 
7.422019e+00 -1.367321e+00 2.888529e+00 3.122892e+00 1.923903e+00 4.002446e+00 4.933188e+00 1.378258e+00 -2.087937e+00 6.201963e+00 2.857239e+00 -9.817693e-01 1.148563e-01 -2.784565e-01 5.637365e-01 -9.551249e-02 6.716377e-01 1.974468e+00 1.495276e+00 9.518555e-01 6.439881e-01 1.221409e+00 4.679653e-01 8.754567e-01 1.265249e+00 -8.799648e-03 
7.385296e+00 1.007358e+00 3.046460e+00 -6.733426e-01 3.052509e+00 9.125322e+00 5.370030e+00 -1.380659e+00 -3.062736e+00 3.557312e+00 7.226056e+00 4.078031e+00 9.857309e-02 -2.347175e-01 4.562884e-01 5.812898e-01 1.374882e+00 3.361777e+00 1.414156e+00 -2.641923e-01 4.518620e-01 6.826221e-01 -1.076989e+00 -1.536673e+00 -2.344470e-01 -7.277804e-03 
6.474346e+00 7.410109e-01 2.980836e+00 3.120387e+00 6.758832e+00 6.274486e+00 5.981473e+00 7.446728e+00 -3.973521e-01 2.034761e+00 3.273844e+00 1.916196e+00 9.911156e-02 -1.931349e-01 4.693836e-01 9.115982e-01 6.558490e-01 1.097745e+00 -1.586017e+00 -2.410891e+00 2.054974e-01 5.563628e-01 -7.531234e-01 -1.531029e+00 3.000670e-01 -1.057144e-02 
7.516150e+00 6.390502e-01 5.651951e+00 4.421699e+00 1.053403e+01 4.826436e+00 -2.393435e+00 3.146604e-01 -1.299097e+00 -2.235111e+00 -4.309087e+00 -7.134027e-01 1.044316e-01 -4.890433e-01 1.986253e-01 8.918772e-01 1.319546e+00 1.141577e-01 -2.497004e+00 -2.610418e+00 -9.322693e-01 -2.923785e-01 2.051013e-02 -1.842329e+00 5.015761e-02 -1.394562e-02 
6.390918e+00 1.163751e+00 6.143774e+00 3.854616e+00 3.671866e+00 -1.778194e+00 -3.239535e+00 1.558085e+00 -1.879426e-01 5.332558e+00 9.696671e-01 2.914283e+00 5.906981e-02 -4.971913e-01 7.279904e-01 3.440890e-01 -3.059688e-02 -5.913953e-01 -8.375782e-01 -8.198571e-01 -1.591481e+00 -1.613703e+00 2.310306e-01 -4.383893e-01 5.844603e-02 -1.293159e-02 
4.981793e+00 1.789114e+00 5.924376e+00 5.557270e+00 5.166780e+00 6.666410e-01 -3.071556e+00 -3.097684e+00 -4.629333e+00 2.010965e+00 -8.334997e-01 3.829775e+00 4.886585e-02 -1.014494e-01 1.195422e+00 -4.679413e-01 -2.462586e-01 -9.632307e-01 -3.155651e-02 1.028122e+00 8.021832e-01 -2.844029e-01 2.628765e-01 4.197283e-01 -6.855532e-01 -1.117005e-02 
5.255568e+00 3.805931e+00 4.565069e+00 2.399617e+00 6.485480e+00 4.166492e+00 2.221248e+00 1.195495e+00 -6.800752e+00 1.066876e+00 -6.558965e-01 -6.316304e-02 6.223649e-02 1.005486e-01 5.225028e-01 -4.124501e-01 -4.911007e-01 -1.485805e-02 1.075391e+00 7.311302e-01 1.587701e-02 3.029072e-01 -4.503086e-01 -6.957169e-01 -4.598634e-01 -7.367975e-03 
7.576577e+00 5.295071e+00 4.101598e+00 3.917906e+00 4.311069e+00 1.696310e+00 1.678282e-02 4.506872e+00 5.852934e-01 1.212112e+00 -1.397664e+00 -2.652446e+00 4.699802e-02 -3.933554e-02 1.849376e-01 -1.946819e-01 -7.509215e-01 -6.744933e-01 1.298823e+00 5.873498e-01 1.970643e-01 1.511583e+00 3.612498e-01 -1.009225e-02 8.950762e-01 -6.223965e-03 
5.596269e+00 2.023287e+00 4.992913e+00 2.218795e+00 4.025431e+00 3.083928e+00 -1.128053e+00 -2.164807e+00 -1.280720e+00 3.480441e+00 -2.226835e+00 3.856076e+00 2.316386e-02 -2.174461e-01 2.984569e-01 -4.976491e-02 3.367495e-01 4.850644e-01 1.036257e+00 3.549607e-01 6.446961e-01 2.934058e+00 2.739694e-01 -2.466452e-03 1.739304e+00 -1.194561e-03 
4.614765e+00 3.605124e+00 4.737045e+00 1.893074e+00 3.024338e+00 7.702039e+00 1.539844e+00 -4.322113e-01 1.685672e-01 2.610431e+00 -9.849162e-02 6.345536e+00 3.728235e-02 -4.608669e-01 6.872274e-01 -6.388906e-02 3.137258e-01 1.319531e+00 5.160182e-01 9.079464e-01 1.862034e+00 2.866426e+00 1.093248e+00 5.650360e-01 1.058440e+00 3.594887e-03 
5.649243e+00 6.143189e+00 3.998520e+00 5.095780e+00 9.554169e+00 6.344915e+00 3.234521e+00 6.888517e+00 8.077901e+00 1.737564e+00 -1.317815e+00 4.134364e+00 6.112152e-02 -1.018430e-01 1.448008e+00 5.680178e-01 9.745619e-01 1.551490e+00 -1.113521e-01 5.788947e-01 1.819219e+00 1.405354e+00 8.367637e-01 5.849074e-01 -1.217146e+00 1.190895e-03 
5.245756e+00 6.671257e+00 4.279349e+00 4.048042e+00 8.144356e+00 2.645908e+00 2.375228e+00 9.290380e+00 1.023812e+01 7.549790e+00 9.730060e-01 2.500608e+00 4.599363e-02 -1.451304e-01 6.732892e-01 7.735804e-01 3.729557e-01 8.816873e-01 -4.018283e-01 -1.455916e-01 8.453674e-01 -9.539466e-01 -1.683106e-02 -3.901272e-01 -1.368876e+00 -1.434891e-02 
4.771559e+00 7.730260e+00 8.061851e+00 6.014120e+00 9.222872e+00 5.055233e+00 1.348728e+00 2.069991e+00 7.112762e-01 5.194580e+00 1.619529e-01 -3.071895e-01 2.476269e-02 -3.480966e-01 2.576827e-01 1.829545e-01 -5.943121e-01 -8.100672e-01 4.882869e-01 4.923091e-02 -8.173733e-01 -2.986893e+00 1.582589e-01 -5.363322e-01 -1.038297e+00 -2.248542e-02 
4.327955e+00 6.178035e+00 6.573282e+00 3.298682e+00 7.598424e+00 6.337739e+00 1.754782e+00 6.203888e+00 -9.178536e-01 7.977676e-01 -2.789012e+00 1.721932e+00 -1.628280e-02 -3.755235e-01 4.665028e-01 -3.722885e-01 -1.032791e+00 -2.260338e-01 1.557225e+00 2.233927e-01 -6.580454e-01 -1.275191e+00 4.344257e-01 -5.509496e-01 -6.515731e-01 -1.481885e-02 
4.367661e+00 7.678214e+00 3.766326e+00 2.498900e+00 5.776798e+00 6.940434e+00 3.790898e+00 4.344896e+00 -1.278579e+00 5.904869e+00 -2.118467e+00 -6.677830e-01 -2.016735e-02 -7.045498e-01 8.812480e-02 -5.311257e-01 -5.225602e-01 2.704091e-02 5.650269e-01 -5.383089e-01 -4.765688e-01 1.258813e+00 8.020188e-01 -2.993815e-02 7.886372e-02 -4.405784e-03 
3.570087e+00 9.029794e+00 4.565668e+00 6.416986e-01 8.737223e+00 9.489430e+00 2.271106e+00 4.862700e+00 4.857088e+00 9.366774e+00 -6.415321e-01 -5.769603e-01 -5.635619e-03 -8.283351e-01 -2.090665e-01 8.248160e-02 6.816465e-01 2.548882e-01 -2.326775e-01 -3.835797e-01 -1.411636e+00 1.215630e+00 6.549367e-01 -2.504700e-01 -4.756317e-01 1.404727e-03 
1.627744e+00 6.745005e+00 6.410028e+00 4.729811e+00 8.788676e+00 6.304521e+00 -1.600978e+00 3.577417e-01 4.117870e+00 4.920171e+00 -1.061478e+00 1.236575e+00 -2.589822e-03 -7.095417e-01 -7.803730e-01 -4.854274e-03 -3.200254e-01 -6.321920e-01 -2.187738e-01 7.927555e-02 -1.658175e-01 5.182798e-01 -2.901207e-01 2.275038e-02 3.234893e-01 -2.714849e-03 
1.556238e+00 5.599307e+00 5.663839e+00 5.591459e+00 7.366926e+00 5.492307e+00 2.532822e+00 1.139286e+00 2.462070e+00 4.564800e+00 -4.569856e+00 -1.608406e+00 -1.804793e-02 -3.287289e-01 -8.329815e-01 -5.962458e-01 -1.074153e+00 -1.636016e+00 -1.748003e-01 9.228020e-01 6.049405e-01 -6.301061e-01 -3.087961e-01 2.222882e-01 4.313504e-01 -6.874525e-03 
1.826877e+00 5.491592e+00 3.192969e+00 -1.576108e+00 3.300987e+00 7.845126e+00 4.056418e+00 5.377515e+00 2.510328e+00 6.855252e+00 -4.055311e-02 1.465386e+00 -2.753544e-02 6.689043e-02 -2.614540e-01 -8.904989e-01 -1.977940e+00 -1.504132e+00 5.434030e-01 1.283839e+00 1.427778e+00 -3.166825e-01 6.160615e-01 6.571152e-01 3.531414e-01 -5.937874e-03 
