-9.580889e+00 2.446887e+00 -4.755104e-01 -2.082798e+00 6.542873e-01 4.662235e+00 3.912306e+00 5.665546e+00 5.722607e+00 3.201701e+00 1.794565e+00 4.293535e+00 -1.512927e-01 1.415059e+00 -9.731140e-02 5.228251e-01 2.668560e-01 3.671748e-01 3.307169e-01 2.113574e-01 1.598486e-01 6.297215e-01 7.177669e-01 -4.320620e-02 -1.413509e+00 0.000000e+00 
-9.351015e+00 9.268373e-01 -1.060073e+00 -4.554689e+00 -2.778823e-01 4.040390e+00 -3.031012e-01 3.979131e+00 7.561363e+00 5.571193e+00 1.021156e-02 1.401909e+00 -1.512927e-01 2.531019e+00 1.762076e-01 1.119474e+00 9.264613e-01 -6.021693e-02 -2.365668e-02 -9.955339e-02 -1.132770e-01 -2.230657e-01 4.916863e-01 -9.418058e-02 -1.846126e+00 6.786346e-04 
-2.620529e+00 2.720354e+00 2.430896e+00 4.874282e-01 2.956246e+00 6.626742e+00 7.076797e+00 7.307998e+00 7.951837e+00 5.605789e+00 2.470710e+00 -1.328195e+00 -1.512927e-01 1.563430e+00 3.495336e-02 7.341208e-01 8.756787e-01 3.392307e-01 -3.860022e-01 -8.096075e-01 -2.468416e-01 -2.044892e+00 -2.108222e+00 -8.117465e-01 -2.979030e+00 3.393173e-04 
-4.059725e-01 3.191191e+00 3.668655e+00 1.264396e+00 -7.977768e-01 3.561699e+00 1.832294e+00 4.277936e+00 3.492663e+00 4.458088e+00 9.855890e-01 -2.126231e+00 -1.478995e-01 -3.562101e-01 6.874909e-02 -2.375722e-03 -1.181894e-01 4.124297e-01 -1.319941e+00 -1.245080e+00 -5.767360e-01 -2.112270e+00 -2.928509e+00 -1.288530e+00 -1.059918e+00 0.000000e+00 
-6.236261e+00 1.489477e+00 8.307300e-01 -6.139464e-01 2.610388e+00 2.971570e+00 -1.203429e+00 4.281936e+00 -2.467505e+00 -6.782857e+00 -2.751857e+00 -8.837545e+00 -1.512927e-01 -2.390818e+00 -9.005825e-01 -6.771271e-01 -1.169689e+00 -5.483440e-01 -1.279313e+00 -1.934686e+00 -1.384924e+00 -1.288823e+00 -8.660206e-01 -1.025791e+00 8.135387e-01 -3.393173e-04 
-9.324200e+00 1.886021e+00 -2.718682e-01 -4.594949e+00 1.957196e+00 -7.317264e-01 -2.388389e+00 2.608482e+00 2.209683e+00 -2.877032e+00 -3.821156e+00 -1.430050e-01 -1.512927e-01 -2.265929e+00 -1.011456e+00 -1.518642e+00 -1.258109e+00 -1.858359e-01 -5.079833e-01 -8.109873e-03 2.603136e-01 5.394645e-01 4.098741e-01 8.941456e-01 1.575706e+00 -6.786346e-04 
-1.011550e+01 -1.129974e+00 1.015522e+00 -2.431346e+00 -1.162959e+00 2.376891e+00 -4.862936e-01 1.218107e+00 2.149213e+00 4.943246e+00 -2.548723e-01 1.747886e+00 -1.512927e-01 -6.965733e-01 -3.160569e-01 -9.444029e-01 -5.035935e-01 -9.893606e-01 2.627948e-01 1.416843e+00 1.403278e+00 2.652351e+00 2.083263e+00 2.055520e+00 1.649968e+00 0.000000e+00 
-9.795994e+00 -5.563650e-01 -4.016951e+00 -4.117451e+00 1.597173e-01 1.319122e+00 1.433176e+00 7.111419e+00 3.881627e+00 6.444073e-01 4.207825e+00 4.595862e-01 -1.512927e-01 2.191252e-01 5.586603e-02 -6.236241e-01 -2.084525e-01 -1.047443e+00 6.478857e-01 1.308184e+00 1.346106e+00 1.305396e+00 8.940470e-01 2.474485e+00 1.461856e+00 0.000000e+00 
-9.483231e+00 1.130385e+00 -2.018743e+00 -3.370663e+00 -1.437676e+00 3.260120e+00 3.970004e+00 9.046858e+00 9.958277e+00 1.872739e+00 3.511252e+00 -8.889990e-01 -1.512927e-01 2.679552e+00 -4.438845e-01 -5.053397e-01 -9.909526e-01 -5.558760e-01 3.193874e-02 -1.820872e-01 -1.681566e-02 2.852589e-01 -3.269919e-01 5.456299e-02 5.624639e-01 3.020477e-02 
-8.544710e+00 1.035172e+00 -1.872856e+00 -5.167553e+00 -3.142663e+00 2.066087e+00 1.924383e+00 5.424637e+00 4.832133e+00 3.128456e+00 6.668207e+00 8.484716e+00 -1.512927e-01 1.234714e+00 -3.724357e+00 1.956898e+00 -9.997393e-01 -2.120409e+00 1.830829e-01 3.843666e-01 -4.658874e+00 6.034101e-01 8.168412e-01 -1.119363e+00 1.015241e+00 2.261918e-01 
2.656615e+00 -4.145165e+00 -2.583224e+00 -6.861058e+00 -2.291149e+00 2.163102e+00 -1.642333e+00 1.977419e+00 3.100255e+00 2.066262e+00 -1.212249e+00 5.476400e-01 -2.688169e-04 -1.718158e+00 -3.698400e+00 3.030865e+00 -1.814134e+00 -1.601408e+00 -1.461286e+00 -3.873243e-02 -5.375141e+00 4.598973e-01 3.754070e-01 -8.772974e-02 6.200094e-02 3.358032e-01 
-9.692347e+00 -1.654037e+01 6.049781e+00 -7.370950e+00 -1.001559e+01 2.783046e+00 6.161178e+00 -1.264823e+01 1.032769e+01 4.631852e+00 9.727581e-01 4.817473e+00 9.041542e-01 -4.240684e+00 -1.326416e+00 3.740740e+00 -1.534732e+00 -9.378311e-01 -2.283319e+00 -8.784233e-01 -3.263041e+00 1.294365e+00 -2.177090e+00 -7.329116e-01 -1.857119e+00 3.254951e-01 
-1.750020e+01 -8.573842e+00 9.174264e+00 -1.133964e+01 -6.008253e+00 -4.404791e+00 1.657945e+00 -8.792416e+00 9.509985e+00 2.998077e+00 5.920328e+00 1.254627e+00 1.000000e+00 -4.999956e+00 -1.284909e-01 2.668511e+00 -1.770440e-01 2.829306e-01 -1.950274e+00 -1.939731e-01 -3.258792e-01 1.156875e+00 -2.705297e+00 -5.838561e-01 -8.315767e-01 1.812237e-01 
-1.966972e+01 -3.382570e+00 1.095210e+01 -1.060192e+01 -5.973267e+00 -6.066564e+00 -4.117872e+00 -5.505652e+00 8.099091e+00 -8.222901e+00 -5.626391e-01 -1.154374e+00 9.760483e-01 -9.664516e-02 9.375616e-01 -1.731933e-01 1.645223e+00 1.910189e+00 -3.073705e+00 -2.517480e+00 2.963492e+00 2.960722e-01 -2.082973e+00 -2.264699e+00 -1.058968e+00 -5.157948e-02 
-1.735448e+01 -1.136652e+01 8.308172e+00 -6.130792e+00 -2.897657e+00 -3.163465e+00 2.527327e+00 -3.223265e+00 9.998926e+00 -5.032844e+00 -3.363831e+00 -6.243198e-01 8.699026e-01 3.088757e+00 -1.266551e+00 -7.063079e-01 4.616574e+00 2.618650e+00 -5.388346e-01 -7.038615e-01 2.997035e+00 3.115234e+00 1.196802e+00 -2.164706e+00 -4.791036e-01 -1.005832e-01 
-1.024843e+01 -1.045623e+01 5.616860e+00 -1.749255e+00 -2.019943e+00 -1.320614e+01 -6.860911e+00 -6.153468e-01 1.156358e+01 -1.767556e+00 -5.708655e+00 4.621068e-01 7.113055e-01 6.110408e+00 -8.650863e-01 -9.959068e-01 4.475781e+00 2.805079e+00 -1.219555e+00 -7.938673e-01 1.590240e+00 9.418567e-01 3.013400e+00 1.028441e-01 -6.459847e-01 -8.484475e-02 
-6.767058e+00 -1.136977e+01 8.310345e+00 7.316900e+00 5.108338e+00 -3.529175e+00 -4.898434e-01 3.747604e+00 2.335391e+01 5.754416e+00 -2.330197e+00 -1.949131e+00 6.294552e-01 6.947285e+00 7.414887e-01 -1.194685e+00 3.596488e+00 1.860709e+00 -2.696374e+00 -2.498168e+00 -6.236733e-01 -2.813106e+00 2.409077e+00 1.009446e+00 -1.855608e+00 -1.013180e-02 
5.588609e+00 -7.706379e+00 5.971480e+00 5.053137e+00 4.049130e+00 -1.198148e+01 -6.578624e+00 -1.039886e+00 6.130882e+00 1.450466e+00 -5.652356e-01 -3.721892e+00 6.720482e-01 6.274951e+00 -3.727329e-01 -1.435339e+00 2.918607e+00 1.710263e-01 -2.170864e+00 -2.153517e+00 -3.191926e+00 -5.893823e+00 2.059521e+00 1.759513e-01 -1.840721e+00 5.766303e-02 
9.463423e+00 -9.034003e+00 2.157435e+00 8.450451e+00 3.371350e+00 -1.725766e+01 -1.010465e+01 -6.129362e+00 -1.350255e+00 5.403532e+00 -8.883119e-01 -7.810360e+00 8.388723e-01 5.079102e+00 -6.667505e-01 -2.191206e+00 1.618487e+00 -1.028977e+00 -4.013997e+00 -2.879116e+00 -4.127992e+00 -7.425373e+00 1.651577e+00 -9.032751e-01 -9.625578e-01 7.331445e-02 
1.301108e+01 -1.348777e+01 1.516622e+00 1.227700e+01 -2.963169e-01 -1.719622e+01 -1.282109e+01 -1.163650e+01 -5.553451e+00 8.705492e+00 -5.549841e+00 -5.810881e+00 8.949121e-01 2.596669e+00 -5.163949e-01 -1.973884e+00 1.535700e+00 -3.856167e-01 -2.079742e+00 -1.596381e+00 -1.920596e+00 -3.976556e+00 1.983483e+00 -6.862682e-01 2.082999e-01 3.864969e-02 
1.491722e+01 -1.181282e+01 -4.182576e-01 1.179740e+01 2.136176e+00 -2.099179e+01 -1.176419e+01 -1.159405e+01 -7.930787e+00 1.038479e+01 -4.354270e+00 -5.717425e+00 8.845955e-01 1.627268e+00 6.752608e-01 -1.709818e+00 3.209293e-01 3.621505e-01 -1.161368e+00 4.562562e-01 -9.530613e-01 -2.313944e+00 3.941244e-01 3.580783e-01 1.166127e+00 -8.836639e-03 
1.584506e+01 -8.898944e+00 -2.610091e+00 1.105816e+01 2.738634e+00 -2.051313e+01 -1.373076e+01 -7.910523e+00 -1.046163e+01 8.877255e+00 -2.263597e+00 -3.726860e+00 8.424350e-01 1.140591e+00 1.500435e+00 -1.669398e+00 -8.225590e-01 1.056844e+00 -1.541365e-01 1.232983e+00 -3.641289e-01 -1.354110e+00 -1.698186e+00 2.508954e+00 3.755877e-01 -2.512017e-02 
1.618277e+01 -7.952114e+00 -4.328295e+00 1.066452e+01 3.664627e+00 -2.140605e+01 -7.368537e+00 -1.275765e+01 -1.046588e+01 7.288272e+00 -7.410423e-01 -3.021736e+00 8.209276e-01 8.237320e-01 1.205053e+00 -1.460141e+00 -1.098033e+00 6.490413e-01 1.612748e+00 1.009389e+00 -5.247048e-01 -1.394945e+00 -2.685042e+00 2.344834e+00 3.497125e-01 -2.523559e-02 
1.808125e+01 -7.915952e+00 -4.875348e+00 8.730650e+00 4.223680e+00 -1.775977e+01 -8.853999e+00 -1.287534e+01 -1.105645e+01 1.762820e+00 5.188316e+00 -5.280787e+00 8.011452e-01 6.864077e-01 1.019959e+00 -1.269382e+00 -1.399689e+00 5.921779e-01 2.278692e+00 1.119500e+00 -5.515926e-01 -1.551684e+00 -3.002000e+00 1.871952e+00 4.943340e-01 -2.303445e-02 
1.791778e+01 -6.279055e+00 -6.586332e+00 7.470991e+00 4.638859e+00 -1.430473e+01 -9.155624e+00 -1.173517e+01 -1.460810e+01 5.167953e-01 3.643941e+00 -3.191899e+00 7.790624e-01 4.131249e-01 1.516944e+00 -1.261310e+00 -1.581792e+00 9.935474e-02 3.084642e+00 5.195352e-01 4.222665e-01 -1.215310e+00 -3.262686e+00 6.393222e-01 1.986773e+00 -2.716860e-02 
1.840960e+01 -4.635678e+00 -7.827985e+00 5.656482e+00 5.212407e+00 -1.267033e+01 -7.239720e+00 -1.117973e+01 -1.614895e+01 -2.747006e+00 4.903670e+00 -1.170108e+00 7.481954e-01 -1.000843e-02 2.208356e+00 -1.036210e+00 -1.712186e+00 -1.461447e+00 4.561332e+00 9.395427e-01 5.411097e-01 -6.508724e-01 -2.014482e+00 -1.766871e+00 3.596668e+00 -3.427836e-02 
1.808423e+01 -2.007533e+00 -9.158525e+00 4.292642e+00 3.667037e+00 -8.527559e+00 -5.578001e+00 -1.149413e+01 -1.399619e+01 -6.770243e+00 2.597892e+00 4.856787e+00 7.115595e-01 -2.342501e-02 2.432479e+00 -1.239289e-01 -1.585645e+00 -3.288669e+00 4.513379e+00 2.711817e+00 -8.314761e-01 8.352920e-01 -1.755975e+00 -1.687290e+00 2.512209e+00 -4.019917e-02 
1.794799e+01 9.900655e-01 -8.770304e+00 1.758893e+00 -2.597645e+00 2.158306e+00 -5.945098e+00 -1.029031e+01 -1.461677e+01 -4.666070e+00 -3.123017e+00 8.678210e+00 6.635048e-01 -2.595754e-01 2.543279e+00 6.919416e-01 -1.902250e+00 -3.884477e+00 3.903479e+00 3.297196e+00 -4.912031e-01 1.174766e-01 -7.229018e-01 -1.231442e+00 5.958734e-01 -4.190599e-02 
1.803146e+01 3.070469e+00 -6.734818e+00 1.491559e+00 -7.899459e+00 8.478484e-01 3.756150e+00 -1.633726e+01 -1.119773e+01 -7.303547e+00 -7.791629e-01 4.444988e+00 6.204119e-01 -3.857101e-01 1.925294e+00 1.290134e+00 -1.507005e+00 -3.362226e+00 1.680983e+00 3.157139e+00 6.185101e-01 -1.020608e+00 2.753600e-01 -8.234278e-01 -8.344094e-01 -4.077451e-02 
1.713810e+01 5.541716e+00 -5.580130e+00 -2.454223e+00 -8.426731e+00 2.159363e+00 4.579185e+00 -1.121418e+01 -1.696080e+01 -6.094862e+00 4.349896e-01 2.015158e+00 5.842392e-01 -4.652207e-01 7.428351e-01 1.221553e+00 -6.034771e-01 -1.464163e+00 -9.065368e-01 2.188606e+00 1.747232e+00 -8.047214e-01 5.876689e-02 1.705945e-02 -1.312716e+00 -4.079394e-02 
1.656062e+01 5.343111e+00 -4.302941e+00 -1.135827e+00 -1.022955e+01 -1.231750e-01 4.945554e+00 -7.939640e+00 -1.792722e+01 -4.679047e+00 -3.298250e+00 4.016266e+00 5.473198e-01 -1.067515e+00 -2.499830e-01 5.148864e-01 -1.027546e-01 1.559678e-01 -2.859481e-01 -2.242819e-01 3.373531e+00 -1.259466e+00 3.922083e-01 3.081508e-01 -4.167404e-02 -4.346369e-02 
1.635730e+01 3.567920e+00 -3.878477e+00 5.519962e-02 -8.753416e+00 -1.888866e+00 4.403227e+00 -5.752960e+00 -1.527564e+01 -5.684486e+00 -1.778176e+00 2.328993e+00 4.960812e-01 -1.666016e+00 -3.890648e-02 5.335879e-01 -2.846694e-02 1.257103e+00 1.597521e-01 2.946463e-01 3.627707e+00 7.123283e-01 -3.052161e-01 1.752486e+00 9.648182e-01 -7.369240e-02 
1.308428e+01 2.807452e+00 -5.011212e+00 -2.769260e-01 -6.956278e+00 1.442223e+00 2.722720e+00 -2.200215e+00 -1.833764e+01 -5.547694e+00 1.868174e+00 4.079700e+00 4.471725e-01 -2.082691e+00 3.680563e-02 4.915778e-01 -8.666335e-01 2.085911e+00 1.542323e+00 1.233001e+00 3.790553e+00 1.444059e+00 -5.271233e-01 2.886894e+00 8.483683e-01 -1.065859e-01 
1.054619e+01 6.615013e+00 -2.558055e+00 -3.026008e+00 -3.777852e+00 2.175425e+00 7.163834e+00 4.054640e+00 -1.319394e+01 -7.186619e+00 6.614206e+00 6.807532e+00 2.658509e-01 -2.335241e+00 -5.236868e-01 1.490144e-01 -7.265993e-01 1.977802e+00 1.798280e+00 2.230731e+00 3.176171e+00 2.389376e+00 -1.754988e-01 2.803345e+00 3.358947e-01 -1.235808e-01 
9.052720e+00 4.003593e+00 -2.505263e+00 -3.928390e+00 -2.287776e+00 5.556292e+00 9.730255e+00 6.109322e+00 -1.174777e+01 -6.563597e+00 6.940030e+00 6.018838e+00 1.295056e-01 -2.412889e+00 -1.517123e+00 -5.533643e-02 -2.366863e-01 1.598612e+00 2.264465e+00 2.439974e+00 1.501400e+00 3.685992e+00 3.116550e-01 1.187049e+00 -3.580101e-01 -1.226313e-01 
6.696879e+00 3.514158e-01 -4.386379e+00 -1.752065e+00 -1.198658e+00 5.045499e+00 1.205312e+01 5.973127e+00 -6.623692e+00 -6.054029e+00 9.702621e+00 3.038898e+00 3.701073e-02 -2.859005e+00 -2.083911e+00 -5.496558e-01 3.113782e-02 7.692420e-01 1.582159e+00 7.821574e-01 3.579471e-01 3.322212e+00 1.534050e-01 -2.344819e+00 -1.756093e+00 -9.521061e-02 
2.944495e+00 -1.646364e+00 -4.373732e+00 -2.097329e+00 -2.528141e-01 1.132951e+01 1.247795e+01 4.347539e+00 -3.192805e+00 -4.555714e+00 6.259209e+00 4.173967e+00 -5.156410e-02 -3.105066e+00 -6.238787e-01 2.375599e-01 3.824997e-03 6.872294e-01 1.472916e+00 5.243538e-01 6.478090e-01 2.217031e+00 -1.034309e+00 -4.672904e+00 -2.488002e+00 -7.182746e-02 
-6.947193e-01 -9.795631e-01 -4.372100e+00 -3.785850e+00 -9.491235e-01 7.199609e+00 9.700775e+00 6.725266e+00 -8.603663e-01 -7.423536e+00 -4.769478e+00 -1.050496e+00 -1.196673e-01 -2.799255e+00 1.100838e+00 1.127046e+00 -7.272580e-01 7.366117e-01 7.588199e-01 -1.156800e+00 2.418604e-01 9.890820e-01 3.319698e-01 -4.143839e+00 -1.329594e+00 -4.763354e-02 
-2.776813e+00 1.549689e+00 -1.324603e+00 -2.892373e+00 1.023603e+00 1.184381e+01 1.352819e+01 8.972297e+00 -3.544275e+00 -1.105039e+01 -9.188440e+00 -4.376473e+00 -1.512927e-01 -1.925052e+00 1.650826e+00 1.508057e+00 1.791481e-02 4.269798e-01 -9.469315e-01 -2.087205e+00 -1.002970e+00 2.237757e-01 1.348867e+00 -1.423778e+00 -1.086245e+00 -2.310826e-02 
-4.438742e+00 4.257578e+00 -2.757139e-01 -4.990833e+00 1.846191e+00 8.582447e+00 5.743995e+00 4.870050e+00 -1.502547e+00 -1.146842e+00 -3.292752e+00 6.661471e-01 -1.512927e-01 -1.229792e+00 1.638165e+00 2.211688e+00 8.949121e-01 1.107611e-01 -1.325958e+00 -4.024500e+00 -2.539721e+00 8.746542e-01 2.368544e+00 2.252067e+00 8.596899e-01 -6.325078e-03 
-4.808755e+00 3.989194e+00 1.118360e+00 -1.405263e+00 4.844275e-01 5.903435e+00 4.020309e+00 2.602957e-01 -1.752837e+00 -9.497241e-01 -1.598046e+00 -2.115579e+00 -1.512927e-01 -2.446525e-01 1.006510e+00 8.561310e-01 9.742107e-01 -8.631412e-01 -2.574892e+00 -5.106670e+00 -1.976928e+00 2.009599e+00 2.266206e+00 1.267125e+00 4.926968e-01 8.662129e-03 
-5.827708e+00 5.991510e+00 5.464859e+00 -5.484343e-02 -1.257302e-01 3.540012e+00 -5.667783e+00 -1.617338e+00 2.617186e+00 -6.311473e-01 2.695660e+00 2.117505e+00 -1.512927e-01 6.414584e-01 9.202068e-01 1.280722e+00 1.794834e+00 -2.596936e-02 -1.209153e+00 -2.526701e+00 -6.276024e-01 1.585118e+00 3.241324e-01 -6.653174e-01 -1.463395e+00 4.417682e-03 
-3.305592e+00 5.715272e+00 8.576500e-02 -4.893141e-01 -2.306142e+00 1.490573e+00 -6.299268e+00 2.331353e+00 4.443855e+00 2.279419e-02 -5.847022e+00 -2.638669e+00 -1.079820e-01 1.765175e+00 1.879402e+00 9.100115e-01 2.113332e-01 2.252219e-01 -1.510327e+00 -1.801156e+00 -2.492429e-01 1.199965e+00 2.383525e-01 -6.976390e-01 -1.928522e-01 9.769047e-03 
-1.983031e+00 7.995574e+00 6.644194e+00 3.525362e+00 3.111629e+00 4.743111e+00 -1.729720e+00 6.965098e-01 3.324698e+00 -1.243997e-02 -4.494851e+00 -6.389281e+00 -1.508596e-01 1.549426e+00 1.370447e+00 8.409675e-01 2.858521e-01 6.256029e-01 -9.877754e-01 8.985683e-01 6.908643e-01 -4.823923e-04 -3.265761e-01 -1.316458e+00 -4.661686e-01 6.898534e-03 
2.094782e+00 1.238417e+01 5.078750e+00 -2.138700e+00 -8.142948e-03 -2.249749e+00 -6.954502e+00 -2.142843e+00 3.893233e+00 -6.731540e-02 -1.490986e+00 1.173554e+00 -1.026640e-01 5.737783e-01 8.744761e-01 7.152060e-01 2.953792e-01 1.826020e+00 2.626089e-01 9.492581e-01 8.375503e-01 -7.587238e-02 -8.429335e-01 2.992238e-01 3.955871e-01 2.065670e-03 
-7.807655e-01 9.509292e+00 7.173204e+00 2.199111e+00 1.853285e+00 4.712963e-01 -8.473237e-01 4.074081e+00 2.890085e+00 -2.218973e+00 -6.064648e+00 -2.119449e+00 -1.194590e-01 -2.918653e-01 -3.697182e-01 -3.407505e-01 -2.515135e-01 1.577582e+00 1.189653e+00 1.252455e-01 1.290830e+00 8.125583e-01 -8.731831e-01 5.830580e-01 4.093559e-01 -4.737377e-04 
-1.037833e+00 9.330792e+00 3.397290e+00 1.650708e+00 7.453132e+00 4.939525e+00 -1.994175e+00 4.830319e+00 4.281800e+00 -3.088606e+00 -3.566004e+00 -2.795650e+00 -1.133540e-01 -1.758258e+00 -1.776889e+00 1.141987e-01 6.559378e-01 1.103463e+00 2.000171e+00 7.161605e-01 1.147593e+00 8.901742e-01 7.716205e-01 1.333402e+00 -3.345676e-01 -1.256816e-02 
-1.876050e+00 7.673673e+00 5.781171e+00 3.730907e-01 7.268903e+00 7.096738e+00 -3.583656e+00 3.664079e+00 7.193206e+00 -2.867710e+00 -5.420516e-01 -2.357900e+00 -1.478833e-01 -1.140627e+00 -1.232478e+00 -3.996018e-01 5.491731e-01 7.599130e-02 8.518208e-01 2.448165e-01 2.042131e-01 8.755521e-01 1.483004e+00 1.732939e+00 9.881572e-01 -1.016060e-02 
-6.148866e+00 4.417538e+00 6.345759e+00 2.053998e+00 2.801363e+00 4.438387e+00 -2.005533e+00 3.800122e+00 6.192543e+00 4.115155e+00 2.414729e+00 -3.800587e-01 -1.512927e-01 -1.093320e+00 -9.791847e-01 -6.739753e-01 9.188876e-02 -1.627135e+00 -3.055732e-01 9.270085e-01 -5.391793e-02 -5.075560e-02 1.384498e+00 3.913605e-01 1.006682e+00 -5.534553e-03 
-3.928384e+00 5.803529e+00 3.700960e+00 4.743330e+00 4.559126e+00 4.980969e+00 3.824375e-01 5.610246e+00 6.312473e+00 1.594164e+00 -3.903191e-01 1.613541e+00 -1.512927e-01 -9.440373e-01 -3.643240e-01 -1.513428e+00 -4.554718e-01 -1.389556e+00 -2.427092e-01 1.736043e+00 1.716920e+00 -7.310055e-01 5.738432e-01 -7.663481e-01 3.836049e-01 6.435883e-03 
-5.478265e+00 5.369941e+00 1.067518e+00 -7.496834e-02 6.723479e-01 4.469543e+00 6.578201e-01 3.587647e+00 4.468388e+00 1.602945e+00 -1.685068e+00 2.520401e-01 -1.393220e-01 -6.754467e-01 -2.366307e-01 -1.591344e+00 -6.312632e-01 -1.833677e-01 1.010915e+00 1.389744e+00 1.396135e+00 -8.100437e-01 -1.738081e-01 -2.470324e-01 -2.918704e-01 4.646039e-03 
-6.931537e+00 5.375851e+00 8.531525e-01 -8.397846e-01 1.385629e+00 5.867614e+00 3.764880e+00 1.235492e+01 4.400256e+00 1.257611e+00 -2.323894e+00 -7.559255e-01 -1.216892e-01 -5.969472e-01 -2.220289e-01 -5.179124e-01 -4.526231e-01 -3.626069e-01 9.471097e-01 3.789602e-01 -1.349969e-02 -5.417006e-02 2.931299e-01 8.578333e-01 1.541320e-01 -1.879692e-04 
-8.024523e+00 3.448223e+00 -1.870551e-01 1.689240e+00 3.471272e+00 9.049641e+00 3.251965e+00 7.408462e+00 3.098433e+00 3.414392e+00 2.146354e+00 -6.546773e-01 -1.428642e-01 7.399921e-02 -1.887651e-01 -5.909354e-01 2.595882e-01 2.958269e-01 -3.238070e-01 -5.595686e-01 -5.857481e-01 6.770960e-01 3.051671e-01 1.493979e+00 2.234683e-01 -5.271351e-03 
-5.639991e+00 5.654244e+00 1.738685e+00 1.598111e+00 1.346629e+00 7.426469e+00 9.801662e-01 3.632339e+00 6.726601e+00 2.154091e+00 1.983137e+00 2.837560e+00 -1.504614e-01 -8.737774e-02 -8.887718e-01 -5.869583e-01 -3.491536e-01 1.703131e-01 -4.799461e-01 -6.794720e-01 -1.824293e+00 8.905084e-01 -5.190677e-02 7.811998e-01 1.032824e+00 -6.763542e-03 
-5.754042e+00 4.286919e+00 -2.329925e+00 4.024982e-03 2.170982e+00 2.071081e+00 -7.476659e-01 5.020195e+00 6.690696e+00 2.680541e+00 3.631313e+00 -4.273610e-01 -1.512927e-01 -3.538728e-01 -1.297130e+00 -6.081794e-01 -1.625431e+00 -2.926003e-01 -8.855506e-01 -1.833996e-01 -4.825422e-01 8.123415e-01 2.994075e-01 -3.125019e-02 2.439619e-01 -1.768816e-03 
-8.503666e+00 5.126437e-01 -1.010204e+00 -1.742945e+00 2.887340e+00 6.957164e+00 2.367336e+00 4.427584e+00 7.056666e+00 1.365002e+00 8.396254e-01 4.294538e+00 -1.512927e-01 -9.810699e-01 -1.456918e+00 -8.959400e-01 -1.296939e+00 -5.377933e-01 5.143896e-01 8.445663e-01 1.494334e+00 -2.891408e-01 9.610249e-01 -1.483125e+00 -1.164260e+00 1.275098e-02 
-8.362049e+00 -4.666283e-01 -1.853508e+00 -4.767385e+00 1.237916e+00 4.856541e+00 1.641382e+00 4.598128e+00 6.995108e+00 5.305973e+00 2.561858e+00 -1.633571e-01 -1.512927e-01 -6.801548e-01 -7.545208e-01 -3.373733e-01 -3.444231e-01 -8.014427e-01 9.975106e-01 4.623191e-01 7.399168e-02 -1.031605e+00 -3.967853e-02 -2.103175e+00 -1.413056e+00 8.995891e-03 
-9.241337e+00 7.464267e-01 -2.979224e+00 -2.500879e+00 -8.758037e-01 8.605687e+00 4.008474e+00 1.131504e+01 5.128691e+00 5.646499e+00 -4.897760e+00 -3.115740e+00 -8.670652e-02 -3.338634e-01 -2.607702e-02 7.648027e-03 2.712000e-01 -5.146449e-01 -3.431320e-01 2.044952e-01 -3.444783e-01 -3.493482e-01 -4.376437e-01 -5.698778e-01 -1.017285e+00 1.268637e-03 
-8.785980e+00 3.974234e-01 -3.032282e+00 -1.339124e+00 4.534030e-02 6.234372e+00 7.433604e-01 1.946425e+00 2.496660e+00 3.414001e-01 -4.015869e+00 -3.787502e+00 -1.386063e-01 -3.260086e-01 -2.129292e-01 5.303717e-01 8.171231e-01 1.887699e-01 -1.553607e-01 -4.442845e-01 -5.792481e-01 -1.240215e-01 -1.146437e+00 1.158769e+00 7.918605e-01 -6.458616e-03 
-9.961018e+00 -4.976726e-02 -3.825769e-01 -2.101076e+00 9.104030e-01 4.552588e+00 3.838823e+00 4.031044e+00 7.559149e+00 1.659070e+00 1.279100e+00 1.020185e+00 -1.512927e-01 -1.628101e-01 -5.289808e-01 7.490811e-01 3.695868e-01 5.572253e-01 -5.126886e-01 -1.024595e+00 -8.544849e-01 2.725270e-01 -6.931893e-01 2.961322e+00 1.520293e+00 -1.418587e-02 
-9.632252e+00 -1.133177e+00 -4.999728e-01 -8.816714e-01 1.288662e+00 6.106287e+00 -4.952151e-01 5.343886e+00 5.159770e+00 1.567502e+00 5.267276e+00 1.727983e+00 -1.512927e-01 -1.363777e-01 -4.144610e-01 4.947222e-01 2.134309e-01 2.864902e-01 1.297528e-01 -6.811188e-01 8.107764e-01 2.926843e-01 2.360636e-01 2.255446e+00 1.173877e+00 -2.537274e-03 
