-1.046779e+01 3.500287e+00 5.687214e-01 -8.000886e-01 4.629194e+00 -4.055899e+00 -7.419419e+00 2.248409e+00 -3.962150e+00 9.966710e-01 9.700975e+00 1.321214e+00 -3.935707e-02 -9.439862e-01 -3.888317e-01 -1.144210e+00 -7.484349e-01 -2.780166e-01 1.235281e+00 1.755081e+00 9.994593e-02 2.357318e+00 -1.841846e+00 -2.011262e+00 7.217483e-01 2.038513e-02 
-1.444664e+01 2.748913e+00 -3.430318e+00 -1.199484e+00 6.180193e+00 1.980329e+00 -2.848766e+00 2.939696e-01 4.705851e+00 -7.740552e+00 2.634199e+00 3.789848e+00 4.824477e-02 -2.522330e-01 -3.884076e-01 -2.127337e-02 -1.203248e-01 3.708534e-02 8.128551e-01 1.340115e+00 7.107544e-01 1.499110e+00 -6.237730e-01 -1.793626e+00 -3.365151e-01 2.961820e-03 
-1.319830e+01 1.931815e+00 -3.152808e+00 -4.342566e+00 2.463611e+00 -8.976089e-01 -9.293423e-01 3.725358e+00 3.490438e+00 -3.843946e+00 3.178051e+00 3.695639e+00 1.876765e-02 -1.202921e-01 -7.274535e-01 1.655600e-01 9.894130e-02 -2.044493e-01 5.955160e-01 4.963979e-01 5.199922e-01 8.291723e-01 6.158816e-01 -1.575113e+00 -8.415892e-01 -1.314159e-02 
-1.036370e+01 2.342484e+00 2.323120e+00 3.695259e-01 5.897411e+00 -1.570768e+00 -3.963884e+00 5.063706e+00 -1.928921e-01 2.981145e-01 3.994306e+00 -1.548574e+00 -5.361032e-02 3.955446e-01 -5.101919e-01 1.252653e+00 7.244987e-01 4.545143e-01 8.753842e-01 4.024387e-01 7.747076e-01 -2.528646e-01 2.546453e+00 2.287332e-01 -1.131270e+00 -2.435007e-02 
-1.311072e+01 6.623363e-02 -1.480197e+00 -1.089887e+00 3.748338e+00 6.972299e-01 -4.379870e+00 2.463501e+00 2.633083e+00 5.674553e-02 1.145357e+00 -2.175207e-01 -5.413747e-02 -3.137302e-01 -2.861655e-01 9.422634e-01 1.186030e+00 1.439351e+00 1.754865e+00 8.507304e-01 1.116222e+00 1.267057e+00 8.574783e-01 1.318882e-01 -3.959430e-02 -6.614828e-03 
-1.251270e+01 1.130744e+00 1.996642e+00 7.966704e-01 7.810401e+00 5.559831e+00 8.886912e-01 4.798436e+00 3.870206e+00 3.041366e+00 4.794212e+00 9.007967e-02 -3.705299e-02 -3.726559e-01 3.273519e-01 2.523719e-01 -1.644545e-01 5.567269e-01 3.842494e-01 8.038413e-01 7.282897e-01 2.788740e-01 -3.505793e-01 1.206632e-01 1.030955e+00 6.791902e-03 
-1.369245e+01 1.106857e+00 1.721748e+00 1.374014e+00 8.703875e+00 4.311415e+00 8.980222e-01 9.439104e+00 7.794176e+00 -9.281796e-01 3.437539e+00 2.678340e+00 -2.258515e-02 3.485321e-01 3.193479e-01 3.405220e-01 -2.373665e-01 9.289690e-01 -3.266455e-01 -8.302017e-02 2.998182e-01 -1.440619e+00 -1.107824e+00 2.328934e-01 1.530001e+00 4.370403e-03 
-1.193612e+01 3.458932e+00 1.984007e+00 -1.684697e+00 6.203278e+00 -1.456613e+00 -2.583624e+00 5.217353e+00 -1.379068e+00 -9.623194e-01 3.451531e+00 2.158273e+00 -3.542697e-02 -4.441786e-01 -5.715379e-01 -3.980847e-02 -1.503837e+00 -1.128562e+00 2.748018e-01 -1.002182e+00 -1.689999e+00 -8.322872e-01 -2.901590e+00 1.812105e-01 2.070628e+00 1.701865e-02 
-1.165635e+01 4.988791e-01 2.287301e-01 -1.036036e+00 9.196745e+00 2.572225e+00 -3.058813e+00 3.753134e+00 -1.945378e+00 -3.480531e+00 2.981165e+00 6.398390e+00 -3.309846e-02 -3.147564e-01 -6.498547e-01 1.582041e-01 -8.169246e-01 -1.181333e+00 1.184823e+00 -4.587850e-01 -1.751168e+00 1.690728e-01 -1.904960e+00 -5.121806e-01 7.991303e-01 1.127753e-02 
-1.575165e+01 -1.422956e+00 2.544108e+00 -5.517488e+00 1.921156e+00 7.803435e+00 -2.143802e+00 -8.085752e-01 4.578547e+00 -1.019041e+01 5.928452e+00 8.583195e+00 5.329692e-02 -3.458893e-01 -1.375751e-01 2.743265e-01 1.076925e+00 2.739249e-01 9.556440e-01 -1.290824e-01 -6.366019e-02 1.581469e+00 2.076900e-01 6.746554e-02 3.369469e-01 3.206861e-03 
-1.335847e+01 2.985280e-01 2.232718e+00 -7.942133e-01 4.938268e+00 5.605507e+00 -1.615814e+00 3.696226e+00 5.660732e+00 -5.838935e+00 -3.618248e-01 3.461531e+00 -1.055944e-02 -6.113949e-02 7.281063e-01 -1.683537e-02 8.310987e-01 2.446837e-01 -1.106924e+00 2.469469e-01 6.301970e-01 6.817483e-01 1.465180e+00 3.586364e-01 -1.517767e+00 -5.864310e-03 
-1.281451e+01 2.871233e+00 2.353646e+00 3.579017e+00 9.702141e+00 1.804966e+00 -3.950536e+00 4.927506e+00 2.725223e+00 1.255333e+00 5.460354e+00 5.311437e+00 -3.066218e-02 1.077672e+00 1.471129e+00 -5.404080e-01 3.921206e-01 7.397507e-01 -2.261933e+00 -7.770874e-01 4.518444e-01 -1.528655e+00 2.739949e+00 1.778994e+00 -1.542487e+00 -1.824975e-02 
-1.343062e+01 1.992316e+00 2.397844e-01 -1.428795e+00 6.529671e+00 3.683996e-02 -9.207121e-01 4.036078e+00 2.390026e+00 -1.877500e+00 5.008396e+00 4.454329e-01 -2.044046e-02 7.054126e-01 8.004051e-01 -6.040969e-01 -9.289346e-01 -4.940961e-01 -1.112312e+00 5.406758e-01 4.692929e-01 -5.092270e-01 2.227618e+00 2.468448e+00 -9.346961e-01 -6.759810e-03 
-1.032721e+01 5.085793e+00 8.385350e-01 -3.239595e+00 4.824209e+00 -7.218961e-01 -6.376790e+00 1.280721e+00 -1.429376e+00 1.528617e+00 1.213831e+01 2.378809e+00 -3.301132e-02 6.605034e-01 -7.154240e-02 -3.545732e-01 -1.023759e+00 -1.348197e+00 -5.557966e-03 6.173134e-01 -2.117382e-01 2.740107e-02 4.916877e-01 8.842163e-01 -1.072662e+00 -8.121157e-03 
-1.107505e+01 3.193273e+00 -3.021133e-02 -2.029580e+00 4.906754e+00 1.307377e+00 2.300693e+00 7.866083e+00 5.191896e+00 5.162511e+00 8.641439e+00 2.543640e-01 -4.318392e-02 4.960645e-01 -3.564221e-01 7.348078e-03 3.415704e-03 -1.013775e+00 3.885666e-01 -2.199799e-01 3.369234e-02 -5.288455e-01 -1.492170e-01 -1.582421e+00 -6.149796e-01 -8.370077e-03 
-1.068977e+01 1.913042e+00 7.157777e-01 -1.239387e+00 3.772615e+00 1.141907e+00 -2.474671e+00 1.953813e+00 1.461292e+00 1.937664e-01 8.064914e+00 4.365993e-02 -5.989623e-02 3.425407e-03 -9.703153e-01 -1.391968e-01 6.973163e-01 -5.091389e-01 -3.089440e-01 -4.622837e-01 1.019788e-03 -6.517062e-01 -1.695551e+00 -3.074048e+00 -8.472327e-01 -5.765188e-03 
-1.076902e+01 1.796581e+00 3.379034e-01 -2.411820e+00 1.986594e+00 1.047771e+00 -3.971671e+00 3.867994e+00 -1.699536e+00 -1.956160e+00 -8.670094e-01 -1.461890e+00 -4.884839e-02 3.943196e-01 2.309384e-01 6.140318e-01 1.186895e+00 5.951325e-01 -7.281734e-01 -1.850248e+00 -1.086061e+00 -2.116009e+00 -2.844812e+00 -1.848213e+00 8.878236e-01 4.482269e-05 
-1.046310e+01 9.325628e-01 -4.150641e-02 4.381065e-01 3.738593e+00 -2.136813e+00 -5.552027e+00 3.284864e+00 -1.242190e+00 -3.389801e+00 1.522297e+00 -9.992270e-01 -5.900502e-02 1.142518e+00 1.537060e+00 1.090878e+00 1.588506e+00 2.164220e+00 -5.186316e-01 -2.643045e-01 5.616677e-01 -5.764712e-01 -1.122790e+00 -4.672619e-01 1.487998e+00 8.609617e-03 
-9.216791e+00 4.838205e+00 3.418590e+00 3.066145e+00 7.899426e+00 -6.941299e-01 -5.411868e+00 1.770252e+00 -4.036408e+00 -7.269763e+00 2.671684e+00 5.214925e+00 -4.340541e-02 3.379665e+00 2.657050e+00 1.862051e+00 1.777382e+00 6.430961e-01 -1.448152e+00 5.269814e-01 7.421601e-01 -2.025888e-01 1.049833e-01 1.665614e+00 1.075303e+00 4.551537e-02 
-5.753297e+00 8.077533e+00 4.629825e+00 3.964160e+00 1.163730e+01 -5.802997e-01 -3.076096e+00 5.811023e+00 -2.526281e-01 -2.763382e+00 3.959257e+00 4.145244e+00 -1.956964e-02 5.650551e+00 1.613780e+00 1.548534e+00 1.329543e+00 -2.679769e+00 -2.948539e+00 1.483262e+00 4.724360e-01 -1.650353e+00 9.083942e-01 1.828902e+00 6.499324e-02 1.217525e-01 
3.774405e+00 1.150934e+01 7.312494e+00 4.712063e+00 1.252721e+00 -6.971245e+00 -2.574730e+00 6.315716e+00 -3.207262e+00 -1.744453e+00 6.242583e+00 1.342388e+00 1.590108e-01 6.123465e+00 7.404916e-01 7.125666e-01 -5.568177e-01 -5.798631e+00 -2.916641e+00 1.169930e+00 -1.211230e+00 -1.819526e+00 1.693051e+00 1.248907e+00 -9.479969e-01 1.621484e-01 
1.129406e+01 5.665892e+00 5.754210e+00 6.262864e+00 -6.336899e+00 -1.374095e+01 4.457123e-01 3.374312e+00 -9.908530e+00 -1.610485e+00 8.881358e+00 1.262008e+00 4.485494e-01 4.696846e+00 2.788320e-02 5.574992e-01 -1.489459e+00 -7.138537e+00 -2.325801e+00 1.871224e+00 -2.481946e+00 -2.285596e+00 1.476366e+00 6.568931e-01 -1.432021e-01 1.536220e-01 
1.287686e+01 9.746483e+00 6.419230e+00 -8.672950e-01 -1.210663e+01 -8.697010e+00 -1.323119e+00 -3.067541e+00 -8.306088e+00 6.190426e-01 6.455170e+00 1.916559e+00 5.332773e-01 2.257498e+00 -1.902283e-01 -1.566281e-02 -2.346630e+00 -4.395225e+00 -5.693606e-01 1.149206e+00 -2.556234e+00 -4.320214e-01 1.960471e+00 -3.336090e-01 6.750333e-01 1.033746e-01 
1.317971e+01 9.098379e+00 7.863953e+00 -6.934566e-01 -1.737571e+01 -1.134642e+01 5.654217e+00 -1.907081e+00 -9.131196e+00 3.436700e+00 7.137429e+00 3.142148e+00 5.614073e-01 8.981260e-01 5.574673e-01 -7.339379e-01 -2.523493e+00 -2.116962e+00 4.257721e-01 -1.362126e-01 -1.512080e+00 2.076671e+00 2.403031e+00 -1.668633e+00 7.754995e-01 5.488054e-02 
1.411907e+01 8.841959e+00 6.179309e+00 -3.542927e+00 -1.520399e+01 -1.101531e+01 5.670483e-01 -3.824757e+00 -5.756036e+00 5.534312e+00 5.446503e+00 3.777484e+00 6.194546e-01 9.317864e-01 -7.445094e-01 -1.539139e+00 -1.706854e+00 -1.242889e+00 2.869717e-01 -4.484463e-03 -4.269606e-01 2.527774e+00 1.715084e+00 -8.540476e-01 -2.995892e-01 5.452082e-02 
1.516358e+01 8.905491e+00 2.204481e+00 -5.016785e+00 -1.537303e+01 -1.045294e+01 -1.180434e+00 -3.807478e+00 -8.002014e-01 7.947034e+00 1.042528e+00 4.209043e+00 6.798635e-01 1.065310e+00 -1.235352e+00 -1.990595e+00 -1.683365e+00 -1.357363e+00 4.670525e-01 8.852501e-01 -1.582886e-01 2.381844e+00 1.341866e+00 -1.200857e+00 -1.321676e+00 5.822315e-02 
1.654385e+01 6.120380e+00 1.553273e+00 -7.239900e+00 -1.932241e+01 -7.708894e+00 2.071784e+00 -4.252145e+00 1.672856e-01 6.939298e+00 5.232382e+00 -1.148350e-01 7.466533e-01 8.402938e-01 -2.018432e+00 -1.513221e+00 -1.600596e+00 -2.747739e+00 1.780317e+00 3.886798e+00 -7.536526e-02 4.675273e-01 1.426884e+00 -1.644446e+00 -1.517343e+00 5.389880e-02 
1.729386e+01 4.282407e+00 2.239940e-01 -7.261796e+00 -2.210332e+01 -1.066437e+01 9.328100e+00 -2.484830e+00 -1.836360e-01 9.443536e+00 1.240203e+00 -1.520075e+00 7.889237e-01 6.248148e-01 -2.475727e+00 -1.152077e+00 -1.647619e+00 -2.753910e+00 3.308840e+00 5.204048e+00 -1.019341e+00 -8.812513e-01 8.671292e-01 -1.390089e+00 -1.340632e+00 4.653225e-02 
1.725540e+01 1.061340e+00 -3.965530e-01 -1.042340e+01 -2.557755e+01 -2.008011e+00 1.474677e+01 -4.862907e+00 -3.726682e+00 1.192048e+01 -2.874568e+00 -9.446714e-01 8.344185e-01 2.671355e-01 -2.354990e+00 -1.167199e+00 -1.436912e+00 -2.134010e+00 4.615939e+00 4.165446e+00 -1.016859e+00 -1.246480e+00 2.012856e-01 -2.265448e+00 2.373410e-01 4.080222e-02 
1.793188e+01 -9.436258e-01 -2.580990e+00 -1.166313e+01 -2.601501e+01 3.240818e+00 1.850231e+01 -8.598803e+00 -3.259474e+00 9.792088e+00 -1.854444e+00 -2.079200e+00 8.686422e-01 -2.813628e-01 -1.575338e+00 -2.100261e+00 -6.368145e-01 7.300091e-02 4.656097e+00 1.162162e+00 -7.897113e-01 1.719439e-01 -1.273549e+00 -1.940947e+00 1.534746e+00 3.228906e-02 
1.756052e+01 -3.041552e+00 -2.880233e+00 -1.222379e+01 -2.803662e+01 8.418209e+00 1.831191e+01 -6.279455e+00 -4.527195e+00 7.771450e+00 -4.547536e+00 1.351432e+00 9.108052e-01 -7.769634e-01 -1.489942e+00 -9.188343e-01 -4.866077e-01 1.605842e+00 2.476117e+00 4.582502e-01 -1.110673e+00 7.384439e-01 -1.130221e+00 -7.550392e-01 1.497679e+00 2.434462e-02 
1.573449e+01 -1.542838e+00 -9.035472e+00 -9.545671e+00 -2.050878e+01 7.403003e+00 1.335634e+01 -5.725113e+00 1.076340e+00 5.150306e+00 -7.628046e+00 5.005601e+00 9.121757e-01 -1.279102e+00 -1.679255e+00 5.035061e-01 -4.423468e-01 2.232224e+00 1.393950e+00 3.783087e-01 -1.604736e+00 1.276078e-01 -6.970511e-02 -1.601627e-01 8.521762e-01 1.983340e-02 
1.446928e+01 -6.088765e+00 -1.763483e+00 -1.391517e+01 -2.030145e+01 8.291483e+00 1.961101e+01 -1.185312e+01 -2.202370e+00 8.590266e+00 -3.762963e+00 3.001323e+00 9.343748e-01 -1.148870e+00 -1.444025e+00 1.966683e-01 -4.117249e-01 3.826772e+00 -6.404462e-01 1.032570e+00 -1.646017e+00 -3.858498e-01 -1.003194e-02 7.557119e-01 -1.304654e-01 1.574354e-02 
1.308199e+01 -7.816295e+00 -6.218340e-01 -1.302918e+01 -1.872148e+01 1.027393e+01 1.974431e+01 -1.383565e+01 -3.783848e+00 9.034154e+00 -3.047545e+00 1.356736e+00 9.560243e-01 -2.099640e-01 -1.496636e+00 -2.012936e-01 -3.849801e-01 3.281201e+00 -7.270743e-01 1.120360e+00 -1.440452e+00 -5.938987e-01 -1.558740e-01 3.963896e-01 -2.184710e-01 1.592410e-02 
1.314242e+01 -7.124947e+00 -6.103710e+00 -1.254067e+01 -9.796408e+00 3.780513e+00 2.028077e+01 -1.045427e+01 -4.026350e+00 5.779366e+00 -3.059227e+00 2.523538e+00 9.675986e-01 -3.712063e-02 5.861654e-02 -1.357827e+00 2.271954e-01 1.806262e+00 8.067942e-01 -1.510040e-01 -1.154161e+00 -2.188823e-02 2.933789e-01 -1.676003e+00 7.400179e-01 2.876532e-03 
1.534810e+01 -8.507924e+00 -7.871826e+00 -1.215782e+01 -9.355295e+00 6.023117e+00 1.862326e+01 -1.362680e+01 -9.811635e-01 5.776386e+00 -5.997966e+00 4.152139e+00 9.751843e-01 -7.205205e-02 1.458332e-01 -9.409885e-01 8.939543e-01 4.761414e-01 3.063873e-01 3.364958e-01 -9.326433e-01 -2.262461e-02 3.870019e-01 -1.554219e+00 4.209997e-01 -6.211829e-03 
1.315062e+01 -5.449868e+00 -4.927624e+00 -1.321487e+01 -1.595323e+01 1.445086e+01 1.941651e+01 -1.772835e+01 -3.713153e+00 1.168604e+01 -1.066776e+01 5.303711e+00 9.391775e-01 -2.379682e-01 2.721401e-01 -8.515530e-01 4.850596e-01 2.806614e-01 1.589873e+00 -9.275059e-01 -1.450960e+00 1.296281e+00 -4.282268e-01 -9.941164e-01 3.296408e-01 3.362954e-04 
1.271763e+01 -7.924669e+00 -5.914820e+00 -8.222305e+00 -1.326236e+01 6.470695e+00 2.185892e+01 -1.486183e+01 -4.053569e+00 8.015824e+00 -7.014371e+00 2.071648e+00 9.391757e-01 -3.047916e-01 4.030418e-02 -8.935992e-01 1.509941e-01 1.257329e+00 1.447931e+00 -2.154891e+00 -5.753651e-02 1.084800e+00 -9.851807e-01 -2.265470e-01 4.617042e-01 9.773826e-03 
1.326781e+01 -6.055874e+00 -1.133998e+01 -1.208313e+01 -6.439569e+00 1.150609e+01 1.402541e+01 -1.709156e+01 3.991258e+00 2.518514e+00 -7.521606e+00 5.211987e+00 9.872843e-01 2.865264e-01 -1.095238e+00 -9.608997e-01 1.697336e-01 2.130930e+00 1.481989e+00 -4.227705e+00 8.780447e-01 1.710016e+00 -1.465787e+00 2.406795e-01 1.644656e-01 1.732625e-02 
1.376554e+01 -8.003400e+00 -9.133645e+00 -1.196872e+01 -7.825480e+00 1.473516e+01 1.054436e+01 -1.423288e+01 5.906299e-01 5.434248e+00 -8.703780e+00 6.506521e+00 1.000000e+00 8.933797e-02 -1.125350e+00 -1.289228e-01 3.680263e-01 1.236369e+00 1.976363e+00 -4.067992e+00 -1.002094e-01 1.900011e+00 -8.303156e-01 1.569594e-01 -7.565761e-02 6.745803e-03 
1.405930e+01 -1.088669e+01 -8.122709e+00 -1.049299e+01 -8.017021e+00 1.772857e+01 3.935270e+00 -1.365260e+01 2.514824e+00 5.647897e+00 -8.619662e+00 3.908602e+00 9.953966e-01 6.037622e-02 -1.693059e+00 5.793927e-01 1.712865e+00 4.354821e-01 -2.014168e-01 -2.478586e+00 4.035345e-01 7.027802e-01 3.451443e-01 -8.012104e-03 -9.701706e-01 -6.881392e-03 
1.276858e+01 -1.113601e+01 -8.168068e+00 -7.177241e+00 -6.291786e+00 1.324126e+01 6.564030e+00 -1.708235e+01 6.184703e+00 2.299555e+00 -5.680546e+00 2.345053e+00 9.688486e-01 -1.739438e-01 -1.112769e+00 -2.077123e-01 2.598505e+00 2.971827e-01 -1.319361e+00 -1.735523e+00 3.482595e-01 1.129801e+00 2.549713e-01 8.775616e-03 -1.479203e+00 -1.120316e-02 
1.406817e+01 -1.295486e+01 -8.925803e+00 -5.914541e+00 -5.029006e+00 1.124595e+01 3.622647e+00 -1.364915e+01 4.708123e+00 5.811582e+00 -9.073284e+00 2.441869e+00 9.684530e-01 -2.858492e-01 -7.442075e-01 2.775183e-02 2.425250e+00 6.118265e-01 -2.595495e+00 -1.112377e+00 1.210309e+00 1.025738e+00 3.688954e-01 -3.265792e-01 -1.339390e+00 -1.230370e-02 
1.289139e+01 -1.253316e+01 -9.770659e+00 -1.265421e+00 -7.833574e+00 1.137967e+01 2.023051e+00 -1.249331e+01 5.142983e+00 6.627262e+00 -8.433091e+00 -1.561244e-01 9.574560e-01 -2.282619e-01 -7.179564e-01 4.832626e-01 2.399127e+00 5.096933e-01 -3.257978e+00 -1.468276e+00 1.839226e+00 1.711668e+00 2.514372e-02 -8.568975e-01 -9.324349e-01 -1.019848e-02 
1.256865e+01 -1.390915e+01 -7.182654e+00 -1.322651e+00 -4.186994e+00 5.681901e+00 6.438751e-01 -9.895583e+00 8.164371e+00 5.328520e+00 -8.876286e+00 -1.537760e+00 9.395744e-01 -4.377377e-01 -4.085405e-01 1.841810e+00 2.329505e+00 -4.377264e-01 -2.736738e+00 -1.734264e+00 1.298463e+00 2.978802e+00 -1.485121e+00 2.931261e-01 -1.008576e+00 -1.806733e-02 
1.237703e+01 -1.424864e+01 -6.623329e+00 2.522449e+00 -4.164325e+00 -2.665986e-01 7.120357e-01 -9.763002e+00 1.301492e+01 2.666804e+00 -1.006353e+01 -3.273076e-01 9.322955e-01 1.656921e-01 -4.986610e-02 2.288510e+00 2.399802e+00 -1.161072e+00 -1.868624e+00 -2.834118e+00 1.321431e+00 2.144147e+00 -2.131508e+00 1.220459e+00 -4.878574e-01 -3.609272e-02 
1.213666e+01 -1.413982e+01 -1.290421e+00 3.839051e+00 -9.052261e+00 3.385396e+00 -4.393164e+00 -8.521983e+00 1.566616e+01 3.662064e-01 -6.792433e+00 -2.515421e+00 8.906966e-01 6.090600e-01 1.420575e+00 2.291526e+00 3.327749e+00 -2.892794e-01 -1.842759e+00 -3.038687e+00 1.340282e+00 -1.838800e+00 -1.370837e+00 2.531082e+00 -4.861149e-01 -7.055332e-02 
1.393584e+01 -1.266715e+01 -1.274227e+00 8.152740e+00 -1.120630e+01 3.184801e+00 -9.629021e+00 -6.572950e+00 1.211282e+01 -1.549121e+00 -3.372723e+00 -2.106581e+00 8.014313e-01 4.687904e-01 3.069303e+00 2.643466e+00 3.347358e+00 2.396168e+00 -2.924127e+00 -1.984579e+00 6.467740e-01 -6.628448e+00 -1.449337e+00 3.225398e+00 4.209154e-01 -8.834527e-02 
1.483454e+01 -7.597023e+00 1.600425e+00 1.250095e+01 -2.112403e+00 -5.257592e+00 -9.379030e+00 -4.789200e+00 -5.785797e-01 5.822952e-01 4.337213e-01 -3.078698e+00 6.522399e-01 -1.096292e-01 4.008154e+00 1.858351e+00 2.541184e+00 4.486936e+00 -3.916248e+00 -6.886225e-01 -6.909780e-02 -8.173105e+00 -1.137442e+00 2.184062e+00 8.880766e-01 -7.879378e-02 
1.337204e+01 -2.173532e+00 5.148577e+00 1.492829e+01 4.346588e+00 -1.056574e+01 -6.717927e+00 -8.395524e+00 -1.200495e+01 -4.687927e+00 2.450377e+00 2.058908e+00 6.097975e-01 -4.198182e-01 4.000544e+00 4.995951e-01 1.114951e+00 5.019969e+00 -3.129256e+00 -2.578099e-01 4.059719e-01 -6.817870e+00 -1.089890e+00 2.176537e+00 -1.473640e-01 -5.492724e-02 
1.187041e+01 6.541345e-01 4.789930e+00 1.315720e+01 5.605972e+00 -9.320574e+00 -9.291823e+00 -7.956185e+00 -1.314047e+01 -3.751601e+00 1.216331e+00 -1.577828e-01 5.925447e-01 -4.137352e-01 2.571985e+00 -2.382672e-01 -1.537842e-01 2.185503e+00 -4.716351e-01 -6.247997e-02 7.393862e-01 -3.219681e+00 -7.709950e-01 2.287627e+00 -6.167396e-01 -3.124167e-02 
1.331881e+01 3.209987e+00 -3.710046e-01 1.339937e+01 1.003436e+01 -1.042999e+01 -1.096167e+01 -2.959598e+00 -1.569558e+01 -4.831622e+00 7.118658e+00 -4.303859e+00 5.566427e-01 -1.699047e-01 1.747554e+00 -5.474440e-01 -7.354800e-01 2.265742e-01 9.141807e-02 -4.660218e-01 1.538827e+00 -2.439307e-01 8.450031e-01 2.111835e+00 -9.844773e-01 -2.854182e-02 
1.279248e+01 2.571145e+00 3.168880e+00 1.249649e+01 5.971228e+00 -7.683641e+00 -7.569556e+00 -3.810232e+00 -1.483167e+01 -3.200832e+00 9.537715e+00 -2.981013e+00 5.226089e-01 -2.618152e-01 1.672264e+00 4.893748e-01 -1.484925e-01 -4.505986e-01 -8.626734e-01 -3.779526e-01 1.746457e+00 1.252311e+00 7.903482e-01 1.823067e+00 2.331128e-01 -2.733566e-02 
1.206149e+01 5.605731e+00 3.221882e+00 1.158124e+01 5.296831e+00 -1.092711e+01 -9.909169e+00 -2.774366e+00 -1.237901e+01 -7.382958e-01 8.848862e+00 -1.451864e+00 5.020562e-01 -9.600930e-01 1.714216e+00 1.835074e+00 2.167574e-01 -1.091963e+00 -4.815698e-01 4.357917e-01 9.076479e-01 2.157016e+00 3.848028e-01 4.911275e-01 4.260434e-01 -2.190428e-02 
1.119000e+01 7.817585e+00 5.440361e+00 1.332380e+01 5.721743e+00 -1.338538e+01 -1.170784e+01 6.834836e-01 -8.537207e+00 -1.846523e+00 9.466562e+00 -4.182163e-01 4.831596e-01 -1.213558e+00 2.156689e+00 1.352481e+00 8.648672e-02 -2.599363e-01 2.430251e-01 -1.288443e-02 1.266345e+00 2.278979e+00 -4.030680e-01 -5.068876e-01 -7.923321e-01 -2.488381e-02 
9.319587e+00 9.157845e+00 7.668624e+00 1.406950e+01 4.699287e+00 -9.986971e+00 -6.713573e+00 -6.682165e-01 -8.057734e+00 -3.584763e+00 9.609872e+00 -3.455040e+00 4.668460e-01 -1.538088e+00 1.918783e+00 1.543687e+00 -5.385795e-01 9.421738e-01 1.566535e+00 7.325341e-01 6.479640e-01 1.610588e+00 -9.493483e-01 -1.342572e+00 -4.118487e-01 -3.899187e-02 
8.095642e+00 1.157853e+01 7.707914e+00 1.168479e+01 4.970318e+00 -6.938587e+00 -9.231776e+00 1.468420e+00 -5.597409e+00 -3.792939e+00 6.622771e+00 -5.941085e+00 4.157950e-01 -2.176173e+00 1.109674e+00 1.082988e+00 -4.298104e-01 1.990119e+00 3.147801e+00 7.656410e-01 9.130494e-02 6.043132e-01 -8.192176e-01 -2.707557e+00 -1.017520e+00 -6.336814e-02 
5.918224e+00 1.331917e+01 9.806539e+00 9.707850e+00 1.038341e+01 -6.317836e+00 -7.484530e+00 7.298565e-02 -5.795968e+00 -4.511829e+00 3.557896e+00 -7.496731e-01 3.407792e-01 -2.827294e+00 -1.153831e-01 6.591138e-01 -2.370688e-01 2.778256e+00 3.348897e+00 1.462278e+00 5.026150e-01 -1.451779e-01 -1.050329e+00 -2.994867e+00 -4.554369e-01 -9.343128e-02 
2.009817e+00 1.128529e+01 9.786346e+00 1.335557e+01 1.283027e+01 5.190566e-01 -7.494155e+00 7.694073e-01 -6.646524e+00 -5.479078e+00 -1.045235e+00 -6.858499e+00 2.293523e-01 -3.254749e+00 -1.231384e+00 -2.286842e-01 -2.770891e-02 2.708770e+00 2.380074e+00 1.017090e+00 -2.750966e-01 -1.138031e-01 -4.939584e-01 -2.622782e+00 -8.325725e-01 -1.039581e-01 
-1.773973e+00 8.727551e+00 9.924977e+00 1.204877e+01 1.466059e+01 3.028692e+00 -2.709951e-01 2.194365e+00 -8.259066e+00 -7.993339e+00 -1.530460e+00 -5.273518e+00 9.291095e-02 -3.104882e+00 -1.827472e+00 -1.600510e+00 -1.058093e+00 8.791103e-02 6.998674e-01 -4.903003e-01 -5.985763e-01 2.160667e-01 -7.101267e-01 -1.921836e+00 -1.516941e+00 -8.563127e-02 
-4.332005e+00 7.717421e+00 6.505274e+00 1.037579e+01 1.637558e+01 2.885172e-01 -7.753091e+00 -9.677529e-01 -4.934875e+00 -4.521976e+00 -3.946959e+00 -7.842025e+00 1.993883e-02 -1.531250e+00 -4.329343e+00 -1.698721e+00 -3.122201e+00 -4.929054e+00 -1.228811e+00 -7.645589e-01 -1.028432e+00 2.219918e+00 -5.802030e-02 -1.000578e+00 1.377780e+00 -4.466599e-03 
-6.435277e+00 5.965746e+00 3.444526e+00 5.907276e+00 9.050316e+00 -2.703229e+00 -9.806563e+00 -2.051316e+00 -5.571458e+00 -8.541014e+00 -4.600423e+00 -7.842613e+00 1.732957e-02 7.460203e-02 -5.516255e+00 -1.025740e+00 -3.162039e+00 -6.887651e+00 -1.502302e+00 -1.827630e+00 -1.678226e+00 2.920785e+00 4.009084e-01 -1.485867e+00 1.962602e+00 7.589847e-02 
-3.315779e+00 -8.980523e+00 4.532969e+00 8.153133e-01 -9.009859e+00 -2.759036e+00 -6.549166e+00 -2.249911e+00 3.109262e+00 -5.495342e+00 -4.513144e+00 1.314948e+00 2.448100e-01 7.127424e-01 -3.712862e+00 -9.563637e-01 -2.380206e+00 -4.601038e+00 -8.115743e-02 7.018260e-01 8.867172e-01 2.280408e+00 6.965208e-03 -1.613149e+00 1.043385e+00 5.496782e-02 
-1.909075e+00 -1.050475e+01 5.782429e+00 1.018811e+00 -7.084949e+00 -2.959040e+00 -1.001111e+01 -5.555683e+00 2.322793e+00 -5.502114e+00 -8.676703e+00 -3.899503e-02 3.599677e-01 4.781906e-01 -1.202200e+00 -1.123521e+00 -1.532333e+00 -5.924902e-02 1.940600e+00 2.867402e+00 3.608077e+00 2.406357e+00 6.425516e-01 -6.576149e-01 -2.011168e-01 7.410526e-03 
-3.031394e+00 -2.611638e+00 5.545049e-01 9.189935e-01 1.438020e+00 1.063526e-02 -4.141688e+00 5.218017e+00 2.520041e+00 -6.006600e+00 -9.974564e+00 -6.526910e+00 1.234589e-01 -3.990042e-01 1.660362e+00 -1.890138e+00 -3.864907e-01 3.447521e+00 1.536604e+00 2.308746e+00 3.825376e+00 7.045364e-01 -7.305498e-01 -3.355110e-01 -2.114532e+00 -5.426964e-02 
-4.186516e+00 -3.229698e+00 -1.838459e-01 -1.806229e+00 3.530131e+00 5.614938e+00 3.326706e+00 1.225511e+01 6.754937e+00 -5.072627e+00 -5.157787e+00 -4.927268e+00 1.150578e-01 -5.099327e-01 1.578853e+00 -1.992161e+00 -4.224793e-01 2.334876e+00 4.838194e-01 2.079097e+00 3.219903e+00 6.852452e-01 6.308226e-01 1.292887e+00 -1.615354e+00 -6.683384e-02 
-4.172080e+00 -4.316240e+00 -1.934583e+00 2.953799e-01 2.920204e+00 6.369970e-01 -1.674344e+00 7.971574e+00 4.415872e+00 -9.362835e+00 -7.950157e+00 -6.813577e+00 9.591675e-02 2.947845e-02 4.165138e-01 -1.007785e+00 -1.346550e-02 3.311593e-01 -8.865463e-01 2.774642e-01 -1.705368e-01 -7.957225e-01 7.697354e-01 2.565840e-01 -1.520787e+00 -2.277788e-02 
-3.888396e+00 -1.758187e+00 -2.933834e+00 -7.817791e-01 3.848341e+00 -8.531235e-01 -8.492953e-01 9.167057e+00 4.801103e+00 -6.698831e-01 -3.224474e+00 -7.972431e+00 3.956956e-02 1.511559e-01 9.872940e-01 -8.986405e-01 1.226807e+00 6.591038e-01 -1.759507e+00 -1.227271e+00 -1.107949e+00 -1.685173e+00 2.996020e-01 -1.045066e+00 -2.427665e+00 -2.039410e-02 
-3.033062e+00 -1.264824e+00 -3.109427e+00 3.394408e-01 2.934712e+00 -1.188066e+00 -6.663659e-01 5.909358e+00 -4.816556e-01 -4.359295e+00 -9.658300e+00 -1.260826e+01 4.731357e-02 -1.859901e-01 8.532089e-01 -4.084210e-01 3.539473e-01 2.000171e+00 3.717870e-01 5.898790e-01 6.666576e-01 6.612520e-01 1.341563e+00 1.137451e-01 2.755641e-01 -1.417494e-02 
-4.000246e+00 1.810646e-01 -4.089625e+00 4.305773e+00 6.818396e+00 -2.270067e+00 -3.313636e+00 7.746468e+00 7.778352e-01 -6.076387e+00 -9.529047e+00 -1.416825e+01 3.738886e-02 -7.265506e-01 2.749856e-01 -1.409303e-01 1.633597e-01 1.687069e+00 1.139981e+00 1.126200e+00 1.800608e+00 1.866585e+00 -7.631817e-02 -8.419126e-01 8.279701e-01 -4.897195e-03 
-5.046105e+00 -1.019821e+00 -3.398792e+00 -4.786599e-01 1.143603e+01 3.204404e+00 2.507222e+00 1.201516e+01 9.733767e+00 4.823327e-02 -4.229145e+00 -2.337846e+00 2.613240e-02 -8.801295e-01 4.931704e-01 -3.541537e-01 -4.858713e-01 1.748124e+00 4.537103e-01 3.624842e-01 2.845137e+00 2.733665e+00 1.265796e+00 5.397348e-02 2.173839e+00 -3.817630e-03 
-6.514627e+00 -5.057608e-01 -3.493803e+00 4.440696e-01 8.033026e+00 2.650547e+00 3.194913e+00 1.511720e+01 9.026317e+00 -3.255238e+00 -1.014861e+01 -8.967790e+00 2.567416e-02 -1.021583e+00 3.786007e-01 1.464215e-01 -3.387751e-01 6.712278e-01 3.542250e-01 4.865271e-01 8.612477e-01 3.542640e-02 -2.312893e-01 -6.494585e-01 1.525912e+00 -8.237320e-03 
-6.176518e+00 1.544441e+00 -5.178107e+00 -1.590638e-01 1.106802e+01 -1.379821e+00 -2.108220e+00 1.644968e+01 9.062429e+00 5.591094e-01 -9.078650e+00 -4.339301e+00 3.408277e-02 -1.298370e+00 5.524094e-01 6.344918e-01 3.797505e-02 -8.927364e-01 -1.689542e-01 -1.052484e+00 -1.311877e+00 -2.752882e+00 -5.259525e-01 1.460435e-01 -6.857699e-01 -1.586735e-02 
-8.542955e+00 7.919374e-01 -2.467860e+00 2.452100e+00 1.035854e+01 1.793170e+00 1.426720e+00 9.835446e+00 1.290636e+00 -7.488272e+00 -1.035159e+01 -5.537965e+00 -7.772923e-03 -1.006646e+00 2.893019e-01 1.367062e+00 -5.224068e-01 -1.216762e+00 -1.082688e+00 -2.038358e+00 -1.797061e+00 -1.929092e+00 7.613150e-01 1.979883e+00 5.813190e-01 -2.197944e-02 
-1.052379e+01 1.093377e+00 -7.393041e-01 -1.292800e+00 5.809592e+00 2.788321e+00 -1.871101e+00 8.096651e+00 -1.628018e-01 -4.650122e-01 -3.397441e+00 -7.481607e+00 -3.648078e-02 -1.542171e+00 -1.500650e-01 1.009668e+00 -9.417397e-01 -2.875954e+00 -2.121988e+00 -1.927987e+00 -2.457907e+00 -1.634429e+00 -5.673195e-01 2.506029e+00 1.883837e+00 -1.727849e-02 
-9.374220e+00 1.166281e+00 1.122107e+00 -1.601096e+00 4.578429e+00 -4.846962e+00 -7.115438e+00 1.030840e+01 3.993470e+00 1.063398e+00 -3.089804e+00 -4.490042e+00 -4.894125e-02 -1.257428e+00 -1.890746e-01 9.399176e-03 -1.706964e+00 -2.994396e+00 -2.427075e+00 -1.986174e+00 -1.607204e+00 1.335572e-01 2.324024e-01 1.758169e+00 3.688508e+00 -5.077791e-03 
-1.347174e+01 6.069444e-01 -1.924749e+00 -2.841164e+00 -4.216914e-01 -8.669695e+00 -7.477074e+00 3.923660e+00 -4.611325e-01 -6.553323e+00 -1.793969e-01 4.555923e+00 -3.172553e-02 -7.610003e-01 3.434698e-01 2.930169e-01 -2.207527e-01 -8.241318e-01 -5.519551e-01 -2.045466e-01 -2.236872e+00 -3.682348e-01 -1.179896e+00 1.088638e-01 2.564397e+00 8.827126e-03 
-1.335612e+01 8.978057e-02 -1.828142e+00 -5.308537e+00 -1.497796e+00 -4.613195e+00 -5.701161e+00 3.885923e+00 2.107587e+00 -3.282105e+00 -3.169764e+00 6.885808e+00 -3.553951e-02 -5.204481e-01 5.782336e-01 1.183913e-01 5.324712e-01 5.595047e-01 1.410150e+00 2.129639e+00 -1.203768e+00 -4.680851e-01 8.395298e-01 9.198397e-01 2.480530e-01 9.002847e-03 
-1.233784e+01 3.348976e+00 2.200905e+00 -5.428431e-01 4.727045e+00 -8.833778e-02 -3.600972e+00 1.235328e-01 -1.061034e+00 -4.191741e+00 -2.813142e+00 -3.475484e-01 9.539723e-04 9.921856e-02 4.960176e-01 3.093154e-01 1.143317e+00 2.697916e+00 3.083408e+00 3.032749e+00 1.711493e+00 6.690265e-01 2.384202e+00 1.456104e+00 -2.004089e+00 7.441401e-04 
-1.254341e+01 2.686433e+00 -3.487638e-01 -8.790088e-02 4.801584e+00 -2.086891e+00 1.594704e+00 6.189630e+00 1.952996e+00 4.080256e+00 2.826267e+00 -7.980411e-01 -2.026677e-02 2.417824e-01 6.622066e-01 9.597011e-02 8.868326e-01 1.914146e+00 1.853718e+00 1.962081e+00 2.618787e+00 1.521013e+00 1.661221e+00 3.290162e+00 -1.837925e-01 -1.600915e-03 
-1.338200e+01 1.788706e+00 -1.117862e+00 2.651005e-01 9.918199e+00 5.484192e+00 4.038737e+00 1.132927e+01 2.961296e+00 1.686508e+00 4.103108e+00 -1.622597e+00 -3.564119e-02 3.527912e-01 8.254023e-02 -2.232969e-03 -6.891701e-01 -4.305740e-01 -1.002458e-01 2.211147e-01 1.800877e+00 1.154799e+00 6.591114e-01 2.608769e+00 1.673428e+00 -8.580327e-03 
-1.162513e+01 4.180948e+00 3.110919e-01 -1.278345e+00 5.477356e+00 1.869130e+00 2.893879e-01 1.137699e+01 7.701489e+00 2.084874e+00 9.822922e+00 6.604369e+00 -2.524650e-02 5.119234e-01 7.264308e-02 -3.870259e-01 -1.025431e+00 -9.848970e-01 -2.502014e-01 -1.881672e+00 -9.749398e-01 2.294766e-01 -8.223258e-01 1.309896e+00 1.790103e+00 -3.194284e-03 
-1.103302e+01 3.014420e+00 1.859812e+00 -3.393472e+00 2.236289e+00 -2.567577e+00 -1.842740e+00 6.534238e+00 1.838715e+00 1.015073e-01 6.732375e+00 4.318388e+00 -3.945780e-02 5.402157e-01 1.240089e-01 -9.586628e-02 -7.129312e-01 -1.734595e+00 -1.191574e+00 -1.742973e+00 -1.842651e+00 -4.242649e-01 -7.920738e-02 1.114452e-01 1.058869e+00 -3.382337e-03 
-1.115828e+01 2.436792e+00 -3.772730e+00 -3.385772e+00 3.718054e+00 6.879864e-01 -4.872918e+00 3.712448e+00 3.661669e+00 7.611279e-01 8.061111e+00 5.181982e+00 -3.432989e-02 1.964785e-01 -9.974917e-01 -3.298800e-01 3.120435e-01 -1.470002e-01 2.176319e-01 -6.837054e-01 -1.848221e+00 -1.431109e+00 -6.009189e-01 -1.534836e+00 -1.128501e+00 -3.940642e-03 
-1.091435e+01 3.280829e+00 4.447180e-01 -2.245842e+00 2.124876e+00 1.168947e-01 -2.094972e+00 5.948290e+00 2.859881e+00 1.952344e+00 5.541239e+00 4.382941e+00 -4.801118e-02 -9.794883e-02 -3.022401e-01 -2.636077e-01 1.272553e+00 9.931437e-01 3.771509e-01 2.754066e-02 -1.521604e+00 -5.657495e-01 -2.766069e-01 -1.815805e+00 -1.220391e+00 1.252840e-02 
-1.070207e+01 -9.397153e-01 -6.307609e-01 -2.919421e-01 4.798062e+00 1.615053e+00 -3.003024e+00 2.428859e+00 3.536102e-02 -1.845139e+00 2.744311e+00 9.295867e-01 -4.067302e-02 -2.809723e-01 -1.711881e+00 7.277919e-01 2.986251e+00 1.707257e+00 -9.243898e-01 3.745422e-01 -6.942101e-01 -1.256720e+00 -7.617609e-01 -1.636077e+00 -1.721097e+00 2.051154e-02 
-1.175087e+01 3.191473e+00 -1.029211e+00 1.422380e+00 6.662004e+00 -1.145356e+00 -2.639984e+00 -4.319890e-01 8.231215e-01 2.160633e-02 3.117511e-01 3.426315e-01 2.635574e-02 -5.225506e-01 -3.903111e+00 2.417054e-01 3.051508e+00 2.556342e+00 -1.131438e+00 1.888099e-01 1.236454e-01 -1.467853e-01 3.508199e-01 1.074874e-01 -6.325334e-01 5.117011e-02 
-1.214488e+01 -6.077933e+00 6.031936e-01 9.711374e+00 9.985773e+00 -3.302837e+00 -2.727701e+00 3.431537e+00 -1.603550e+00 -2.082308e+00 2.495472e+00 -1.403348e+00 3.104436e-02 -2.550995e-01 -1.565009e+00 3.728019e-01 1.300731e+00 1.130492e+00 -9.814944e-02 9.666491e-01 1.721024e+00 5.830421e-01 9.444475e-01 9.379026e-01 1.552100e-01 1.728118e-02 
-1.280570e+01 -1.366562e+01 1.036268e+00 8.010041e+00 1.231273e+01 -3.081352e+00 -1.288584e+00 6.065178e+00 2.945411e+00 3.825028e+00 6.203095e+00 2.386742e+00 1.719807e-01 1.608727e-01 2.061321e-01 1.871587e-01 -2.515118e-01 5.262591e-01 1.489124e+00 1.198102e+00 2.590335e+00 1.201824e+00 2.862110e-01 6.372886e-01 1.303941e+00 -2.131139e-02 
-1.145016e+01 -3.362139e-01 2.005094e-01 2.917883e+00 7.625159e+00 2.092304e+00 1.154522e+00 7.785393e+00 1.889427e+00 9.753873e-01 4.488152e+00 6.835812e-01 -2.707958e-02 3.213850e-01 2.987530e+00 -1.918880e-01 -1.674809e+00 -8.634567e-02 2.049510e+00 1.097223e+00 1.810003e+00 1.551894e+00 1.110275e-02 -3.688477e-01 1.787657e+00 -3.874871e-02 
-1.129387e+01 1.351274e+00 1.079249e-01 3.561567e+00 1.047361e+01 3.602693e+00 1.409414e+00 1.034276e+01 5.085751e+00 -7.618642e-02 2.501854e+00 5.818871e+00 -5.113924e-02 3.179945e-01 3.172127e+00 -1.949270e-01 -8.253263e-01 -8.298001e-02 1.487848e+00 5.650889e-01 1.111253e+00 7.477003e-01 -8.854004e-01 -9.388781e-01 1.199955e+00 -4.702995e-02 
