-3.569428e+00 7.293549e+00 -6.867854e+00 4.888196e+00 1.075738e+01 6.331512e+00 7.956846e+00 3.929395e+00 6.463238e+00 3.203625e+00 2.133580e+00 6.445127e+00 -1.512927e-01 2.215817e-01 1.922631e-01 3.471710e-01 3.997124e-01 -2.993127e-01 -8.169505e-01 -1.508891e-01 2.299024e-01 9.744976e-01 -1.330371e+00 -8.588328e-01 -1.608546e+00 0.000000e+00 
-3.416421e+00 6.984266e+00 -5.960849e+00 8.750821e+00 1.109002e+01 3.519286e+00 6.980603e+00 1.091385e+00 8.530769e+00 2.826877e+00 2.108548e+00 4.660606e+00 -1.512927e-01 1.590919e-01 -2.873877e-01 4.104713e-01 1.603544e-02 4.643970e-01 -8.852247e-01 -7.645282e-01 2.149095e-01 -1.066023e-01 -3.304673e+00 -1.244441e+00 -1.169237e+00 0.000000e+00 
-2.538024e+00 8.409506e+00 -5.585501e+00 4.955446e+00 9.094490e+00 3.652873e+00 7.690522e+00 6.497912e+00 1.030196e+01 -3.259856e+00 -2.148068e+00 -7.053441e-01 -1.512927e-01 3.438979e-01 -2.399252e-01 -1.697714e-01 -4.215506e-01 6.086556e-01 4.891113e-02 -7.720646e-01 1.757924e-01 -7.533475e-01 -2.450485e+00 -8.545590e-03 -1.493961e-01 0.000000e+00 
-3.289671e+00 5.298632e+00 -5.456674e+00 4.934749e+00 1.391080e+01 3.244709e+00 4.267367e+00 3.719684e+00 4.010866e+00 -1.008800e+01 -1.947801e+00 4.174178e+00 -1.512927e-01 4.482300e-01 -5.086948e-01 -1.017135e+00 -7.472392e-01 7.502471e-01 1.085122e+00 -3.823458e-01 -4.650851e-01 -1.366032e+00 -9.911709e-01 -4.313121e-02 8.260161e-01 0.000000e+00 
-1.913314e+00 6.936739e+00 -7.968798e+00 4.688479e+00 1.239026e+01 6.713357e+00 5.453141e+00 3.494208e+00 4.956453e+00 -2.591358e+00 4.119028e+00 5.941361e+00 -1.512927e-01 6.359872e-01 -4.394682e-01 -7.916561e-01 6.525773e-01 6.535233e-01 5.296017e-01 1.138471e-01 -1.499395e+00 -8.896839e-01 1.433253e+00 4.332420e-01 1.150544e+00 0.000000e+00 
-1.487626e+00 5.177175e+00 -9.854877e+00 5.148108e+00 1.319337e+01 7.414656e+00 6.187564e+00 2.678118e-01 4.373363e+00 -2.463226e+00 -1.240655e+00 5.467334e+00 -1.512927e-01 7.256342e-01 -3.982802e-01 -9.931623e-01 1.323669e-01 -3.463370e-01 -7.346213e-01 -7.401327e-01 -1.839783e+00 6.183852e-02 2.156877e+00 5.519024e-01 1.924654e-01 0.000000e+00 
-2.591105e-01 6.272893e+00 -7.344679e+00 8.111652e+00 1.272082e+01 4.215908e+00 7.299659e+00 7.268728e-01 5.672291e+00 9.402299e-02 -3.354303e-01 4.400797e+00 -1.512927e-01 7.195960e-01 -1.073018e+00 -7.619225e-01 5.000345e-01 2.421447e-01 -2.003016e+00 -1.997208e+00 -1.400954e+00 2.220742e-01 -2.692516e-01 -6.644727e-01 -4.049082e-01 0.000000e+00 
-4.886017e-01 3.639154e+00 -1.073454e+01 3.884997e+00 1.201384e+01 8.203263e-01 -3.565555e-01 -4.095562e+00 3.962139e+00 -6.463070e-01 3.038940e+00 5.906787e+00 -1.512927e-01 6.930745e-01 -1.381435e+00 -7.798237e-01 9.449390e-01 7.319494e-02 -3.049575e+00 -2.171455e+00 5.858687e-01 -5.005401e-01 -1.827904e+00 4.063176e-01 5.721003e-01 0.000000e+00 
1.185154e+00 2.340661e+00 -1.133858e+01 7.820208e+00 1.419075e+01 -4.557133e-03 -1.260839e+00 -1.328874e+00 6.272436e+00 -4.846076e+00 -1.343134e+00 3.697094e+00 -1.512927e-01 1.655429e-01 -7.195576e-01 6.340549e-01 1.283444e+00 -1.203378e-01 -2.031733e+00 -1.738373e+00 6.866808e-01 -8.772966e-01 -1.971782e+00 5.177337e-01 1.263106e+00 0.000000e+00 
1.255614e+00 2.361147e-01 -1.175705e+01 1.001853e+01 1.282438e+01 -5.722988e+00 -3.894620e-01 4.225029e+00 1.570590e+00 -9.132699e+00 1.294784e+00 8.679687e+00 -1.512927e-01 -5.170465e-01 1.291677e+00 1.831830e+00 1.347714e+00 -3.649300e-01 5.568665e-01 3.093532e-01 3.249695e-01 -8.430506e-01 3.106824e-01 -2.813856e-01 1.980020e-01 0.000000e+00 
-3.035040e-01 4.376624e+00 -3.663154e+00 1.146211e+01 1.171386e+01 -2.671102e+00 -1.375752e+00 -1.858920e-05 2.481583e+00 -5.521690e+00 3.125316e+00 9.329878e+00 -1.512927e-01 -1.417549e+00 2.021186e+00 2.131969e+00 -1.343530e+00 -1.247051e+00 2.173649e+00 1.760372e+00 2.144288e-01 5.949997e-01 2.030026e+00 -7.275804e-02 -9.328914e-02 0.000000e+00 
-2.329505e+00 9.079559e+00 -5.413107e+00 8.802619e+00 1.142763e+01 4.937932e+00 1.247667e+00 -3.135142e+00 1.642313e+00 1.244912e+00 -6.022128e-01 4.080405e+00 -1.512927e-01 -1.789014e+00 1.916291e+00 1.031154e+00 -1.951195e+00 -8.913769e-01 4.008132e+00 2.762722e+00 2.081337e-01 1.500298e+00 2.549454e+00 -1.233918e-01 -7.493080e-01 0.000000e+00 
-4.110034e+00 8.024870e+00 -3.850699e+00 1.710511e+00 8.653872e+00 5.533228e+00 6.722456e+00 3.423355e+00 9.211574e+00 1.152489e-01 -7.584254e-01 5.530290e+00 -1.512927e-01 -1.370514e+00 5.666698e-01 -2.358432e-01 -1.414460e+00 -2.122699e-01 1.626801e+00 1.171190e+00 1.333717e+00 2.221315e+00 2.053424e+00 6.838242e-01 -8.336641e-01 0.000000e+00 
-5.786191e+00 7.993449e+00 -6.507504e+00 5.138346e+00 9.897492e+00 1.021550e+01 9.375048e+00 3.554010e+00 5.707084e+00 7.961040e-01 2.619696e+00 6.832942e+00 -1.512927e-01 -1.010467e+00 -9.492542e-01 -4.082269e-01 -1.190288e+00 -6.760963e-01 -5.262710e-01 -1.796145e-01 2.938497e-01 1.328593e+00 1.921463e-03 1.113243e+00 -2.039555e-01 0.000000e+00 
-5.427732e+00 7.753028e+00 -4.295171e+00 6.221944e+00 1.141758e+01 2.824119e+00 4.165082e-01 3.323992e+00 1.155577e+01 4.969836e+00 4.933483e+00 3.785289e+00 -1.512927e-01 -5.701399e-01 -1.166135e+00 -8.002284e-01 -4.305514e-01 -5.920703e-01 -1.728268e+00 -1.632111e+00 -1.881386e+00 -8.017704e-01 -2.786141e-01 -2.235069e-01 -1.381196e+00 0.000000e+00 
-6.722991e+00 4.469209e+00 -7.232006e+00 5.954616e-01 6.665296e+00 3.661131e+00 3.502569e+00 -1.616211e+00 7.113178e+00 -1.172774e+00 2.118048e+00 3.933127e+00 -1.512927e-01 -3.350487e-02 -1.324879e+00 -5.592265e-01 -1.026630e+00 -3.993729e-01 -1.172111e+00 -6.557174e-02 -1.422698e+00 -4.020348e-01 -4.954391e-02 -1.668055e+00 -1.195280e+00 0.000000e+00 
-6.492333e+00 3.956316e+00 -7.489591e+00 1.829197e+00 7.309619e+00 1.690731e-01 1.498142e+00 -3.398463e+00 4.499675e+00 -2.933824e-01 -1.625136e+00 7.421690e-02 -1.512927e-01 8.814754e-02 -3.391836e-01 -4.191195e-01 -5.520285e-01 2.969870e-01 3.804314e-01 1.260981e+00 -1.612673e+00 -1.600014e+00 -4.913632e-01 -6.485181e-01 4.298754e-02 0.000000e+00 
-5.421414e+00 3.267408e+00 -7.706428e+00 2.201568e+00 9.954610e+00 5.682472e+00 8.506371e+00 -1.982512e-01 7.224959e+00 3.179994e+00 -2.441268e+00 2.712078e+00 -1.512927e-01 3.193113e-01 2.923456e-01 -3.589389e-02 1.948826e-01 5.000995e-01 2.181172e-01 9.571552e-01 3.591699e-01 -3.107182e-01 1.098465e-01 5.223258e-01 -5.430272e-01 0.000000e+00 
-5.637782e+00 6.658010e+00 -6.153558e+00 2.658749e+00 1.125786e+01 3.715605e+00 4.219514e+00 -5.448351e+00 3.499811e+00 3.366363e-01 3.970550e+00 4.610752e+00 -1.512927e-01 -1.013014e-01 -5.532617e-02 1.127425e+00 3.625591e-01 -1.089190e+00 3.409452e-01 7.515187e-01 2.434643e+00 1.230933e+00 -2.105574e-01 1.713585e+00 -1.406056e-01 0.000000e+00 
-5.553710e+00 4.580090e+00 -8.079492e+00 1.155098e+00 7.191671e+00 2.978451e+00 6.927659e+00 1.204583e+00 6.059518e+00 -9.385514e-01 1.931834e+00 -1.050275e+00 -1.512927e-01 2.253209e+00 -3.050133e+00 3.829857e+00 -2.745493e+00 -4.243289e+00 -1.360184e+00 -1.485029e+00 2.148995e+00 -1.509797e+00 -8.486824e-01 -4.784616e-01 -1.233339e+00 1.510053e-01 
-6.932693e+00 3.023344e+00 -1.665932e+00 4.165227e+00 3.245137e+00 3.225809e+00 6.045092e+00 8.073337e+00 1.123706e+01 7.131035e-01 4.756241e+00 1.252365e+00 -1.512927e-01 3.812791e+00 -5.342927e+00 4.610486e+00 -4.088749e+00 -6.282753e+00 -1.200905e+00 -2.004779e+00 3.311265e+00 -2.444925e+00 -3.648718e-01 -2.275632e+00 -2.159151e+00 2.715153e-01 
6.492083e+00 -1.016593e+01 9.199043e+00 -1.227913e+01 -7.255473e+00 -8.735502e-01 1.684361e-01 3.785879e+00 -4.192651e+00 -1.251652e+00 -5.226420e+00 -1.775423e+00 6.037340e-01 3.875782e+00 -5.815164e+00 3.980617e+00 -4.631697e+00 -6.005338e+00 -2.127733e+00 -2.853247e+00 1.740114e+00 -3.373811e+00 -3.339158e-01 -1.911194e+00 -2.479211e+00 3.124904e-01 
7.403280e+00 -1.268362e+01 8.259605e+00 -1.106788e+01 -1.293233e+01 -3.629210e-01 -2.424772e+00 9.817324e+00 -3.598729e+00 -1.331173e+00 -3.828485e+00 -5.822431e+00 8.287703e-01 2.562190e+00 -4.306230e+00 2.102416e+00 -3.844540e+00 -4.296171e+00 -2.210730e+00 -2.518290e+00 5.748935e-01 -2.870265e+00 1.864011e-01 -1.497019e+00 -2.366500e+00 2.588046e-01 
6.657213e+00 -1.664225e+01 6.860826e+00 -1.438683e+01 -1.474629e+01 -5.865847e+00 -3.103644e+00 9.033160e+00 -3.391640e+00 -1.585992e+00 -3.331775e+00 -9.908934e+00 9.211277e-01 -4.830599e-03 -1.384561e+00 7.240335e-01 -2.202190e-01 -1.497693e+00 -7.616500e-01 -1.300872e+00 7.557045e-01 -2.924255e-01 1.315700e+00 4.696690e-01 -7.626790e-01 9.156599e-02 
5.795692e+00 -1.526965e+01 1.001526e+01 -1.400362e+01 -1.449031e+01 -5.331693e+00 -4.910321e+00 8.324163e+00 -3.514770e+00 1.812279e+00 -3.676179e+00 -6.513378e+00 9.840336e-01 4.968009e-02 -1.825142e-01 9.834134e-01 3.566318e-01 -4.175743e-01 4.857381e-01 -6.678313e-01 -7.334275e-01 -7.014422e-01 1.157403e+00 3.719981e-01 5.458274e-01 3.657774e-02 
7.271724e+00 -1.579572e+01 1.194139e+01 -1.191236e+01 -1.396495e+01 -2.197415e+00 -5.093149e+00 8.310982e+00 -5.696758e+00 3.755122e+00 -2.954229e+00 -5.243345e+00 9.839323e-01 3.105078e-01 5.461826e-01 1.053229e+00 9.180724e-01 -3.185938e-01 1.242112e+00 -2.310596e-01 -1.127735e+00 -1.066875e+00 4.546333e-01 2.006229e-01 9.754136e-01 1.435543e-02 
7.344425e+00 -1.401945e+01 1.063639e+01 -1.052196e+01 -1.541087e+01 2.315538e-01 -4.769176e+00 6.511275e+00 -5.953381e+00 1.785285e+00 -2.157267e+00 -5.426088e+00 9.802567e-01 1.383849e-01 4.598112e-01 1.660458e-01 8.553007e-01 -5.594082e-02 6.729864e-01 5.806379e-02 -1.220228e+00 -1.170111e+00 -1.401507e-01 1.635912e-01 2.132343e-01 3.484589e-03 
7.435386e+00 -1.453643e+01 1.181640e+01 -1.153730e+01 -1.587897e+01 -2.436908e+00 -4.329514e+00 4.300930e+00 -7.506711e+00 7.006714e-01 -3.088116e+00 -5.575510e+00 9.947933e-01 -3.157926e-01 4.973574e-01 -3.006268e-02 5.774187e-01 -1.285004e-01 3.466056e-01 -3.840466e-01 -8.724838e-01 -9.338435e-01 1.620076e-01 -2.679580e-01 2.462804e-01 6.727696e-04 
6.405786e+00 -1.360023e+01 1.090798e+01 -9.914648e+00 -1.381300e+01 -1.847014e+00 -5.001819e+00 4.228047e+00 -8.460348e+00 2.638751e+00 -2.791279e+00 -5.281124e+00 9.960260e-01 -4.737790e-01 4.512940e-02 2.100914e-01 -4.206381e-02 2.746906e-02 -2.867382e-01 -1.198033e+00 -8.587782e-01 -1.315921e+00 9.536338e-02 -6.334898e-01 -2.479749e-01 2.410483e-03 
6.162080e+00 -1.351854e+01 1.165528e+01 -9.328921e+00 -1.540638e+01 5.748971e-01 -6.897060e+00 5.090177e+00 -9.112492e+00 4.138427e+00 -3.977013e+00 -4.084425e+00 9.794115e-01 -4.184518e-01 1.975267e-01 1.707264e-01 4.545927e-02 1.327515e-03 7.879262e-02 -1.309952e+00 -4.349056e-01 -1.273850e+00 9.109113e-02 -4.013298e-01 -3.522933e-01 7.739902e-04 
5.612183e+00 -1.430275e+01 1.176741e+01 -1.183647e+01 -1.550982e+01 -2.708040e+00 -9.475571e+00 1.822761e+00 -1.173009e+01 5.432239e-01 -4.880268e+00 -7.411505e+00 1.000000e+00 -1.563738e-01 2.775095e-01 6.350738e-01 -1.272251e-01 -9.548302e-02 1.017885e-01 -8.742639e-01 -1.875973e-01 -9.902059e-01 1.070182e-01 -1.409454e-01 9.302683e-02 7.911503e-04 
5.739928e+00 -1.319754e+01 1.224032e+01 -1.034910e+01 -1.502393e+01 -1.612432e+00 -8.642401e+00 3.329045e+00 -1.224109e+01 2.203891e+00 -4.050270e+00 -6.271786e+00 9.966763e-01 -1.581349e-01 4.245299e-01 3.408276e-01 -1.956129e-01 2.339897e-02 -3.091629e-01 -6.156038e-01 -7.648903e-01 -7.740023e-01 -1.846208e-01 3.063161e-01 -3.431444e-02 -7.991016e-04 
5.834992e+00 -1.237319e+01 1.379083e+01 -1.004069e+01 -1.448165e+01 -2.444067e-01 -8.500469e+00 4.170627e+00 -1.184708e+01 4.141110e+00 -3.459377e+00 -3.722309e+00 9.913494e-01 -1.056107e-01 7.627630e-01 3.988686e-01 4.380571e-01 -3.379560e-01 5.637885e-01 -4.409026e-01 -3.821385e-01 -1.058216e-01 4.729156e-01 8.559410e-01 6.977872e-01 -3.811991e-03 
5.260001e+00 -1.236067e+01 1.234771e+01 -1.120488e+01 -1.580348e+01 -2.202734e+00 -1.046263e+01 9.179197e-02 -1.292401e+01 1.416380e+00 -3.155878e+00 -6.100595e+00 9.797413e-01 -2.779508e-02 3.894362e-01 4.271789e-01 3.737510e-01 -5.182489e-01 3.341357e-01 -9.296533e-01 -1.201494e+00 1.681129e-01 1.042637e-01 1.301465e+00 3.605604e-01 -2.334613e-03 
5.324093e+00 -1.090737e+01 1.370806e+01 -9.218292e+00 -1.680983e+01 4.060540e-01 -1.076997e+01 1.530695e+00 -1.191774e+01 3.301557e+00 -1.047759e+00 -4.008164e+00 9.894075e-01 -4.609394e-02 -5.883045e-02 9.529038e-02 9.564285e-02 -1.404934e+00 -5.312997e-01 -1.703956e+00 -1.979481e+00 -6.605682e-01 -5.437630e-01 8.179854e-01 -2.657045e-01 -4.020763e-03 
5.856402e+00 -1.198327e+01 1.441760e+01 -8.891538e+00 -1.645108e+01 -2.669837e-01 -1.215592e+01 -1.358458e+00 -1.136519e+01 3.144985e+00 1.251246e+00 -4.326056e+00 9.859741e-01 3.620749e-01 -3.933872e-01 5.649446e-01 -1.068038e-01 -1.242306e+00 -7.444448e-01 -1.791329e+00 -1.806739e+00 -1.090554e+00 9.977482e-02 5.120182e-01 2.882441e-01 -8.410227e-03 
5.306322e+00 -1.285604e+01 1.323234e+01 -1.071914e+01 -2.118251e+01 -3.868780e+00 -1.617360e+01 -5.001651e+00 -1.592933e+01 5.579925e-01 -1.573012e+00 -5.938101e+00 9.681292e-01 4.707298e-01 -3.870794e-01 3.821903e-01 -7.871876e-02 -1.385408e+00 -1.070952e+00 -2.177742e+00 -2.371924e+00 -1.388754e+00 -2.184813e-01 3.717516e-01 2.883439e-02 -2.194998e-02 
7.079261e+00 -1.335327e+01 1.541029e+01 -1.098847e+01 -1.982866e+01 -3.787541e+00 -1.671746e+01 -5.675729e+00 -1.637099e+01 3.287036e+00 -3.331605e-01 -3.694406e+00 9.483293e-01 4.257780e-01 6.647947e-01 2.311911e-01 7.101401e-01 -9.464703e-01 -5.765306e-01 -1.462515e+00 -2.011374e+00 -9.845794e-01 2.191999e-01 2.756862e-01 5.606316e-01 -3.979435e-02 
7.066313e+00 -1.215776e+01 1.512266e+01 -8.563419e+00 -2.204808e+01 -3.188428e+00 -1.937791e+01 -8.170288e+00 -1.635861e+01 2.138126e+00 1.603203e+00 -4.179817e+00 8.984801e-01 2.985205e-01 1.913782e+00 2.945061e-02 1.175035e+00 1.263448e+00 -1.286412e-01 8.476055e-01 -1.226204e+00 5.826647e-01 7.913365e-01 6.789709e-01 8.895243e-01 -6.451713e-02 
7.105297e+00 -9.008432e+00 1.462839e+01 -6.418698e+00 -2.075065e+01 -3.489813e+00 -1.786634e+01 -9.831009e+00 -1.607345e+01 3.450918e+00 1.041570e+00 -2.402040e+00 8.218269e-01 -6.798774e-01 2.913079e+00 -8.612728e-02 1.295455e+00 1.249873e+00 -9.444634e-01 2.644927e+00 -1.121143e+00 1.093593e+00 6.061584e-01 -3.227172e-01 1.037636e+00 -6.886981e-02 
6.785907e+00 -5.459550e+00 1.377054e+01 -7.128851e+00 -1.440428e+01 -4.660851e+00 -1.136114e+01 -9.055033e+00 -1.316478e+01 4.432734e+00 1.134477e+00 -2.136662e+00 7.087947e-01 -4.725043e-01 1.971488e+00 5.860159e-01 1.036456e+00 2.248627e+00 -8.972707e-01 3.247193e+00 1.194978e-01 8.567612e-01 5.258514e-01 -2.237144e-01 1.348082e+00 -5.353955e-02 
3.820077e+00 -2.136983e+00 1.565572e+01 -5.228481e+00 -1.740120e+01 -7.773647e+00 -7.501211e+00 -1.083907e+01 -1.249994e+01 5.170524e+00 -1.712384e+00 4.721974e-01 6.988230e-01 -7.861918e-01 9.758092e-01 4.141832e-01 1.246851e+00 1.665650e+00 -1.255346e+00 1.922678e+00 9.565878e-03 1.485674e-01 4.148673e-01 5.585335e-01 1.135481e+00 -3.244906e-02 
6.346401e+00 -5.736048e+00 1.753908e+01 -3.976247e+00 -1.247967e+01 -5.532865e+00 -8.324511e+00 -7.068768e+00 -1.386156e+01 3.907580e+00 1.861608e+00 1.123472e+00 6.922843e-01 -7.619210e-01 1.765814e-01 1.971893e-01 1.466563e+00 9.005343e-01 -1.386213e+00 -6.289072e-02 -1.168074e-01 -9.112545e-01 2.385244e-01 8.805304e-01 5.181681e-01 -2.919221e-02 
3.394091e+00 -3.991138e+00 1.481504e+01 -1.760747e+00 -1.338471e+01 -9.330534e+00 -9.771257e+00 -1.077631e+01 -1.498222e+01 5.787831e+00 3.470672e+00 1.645297e+00 6.678368e-01 -3.526111e-01 1.779594e+00 -2.915791e+00 2.458908e+00 1.246429e-01 -8.521406e-01 1.028654e+00 -4.067671e-01 -7.142364e-01 -1.805164e+00 1.864768e+00 -2.831829e-01 -1.331912e-01 
3.189295e+00 -3.649566e+00 1.517683e+01 -1.529902e+00 -1.190985e+01 -1.081347e+01 -1.054057e+01 -9.670449e+00 -1.647991e+01 5.316702e+00 2.945601e+00 -1.323718e-01 5.783267e-01 -9.848576e-01 3.566076e+00 -5.815909e+00 1.708130e+00 1.933051e+00 7.862244e-02 1.973098e+00 -2.888700e-01 3.268426e+00 -2.313799e+00 1.372704e+00 4.686655e-01 -2.265145e-01 
3.635575e+00 5.717745e+00 2.257885e+00 5.842884e+00 -1.706289e+01 -9.394047e+00 -1.249915e+00 -1.157207e+01 -1.476195e+01 -4.559856e+00 7.069462e+00 -3.157952e-01 8.984601e-02 -1.208718e+00 2.891735e+00 -6.435434e+00 8.965080e-01 4.100774e+00 2.304927e+00 3.207500e+00 1.285432e+00 5.732974e+00 -1.663750e+00 6.318245e-01 8.189036e-01 -2.367878e-01 
1.301372e+00 7.239888e+00 -5.261894e+00 7.625886e-01 -9.753227e-01 -5.107996e+00 -2.719692e+00 -8.115241e+00 2.370440e+00 -2.487571e+00 6.925732e+00 4.447346e+00 -1.512927e-01 -1.755779e+00 1.413603e+00 -5.335202e+00 7.201295e-01 5.727129e+00 2.764209e+00 2.858065e+00 2.671067e+00 6.586569e+00 7.512732e-01 3.782069e-01 1.483112e+00 -1.700377e-01 
-1.705538e+00 5.022810e+00 -7.142772e+00 1.575547e+00 1.651898e+00 -6.586387e-01 2.355806e+00 -5.126758e+00 4.257477e+00 1.371217e+00 4.639729e+00 3.449955e+00 -1.512927e-01 -1.610586e+00 -9.157217e-01 -1.998334e+00 -2.520812e-01 5.572930e+00 2.508054e+00 1.768982e+00 2.930576e+00 4.909246e+00 2.090224e+00 -1.255672e+00 6.801213e-01 -4.822774e-02 
-2.919044e+00 3.765915e+00 -6.798852e+00 4.204414e+00 7.368393e+00 -1.360130e+00 1.946897e+00 4.622341e-01 6.943222e+00 6.107532e+00 6.051501e+00 5.400314e+00 -1.512927e-01 -6.269248e-01 -7.057052e-01 -3.790794e-01 1.832958e-01 1.306738e+00 1.230896e+00 1.399986e+00 2.087163e+00 1.408428e+00 1.897714e-02 -1.309147e+00 -7.098433e-01 0.000000e+00 
-2.307147e+00 2.876123e+00 -6.965307e+00 2.861566e+00 6.629903e+00 1.272293e+00 5.261700e+00 -1.207924e+00 7.497890e+00 1.593714e+00 1.228215e+00 2.608327e+00 -1.512927e-01 4.663386e-01 3.038520e-01 1.582746e-01 -4.499085e-01 -7.347565e-01 -1.190777e+00 -8.053616e-01 4.975300e-01 -1.191327e+00 -1.941713e+00 -2.213973e-01 -7.256482e-01 0.000000e+00 
-1.532448e+00 4.784706e+00 -7.246024e+00 1.036059e+00 3.069363e+00 8.101869e-02 2.827293e+00 3.611563e-01 7.792372e+00 -2.503934e+00 2.085756e+00 1.318944e+00 -1.512927e-01 1.239440e-01 5.599577e-01 -2.511851e-01 -1.629773e+00 -1.713408e+00 -5.766926e-01 -2.696973e-01 2.011382e-01 -1.459396e+00 -2.878930e+00 -6.845041e-01 -1.270454e+00 0.000000e+00 
-6.714249e-02 6.032675e+00 -6.127813e+00 9.101825e-01 1.276312e-01 -7.333100e+00 -2.111200e+00 -2.588569e+00 -2.123734e+00 -4.031613e+00 5.515615e+00 1.862400e+00 -1.512927e-01 -1.245975e-03 1.595757e-01 -6.134891e-03 6.742031e-01 2.862599e-01 -4.298437e-01 -3.784038e-01 -3.021177e-01 -1.166951e+00 -2.913080e-01 -1.167502e-01 -2.108925e+00 0.000000e+00 
-3.419326e+00 4.987428e+00 -8.473525e+00 -2.968760e+00 2.052488e+00 5.910349e-02 4.284860e+00 2.158247e+00 4.457056e+00 -5.474455e+00 4.852806e-01 -5.789915e-01 -1.512927e-01 3.234465e-01 -6.275551e-01 3.110715e-01 3.778558e+00 1.598200e+00 1.989399e-01 -6.077124e-01 -1.452658e+00 -1.012475e+00 1.216314e+00 -1.147009e+00 -2.860696e+00 1.862199e-02 
-1.369938e+00 3.572641e+00 -6.382231e+00 8.234990e+00 8.569639e+00 -8.659680e-01 2.640897e+00 -3.617058e+00 3.330795e+00 1.622434e+00 1.444702e+00 -6.987329e+00 -1.512927e-01 2.465122e-01 2.138766e-01 6.025971e-01 3.388519e+00 2.716839e+00 1.930146e+00 6.876623e-01 -4.171166e-01 8.679990e-01 3.587751e-02 -1.366149e+00 -8.603121e-01 9.310996e-03 
7.361822e-01 2.876948e+00 -5.563457e+00 1.626645e+01 6.839356e+00 -2.157848e+00 -2.587318e+00 -6.387888e+00 2.730846e-03 7.506142e-01 -1.613833e+00 -8.559674e+00 -5.818272e-02 2.725087e-01 -3.687771e-01 -8.380103e-02 1.200191e+00 1.774294e+00 1.918058e+00 9.834059e-01 1.920637e-01 5.781650e-01 7.178709e-01 -2.847242e-01 2.039296e+00 4.892826e-03 
-9.123354e-01 8.157299e+00 -4.569860e+00 8.235176e+00 1.131839e+01 3.426104e+00 4.763201e+00 -4.010845e-01 4.443424e+00 -6.964760e+00 -2.655709e-01 1.551181e+00 -1.512927e-01 2.616647e-01 -1.140403e+00 9.658847e-02 -2.231859e+00 -2.024475e+00 1.355940e+00 2.761985e+00 2.108988e+00 1.014094e+00 -1.800753e-01 -7.410479e-01 1.966520e+00 1.431938e-02 
-2.285583e+00 8.512142e-01 -9.798716e+00 3.032100e+00 9.549582e+00 7.503356e+00 8.140738e+00 1.510579e+00 6.791567e+00 2.408496e+00 -8.320361e-02 5.348235e+00 -1.268286e-01 3.250556e-01 -7.423574e-01 7.603438e-01 -2.694999e+00 -4.061498e+00 -4.303683e-01 3.186721e+00 1.697713e+00 2.608428e-01 -2.555284e-01 3.544975e-01 1.995965e-01 8.153916e-06 
1.449268e+00 -1.116507e+00 -3.781660e+00 3.692869e+00 -2.907848e+00 1.083128e+00 1.108680e+01 2.978649e+00 5.006847e+00 -1.068833e-01 -3.025852e+00 -4.108682e+00 -4.537284e-02 4.989367e-01 8.936546e-01 6.723551e-01 -1.010614e+00 -3.597539e+00 -2.850084e+00 -3.494186e-02 2.725204e-01 -9.620107e-01 4.401326e-01 -1.097264e+00 -2.216515e+00 1.572669e-03 
1.180658e+00 3.802064e+00 -2.155839e+00 5.062605e+00 -6.355014e+00 -3.138201e+00 1.018449e+01 4.108126e-01 1.025233e+00 -3.955966e+00 1.538795e+00 -4.731760e+00 -1.111019e-01 -8.246469e-02 2.953852e+00 4.569032e-01 -2.389539e-01 1.412676e-01 -1.808255e+00 -1.614315e+00 -5.165828e-01 -8.168942e-01 -1.625901e+00 -9.583926e-01 -7.952524e-01 -1.548481e-02 
-1.507730e-01 1.115015e+01 -5.029524e+00 2.166855e+00 1.282996e+00 -5.503535e+00 3.566614e+00 1.511401e+00 2.516537e+00 -1.581866e+00 -6.562890e+00 -4.491395e+00 -1.512927e-01 -1.368380e+00 2.430458e+00 -8.261202e-01 -6.092712e-01 3.520765e+00 4.574404e-02 -2.625134e+00 -7.164596e-01 8.375515e-01 -8.784177e-02 -6.765709e-02 1.962450e+00 -2.520305e-02 
-1.897886e+00 9.487147e+00 -6.890267e+00 2.600338e+00 8.160497e+00 1.755413e+00 3.829252e+00 -3.387111e-01 3.952251e+00 -4.983515e+00 -3.106647e+00 1.563330e+00 -1.512927e-01 -1.190891e+00 6.748300e-01 -2.793550e-01 7.092671e-02 3.800024e+00 1.463163e+00 -9.088041e-01 5.112888e-01 2.060788e+00 1.045489e+00 -2.863089e-01 1.901145e+00 -8.038163e-03 
-3.853359e+00 8.193243e+00 -5.545047e+00 1.877646e+00 7.438219e+00 -1.134959e+00 1.138745e+00 -2.288871e-01 7.731095e+00 -3.231788e-02 -1.041416e+00 2.556023e+00 -1.512927e-01 -1.233410e+00 -1.422075e+00 4.621460e-01 4.351109e-01 1.630880e+00 1.953432e+00 1.387165e+00 9.914473e-01 9.215105e-01 -7.149605e-01 4.234003e-01 8.478906e-01 0.000000e+00 
-2.922503e+00 8.654665e+00 -3.294853e+00 5.561843e+00 9.567493e+00 1.993327e+00 6.854406e+00 3.837401e+00 8.721894e+00 4.967065e-01 -2.653487e+00 1.250254e+00 -1.512927e-01 -8.066608e-01 -1.687067e+00 2.457270e-01 3.018878e-01 2.981084e-01 1.541544e+00 2.119743e+00 1.190283e+00 3.978490e-01 3.439430e-01 -1.248183e-01 -4.292796e-01 0.000000e+00 
-5.805516e+00 4.456013e+00 -4.516501e+00 2.861657e+00 8.733898e+00 4.144669e+00 8.989863e+00 4.380581e+00 4.739267e+00 -7.896779e+00 -4.672469e+00 -9.540480e-02 -1.512927e-01 -4.548961e-01 -1.023997e+00 -4.230144e-02 5.144345e-01 6.280456e-01 2.463724e+00 1.993630e+00 -3.381898e-01 -1.085266e+00 -5.811939e-01 7.601981e-01 1.536734e-01 0.000000e+00 
-4.955112e+00 2.920426e+00 -6.175905e+00 3.617772e+00 9.003200e+00 6.823320e+00 1.050241e+01 3.307969e+00 7.437409e+00 6.684310e-01 -1.915213e+00 7.426458e-01 -1.512927e-01 -2.740973e-01 -4.732079e-01 -1.320766e-01 1.704745e-01 5.328060e-01 6.870060e-01 -1.045591e+00 -1.863958e+00 -7.124823e-01 1.379600e+00 2.360214e+00 -2.851182e-01 0.000000e+00 
-5.111535e+00 5.940378e+00 -4.316028e+00 5.421854e+00 1.086059e+01 8.768664e+00 9.282897e+00 -1.655120e+00 2.947007e+00 -3.024150e+00 2.390437e+00 3.578194e+00 -1.512927e-01 4.031101e-01 6.072563e-01 1.780959e-01 7.535814e-01 2.696558e-01 -4.766821e-01 -1.389553e+00 -1.301485e+00 3.748781e-01 1.845652e+00 2.276612e+00 1.538696e-01 0.000000e+00 
-4.639979e+00 5.546444e+00 -4.055472e+00 5.134116e+00 1.116818e+01 3.116359e+00 1.479933e+00 -2.464539e+00 6.055613e+00 4.958390e+00 5.616128e+00 -2.012136e+00 -1.512927e-01 8.678417e-02 7.351062e-01 -9.726204e-02 5.368332e-01 -2.898722e-01 -2.812644e+00 -1.767020e+00 -1.142737e-01 2.486035e-01 -4.065870e-01 -5.088174e-01 -7.881670e-01 0.000000e+00 
-3.947532e+00 6.179286e+00 -4.686238e+00 5.871391e+00 8.999689e+00 3.614738e+00 6.553335e+00 7.594084e-01 7.304556e+00 -8.134971e-01 2.944919e+00 2.051334e+00 -1.512927e-01 -1.491301e-01 1.290644e-01 -5.867464e-01 -2.299068e-01 -1.098926e+00 -2.867604e+00 -1.142303e+00 7.608056e-01 7.208770e-01 -8.606863e-01 -1.662200e+00 -7.502807e-01 0.000000e+00 
-5.103192e+00 6.476502e+00 -6.477110e+00 6.077169e+00 8.484291e+00 -4.662936e+00 3.032089e+00 1.529336e+00 6.501653e+00 -2.469830e+00 -4.736540e+00 -2.434759e+00 -1.512927e-01 -3.980003e-01 2.784249e-01 2.396779e-01 -2.091941e-01 -1.317871e+00 -1.279803e+00 1.040085e+00 1.379405e+00 1.323442e+00 -1.434503e+00 -1.979195e+00 5.906412e-01 0.000000e+00 
-5.625579e+00 6.120670e+00 -6.038941e+00 3.800794e+00 6.707905e+00 -1.679707e+00 2.795302e+00 1.519702e-01 6.328372e+00 -3.613471e+00 -7.442280e-01 3.810194e-02 -1.512927e-01 -4.516878e-01 -1.017496e-01 4.578495e-01 -3.483321e-01 -2.635580e-01 7.624702e-01 7.618079e-02 7.969000e-01 7.154906e-01 1.015414e+00 -3.585861e-01 -2.755037e-01 0.000000e+00 
-5.790957e+00 6.967876e+00 -2.180731e+00 5.123445e+00 5.724713e+00 -6.354325e-01 8.559375e+00 4.736203e+00 1.316091e+01 -8.141365e-01 -2.435275e+00 1.947686e+00 -1.512927e-01 -1.861326e-01 -5.205472e-01 -3.064871e-01 -1.123058e+00 1.459355e-01 1.479791e+00 -5.668734e-01 -6.199436e-01 2.551650e-01 5.011606e-01 4.497442e-01 4.038792e-01 0.000000e+00 
-5.862088e+00 5.424851e+00 -4.545179e+00 4.606593e+00 9.061687e+00 5.413338e+00 4.170595e+00 3.140475e+00 7.552379e+00 3.435726e+00 1.356006e-03 -1.517407e+00 -1.512927e-01 -1.772671e-02 -7.738507e-01 -1.343909e+00 -1.239316e+00 3.579062e-01 7.412813e-01 1.356865e-01 -1.146225e+00 -1.129408e+00 3.354883e-01 5.075489e-01 3.761471e-01 0.000000e+00 
-5.915601e+00 4.221676e+00 -8.756427e+00 5.898142e-02 8.037077e+00 -8.105052e-01 -4.899249e-01 -3.064634e+00 7.165474e+00 -3.488626e+00 -2.860611e+00 3.623914e-01 -1.512927e-01 4.883308e-02 -8.487054e-01 -1.950527e+00 -1.444414e+00 1.512648e-01 2.200235e-01 2.705808e-01 -1.764908e+00 -2.283705e+00 -3.603809e-01 1.088775e+00 5.756490e-01 0.000000e+00 
-5.651891e+00 3.624516e+00 -9.470636e+00 1.364465e-01 7.341254e+00 2.114236e+00 7.998384e+00 -1.678735e+00 3.679053e+00 -5.987852e-01 2.006185e+00 2.711485e+00 -1.512927e-01 6.841049e-02 -4.197830e-01 -1.056512e+00 -8.862828e-01 -4.136690e-01 -3.673462e-01 1.614389e+00 -8.252519e-01 -1.123307e+00 -5.179182e-01 8.876454e-01 1.080688e+00 0.000000e+00 
