-3.187407e+00 2.896808e+00 2.413261e-01 -3.165268e+00 6.054645e-01 4.154938e+00 3.662548e+00 -3.199087e+00 -1.414388e+00 -2.159484e+00 -8.771534e-01 2.681914e+00 -1.512926e-01 -4.131966e-02 -5.804992e-03 -2.394140e-01 5.677615e-01 2.946118e-01 -3.425621e-01 -2.797833e-01 9.766622e-01 1.728072e+00 1.118156e+00 1.508259e+00 5.948373e-01 0.000000e+00 
-3.208492e+00 2.571963e+00 -1.433764e+00 -2.579491e+00 2.704887e-01 2.768207e+00 4.950201e+00 8.805500e-01 5.212629e-01 -9.805899e-01 4.606245e+00 6.428212e+00 -1.512926e-01 -1.058656e-01 1.989339e-01 8.130678e-02 7.435043e-01 3.706844e-02 -3.439176e-01 -6.671014e-01 7.875732e-01 1.535420e+00 1.801725e+00 1.366217e+00 -1.622364e-01 0.000000e+00 
-3.383462e+00 3.030206e+00 -1.181988e-01 -6.193481e-01 2.246011e+00 3.135492e+00 1.619805e+00 -3.555942e-01 6.258146e+00 2.841850e+00 3.922443e+00 3.782951e+00 -1.512926e-01 -2.372403e-01 2.319533e-01 6.417204e-01 6.808540e-01 -2.885907e-01 -1.101827e+00 -1.380147e+00 1.475176e-01 1.144708e+00 2.024725e+00 1.052143e+00 -5.680755e-01 0.000000e+00 
-3.618707e+00 3.824779e+00 8.276224e-01 -7.207060e-01 -2.946663e-02 2.945072e+00 1.348412e+00 -6.829672e-01 2.426445e+00 4.348475e+00 3.554135e+00 1.320213e+00 -1.512926e-01 -1.689916e-01 2.246289e-01 4.922138e-01 3.030929e-01 -4.836623e-01 -1.960837e+00 -1.674753e+00 -5.666849e-01 5.523266e-01 1.636689e+00 -1.759279e-01 -1.466968e+00 0.000000e+00 
-4.168501e+00 3.430167e+00 2.319235e+00 -6.903904e-01 -6.875114e-01 -1.442632e+00 -1.437294e+00 -1.679740e+00 3.356562e+00 5.299611e+00 4.909616e+00 2.395536e+00 -1.512926e-01 5.744238e-02 1.549619e-01 9.459243e-02 9.987220e-02 -5.193738e-01 -1.824749e+00 -1.272917e+00 -2.933644e-02 -2.874659e-01 7.346836e-01 -6.603636e-01 -9.699379e-01 0.000000e+00 
-3.660931e+00 3.495127e+00 -1.914114e-01 -1.028506e+00 -6.810617e-01 -4.746917e+00 -1.895015e+00 -1.290801e+00 4.733688e+00 5.973973e+00 3.233019e+00 -2.129183e-01 -1.512926e-01 -2.778706e-01 -2.442574e-01 -2.994624e-02 8.364258e-01 3.078071e-01 -3.014285e-01 4.764819e-01 -1.938315e-01 -7.668759e-02 -5.469913e-01 -1.752489e-01 3.979201e-02 0.000000e+00 
-3.075138e+00 3.969841e+00 8.642803e-01 3.391272e-02 -2.506065e-02 -2.142256e+00 -3.123068e+00 -1.983593e-01 3.667195e+00 5.702519e+00 7.811828e-01 -3.001728e-01 -1.512926e-01 -4.107889e-01 -4.464641e-01 -2.884831e-01 3.165521e-01 9.604138e-01 1.077549e+00 8.711764e-01 -7.420696e-01 1.930966e-02 -6.657850e-01 -1.332398e-01 6.782581e-01 0.000000e+00 
-5.554741e+00 2.333655e+00 1.405368e+00 3.099271e+00 1.178344e+00 1.787742e+00 4.573709e+00 -2.392815e+00 1.887690e+00 1.412064e+00 4.742106e+00 2.867028e+00 -1.512926e-01 -3.655543e-01 -6.397631e-02 2.588911e-01 4.826864e-01 1.009455e+00 1.072268e+00 1.208954e+00 -1.385860e-01 -2.187271e-01 -5.265594e-01 1.047289e+00 1.695442e+00 0.000000e+00 
-5.275540e+00 1.778583e+00 7.842934e-02 -1.171518e+00 3.184855e+00 6.777847e-01 -3.157740e-01 -4.839082e+00 4.876110e+00 4.251641e+00 3.488873e+00 4.246854e+00 -1.512926e-01 -2.125287e-01 -9.151841e-03 -1.578203e-01 -8.851530e-02 1.599263e-01 7.577528e-01 1.464089e+00 1.229137e-01 -1.764287e-02 -9.434788e-01 9.409035e-01 1.259824e+00 0.000000e+00 
-4.388501e+00 4.270875e+00 1.495970e+00 1.987642e+00 2.761257e+00 -7.955995e-01 2.746109e+00 3.366299e-01 3.035595e+00 4.066615e+00 7.115620e+00 5.990777e+00 -1.512926e-01 1.884559e-01 2.721068e-01 -6.428138e-01 -1.050001e+00 -7.029176e-03 8.857654e-01 -4.823093e-01 -4.597866e-01 -2.396435e-01 -1.512346e-01 -2.146282e-01 9.602360e-02 0.000000e+00 
-4.720901e+00 2.955472e+00 2.987802e-02 1.471511e-01 -1.688576e-02 2.938179e+00 5.111176e+00 -9.485134e-01 3.005028e+00 -3.421504e-01 4.298944e+00 4.437074e+00 -1.512926e-01 4.954292e-01 4.666219e-01 -5.114220e-01 -5.006334e-01 -3.257146e-01 1.161209e+00 -7.551461e-01 -7.919306e-01 -6.693012e-01 -3.452269e-01 -1.008973e+00 -7.886923e-01 0.000000e+00 
-4.889781e+00 3.105744e+00 -1.784425e+00 -2.810066e+00 2.744068e+00 5.086371e+00 -5.513129e-01 -6.637032e+00 1.625013e+00 2.952787e+00 3.263930e+00 3.252035e+00 -1.512926e-01 4.298174e-01 1.292230e-01 -1.045028e+00 -3.670513e-01 6.443861e-01 1.368114e+00 -1.252303e+00 -7.174523e-01 1.122724e-01 2.381208e-01 -1.349737e+00 -8.536586e-01 0.000000e+00 
-2.547754e+00 4.694258e+00 -8.384838e-01 -1.275831e+00 1.564876e+00 3.542847e+00 -2.442793e+00 -5.311903e+00 2.234895e+00 3.082421e+00 3.698509e-01 1.672763e+00 -1.512926e-01 7.703600e-01 2.807449e-01 -1.191530e-01 8.097078e-01 8.916499e-01 -1.670836e-02 9.975255e-03 -4.525023e-02 1.061469e+00 2.552750e-01 -1.894843e+00 -4.051450e-01 0.000000e+00 
-3.325988e+00 4.047597e+00 -3.294992e+00 8.638760e-01 5.192306e+00 5.742636e+00 2.615762e-01 -1.068937e+00 3.982024e+00 3.544934e+00 2.331482e+00 3.104640e+00 -1.512926e-01 7.000304e-01 3.708696e-03 5.357226e-01 1.170159e+00 -2.134434e-01 -7.433382e-01 1.317637e+00 7.830206e-01 4.603501e-01 -1.139252e+00 -1.359877e+00 1.724056e-01 0.000000e+00 
-1.650998e+00 3.888270e+00 1.893961e-01 2.358719e+00 3.217245e+00 2.526505e+00 4.754608e+00 -3.958812e+00 7.133870e+00 6.381507e-01 -4.709050e+00 2.485046e+00 -1.512926e-01 3.811522e-01 1.680676e-01 5.577374e-01 -2.641824e-01 -3.764042e-01 -7.828480e-01 7.713798e-01 4.127036e-01 -5.548999e-01 -1.295580e+00 3.639922e-01 6.673872e-01 0.000000e+00 
-1.838007e+00 3.527282e+00 3.802476e-01 1.223452e+00 8.506670e-01 1.877851e+00 2.438170e+00 -3.398475e+00 1.477276e+00 -1.521337e+00 -9.960048e-01 3.707922e+00 -1.512926e-01 4.209339e-01 -1.764571e-01 4.778097e-02 -9.019319e-01 -7.299055e-01 -8.190222e-01 -9.364548e-02 -2.794921e-01 -1.006369e+00 5.919601e-01 1.673761e+00 3.383243e-01 0.000000e+00 
-1.385983e+00 5.794754e+00 1.125832e-01 -2.776531e+00 1.853675e+00 1.560999e+00 3.258085e-01 -2.083617e+00 7.127690e-01 -8.623450e-01 3.853555e+00 4.708058e+00 -1.512926e-01 1.241450e-01 -8.818260e-01 -1.514961e+00 -8.480188e-01 8.311901e-02 6.830689e-01 -3.797106e-01 -6.460087e-02 -1.840535e+00 2.905058e-01 1.420968e+00 3.389452e-01 0.000000e+00 
-1.353826e+00 2.212070e+00 -3.017680e+00 -1.078158e+00 2.224564e+00 2.130277e+00 2.007748e+00 -3.403995e+00 2.160727e+00 7.254982e+00 6.418983e+00 3.684756e+00 -1.512926e-01 4.318555e-01 -1.275279e+00 -1.077039e+00 -2.058758e-01 4.775767e-02 -2.837593e-01 -1.915576e-02 1.150263e-01 -5.954545e-01 -5.404847e-01 -3.836863e-01 3.420911e-01 0.000000e+00 
-1.272364e+00 1.367455e-01 -5.686444e+00 -7.305703e-01 2.945892e+00 5.815637e+00 3.071265e+00 -4.279057e+00 -2.410529e+00 -2.297480e+00 -1.311705e+00 4.191355e+00 -1.512926e-01 5.350479e-01 -1.245916e+00 -7.025447e-01 -1.062484e-01 -7.931116e-01 -6.488992e-01 3.664982e-01 -2.823000e-01 -1.774763e+00 -1.191537e+00 -1.561162e+00 -7.550902e-01 0.000000e+00 
2.644606e-01 -2.011013e-02 -2.105436e+00 -8.289074e-01 5.433469e-01 -1.668264e+00 9.696631e-01 -1.725623e+00 6.165314e-02 -3.506193e+00 -3.318059e-01 5.676728e+00 -1.512926e-01 -1.650419e+00 -6.975480e-01 1.049659e+00 -2.099700e+00 1.048385e+00 6.196927e-01 -1.721163e+00 -8.663158e-01 -7.215798e-02 -6.016402e-01 -4.080189e-01 -6.500954e-01 7.359904e-02 
4.801130e-01 6.812619e-01 -3.856262e+00 -3.432398e+00 -1.271275e+00 2.157738e-01 2.677342e+00 -4.334302e+00 -7.111509e+00 -1.439443e+00 -5.768595e-01 -6.337976e-02 -1.512926e-01 -2.892628e+00 -3.565893e-01 1.872864e+00 -2.640576e+00 2.664289e+00 1.911310e+00 -2.644969e+00 -1.306542e+00 1.749368e+00 2.078506e+00 1.594872e+00 -6.299983e-01 1.139062e-01 
-1.048216e+01 -1.547929e+00 1.315524e+00 -1.022574e+01 9.575073e+00 8.028672e+00 -6.401107e+00 -7.707951e+00 4.150427e+00 3.817763e+00 4.011466e+00 2.561646e+00 2.167026e-01 -1.947784e+00 7.785295e-01 -9.115509e-01 -5.402590e-01 1.116205e+00 2.294246e+00 -1.265886e+00 -1.127256e+00 1.031402e+00 3.010786e+00 8.342826e-01 3.025311e-01 5.358718e-02 
-1.036220e+01 -8.822916e-01 1.967396e+00 -9.235031e+00 1.175147e+01 1.052372e+01 -6.468192e+00 -7.820604e+00 4.291923e+00 4.433074e+00 4.491017e+00 2.598905e+00 2.342411e-01 1.300332e-01 7.934227e-01 -1.601705e+00 1.061005e+00 -1.578726e+00 -4.203389e-01 8.131870e-01 1.282784e+00 1.480218e+00 1.574903e+00 9.538172e-01 2.481983e+00 -2.928261e-02 
-4.053304e+00 4.654314e+00 -9.575020e+00 -6.288864e-01 -3.870034e-01 4.648994e+00 -7.869978e-01 -5.618750e+00 -4.830513e-01 8.611477e+00 1.305669e+00 5.858242e+00 -7.612348e-02 2.560132e+00 2.903480e-01 -2.294871e+00 1.174629e+00 -4.212483e+00 -2.278433e+00 4.267776e+00 2.782171e+00 -5.777456e-01 -1.112240e+00 5.546718e-01 2.602797e+00 -1.065929e-01 
-2.084148e+00 1.547254e+00 -6.419517e+00 -2.925802e+00 -4.183867e+00 -1.960821e-01 3.936222e+00 1.035020e+00 2.606318e+00 4.038214e+00 5.545125e+00 1.069823e+01 -1.512926e-01 2.139445e+00 1.385589e-01 -6.139725e-01 2.922801e-01 -3.025514e+00 -2.145266e+00 2.669994e+00 2.059629e+00 -1.307341e+00 -2.006546e+00 1.198926e+00 2.341304e+00 -8.184390e-02 
-1.820523e+00 -1.310961e+00 -5.965376e+00 -7.507211e+00 -3.519675e+00 1.996410e+00 9.735566e+00 1.775095e+00 2.104501e+00 -1.546006e+00 6.257771e+00 1.152597e+01 -1.234952e-01 -2.324960e-01 4.298788e-01 1.286210e+00 2.417674e-01 -1.123069e+00 -6.149723e-01 4.799864e-01 2.884876e-01 -3.359599e-01 -1.514143e+00 -3.387312e-01 -5.046790e-01 -1.503382e-02 
-7.813635e-01 2.793141e+00 -2.907288e+00 -4.334468e+00 -1.809765e+00 1.123681e+00 1.620497e+00 -1.219381e+00 -3.538561e+00 -5.209153e-01 8.009596e+00 1.147156e+01 -1.512926e-01 -6.717649e-01 1.019981e+00 1.019304e+00 1.575128e+00 5.361532e-01 4.349801e-01 -1.477113e+00 -1.012288e+00 -5.281619e-01 8.313128e-01 -1.697491e+00 -2.861423e+00 -2.779734e-03 
-5.867176e+00 6.180765e+00 -4.900083e+00 1.284283e+00 -7.189400e+00 9.142513e-01 2.770797e+00 -3.049111e+00 9.095891e-01 3.320329e+00 -1.620223e+00 2.948183e+00 -1.512926e-01 -7.322607e-01 8.490347e-01 1.201345e+00 2.141143e+00 1.114259e+00 6.083130e-01 -2.241766e+00 -6.398399e-02 2.289796e-01 2.023262e+00 -1.067606e+00 -3.880721e+00 -5.559468e-03 
-3.419646e+00 2.901296e+00 -1.855642e+00 5.540912e-01 3.317618e-01 2.519898e+00 3.304100e-02 -1.614318e+00 5.629649e-01 5.761611e+00 9.966683e-01 6.800115e-01 -1.512926e-01 -8.616293e-01 -5.713253e-01 9.827923e-01 4.291912e-01 1.441119e+00 5.900377e-01 -1.918282e-01 4.607698e-01 1.343019e+00 1.845171e+00 8.451462e-04 -8.789921e-01 0.000000e+00 
-4.162685e+00 2.880134e+00 -4.844747e-01 7.542232e-01 9.808550e-01 4.339867e+00 -6.795363e-01 1.652643e+00 1.198636e+00 5.429040e+00 4.426203e+00 -2.481859e+00 -1.512926e-01 -3.213434e-02 -9.509012e-01 1.701720e+00 -2.034509e-01 2.227287e+00 -9.937175e-02 -3.549941e-01 3.560073e-01 1.100932e+00 -5.126955e-02 5.462815e-01 7.363259e-01 0.000000e+00 
-5.941755e+00 1.586829e+00 -2.011311e-01 -1.923482e+00 1.310701e+00 2.361062e+00 2.386523e+00 -1.266410e+00 3.032011e+00 7.650584e+00 4.990609e+00 9.791623e+00 -1.512926e-01 -3.343411e-01 -1.978095e-01 8.749307e-01 1.228975e-01 6.601018e-01 -6.181931e-01 9.009737e-01 6.289282e-01 2.236971e+00 5.521574e-01 4.027586e-01 8.153561e-01 0.000000e+00 
-4.766793e+00 2.083492e+00 2.781264e+00 1.505816e+00 3.457567e+00 4.968104e-01 -1.809149e-01 -1.443029e+00 5.179725e+00 2.119495e+00 -8.857861e-01 2.074006e+00 -1.512926e-01 -3.678929e-01 -2.816121e-01 1.605963e-01 -1.684025e-01 4.130630e-01 -4.699794e-01 5.620884e-01 -2.069193e-01 1.321399e+00 -1.568580e-03 5.587649e-02 9.755130e-01 0.000000e+00 
-4.789298e+00 2.310570e+00 8.861424e-01 7.927826e-01 2.393915e+00 1.350461e+00 4.288599e+00 3.078159e+00 9.757275e+00 1.017717e+01 5.666455e+00 2.478859e+00 -1.512926e-01 -3.539212e-01 -2.570398e-01 -4.798208e-01 -7.394333e-01 -2.593992e-01 1.286733e-01 5.688882e-01 4.331227e-01 5.759258e-02 -4.984522e-01 1.021564e+00 -3.726575e-01 0.000000e+00 
-6.578379e+00 1.110204e+00 -2.251301e-01 -1.445922e+00 2.504564e+00 2.495270e+00 1.179868e+00 -1.554238e+00 4.443001e+00 4.157904e+00 4.367662e+00 6.052089e+00 -1.512926e-01 -5.067048e-01 -6.042773e-01 -3.570597e-01 -7.109395e-01 -7.271693e-01 6.818004e-01 7.004192e-01 3.102104e-01 -1.367042e-01 -8.661375e-02 1.638760e+00 1.203275e+00 0.000000e+00 
-6.805569e+00 7.882745e-01 -1.097038e+00 -4.144780e+00 4.902072e-01 2.005198e+00 4.550572e+00 9.548086e-01 3.688336e+00 4.139118e+00 7.471707e+00 5.939295e+00 -1.512926e-01 -4.565078e-01 -6.190387e-01 -2.411582e-01 -3.969403e-01 7.709537e-02 3.417249e-02 -7.874629e-01 -6.134611e-01 -7.820385e-01 -1.571473e+00 -5.940129e-01 -6.838276e-02 0.000000e+00 
-6.292182e+00 -1.767471e-01 1.987555e+00 4.198993e-01 7.735744e-01 3.578443e+00 3.190195e+00 1.169698e+00 7.530673e+00 4.705452e+00 6.405387e+00 6.360165e+00 -1.512926e-01 3.243256e-03 -4.181385e-01 -1.192759e-01 1.282474e-01 9.518848e-02 4.512930e-03 -4.623729e-01 -3.320943e-01 -1.170064e-01 -2.383770e-01 -8.159071e-01 -1.232716e+00 0.000000e+00 
-7.214935e+00 -1.411483e-01 -1.425991e+00 -2.124830e+00 3.644886e+00 9.797366e-01 -6.538792e-01 -1.351114e+00 4.303246e+00 2.046030e+00 1.677529e+00 1.982907e+00 -1.512926e-01 -9.023714e-02 -5.204157e-02 -5.751784e-02 1.093696e+00 5.585619e-01 5.260900e-01 -1.235474e+00 -1.258443e+00 2.634714e-01 1.094521e+00 -4.754930e-02 4.430511e-01 0.000000e+00 
-6.357479e+00 -5.157775e-01 -6.570330e-01 -1.814660e+00 1.403166e+00 3.030566e+00 1.470229e+00 -2.061749e+00 3.550514e+00 4.012564e+00 3.185216e+00 1.866700e+00 -1.512926e-01 -3.259626e-01 2.465043e-01 -2.840734e-01 7.844899e-01 -1.204368e-01 -9.230082e-02 -9.595349e-02 -8.472852e-01 -5.618770e-01 1.328517e+00 1.616621e+00 5.134478e-01 0.000000e+00 
-7.224106e+00 6.975819e-01 -6.233335e-02 2.440982e+00 2.968221e+00 4.909587e+00 -7.668138e-01 -3.721684e+00 6.995772e+00 9.958166e+00 8.844046e+00 1.040128e+01 -1.512926e-01 -2.578379e-01 5.285405e-02 1.176683e-01 9.106234e-01 -1.364106e+00 -9.454504e-02 1.459931e+00 3.230788e-01 9.201002e-01 9.366032e-01 2.046294e+00 3.436746e-01 0.000000e+00 
-7.917410e+00 6.364093e-01 -1.146404e-01 2.059443e+00 5.097232e-01 1.152014e+00 2.766895e+00 -1.881443e+00 3.375025e+00 7.391970e+00 1.090524e+01 4.718216e+00 -1.512926e-01 -8.380584e-02 5.329601e-01 1.211401e-01 -1.421823e-01 -7.204018e-02 -4.809905e-01 1.230266e+00 8.896859e-01 1.206042e+00 -2.188844e-01 -4.605479e-02 -1.686786e-01 0.000000e+00 
-7.724159e+00 -4.529714e-01 -1.108846e+00 4.912357e-01 -2.728923e+00 1.446287e+00 5.997443e+00 1.741275e-01 8.991491e+00 5.039343e+00 8.048989e+00 2.275522e+00 -1.512926e-01 -1.137270e-01 5.938725e-01 2.218750e-01 3.390847e-01 6.106782e-02 -6.120183e-02 1.964744e+00 8.576519e-01 6.188031e-01 -1.868700e-01 -1.435971e+00 -1.803190e+00 0.000000e+00 
-6.526482e+00 2.724300e+00 4.719238e-01 -1.550699e+00 3.891537e+00 2.357263e+00 4.239430e+00 4.387757e-01 8.582865e+00 5.377553e+00 3.352470e+00 5.086187e+00 -1.512926e-01 9.916162e-01 7.159995e-01 3.387421e-01 4.121541e-01 3.195816e-01 9.024931e-01 9.320849e-01 1.015740e+00 6.471655e-01 7.402514e-01 -2.245263e+00 -3.366097e-01 0.000000e+00 
-8.488205e+00 2.622999e+00 7.537596e-01 5.941476e+00 1.582653e+00 4.000953e+00 8.320641e+00 -5.935334e-01 7.485868e+00 1.003102e+01 5.440575e+00 1.201344e+00 -1.512926e-01 1.177842e+00 -1.029954e-01 -3.794200e-01 4.365991e-01 -5.990176e-02 -1.822028e-01 8.214033e-01 1.201612e+00 -6.839818e-01 4.465775e-01 -6.709912e-01 1.819651e-01 0.000000e+00 
-2.577306e+00 2.678421e+00 6.477673e-01 1.395093e+00 -4.815674e-02 4.387147e+00 6.265720e+00 3.581087e+00 7.363664e+00 8.597386e+00 9.831282e-01 3.572257e+00 -1.512926e-01 4.082515e-01 -5.226072e-01 -1.103534e+00 1.299957e-01 -1.095047e+00 -7.473832e-01 6.030696e-02 1.308637e+00 -6.531986e-01 1.001894e-01 1.026795e+00 2.880571e-02 2.396328e-02 
-3.809537e+00 -9.450093e-01 -3.093868e+00 1.201335e+00 -1.058585e+00 -4.796686e-01 9.091314e+00 4.611031e+00 6.181183e+00 5.662313e+00 5.878704e+00 3.942313e+00 -1.512926e-01 -3.394614e-01 -3.811364e-01 4.189553e-02 -1.831755e+00 -3.244205e-01 -4.901523e-01 -4.289477e-01 -9.004439e-01 -6.278511e-01 -7.245013e-01 4.573989e-02 8.313122e-01 1.867863e-02 
-6.824558e+00 1.895268e+00 -3.121932e+00 1.469350e+00 -2.630801e-01 8.606584e-01 4.155628e+00 4.379680e+00 5.969215e+00 8.062856e+00 8.267379e+00 3.859732e+00 -3.147614e-02 -2.468935e+00 4.525476e-01 6.885179e-01 -1.590879e+00 6.163329e-01 -7.921570e-01 1.062392e+00 -3.376060e+00 4.747109e-01 -4.478079e-01 -1.809569e+00 2.083948e+00 6.092985e-02 
-8.061886e+00 1.108894e+00 2.848087e+00 -3.254430e+00 6.801176e-02 3.313436e+00 7.230947e+00 -5.495049e+00 5.043838e+00 6.675784e+00 2.027149e+00 5.214168e+00 -1.178076e-01 -2.611054e+00 1.084458e+00 5.380645e-02 3.296925e-01 -1.500437e-02 -7.307465e-02 7.953907e-01 -3.557653e+00 -1.012489e+00 -3.954788e-01 -2.255560e+00 8.506716e-01 9.296322e-02 
-1.279580e+01 3.914207e+00 1.119380e+00 -4.331419e+00 2.470209e+00 -1.470190e+00 1.250786e+01 -8.246173e+00 1.030589e+01 5.851612e+00 -6.138939e+00 1.335607e+01 1.366142e-01 -3.095179e+00 2.059113e+00 -2.761245e+00 1.748785e+00 -1.172715e+00 -1.307381e-01 1.161785e+00 -1.839235e+00 -1.595537e+00 -1.417462e+00 -1.878791e+00 -5.620745e-01 1.631016e-01 
-1.387918e+01 3.467810e+00 -4.945491e+00 5.750183e+00 -2.500251e+00 3.203824e-01 8.892150e+00 -6.864310e+00 -1.049602e+00 4.790542e+00 1.804063e+00 3.447503e+00 2.294784e-01 -3.136866e+00 2.939589e+00 -4.951283e+00 2.859719e+00 1.841040e-01 -2.616732e-01 5.107391e-01 1.416343e+00 -9.456007e-01 -1.765086e+00 -9.083523e-01 -6.979731e-01 2.113026e-01 
-1.939180e+01 1.101137e+01 -1.303137e+01 5.710971e+00 -4.842522e+00 1.703495e+00 9.133951e+00 -4.131863e+00 1.038248e+00 1.918166e+00 -1.015034e+00 1.932692e+00 6.103888e-01 -2.502497e+00 1.972695e+00 -4.394637e+00 1.218635e+00 -7.828679e-02 -3.505987e-01 -1.515747e+00 5.931630e-01 -3.342218e-01 -1.619935e+00 -5.225964e-01 -1.102476e+00 1.669443e-01 
-2.044822e+01 1.225825e+01 -1.483296e+01 6.022969e+00 4.644897e+00 4.182277e-01 1.147160e+01 -4.704891e-01 4.949655e+00 -1.829228e-01 -5.076565e+00 7.435990e+00 7.018182e-01 -1.117827e+00 1.768967e+00 -1.975170e+00 -3.903811e-01 1.652906e+00 -9.210790e-01 -1.091835e+00 7.063673e-01 1.885870e+00 -1.066037e+00 -5.595239e-01 1.033024e+00 1.138116e-01 
-2.202377e+01 9.382460e+00 -1.591007e+01 1.625365e+00 -1.493799e+00 -3.272106e+00 3.639406e+00 -8.477268e+00 5.635153e+00 2.386684e-01 -5.311607e+00 5.849444e+00 7.351658e-01 1.361168e-01 -2.441023e-01 -5.095409e-01 -4.863296e-02 9.954979e-01 -6.019117e-01 -1.123458e+00 8.243265e-01 1.118356e+00 5.262119e-01 8.077289e-01 5.635311e-01 3.141094e-02 
-1.815233e+01 1.312710e+01 -1.338199e+01 5.841080e+00 4.089917e+00 -1.797212e+00 6.180247e+00 -1.159770e+00 6.081294e+00 3.001032e-01 1.154730e+00 6.654248e+00 7.361479e-01 5.988353e-01 -4.640099e-01 4.703312e-02 2.272286e-01 -4.409590e-01 6.784725e-01 -1.376773e-01 1.114077e+00 4.638776e-01 5.120133e-01 1.366424e+00 -6.011525e-01 3.959870e-03 
-1.985916e+01 9.356438e+00 -1.630456e+01 5.558751e+00 4.124579e-01 -1.983438e-01 6.162338e+00 3.344105e-01 6.064208e+00 4.307713e+00 -9.203696e-02 5.141218e+00 7.502787e-01 1.105198e+00 -1.956601e-01 3.840068e-01 1.287439e+00 1.266747e-01 1.095778e+00 7.547675e-01 1.850961e+00 3.250360e-01 -5.135954e-01 1.323582e+00 -2.107089e-01 -1.654103e-02 
-1.853635e+01 9.951216e+00 -1.440055e+01 5.192419e+00 1.486973e+00 2.273709e+00 9.521748e+00 6.940572e-01 7.054516e+00 3.426218e-01 -8.542306e-01 4.784341e+00 7.140611e-01 9.067938e-01 -2.245157e-01 3.208793e-01 7.978497e-01 -1.069082e+00 9.722592e-01 -8.200789e-02 2.089074e-01 5.148585e-01 -6.045235e-01 1.826333e-01 -1.769381e-01 -6.502968e-03 
-1.630578e+01 9.992102e+00 -1.348076e+01 8.386889e+00 4.410467e-01 1.713226e-01 5.742494e+00 -1.493769e-01 6.773722e+00 -2.350568e+00 2.310783e+00 5.730853e+00 6.635040e-01 5.556587e-01 1.497034e+00 4.352077e-01 3.473105e-01 -2.922536e-01 1.009358e+00 -4.343974e-01 -6.812940e-01 3.033981e-01 -9.986618e-01 6.305922e-01 -3.030311e-02 3.325397e-02 
-1.539506e+01 1.168669e+01 -1.318949e+01 8.416258e+00 -1.269789e+00 2.879251e+00 5.980130e+00 1.266605e-01 8.300829e+00 6.066260e-01 8.664863e-01 5.474740e+00 7.470204e-01 -9.652205e-01 1.384336e+00 -1.850610e-01 -1.062721e-01 3.242441e-01 3.876454e-01 -1.865506e-01 -3.581333e-02 5.816815e-01 5.396128e-04 2.205402e-01 -2.759488e-01 7.192603e-02 
-1.865151e+01 1.597387e+01 -1.473405e+01 5.683383e+00 3.295712e-01 4.545674e+00 5.761160e+00 -2.788361e+00 6.958042e+00 -8.175986e-01 2.200566e+00 4.644504e+00 9.000689e-01 -1.778411e+00 1.269436e+00 -5.636759e-02 1.077152e-01 1.669335e+00 4.037606e-01 7.042699e-02 -6.694315e-01 3.069462e-01 5.981485e-01 -3.637903e-01 2.751557e-01 8.813805e-02 
-2.218958e+01 1.388201e+01 -1.469921e+01 6.012812e+00 3.163931e+00 2.024760e+00 8.579661e+00 1.834483e+00 9.870764e+00 -4.211648e-01 3.035793e-01 3.947772e+00 9.554089e-01 -1.307395e+00 -1.271917e-01 -1.093508e-01 1.173285e-01 1.658490e+00 -9.827701e-01 -5.184308e-01 1.782579e-01 1.422862e-01 -1.855686e-01 -8.082551e-01 -4.843085e-01 5.832223e-02 
-2.180057e+01 1.524162e+01 -1.300774e+01 1.012719e+01 6.570864e+00 2.617371e+00 4.794863e+00 -4.350445e+00 7.523486e+00 1.154070e+00 7.732855e-01 7.870115e+00 1.000000e+00 5.198539e-01 -1.852176e+00 1.178938e+00 -7.495080e-01 3.623948e-01 -7.608594e-01 6.733660e-02 8.731682e-01 3.164340e-01 -1.440210e-01 -9.873136e-01 9.339402e-02 -1.644996e-02 
-2.035750e+01 1.141686e+01 -1.459940e+01 6.780998e+00 3.902017e+00 -1.070448e+00 3.871124e+00 1.798992e+00 8.729538e+00 -1.307051e+00 -2.461149e+00 1.440392e+00 9.886659e-01 3.304269e+00 -2.285998e+00 2.626205e+00 -2.069720e+00 -1.270182e+00 -1.383748e+00 -1.052808e+00 -1.934348e+00 -2.642950e+00 -9.084317e-01 -1.260185e+00 -1.177511e+00 -1.119861e-01 
-1.696828e+01 7.945567e+00 -8.889263e+00 1.551750e+00 1.772503e+00 2.288981e+00 8.452111e+00 1.595225e+00 9.110825e+00 -1.094760e+00 -1.353638e+00 6.365164e+00 8.011906e-01 7.629347e+00 -4.592254e+00 3.591864e+00 -3.325794e+00 -4.010851e+00 -4.017169e+00 -3.030102e+00 -1.172220e+00 -3.028064e+00 -7.588866e-01 -1.512126e+00 -2.642562e+00 -1.425069e-01 
-8.084381e+00 6.100051e+00 -3.627420e+00 -4.807025e-02 -7.877975e-01 -4.729783e+00 1.486995e+00 -1.081009e+01 -4.137657e+00 -3.838908e+00 -4.933886e+00 -1.187306e+00 4.948832e-01 9.180240e+00 -6.452490e+00 4.100481e+00 -3.804446e+00 -4.513358e+00 -4.749506e+00 -5.148397e+00 3.992262e-01 -4.580742e+00 7.301866e-01 -2.453029e+00 -2.405396e+00 -8.863261e-02 
1.020960e+01 -5.061243e+00 -5.344071e-01 -3.087248e+00 -1.113848e+01 -1.563881e+01 -9.163582e+00 -3.907005e+00 -1.183239e+00 -1.374434e+00 -5.550977e+00 -4.028844e+00 5.343567e-01 7.435351e+00 -6.256937e+00 2.679738e+00 -2.994012e+00 -3.571232e+00 -4.221684e+00 -4.530734e+00 2.542918e+00 -3.202595e+00 9.058305e-01 -2.771433e+00 -3.160437e+00 -3.003007e-03 
1.195475e+01 -1.434219e+01 1.725576e+00 -9.921737e+00 -1.220928e+01 -1.585409e+01 -1.306301e+01 6.546238e+00 -9.027142e+00 2.483719e+00 -1.262763e+01 -5.389583e+00 6.789198e-01 3.953236e+00 -5.196260e+00 1.382198e+00 -2.176507e+00 -1.568329e+00 -1.000176e+00 -9.641452e-01 5.248195e+00 -3.096727e-01 1.289337e+00 -1.681863e+00 -1.475131e+00 6.686936e-02 
1.018891e+01 -1.311800e+01 1.832925e+00 -8.481475e+00 -1.037292e+01 -1.325729e+01 -6.926555e+00 5.631653e+00 -4.457411e+00 2.730787e-01 -1.136393e+01 -7.335882e+00 6.941572e-01 2.535527e-01 -2.993289e+00 4.192014e-01 -1.226426e+00 4.095278e-01 2.300697e+00 1.321905e+00 4.025294e+00 -7.241461e-01 3.057556e-01 -1.215305e+00 -9.889128e-01 5.358549e-02 
1.169215e+01 -1.585287e+01 2.099905e+00 -8.233495e+00 -9.012225e+00 -1.092142e+01 -4.452244e+00 1.066155e+01 -4.048934e+00 1.784021e+00 -1.043672e+01 -6.909440e+00 7.493297e-01 2.629762e-01 -1.680505e+00 2.906010e-01 1.540494e-01 3.509939e-01 2.848324e+00 1.464308e+00 2.646696e+00 1.157966e-01 -3.737230e-01 5.574837e-02 -3.617099e-01 1.748654e-02 
1.160867e+01 -1.927234e+01 1.374436e+00 -1.006350e+01 -1.068937e+01 -6.601652e+00 -6.859443e+00 1.416181e+01 -7.293073e+00 5.041926e-01 -1.272296e+01 -8.213479e+00 7.670792e-01 5.623155e-01 -1.919564e+00 4.932727e-01 -4.289331e-01 3.477392e-02 2.291234e+00 -6.701727e-02 2.219470e+00 -9.257966e-01 -5.708796e-01 -3.766007e-01 -2.727064e-01 3.827053e-03 
1.255975e+01 -1.966754e+01 3.407826e+00 -8.360478e+00 -1.029608e+01 -4.940286e+00 -5.775030e+00 1.551464e+01 -7.030327e+00 4.995468e-01 -1.166937e+01 -6.759334e+00 7.298915e-01 1.656775e-01 -8.268610e-01 8.688785e-02 -2.425565e-01 -5.594482e-02 1.422134e+00 -2.690890e-01 6.202701e-01 -5.749280e-01 -9.930097e-01 -1.992302e-01 -3.159961e-01 -1.440805e-02 
1.256668e+01 -2.080848e+01 3.645328e+00 -1.056265e+01 -9.557118e+00 -4.791690e+00 -6.600249e+00 1.430246e+01 -7.595698e+00 -1.939082e+00 -1.263061e+01 -8.774467e+00 7.230116e-01 3.292806e-02 1.709633e-01 -5.495700e-01 1.449991e-01 2.578077e-01 1.529777e-01 3.276978e-01 -4.096266e-01 2.533689e-01 -1.031113e+00 8.577474e-01 2.350119e-01 -1.932266e-02 
1.204153e+01 -1.921911e+01 1.398898e+00 -9.196701e+00 -9.858076e+00 -4.715736e+00 -5.927287e+00 1.369258e+01 -6.772262e+00 -1.959390e+00 -1.147905e+01 -8.208926e+00 6.993233e-01 2.840385e-01 2.525505e-01 -9.700704e-01 -1.477646e-01 3.344681e-01 -1.740932e-03 -3.852640e-01 -3.583687e-01 4.151721e-01 -8.275400e-01 1.494522e+00 3.016617e-01 -1.788005e-02 
1.203242e+01 -1.864174e+01 -3.689502e-01 -8.920390e+00 -9.619336e+00 -5.949038e+00 -5.144825e+00 1.302471e+01 -6.155262e+00 -3.421904e+00 -8.529382e+00 -6.313623e+00 6.857500e-01 9.466820e-01 2.559269e-01 -7.603326e-01 2.299515e-01 4.629213e-01 2.287117e-01 -1.174497e+00 -2.411708e-01 8.501414e-01 9.323215e-03 2.753111e+00 1.576467e-01 -2.125539e-02 
1.424708e+01 -1.948816e+01 5.646135e-01 -9.920431e+00 -8.592632e+00 -4.370317e+00 -8.429062e+00 1.436167e+01 -5.674685e+00 -2.896743e+00 -6.247375e+00 -6.481447e+00 6.591221e-01 1.267092e+00 2.731499e-01 -1.382921e-01 1.666038e-01 6.797762e-01 4.252951e-01 -2.140764e+00 -1.004754e+00 1.036448e+00 3.906706e-01 3.204140e+00 -6.732095e-01 -3.325241e-02 
1.619732e+01 -1.939433e+01 2.608070e-01 -9.051026e+00 -7.875234e+00 -3.820841e+00 -1.122185e+01 1.276206e+01 -3.893779e+00 -1.423790e+00 -1.480887e+00 -8.849974e+00 6.368353e-01 6.488811e-01 1.791692e+00 5.756295e-01 1.802074e+00 2.325946e+00 3.989862e-01 -1.503376e+00 -2.964178e+00 1.237506e+00 5.249674e-01 2.590997e+00 -5.615879e-01 -8.197409e-02 
1.629454e+01 -1.747707e+01 3.925587e-01 -8.298364e+00 -7.331246e+00 -3.653359e+00 -1.359260e+01 8.800136e+00 -2.720765e+00 -1.005094e+00 1.017408e+00 -1.030680e+01 5.575186e-01 -1.338255e+00 4.167193e+00 1.765051e-01 4.724673e+00 3.443566e+00 8.541733e-01 -6.493711e-02 -5.523107e+00 -2.458353e-01 -6.173161e-01 2.464232e+00 2.100239e-01 -1.210449e-01 
1.425309e+01 -1.068883e+01 2.595224e+00 -7.210543e-01 1.379704e+00 -4.312586e+00 -1.007994e+01 9.845842e-01 -1.444692e+00 -1.742891e+00 7.932140e-01 -7.208887e+00 3.266813e-01 -3.176634e+00 5.311879e+00 3.775081e-01 5.997555e+00 4.027874e+00 7.635185e-01 4.688699e-01 -6.238757e+00 -5.318679e-01 -1.442143e+00 2.508711e-01 1.466055e+00 -1.249173e-01 
8.527914e+00 -3.004940e+00 2.799305e-01 9.537951e+00 3.997729e+00 1.464221e-01 -9.324699e+00 -7.365121e+00 -8.128405e+00 -5.823772e+00 4.936732e+00 -6.251871e+00 2.089744e-01 -3.857634e+00 5.166872e+00 2.378893e-01 5.274919e+00 2.351870e+00 1.871645e-01 1.824363e+00 -5.637316e+00 -3.676461e-01 -1.582605e+00 -1.861271e+00 1.375158e+00 -8.314823e-02 
4.197463e+00 -7.099605e-02 2.204662e+00 1.201859e+01 6.599649e+00 -1.903140e+00 -1.101144e+01 -1.034910e+01 -3.849299e+00 -6.225164e+00 -2.186194e+00 -3.547161e+00 1.865209e-01 -3.007596e+00 3.064185e+00 -2.965398e-01 1.702542e+00 4.166675e-01 -1.718882e+00 1.518532e+00 -2.868961e+00 8.335044e-01 -1.470162e+00 -2.521507e+00 8.880225e-01 -7.317347e-03 
2.034184e+00 3.048377e+00 1.777286e+00 1.170640e+01 1.818130e+00 -3.922260e+00 -4.005028e+00 -1.371960e+01 -3.356692e+00 -6.676984e+00 -6.799241e+00 -5.261870e+00 2.118577e-01 -2.786873e-01 -5.872973e-01 1.713134e-01 -2.056674e+00 -1.416372e+00 -3.684438e+00 4.456727e-01 1.340538e+00 1.709161e+00 -5.427685e-01 -1.729536e+00 -4.978376e-01 5.006037e-02 
2.461978e+00 1.605440e+00 3.638473e-01 6.707430e+00 4.552841e+00 -1.087265e+01 -5.147116e+00 -1.018298e+01 3.369734e-01 -8.667095e+00 -5.946335e+00 -3.263775e+00 2.886530e-01 2.203129e+00 -3.669267e+00 9.283243e-01 -4.439387e+00 -3.034736e+00 -2.689490e+00 -1.015164e+00 4.861224e+00 1.890103e-01 3.353018e-01 8.101166e-01 -2.096631e+00 9.365529e-02 
8.002220e+00 -6.779644e+00 2.056905e+00 1.910160e+00 -2.060727e+00 -1.379101e+01 -1.002850e+01 -7.454942e-01 -1.675734e+00 -7.316649e+00 -1.830878e+00 -8.882752e+00 4.082103e-01 3.061059e+00 -5.260154e+00 1.408356e+00 -4.941682e+00 -3.820095e+00 -9.552927e-01 -4.005517e+00 6.119386e+00 -9.476112e-01 4.709637e-01 1.852385e+00 -2.952187e+00 1.103136e-01 
1.222909e+01 -1.350332e+01 6.706474e+00 -5.280223e+00 -6.634604e+00 -1.041621e+01 -1.307553e+01 7.469963e+00 -3.744727e+00 -4.228823e+00 -6.197917e-01 -1.221987e+01 5.566211e-01 2.241282e+00 -4.460727e+00 1.261734e+00 -3.775979e+00 -4.960815e+00 9.221869e-01 -4.168157e+00 4.741191e+00 -2.175955e+00 3.863831e-01 8.342400e-01 -3.201427e+00 9.572067e-02 
1.245592e+01 -1.569801e+01 5.647754e+00 -7.008178e+00 -1.168862e+01 -8.926945e+00 -2.006841e+01 8.050855e+00 -6.053898e+00 -6.541302e+00 -2.005866e-01 -1.554476e+01 6.294416e-01 4.858169e-01 -1.902498e+00 5.976649e-01 -1.981916e+00 -3.315535e+00 1.453703e+00 -2.367323e+00 2.565947e+00 -1.127045e+00 -1.918401e-01 2.285719e-03 -1.606637e+00 6.130592e-02 
1.144154e+01 -1.623901e+01 4.877094e+00 -7.713294e+00 -1.543729e+01 -8.693754e+00 -2.096794e+01 9.124802e+00 -8.353718e+00 -7.122853e+00 -2.590281e+00 -1.593991e+01 6.566406e-01 -5.352359e-01 -1.913474e-01 -3.482319e-01 -4.298673e-01 -2.677766e+00 8.415834e-01 -9.575285e-01 5.914003e-01 3.339539e-02 -1.748321e+00 -7.316192e-01 -8.049971e-01 2.390743e-02 
1.082508e+01 -1.492429e+01 5.959920e+00 -6.782886e+00 -1.423706e+01 -7.383729e+00 -1.791891e+01 1.125682e+01 -5.006464e+00 -6.828835e+00 -8.342052e-01 -1.505592e+01 6.647301e-01 -5.074072e-01 2.941845e-01 -3.822660e-01 -5.298624e-01 -1.985079e+00 1.351767e-01 4.132332e-01 -3.998205e-01 4.632357e-01 -2.698826e+00 -1.869936e+00 3.898543e-01 -7.097244e-04 
1.036833e+01 -1.484692e+01 4.809232e+00 -7.542206e+00 -1.874922e+01 -6.979903e+00 -1.893792e+01 8.823980e+00 -4.101467e+00 -1.282666e+01 -3.961079e+00 -1.648928e+01 6.585140e-01 -1.338844e-01 8.122252e-01 -1.343788e-01 -5.775598e-01 -6.798815e-01 2.350073e-02 1.060923e+00 -1.348029e+00 9.995066e-01 -2.841183e+00 -1.473657e+00 1.253629e+00 -2.035721e-02 
1.045549e+01 -1.492313e+01 3.770355e+00 -9.743034e+00 -1.995806e+01 -9.107986e+00 -1.901726e+01 6.202162e+00 -5.863845e+00 -1.718353e+01 -8.864865e+00 -1.332080e+01 6.249563e-01 3.770419e-01 9.296528e-01 5.279633e-01 -2.472406e-02 -2.349579e-01 -5.477546e-01 1.379227e+00 -2.735320e+00 -1.502163e+00 -1.630817e+00 -7.751392e-01 5.171736e-01 -3.914343e-02 
1.095691e+01 -1.217846e+01 5.299983e+00 -9.121019e+00 -1.597620e+01 -7.714121e+00 -1.511415e+01 4.911986e+00 -2.927494e+00 -1.615142e+01 -5.943233e+00 -1.053932e+01 5.747415e-01 9.002374e-01 1.519117e+00 1.164822e+00 1.124479e+00 2.276752e+00 -8.529038e-01 3.934990e+00 -2.488857e+00 -3.528074e+00 1.528625e+00 1.660493e+00 3.612957e-01 -4.146639e-02 
1.241600e+01 -1.161026e+01 8.354362e+00 -6.117100e+00 -1.679836e+01 -9.755392e+00 -1.293466e+01 -4.637826e-01 -1.310427e+01 -1.332054e+01 -3.718824e+00 -1.544503e+01 5.108992e-01 8.519295e-01 1.063079e+00 1.275208e+00 1.060013e+00 3.005416e+00 -5.616964e-01 4.385009e+00 -1.646169e+00 -4.888395e+00 2.902823e+00 2.381024e+00 -3.195296e-01 -2.915151e-02 
1.388926e+01 -8.907773e+00 8.341339e+00 -3.732778e+00 -8.945307e+00 -1.092072e+01 -2.304268e+00 -2.873338e-01 -1.812163e+01 -7.115028e+00 1.768364e+00 -1.362069e+01 5.082107e-01 2.702363e-01 -1.727104e-03 4.937823e-01 -4.551077e-01 2.896992e+00 -7.892137e-01 3.222460e+00 -7.310181e-01 -5.116572e+00 2.015880e+00 5.956601e-01 -2.136789e-01 -1.445165e-02 
1.324896e+01 -1.124308e+01 8.625716e+00 -7.137089e+00 -8.446421e+00 -1.031317e+01 -3.497152e+00 5.709789e-01 -2.270875e+01 -7.187608e+00 -8.155441e-01 -1.337777e+01 5.124642e-01 -1.617931e-01 -2.883790e-01 -2.030812e-01 -1.024101e+00 2.290619e+00 2.619381e-01 1.853845e+00 7.863755e-01 -2.541560e+00 8.262380e-01 -7.676867e-01 6.651338e-01 -5.461693e-03 
1.189161e+01 -1.237069e+01 7.633217e+00 -1.088656e+01 -5.667208e+00 -1.138130e+01 -3.720606e+00 7.395155e-01 -2.370811e+01 -9.138492e+00 -4.416573e+00 -1.264135e+01 5.017008e-01 -4.723949e-01 -4.674482e-02 -2.740809e-01 1.957793e-02 4.382090e-01 7.756432e-01 -4.732252e-01 7.474290e-01 -4.755594e-01 -5.553883e-01 -1.929291e+00 -4.301838e-01 -1.010780e-02 
1.260586e+01 -1.132069e+01 7.693017e+00 -7.660713e+00 -6.984316e+00 -8.215410e+00 -2.957260e+00 2.954670e+00 -2.301883e+01 -8.177615e+00 -4.464788e+00 -1.260903e+01 4.868457e-01 -4.513901e-01 1.311991e+00 4.343608e-01 2.261386e+00 1.023715e-01 3.545997e-01 -6.881617e-01 2.316664e-01 9.903488e-01 -1.261262e+00 -1.836392e+00 -4.468498e-01 -1.928732e-02 
1.184884e+01 -9.102693e+00 7.437284e+00 -3.373076e+00 -7.485314e+00 -8.091381e+00 -4.940341e+00 2.257965e+00 -2.034439e+01 -9.396966e+00 -6.053469e+00 -1.615597e+01 4.704809e-01 -2.872917e-01 1.854442e+00 1.078614e+00 3.239030e+00 4.653720e-01 -6.085481e-02 -1.409925e+00 -1.098903e+00 1.315837e+00 -8.267998e-01 -1.789853e+00 -3.397818e-01 -3.202979e-02 
1.101340e+01 -6.317124e+00 1.089549e+01 4.130988e-01 -7.025510e+00 -1.018513e+01 -6.328093e+00 9.700860e-01 -1.943887e+01 -1.336468e+01 -9.179054e+00 -1.385470e+01 4.316375e-01 -5.699317e-01 2.134005e+00 9.284582e-01 2.722308e+00 1.876433e+00 1.169057e-01 -8.456224e-01 -2.244767e+00 1.365532e+00 -7.028230e-01 -1.258563e+00 7.719948e-01 -5.348377e-02 
1.125138e+01 -5.600259e+00 1.142505e+01 1.271679e+00 -3.319751e+00 -1.070072e+01 -9.084814e+00 -3.762707e+00 -1.891890e+01 -1.067896e+01 -1.100870e+01 -1.371742e+01 3.691559e-01 -8.302091e-01 1.852965e+00 3.644958e-01 1.263277e+00 1.780636e+00 9.778267e-01 -1.457508e-01 -1.357922e+00 2.482667e+00 -2.235599e-01 -5.713133e-01 1.984982e+00 -8.550082e-02 
1.005493e+01 -2.401883e+00 1.034142e+01 3.628448e+00 3.150682e-01 -6.326215e+00 -5.113135e+00 -5.258827e+00 -1.690391e+01 -1.105073e+01 -8.279985e+00 -9.968333e+00 2.700893e-01 -1.116187e+00 7.961680e-01 -6.891755e-01 1.335676e-01 2.670568e+00 2.424019e+00 1.565047e+00 -5.659679e-01 3.499886e+00 1.271201e+00 2.239376e+00 2.759563e+00 -1.137101e-01 
8.177030e+00 -1.795487e+00 9.536796e+00 1.335634e+00 -2.252423e+00 -5.131706e+00 -6.276574e+00 -1.417191e+00 -9.198534e+00 -1.167174e+01 -9.359570e+00 -8.174246e+00 1.237509e-01 -1.401246e+00 -2.480051e-01 -1.323554e+00 -4.752205e-02 1.374595e+00 2.689803e+00 3.049263e+00 7.414881e-01 5.296189e+00 1.841943e+00 3.192402e+00 3.851382e+00 -1.193511e-01 
6.969638e+00 -4.238670e+00 8.393739e+00 1.048959e+00 5.793665e+00 -8.495402e-01 9.301996e-02 -3.032512e+00 -6.799625e+00 -6.512283e+00 1.193258e+00 -2.828471e+00 -1.421070e-02 -9.867979e-01 -8.372663e-01 -1.913207e+00 4.677840e-01 3.814618e-01 2.029159e+00 3.390298e+00 1.828238e+00 5.571923e+00 3.389907e+00 3.891759e+00 3.797103e+00 -9.744155e-02 
5.787799e+00 -5.921891e+00 5.781125e+00 2.323814e+00 8.139272e-01 9.962559e-03 3.558424e+00 -1.168424e+00 2.509904e+00 -3.738469e+00 2.166831e-01 1.969559e+00 -8.544981e-02 -5.085645e-01 -4.829994e-01 -2.600985e+00 1.550164e+00 1.360750e+00 2.001934e+00 3.201169e+00 6.484753e-01 3.417216e+00 3.285717e+00 2.480848e+00 3.820243e+00 -6.483942e-02 
6.315555e+00 -4.525012e+00 2.653224e+00 5.473279e+00 6.892023e-01 1.248748e+00 6.920858e+00 3.757979e+00 5.101487e+00 1.932166e+00 6.390684e+00 3.945282e+00 -1.125181e-01 -2.371361e-01 7.586935e-01 -2.197519e+00 1.566526e+00 8.854722e-01 1.259277e+00 7.774453e-01 -7.628769e-01 1.378304e+00 1.793591e+00 -3.208962e-01 1.169522e+00 -3.400065e-02 
5.961249e+00 -4.067314e+00 -5.978742e-01 6.874294e+00 7.103557e+00 3.828820e+00 6.315351e+00 -1.570060e+00 1.936989e+00 5.346200e-01 4.459593e-01 7.540091e+00 -1.512926e-01 3.769048e-01 1.869531e+00 -4.151298e-01 1.462558e+00 2.008005e+00 2.122953e+00 3.332693e-01 -4.483294e-01 -6.947538e-01 -2.994171e-01 -1.012388e+00 -5.553048e-01 -1.704600e-02 
5.697232e+00 -1.372491e+00 5.956437e-01 6.606348e+00 7.076211e+00 3.537414e+00 2.601783e+00 -6.646079e+00 3.783522e-01 3.191259e-01 -5.258613e-01 2.338741e-01 -1.512926e-01 5.071395e-01 2.445021e+00 6.061919e-01 -1.083028e-01 9.289430e-01 1.557333e+00 1.736613e-01 -4.740786e-01 -2.941025e-01 -8.354424e-01 -1.567604e+00 -1.109443e+00 -7.754898e-03 
7.981483e+00 1.849503e+00 4.734266e+00 9.070066e+00 7.660446e+00 9.480394e+00 7.384308e+00 1.791959e+00 1.397702e+00 -4.429035e+00 -1.386982e+00 1.048738e+00 -1.512926e-01 1.503887e-01 2.462141e+00 7.824588e-01 -7.201128e-01 6.399123e-02 1.156039e+00 2.025194e-01 1.029479e+00 1.473080e+00 6.116371e-01 4.290798e-01 -4.634765e-01 0.000000e+00 
7.841135e+00 4.741686e+00 3.018113e+00 3.833878e+00 5.055473e+00 6.209623e+00 7.254686e+00 -2.934223e-01 3.900618e+00 2.367816e-01 -5.308635e-01 1.643743e+00 -1.512926e-01 -1.646203e-01 2.236122e+00 6.971534e-01 -5.947528e-02 9.260587e-01 1.736425e+00 6.874889e-01 5.119827e-01 2.806286e-01 4.603667e-02 1.434777e+00 1.720683e+00 0.000000e+00 
5.641241e+00 5.186301e+00 2.103185e+00 4.659965e+00 8.433883e+00 8.272909e+00 5.001496e+00 4.010056e-01 7.541255e+00 3.633978e+00 2.593859e+00 4.517774e+00 -1.512926e-01 -9.688439e-01 1.679838e+00 9.978914e-02 -5.445662e-01 1.505667e+00 2.491231e-02 -8.457941e-01 -1.688277e+00 -5.524639e-01 6.118802e-01 1.140327e+00 1.177731e+00 0.000000e+00 
6.044252e+00 8.139720e+00 5.396952e+00 8.514022e+00 1.131979e+01 1.282328e+01 7.230633e+00 -3.390688e+00 -1.290281e+00 -3.482197e+00 4.657602e+00 7.102770e+00 -1.512926e-01 -7.248139e-01 1.768547e+00 7.766733e-01 3.021602e-01 1.720546e+00 4.549034e-01 -1.157498e+00 -3.571540e-01 -9.208635e-01 5.626799e-01 2.173397e-01 1.918893e-01 0.000000e+00 
4.035705e+00 8.549674e+00 4.043793e+00 4.007164e+00 1.205662e+01 6.298128e+00 3.167364e+00 -5.100796e+00 1.230832e+00 4.898551e-01 1.720420e+00 4.207880e+00 -1.512926e-01 -5.803423e-01 1.189835e+00 5.792081e-01 -6.033269e-01 2.374721e-01 -1.216712e+00 -1.483448e+00 -1.246317e-01 -6.269103e-01 3.815555e-01 -3.808713e-02 8.916912e-02 0.000000e+00 
5.019834e+00 1.190274e+01 5.931176e+00 5.671079e+00 1.184683e+01 9.471531e+00 2.384261e+00 6.717082e-01 2.451511e+00 4.622242e+00 9.925547e-01 2.758136e+00 -1.512926e-01 -8.386341e-01 3.094510e-01 -3.232400e-02 -9.310896e-01 -4.943164e-01 -1.590090e+00 -1.858748e+00 6.131305e-01 1.742786e+00 1.393020e+00 -5.045708e-01 -1.073568e+00 0.000000e+00 
3.251739e+00 9.253965e+00 4.732114e+00 3.064801e+00 9.357719e+00 3.865221e+00 7.443428e-03 -2.253351e+00 2.535807e+00 1.489536e+00 4.235948e+00 7.135936e+00 -1.512926e-01 -7.312789e-01 -1.315756e-02 -2.750597e-01 -5.235637e-01 -1.755499e+00 -6.031854e-01 -2.723360e-03 4.967159e-01 8.322273e-01 -1.081244e-01 -8.718808e-01 -1.562467e+00 0.000000e+00 
2.243065e+00 9.334829e+00 4.891171e+00 4.329755e+00 1.019766e+01 6.089282e+00 -4.831481e-01 -1.748758e+00 6.771161e+00 2.983061e+00 8.769845e-01 2.709002e-01 -1.512926e-01 -9.101216e-01 -9.304417e-01 -5.526896e-01 -8.161205e-01 -1.633738e+00 2.069337e-01 1.999794e+00 1.223963e-01 2.138960e-01 -7.333634e-01 -1.370473e+00 -1.701723e+00 0.000000e+00 
1.767695e+00 9.767839e+00 3.188496e+00 2.060007e+00 4.103716e+00 4.973326e+00 4.587452e+00 -1.406983e+00 3.232144e+00 7.688241e-01 -2.581199e+00 -2.360835e+00 -1.512926e-01 -6.369697e-01 -6.783968e-01 -6.304684e-01 -2.451136e-01 -1.500223e+00 7.858955e-01 1.974457e+00 9.079517e-01 -5.152982e-01 2.413566e-01 -5.923518e-01 -4.045358e-01 0.000000e+00 
1.211247e+00 6.993590e+00 3.939537e+00 2.092873e+00 6.305148e+00 9.952147e+00 1.009323e+01 8.605055e-01 3.172823e+00 1.315781e+00 -2.451236e+00 -1.002093e+00 -1.512926e-01 -2.954509e-01 -6.679784e-01 -8.089085e-01 -8.810667e-01 -6.052078e-01 1.520108e+00 1.275863e+00 2.230211e-01 -2.960816e-01 7.966274e-01 1.027860e+00 1.433650e+00 0.000000e+00 
5.827990e-01 7.032601e+00 2.055589e+00 2.957674e+00 3.802860e+00 5.863266e+00 4.591541e+00 9.817752e-01 1.758485e+00 3.529958e+00 2.938299e+00 5.749754e+00 -1.512926e-01 -1.741686e-02 -3.366686e-01 -2.713859e-01 -1.528704e-01 1.166283e+00 1.606845e+00 2.200938e-01 5.271198e-01 3.896286e-01 1.028917e+00 1.466824e+00 1.884491e+00 0.000000e+00 
1.358258e+00 7.362557e+00 1.413083e+00 -5.244116e-01 7.322046e+00 1.324485e+01 5.894122e+00 -1.828032e+00 6.027582e+00 5.585630e+00 3.256537e+00 3.383857e+00 -1.512926e-01 5.106138e-01 5.051607e-01 3.851871e-01 -2.994289e-02 4.108017e-01 -3.391748e-01 -9.410064e-01 2.411346e-01 -6.442820e-01 -6.848533e-01 1.004614e-01 5.137785e-01 0.000000e+00 
1.607105e+00 7.900013e+00 3.094794e+00 2.604297e+00 9.426682e+00 1.136120e+01 7.787474e+00 2.572885e+00 3.752908e+00 3.778485e+00 1.899033e+00 4.868644e+00 -1.512926e-01 6.528822e-01 3.450694e-01 5.507137e-01 6.791974e-01 1.053478e+00 -3.380442e-02 -2.042895e-01 1.702623e-02 -2.729649e-01 -1.027186e+00 -6.842104e-01 -1.918319e-01 0.000000e+00 
3.252163e+00 9.085688e+00 5.345870e+00 2.119847e+00 5.547245e+00 5.507308e+00 3.790228e+00 1.270623e+00 -1.045798e+00 -2.232749e+00 -1.429296e+00 2.007355e+00 -1.512926e-01 2.813603e-01 3.451104e-01 1.779395e-01 1.323578e+00 5.064830e-01 -1.411246e+00 -8.110695e-01 -4.419040e-01 -1.569552e+00 -1.423812e+00 -1.098814e-01 -3.731034e-01 0.000000e+00 
2.900257e+00 7.896383e+00 2.842764e+00 5.031532e+00 9.957652e+00 9.563015e+00 4.622041e+00 -4.824213e-01 3.930351e+00 2.303218e+00 1.860163e+00 5.478845e+00 -1.512926e-01 5.170736e-02 -3.413320e-01 -8.878118e-01 8.475769e-01 -3.288608e-01 -1.392910e+00 -1.130154e+00 -5.129316e-01 -2.397804e-01 -1.084219e+00 4.340524e-01 -1.633328e+00 0.000000e+00 
2.118484e+00 9.089924e+00 2.428795e+00 4.879859e+00 9.588976e+00 7.087713e+00 3.421491e+00 -2.509899e+00 -1.908897e+00 -7.957938e-01 2.726565e+00 1.213239e+00 -1.512926e-01 4.126177e-02 -1.029899e+00 -1.875804e+00 7.627300e-01 4.826794e-01 -5.348290e-01 4.033838e-01 5.206248e-01 6.409441e-01 4.420884e-01 4.530121e-01 -6.704773e-01 0.000000e+00 
2.432482e+00 6.191235e+00 1.142718e-01 5.462176e+00 5.761512e+00 3.606446e+00 2.321073e+00 1.898488e+00 2.985555e+00 -2.361090e+00 1.991365e+00 -2.900937e+00 -1.512926e-01 2.412328e-01 -1.123529e+00 -1.071353e+00 -2.285144e-01 -1.261273e+00 -1.863059e+00 -4.222741e-01 -1.363936e-01 -4.094272e-01 3.378290e-01 -1.729611e-01 2.131834e-01 0.000000e+00 
3.692360e+00 4.788766e+00 -2.668905e+00 5.718175e+00 1.005871e+01 5.811448e+00 6.957631e+00 2.683292e+00 2.631320e+00 2.309846e+00 7.701632e-01 2.844859e+00 -1.512926e-01 5.359522e-01 -7.214603e-01 -1.675702e-01 -6.430835e-01 -1.543345e+00 -9.206384e-01 -1.119333e+00 -8.555918e-01 -1.484863e-01 9.668108e-01 -7.595365e-02 1.735226e+00 0.000000e+00 
3.319483e+00 4.429317e+00 3.485096e-02 3.469801e+00 3.416420e+00 8.858540e-01 7.426000e-01 -3.760985e+00 -3.868933e-01 2.439543e+00 1.973559e+00 5.728952e+00 -1.512926e-01 7.391741e-01 3.114004e-02 8.505015e-01 -4.863451e-01 5.279679e-02 5.301733e-01 4.449650e-01 -7.260224e-01 -7.853051e-01 1.419459e+00 -9.779022e-02 1.543976e+00 0.000000e+00 
4.354744e+00 6.363582e+00 1.630655e+00 2.660629e+00 3.044798e+00 3.844817e+00 -1.385939e+00 -3.958121e+00 -9.651046e-01 1.637944e+00 2.355700e+00 5.574426e+00 -1.512926e-01 3.394939e-01 6.277487e-01 1.173656e+00 7.256131e-02 7.539824e-01 5.182672e-01 4.477728e-01 -9.433565e-02 6.133270e-01 1.516422e+00 1.336228e+00 2.942244e-01 0.000000e+00 
5.797160e+00 5.559527e+00 2.217000e+00 4.559224e+00 9.532454e+00 7.240628e+00 8.717683e+00 1.589083e+00 8.572419e-01 5.072157e+00 7.096455e-01 3.454161e+00 -1.512926e-01 1.459262e-01 6.864998e-01 4.624542e-01 7.008580e-01 2.243418e+00 1.005967e+00 1.552760e+00 1.008983e+00 1.696656e+00 1.920992e+00 1.794695e+00 -6.721993e-02 0.000000e+00 
4.150991e+00 7.362404e+00 2.108299e+00 5.536271e+00 1.077061e+01 5.225398e+00 5.208954e+00 -4.634200e-01 5.075888e+00 8.575649e+00 8.083258e+00 5.453377e+00 -1.512926e-01 -2.053675e-01 3.800521e-01 8.465888e-02 6.728330e-01 1.668977e+00 7.459304e-02 9.681056e-01 4.936898e-01 1.630063e+00 1.737890e+00 1.882873e+00 1.757118e-01 0.000000e+00 
