-1.322349e+01 -9.294513e-01 1.937679e+00 -1.461465e+00 8.284435e+00 9.567709e+00 5.566815e+00 1.199315e+01 1.028995e+01 1.285713e+01 6.645294e+00 6.650459e+00 3.235871e-02 7.314701e-02 3.938572e-01 5.926118e-01 8.066082e-02 -1.235164e+00 -1.773870e+00 2.685826e-01 7.041017e-01 -2.116167e+00 -1.442624e+00 3.556605e-01 8.630112e-01 -2.848274e-03 
-1.204507e+01 1.916735e+00 6.717999e+00 -1.297195e+00 4.739472e+00 7.897507e+00 7.040820e+00 1.623252e+01 4.076723e+00 2.558635e+00 4.958974e+00 8.321678e+00 2.074528e-02 4.113655e-02 -1.770801e-01 1.028348e-01 6.693069e-01 -5.085182e-01 -1.573974e+00 5.915428e-01 2.094908e-02 -1.713882e+00 -1.018121e+00 -6.235466e-02 4.616765e-01 -4.618406e-03 
-1.344696e+01 -3.832586e-01 2.510577e+00 -1.140296e+00 3.881096e+00 1.533462e+00 6.172726e+00 1.339397e+01 2.815723e+00 1.079327e+01 9.266756e+00 1.012991e+01 2.392405e-02 3.663254e-02 9.191780e-02 -1.025557e-01 1.082641e+00 2.585669e-01 -1.191692e-01 4.887544e-01 -1.958329e+00 -2.105285e+00 -1.009755e+00 -1.339792e+00 -3.427089e-01 -7.239103e-04 
-1.290607e+01 -2.087948e+00 2.165403e+00 1.724484e+00 7.943514e+00 5.714962e+00 8.221575e+00 1.139748e+01 5.457650e+00 8.798465e+00 5.022790e+00 7.219119e+00 1.348400e-02 -3.443773e-01 5.363052e-02 -7.906603e-01 3.266930e-01 1.114998e+00 1.059985e+00 -1.402800e-01 -2.393403e+00 -4.337276e-01 3.525537e-01 -1.980534e+00 -9.170086e-01 5.824625e-03 
-1.260983e+01 1.532480e+00 3.701198e+00 2.440901e+00 7.975249e+00 1.006314e+01 7.420210e+00 4.619021e+00 -9.269398e-01 4.688443e+00 -8.557463e-02 5.488194e+00 3.236979e-02 -1.846615e-01 6.668296e-01 -2.616081e-02 -3.665504e-01 1.094178e+00 1.734401e+00 -8.785452e-01 -1.738422e+00 -4.747407e-01 -4.515323e-01 -1.247460e+00 -8.858452e-01 6.152934e-03 
-1.418553e+01 1.227019e+00 2.169387e+00 -1.454329e+00 8.267385e+00 8.932595e+00 5.715678e+00 8.652980e+00 3.779417e+00 7.373815e+00 -2.675319e-01 6.057491e+00 4.564553e-02 -2.714512e-01 5.071689e-01 5.720211e-01 -5.018785e-01 7.028919e-01 8.077047e-01 -9.230469e-01 -7.489591e-01 -1.373639e+00 6.571037e-01 1.521940e+00 1.201299e-01 5.677718e-03 
-1.373054e+01 1.293406e+00 2.377781e+00 -1.383642e+00 9.190050e+00 8.596652e+00 3.032948e+00 6.074109e+00 1.281136e+00 9.247930e+00 5.674616e+00 6.281493e+00 3.860795e-02 -1.297003e-01 -5.367733e-02 2.719815e-01 1.669676e-01 6.773499e-01 -2.008007e-01 -9.113475e-02 7.210536e-01 -4.009427e-01 1.031773e+00 1.807854e+00 7.042819e-01 5.219573e-03 
-1.370297e+01 5.674334e-01 5.687217e+00 1.127364e+00 1.085057e+01 1.048673e+01 5.799971e+00 6.925143e+00 -2.514585e+00 9.804240e+00 9.752396e+00 7.423119e+00 3.875351e-02 5.481703e-01 9.562588e-02 2.302638e-01 4.511783e-01 -4.125010e-01 -2.285350e-01 3.055468e-01 1.358926e-01 -9.310983e-01 -2.052247e-01 1.734797e-01 -1.058234e+00 -6.163299e-04 
-1.349961e+01 1.593886e+00 3.302191e+00 1.984893e+00 1.007040e+01 8.282066e+00 6.922390e+00 9.088207e+00 2.153475e-01 8.632093e+00 3.943732e+00 8.326790e+00 6.191367e-02 6.310724e-01 1.154796e-01 -2.330466e-01 8.907055e-01 -8.785259e-01 -7.037307e-01 8.198792e-01 1.799255e+00 4.382694e-01 -8.688263e-01 -1.743985e+00 -1.160576e+00 1.100957e-04 
-1.156014e+01 1.554908e+00 2.858501e+00 -8.827050e-01 5.764703e+00 7.947213e+00 5.298691e+00 7.825394e+00 -3.431804e-01 6.655610e+00 1.465309e+00 -2.563274e-01 3.091103e-02 7.628916e-01 -1.949571e-02 -3.675806e-01 2.302466e-01 -1.383963e+00 -1.128755e+00 -5.840019e-01 1.826389e-01 -6.000216e-01 -1.792545e+00 -1.833590e+00 -5.045234e-01 -1.890552e-03 
-1.164659e+01 1.377066e+00 2.626906e+00 4.074920e+00 7.340356e+00 6.347755e+00 7.382984e+00 1.462026e+01 2.386781e+00 6.478114e+00 1.098233e+00 4.318338e+00 4.307967e-02 7.862441e-01 3.496114e-01 7.357768e-01 -6.323693e-01 -1.027268e+00 -3.617575e-02 -4.462008e-01 -1.599376e+00 -9.357060e-01 -1.585072e+00 6.187500e-01 1.143524e+00 -4.776353e-03 
-1.081502e+01 5.783644e-01 4.186957e+00 1.233583e+00 5.295784e+00 5.810107e+00 2.649664e+00 5.072311e+00 -6.600410e+00 1.918505e+00 2.007193e+00 6.904728e+00 3.871775e-02 5.026015e-01 5.430943e-01 1.179523e-01 -3.940876e-01 -3.075162e-01 -6.019230e-02 -4.965198e-01 -7.807801e-01 1.117322e-01 3.777564e-01 1.623932e+00 3.003781e+00 1.525889e-02 
-9.940948e+00 3.830215e+00 6.316848e+00 -2.235098e+00 5.168526e+00 9.169741e+00 6.015900e+00 2.467866e+00 -1.334567e+00 3.075286e+00 6.766540e+00 1.046388e+01 3.412855e-02 3.663618e-01 4.902774e-01 -3.407247e-01 -1.442329e+00 -1.279937e+00 4.954351e-01 -5.099550e-01 -1.043592e+00 -5.339211e-01 1.208724e-01 4.106605e-01 1.167859e+00 2.343385e-02 
-9.899955e+00 3.043806e+00 1.603292e+00 3.018653e-01 5.313037e+00 6.235259e+00 3.499634e+00 9.997690e+00 2.076155e+00 1.024581e+01 6.750813e+00 1.168981e+01 1.116810e-01 2.673352e-01 1.850812e-01 -1.156530e+00 -5.810319e-01 -6.842158e-01 -1.589687e-01 8.347113e-01 3.282497e-01 -1.680996e-01 8.166669e-01 5.622487e-01 -2.476841e-01 9.263337e-03 
-1.027231e+01 2.595733e+00 2.215115e+00 -2.670866e+00 9.320452e-01 8.612354e+00 4.408224e+00 6.939612e+00 -4.621107e+00 2.918826e+00 7.797258e-01 7.765094e+00 1.237673e-01 -1.742268e-02 -9.942942e-01 -1.133618e+00 -8.794598e-02 -1.198312e+00 -1.187517e+00 7.271266e-01 9.005993e-01 -1.552781e+00 -6.148692e-01 2.610325e-01 -9.115423e-01 -7.971490e-03 
-9.312659e+00 2.121011e+00 4.551740e-01 -1.453692e+00 3.992945e+00 5.293957e+00 7.627058e+00 4.477686e+00 -5.797638e+00 6.080070e+00 7.811843e+00 7.015701e+00 4.021508e-02 9.245872e-03 -1.032316e+00 -5.141636e-01 -3.946700e-01 -7.263232e-01 -1.749456e+00 1.286386e+00 -5.119607e-01 -2.329972e+00 -3.250227e+00 -1.390818e+00 -1.971551e+00 -2.019741e-02 
-1.032171e+01 -6.798588e-01 1.222815e+00 -1.797049e+00 -1.629901e-01 3.702809e+00 7.587821e+00 9.730865e+00 -5.161576e+00 2.083808e+00 7.541187e+00 8.243224e+00 3.000408e-02 7.144882e-01 -3.872744e-01 -9.354630e-01 -5.498639e-01 -1.590980e+00 -2.969583e+00 -4.253390e-02 -1.252960e+00 -1.634694e+00 -2.635360e+00 -6.106578e-01 -2.200041e+00 -4.534108e-03 
-9.829028e+00 -4.799790e-01 -4.713759e-01 -2.108393e+00 2.228938e+00 -5.724597e-02 8.341768e+00 6.042260e+00 -9.303468e+00 -5.587823e+00 -3.584009e+00 1.592986e+00 5.757558e-02 1.282573e+00 7.230551e-01 3.546498e-01 2.158277e-01 -1.677111e+00 -2.235552e+00 -1.062111e+00 -1.860865e+00 -1.545314e+00 -3.361089e+00 -1.612798e+00 -2.866804e+00 2.344021e-02 
-6.441689e+00 1.959856e+00 -1.998925e+00 -5.092835e+00 -6.140852e+00 -3.559957e+00 3.838200e+00 -1.074755e-01 -1.104166e+01 -4.424026e+00 3.424363e+00 -5.237539e-01 9.241647e-02 2.726982e+00 2.767530e+00 1.053454e+00 6.746453e-01 -2.430468e-01 -1.723751e+00 -1.761597e+00 -3.693960e+00 -1.718128e+00 -1.938601e+00 -1.640180e+00 -2.853092e+00 5.049327e-02 
-4.839805e+00 4.416430e+00 3.839293e+00 1.273340e+00 -1.403677e+00 -2.252420e+00 4.191312e+00 9.253025e-02 -1.058416e+01 -7.471458e+00 1.806264e+00 -2.934832e+00 1.262099e-01 4.496041e+00 4.219202e+00 2.291962e+00 -4.565229e-02 -1.551261e+00 -1.167365e+00 -2.302464e+00 -3.786938e+00 -1.200920e+00 -5.003940e-01 -1.457297e+00 -1.057116e+00 1.253338e-01 
8.185878e-01 1.070959e+01 4.334753e+00 -1.146889e-01 4.380832e-01 -3.818361e+00 8.550658e-01 -5.764071e+00 -1.311187e+01 -6.667381e+00 -3.354849e+00 -3.758327e+00 2.481533e-01 5.260806e+00 3.483092e+00 1.212816e+00 -1.498496e+00 -1.855973e+00 -1.662927e+00 -1.883228e+00 -2.420724e+00 -1.800529e+00 -5.066029e-01 -2.515086e+00 -7.117823e-01 1.799033e-01 
9.021036e+00 1.624116e+01 7.821595e+00 -4.825728e+00 -8.816835e+00 -5.764871e+00 -1.678985e+00 -1.006413e+01 -1.427296e+01 -6.968115e+00 -7.480887e+00 -2.075308e+00 6.063759e-01 5.018426e+00 2.004724e+00 -1.010271e+00 -3.009073e+00 -3.218229e+00 -1.808818e+00 -2.122867e+00 -2.166341e+00 -5.117601e-01 4.606852e-01 -1.151592e-02 8.732201e-01 1.938126e-01 
1.293192e+01 1.346295e+01 2.074002e+00 -9.535780e+00 -1.171414e+01 -1.011837e+01 -2.642792e+00 -7.132766e+00 -1.819991e+01 -7.208712e+00 -4.507494e+00 -4.512427e+00 7.518499e-01 3.377173e+00 -3.574314e-01 -1.887422e+00 -2.479000e+00 -3.289845e+00 -6.924637e-01 -1.091518e+00 -4.899988e-02 1.922442e+00 1.071442e+00 1.330503e+00 1.906688e+00 1.491261e-01 
1.419566e+01 1.306337e+01 -8.168745e-02 -9.061478e+00 -1.141871e+01 -8.146503e+00 -4.674095e+00 -1.005483e+01 -1.059895e+01 -4.897367e+00 2.325006e+00 1.808319e+00 8.434246e-01 1.250162e+00 -2.025943e+00 -2.362068e+00 -1.514282e+00 -1.463339e+00 7.365059e-01 6.692423e-01 1.222814e+00 3.556967e+00 7.623842e-01 1.239130e+00 1.013564e+00 6.158910e-02 
1.511714e+01 1.051133e+01 -1.150715e+00 -1.039181e+01 -1.471020e+01 -6.089863e+00 -3.104971e+00 -6.013721e+00 -5.336668e+00 -2.345543e+00 -1.605280e+00 3.833302e+00 8.752593e-01 9.953842e-02 -1.959697e+00 -1.477173e+00 -1.053685e+00 -1.300853e+00 2.481263e+00 1.933929e+00 1.359479e+00 4.239253e+00 1.591055e-01 -1.529659e-01 1.566097e-01 2.806804e-02 
1.417924e+01 7.587260e+00 -2.376386e+00 -1.196912e+01 -1.463550e+01 -4.096594e+00 1.898316e+00 -4.509580e+00 -2.919746e+00 -5.587778e+00 -2.736341e+00 -1.180355e+00 8.526168e-01 -3.822574e-01 -2.445782e+00 -1.339566e+00 -1.853575e+00 -9.615740e-01 2.956856e+00 2.820024e+00 1.970598e+00 1.974143e+00 -9.607218e-01 -1.179513e+00 -1.532926e+00 1.998425e-02 
1.343782e+01 6.402520e+00 -4.164514e+00 -1.335038e+01 -1.661001e+01 2.629933e-01 3.740647e+00 -3.107996e+00 -8.432373e-01 -6.067979e+00 -2.741650e+00 -2.235042e+00 8.875940e-01 -6.244122e-01 -2.695590e+00 -1.185828e+00 -1.971885e+00 1.315479e-02 3.160026e+00 2.644827e+00 6.201590e-01 6.315388e-01 -1.195025e+00 -3.248091e-01 -2.371976e+00 2.772702e-02 
1.312403e+01 2.888860e+00 -5.272620e+00 -1.685007e+01 -1.527667e+01 3.461350e+00 6.003217e+00 -1.654702e+00 -2.974945e+00 -7.839759e+00 -3.004373e+00 -2.822141e+00 9.371785e-01 -4.990701e-01 -3.030302e+00 -1.222520e+00 -1.388592e+00 1.115121e+00 2.672523e+00 1.604122e+00 -6.821893e-01 -2.978834e-01 -9.377939e-01 2.877138e-01 -3.807195e-01 3.787859e-02 
1.252268e+01 -6.174217e-01 -5.631740e+00 -1.781077e+01 -1.432384e+01 5.931296e+00 8.066714e+00 -4.340365e+00 -2.151375e+00 -7.194678e+00 -3.095310e+00 -7.205684e+00 9.716135e-01 -4.180768e-01 -3.098827e+00 -1.069245e+00 -1.039476e-02 2.414641e+00 1.821734e+00 6.523662e-01 -2.324580e+00 1.262155e-02 -5.230243e-01 1.218869e+00 2.604523e-01 2.561109e-02 
1.214146e+01 -4.054280e+00 -7.755372e+00 -1.668189e+01 -1.020298e+01 6.431867e+00 7.755893e+00 -7.304341e+00 -3.755094e+00 -9.713398e+00 -1.120943e+00 -5.986319e-01 1.000000e+00 -3.068147e-01 -2.502539e+00 -9.804397e-01 1.592415e+00 2.580552e+00 1.750507e+00 -1.038782e+00 -2.736087e+00 7.815718e-01 4.048749e-01 1.517829e+00 1.177641e+00 7.785356e-03 
1.183873e+01 -5.620045e+00 -8.269361e+00 -1.348645e+01 -7.073657e+00 7.886405e+00 6.126140e+00 -1.190607e+01 -3.900551e-01 -7.746281e+00 2.410980e+00 -2.044535e+00 9.842387e-01 -3.162192e-01 -1.892045e+00 -9.953024e-01 2.408779e+00 2.259673e+00 9.101517e-01 -2.241183e+00 -2.627138e+00 1.631687e+00 4.855433e-01 1.501790e+00 8.611614e-01 -6.982869e-03 
1.193194e+01 -7.122525e+00 -8.856007e+00 -1.105015e+01 -5.999006e+00 1.123633e+01 1.779591e+00 -1.155228e+01 5.225396e-02 -5.539583e+00 1.831625e+00 4.854913e-01 9.697927e-01 -1.625729e-01 -1.537586e+00 -6.637901e-01 2.804158e+00 1.510337e+00 -1.579886e-01 -2.508859e+00 -1.984814e+00 2.571731e+00 1.159893e+00 9.359794e-01 -1.222353e+00 -8.434951e-03 
1.104635e+01 -8.543523e+00 -1.005793e+01 -8.582735e+00 -5.127463e+00 8.079823e+00 -1.510496e-01 -1.535209e+01 4.103384e+00 -6.853869e+00 2.937356e+00 -3.441938e+00 9.518028e-01 -7.110786e-02 -1.363789e+00 -3.906117e-01 2.701811e+00 1.299023e+00 -1.418524e+00 -1.955112e+00 -9.412643e-01 2.678364e+00 1.157930e+00 1.953469e-01 -1.378832e+00 -1.529741e-03 
1.172479e+01 -1.028047e+01 -1.018004e+01 -5.112952e+00 -3.624390e+00 5.545215e+00 -1.649807e+00 -1.550541e+01 6.856841e+00 -4.360140e+00 3.295766e+00 -6.011696e+00 9.740432e-01 -4.253735e-01 -8.435005e-01 3.885313e-01 1.920175e+00 1.693953e+00 -2.830706e+00 -1.147411e+00 1.299858e-01 2.216477e+00 1.876289e+00 -4.852040e-01 -1.570737e+00 2.055883e-03 
1.158676e+01 -1.086002e+01 -9.560406e+00 -2.945995e+00 -1.765851e+00 3.639340e+00 -1.934720e+00 -1.463583e+01 9.599472e+00 -2.546351e+00 2.655644e+00 -5.690100e+00 9.744648e-01 -5.687362e-01 -4.188648e-01 6.389715e-01 1.677970e+00 1.359071e+00 -2.464825e+00 -1.111985e+00 1.303748e+00 1.769806e+00 1.608034e+00 -8.400551e-01 -6.767483e-01 2.863324e-03 
9.534863e+00 -1.018178e+01 -7.162115e+00 -4.267650e+00 7.899547e-01 -6.969616e-01 -3.065630e+00 -1.126048e+01 8.386596e+00 1.688102e+00 -4.535394e-01 -6.244113e+00 9.687411e-01 -5.449318e-01 -3.016716e-01 7.057208e-01 1.382308e+00 3.078137e-01 -1.879325e+00 -6.633857e-01 1.982548e+00 1.605638e+00 1.236176e-01 -9.357093e-01 3.408432e-02 -9.245897e-03 
9.297628e+00 -1.068719e+01 -8.372038e+00 -6.155362e-01 -5.392828e-01 -1.123213e+00 -5.003065e+00 -1.095581e+01 1.218753e+01 -1.837820e+00 6.117336e-01 -6.709471e+00 9.687705e-01 -3.844389e-01 -2.694456e-01 4.037708e-01 1.410978e+00 -3.163186e-01 -1.546370e+00 -3.751191e-01 2.464943e+00 1.258932e+00 -6.308679e-01 -1.079107e+00 4.788199e-01 -1.153627e-02 
1.014469e+01 -1.187524e+01 -7.245616e+00 6.333573e-01 -2.698606e+00 -1.470133e+00 -3.432563e+00 -7.432677e+00 1.359100e+01 -4.096317e+00 -3.608246e-01 -5.331589e+00 9.306608e-01 -5.138636e-02 -2.416350e-01 2.168905e-01 1.388323e+00 -9.297584e-01 -8.346895e-01 -2.466674e-01 2.836458e+00 6.964197e-01 -9.204065e-01 -8.124084e-01 3.521818e-01 -1.302930e-02 
9.359653e+00 -1.136051e+01 -7.499801e+00 1.658393e+00 -1.603163e+00 -3.705926e+00 -3.626849e+00 -4.225018e+00 1.329193e+01 -2.808481e+00 -2.786248e+00 -3.752262e+00 9.358236e-01 1.836777e-03 1.039146e-01 4.532070e-01 6.021028e-01 -7.196610e-01 -9.604085e-01 -1.775398e-02 3.152569e+00 -6.373581e-01 2.674719e-01 -1.024573e+00 2.657302e-01 -1.762212e-02 
9.246918e+00 -1.105329e+01 -6.513780e+00 1.536999e+00 -3.326897e+00 -3.579053e+00 -4.987075e+00 -4.435852e-01 1.131650e+01 -2.428601e+00 -2.816591e+00 -5.961808e+00 9.200681e-01 -1.273110e-01 1.039871e+00 3.208198e-01 4.096591e-01 -1.063142e+00 -4.590177e-01 -6.619138e-01 2.670318e+00 -1.262666e+00 7.453907e-01 -6.083109e-01 -2.689014e-01 -2.567269e-02 
9.755700e+00 -1.057859e+01 -6.471920e+00 1.943157e+00 -3.823442e+00 -4.870795e+00 -4.314579e+00 1.312489e+00 1.013800e+01 -1.334319e+00 -3.283250e+00 -5.065710e+00 8.859563e-01 2.950200e-01 1.379001e+00 4.152586e-01 2.342467e-01 -1.973607e+00 2.044616e-01 -5.881030e-01 1.125910e+00 -1.072199e+00 7.593747e-01 -3.868121e-01 1.009063e-01 -4.142305e-02 
9.310115e+00 -7.066848e+00 -6.155458e+00 2.539271e+00 -6.904178e+00 -3.182786e+00 -6.398267e+00 3.150160e+00 8.854637e+00 -1.106445e+00 -3.153878e+00 -6.019372e+00 8.272310e-01 5.083591e-01 2.018257e+00 3.671240e-01 1.211688e-01 -9.316333e-01 -1.903407e-01 -9.349364e-01 -4.110852e-01 -3.459217e-01 -3.078010e-01 4.055004e-02 1.180215e+00 -5.331873e-02 
1.080315e+01 -6.458735e+00 -5.602669e+00 2.328491e+00 -9.682556e+00 -2.881751e+00 -5.861768e+00 -3.923395e-01 9.161863e+00 3.273149e-01 -4.551665e+00 -3.218949e+00 7.751268e-01 9.351335e-02 2.694829e+00 1.935319e+00 1.571013e+00 -1.472769e-02 -1.510231e+00 3.788023e-01 -1.882118e+00 -1.963885e+00 -1.174396e+00 6.705865e-01 5.320445e-01 -7.022917e-02 
1.126499e+01 -3.021937e+00 -5.112786e+00 1.950176e+00 -5.055506e+00 -5.525278e+00 -8.888163e+00 -1.646597e+00 1.007495e+01 -4.798423e+00 -1.979633e+00 -9.841149e-01 7.088892e-01 -5.769631e-01 2.651237e+00 3.126321e+00 2.980424e+00 7.810628e-01 -3.095083e+00 2.496356e+00 -3.057385e+00 -3.685470e+00 -6.750420e-01 8.509003e-01 -4.534070e-01 -6.848607e-02 
9.245831e+00 8.730985e-01 2.683340e+00 1.009277e+01 -4.821416e+00 -1.125070e+01 -1.175620e+00 -5.699721e+00 -2.915878e-01 -5.360310e+00 -5.174400e-01 -4.923116e+00 5.939814e-01 -9.031543e-01 2.615036e+00 3.361362e+00 3.323534e+00 1.202567e+00 -3.002085e+00 2.849940e+00 -2.650455e+00 -4.016746e+00 -8.782683e-02 6.521215e-01 -1.555594e+00 -5.324752e-02 
7.203961e+00 2.523418e+00 5.333142e+00 1.355926e+01 -5.429434e+00 -1.447372e+01 3.740441e+00 -9.483076e+00 -4.845985e+00 -1.637842e+00 -9.164889e-01 -7.434323e+00 5.753734e-01 -8.168539e-01 1.846832e+00 2.742763e+00 2.458834e+00 4.398718e-01 -1.700006e+00 2.117511e+00 -1.911187e+00 -2.953039e+00 1.202469e+00 -3.515472e-01 -2.140464e+00 -2.940769e-02 
8.317896e+00 3.843767e+00 5.981175e+00 1.314162e+01 -3.482755e+00 -1.341795e+01 2.073632e+00 -9.726377e+00 -3.461396e+00 -1.692109e+00 -1.822629e+00 -7.771816e+00 5.756471e-01 -2.002535e-01 1.016710e+00 8.146288e-01 6.657122e-01 6.446379e-01 -1.668110e-01 -1.002404e+00 -5.008110e-01 -4.273546e-01 5.764936e-01 -3.397245e-01 -1.257691e+00 2.253854e-03 
7.644684e+00 4.726888e+00 6.952113e+00 1.271992e+01 -3.525478e+00 -1.294168e+01 7.476687e-02 -9.189201e+00 -3.105339e+00 -6.201773e-01 -3.084774e+00 -1.026208e+01 5.710179e-01 -1.416899e-01 8.787655e-01 1.025039e+00 -4.306602e-03 -1.672444e-02 -1.077923e-01 -9.946195e-01 1.103125e+00 -5.113043e-01 -9.990450e-01 8.717754e-02 -5.198926e-01 7.680035e-03 
8.024202e+00 4.854914e+00 5.946999e+00 1.384100e+01 -2.550205e+00 -1.285078e+01 -4.354804e+00 -8.350714e+00 -3.298684e+00 -2.986674e+00 -1.131920e+00 -9.797690e+00 6.074284e-01 -5.639265e-01 1.198299e+00 1.291224e+00 -9.781542e-02 -5.068722e-01 -6.168919e-01 -2.787925e-01 1.812749e+00 -2.260542e-01 -1.614055e+00 -4.653241e-01 -4.934454e-02 -4.447335e-03 
6.642358e+00 6.411672e+00 1.047542e+01 1.318804e+01 -5.979331e+00 -1.529627e+01 1.981561e+00 -4.655283e+00 -7.483863e+00 -5.985785e+00 -8.259561e-01 -9.020849e+00 5.978829e-01 -7.370424e-01 1.036347e+00 5.368477e-01 5.435591e-01 -2.719402e-04 -3.946934e-02 4.146306e-01 1.652349e+00 -4.661324e-02 2.391031e-01 -8.568907e-02 3.062924e-01 -2.523786e-02 
5.999426e+00 8.992871e+00 1.067564e+01 1.241849e+01 -4.790189e+00 -1.532512e+01 -2.737281e-01 -2.929592e+00 -2.402405e+00 -7.079582e+00 -5.278659e+00 -8.639155e+00 5.399779e-01 -1.085797e+00 -3.652392e-02 8.546025e-01 1.774517e+00 8.660836e-01 1.003548e+00 2.652366e-01 3.630982e-01 -6.091176e-01 9.943503e-01 -6.217321e-01 2.678866e-01 -3.199882e-02 
4.971860e+00 7.839646e+00 7.272031e+00 1.614897e+01 -2.406846e+00 -1.190186e+01 1.073816e-01 -3.638019e+00 -3.786545e+00 2.621793e+00 -1.439850e+00 -9.309888e+00 4.785538e-01 -1.250605e+00 -1.033398e+00 2.102323e-01 1.447045e+00 2.226198e+00 3.046722e+00 -1.047276e+00 -9.215317e-01 -7.136532e-01 -8.581700e-02 -1.159868e+00 1.375645e+00 -3.614263e-02 
3.430468e+00 3.958308e+00 1.182171e+01 2.123311e+01 -6.030083e-03 -9.530244e+00 -2.091532e+00 -7.043855e+00 -8.192931e+00 -2.318711e+00 -3.933633e+00 -8.313738e+00 5.070989e-01 -1.575175e+00 -3.227019e+00 -2.720992e-01 -1.648286e+00 2.393525e+00 3.665157e+00 -1.485875e+00 -4.946588e-01 3.621565e-01 3.395863e-01 -9.975080e-01 3.432055e+00 -2.800424e-02 
1.673815e+00 3.761963e+00 1.095355e+01 1.601595e+01 2.759580e+00 -2.960098e+00 -2.345916e+00 -7.205810e+00 -8.156865e+00 -8.795306e+00 -7.297811e+00 -2.305331e+00 4.336093e-01 -1.553447e+00 -4.060026e+00 -2.204793e+00 -4.277525e+00 1.427540e+00 2.245925e+00 -2.671948e+00 1.214362e+00 3.194981e+00 -5.553093e-01 -8.683559e-01 2.773923e+00 -2.296726e-02 
-2.274275e-01 -5.103383e+00 7.474384e+00 4.243569e+00 4.594222e+00 -1.470217e+00 -6.476453e+00 -3.618991e+00 1.593538e+00 3.268986e-01 -7.337219e+00 5.018841e+00 4.224290e-01 -1.250148e+00 -3.712302e+00 -5.014114e+00 -4.649058e+00 8.398356e-01 4.953544e-01 -3.221897e+00 4.316590e+00 6.245645e+00 9.024200e-01 8.137687e-01 1.950557e+00 -1.316621e-02 
-9.664292e-01 -7.929639e+00 -1.578270e+00 3.256117e+00 2.430727e+00 -4.702248e+00 -1.105990e+01 7.213588e-01 7.295126e+00 -1.477558e+00 -4.079836e+00 -2.106564e+00 4.060525e-01 -9.007939e-01 -3.043797e+00 -5.763119e+00 -3.797685e+00 1.277144e+00 -5.546185e-01 -3.169438e+00 4.154751e+00 5.937391e+00 2.243794e+00 5.995747e-01 -9.879205e-01 1.032864e-02 
-1.500148e+00 -8.757401e+00 -6.982954e+00 4.367743e+00 4.357574e+00 -6.182397e+00 -1.384403e+01 1.057551e+01 1.530930e+01 -1.465484e+00 -1.473777e+00 1.339662e+00 4.550462e-01 -6.871050e-01 -1.141259e+00 -3.927438e+00 -1.639677e+00 1.329638e+00 -1.518421e-01 -2.108890e+00 2.708869e+00 2.346172e+00 7.615992e-01 1.969641e-01 -1.868719e+00 1.121941e-02 
-2.193794e+00 -9.630010e+00 -1.063338e+01 -3.034562e+00 9.263623e+00 -3.377100e+00 -1.450932e+01 6.470694e+00 1.467221e+01 3.319854e+00 -7.231658e+00 -5.405344e+00 4.689439e-01 -3.519618e-01 2.321610e-01 -9.757482e-01 -1.205888e+00 1.870070e+00 1.576691e+00 -7.163547e-01 4.900674e-01 -1.344192e+00 3.848885e-01 -2.969894e-01 -3.040896e-01 -2.075583e-02 
-3.049270e+00 -9.959494e+00 -7.635252e+00 -8.094790e-01 7.825964e+00 -2.892001e+00 -1.529619e+01 7.050690e+00 9.635855e+00 1.736188e+00 -4.776487e+00 -2.675365e+00 4.470803e-01 -4.355672e-01 4.706662e-01 3.170556e-01 -9.039682e-01 3.836017e-02 1.235350e+00 1.294646e+00 -4.611802e-03 -2.179533e+00 6.361772e-01 -4.742295e-01 -8.573934e-01 -4.952009e-02 
-1.951677e+00 -6.167789e+00 -6.130863e+00 -1.847103e-01 1.004688e+01 1.536011e+00 -1.391559e+01 4.934105e+00 3.410887e+00 -1.153952e+00 -3.913428e+00 -1.619498e+00 3.062563e-01 -2.004583e-01 1.248555e+00 7.772082e-01 -2.441931e-01 -2.124991e+00 -8.760691e-03 2.489326e+00 4.156654e-01 -2.110970e+00 2.010667e-02 6.054749e-01 1.380188e+00 -7.233751e-02 
-3.799043e+00 -8.135181e+00 -7.648932e+00 -1.577024e+00 4.157745e+00 -2.462203e+00 -7.667663e+00 1.132074e+01 1.004229e+01 3.952304e+00 -5.504039e+00 -4.840228e+00 2.887896e-01 -1.268792e-01 1.751674e+00 4.799190e-01 -7.502536e-01 -9.877964e-01 8.452643e-01 3.287469e+00 -5.623129e-01 -1.982361e+00 -3.202562e-01 -9.429578e-02 1.228702e+00 -7.454643e-02 
-2.821199e+00 -4.299392e+00 -6.740494e+00 -3.871755e+00 4.727764e-01 -3.635803e+00 -5.876954e+00 6.413994e+00 3.914145e+00 2.312329e+00 -3.840508e+00 2.578028e+00 1.864017e-01 -2.439179e-01 1.995378e+00 7.259326e-01 -6.273564e-01 -1.251168e+00 7.503530e-01 3.363024e+00 -1.447457e+00 -2.460997e+00 1.739205e-01 2.026932e+00 1.182376e+00 -5.541517e-02 
-3.248905e+00 -2.135322e+00 -4.930841e+00 -2.717225e+00 7.674036e+00 3.920227e+00 -2.878161e+00 3.499182e+00 -5.275794e-01 -1.598233e+00 -5.284426e+00 1.369382e+00 1.342754e-01 -3.320239e-01 1.834243e+00 9.487089e-01 -5.086450e-01 -7.128761e-02 1.528414e+00 7.838148e-01 -3.147674e+00 -3.532159e+00 2.093604e-01 1.867312e+00 7.573215e-01 -4.819982e-02 
-3.446336e+00 8.091720e-01 -3.860245e+00 -2.751392e+00 2.032897e+00 2.096561e+00 5.047829e-01 1.607603e+00 -3.609164e+00 2.490919e+00 6.111425e+00 1.187577e+00 1.064375e-01 -1.009998e+00 9.193280e-01 1.071487e+00 4.757630e-01 -3.371277e-02 4.519034e-01 5.896450e-01 -4.745255e-01 -1.370585e+00 7.281385e-01 7.758122e-01 -1.778721e-01 -2.731599e-02 
-5.146594e+00 -1.518250e+00 -4.345512e+00 -4.680430e+00 3.021246e+00 2.313686e+00 -6.939457e+00 -2.014429e+00 -3.856850e+00 4.909811e+00 -1.143444e+00 -3.583949e-01 8.777255e-02 -8.004934e-01 8.390102e-01 1.029340e+00 5.258083e-01 -7.546703e-01 -1.278372e+00 2.273887e-01 3.240848e-02 -3.280609e-01 1.250040e+00 1.139637e+00 4.366562e-01 -2.241423e-02 
-6.922344e+00 -1.128742e-02 -1.675725e+00 -5.113366e-01 2.630607e+00 -5.730150e-01 -8.980815e-01 6.798172e+00 -1.274145e+00 2.698999e+00 -2.031938e+00 2.552556e+00 7.307321e-02 -1.027871e+00 8.877492e-01 2.098252e+00 1.413233e+00 1.130755e+00 -2.838141e-01 8.961678e-02 -8.442120e-02 5.345914e-01 8.364975e-01 2.616693e-01 1.213730e+00 -1.420715e-02 
-5.513368e+00 2.469959e+00 -8.764019e-01 -1.208211e+00 3.601829e+00 -1.136846e+00 -1.039786e+00 1.065940e+00 -3.335393e+00 4.547926e+00 4.485440e+00 2.870174e+00 3.888643e-02 -1.072734e+00 1.501536e+00 2.953926e+00 1.553521e+00 5.950314e-01 5.011917e-01 1.944476e+00 3.667232e-01 -9.570994e-02 -5.231422e-01 4.925846e-01 9.368492e-01 -7.250762e-03 
-8.402307e+00 3.253814e+00 4.896459e+00 2.578664e+00 7.396382e+00 2.402757e+00 -1.996969e+00 -3.546875e-01 -1.196936e+00 6.854349e+00 4.605330e+00 5.641943e+00 5.984479e-02 -7.900301e-01 1.304318e+00 2.293590e+00 1.220404e+00 5.231445e-01 1.981597e+00 2.156059e+00 -3.581065e-01 -1.337766e+00 -5.201406e-01 -5.305375e-01 -3.355959e-01 -1.471192e-03 
-9.770282e+00 4.356882e+00 7.138024e+00 1.542176e+00 3.613516e+00 3.331759e+00 3.332364e+00 3.395617e+00 -4.374004e+00 2.164257e-01 -1.999155e+00 2.781157e+00 5.813295e-02 -9.214143e-01 1.162428e+00 1.827418e+00 8.852256e-01 7.111084e-01 1.828614e+00 1.228450e+00 3.185120e-01 -2.193478e+00 -9.949633e-01 -9.894871e-01 3.724674e-01 5.177534e-03 
-8.744038e+00 5.566840e+00 5.785013e+00 4.215488e+00 5.240486e+00 7.100668e+00 7.696136e+00 3.842801e+00 -7.443668e+00 2.264046e+00 -1.442328e+00 9.190843e-01 5.609399e-02 -2.771025e-02 6.197308e-01 -2.674498e-02 2.038133e-01 8.411221e-02 2.411716e-01 -7.553804e-02 5.003367e-02 -1.051203e+00 -6.304356e-01 -1.225692e-01 6.864781e-01 -1.597381e-03 
-9.949574e+00 7.125585e+00 7.816411e+00 2.399505e+00 8.235319e+00 5.657267e+00 2.559128e-01 5.597556e-01 -1.117942e+01 1.868260e+00 2.561833e+00 7.093940e+00 6.664950e-02 2.523271e-01 1.924021e-01 -3.633752e-01 1.502417e-01 1.476564e-01 -6.658382e-01 -1.456397e+00 -3.761360e-01 9.145023e-01 8.374994e-01 1.175145e+00 1.537963e+00 -3.347111e-03 
-8.451212e+00 4.968116e+00 4.423540e+00 3.169066e+00 5.506042e+00 2.445861e+00 -8.364336e-01 1.313411e+00 -3.050245e+00 2.876254e+00 1.711990e+00 6.917943e+00 4.759961e-02 1.779677e-01 -2.322004e-01 1.108657e-01 -1.458628e-01 1.672875e-01 -2.494735e-01 -1.163684e+00 8.168311e-01 3.164481e+00 1.026694e+00 1.605764e+00 9.741262e-01 -3.692746e-04 
-8.655059e+00 5.618254e+00 6.001884e+00 2.816595e+00 4.219020e+00 2.329972e+00 3.166623e-01 2.779631e+00 -1.998204e+00 4.097819e+00 2.299413e+00 7.471544e+00 4.564458e-02 2.845990e-01 -3.740775e-01 1.683452e-01 1.864810e-01 2.278539e-01 8.790451e-01 5.866631e-01 1.801813e+00 3.677347e+00 1.223544e+00 1.331745e+00 -4.303083e-01 1.335162e-03 
-8.501456e+00 5.159503e+00 7.246605e+00 3.277629e+00 8.085073e+00 7.516948e+00 1.847341e+00 6.817019e+00 3.788130e+00 6.282737e+00 6.717703e+00 5.600913e+00 6.475008e-02 5.311394e-03 -7.597637e-03 6.890851e-01 6.781597e-02 9.024116e-01 1.532915e+00 6.898228e-01 1.504460e+00 1.946308e+00 8.997885e-01 1.442972e+00 -4.504689e-01 5.340642e-03 
