-1.061119e+01 -1.680118e+00 1.937455e+00 4.156513e+00 1.015612e+01 1.092360e+01 9.170892e+00 7.810313e+00 2.092827e+00 1.117434e+01 6.036379e+00 6.072016e+00 -1.264632e-02 -1.604225e-01 1.209409e-01 3.109754e-02 -8.626238e-01 -8.189926e-01 -1.147241e+00 -1.548754e-01 3.242133e-01 -1.048432e+00 -1.403941e+00 -5.672983e-01 -5.587981e-01 5.373955e-03 
-1.026452e+01 -5.269406e-01 3.246018e+00 3.409009e+00 7.201102e+00 7.416340e+00 3.804416e+00 6.909239e+00 -2.002066e+00 6.780578e+00 -1.882773e+00 9.584141e-02 -2.383232e-03 -1.318386e-01 1.837267e-02 -2.617066e-01 -1.504867e+00 -1.410207e+00 -7.833463e-01 1.711073e-01 9.211161e-02 -1.422076e+00 -2.201757e+00 -4.673721e-01 -1.655108e-01 4.880959e-03 
-1.158664e+01 -1.652003e+00 1.438661e+00 2.171466e-01 7.538666e+00 6.941023e+00 1.107975e+01 9.881916e+00 -1.101887e+00 6.351516e+00 7.159463e+00 6.266113e+00 9.091914e-03 -1.792459e-01 2.487160e-01 -3.748634e-01 -2.062953e+00 -1.591749e+00 -1.572224e-01 4.562033e-01 -6.615211e-01 -8.783060e-01 -1.004915e+00 5.314215e-01 1.600580e-01 4.039377e-03 
-1.078266e+01 -1.602313e+00 8.783193e-01 -1.398136e+00 4.413811e+00 8.998156e+00 9.071998e+00 7.235069e+00 -3.420197e+00 2.576967e+00 3.137976e+00 5.147414e+00 8.893609e-04 8.975182e-02 3.120940e-01 -2.462376e-01 -1.317271e+00 -7.027041e-01 6.933624e-01 5.366369e-01 1.515534e-01 6.717159e-01 5.494837e-01 9.617853e-01 4.632806e-01 -1.466060e-03 
-1.124835e+01 1.011479e-01 1.246988e+00 -3.754677e+00 3.591019e+00 9.346579e+00 8.818117e+00 4.339792e+00 -1.589637e+00 8.251571e+00 6.183112e+00 4.346520e+00 5.914271e-03 1.780116e-01 2.084540e-01 3.552201e-01 6.533630e-02 -1.694765e-01 -2.197484e-01 -1.095609e+00 6.577654e-02 1.313188e+00 7.770701e-02 -1.142089e+00 -5.205692e-02 -4.875642e-03 
-9.984901e+00 1.569542e-01 2.110667e+00 -1.191436e+00 5.661405e+00 9.680374e+00 7.618418e+00 1.043807e+01 1.600389e+00 8.577970e+00 3.414330e+00 3.372041e+00 -8.124709e-03 -1.600435e-01 1.994320e-01 6.137496e-01 8.067237e-01 6.973745e-01 -1.144702e+00 -1.027067e+00 -4.338818e-01 -1.129706e-01 -4.505358e-02 -4.886212e-02 9.126077e-01 -1.798207e-03 
-1.109546e+01 -1.489366e+00 2.598588e+00 4.404783e-01 6.067486e+00 5.501172e+00 6.328499e+00 8.609300e+00 2.953758e+00 3.739550e+00 1.310843e+00 6.893515e+00 -1.077926e-02 -1.314952e-01 -3.831010e-02 3.819492e-01 9.873176e-01 1.028204e+00 -1.016732e+00 -1.042091e+00 -8.366968e-01 -1.367512e+00 -8.118011e-01 1.078338e-01 9.487045e-01 -2.696037e-03 
-1.165932e+01 1.901041e-01 3.271267e+00 5.379047e-01 6.662449e+00 5.197349e+00 5.181473e+00 2.930906e+00 -6.256748e+00 4.607710e+00 5.329800e+00 8.436954e+00 2.450943e-04 -8.683662e-02 1.025448e-01 3.102562e-01 5.436619e-01 2.449367e-01 3.465307e-01 1.268087e-01 -1.559409e+00 -1.192576e+00 1.380269e-01 1.662969e-01 -1.128243e+00 3.725767e-04 
-1.106861e+01 -1.069776e-01 2.576434e+00 3.172400e-01 8.231516e+00 6.504432e+00 4.826133e+00 3.909889e+00 -4.498627e+00 6.177695e+00 5.764546e+00 6.557586e+00 -1.175082e-02 5.023880e-01 3.169365e-01 3.065981e-02 -3.866140e-01 -1.073661e+00 6.797900e-02 1.747649e-01 4.533222e-01 6.844133e-01 1.402769e+00 8.768145e-01 -9.261471e-01 2.301836e-03 
-1.043251e+01 -2.151597e-02 3.673025e+00 1.588493e+00 5.804073e+00 1.091140e+01 9.003645e+00 4.990731e+00 -6.362965e-01 8.049031e+00 2.018962e+00 -2.101207e+00 -5.776048e-03 5.258247e-01 1.225924e-01 -2.306035e-01 -1.891385e-01 -2.472642e-01 -4.960576e-01 -8.818963e-01 1.461455e+00 1.779898e+00 2.016521e-01 6.558251e-02 -9.315252e-01 1.276976e-03 
-9.196923e+00 2.011266e-01 2.551008e+00 -2.017886e+00 1.128368e+00 2.984042e+00 5.291238e+00 9.845999e+00 3.565600e+00 9.032734e+00 7.350334e+00 7.531861e+00 3.740489e-03 3.319960e-02 2.505376e-01 1.644488e-01 7.588305e-01 1.091630e+00 -5.872337e-01 -2.476884e-01 1.034665e-01 -1.071247e+00 -8.695364e-01 -8.182155e-01 6.776260e-01 5.501091e-03 
-9.966042e+00 6.490139e-01 2.130962e+00 7.597749e-01 8.977702e+00 4.477255e+00 5.394392e-01 7.270126e+00 -1.389370e+00 4.188451e+00 4.864819e+00 3.292191e+00 -1.115680e-03 -2.022921e-01 8.555154e-02 -7.971108e-02 -1.369725e-01 8.625433e-01 -2.039173e+00 -1.117161e+00 -1.373041e+00 -1.616402e+00 -1.565553e+00 -8.350477e-01 1.233007e+00 3.901219e-03 
-1.113585e+01 8.104457e-01 4.169709e+00 4.525751e+00 1.210285e+01 6.785335e+00 7.819794e+00 3.287523e+00 -9.478326e+00 3.760303e+00 2.505401e-01 7.249016e+00 1.342446e-02 -7.854310e-01 -7.067758e-01 -6.044973e-01 -5.892369e-01 1.422776e-01 -1.404858e+00 -3.595144e-01 -9.304101e-01 -4.828134e-01 -3.773161e-01 -5.246834e-01 -1.283193e+00 2.627379e-03 
-1.047450e+01 1.015822e-01 2.465119e+00 -2.368188e+00 4.629549e+00 -1.185112e+00 2.153563e+00 1.404762e+00 -2.196342e+00 2.857482e+00 1.393621e+00 4.205252e+00 8.888066e-03 -1.233953e-01 -4.002501e-01 -8.570644e-01 -1.532079e+00 -1.705825e+00 -1.509583e+00 -1.555035e-01 -4.473442e-01 8.445546e-01 6.404759e-01 1.280430e+00 -1.102132e+00 1.706690e-03 
-1.286985e+01 -3.059036e+00 -6.385567e-01 -3.400089e+00 4.013833e+00 -1.209066e+00 2.686604e+00 8.126630e+00 1.555019e+00 7.811637e+00 6.462516e+00 6.593678e-01 1.187551e-02 7.632533e-01 3.157676e-01 -8.042890e-01 -1.363585e+00 -1.946552e+00 -1.314796e+00 -1.160911e+00 -7.599188e-01 1.046050e+00 1.278282e-01 9.918636e-01 -1.928232e-01 7.534027e-05 
-9.716019e+00 5.825042e-01 2.497733e-01 -2.937700e+00 4.493087e+00 9.265392e-01 2.328516e+00 2.613851e+00 -2.683270e+00 5.365164e+00 8.160979e+00 1.076355e+00 8.192241e-03 1.615128e+00 1.063204e+00 -7.656813e-02 2.290054e-01 -1.373659e+00 2.665132e-01 2.048531e-02 -1.454726e+00 -1.870965e+00 -1.794134e+00 -3.174438e-01 8.292543e-01 4.859197e-03 
-7.698824e+00 2.148823e+00 1.255936e+00 -2.007420e+00 2.438320e+00 -8.444698e-01 1.927761e+00 -1.116616e+00 -4.004612e+00 3.145604e+00 1.826179e+00 7.849349e+00 1.414907e-02 2.251918e+00 1.871757e+00 3.863673e-02 -5.063462e-03 -1.462088e+00 1.034437e+00 1.163777e-01 -2.480965e+00 -2.772418e+00 -3.735801e+00 -2.202452e+00 5.151720e-01 1.319825e-02 
-4.984376e+00 2.813674e+00 1.135031e+00 -1.919495e+00 -1.450992e+00 -3.484368e-02 2.635411e+00 -1.247245e+00 -8.771353e+00 -3.780171e+00 2.124570e+00 4.756533e+00 3.204727e-02 1.652535e+00 1.369403e+00 -6.662730e-01 -2.777446e-01 -1.574885e+00 3.736111e-01 -7.269219e-02 -8.198803e-01 -2.538094e+00 -3.893504e+00 -2.556245e+00 -1.010355e+00 2.054485e-02 
-3.976079e+00 5.184164e+00 -8.880022e-01 -3.934508e+00 -3.245654e-01 4.443812e+00 3.115046e+00 -2.347646e+00 -9.263029e+00 -6.294702e+00 -1.531541e+00 1.395139e+00 6.593925e-02 1.411271e+00 1.298784e+00 5.768223e-02 1.347700e-01 -6.188486e-01 7.343253e-01 5.849867e-02 -6.877732e-01 -1.874458e+00 -2.901917e+00 -1.031209e+00 -2.297730e+00 2.933786e-02 
-3.314716e+00 5.911850e+00 -2.009622e+00 -3.362879e+00 -1.999897e+00 1.504540e-01 1.371413e+00 -8.700349e-01 -1.274453e+01 -9.382205e+00 -2.941387e+00 -7.483152e-01 8.502138e-02 2.483845e+00 2.746262e+00 1.595070e+00 7.823555e-02 -1.165065e+00 -3.586156e-01 -8.531815e-01 -2.905414e+00 -8.042288e-01 -8.297749e-01 -1.049281e+00 -2.482374e+00 9.414263e-02 
-1.477301e+00 7.093656e+00 3.116674e+00 -6.118786e-01 -3.814702e-01 2.734508e+00 2.852253e+00 -4.744086e+00 -1.139031e+01 -8.562963e+00 -7.968886e-01 -8.868784e-01 1.343513e-01 4.322694e+00 3.129516e+00 1.142374e+00 -1.109320e+00 -3.002756e+00 -2.294904e+00 -9.403226e-01 -2.974630e+00 -1.079142e+00 -6.438996e-01 -3.535459e-01 -1.862614e+00 1.677546e-01 
6.185462e+00 1.559024e+01 7.108041e+00 -3.189632e+00 -7.247862e+00 -9.732697e-01 -1.499100e+00 -1.457609e+01 -1.172886e+01 -6.794914e+00 -3.489159e+00 -6.514328e+00 4.685544e-01 4.686355e+00 2.436095e+00 1.107587e-01 -1.847029e+00 -2.791233e+00 -1.786250e+00 -1.968568e+00 -2.970015e+00 -5.463384e-01 1.040756e+00 1.631254e+00 -1.265701e+00 1.969707e-01 
1.288730e+01 1.599255e+01 2.650359e-01 -9.567734e+00 -1.271436e+01 -6.468847e+00 -1.513109e-01 -1.036777e+01 -1.516658e+01 -1.080785e+01 -3.025384e+00 -5.034925e+00 7.129456e-01 3.564218e+00 5.534207e-01 -1.363954e+00 -1.238897e+00 -2.652681e+00 -1.883287e+00 -2.758826e+00 -1.920230e+00 -1.353607e-01 1.585751e+00 2.146907e+00 3.595108e-01 1.737542e-01 
1.293476e+01 1.364288e+01 -3.000951e-02 -8.120097e+00 -9.789614e+00 -4.179117e+00 -6.969646e+00 -1.290827e+01 -1.358809e+01 -3.055983e+00 6.329130e+00 -5.002795e+00 7.805780e-01 1.392802e+00 -1.815039e+00 -1.315431e+00 -5.410409e-01 -1.174277e+00 -5.011058e-01 -1.668674e+00 5.828924e-02 4.698625e-01 1.443434e+00 2.168778e+00 1.823535e+00 9.902312e-02 
1.296914e+01 1.083444e+01 -1.340694e-01 -4.341130e+00 -1.237400e+01 -5.079004e+00 -8.206602e+00 -1.517915e+01 -1.113750e+01 -2.503673e+00 5.028503e+00 1.549089e-01 8.471105e-01 -7.528200e-02 -1.793361e+00 -3.693638e-01 -6.199231e-02 -9.015130e-01 7.607800e-01 -4.884582e-01 3.729770e-01 1.309627e+00 1.013894e+00 1.240834e+00 9.249450e-01 5.119335e-02 
1.310855e+01 9.094098e+00 7.304382e-01 -8.508139e+00 -1.328943e+01 -4.173720e+00 -5.814827e+00 -1.187895e+01 -1.139408e+01 -3.729833e+00 3.327785e+00 8.429885e-03 8.965876e-01 -1.305007e-01 -1.515766e+00 -9.152595e-01 -1.150659e+00 -1.523508e+00 1.238094e+00 1.424151e+00 1.519055e+00 1.432896e+00 -8.337501e-01 -1.058045e+00 -5.931822e-01 2.709326e-02 
1.242399e+01 9.300135e+00 -1.962007e+00 -9.683675e+00 -1.547202e+01 -2.667646e+00 -3.171011e+00 -9.017540e+00 -9.715445e+00 -5.401448e+00 4.679459e+00 -2.915813e+00 9.109076e-01 -3.221586e-01 -1.340127e+00 -1.404412e+00 -1.841430e+00 -9.556915e-01 1.826378e+00 2.117726e+00 1.865143e+00 1.040850e+00 -5.495085e-01 -1.541532e+00 -2.228344e+00 3.837592e-03 
1.255483e+01 6.831197e+00 -3.692338e+00 -1.120212e+01 -1.585814e+01 8.056726e-01 -2.366687e+00 -8.393799e+00 -7.134640e+00 -5.775846e+00 1.213426e+00 -6.433345e+00 8.841457e-01 -3.230512e-01 -1.498474e+00 -1.520205e+00 -1.261990e+00 -4.474239e-01 2.236042e+00 1.899650e+00 7.812012e-01 1.630623e+00 -9.950466e-02 -1.654630e+00 -2.141872e+00 -7.158637e-03 
1.163521e+01 5.265255e+00 -4.944741e+00 -1.220129e+01 -1.586810e+01 1.563190e+00 6.579595e-01 -7.596013e+00 -8.062967e+00 -4.228209e+00 -1.621975e+00 -7.765926e+00 8.725193e-01 -2.891762e-01 -1.804713e+00 -1.003761e+00 -1.815443e+00 7.277926e-01 2.264140e+00 1.361381e+00 5.492300e-01 1.024761e+00 4.751740e-01 -2.366958e+00 -1.209107e+00 -7.661044e-04 
1.188769e+01 3.619170e+00 -5.379221e+00 -1.355928e+01 -1.532851e+01 4.891071e+00 1.768938e+00 -8.683712e+00 -4.067211e+00 -4.813976e+00 -1.794647e+00 -8.275874e+00 8.799885e-01 -2.158680e-01 -1.623582e+00 -8.497422e-01 -1.541517e+00 1.125711e+00 2.451066e+00 1.715378e+00 6.746904e-01 5.376033e-01 2.816974e-01 -2.265813e+00 5.598861e-01 1.531616e-02 
1.131168e+01 1.882585e+00 -6.137372e+00 -1.758231e+01 -1.209788e+01 6.610352e+00 1.568082e+00 -6.126433e+00 -6.125352e+00 -3.506513e+00 -5.651294e+00 -8.040083e+00 9.091557e-01 -5.988808e-02 -1.683825e+00 -1.187077e+00 -6.529943e-01 1.280161e+00 2.539022e+00 7.630719e-01 -2.258587e-01 2.747515e-01 -2.440897e-01 -1.226220e+00 1.197765e+00 1.919614e-02 
1.163725e+01 4.046192e-01 -7.344734e+00 -1.621920e+01 -1.211470e+01 1.053742e+01 5.755143e+00 -5.755136e+00 -5.415431e+00 -4.728207e+00 -8.100979e+00 -3.496836e+00 9.424084e-01 -2.766414e-02 -1.945725e+00 -1.218323e+00 5.581020e-01 1.500172e+00 2.189389e+00 -2.441086e-01 -1.242663e+00 -3.009361e-01 -2.826195e-01 1.577154e-01 1.904716e+00 1.894320e-02 
1.146099e+01 -1.546591e+00 -9.897367e+00 -1.413630e+01 -1.107420e+01 1.143512e+01 2.480217e+00 -1.018959e+01 -6.015100e+00 -5.491542e+00 -4.599908e+00 -4.166618e+00 9.372901e-01 -7.614885e-02 -1.895171e+00 -1.248724e+00 1.532964e+00 1.835568e+00 1.279750e+00 -1.489301e+00 -2.603261e+00 3.852831e-01 -5.779120e-01 1.885596e+00 1.857212e+00 1.434273e-02 
1.167472e+01 -4.394866e+00 -9.590836e+00 -1.249177e+01 -8.339487e+00 1.342563e+01 9.232759e-02 -1.286545e+01 -5.627017e+00 -5.234559e+00 -1.531763e+00 -6.890253e-01 9.606373e-01 -2.655655e-01 -1.724959e+00 -1.046761e+00 1.969845e+00 1.918852e+00 2.078796e-01 -2.989965e+00 -2.932040e+00 1.451048e+00 -6.322083e-01 2.999251e+00 1.154804e+00 1.392997e-02 
1.091221e+01 -5.193528e+00 -1.125794e+01 -1.178120e+01 -4.807643e+00 1.156500e+01 -3.047015e+00 -1.558758e+01 -4.093143e+00 -6.142897e+00 4.920754e-01 -1.579272e-01 9.717548e-01 -1.254209e-01 -1.478532e+00 -4.581369e-01 2.094382e+00 1.729434e+00 -2.827569e-01 -2.764577e+00 -2.113579e+00 2.882859e+00 -3.838959e-02 2.618911e+00 3.529653e-01 1.596084e-02 
1.058382e+01 -6.396706e+00 -1.189825e+01 -7.547521e+00 -5.653719e+00 1.151188e+01 -6.431068e+00 -1.771634e+01 8.788295e-01 -7.563571e+00 4.349285e+00 2.728401e-01 9.948258e-01 -4.203959e-01 -7.802457e-01 -4.782123e-01 2.219922e+00 8.335924e-01 -1.241820e+00 -2.281642e+00 -1.276936e+00 3.871310e+00 9.001465e-02 1.481941e+00 -1.432159e+00 1.619059e-03 
1.137933e+01 -7.938330e+00 -1.103434e+01 -6.136518e+00 -3.769915e+00 1.097821e+01 -8.080973e+00 -1.833204e+01 5.146274e+00 -4.518984e+00 5.554122e+00 -2.882725e+00 1.000000e+00 -5.353449e-01 -4.529508e-01 -1.145558e-01 2.304468e+00 3.030663e-01 -1.537716e+00 -1.681284e+00 1.956163e-01 4.086293e+00 8.403026e-01 -1.537403e-01 -2.027850e+00 -2.760947e-03 
9.339172e+00 -6.923694e+00 -1.209370e+01 -4.214504e+00 -4.690389e+00 7.509924e+00 -8.798903e+00 -1.787790e+01 9.109822e+00 -5.596442e+00 3.346921e+00 -6.487423e+00 9.546100e-01 -6.536220e-01 -2.257326e-01 4.355478e-02 1.573071e+00 6.210350e-01 -2.256599e+00 -1.197051e+00 1.622572e+00 3.154653e+00 9.379168e-01 -1.507329e+00 -1.626788e+00 -9.089547e-03 
8.857803e+00 -7.194788e+00 -1.173300e+01 -1.925374e+00 -3.773977e+00 5.877398e+00 -1.026952e+01 -1.452872e+01 1.222283e+01 -2.924948e+00 2.245557e-01 -6.917048e+00 9.780580e-01 -3.324008e-01 -3.771391e-01 2.109026e-01 1.705935e+00 2.520902e-01 -1.876453e+00 -1.206482e+00 2.635655e+00 2.359748e+00 9.869865e-01 -2.049900e+00 -2.059072e-01 -6.330526e-03 
8.576471e+00 -7.897140e+00 -1.133115e+01 -1.787737e+00 -2.546513e+00 2.779294e+00 -1.132205e+01 -1.150514e+01 1.311382e+01 -3.671005e+00 -5.225782e-01 -5.843941e+00 9.603491e-01 -2.646925e-02 -5.502909e-01 7.679799e-01 1.118397e+00 5.741402e-01 -1.583206e+00 -8.895162e-01 2.635046e+00 1.639303e+00 1.456685e+00 -1.982080e+00 6.879898e-01 -3.967470e-03 
1.009868e+01 -9.337302e+00 -1.036110e+01 1.179773e+00 -3.581402e+00 3.961260e+00 -1.285181e+01 -8.340142e+00 1.494301e+01 -5.467703e-01 -2.760626e+00 -4.234002e+00 9.654778e-01 -1.175095e-01 -4.029767e-01 8.747236e-01 6.745152e-01 5.889689e-01 -2.159788e+00 3.213650e-01 2.105624e+00 8.417143e-01 6.611546e-01 -1.254228e+00 4.171120e-01 -1.065139e-02 
8.586388e+00 -8.603890e+00 -8.939744e+00 -1.750921e-01 -1.915976e+00 5.519645e-01 -1.195534e+01 -7.796961e+00 1.594624e+01 4.978931e-01 -5.070887e+00 -4.388997e+00 9.410627e-01 -3.726303e-01 -2.623177e-03 6.108225e-01 8.694094e-01 2.380602e-01 -2.158156e+00 1.464209e+00 1.930556e+00 2.397484e-01 2.025230e-01 -3.919407e-01 -1.245400e-01 -1.296257e-02 
8.265297e+00 -8.856296e+00 -8.555084e+00 6.408801e-01 -1.144402e+00 -3.807878e+00 -8.346048e+00 -5.854692e+00 1.501518e+01 -1.703625e+00 -3.772429e+00 -5.558959e+00 9.344442e-01 -5.868815e-01 3.446191e-01 4.374148e-01 2.194904e-01 1.221499e-01 -2.225297e+00 1.839446e+00 1.954756e+00 2.548820e-01 -1.526128e+00 3.166181e-01 -2.752515e-01 -2.008700e-02 
7.630011e+00 -8.150759e+00 -9.180048e+00 2.828757e+00 -2.574712e+00 -4.126918e+00 -6.253890e+00 -3.095090e+00 1.427647e+01 -2.079963e+00 -1.976380e+00 -5.804162e+00 9.110530e-01 -1.655235e-01 3.233490e-01 2.246878e-01 8.693820e-01 -1.205238e+00 -7.062498e-01 8.186410e-01 2.740831e+00 -1.332657e-01 -1.898889e+00 7.040474e-01 -2.094167e-01 -2.254059e-02 
7.642461e+00 -7.840773e+00 -8.053877e+00 7.753005e-01 -2.641284e+00 -4.825784e+00 -6.505301e+00 -9.172952e-01 1.705231e+01 -6.888483e+00 -2.724789e+00 -4.902677e+00 8.800477e-01 2.066767e-01 4.737411e-01 6.135262e-01 3.707915e-01 -1.064573e+00 -3.324718e-01 -3.761427e-01 2.674467e+00 -1.995220e-01 -1.715223e+00 1.381123e-01 7.365885e-01 -3.009782e-02 
8.070189e+00 -7.494907e+00 -8.066909e+00 4.104608e+00 -7.193724e+00 -2.470332e+00 -8.782507e+00 3.438497e+00 1.426135e+01 -6.404123e+00 -2.074470e+00 -5.764222e+00 8.555581e-01 4.278388e-01 7.768705e-01 1.231731e+00 -6.960788e-02 -1.243032e-01 -1.039598e+00 -8.557995e-01 1.757512e+00 -6.889650e-01 -1.215868e+00 -6.098289e-01 2.197027e+00 -3.723679e-02 
9.078592e+00 -6.815516e+00 -6.044023e+00 1.856912e+00 -4.157760e+00 -6.298531e+00 -8.962452e+00 4.250848e+00 1.402514e+01 -8.117658e+00 -3.032823e+00 -1.895987e+00 8.117026e-01 2.402314e-01 1.459021e+00 1.928796e+00 1.042189e+00 5.145580e-01 -1.870332e+00 7.376166e-02 1.871187e-01 -2.433954e+00 4.517571e-01 -2.772796e-01 2.076726e+00 -5.441061e-02 
9.051140e+00 -4.779034e+00 -4.026318e+00 1.939912e+00 -2.437990e+00 -8.588532e+00 -9.304312e+00 3.108401e+00 1.234524e+01 -7.544715e+00 -4.871508e+00 3.677629e+00 7.590416e-01 9.326601e-02 1.722456e+00 3.191910e+00 2.677163e+00 1.009840e+00 -2.924786e+00 2.821496e+00 -1.935989e+00 -3.962465e+00 1.017892e+00 -1.106699e+00 7.083842e-01 -6.936214e-02 
8.353142e+00 -1.903605e+00 -4.301898e-01 7.068593e+00 -2.446361e+00 -1.111834e+01 -5.875591e+00 1.833463e-01 5.840597e+00 -4.059402e+00 -2.712668e+00 7.600311e-01 6.562529e-01 -1.686403e-01 1.449723e+00 3.685840e+00 3.747497e+00 4.786992e-02 -2.056024e+00 4.586677e+00 -3.185874e+00 -4.048057e+00 1.217268e+00 -1.596965e+00 -5.585524e-01 -6.679256e-02 
8.899243e+00 -1.338583e+00 5.085726e+00 1.488458e+01 -3.000226e+00 -1.468435e+01 3.781538e+00 -4.207698e+00 -1.458704e+00 -3.343792e+00 -7.768042e+00 -3.550311e+00 5.864723e-01 -2.328533e-01 7.946094e-01 3.322850e+00 3.543326e+00 -3.647742e-01 -1.133109e+00 4.918543e+00 -3.343430e+00 -2.644386e+00 4.833651e-01 -1.064690e+00 -1.039058e+00 -5.291288e-02 
8.311338e+00 -1.287128e+00 7.829156e+00 1.412206e+01 -3.637293e+00 -1.353074e+01 7.428008e+00 -8.020469e+00 6.868215e-01 -4.131779e+00 -9.569379e+00 -1.074779e+00 5.640244e-01 -2.599568e-02 3.939505e-01 2.180311e+00 1.660231e+00 -5.519950e-01 1.887026e-01 2.978493e+00 -2.216665e+00 -9.511927e-01 1.978083e-02 -8.184934e-01 -3.622110e-01 -2.853811e-02 
7.907775e+00 -1.114225e+00 8.458261e+00 1.612981e+01 -3.666395e+00 -1.304788e+01 8.636606e+00 -9.506842e+00 1.700192e+00 -5.091701e+00 -6.766603e+00 -6.002585e-01 5.405914e-01 -1.603257e-01 7.321266e-01 6.577478e-01 5.281696e-02 1.686589e-01 -8.106403e-02 1.122123e+00 -1.120012e+00 -3.305502e-02 1.666212e-01 2.148672e-01 9.410976e-01 -1.517662e-02 
8.718898e+00 -4.603148e-02 8.785097e+00 1.474713e+01 -4.873251e+00 -1.099307e+01 6.589341e+00 -8.250405e+00 -4.948149e-01 -3.086543e+00 -7.305854e+00 -2.526050e+00 5.365027e-01 1.631513e-02 9.831324e-01 1.682053e-01 2.010843e-01 5.691250e-01 -9.076900e-01 -5.922191e-01 4.200299e-01 -1.166461e+00 5.986056e-02 9.184181e-01 2.434128e-01 -1.139591e-02 
7.893835e+00 1.701502e+00 7.896495e+00 1.483613e+01 -1.538952e+00 -1.635851e+01 9.811488e+00 -9.692790e+00 -1.033161e+00 -3.033304e+00 -7.825468e+00 1.880813e+00 5.243500e-01 -6.267945e-02 1.419841e+00 3.718291e-01 1.063135e-01 6.815380e-01 -1.127843e+00 -1.172020e+00 6.811721e-01 -6.585909e-01 -3.459795e-01 -4.985161e-02 -3.474509e-01 -7.686806e-03 
8.399884e+00 2.220670e+00 8.951066e+00 1.577432e+01 -1.855390e+00 -1.641387e+01 3.879471e+00 -5.827345e+00 -3.778808e+00 -4.861674e+00 -4.447856e+00 -1.098251e+00 5.151656e-01 -6.220573e-01 1.639728e+00 9.949020e-01 5.371944e-01 1.238952e+00 -1.048798e+00 -1.068317e+00 3.909591e-01 -6.910424e-02 -1.190672e-01 6.321834e-01 -1.175316e+00 -9.670854e-03 
7.753885e+00 4.851630e+00 1.023442e+01 1.614778e+01 -1.767636e+00 -1.597669e+01 4.131440e+00 -7.312511e+00 4.923439e-02 -5.934032e+00 -8.444860e+00 -3.051413e+00 5.128260e-01 -6.990398e-01 7.094471e-01 1.632781e+00 7.902666e-01 1.423166e+00 3.409761e-01 -2.220289e+00 8.736230e-01 -1.167397e+00 -9.163291e-01 7.955955e-01 -1.918583e+00 -1.626641e-03 
5.678586e+00 6.577543e+00 1.259064e+01 1.677728e+01 1.435849e+00 -1.642797e+01 4.087781e+00 -7.485749e+00 -1.381534e+00 -2.231515e+00 -3.835240e+00 -5.936519e+00 4.939105e-01 -7.139266e-01 -8.582077e-01 -4.586747e-01 -3.626666e+00 1.788406e+00 1.615535e+00 -1.313956e+00 2.419572e+00 -2.341677e+00 6.869920e-01 1.368143e+00 -1.182019e+00 -5.028629e-03 
5.759284e+00 3.070301e+00 1.424061e+01 1.828599e+01 3.931260e+00 -1.464658e+01 -1.394112e+00 -4.495473e+00 -8.068781e+00 -8.930029e+00 -4.153798e+00 -5.292968e+00 5.268444e-01 -7.610058e-01 -2.229019e+00 -2.730054e+00 -5.130114e+00 1.609865e+00 1.407246e+00 -2.692893e+00 4.355939e+00 -1.723454e+00 4.255506e-01 1.785463e+00 -4.232004e-01 -1.204678e-02 
5.827551e+00 -1.179703e+00 4.654598e+00 -3.428113e+00 4.237192e+00 -9.001253e+00 7.246637e-02 4.861998e+00 -1.142818e+01 7.128382e-02 2.473278e-01 -5.887569e+00 4.830132e-01 -1.204677e+00 -2.290309e+00 -4.005400e+00 -4.730049e+00 4.797174e-01 1.426017e+00 -3.781745e+00 4.736087e+00 2.710354e+00 -6.254953e-01 -6.468749e-01 4.367902e-01 -1.481401e-02 
3.874373e+00 -2.414843e+00 5.521734e-01 5.999098e-01 4.881016e+00 -1.265382e+01 -7.325368e+00 8.293313e+00 -3.544709e+00 -4.957679e+00 -1.558830e+00 -5.191890e+00 4.580407e-01 -2.267380e+00 -1.956889e+00 -4.043315e+00 -3.387415e+00 -4.512019e-01 1.580359e+00 -2.305384e+00 3.203169e+00 6.173219e+00 -2.202518e-01 -6.822490e-01 7.057715e-01 -2.665093e-02 
5.976553e-01 -2.131428e+00 -5.921390e-01 1.970076e+00 3.359558e+00 -1.029427e+01 -1.185531e+01 9.800293e+00 9.908201e+00 -7.345166e+00 -8.367099e+00 -3.803107e+00 4.542423e-01 -2.896703e+00 -2.029215e+00 -2.228297e+00 2.616535e-01 -1.323011e+00 -4.085323e-01 -2.789334e+00 6.930126e-01 6.765677e+00 -7.781233e-01 4.822379e-01 1.708326e+00 -2.504094e-02 
-2.962665e+00 -6.238284e+00 -3.352593e+00 -1.350182e+00 2.114067e+00 -6.098281e+00 -6.957141e+00 9.051224e+00 1.212912e+01 -6.323063e+00 -3.257830e+00 -2.806342e+00 4.079752e-01 -1.984364e+00 -1.729082e+00 -1.449843e+00 -1.308248e+00 -9.880052e-01 1.306404e+00 -1.061523e+00 1.893947e-01 3.539546e+00 1.943818e+00 1.642426e+00 1.725215e+00 -3.715241e-02 
-5.237443e+00 -9.414060e+00 -4.534507e+00 -1.144799e+00 -9.943871e-01 -1.432168e+01 -1.405832e+01 7.948105e+00 1.456329e+01 -3.136640e+00 3.508017e+00 1.461286e+00 3.828413e-01 -6.116293e-01 -7.124757e-01 -3.199000e-01 -1.968235e+00 -1.760897e-01 1.592747e+00 1.260509e-01 -1.157175e-01 -1.573160e-01 1.991967e+00 1.149666e+00 1.552143e+00 -5.097624e-02 
-3.129899e+00 -7.418938e+00 -4.725857e+00 -4.383891e+00 2.117964e+00 -4.108088e+00 -1.153148e+01 1.016638e+01 1.182548e+01 2.657150e+00 7.157438e-01 8.019878e-01 3.079792e-01 5.418199e-01 5.085040e-01 4.802500e-01 -8.156278e-01 3.246639e-01 6.275793e-01 3.702146e-01 7.817761e-01 -1.070676e+00 1.729942e+00 -6.230157e-01 1.945585e+00 -4.960083e-02 
-2.376874e+00 -5.103479e+00 -1.505008e+00 -6.354244e+00 2.477161e+00 -3.325624e+00 -8.937889e+00 8.664127e+00 9.273442e+00 -1.875438e+00 -4.605555e+00 2.153442e+00 2.493591e-01 8.792185e-01 1.616222e+00 8.186941e-01 5.660932e-01 5.898425e-01 1.034791e+00 1.498890e+00 4.349540e-01 -2.517198e+00 5.763462e-01 -3.938465e-01 5.693783e-01 -5.235462e-02 
-1.683849e+00 -5.851054e+00 -2.466093e+00 -2.823599e+00 2.001612e+00 -8.458414e+00 -7.666281e+00 1.260209e+01 9.420666e+00 1.696044e+00 -2.316122e+00 6.575503e+00 2.267121e-01 5.824682e-01 1.504972e+00 2.955026e-01 4.543788e-01 -3.518098e-01 -3.048755e-01 6.361483e-01 -2.637778e-01 -2.231358e+00 -6.221896e-01 2.158206e-01 1.183995e+00 -4.585996e-02 
-1.564375e+00 -2.116893e+00 -1.570918e+00 9.055209e-01 2.013001e+00 -6.972567e+00 -8.496464e+00 8.905019e+00 3.179706e+00 2.256434e-01 3.054718e+00 1.421420e+00 1.617017e-01 4.134197e-01 1.303143e+00 -5.256587e-01 8.618397e-01 -2.153035e-01 2.426487e-01 -4.193354e-01 -3.544943e-01 -1.463295e+00 3.947595e-01 4.179209e-01 5.344428e-02 -3.865300e-02 
-6.238074e-01 -1.387371e+00 -3.215389e+00 -5.741879e+00 5.909946e-01 -3.808995e+00 -8.571453e+00 8.727045e+00 3.715554e+00 -1.504339e+00 -2.035289e+00 7.087972e+00 1.225080e-01 -5.315615e-01 1.333418e+00 1.269655e-02 2.087286e-01 -1.041503e+00 1.200198e+00 8.023474e-01 -1.402500e+00 -2.168298e+00 -5.764523e-01 -5.822202e-01 -3.975878e-01 -4.006756e-02 
-8.397965e-01 -8.196044e-01 -3.758653e+00 -5.859059e-01 2.105953e+00 -4.437090e+00 -1.058198e+01 8.829180e+00 4.809521e+00 1.698551e+00 -2.656366e+00 2.164429e+00 1.081961e-01 -8.339394e-01 4.148916e-01 5.726190e-01 7.620875e-01 -4.396421e-01 3.557362e-02 8.040428e-01 -1.171455e+00 -1.121690e+00 1.135698e+00 -2.815790e-01 -2.673881e-01 -3.056418e-02 
-4.703946e+00 1.673911e-01 -1.308742e+00 -1.034243e+00 -3.252379e+00 -3.725161e+00 -2.611786e+00 5.627511e+00 -2.235730e+00 -1.922672e+00 -2.371681e+00 4.216060e+00 5.312711e-02 -1.266083e+00 2.797782e-01 1.519683e+00 1.907643e+00 1.324967e+00 9.170899e-01 1.730952e+00 -1.057186e+00 -1.743167e+00 1.031235e+00 -1.222298e-01 -1.765755e+00 -2.468142e-02 
-3.694003e+00 -8.198164e-01 3.388541e-01 2.362140e+00 1.736477e+00 -6.836616e+00 -7.456083e+00 4.597513e+00 5.468972e-01 6.113298e+00 1.815019e+00 1.520436e+00 4.357129e-02 -1.317839e+00 3.684056e-01 1.797439e+00 4.685200e-01 1.610914e+00 1.614660e+00 3.020366e+00 -6.626434e-01 -1.683254e+00 -3.105487e-01 -9.831983e-01 -1.757785e+00 -2.535067e-02 
-5.527122e+00 1.162565e-02 2.334275e+00 2.322313e+00 7.400565e+00 1.976217e+00 -1.479640e+00 5.556951e+00 -2.868971e+00 1.444464e+00 -4.882131e+00 -1.418807e+00 3.141338e-02 -9.678179e-01 3.879786e-01 7.427535e-01 3.078631e-01 1.958274e+00 1.537857e+00 1.957201e+00 -4.060660e-02 -7.186999e-01 8.935540e-01 -1.782019e-01 -1.438070e+00 -1.240839e-02 
-7.017402e+00 1.100306e+00 3.407032e+00 7.841635e-02 4.834052e+00 7.855210e-01 3.953779e+00 5.551243e+00 -3.290131e+00 -1.537760e+00 -6.317133e+00 -3.807063e+00 -7.700324e-03 -1.220076e+00 7.474746e-01 7.480439e-01 -2.858038e-01 1.621934e-01 2.013966e+00 2.657474e+00 1.162905e-01 -4.736711e-01 5.715287e-01 3.594458e-01 5.581337e-01 -8.203411e-03 
-7.881336e+00 1.147223e+00 8.709362e-01 1.646935e+00 4.990202e+00 1.530569e-01 1.469288e+00 4.947613e+00 -3.910716e+00 6.370628e+00 8.033850e-01 -3.105420e-01 1.672095e-02 -6.553321e-01 5.120875e-01 4.972344e-01 -2.968220e-01 -7.665235e-01 3.068524e-01 1.872964e+00 5.230788e-02 7.724100e-01 1.822843e+00 1.789700e+00 7.892057e-01 -7.351339e-03 
-8.617277e+00 2.349758e+00 4.810743e+00 1.270811e+00 3.752626e+00 4.144794e+00 4.356821e+00 5.483634e+00 -1.300586e+00 6.507860e+00 7.694896e-01 3.756972e+00 9.900451e-03 -1.426080e-01 7.460958e-01 1.170831e+00 6.453740e-01 5.796223e-01 1.253177e+00 8.112462e-01 -1.066336e-01 1.216573e+00 1.709024e+00 2.105742e+00 1.084246e+00 -1.114351e-03 
-8.003844e+00 1.947337e+00 4.118591e+00 2.420059e-01 4.108661e+00 1.830843e+00 7.683657e+00 5.852294e+00 -1.693249e-03 6.535869e+00 5.230594e-01 -1.254796e+00 -1.414371e-02 1.416798e-02 6.332262e-01 9.263492e-01 2.512817e-01 2.935454e-01 1.715199e+00 1.616418e+00 1.764677e+00 1.662818e+00 8.136324e-01 8.335869e-01 1.173734e+00 1.751047e-03 
-7.669188e+00 4.430728e+00 7.637362e+00 4.007751e+00 8.172934e+00 6.212515e+00 4.902826e+00 4.565734e+00 8.382256e-01 6.924741e+00 4.351739e+00 2.086294e+00 2.160251e-03 -3.342505e-01 1.868285e-01 -1.455954e-01 2.664131e-01 1.534473e+00 1.279398e+00 1.106756e+00 1.602161e+00 3.615161e-01 -3.642451e-01 4.326442e-01 2.774493e-01 3.347188e-03 
-8.284541e+00 3.272868e+00 4.089372e+00 1.534873e+00 4.247775e+00 7.695194e+00 9.278374e+00 1.422995e+01 3.333968e+00 1.023035e+01 3.180195e+00 6.393467e+00 2.934629e-02 -3.609080e-01 3.286891e-01 6.405262e-01 7.363465e-01 6.737462e-01 1.003246e+00 1.573868e-01 6.414012e-01 -9.074995e-01 -6.383568e-01 -1.702044e-01 5.252703e-01 1.297623e-03 
-1.014818e+01 2.621134e+00 4.097375e+00 1.956443e+00 1.135543e+01 7.609610e+00 9.093243e+00 9.305610e+00 -1.160836e+00 2.839394e+00 1.604143e+00 1.320087e+00 4.891396e-03 -1.916135e-01 -2.469693e-01 -2.751680e-01 4.676021e-01 -2.068877e-01 4.209086e-01 -2.810853e-01 7.291365e-02 -8.839914e-01 4.709881e-01 3.426598e-01 -1.030165e+00 -2.611584e-03 
-8.568888e+00 4.495580e+00 9.091216e+00 4.949392e+00 5.886142e+00 6.148523e+00 6.375382e+00 6.689362e+00 -3.539660e+00 5.386758e+00 1.045835e+00 1.754660e+00 -9.021163e-03 -5.178661e-02 -2.748113e-01 -1.867117e-01 4.835832e-01 -5.823306e-01 -5.724053e-01 -6.595363e-01 -1.618222e+00 -1.455640e+00 9.797190e-01 1.445738e+00 -6.524962e-01 -5.864578e-03 
-8.485082e+00 2.584526e+00 3.760600e+00 4.638501e+00 6.319312e+00 9.090393e+00 4.948895e+00 8.700596e+00 -1.449170e-01 1.170148e+01 7.132217e+00 -7.451268e-01 8.286059e-03 -6.431551e-02 -4.862171e-01 -5.882007e-01 -2.492545e-01 -1.412323e+00 -1.266191e+00 -4.526003e-01 -6.773222e-01 3.640539e-01 3.064319e+00 1.658255e+00 4.747305e-01 8.805990e-04 
-9.375024e+00 1.917116e+00 3.324202e+00 2.611759e+00 3.854182e+00 4.092775e+00 8.052866e+00 6.441346e+00 -4.452189e+00 1.069790e+01 7.644847e+00 4.163593e+00 -1.673937e-03 -6.674212e-01 -1.219171e+00 -1.469183e+00 -7.291068e-01 1.983670e-01 -1.317945e+00 -6.147529e-01 -2.275852e-01 1.529428e+00 1.310459e+00 1.445661e+00 2.012882e+00 8.314133e-04 
-1.006669e+01 1.479281e+00 4.039879e+00 1.878987e+00 5.309795e+00 2.306527e+00 5.991499e+00 6.043007e+00 1.115698e+00 1.550542e+01 6.595913e+00 2.489273e+00 5.620778e-03 -5.727070e-01 -9.431189e-01 8.573413e-04 -4.965148e-02 1.177545e+00 -4.764742e-01 -1.459744e-01 -7.938278e-01 5.162470e-01 -6.305162e-01 -2.466194e-01 2.242286e+00 -1.963103e-03 
-1.111519e+01 -1.047650e+00 1.605659e+00 2.683615e+00 7.382736e+00 2.950729e+00 2.780316e+00 6.880231e+00 3.477175e+00 1.003708e+01 8.542291e+00 1.020187e+01 -3.531456e-03 2.773047e-01 3.586557e-02 7.162029e-01 6.160276e-01 1.435016e+00 1.398030e+00 -6.876453e-01 -1.266192e+00 -7.669249e-01 -2.393285e+00 -1.657591e+00 -2.097750e-01 1.549607e-03 
-1.047853e+01 -6.486850e-01 4.624158e+00 4.354316e+00 1.044276e+01 7.279045e+00 6.855297e+00 4.512015e+00 -1.528364e+00 8.879307e+00 5.450398e+00 7.447167e+00 -6.006956e-04 4.906517e-01 3.690471e-01 4.806321e-01 5.540558e-01 -4.825143e-01 1.507148e+00 2.210811e-01 -4.264553e-01 -1.522641e+00 -2.628181e+00 -1.686826e+00 -9.668390e-01 8.223641e-03 
-7.782578e+00 3.160427e+00 6.613077e+00 4.454233e+00 8.462778e+00 8.596666e+00 4.182740e+00 8.758807e-01 -6.964783e+00 2.044534e+00 -7.034945e-02 6.357710e-01 9.184837e-03 3.315757e-01 1.007272e+00 9.200612e-01 1.717772e-01 -5.538470e-01 1.054970e+00 1.238658e+00 6.655152e-01 -1.061468e+00 -1.413755e+00 -2.355555e+00 -1.897619e+00 7.853401e-03 
-9.279737e+00 1.220478e+00 3.939331e+00 3.763957e+00 2.357202e+00 7.019301e+00 6.395692e+00 6.912906e+00 -1.276530e+00 6.360785e+00 2.468103e+00 2.438127e+00 4.038084e-02 -1.430482e-01 7.299336e-01 3.783744e-01 -1.649823e-01 -3.379459e-01 1.911590e-01 9.716890e-01 1.712217e+00 4.153259e-01 -7.120438e-01 -1.606346e+00 -5.875221e-01 3.775090e-03 
-1.005671e+01 3.054131e+00 6.548379e+00 3.837681e+00 8.656281e+00 8.355449e+00 9.203408e+00 9.007361e+00 -1.956084e+00 4.227570e+00 -1.744338e+00 3.218295e+00 1.524478e-02 -5.325233e-01 1.621061e-01 2.479652e-01 -1.159381e-01 6.686084e-01 8.537138e-02 1.284905e+00 1.835742e+00 9.337843e-01 2.232857e-01 -7.560419e-01 5.945215e-01 -1.301616e-03 
