-5.922478e+00 2.076116e-01 1.253463e+00 -1.141299e+00 5.194604e+00 4.244151e+00 9.388816e+00 4.269394e+00 2.314137e+00 2.012601e+00 -2.360009e+00 -3.386154e+00 -4.776609e-02 3.405890e-01 1.098706e-02 -7.219228e-01 -1.016469e-01 4.204790e-01 -2.471025e-01 -5.297927e-01 -7.171130e-01 -2.235061e-02 7.516317e-02 1.035712e+00 2.506451e+00 4.215705e-03 
-4.095377e+00 5.856546e-01 2.910007e-01 -6.321974e-01 8.335349e+00 6.600231e+00 5.414177e+00 2.737837e+00 3.593716e+00 5.414392e+00 -9.372315e-01 -7.542922e-01 -4.028153e-02 -9.153557e-02 -8.726408e-02 -8.984261e-01 -1.022949e-01 4.010194e-01 6.274827e-01 1.810199e+00 2.186469e-01 2.433604e-01 1.182837e-01 1.229472e+00 3.443542e+00 3.403771e-03 
-5.133083e+00 7.352531e-02 -1.874919e+00 -1.904084e+00 5.726627e+00 1.830598e+00 8.727173e+00 1.449607e+00 1.562595e+00 6.875211e-01 2.107164e+00 7.830169e+00 -3.042984e-02 -5.515131e-01 -3.250810e-01 -7.177755e-01 5.006876e-02 2.191425e-01 4.366816e-01 1.946885e+00 1.232461e+00 1.071230e+00 -4.787109e-01 6.444279e-01 1.145862e+00 5.530834e-03 
-6.774853e+00 -1.616657e-01 -1.674476e+00 -1.271381e+00 6.933690e+00 8.588341e+00 1.877064e+01 6.772521e+00 3.906711e+00 3.266559e+00 1.553762e+00 8.223397e+00 -3.941536e-02 -8.329327e-01 -1.486906e-01 -2.561319e-01 7.586014e-02 7.333712e-01 3.154728e-01 2.207531e+00 1.418753e+00 9.971946e-01 3.540419e-01 -1.404894e-01 -2.605433e-01 2.151656e-03 
-7.340305e+00 -1.044133e+00 -1.352676e+00 -5.713634e-01 6.991146e+00 5.433504e+00 1.244501e+01 8.414357e+00 7.513791e+00 6.929625e-01 -3.833671e-01 -2.145690e+00 -2.054501e-02 -3.971237e-01 4.682468e-02 9.510184e-02 8.532619e-02 1.780502e+00 9.763196e-01 2.074242e-04 4.276845e-01 1.136729e+00 1.204458e+00 -1.268886e+00 -1.900210e+00 -1.743448e-03 
-7.156429e+00 4.010309e-01 -1.250780e+00 -9.192572e-01 1.136995e+01 6.376143e+00 1.459291e+01 6.349226e+00 5.604092e+00 7.181881e+00 -3.944130e-01 2.930921e+00 -3.446567e-02 1.511051e-01 8.475212e-02 -1.051120e-01 -8.794586e-01 8.939005e-01 -7.670289e-01 -3.105330e+00 -1.951932e+00 5.031692e-01 9.774715e-01 -7.539508e-01 -2.685017e-01 -1.095295e-03 
-6.927914e+00 2.630043e-02 -1.611258e+00 -1.653516e+00 1.241101e+01 7.818295e+00 1.081707e+01 3.799677e+00 6.397550e+00 4.752147e+00 -3.263177e+00 9.753591e-01 -4.162192e-02 9.597798e-02 -1.605798e-01 -3.629282e-01 -1.205351e+00 -4.930363e-02 -6.913813e-01 -2.275801e+00 -2.104361e+00 -1.470468e-01 7.502176e-01 -5.203476e-01 1.551136e+00 -9.729624e-04 
-6.225523e+00 -2.731218e-01 -2.070745e+00 -5.127598e+00 8.693262e+00 3.560801e+00 4.057955e+00 -6.797969e-01 6.980677e+00 6.124325e+00 -7.760868e-01 5.320364e+00 -3.435338e-02 -1.405634e-01 -3.093794e-01 1.170783e-02 -4.896142e-01 -1.739418e+00 -3.136013e-01 -1.415973e+00 7.272552e-01 1.720354e+00 1.508479e-01 3.136131e-01 -1.285630e-01 8.050728e-03 
-7.325869e+00 -1.509955e+00 -2.757335e+00 -4.493945e+00 8.082970e+00 3.384269e+00 6.333488e+00 1.407062e+00 6.090264e+00 4.972828e+00 -2.794268e+00 4.415267e+00 -2.546597e-02 2.238514e-01 1.313386e-02 -4.511631e-01 -1.815882e+00 -3.254933e+00 -1.441617e+00 -5.228291e-02 2.496489e+00 1.768168e+00 -7.103858e-02 6.173675e-01 -7.804962e-02 1.253024e-02 
-7.660269e+00 -3.777380e-01 -6.192025e-01 -1.947114e+00 4.836873e+00 7.025149e+00 9.754838e+00 1.118181e+01 1.435951e+01 7.825780e+00 9.391985e-01 5.681523e-01 -2.290010e-03 3.410450e-01 9.811400e-02 -4.553570e-01 -7.521824e-01 -2.060154e+00 -9.204916e-01 8.295695e-01 2.357913e+00 5.283710e-01 -1.385680e-01 1.087807e-01 -3.741324e-02 3.815448e-03 
-5.091284e+00 1.442778e-01 -4.592844e+00 -1.232317e+01 -1.935465e+00 -1.121963e+00 7.707216e+00 1.035132e+01 1.154897e+01 3.546227e+00 -1.033982e+00 2.961217e+00 4.997611e-03 1.274166e-01 -3.934559e-02 2.611756e-01 -1.789204e-01 -1.008731e+00 -6.657164e-01 1.110594e+00 2.406118e-01 1.818587e-01 9.452510e-02 -6.703261e-01 -7.431561e-01 -9.369254e-04 
-5.637590e+00 -6.096684e-01 -3.429775e+00 -4.973899e+00 3.401708e+00 1.211458e+00 7.518939e+00 6.637642e+00 6.893176e+00 6.144786e+00 -1.112327e+00 5.860323e+00 -3.050792e-02 -4.998436e-02 -2.900795e-02 5.368221e-01 3.994448e-01 7.289143e-01 -1.647318e-01 2.086301e-01 -2.214355e+00 -2.126619e+00 -1.709782e-01 -1.398647e+00 -1.924983e-01 -5.650973e-03 
-7.700125e+00 -1.590718e+00 -4.617077e-02 -3.875154e+00 3.756895e+00 2.962532e+00 1.300441e+01 4.882205e+00 1.073272e+01 6.285951e+00 -5.120136e+00 -1.946599e+00 -1.604164e-02 -1.885557e-01 1.061503e-01 9.847854e-01 2.097748e+00 2.052189e+00 2.082639e+00 4.231649e-02 -2.309489e+00 -1.786888e+00 8.113708e-01 1.023685e-01 -4.856652e-01 -6.564009e-03 
-6.605770e+00 3.447202e-01 -2.084286e-01 -4.173896e+00 5.635264e+00 4.159243e+00 8.149392e+00 2.844592e+00 4.134539e+00 5.601027e+00 -4.010959e+00 2.059570e+00 -2.002525e-02 2.213434e-01 3.752403e-01 2.645677e-01 7.434679e-01 8.483003e-01 1.372707e+00 -9.773646e-02 -1.447561e+00 -1.111671e+00 -1.737161e-01 8.163159e-01 -6.032088e-01 2.331734e-03 
-5.549973e+00 1.978348e-01 -1.279590e+00 -2.234430e+00 7.208701e+00 7.817341e+00 7.603572e+00 7.003969e-01 3.993851e+00 7.874960e+00 9.271770e-01 2.433268e+00 -3.306377e-02 5.527534e-01 5.417241e-01 -2.881890e-01 4.883518e-02 -1.572818e-01 -1.983223e-01 -7.631682e-01 -5.475965e-01 -6.715539e-01 -2.273301e-01 1.613368e+00 6.524976e-01 -2.731192e-03 
-5.605949e+00 3.722566e-01 -1.490227e+00 -2.076921e+00 5.917307e+00 5.647589e+00 9.730675e+00 1.490744e+00 4.704255e+00 4.481701e+00 -5.440331e-02 6.543453e-01 -1.033819e-02 2.168594e-01 -1.332383e-01 -3.914111e-01 -1.812444e-01 -1.051477e+00 -1.505857e+00 -3.845221e-01 1.061143e+00 6.788909e-01 -1.303421e+00 9.339361e-01 3.785457e-01 -1.107180e-03 
-5.436268e+00 1.104134e+00 -8.462163e-01 -4.679466e+00 2.829465e+00 1.226748e+00 8.397926e+00 2.821146e+00 7.090096e+00 5.708963e+00 9.684253e-01 2.018501e+00 -3.454113e-02 3.382277e-01 -1.549267e-01 -2.267005e-01 -5.297934e-01 -1.558106e+00 -2.146389e+00 -8.653643e-01 -1.556778e-03 5.896057e-01 -7.834437e-01 -7.873011e-03 4.237161e-01 1.325786e-03 
-5.578325e+00 -7.746206e-01 -2.382171e+00 -3.857600e+00 2.567496e+00 -7.474676e-02 5.829605e+00 7.089931e+00 5.980872e+00 1.669195e-01 6.380973e-01 4.159681e+00 -2.482247e-02 5.918249e-01 2.705351e-02 -1.057319e-01 5.762550e-01 -8.369435e-01 -1.475598e+00 -1.045301e+00 -8.094882e-01 -1.305832e-01 4.063878e-02 4.191551e-02 9.734332e-01 3.023028e-03 
-3.872646e+00 -3.359795e-03 -1.967121e+00 -3.993057e+00 1.093078e+00 -5.343711e-02 5.227285e+00 -2.106980e+00 6.303572e+00 6.115132e+00 5.415616e-01 2.799181e+00 -1.919270e-02 1.962247e-01 3.483648e-02 -6.810171e-03 6.668125e-01 -2.006813e-01 -8.316337e-01 -1.285492e+00 -2.145307e+00 -1.662750e+00 -9.283065e-01 -1.092088e+00 -3.949904e-01 5.141854e-03 
-3.428636e+00 1.061271e+00 -1.458434e+00 4.611492e-01 2.600783e+00 -1.090310e+00 6.089492e+00 -9.263355e-02 4.444601e+00 4.481811e+00 3.686061e-01 5.131171e+00 -2.897263e-03 -5.871256e-01 -2.453247e+00 3.448483e-01 7.087196e-01 -4.722763e-01 6.926788e-01 -4.193035e-01 -1.913554e+00 -3.157898e-01 -1.127920e+00 -1.229504e+00 -1.023539e+00 2.585064e-02 
-5.529989e+00 3.603705e-01 -1.342136e+00 -3.504778e+00 1.809415e+00 -2.423639e+00 1.840522e+00 -4.314107e+00 -4.555221e-01 -1.090014e+00 -4.357267e+00 -4.421963e-01 -1.979446e-02 -1.179329e+00 -4.250655e+00 9.519017e-01 1.289700e+00 1.714483e-01 2.531833e+00 2.601746e-01 8.417888e-02 9.022473e-01 -2.596163e+00 -8.808283e-01 -8.086582e-01 5.537936e-02 
-7.685282e+00 -1.322272e+01 -9.704224e-01 -5.581417e-01 -1.520541e-01 4.573749e+00 5.426469e+00 -1.374274e+00 7.781469e+00 -1.870105e+00 -3.060008e+00 6.626768e-01 1.047316e-01 -1.273587e+00 -4.692706e+00 1.457683e-01 8.598008e-01 8.821947e-01 1.481499e+00 4.992342e-01 1.847175e+00 -2.465457e-01 -1.295775e+00 8.995064e-01 -4.931254e-01 7.387156e-02 
-7.640966e+00 -1.411464e+01 2.548382e+00 2.965086e+00 3.326738e+00 9.773701e+00 6.859669e+00 -1.045266e+00 9.146374e+00 -3.689724e+00 -2.148273e+00 9.901366e-01 2.038897e-01 -6.021345e-01 -3.411906e+00 -5.034239e-01 2.379788e+00 1.938963e+00 9.088299e-01 1.651045e-01 2.110067e+00 -5.543812e-01 -2.611938e-01 2.029577e+00 6.833514e-01 1.062374e-01 
-8.741081e+00 -1.516476e+01 -2.674852e+00 1.525221e+00 6.253095e+00 2.185149e-01 6.076089e+00 7.508819e+00 -1.589075e+00 -6.972103e-01 3.761641e+00 1.949378e+00 2.546185e-01 4.255508e-01 5.258171e-01 -5.907356e-01 2.052444e+00 2.023903e+00 -8.838755e-01 -1.032337e+00 2.437049e-01 -1.802536e+00 -2.204609e-01 9.897333e-01 7.942623e-01 2.491612e-02 
-8.012762e+00 -1.572814e+01 -3.007041e+00 7.352480e+00 8.301653e+00 4.298127e+00 2.341234e+00 1.794680e+00 1.457844e+00 -2.982431e+00 2.379795e+00 2.331210e+00 4.364491e-01 8.439724e-01 3.477355e+00 -8.383978e-01 -2.289158e-01 1.192881e+00 -1.054403e+00 3.622122e-01 -1.403464e-01 -9.077618e-01 5.472233e-02 -5.890063e-01 4.876152e-01 -6.443317e-02 
-5.371630e+00 -9.786882e+00 -1.146389e+00 7.510380e+00 7.480004e+00 2.892158e+00 2.524002e+00 -1.575722e+00 2.613056e+00 -3.326056e+00 -3.753748e-01 3.963452e+00 1.130325e-01 8.073897e-01 4.785038e+00 4.729887e-01 -1.279932e+00 -5.997385e-01 1.289764e-01 1.369595e+00 -4.907772e-01 1.156947e+00 6.316928e-01 -2.312333e+00 -7.085594e-01 -1.054809e-01 
-5.105830e+00 5.831996e-01 -2.407839e+00 -1.172073e+00 8.677687e+00 3.164863e+00 1.044677e+01 2.795273e+00 2.506500e+00 -2.101689e+00 -3.024797e+00 2.421175e+00 -4.748321e-02 3.350075e-01 4.570063e+00 8.897885e-01 -2.562084e+00 -1.745475e+00 -8.237112e-01 1.643946e+00 2.143430e-01 7.174194e-02 2.086157e+00 -1.197444e+00 2.870412e-02 -1.081332e-01 
-6.157598e+00 6.047608e-01 -6.095094e-01 -6.121597e-01 3.066386e+00 1.430029e+00 8.871296e+00 4.554637e+00 3.671335e+00 2.020883e+00 -5.097730e+00 -1.638402e+00 -3.081977e-02 -1.264668e-01 1.924120e+00 -2.093378e-01 -2.174946e+00 -1.046615e+00 7.706647e-02 2.233851e-01 2.236398e-01 4.475848e-01 2.630689e+00 5.727314e-01 2.322288e-01 -2.880533e-02 
-5.944740e+00 1.926350e+00 1.173463e+00 -1.396671e+00 1.781085e+00 9.106355e-01 7.387317e+00 -1.987849e-01 1.287415e+00 4.774883e+00 -1.246249e+00 5.275657e+00 -3.229082e-02 -3.252207e-01 -5.391208e-01 -5.182486e-01 -5.301714e-01 -3.672332e-01 1.131146e+00 -7.329742e-01 -2.293544e-01 1.180831e+00 1.417857e+00 1.183992e+00 3.173079e-01 5.135918e-03 
-5.584509e+00 -8.378575e-01 -3.983728e+00 -3.252049e+00 5.695232e+00 4.404604e+00 5.170656e+00 1.039505e+00 5.460522e+00 6.389104e+00 1.599008e+00 3.697355e+00 -3.859031e-02 -4.796768e-01 -1.045882e+00 -2.353740e-02 -2.728582e-01 1.207817e-02 5.371976e-01 8.131582e-01 -4.837919e-01 1.206279e+00 4.858021e-01 1.197912e+00 8.310974e-01 7.846450e-03 
-7.018478e+00 -1.391095e+00 -3.311972e+00 -2.502985e+00 5.527097e+00 7.333308e+00 8.632223e+00 3.406066e+00 7.516062e+00 2.803486e+00 -4.532080e-01 1.339836e+00 -1.791835e-02 -4.377663e-01 -1.262830e+00 -6.976268e-01 4.576733e-01 7.681109e-01 1.831514e-01 1.736930e+00 1.573694e+00 2.165169e+00 1.617612e+00 5.770262e-01 -7.394531e-02 2.954096e-03 
-8.019114e+00 -2.965927e+00 1.515521e+00 -1.423294e+00 1.253771e+00 9.046807e-01 1.231463e+01 3.332523e-01 6.588405e+00 5.435592e+00 4.953108e-01 4.484995e+00 1.226246e-03 6.598606e-01 -3.063933e+00 1.181174e+00 -3.579573e-01 -1.765514e+00 -1.489874e-01 1.123630e+00 -4.165692e-01 7.576462e-01 -5.098537e-01 -8.395624e-01 -9.379425e-02 1.236159e-01 
-6.916269e+00 -3.323765e+00 -5.064296e+00 -2.268219e-02 7.842370e+00 3.576354e+00 1.249998e+01 8.022809e+00 1.154932e+01 1.333970e+01 2.190731e+00 4.512110e+00 -3.742862e-02 3.995170e-01 -3.018716e+00 1.831735e+00 -1.859929e+00 -1.683127e+00 -4.248153e-01 -5.299142e-01 -1.686382e+00 -5.656435e-01 -1.762340e+00 -1.440447e+00 -1.713585e-01 2.489456e-01 
-2.336310e+00 -1.519119e+01 2.798305e+00 -6.281987e+00 -4.289976e+00 5.538144e+00 8.854930e+00 -3.351712e+00 7.232125e+00 -1.428270e+00 -3.920773e+00 1.642246e+00 5.892442e-01 -9.053345e-01 -9.387310e-01 2.502193e+00 -2.706101e+00 -4.697792e-01 -3.066288e-01 -3.228009e+00 -1.446624e+00 -1.115567e+00 -2.912107e+00 -1.911836e+00 -5.483460e-01 2.951224e-01 
-7.862295e+00 -1.037205e+01 5.205309e+00 -9.373283e+00 -1.166651e-01 2.892500e+00 7.712504e+00 -3.183360e+00 4.365984e+00 -2.576286e+00 -5.447401e+00 1.904418e+00 9.328006e-01 -2.371134e+00 1.185223e+00 3.782324e+00 -2.216433e+00 -6.375436e-01 -6.247415e-01 -1.907467e+00 -2.982834e-01 -4.867711e-01 -3.206547e+00 -8.525959e-01 8.006842e-01 2.477336e-01 
-1.207277e+01 -4.135442e+00 8.891684e+00 -1.027850e+01 2.884393e+00 -2.865365e-01 -1.431676e+00 -1.296783e+00 4.602237e+00 -1.166950e+00 -5.244802e+00 3.047111e+00 9.917234e-01 -1.933258e+00 3.299091e+00 1.508304e+00 -1.985998e-01 1.469718e+00 -5.019636e-01 -3.137551e-01 3.013125e+00 8.614041e-01 6.573375e-01 1.998367e+00 1.408264e+00 7.073695e-02 
-1.390371e+01 -2.925522e+00 1.080064e+01 -9.106593e+00 1.067468e+00 3.364986e+00 8.105944e+00 5.503927e+00 1.043041e+01 -2.823700e+00 -1.410234e+00 7.813099e+00 1.000000e+00 1.132992e-01 1.467948e+00 -3.151971e-01 9.221954e-01 -3.787320e-01 -4.632341e-01 1.033786e+00 2.917459e+00 1.660019e+00 1.464231e+00 3.939529e+00 2.322584e+00 -2.713948e-02 
-8.981895e+00 -2.418993e+00 7.542164e+00 -7.408331e+00 2.466549e+00 2.792083e+00 7.089434e+00 7.370271e+00 8.506934e+00 1.982125e+00 4.052478e+00 5.729226e+00 9.093293e-01 1.564529e+00 -7.331051e-01 -1.715211e+00 2.009695e+00 -1.339534e+00 -1.018862e+00 3.981236e+00 1.892983e+00 2.525129e-01 4.440372e-01 2.188764e+00 1.877520e+00 -5.646034e-02 
-8.841238e+00 -3.890532e+00 4.304083e+00 -6.197390e+00 -1.801403e+00 -9.629799e-01 8.620878e+00 7.070411e+00 1.071373e+01 3.170333e+00 9.601606e+00 1.217628e+01 8.383002e-01 2.469684e+00 -7.929863e-01 -2.073889e+00 1.624110e+00 -1.319300e+00 -2.363549e+00 2.246162e+00 6.859183e-02 -1.555632e+00 6.340936e-01 2.613439e-01 2.197172e-01 -8.245646e-02 
-6.781364e+00 -7.318462e+00 3.563905e+00 -1.684625e+00 -2.378840e+00 -3.216861e+00 1.821704e+01 7.384889e+00 5.723140e+00 -1.943781e+00 1.930976e-01 1.025312e+01 7.902716e-01 2.178553e+00 -6.044215e-01 -8.622095e-01 1.595564e+00 -2.226599e+00 -2.917899e+00 2.059104e-01 -1.607620e-01 -2.151913e+00 1.735802e-01 -1.308603e+00 -1.335702e+00 -7.940844e-02 
-2.655554e+00 -4.440719e+00 2.420317e+00 -3.847895e+00 -3.106339e+00 -5.448285e+00 1.377295e+01 5.839577e+00 4.044146e+00 2.309721e+00 1.826175e+00 6.649739e+00 6.472465e-01 2.555262e+00 4.591155e-01 5.633863e-01 3.875938e+00 -1.828718e+00 -1.606908e+00 -3.308110e+00 -1.336837e+00 -4.012639e+00 -1.583754e+00 -1.747310e+00 -4.457319e+00 -6.141065e-02 
-1.181973e+00 -5.166007e+00 4.173000e+00 -6.052589e-01 -8.013980e+00 -9.554761e+00 5.542949e+00 7.181878e+00 1.082162e+00 3.280332e+00 1.397181e+00 1.813985e+00 6.078140e-01 3.166307e+00 8.242266e-01 6.513357e-01 3.247032e+00 -3.453131e+00 -1.585433e+00 -8.042062e+00 -2.336057e+00 -4.624607e+00 -4.092500e+00 2.562652e-01 -4.683764e+00 1.004255e-03 
1.135379e+00 -2.671182e+00 6.816467e+00 1.264262e+01 -8.127425e+00 -5.828568e+00 -1.582628e+00 4.877347e-01 -7.028977e+00 -7.360493e+00 2.630134e-01 -5.890746e+00 6.224758e-01 2.663761e+00 -4.783030e-01 8.508036e-01 2.293383e+00 -4.713566e+00 -2.057016e+00 -8.958167e+00 -2.444083e+00 -4.130116e+00 -4.847270e+00 2.256778e-01 -4.593740e+00 6.609960e-02 
7.154706e+00 -4.082098e+00 4.622509e+00 6.305279e+00 -1.713395e+01 -1.095388e+01 -1.431548e+01 -1.619477e+00 -1.186333e+01 -1.757117e+01 2.256004e+00 -6.895457e+00 8.076782e-01 2.002921e+00 -5.418761e-01 9.589692e-01 3.800554e-02 -4.631207e+00 -2.384840e+00 -7.942900e+00 -1.216330e+00 -9.393049e-01 -3.441070e+00 9.602799e-02 -2.919052e+00 8.198963e-02 
6.494913e+00 -7.374188e+00 6.449580e+00 4.163753e+00 -2.211418e+01 -1.503380e+01 -2.108867e+01 -1.980159e+00 -1.013369e+01 -1.150088e+01 2.525152e+00 -1.196424e+01 8.778124e-01 1.023888e+00 -7.198621e-01 8.141415e-01 -1.976210e+00 -3.667090e+00 -3.306104e+00 -5.501479e+00 6.965849e-01 1.446371e+00 -3.480522e-01 3.398663e-01 -1.455537e-01 6.338408e-02 
6.152862e+00 -5.523884e+00 9.151290e+00 3.824201e+00 -2.417664e+01 -1.687634e+01 -2.441853e+01 2.334174e+00 -2.062008e+00 -1.185483e+01 7.462511e-01 -9.744531e+00 8.900938e-01 1.111052e-02 -1.674889e-01 1.266679e+00 -5.147661e-01 -1.094204e+00 -2.383297e+00 -2.461087e+00 6.739162e-01 1.834775e+00 1.380854e+00 2.930285e-01 6.782851e-02 1.849447e-02 
6.755741e+00 -5.549599e+00 8.622785e+00 4.002107e+00 -2.294153e+01 -1.939786e+01 -2.403850e+01 1.993833e+00 -4.697786e+00 -1.195893e+01 2.717221e+00 -5.193978e+00 8.981884e-01 3.508518e-01 3.742001e-01 5.968364e-01 3.429556e-02 4.615713e-01 -1.150118e+00 -9.076197e-01 -1.979982e-01 -1.106451e-01 5.690686e-01 1.073242e+00 1.023189e+00 -2.461076e-04 
7.079845e+00 -5.831837e+00 9.869301e+00 3.812272e+00 -2.219130e+01 -2.068834e+01 -2.514600e+01 -2.368919e-01 -5.407409e+00 -1.043787e+01 3.625113e+00 -9.941444e+00 8.899626e-01 5.169864e-01 6.842507e-01 -3.487892e-01 8.061104e-01 1.237588e+00 6.053417e-01 -6.851082e-02 -1.652982e+00 -1.842930e+00 1.553252e+00 2.730642e+00 7.024537e-01 -6.265289e-03 
7.785681e+00 -5.349211e+00 9.074758e+00 4.341196e+00 -2.079900e+01 -1.887840e+01 -2.526303e+01 -1.684616e+00 -9.014210e+00 -9.364009e+00 6.451930e+00 -6.749835e+00 8.766475e-01 2.012419e-01 1.294195e+00 -1.808389e-01 1.519952e+00 1.571380e+00 1.564388e+00 -5.459620e-01 -1.668348e+00 -1.075942e+00 1.412971e+00 3.908452e+00 6.200761e-01 -8.742034e-03 
8.222824e+00 -2.202825e+00 7.181357e+00 7.685209e+00 -1.905997e+01 -1.410936e+01 -2.414882e+01 -4.091511e+00 -9.118444e+00 -5.386025e+00 1.253211e+01 -5.454334e+00 8.695378e-01 1.939815e-01 1.558397e+00 -1.045174e+00 1.867468e+00 1.238318e+00 1.773391e+00 3.733608e-01 -7.202562e-01 -1.389610e+00 -5.824585e-02 2.969269e+00 2.019985e+00 -9.922701e-03 
7.190460e+00 -8.931295e-01 9.062562e+00 9.665400e+00 -1.665030e+01 -1.486541e+01 -2.726690e+01 -4.420596e+00 -8.221975e+00 -7.419997e+00 1.780598e+01 -4.337153e+00 8.646906e-01 1.941208e-01 1.254866e+00 -1.146095e+00 9.002905e-01 7.892183e-01 2.150785e+00 9.123285e-01 -1.813411e-01 -1.128074e+00 -1.358089e+00 1.064834e+00 1.262985e+00 -1.366302e-02 
8.347363e+00 -2.678951e-01 4.649528e+00 1.048751e+01 -1.807405e+01 -1.382788e+01 -2.227726e+01 -2.470184e+00 -1.275158e+01 -1.170111e+01 1.279443e+01 -1.047860e+00 8.463275e-01 2.531537e-01 6.290402e-01 -1.007689e+00 -3.212779e-01 6.729902e-01 2.146166e+00 6.079115e-01 6.260017e-01 -1.203258e+00 -2.515738e+00 -1.152126e+00 7.337266e-01 -1.792469e-02 
8.694016e+00 -4.234362e-02 4.610198e+00 7.441498e+00 -1.734586e+01 -8.265211e+00 -2.163717e+01 -3.401986e+00 -1.283802e+01 -1.299691e+01 1.164494e+01 -2.638149e+00 8.199375e-01 5.849320e-01 2.663675e-01 -8.600439e-01 -3.267934e-01 1.052040e+00 1.938361e+00 4.864252e-01 2.520280e-01 -6.139881e-01 -1.317675e+00 -3.037432e+00 7.554983e-01 -1.892081e-02 
8.736815e+00 5.169832e-01 4.369095e+00 7.190770e+00 -1.534723e+01 -6.678634e+00 -2.392413e+01 -1.470807e+00 -1.282672e+01 -1.517626e+01 9.852001e+00 -2.635203e+00 8.022909e-01 5.854419e-01 6.462171e-01 -3.947564e-01 6.193435e-01 2.375475e+00 9.005604e-01 -1.197398e+00 -6.907976e-02 4.768365e-01 1.410628e+00 -2.425372e+00 1.341705e-02 -1.667069e-02 
9.920394e+00 4.626894e-02 4.902559e+00 9.679802e+00 -1.275351e+01 -8.748230e+00 -2.401134e+01 -3.660144e+00 -1.125435e+01 -1.227080e+01 4.090037e+00 2.340099e-01 7.921048e-01 6.782885e-01 1.082144e+00 -1.120487e+00 1.416504e+00 2.487387e+00 -1.161831e-01 -7.458799e-01 -3.618298e-01 5.889584e-01 2.943691e+00 -2.336648e+00 -8.314347e-01 -1.553135e-02 
1.066138e+01 2.918884e+00 2.529566e+00 1.246507e+01 -8.492856e+00 -9.083567e+00 -2.707716e+01 -2.686503e+00 -1.115923e+01 -5.011025e+00 4.445019e+00 -2.416854e+00 7.768904e-01 7.729524e-01 1.319631e+00 -1.656693e+00 7.138265e-01 2.112710e+00 -1.278327e-01 1.465197e-01 -6.269591e-01 5.833775e-01 3.079091e+00 -1.932265e+00 -1.880774e+00 -1.892659e-02 
1.112317e+01 4.167428e+00 -7.247478e-02 1.188687e+01 -8.336115e+00 -7.643661e+00 -2.379005e+01 -4.603287e+00 -1.072697e+01 -3.361073e+00 2.665184e+00 -6.904497e+00 7.549810e-01 5.396050e-01 1.226182e+00 -1.571037e+00 -4.358207e-01 1.413271e+00 9.468207e-01 1.886599e-01 -1.390847e-01 2.573131e-01 2.787563e+00 -8.354322e-01 -2.641915e+00 -2.304829e-02 
1.200019e+01 5.054558e+00 -1.426854e+00 9.656370e+00 -6.992381e+00 -7.870082e+00 -2.330218e+01 -4.134032e+00 -1.017352e+01 -4.235663e+00 9.031014e-01 -8.469822e+00 7.262199e-01 3.643590e-01 6.716966e-01 -6.825463e-01 -1.366816e+00 9.445813e-01 1.268798e+00 4.169697e-01 -9.329368e-01 4.099347e-01 1.877218e+00 -3.481220e-01 -9.759749e-01 -2.893809e-02 
1.194902e+01 5.109340e+00 -9.744145e-01 8.905050e+00 -6.437388e+00 -4.620869e+00 -2.495554e+01 -3.631803e+00 -1.046064e+01 1.279335e+00 1.683835e+00 -9.949081e+00 7.021986e-01 2.122448e-01 2.247204e-01 5.338908e-01 -2.105005e+00 9.618766e-01 1.337789e+00 9.438513e-01 -3.641691e-01 -6.046866e-01 1.324387e+00 6.352194e-01 4.796191e-01 -3.672691e-02 
1.207026e+01 5.806411e+00 -4.321957e-01 7.121900e+00 -4.719313e+00 -4.250973e+00 -2.440957e+01 -7.836930e+00 -9.242720e+00 2.054861e+00 3.195084e+00 -5.774436e+00 6.585912e-01 -1.289227e-02 8.453549e-01 7.771656e-01 -3.138860e+00 6.127186e-01 1.947610e+00 1.834356e+00 -1.384732e-01 -1.013833e+00 4.176963e-01 3.989945e-01 4.835021e-01 -4.532065e-02 
1.214936e+01 4.915103e+00 2.099650e+00 2.629078e+00 -4.663266e+00 -2.764269e+00 -1.851710e+01 -4.572683e+00 -1.421580e+01 1.156021e-01 4.695290e+00 -5.854095e+00 6.051608e-01 -3.784740e-03 1.488369e+00 1.168565e-01 -3.085436e+00 4.595431e-01 2.038511e+00 2.934623e+00 -1.183379e+00 -2.053621e+00 -6.727578e-01 2.463435e-01 1.305592e+00 -4.414245e-02 
1.183555e+01 9.378450e+00 9.219422e-01 -2.899943e+00 -4.815849e+00 9.396702e-01 -1.734962e+01 -4.355958e+00 -1.336510e+01 -1.565315e+00 1.392346e+00 -8.099805e+00 5.481355e-01 1.333160e-01 1.712005e+00 -1.846089e-01 -2.272186e+00 -6.876693e-02 1.843595e+00 2.073371e+00 -1.229813e+00 -2.147134e+00 -8.760001e-01 7.032833e-02 2.186695e+00 -2.789455e-02 
1.204745e+01 1.076516e+01 -1.067201e+00 -1.511208e+00 -4.091404e+00 2.976362e+00 -1.381240e+01 -1.128918e+01 -1.866755e+01 -2.743666e-01 3.816921e+00 -2.258437e+00 5.367142e-01 4.053747e-01 1.865000e+00 -7.268635e-01 -1.628801e+00 2.869009e-01 1.700571e+00 1.362250e+00 -2.785689e+00 -1.111408e+00 -1.043439e+00 -3.423442e-01 2.918086e+00 -4.649294e-03 
1.278780e+01 1.144140e+01 2.281849e-01 -2.168889e+00 -5.349078e+00 2.096688e+00 -1.639507e+01 -1.062774e+01 -1.775252e+01 -2.130156e+00 3.985910e+00 3.361209e+00 5.533417e-01 3.755400e-01 1.041245e+00 -4.132415e-01 -1.862242e-01 -1.001047e-01 8.772881e-02 9.422390e-01 -2.642985e+00 -5.807285e-01 -7.865782e-01 1.173962e+00 2.747236e+00 3.440774e-03 
1.370012e+01 1.320862e+01 -1.187789e+00 -5.880453e+00 -2.962147e+00 5.160080e+00 -1.218312e+01 -1.536523e+01 -1.757913e+01 -4.819174e+00 1.686787e+00 3.005827e+00 5.793113e-01 3.524523e-01 1.079137e+00 -8.697845e-01 -3.967259e-01 -3.990245e-01 -5.621839e-01 8.725462e-01 -8.447140e-01 2.339058e-02 -1.598357e+00 7.544788e-01 1.422657e+00 3.616911e-03 
1.288692e+01 1.336294e+01 -1.083971e+00 -1.646441e+00 -5.881001e+00 2.864553e-01 -1.345306e+01 -1.553286e+01 -1.681295e+01 -3.225803e+00 8.327223e+00 3.004244e+00 5.440409e-01 1.801090e-02 4.695366e-01 -1.673673e+00 4.508148e-01 -3.194678e-01 -1.353306e+00 1.438904e+00 -1.882800e-01 -4.345894e-02 -2.233915e+00 -7.551516e-01 -7.682980e-01 -2.190363e-03 
1.376015e+01 1.520008e+01 -4.760045e+00 -3.756061e+00 -5.820565e+00 1.070559e+00 -1.092067e+01 -1.306019e+01 -1.902038e+01 -7.718327e+00 5.418659e+00 5.033331e+00 5.594492e-01 -3.584867e-01 -6.547133e-01 -1.441653e+00 1.952569e+00 -2.040342e-01 -1.216247e+00 1.734419e+00 1.248640e+00 5.809435e-01 -2.422410e+00 -1.520634e+00 -1.068179e+00 -1.607535e-02 
1.284784e+01 1.279336e+01 -6.354054e+00 -9.770105e-01 -5.517208e+00 -2.625083e+00 -9.831772e+00 -1.272166e+01 -1.724919e+01 -1.185015e+01 -1.655783e+00 -1.494033e+00 5.523210e-01 -6.659431e-01 -2.155776e+00 -1.523475e+00 1.749751e+00 1.991505e+00 1.230557e+00 3.274300e+00 7.228160e-01 8.928850e-01 -1.538861e+00 -2.346008e+00 -2.260103e+00 -4.028942e-02 
1.192722e+01 1.021985e+01 -5.761011e+00 3.547678e+00 -4.164215e+00 5.346129e-01 -5.321674e+00 -1.052763e+01 -1.445630e+01 -1.261905e+01 -9.248819e-01 -8.593040e-02 4.947944e-01 -1.263223e+00 -3.333938e+00 -1.424752e+00 4.907269e-02 3.309667e+00 2.363070e+00 3.711046e+00 -4.744782e-01 1.961358e+00 1.108266e+00 -1.554823e+00 -2.604610e+00 -7.899566e-02 
1.047366e+01 5.074180e+00 -8.200864e+00 3.450445e+00 3.248350e+00 6.707214e+00 1.189361e-01 -1.318506e+01 -1.463057e+01 -8.469748e+00 -2.310472e-01 -5.736638e+00 3.749211e-01 -1.908860e+00 -3.853430e+00 -1.789515e+00 -2.407238e+00 3.075052e+00 2.646352e+00 3.471434e+00 1.635774e+00 3.423103e+00 2.801234e+00 -5.560486e-01 -4.490781e-01 -1.009012e-01 
8.631119e+00 2.389977e+00 -1.096040e+01 -5.724425e+00 6.344994e+00 8.219759e+00 2.659207e+00 -1.520089e+01 -1.052290e+01 -3.867198e+00 -3.067822e+00 -5.868414e+00 2.531708e-01 -1.750739e+00 -3.334614e+00 -8.345121e-01 -2.672918e+00 1.504920e+00 2.881855e-01 1.451287e+00 2.108023e+00 4.055131e+00 4.094899e+00 -5.058874e-01 5.821501e-01 -9.144147e-02 
4.951587e+00 -2.558851e+00 -1.270194e+01 -8.377150e+00 4.603447e+00 6.764102e+00 3.534958e+00 -2.206165e+00 -2.100369e+00 -2.219908e+00 -3.364556e+00 -8.481821e-01 1.686268e-01 -1.289718e+00 -2.117660e+00 3.741617e-01 -9.463035e-01 6.828041e-02 -1.278743e+00 9.353787e-01 2.649760e+00 5.467882e+00 4.558880e+00 2.292392e-01 2.052441e+00 -5.958836e-02 
5.934565e+00 -2.636707e+00 -7.683035e+00 -3.903113e+00 2.682834e+00 1.947097e+00 2.267513e-01 -5.476964e+00 -4.457436e-01 4.730524e+00 -1.887565e+00 3.805920e-01 1.407343e-01 -8.410757e-01 -1.287567e+00 1.055977e+00 9.187443e-01 -5.475562e-01 -1.031571e+00 1.379067e+00 2.800225e+00 4.074589e+00 3.701401e+00 6.499307e-01 1.475228e+00 -3.496779e-02 
5.373351e+00 -3.000777e+00 -7.968738e+00 -2.191729e+00 5.420832e+00 3.449830e+00 6.012057e+00 -4.798223e+00 7.670263e+00 1.002579e+01 3.250198e-01 1.401062e+00 1.331976e-01 -4.322405e-01 -1.008702e-01 1.247223e+00 1.890565e+00 1.082349e-01 -8.040056e-01 7.983764e-01 6.730382e-01 8.361284e-01 1.121544e+00 -7.277898e-01 -2.379764e-01 -2.538053e-02 
4.214859e+00 -3.826898e+00 -8.047116e+00 -4.223413e+00 3.198520e+00 4.719038e+00 8.315990e+00 9.626594e-02 4.964728e+00 8.516960e+00 -1.662957e+00 3.831020e-01 9.604645e-02 -6.464699e-01 2.746513e-01 3.624364e-01 7.339967e-01 -4.805329e-01 -7.895671e-01 3.189719e-01 2.790899e-01 -1.563271e-01 -5.469952e-01 -1.396816e+00 -6.982768e-01 -2.300123e-02 
3.650238e+00 -2.468108e+00 -6.283781e+00 1.235828e+00 4.886779e+00 1.358104e+00 3.482220e+00 -1.627589e+00 -6.249628e-01 1.494596e+00 -7.115809e+00 -2.039319e+00 6.406802e-02 -6.153931e-01 2.923504e-01 2.077041e-01 -3.557397e-01 -1.443045e+00 -1.185318e+00 -1.209570e+00 -9.005848e-01 -1.235802e+00 2.445033e-01 -9.563385e-01 -1.554075e+00 -2.083286e-02 
3.563772e+00 -1.529786e+00 -6.713332e+00 -1.946908e+00 5.471961e-01 -9.548755e-01 3.086530e+00 -5.666832e+00 2.920234e+00 6.261146e+00 -5.151232e+00 -1.390602e+00 6.029290e-02 -3.581433e-01 6.644500e-01 -1.986133e-01 -6.382870e-01 -8.135465e-01 -7.080835e-01 -6.463788e-01 -1.407251e+00 -3.421996e-01 7.142547e-01 -2.304582e-01 -1.049429e+00 -1.189921e-02 
2.621929e+00 -2.687582e+00 -7.597109e+00 -5.108680e+00 -4.687312e-01 3.601969e-01 2.578940e+00 -6.419598e+00 2.513502e+00 1.237621e+01 -2.712535e+00 -5.482464e+00 4.691011e-02 -6.072177e-01 6.142777e-01 -2.427710e-01 -5.977014e-01 2.911504e-01 4.212205e-01 8.045732e-01 -1.845965e-02 -7.655144e-02 -7.647911e-01 -2.636139e-01 1.822325e-01 -7.748067e-03 
2.938297e+00 -3.949108e-01 -8.383518e+00 -4.242595e+00 1.808542e+00 1.677573e+00 5.535737e+00 -4.543986e+00 1.684498e+00 6.647424e+00 -5.016885e+00 -3.142470e+00 4.512936e-02 -7.616451e-01 5.559325e-01 6.475574e-01 9.894780e-01 9.714171e-01 -5.259294e-01 4.010379e-01 1.103060e+00 -6.910486e-01 -2.721660e+00 -8.026105e-01 1.246314e+00 -1.309857e-02 
9.268875e-01 3.584349e-02 -6.662542e+00 -6.048355e-01 5.711858e+00 2.147982e+00 6.280483e+00 -2.281310e+00 -3.898520e-01 -2.522499e+00 -8.501053e+00 -2.522224e-01 3.290945e-02 -6.884320e-01 8.453013e-01 1.554154e+00 1.406068e+00 7.139200e-01 -1.654612e+00 5.829298e-02 1.860915e+00 -8.688354e-02 -2.750102e+00 -6.245435e-01 1.915590e+00 -1.678215e-02 
6.030674e-01 -1.118357e-01 -3.942828e+00 7.485604e-01 2.313987e+00 -4.478415e+00 3.240948e+00 -2.220676e+00 9.166682e-01 1.022009e-01 -6.270026e+00 2.225850e+00 1.800358e-03 -1.005695e+00 6.731001e-01 2.322524e+00 1.235598e+00 7.684463e-01 -9.841530e-01 -9.013268e-02 2.198070e+00 -9.994114e-01 -2.015872e+00 4.364602e-01 1.033530e+00 -1.986990e-02 
3.473835e-01 1.397388e+00 -2.046686e+00 -5.739193e-01 2.848146e+00 -4.834868e+00 4.017799e+00 1.723323e+00 2.462999e+00 1.898315e+00 -5.208682e+00 1.411327e+00 -1.533616e-02 -1.098782e+00 9.580632e-01 2.145666e+00 -2.607667e-01 -4.023368e-01 1.586657e-01 5.531063e-01 2.026240e+00 3.802358e-01 7.318392e-01 6.316344e-01 -2.042930e-01 -1.042786e-02 
-1.800426e+00 2.289817e+00 9.211712e-01 1.919935e+00 7.082630e+00 2.482331e-01 6.216415e+00 4.444050e+00 -4.738985e+00 -5.642346e+00 -4.480769e+00 1.193406e+00 -3.009737e-02 -1.017474e+00 1.124024e+00 6.561910e-01 -7.150719e-01 3.153591e-01 2.451869e+00 2.428094e+00 1.994440e+00 1.349697e+00 5.662237e-01 5.566279e-01 -3.434323e-01 2.507567e-04 
-3.365277e+00 3.625333e+00 1.633789e+00 -2.494356e+00 1.315853e+00 5.779864e-01 7.558281e+00 4.517528e+00 4.339153e+00 4.008970e+00 -6.237509e+00 -7.574656e-01 -3.280997e-03 -6.261508e-01 3.558343e-01 -1.498892e-01 -3.644202e-01 2.964583e-01 1.979288e+00 1.570916e+00 7.757462e-01 1.878776e+00 9.264662e-01 6.876232e-01 -4.056555e-01 1.671314e-05 
-2.627974e+00 4.394310e+00 -2.502111e+00 -1.866580e+00 4.656929e+00 5.074506e+00 1.361118e+01 6.354424e+00 6.727077e+00 1.877991e+00 -2.972473e+00 1.593084e+00 -2.973437e-03 6.147604e-02 2.792810e-01 1.026308e-01 7.956595e-01 1.207776e+00 1.262729e+00 9.815550e-01 4.279550e-01 1.854360e+00 1.049096e+00 -4.776752e-01 -1.957725e+00 -2.030504e-03 
-2.369596e+00 2.124313e+00 -1.084491e+00 -5.027623e-01 5.543288e+00 2.648433e+00 8.174996e+00 4.646866e+00 6.123849e+00 2.770477e+00 -2.524714e+00 -8.167892e-01 -2.881455e-02 2.352311e-01 4.750201e-01 7.335514e-01 1.164823e+00 1.959021e+00 9.651266e-01 4.911811e-01 -7.720432e-02 1.123799e-01 -4.500239e-01 5.655623e-03 -1.041350e+00 -4.155302e-03 
-1.990886e+00 4.436732e+00 2.793465e+00 4.902436e+00 1.100779e+01 5.526655e+00 1.081583e+01 6.519156e+00 3.640470e+00 2.223802e-01 -8.725542e+00 -8.565555e+00 -2.748311e-02 -3.536015e-02 6.950024e-01 1.380985e+00 7.245334e-01 8.537409e-01 -5.189449e-01 -1.114458e+00 1.419054e-01 3.347440e-01 -7.709237e-02 -6.861953e-01 -4.066257e-01 8.130073e-06 
-2.507666e+00 5.979222e+00 2.653758e+00 -5.475092e-02 7.935524e+00 5.177545e+00 1.141186e+01 4.049140e+00 6.444357e+00 2.586657e+00 -3.332696e+00 -8.848950e-01 -1.180267e-02 -2.034805e-01 7.600496e-01 3.511513e-01 -1.030161e+00 -1.245626e-01 2.381294e-01 -6.109236e-01 -2.654735e-01 9.952341e-01 9.233927e-01 -1.294755e-01 1.309280e+00 5.377817e-03 
-2.735740e+00 5.941867e+00 2.533691e+00 1.532081e+00 7.729516e+00 1.215225e+00 6.420455e+00 7.362814e+00 8.240543e+00 1.584440e+00 -5.999458e+00 -4.059913e-01 -1.143873e-02 -4.052687e-01 -2.396003e-01 -5.210810e-02 -1.522653e+00 -8.563792e-01 4.191656e-02 -1.165577e+00 -2.840875e-01 1.118725e+00 1.421890e+00 7.512850e-01 2.127497e+00 -1.981843e-03 
-3.014572e+00 5.171994e+00 8.011525e-01 -3.968389e+00 6.559614e+00 5.994795e+00 7.318068e+00 2.897670e+00 8.799982e+00 6.706410e+00 -4.535133e+00 1.649830e+00 -9.947658e-03 -3.677296e-01 -6.149358e-01 3.347957e-01 5.913851e-01 5.028149e-01 -1.050088e-01 -9.300474e-01 2.573738e-01 4.786919e-01 1.331103e+00 6.023794e-01 5.295302e-01 -2.893686e-04 
-3.763776e+00 3.642345e+00 3.459228e+00 -7.540112e-01 7.413854e+00 5.327613e+00 7.034842e+00 5.674454e+00 8.056282e+00 5.271955e+00 -4.367899e+00 8.045703e-01 -3.831983e-02 -2.766059e-01 -6.298641e-01 1.729231e-01 7.840403e-01 -1.506886e-02 5.876092e-01 7.971393e-01 -1.611331e-01 -7.735208e-01 9.916471e-01 1.501652e+00 -1.128285e-01 1.104683e-03 
-3.832295e+00 4.054305e+00 3.864968e+00 4.045221e+00 1.060743e+01 2.596307e+00 6.454428e+00 6.180190e+00 8.929947e+00 7.398415e+00 -1.136579e+00 1.157476e+00 1.910329e-04 -7.275867e-03 -4.990206e-02 2.637291e-01 2.005754e+00 -1.532111e-01 -2.966194e-01 7.959741e-01 -2.487363e-01 -2.874357e-01 6.516290e-01 1.962152e+00 -6.633238e-01 2.555609e-03 
-3.709908e+00 3.351391e+00 1.866399e+00 1.445478e+00 5.630264e+00 5.852515e+00 1.083797e+01 4.915888e+00 4.307957e+00 6.196673e+00 -1.904755e-01 -7.239565e-01 -1.098466e-02 -2.429676e-02 -1.174836e-02 1.770094e-01 1.127770e+00 1.757816e-01 1.610220e-01 1.330345e-02 -1.683186e+00 -8.959364e-01 6.271505e-03 5.891510e-01 -4.979330e-02 2.302271e-03 
-3.077886e+00 5.067961e+00 2.916212e+00 4.960639e+00 6.685354e+00 4.249247e+00 9.396374e+00 2.033271e+00 9.236966e+00 9.502196e+00 3.186914e+00 -9.025261e-01 -1.083720e-02 -3.434471e-01 -7.055601e-01 -6.627423e-01 -4.302252e-01 3.862868e-01 6.285886e-01 -5.003451e-01 -8.490580e-01 -7.832033e-01 -9.629459e-01 -1.391166e+00 6.237614e-02 -5.115926e-03 
-4.262465e+00 3.076775e+00 4.818653e+00 4.427128e+00 1.025380e+01 5.306252e+00 5.630387e+00 -6.680185e-01 3.423091e+00 4.251422e+00 -3.583890e+00 1.585605e+00 -2.129436e-02 -2.580234e-01 -6.851703e-01 -6.876140e-01 -7.214919e-01 1.215648e+00 7.266347e-02 -9.569945e-01 3.929203e-01 2.247794e-02 -1.844843e+00 -1.578633e+00 7.052096e-01 -2.811670e-03 
-5.273252e+00 6.638118e-01 -9.248694e-01 4.032698e-01 1.022710e+01 6.012381e+00 6.556494e+00 4.726853e+00 5.456364e+00 3.556311e+00 -6.395703e+00 3.145756e-01 -2.023375e-02 -1.288787e-01 -6.829854e-01 -9.604467e-01 -1.399830e+00 6.188389e-01 2.198051e-01 -2.004320e-01 1.320257e+00 -2.965079e-01 -2.341962e+00 -1.266693e+00 6.800070e-01 -1.806545e-03 
-3.902341e+00 2.127614e+00 3.488701e-01 1.167030e-01 9.937633e+00 5.334266e+00 7.472938e+00 5.533699e+00 6.310648e+00 -5.460012e-02 -3.292332e+00 2.193541e+00 -2.034473e-02 2.091159e-01 -4.345193e-02 -7.665826e-01 -8.907417e-01 -9.217992e-02 -6.220884e-02 4.601547e-01 1.321028e+00 6.629398e-01 -1.222295e+00 3.686487e-01 3.094837e-01 1.788259e-04 
