-5.413064e+00 3.196535e+00 -5.031873e+00 5.478125e-01 9.176428e+00 -8.873749e-01 1.068188e+01 8.202824e+00 5.584301e-01 2.151972e+00 -2.901553e+00 5.265584e+00 -4.731464e-02 -2.023182e-02 4.315687e-02 8.425452e-01 4.944643e-01 4.050046e-01 5.136473e-01 -1.066688e+00 -1.613808e+00 -6.596280e-01 2.131999e-01 8.719605e-01 -5.491468e-01 1.356745e-03 
-3.819427e+00 1.889683e+00 -2.783643e+00 1.396374e+00 9.451097e+00 9.615852e-01 7.739852e+00 5.044779e+00 -1.317030e+00 2.650374e+00 -3.210416e+00 3.092815e+00 -5.872583e-02 -1.772432e-01 -3.221613e-01 3.394173e-01 9.063391e-02 -8.401106e-02 8.172085e-01 -1.502001e+00 -1.735608e+00 -6.632787e-01 8.661327e-01 1.980482e+00 -7.687963e-01 5.320978e-03 
-6.311042e+00 4.065744e+00 -1.943262e+00 2.595853e+00 1.106412e+01 7.563818e-01 6.819449e+00 1.712806e+00 -1.801980e+00 2.968770e+00 1.612681e+00 3.606234e+00 -3.482533e-02 -2.572643e-01 -9.882712e-02 1.057621e-01 3.164487e-02 -3.736134e-01 2.781234e-01 -1.308298e+00 -8.947448e-01 -2.675798e-01 7.913401e-01 1.165878e+00 -1.213973e-01 5.225205e-03 
-5.850291e+00 1.151123e+00 -4.879092e+00 -2.303821e-02 7.812528e+00 2.376789e+00 5.103085e+00 2.769795e+00 -1.577758e+00 6.074236e+00 4.743742e+00 2.251277e+00 -2.695441e-02 -2.480017e-01 2.830022e-01 1.740423e-01 -1.138652e-01 3.110825e-01 -4.106823e-01 -7.957991e-01 3.358037e-01 -2.799031e-01 2.342455e-01 1.049121e-01 -7.894897e-01 2.847862e-03 
-5.683953e+00 3.071679e+00 -3.455338e+00 1.415743e+00 8.127645e+00 -2.043599e-01 5.458769e+00 4.866592e+00 -6.491046e-01 4.396741e+00 -1.049241e+00 5.079366e+00 -3.707433e-02 2.253000e-01 1.038591e-01 -7.036352e-03 -3.794222e-01 3.281447e-01 4.519138e-01 7.267315e-01 9.062616e-01 -1.387194e-01 -3.140796e-01 -3.599917e-01 -2.114518e-01 -2.879107e-03 
-5.372979e+00 3.801727e+00 -1.157393e+00 1.417104e+00 1.247475e+01 -6.114552e-01 4.441196e+00 5.146904e+00 -3.292983e+00 3.107616e+00 -1.354895e+00 -1.591200e+00 -4.336202e-02 -6.354427e-02 1.360053e-01 4.698940e-01 -2.833734e-01 4.793718e-01 5.820341e-02 2.005836e+00 1.542364e+00 1.209140e+00 2.261246e-01 -2.018261e-01 4.657882e-01 -3.374052e-03 
-5.423198e+00 3.259738e+00 -3.839293e+00 -2.132881e-02 1.037373e+01 4.510073e+00 1.078405e+01 5.055559e+00 -1.637965e+00 2.881682e+00 2.862041e+00 4.470213e+00 -4.101706e-02 -1.927750e-01 -6.837645e-01 -7.855523e-01 -9.913489e-01 -7.970114e-01 -5.078961e-01 1.255880e-01 2.014937e-02 8.448059e-01 5.685549e-02 -1.632629e-01 -3.019459e-01 6.032705e-04 
-6.298390e+00 1.737120e+00 -2.337644e+00 -7.213693e-01 9.086345e+00 3.105902e-01 1.246963e+01 1.038713e+01 4.962371e+00 7.962389e+00 1.778971e+00 4.884795e+00 -4.185331e-02 -3.433979e-01 -6.558965e-01 -8.272454e-01 -5.034429e-01 -1.569785e+00 5.449198e-01 -1.099205e-02 -4.099715e-01 4.745990e-01 -6.627830e-02 -1.039406e+00 -5.656726e-02 5.486572e-03 
-6.185122e+00 6.851602e-01 -6.792974e+00 -2.471765e+00 5.836789e+00 -3.204863e+00 2.072495e+00 2.347226e+00 -5.527520e-01 2.253632e+00 -3.432488e+00 3.316401e-01 -3.481233e-02 -3.014921e-01 -2.074457e-01 -3.249965e-01 1.167533e-01 -4.447854e-01 -1.077718e-01 -5.814026e-01 -1.260565e+00 -9.707948e-01 -1.552019e+00 -2.099105e+00 -1.234535e+00 4.997766e-03 
-6.709006e+00 1.809534e+00 -3.816779e+00 1.251075e-01 6.894290e+00 5.970612e+00 8.742015e+00 4.451213e+00 -1.462595e+00 3.090250e+00 -3.404661e+00 1.952510e-01 -1.903152e-02 1.327395e-01 6.828645e-01 -3.990555e-03 -1.600065e-02 -1.412084e-01 7.157259e-02 -8.394313e-02 -1.171309e+00 -1.488580e+00 -9.092481e-01 1.359248e-03 -6.130422e-01 3.789985e-03 
-6.725350e+00 2.186303e+00 -4.724708e+00 1.391994e-01 9.245831e+00 1.141203e+00 9.740845e+00 1.720694e+00 -3.279456e+00 -2.442345e+00 -5.041670e+00 6.423082e-01 -2.743912e-02 -9.923267e-02 6.431857e-01 3.035605e-01 -2.033432e-01 -5.237805e-01 -5.609255e-01 3.423048e-01 5.312790e-01 3.645342e-01 1.078165e+00 1.189488e+00 9.664937e-01 1.622808e-03 
-5.364579e+00 4.400872e+00 -3.391730e+00 -2.106855e+00 6.675782e+00 -1.504580e+00 8.215736e+00 4.843853e+00 -1.117175e+00 5.764137e+00 2.590358e+00 1.664250e+00 -2.658999e-02 -3.688603e-02 2.191994e-01 -6.317513e-02 -7.146235e-01 -8.050388e-01 -1.646254e+00 -8.530452e-01 1.287538e-01 -8.514013e-02 2.854880e-01 3.510679e-01 1.247013e-01 1.421392e-03 
-7.353499e+00 2.605420e+00 -5.487696e+00 -2.372500e+00 3.327141e+00 -2.271895e+00 4.047158e+00 4.807302e+00 1.097209e+00 6.307514e+00 -4.825596e-01 4.429609e+00 -2.291906e-02 9.712563e-02 1.859614e-01 1.036534e-02 -2.041176e-01 -7.790783e-01 3.788015e-01 -1.086893e+00 -4.133953e-01 -4.334256e-01 4.455836e-01 -9.283916e-01 -1.290985e+00 1.640773e-03 
-6.579362e+00 2.695972e+00 -3.751161e+00 -2.192160e+00 5.828442e+00 -5.541092e-01 7.323632e+00 3.551678e+00 -4.076628e+00 1.427603e-01 -3.928877e+00 -1.074893e+00 -1.418459e-02 3.421326e-02 -4.021853e-01 -5.966744e-01 5.925609e-02 1.054120e-02 3.924183e-01 -1.258046e+00 -1.061617e+00 -1.182097e+00 -1.403561e+00 -1.961122e+00 -1.189256e+00 -8.808851e-04 
-5.632331e+00 3.968560e+00 -4.493166e+00 -8.387361e-01 5.774110e+00 2.559975e+00 4.752433e+00 2.998054e-01 -3.966858e+00 2.596262e+00 -6.424010e+00 -4.443043e+00 -2.543795e-02 3.127598e-01 -7.187587e-01 -8.379334e-01 -2.775144e-01 4.696499e-01 4.394993e-01 -6.318269e-01 -2.012169e+00 -2.357177e+00 -1.676888e+00 -1.277395e+00 -2.358090e+00 -4.212451e-03 
-6.054097e+00 1.708375e+00 -6.872367e+00 -2.577456e+00 5.505004e+00 -1.958424e+00 1.572870e+00 1.789517e+00 -4.495629e+00 6.019562e-01 -4.244529e+00 1.542970e-01 -2.973497e-02 1.585617e-02 -1.042597e-01 -1.072609e-01 -6.106269e-02 2.874260e-01 6.469941e-01 -5.365068e-02 -1.391041e+00 -1.856424e-01 5.562897e-01 8.746756e-01 -1.297485e-01 -5.312276e-03 
-6.052333e+00 -4.945753e-01 -8.116760e+00 -3.567424e+00 5.837110e+00 6.277591e-01 3.763404e+00 -4.372465e+00 -1.047918e+01 -2.306525e+00 -6.711709e+00 -7.975437e+00 -3.620613e-02 7.033825e-02 7.668643e-02 3.135167e-01 3.900101e-01 7.657855e-01 1.003328e+00 1.646528e+00 2.191598e-01 -9.213851e-02 -3.633335e-01 1.682619e+00 1.741847e+00 -2.283955e-03 
-6.290080e+00 4.406242e+00 -2.475668e+00 -1.133130e+00 7.234072e+00 3.646969e+00 7.549892e+00 -1.067394e+00 -1.748680e+00 5.375602e+00 5.883510e-01 4.256141e-02 -3.536189e-02 -8.653660e-02 5.475900e-01 1.621422e+00 1.375871e+00 1.260597e+00 1.745775e+00 1.904531e+00 1.225496e+00 7.857054e-01 1.860408e-01 1.805874e+00 1.592302e+00 7.614017e-04 
-5.162648e+00 3.003059e+00 -5.123932e+00 3.891512e-01 8.738503e+00 4.773917e+00 9.996558e+00 2.824060e+00 -5.801025e+00 -1.607229e+00 -4.273552e-01 4.322062e+00 -3.404427e-02 -1.279161e-01 4.473053e-01 2.001488e+00 1.887107e+00 1.405749e+00 4.251286e-01 6.620614e-01 1.463025e+00 9.714178e-01 5.416206e-01 1.072436e+00 2.684495e+00 2.774477e-04 
-6.931623e+00 2.697508e+00 -2.616714e-01 2.323611e+00 1.035729e+01 4.697371e+00 7.978948e+00 4.318734e+00 -2.906178e+00 1.182512e+00 1.642662e+00 1.967059e+00 -2.700889e-02 -1.211164e+00 -7.884044e-01 2.067226e+00 -2.075962e+00 8.096262e-01 -7.494761e-01 -8.417875e-01 1.248131e+00 2.989382e-02 -2.475100e-02 -9.628249e-01 6.299540e-01 5.103905e-02 
-6.371142e+00 2.596318e+00 7.836846e-01 4.139741e+00 1.130425e+01 2.228201e+00 6.859184e+00 2.495964e-01 -5.043339e+00 2.498123e+00 -1.876685e+00 4.484791e+00 -3.899539e-02 -2.352135e+00 -9.026591e-01 3.079808e+00 -4.537567e+00 3.022120e-01 -1.199740e+00 -1.555032e+00 7.894717e-01 6.043736e-01 1.361911e+00 -1.462071e+00 3.329205e-01 1.057717e-01 
-1.174165e+01 6.675899e-01 4.906655e+00 -1.338824e+01 9.999331e+00 1.172446e+00 4.909642e+00 6.460495e+00 -1.978054e+00 3.199171e+00 -3.501109e+00 3.110967e+00 2.223089e-01 -8.434359e-01 -7.392015e-01 7.089429e-02 -2.908580e+00 -5.349082e-01 -8.667219e-01 -4.000135e-01 8.984410e-01 7.105654e-01 8.279150e-01 -2.153320e-01 1.371734e+00 4.102551e-02 
-1.451831e+01 -4.952776e-01 7.690943e+00 -1.444276e+01 1.042854e+01 5.376785e-01 3.756050e+00 5.700538e+00 -3.243218e+00 4.193998e+00 -5.165824e+00 5.414711e+00 3.701552e-01 1.779835e-01 -1.093470e+00 -6.486257e-01 9.736423e-02 -8.609617e-01 7.891766e-01 3.120607e-01 1.301183e+00 2.279813e+00 1.000961e+00 9.999512e-01 -5.029985e-01 -1.965958e-03 
-7.075219e+00 5.472987e-01 -3.360829e+00 -2.928041e+00 8.120601e+00 1.209022e+00 7.530447e+00 6.085468e+00 -2.534108e-01 4.474149e+00 2.210572e+00 8.360770e+00 -2.645659e-02 1.433903e+00 -5.137838e-01 -1.488935e+00 3.861377e+00 -1.222092e+00 5.640203e-01 -3.300114e-01 -7.475825e-01 1.636290e+00 7.346374e-01 1.240075e+00 -1.401023e+00 -6.765871e-02 
-7.814443e+00 -2.810889e+00 1.674298e+00 -6.035349e-01 7.938802e+00 6.155797e+00 7.109085e+00 6.943025e+00 5.493402e+00 6.865440e+00 2.672306e-01 -6.551036e-01 7.555759e-02 1.903112e+00 6.410137e-01 -2.434904e+00 2.633715e+00 -7.940240e-01 -4.294518e-01 -9.844862e-01 -1.029412e+00 5.161357e-02 2.992643e-02 5.728877e-01 -2.701966e+00 -7.614952e-02 
-7.924073e+00 -7.435234e-01 4.703035e-01 -1.000961e+00 5.133742e+00 1.183489e+00 1.583068e+00 2.101339e+00 1.835084e+00 5.536638e+00 -1.725996e-02 -8.592385e-01 3.131419e-02 5.603164e-01 1.314106e+00 -9.409012e-01 2.861409e-01 -5.660106e-02 -8.945559e-01 -9.980463e-01 -1.330837e+00 -1.443930e+00 -3.700805e-01 -7.282886e-01 -1.559425e+00 -1.430515e-02 
-4.578321e+00 3.355202e+00 -6.399143e+00 -2.237723e+00 7.951853e+00 -1.596813e+00 1.807309e+00 2.545540e+00 -4.029397e+00 3.812386e+00 -1.187469e+00 -3.485112e+00 -3.947783e-02 7.943222e-01 1.582585e+00 -1.480932e+00 1.509784e-01 6.050277e-01 -5.780396e-01 -5.391989e-02 -4.834619e-01 -1.750993e+00 -6.371358e-01 -2.928459e-01 1.135503e+00 -2.570782e-02 
-5.891698e+00 4.034785e+00 -4.028615e+00 -6.802421e-01 7.831071e+00 6.125474e-01 5.191104e+00 1.630023e+00 -2.711659e+00 4.150273e+00 -7.035209e-01 1.978653e+00 -4.046464e-02 3.005710e-01 6.589075e-01 -2.946799e-01 4.113219e-01 7.919450e-01 5.885273e-01 2.638695e-01 8.051959e-01 4.308273e-01 7.869557e-01 7.393887e-01 1.491535e+00 -1.375496e-02 
-4.859019e+00 2.712881e+00 -3.480903e+00 -9.002566e-03 9.615276e+00 3.551069e+00 5.035468e+00 4.761374e+00 -9.881921e-01 4.372943e+00 -8.538686e-01 3.603464e+00 -1.709211e-02 -3.663408e-01 -6.679704e-01 5.530980e-01 8.382050e-01 5.433846e-01 8.478131e-01 9.868066e-01 9.991497e-01 1.580153e+00 1.265562e+00 9.356798e-01 1.056839e+00 -1.481855e-03 
-6.280869e+00 2.872175e+00 -2.462216e+00 -5.871195e-02 8.261755e+00 1.552184e+00 1.288336e+00 5.019402e+00 2.468617e+00 9.191138e+00 3.512883e+00 3.054147e+00 -4.865348e-02 1.558178e-01 -6.661226e-01 1.819671e-01 4.156377e-01 1.031397e-01 -2.189035e-01 1.966277e-01 -2.179792e-01 6.528496e-01 5.129865e-01 7.190717e-01 -2.378982e-01 -1.050591e-03 
-6.215440e+00 5.966551e-01 -4.416852e+00 1.642537e+00 1.045343e+01 2.172434e+00 8.692726e+00 5.846599e+00 1.281232e+00 7.619762e+00 1.382728e+00 1.261337e+00 -4.279268e-02 2.722835e+00 -1.467060e+00 9.846251e-02 -4.582719e-02 -2.221911e+00 -2.236680e+00 -4.882115e-01 -2.521853e-01 -1.672068e+00 -8.673716e-02 7.033570e-02 -5.291888e-01 7.073983e-02 
-4.434399e+00 1.762285e+00 -2.650805e+00 5.721769e-01 7.927691e+00 2.073474e-01 4.345613e+00 -2.485752e-03 -5.821232e-01 5.091796e+00 1.773539e+00 1.960225e+00 -3.286731e-02 3.716791e+00 -9.646557e-01 -1.571114e-02 -2.311821e-01 -2.761497e+00 -3.594793e+00 -2.467318e-01 -5.780748e-01 -2.228950e+00 -1.189311e+00 -6.259435e-01 3.431918e-01 1.057497e-01 
7.831921e+00 -4.067475e+00 -2.894296e+00 -5.535830e-01 -1.327245e+00 -6.959913e+00 1.065772e+00 6.011391e+00 -7.823162e+00 5.988929e+00 3.674818e-01 1.504482e+00 3.287140e-01 1.948771e+00 8.804244e-01 8.641197e-01 4.530532e-01 -1.623361e+00 -2.579335e+00 -2.102539e+00 -1.927083e+00 -1.179976e+00 -1.671382e+00 -1.186219e+00 4.630509e-01 4.039768e-02 
5.279403e+00 3.809612e-01 -3.302049e+00 -1.165627e-01 3.446112e-01 -1.185561e+01 3.868154e+00 2.046633e+00 -4.123938e+00 4.059999e+00 8.907889e-01 4.648534e+00 2.943416e-01 -1.063022e+00 1.554659e+00 5.104586e-01 7.354745e-01 1.250898e+00 2.630243e-01 -6.574678e-03 -6.819241e-01 2.384315e-01 -1.011450e+00 -6.122969e-01 7.005958e-02 -3.105106e-02 
-1.328484e+00 5.689439e+00 2.293687e-01 4.252173e+00 6.128167e+00 -4.692767e+00 -1.581238e+00 -4.813373e+00 -2.847740e+00 -2.212481e-01 -4.106991e+00 2.232437e+00 -4.408717e-03 -3.840671e+00 1.946037e+00 -3.956059e-01 -4.938895e-01 2.608792e+00 3.142710e+00 3.751101e-02 5.300651e-02 1.012622e+00 -5.626570e-01 -5.582843e-02 1.400926e-01 -7.955712e-02 
-5.169309e+00 4.657122e+00 -1.660344e+00 1.846671e+00 1.045447e+01 3.888960e-01 5.636245e+00 2.000276e+00 -1.877676e+00 3.139637e+00 9.492909e-01 1.946545e+00 -2.156126e-02 -2.980569e+00 2.560419e-01 -1.132625e+00 -1.918243e+00 7.929233e-01 3.073674e+00 -7.704717e-01 1.893564e+00 1.678016e-01 2.255489e-01 5.177969e-01 4.763191e-01 -3.586129e-02 
-6.147079e+00 3.524627e+00 -5.693178e+00 -4.004647e+00 6.661786e+00 2.631388e+00 3.692813e-01 6.299602e+00 -3.883183e+00 3.635825e+00 5.908871e-02 3.555939e+00 8.887976e-02 -1.163570e+00 -6.964307e-01 -1.407588e+00 -1.962874e+00 1.402340e-01 1.638646e+00 1.256697e+00 2.250046e+00 4.211255e-01 7.718604e-01 1.743172e+00 2.094855e+00 1.645529e-03 
-7.214147e+00 2.743577e+00 -6.003901e+00 -5.579366e+00 4.042418e+00 -1.493132e-01 -9.594641e-01 5.957964e+00 -2.767208e+00 3.259207e+00 1.396733e+00 6.368379e+00 6.839085e-02 -2.459585e-01 -3.072367e-01 -8.805730e-01 -1.989658e-01 3.050407e-01 1.038114e+00 1.632135e+00 8.248876e-01 -5.126724e-02 1.233166e-01 -1.976364e-01 1.674884e+00 -6.870610e-03 
-6.123914e+00 3.164058e+00 -4.636793e+00 -1.849180e+00 1.003537e+01 3.769571e+00 8.000101e+00 4.458014e+00 -2.973473e-01 3.578269e+00 4.385148e+00 1.049579e+01 -4.115713e-02 -4.030678e-01 1.519931e-01 6.069684e-02 2.529015e+00 3.348739e-01 5.406374e-01 2.430975e+00 -3.867601e-01 1.660290e-01 1.489039e-01 -8.094475e-01 6.457027e-01 1.123823e-02 
-6.410684e+00 3.301222e+00 -6.591402e+00 -2.258909e-01 1.029289e+01 5.010377e+00 9.981510e+00 7.045507e+00 -3.926930e+00 3.784998e+00 -2.201921e+00 6.851039e+00 9.104133e-03 -3.136002e-01 1.099090e-01 -8.047363e-01 2.076925e+00 -1.379121e+00 6.960038e-01 1.434887e+00 -3.823359e-01 -1.206476e+00 1.272516e-01 -9.535738e-01 -1.434521e+00 9.923436e-02 
-8.564149e+00 4.005770e+00 -5.095943e+00 5.963689e+00 5.210920e+00 2.754730e+00 7.053668e+00 3.822030e+00 -2.473177e+00 4.117449e+00 -2.188821e+00 6.543123e+00 1.747143e-01 -7.729002e-01 3.611060e-01 -1.258806e+00 -5.252508e-01 -2.700017e+00 1.952887e-01 -1.181861e+00 -1.362725e+00 -1.280034e+00 2.996954e-01 -2.031476e+00 -2.114917e+00 1.915310e-01 
-7.562030e+00 2.872266e+00 -9.798007e+00 8.988249e-01 -4.409647e-01 3.838126e+00 6.688189e+00 4.364278e+00 -7.711673e+00 3.625875e+00 -8.415091e-02 1.172109e+00 4.566270e-01 9.712063e-01 1.152107e+00 -6.821952e-01 -1.378693e+00 -2.416214e+00 -1.872038e+00 -2.736666e+00 -2.962577e+00 7.103560e-01 -7.708826e-01 -2.629911e+00 -2.075235e+00 1.835218e-01 
-9.412742e+00 5.184066e+00 -9.327522e+00 -5.037792e+00 1.902203e+00 5.332140e+00 3.737458e+00 -1.014996e+00 -4.805145e+00 5.156307e+00 -6.831119e+00 2.760675e+00 6.927363e-01 3.727524e+00 -3.085919e-01 1.688491e+00 -2.100681e+00 -2.946280e+00 -3.020157e+00 -6.095120e+00 -3.689067e+00 1.177113e+00 -2.188672e+00 -2.479212e+00 -2.997778e+00 1.457305e-01 
-1.130356e+00 8.472608e+00 -7.886588e+00 -1.618614e+00 -1.338224e-01 -5.638515e+00 -2.043713e+00 -5.348863e+00 7.908334e-01 -5.888441e-01 -1.303033e+01 -1.633911e+00 6.677020e-01 5.054133e+00 -2.548584e+00 4.170497e+00 -6.478270e-01 -3.640541e+00 -2.345340e+00 -7.989345e+00 -3.164047e+00 2.911866e+00 -2.638705e+00 -5.027611e-01 -2.651930e+00 1.046697e-01 
6.857633e+00 -3.373606e-01 2.390804e+00 -3.280994e+00 -9.674050e+00 -7.607735e+00 -1.905598e+01 -9.766736e+00 -8.388641e-01 -4.718554e+00 -8.111792e+00 -7.042759e+00 7.978290e-01 5.149163e+00 -4.882826e+00 4.682623e+00 -1.818751e-01 -3.357459e+00 -2.311961e+00 -5.402316e+00 -2.887067e+00 2.612254e+00 -2.703768e+00 1.707142e+00 -3.092070e+00 7.213460e-02 
9.573448e+00 -7.109942e+00 5.195314e+00 -3.218709e+00 -1.285554e+01 -1.418634e+00 -2.186181e+01 -7.080084e+00 4.864517e+00 -4.630221e+00 -1.957620e+00 -7.185822e+00 9.274289e-01 3.274659e+00 -5.044054e+00 2.875183e+00 7.984696e-02 -1.284532e+00 -1.345904e+00 -7.944676e-01 -1.742598e+00 1.166703e+00 -9.798001e-01 2.140221e+00 -1.495662e+00 5.735834e-02 
1.098117e+01 -1.143879e+01 7.544642e+00 -5.147120e+00 -8.524234e+00 -8.337605e+00 -1.336507e+01 -1.458472e+01 6.219285e+00 -6.341847e+00 -3.831764e+00 -9.923721e+00 9.235458e-01 2.285712e+00 -2.619817e+00 -5.486603e-01 1.524294e+00 8.837546e-01 -1.080801e+00 2.263299e+00 -4.310303e-02 5.631578e-01 -6.365931e-01 1.023414e+00 -1.552964e-01 9.006751e-03 
1.318117e+01 -1.119695e+01 3.912409e+00 -2.863161e-01 -7.131392e+00 -1.200310e+01 -8.861508e+00 -1.165286e+01 3.095275e+00 -4.676198e+00 -4.469235e+00 -7.671740e+00 8.916352e-01 2.271321e+00 -5.040506e-01 -2.528603e+00 2.363603e+00 1.672031e+00 -1.162612e+00 9.519804e-01 9.637233e-01 -5.102397e-01 -1.341977e+00 6.480271e-01 4.487443e-01 -2.531251e-02 
1.648233e+01 -1.139294e+01 2.889549e-01 2.874278e+00 -8.117352e+00 -7.719507e+00 -1.423964e+01 -7.695862e+00 2.861546e+00 -7.878531e+00 -1.738914e+00 -7.576283e+00 8.607596e-01 2.032211e+00 8.004195e-01 -3.729450e+00 2.194358e+00 1.427123e+00 3.664457e-01 -1.517777e+00 1.776006e+00 -9.736571e-02 -1.597931e+00 8.585399e-01 1.472414e+00 -2.684644e-02 
1.817947e+01 -9.653119e+00 -3.819859e+00 4.588605e+00 -4.698827e+00 -7.540742e+00 -1.666463e+01 -5.705896e+00 3.992188e+00 -1.057176e+01 2.360898e-01 -6.115820e+00 8.322595e-01 1.224773e+00 1.156897e+00 -3.356747e+00 4.403707e-01 2.168389e+00 5.003757e-01 -2.668831e+00 8.532405e-01 6.961229e-01 -2.020530e+00 5.921847e-01 1.445729e+00 -1.481792e-02 
1.864307e+01 -8.208605e+00 -7.236471e+00 3.387208e+00 -2.604902e+00 -8.736555e+00 -1.705240e+01 -8.678174e+00 5.284000e+00 -1.138372e+01 -1.891728e+00 -3.339612e+00 8.190015e-01 4.124177e-01 1.293905e+00 -2.686039e+00 7.212572e-02 2.191179e+00 -2.996735e-01 -1.009070e+00 -1.698107e-01 1.167893e+00 -1.244575e+00 2.511912e-01 1.574996e+00 -4.974186e-04 
1.822467e+01 -7.004631e+00 -9.108613e+00 1.659072e+00 9.543266e-01 -8.992696e+00 -2.079929e+01 -6.895504e+00 5.364663e+00 -1.302625e+01 -1.431905e+00 -2.561431e+00 8.384247e-01 9.468870e-02 6.968734e-01 -2.139675e+00 3.473457e-01 5.387074e-01 -4.168110e-02 -3.457119e-01 -7.573724e-01 1.454542e+00 -1.105106e+00 1.352461e-01 8.751698e-01 1.287337e-02 
1.852182e+01 -6.247657e+00 -1.049687e+01 4.699673e+00 1.196671e-02 -8.491898e+00 -1.721766e+01 -7.950111e+00 8.014771e+00 -1.287416e+01 3.510392e-01 -1.478495e+00 8.551899e-01 -1.788506e-02 6.618948e-02 -1.293185e+00 1.137790e+00 -6.718653e-01 5.392903e-01 -1.345825e-03 -4.507017e-02 2.827316e+00 -1.798533e+00 1.143865e+00 1.493795e-02 2.243145e-02 
1.871354e+01 -7.149226e+00 -1.288803e+01 5.669101e+00 -3.313725e+00 -7.871477e+00 -1.831055e+01 -9.856790e+00 9.899514e+00 -1.535208e+01 -2.090631e-01 -2.670530e+00 8.785321e-01 -1.889744e-01 -7.794333e-01 -4.757550e-01 1.197370e+00 -2.225313e+00 4.015951e-01 2.285038e-01 3.889697e-01 3.294692e+00 -2.398627e+00 8.717866e-01 -9.332920e-01 2.743626e-02 
1.830921e+01 -7.805360e+00 -1.181269e+01 7.071142e+00 -3.830203e+00 -6.600713e+00 -1.830349e+01 -7.422882e+00 1.715316e+01 -1.921347e+01 3.216175e+00 -3.210373e+00 9.111050e-01 -6.814051e-01 -1.358746e+00 7.337422e-01 4.452078e-01 -2.661817e+00 -1.156324e-01 -1.917238e-01 1.811332e+00 2.281286e+00 -2.076403e+00 1.030476e-01 -1.478668e+00 3.118210e-02 
1.738610e+01 -1.012295e+01 -1.082948e+01 6.460187e+00 -8.251155e+00 -7.930313e+00 -1.911385e+01 -5.214270e+00 1.726893e+01 -2.184973e+01 1.494460e+00 -6.361952e+00 9.476484e-01 -1.072772e+00 -1.217376e+00 1.616816e+00 8.036715e-01 -3.531514e+00 7.510076e-02 1.739178e-02 3.621372e+00 3.721983e-01 -1.031505e+00 1.057780e-01 -1.155171e+00 2.825787e-02 
1.577852e+01 -1.155453e+01 -7.857432e+00 6.530169e+00 -1.082840e+01 -9.040642e+00 -1.777463e+01 -1.214710e+00 1.573649e+01 -2.000735e+01 1.451540e-02 -7.026125e+00 9.765423e-01 -1.139247e+00 -1.190642e+00 2.184118e+00 5.630702e-01 -4.076408e+00 -4.939971e-02 5.784994e-01 3.855901e+00 -2.014508e+00 3.454273e-01 -2.300417e-02 -7.336276e-01 2.044746e-02 
1.461503e+01 -1.136152e+01 -6.781579e+00 9.957945e+00 -1.747219e+01 -6.276009e+00 -1.848803e+01 5.145985e+00 1.246884e+01 -2.011266e+01 1.920657e+00 -6.538509e+00 9.871028e-01 -1.083508e+00 -5.819343e-01 2.768633e+00 3.143986e-01 -3.971942e+00 6.834313e-01 1.651118e+00 2.753971e+00 -2.201123e+00 1.053067e+00 1.444280e+00 -6.142837e-01 1.106680e-02 
1.399851e+01 -1.313928e+01 -2.916047e+00 8.137613e+00 -1.960173e+01 -7.674864e+00 -1.572391e+01 6.676495e+00 9.480664e+00 -1.835487e+01 2.888056e+00 -6.790233e+00 9.936152e-01 -9.847619e-01 -2.449126e-01 2.987412e+00 -4.395837e-01 -3.538995e+00 6.827279e-01 2.382651e+00 5.889590e-01 -1.750075e+00 1.093659e+00 2.039083e+00 -9.922825e-01 5.425858e-03 
1.285857e+01 -1.224024e+01 5.429968e-01 7.228458e+00 -2.372421e+01 -5.196045e+00 -1.188362e+01 4.609982e+00 9.391232e+00 -1.741063e+01 7.279090e+00 -9.551317e+00 9.944460e-01 -9.671715e-01 3.551674e-02 3.192761e+00 -1.368535e+00 -2.556627e+00 8.419884e-01 2.542176e+00 -1.305640e+00 -1.071063e+00 1.468389e+00 1.780240e+00 -1.216509e+00 2.441943e-03 
1.173294e+01 -1.233973e+01 3.417338e+00 5.696994e+00 -2.539737e+01 -6.166984e+00 -9.163578e+00 1.998087e+00 8.524919e+00 -1.589006e+01 7.530716e+00 -1.048113e+01 1.000000e+00 -8.601002e-01 5.099141e-01 2.918552e+00 -1.317330e+00 -1.773282e+00 1.288646e+00 1.635767e+00 -1.589643e+00 -2.735581e-01 1.362625e+00 1.268758e+00 -5.213488e-01 -1.209217e-03 
1.091196e+01 -1.158371e+01 6.015534e+00 4.335582e+00 -2.735751e+01 -2.820006e+00 -9.057312e+00 9.569895e-01 7.591395e+00 -1.400312e+01 8.500525e+00 -1.077560e+01 9.961201e-01 -5.893490e-01 4.613089e-01 2.875665e+00 -1.537213e+00 -6.494415e-01 1.207993e+00 9.039946e-02 -5.245627e-01 -1.050696e+00 2.097878e+00 -4.519779e-01 1.213064e+00 -4.363048e-03 
1.067131e+01 -1.091797e+01 8.940445e+00 2.997401e+00 -2.665149e+01 -2.419655e+00 -8.958230e+00 5.547783e-01 9.012793e+00 -1.324550e+01 8.621130e+00 -8.784834e+00 9.867320e-01 -3.258469e-01 6.211131e-01 2.833423e+00 -1.584055e+00 2.460560e-01 1.184253e+00 -7.471247e-01 4.328477e-01 -2.029167e+00 2.598122e+00 -1.272678e+00 2.434052e+00 -9.469259e-03 
1.044263e+01 -1.064458e+01 1.215977e+01 8.921885e-01 -2.634436e+01 -1.029745e+00 -1.153430e+01 2.708823e+00 3.893818e+00 -8.243524e+00 4.473993e+00 -4.334147e+00 9.792647e-01 -3.601728e-01 7.410910e-01 2.705204e+00 -1.494357e+00 1.051300e+00 3.700373e-01 -4.064067e-01 1.824529e-01 -2.473700e+00 2.163656e+00 -1.302469e+00 2.716264e+00 -1.247832e-02 
1.033837e+01 -9.703735e+00 1.451234e+01 -5.015849e-01 -2.467367e+01 -1.140851e+00 -1.166071e+01 3.286409e+00 2.278730e-01 -5.779249e+00 3.180593e+00 -1.531604e+00 9.610814e-01 -9.012135e-01 1.404589e+00 1.915892e+00 -1.046868e+00 1.519741e+00 -1.156939e-01 6.009685e-01 -9.158403e-01 -2.163941e+00 1.129370e+00 -4.471209e-01 1.972279e+00 -1.424485e-02 
9.277569e+00 -8.485378e+00 1.675561e+01 -1.386710e+00 -2.308991e+01 -1.609222e+00 -9.738107e+00 5.034385e-01 -3.846421e-01 -6.917972e+00 4.708451e+00 -8.208987e-01 9.465538e-01 -1.162900e+00 1.796694e+00 1.364156e+00 -3.254966e-01 1.402861e+00 -4.833084e-01 1.675670e+00 -2.247802e+00 -8.088089e-01 -3.730389e-01 8.957869e-01 1.001158e+00 -1.693699e-02 
6.747779e+00 -4.974625e+00 1.622198e+01 -1.097489e+00 -2.068000e+01 -2.708386e+00 -6.851484e+00 -2.921731e+00 3.323199e-01 -8.261430e+00 6.268297e+00 -6.800619e-01 9.318632e-01 -8.346167e-01 1.886021e+00 9.715382e-01 3.481683e-01 7.370443e-01 4.450881e-01 1.085095e+00 -1.708315e+00 -9.764798e-01 -8.914995e-02 1.037369e+00 8.124029e-01 -2.209940e-02 
6.423429e+00 -4.025661e+00 1.812572e+01 -4.373426e-01 -2.132689e+01 -2.662519e+00 -5.560559e+00 -5.426115e+00 -2.024500e-01 -8.867628e+00 7.409076e+00 2.458732e-01 9.091889e-01 -2.127412e-01 1.575652e+00 9.062225e-01 5.466558e-01 -1.147022e-02 1.175571e+00 3.687301e-01 -7.292475e-01 -1.234615e+00 3.791050e-01 6.674904e-01 5.143241e-01 -2.414769e-02 
7.592353e+00 -2.503491e+00 1.868497e+01 7.645730e-01 -2.186996e+01 1.611238e+00 -8.324008e+00 -2.290388e+00 -4.745622e+00 -5.250171e+00 7.017125e+00 1.997025e+00 8.692669e-01 3.501808e-01 1.093824e+00 8.724167e-01 5.528906e-01 -7.639330e-01 1.831839e+00 -2.527052e-01 -9.342398e-02 -1.067543e+00 4.421038e-01 7.526774e-01 -4.052110e-01 -2.882678e-02 
7.791576e+00 -1.842685e+00 2.005523e+01 4.155381e-01 -2.255228e+01 2.108821e+00 -7.158195e+00 -3.458471e+00 -4.018747e+00 -6.528076e+00 7.671489e+00 4.121786e-01 8.571135e-01 3.609168e-01 1.507953e+00 -3.131409e-02 1.220275e-01 -8.867130e-02 1.559739e+00 -2.890107e-01 -1.250768e-02 -8.210166e-01 6.500533e-01 7.453688e-01 -1.175924e+00 -3.850352e-02 
7.814610e+00 -5.969923e-01 1.961931e+01 1.240524e+00 -2.388697e+01 4.065140e+00 -7.316193e+00 -4.372673e+00 -3.097247e+00 -7.220687e+00 9.900477e+00 -2.789269e+00 8.137670e-01 1.912934e-01 1.866081e+00 -4.079344e-01 -7.009441e-01 5.574347e-01 1.500590e+00 -8.387222e-02 -4.126470e-01 -6.260510e-01 1.013238e+00 3.147842e-01 -1.492705e+00 -4.724216e-02 
8.116885e+00 2.560852e+00 1.750198e+01 -6.518054e-02 -2.076174e+01 3.909225e+00 -7.509521e+00 -4.447511e+00 -5.131721e+00 -4.632103e+00 9.694243e+00 -3.240597e+00 7.444212e-01 -9.795420e-02 2.689646e+00 -5.780131e-01 -8.721552e-01 4.131092e-01 2.645959e+00 2.367296e-02 -5.964038e-01 -1.109903e+00 1.620429e+00 -1.549860e-01 -1.885574e+00 -5.339211e-02 
8.386166e+00 4.625146e+00 1.792192e+01 -2.499788e+00 -1.997806e+01 8.213984e+00 -8.567706e+00 -3.859103e+00 -7.319390e+00 -1.131968e+00 7.579669e+00 -3.640111e+00 6.894022e-01 -5.969700e-01 3.141857e+00 8.369408e-02 -1.172615e+00 2.541619e+00 2.996651e+00 1.700606e+00 -1.264158e+00 -9.699041e-01 2.542411e+00 -2.656262e+00 -8.760927e-01 -5.996202e-02 
7.016027e+00 8.994477e+00 1.801386e+01 -2.075082e+00 -2.244119e+01 1.326419e+01 -6.414073e+00 -6.697275e+00 -7.457188e+00 -1.470291e+00 8.056963e+00 -8.590270e+00 6.523353e-01 -1.664788e+00 2.756070e+00 1.149793e+00 -4.300257e-01 5.271306e+00 1.177869e+00 4.445010e+00 -1.881256e+00 -6.586821e-01 3.437975e+00 -4.853963e+00 1.479062e-01 -6.609301e-02 
5.380188e+00 1.189548e+01 1.978185e+01 -3.617602e+00 -1.033914e+01 1.437091e+01 6.391120e-01 -9.568579e+00 -6.784033e+00 3.910462e+00 -2.562194e+00 -4.494897e+00 5.599998e-01 -2.181575e+00 6.338563e-01 7.211325e-01 7.107826e-02 7.655694e+00 -6.413931e-01 4.881158e+00 -1.697680e+00 2.009809e-01 3.969319e+00 -4.919419e+00 6.710551e-01 -7.092358e-02 
1.295932e+00 1.270603e+01 2.232098e+01 -1.656402e+00 7.753315e-01 6.720106e+00 1.011212e+01 -1.099905e+01 -8.692810e+00 1.003656e+01 -9.504643e+00 -2.073674e+00 4.786574e-01 -2.127827e+00 -2.085222e+00 -8.497473e-01 5.543529e-02 5.829572e+00 -2.750991e+00 4.906380e+00 -5.591202e-02 5.556364e-01 3.661174e+00 -3.338528e+00 1.675144e+00 -7.098065e-02 
3.383369e-01 5.938649e+00 1.937402e+01 -2.353737e+00 6.692153e+00 8.279063e+00 7.574989e+00 -1.019661e+01 -5.696675e+00 1.296120e+01 -8.236621e+00 -3.543134e+00 4.216233e-01 -1.392435e+00 -3.393234e+00 -2.777221e+00 7.210261e-02 1.145407e+00 -3.213300e+00 1.449622e+00 1.027614e+00 1.365260e-01 3.667718e-01 9.615229e-01 1.248319e+00 -7.833876e-02 
-1.102181e+00 1.546784e+00 1.396904e+01 -2.429838e+00 -1.808977e+00 2.555165e+00 1.464989e+01 -6.662819e+00 -5.222685e+00 1.231021e+01 -5.798464e+00 -6.904334e-01 3.666204e-01 -5.327586e-01 -3.559170e+00 -5.061873e+00 9.822505e-01 -7.055724e-01 -1.123142e+00 -8.381041e-01 9.703253e-01 1.563966e+00 -2.818363e+00 1.639064e+00 1.518348e+00 -8.583282e-02 
-3.829317e-01 5.089355e-01 1.007171e+01 -2.870371e+00 -3.319951e+00 3.868844e-01 5.618338e+00 -6.598625e+00 -7.836466e+00 4.607495e+00 3.923308e-01 1.055078e+00 2.243246e-01 -7.071511e-01 -1.394099e+00 -4.622167e+00 4.645303e-01 -1.028963e+00 3.614188e-01 -1.748439e+00 -4.487399e-01 1.346821e+00 -3.213800e+00 4.343001e-01 1.686669e+00 -8.986650e-02 
-1.007227e+00 -2.374959e+00 1.662772e+00 3.513167e+00 2.253521e+00 5.050486e+00 6.899926e+00 -7.946422e+00 1.969157e-01 1.215935e-01 -5.623799e+00 3.218957e+00 1.481427e-01 -4.848664e-01 -4.464157e-02 -3.380610e+00 2.233295e-01 1.062659e+00 6.293221e-01 -4.260079e+00 -1.392183e+00 1.243742e+00 -1.417951e+00 8.710976e-02 2.062920e+00 -8.124655e-02 
-3.244896e+00 9.290264e-01 2.416317e+00 -3.002588e+00 -4.839096e-01 8.838497e+00 2.707772e+00 -1.179851e+01 -1.672371e+00 2.986511e+00 -6.152453e+00 2.935516e+00 8.152962e-02 -4.043562e-01 1.236283e+00 -1.845920e+00 1.738906e-02 1.563105e+00 4.544578e-01 -1.807187e+00 2.280607e-01 1.424067e+00 8.165053e-01 -6.521133e-01 1.119091e+00 -5.711787e-02 
-2.095531e+00 1.113531e+00 8.936850e-01 -1.247082e+00 2.086298e+00 1.475969e+00 -5.195228e+00 -1.102379e+01 -2.086020e+00 6.030944e+00 -2.090523e+00 8.683949e+00 3.178507e-02 -1.592183e-01 2.133047e+00 -2.861363e-01 -3.881967e-01 7.675049e-01 -1.234725e+00 -6.263434e-01 2.546696e+00 -8.202845e-01 1.187156e+00 7.403771e-01 -2.980609e-01 -4.537157e-02 
-1.860560e+00 4.946103e+00 1.226656e+00 -4.033013e-01 4.579184e+00 4.446432e+00 2.629981e+00 -3.919637e+00 4.253348e-01 5.735346e+00 -4.634874e+00 3.918035e+00 -3.085971e-03 -1.266000e-01 1.490425e+00 -2.260377e-01 1.076684e+00 1.715063e+00 -1.820870e+00 1.163110e+00 3.592261e+00 -3.586608e-01 1.203325e-01 1.079529e+00 -4.777288e-01 -3.056766e-02 
-2.495486e+00 6.281739e+00 8.269208e-01 2.725401e-01 3.559499e+00 1.072894e+00 3.807104e+00 8.476250e-01 -4.953360e+00 4.682958e+00 -2.680703e+00 1.237393e+00 -3.640735e-02 -6.562445e-01 8.245524e-01 -3.883055e-01 1.164469e+00 1.821858e+00 -1.075607e+00 2.677479e+00 2.552422e+00 -3.701752e-01 6.263198e-02 1.090154e+00 -1.332488e+00 -1.859552e-02 
-3.677918e+00 5.797046e+00 1.319511e+00 1.621020e+00 7.354806e+00 -6.431409e-02 4.022159e+00 2.270880e-01 -2.032005e+00 4.262166e+00 -4.597168e-01 4.270150e+00 -3.721249e-02 -6.338187e-01 -3.580403e-01 -1.467860e+00 4.919142e-01 1.769544e+00 -3.382564e-01 1.398931e+00 7.367128e-01 -7.217764e-01 7.954403e-01 2.641301e+00 -4.084870e-01 -5.974603e-03 
-4.468075e+00 4.810822e+00 -1.094270e+00 3.563103e+00 9.807778e+00 -1.646694e+00 7.496078e+00 -3.350434e-01 -2.708226e+00 7.080694e+00 1.272667e+00 1.845454e+00 -4.412925e-02 -3.822122e-01 -2.425501e-01 -1.218274e+00 6.065667e-03 1.283343e+00 8.249317e-01 4.591322e-03 -5.091990e-01 4.320211e-01 1.180678e-01 1.302837e+00 -2.981631e-01 4.237330e-03 
-4.043360e+00 3.891361e+00 -5.152046e+00 4.109882e-01 1.030277e+01 4.114944e+00 7.780148e+00 3.552614e-01 -4.306114e+00 8.513680e+00 6.594949e+00 1.571569e+00 -2.909803e-02 -3.456981e-01 -3.018849e-01 -1.097891e+00 -7.317827e-01 -5.243145e-01 1.851257e-01 -1.079113e+00 -1.214454e+00 -7.596257e-01 -1.494503e+00 -5.541762e-01 -8.968748e-01 1.513362e-03 
-4.223826e+00 6.021832e+00 -2.028671e+00 9.078844e-01 8.502234e+00 3.107924e+00 1.951066e+00 -1.762456e+00 -1.656200e+00 3.147541e+00 3.061495e-01 1.095869e+00 -1.927793e-02 -3.819796e-01 -3.985235e-01 -7.176529e-01 -9.647248e-01 -1.202703e+00 3.720777e-01 -1.480189e+00 -2.616641e-01 -2.915635e-01 -2.052371e+00 -1.024261e+00 -4.038720e-01 1.482987e-03 
-5.528533e+00 3.682117e+00 -3.702745e+00 -7.102845e-01 5.386006e+00 -1.515995e+00 1.399097e+00 -5.131475e+00 -6.356147e+00 -1.243773e+00 -2.747339e+00 1.605684e-01 -4.207134e-02 -5.073897e-01 -6.954700e-01 -5.081807e-01 -9.848423e-01 -1.173898e+00 -3.959880e-01 -2.083582e-01 9.306167e-01 3.412885e-01 -1.196693e+00 -5.936511e-01 3.250462e-01 -3.923452e-03 
-5.635386e+00 2.922827e+00 -5.407185e+00 -6.998850e-01 6.252641e+00 3.029164e+00 3.285659e+00 1.100004e+00 -3.141027e+00 1.697566e+00 8.225046e-01 5.315944e-01 -3.022766e-02 -2.893476e-01 -1.064130e+00 -1.172514e+00 -3.175019e-01 6.429446e-01 9.673210e-01 1.059676e+00 1.870488e+00 1.495142e+00 2.680960e-01 3.482902e-01 9.256372e-01 -6.554007e-04 
-5.874528e+00 1.963513e+00 -6.003692e+00 -3.709339e+00 5.558070e+00 2.174383e+00 6.071060e+00 3.577114e+00 -1.857258e+00 3.255202e+00 3.368516e+00 3.478938e+00 -4.324043e-02 -2.424738e-01 -3.439045e-01 -3.048700e-01 -1.488625e-01 9.934438e-01 8.194269e-01 1.017516e+00 1.989459e+00 2.795333e+00 1.710349e+00 7.311333e-01 8.769315e-01 5.319464e-03 
-5.497567e+00 1.560483e+00 -6.740766e+00 8.199022e-01 1.163093e+01 6.099340e+00 4.913464e+00 3.235686e+00 3.570065e+00 2.238533e+00 -1.010327e+00 4.064870e+00 -2.197039e-02 -3.259224e-01 1.856407e-01 7.139862e-01 3.625663e-01 5.322272e-01 -5.882304e-01 1.070583e+00 1.119535e+00 1.029925e+00 9.120557e-01 -8.264915e-01 -1.120997e+00 3.971481e-03 
-6.809812e+00 2.643766e+00 -4.560305e+00 -2.214490e+00 7.664083e+00 1.046052e+00 5.672776e+00 3.747978e+00 4.264973e+00 7.037490e+00 1.824744e+00 2.778588e+00 -1.960266e-02 -9.396324e-02 -1.394100e-01 -1.860237e-01 -6.849235e-02 -5.366920e-01 -1.256845e+00 1.946466e-02 -4.440352e-01 -7.037193e-01 5.291287e-01 -2.749050e-01 -1.422281e+00 2.851546e-03 
-6.797357e+00 3.510904e+00 -2.558947e+00 3.655223e-01 7.860771e+00 6.521777e-01 8.837719e+00 6.612247e+00 -1.052517e+00 4.366700e+00 -2.538066e+00 -4.723217e+00 -2.218914e-02 -4.911022e-02 -4.022316e-01 -4.453707e-01 -2.900894e-01 -1.054730e+00 -1.080925e+00 1.496624e-01 3.088967e-01 -1.651299e+00 1.875978e-02 5.610402e-01 -3.458350e-01 -5.682898e-03 
-5.694449e+00 2.912526e-01 -9.024720e+00 -3.824611e+00 4.759687e+00 -1.386263e+00 4.206256e+00 -3.313422e-01 -3.064563e+00 4.836761e+00 2.757861e+00 7.615783e-01 -2.887332e-02 6.669865e-02 -5.856540e-01 -9.076269e-01 -2.109780e-01 -8.920217e-01 -1.061795e-01 1.604767e-02 5.101623e-01 1.750358e-01 5.548627e-01 6.629635e-01 4.598004e-01 -5.476343e-03 
-6.300799e+00 7.255814e-01 -6.735412e+00 1.745152e-01 7.809473e+00 1.910874e+00 6.395036e+00 6.819830e+00 -1.021662e+00 3.432696e+00 1.328315e+00 3.344200e+00 -4.574955e-02 2.031311e-01 3.449171e-01 6.865406e-02 -8.948634e-02 -3.788033e-01 9.866220e-02 -8.780054e-01 -1.327473e-01 1.949392e+00 8.975058e-01 4.884429e-01 2.069888e+00 -4.513657e-03 
-6.724597e+00 1.108157e+00 -7.010207e+00 -3.173877e+00 3.229624e+00 -1.141943e-01 6.974356e+00 6.194998e+00 5.124724e+00 1.027881e+01 3.206370e+00 1.043882e+00 -3.520417e-02 1.568893e-01 1.252051e+00 1.555590e+00 7.839088e-01 4.411018e-01 7.362310e-01 2.339332e-01 -3.056576e-01 1.601711e+00 1.311124e+00 -8.668763e-01 6.752709e-01 -1.430082e-03 
-5.266627e+00 4.827037e+00 -3.222934e+00 -4.072764e-01 6.731786e+00 5.094545e-01 3.063643e+00 2.685340e+00 4.599800e+00 6.133207e+00 -3.201069e-01 5.485070e+00 -4.159200e-02 3.843907e-01 1.001853e+00 8.158396e-01 1.096873e-01 6.503428e-01 -1.564759e-01 -3.396961e-01 -1.599210e+00 2.976696e-01 8.541695e-01 -1.701482e+00 2.602675e-01 4.168391e-04 
-5.427089e+00 4.500782e+00 -3.003009e+00 3.858294e-01 7.504040e+00 2.995602e+00 7.041619e+00 2.076147e-01 2.133259e+00 1.004213e+01 -7.523099e-01 3.067498e+00 -3.810251e-02 -5.290852e-02 1.471688e-01 4.957548e-01 4.271392e-01 1.751566e+00 6.061507e-01 9.962004e-02 -7.018905e-01 -4.871186e-01 -6.855668e-01 -1.992800e+00 -3.802819e-01 -6.718040e-03 
-5.027600e+00 4.038535e+00 -4.659812e+00 -1.056901e+00 8.923979e+00 -4.264033e-01 4.662924e+00 1.817473e+00 1.962418e+00 7.821883e+00 -5.199753e+00 3.633729e+00 -4.221618e-02 -4.773796e-01 -1.135571e+00 -6.478047e-01 -3.972025e-01 3.112134e-01 -1.834416e-01 7.438227e-01 5.513865e-01 -7.492342e-02 -5.697397e-01 -1.751283e-01 -7.455921e-01 -2.117467e-03 
-7.108653e+00 2.238253e+00 -3.812994e+00 -7.133682e-01 1.089136e+01 3.384488e+00 6.672815e+00 3.119479e+00 4.007822e+00 6.006634e+00 -4.317809e+00 6.814241e-02 -6.848228e-02 -4.143030e-01 -8.308378e-01 -3.762698e-02 2.411702e-01 5.752919e-02 -1.055125e+00 -1.078878e+00 1.299601e+00 9.312892e-01 -1.349220e+00 5.583823e-01 -6.338711e-01 1.664174e-03 
-6.812743e+00 2.804449e-01 -6.056965e+00 -1.843690e+00 6.594193e+00 -6.021968e-01 6.967158e+00 3.986341e+00 3.287901e+00 5.302255e+00 5.870010e-01 3.256787e+00 -3.698945e-02 -2.654243e-01 -3.638410e-01 5.654915e-01 8.782396e-01 -1.869581e-01 -9.108063e-01 -1.451333e+00 1.010914e+00 1.044823e+00 -7.982875e-01 1.215599e+00 -7.075760e-01 5.572963e-03 
-6.606032e+00 2.225637e+00 -2.492568e+00 1.985075e+00 8.956579e+00 -2.192127e+00 4.951119e-01 5.621188e+00 6.126964e+00 4.555842e+00 -8.537750e-01 8.661389e-02 -3.239501e-02 1.211952e-01 1.919962e-01 6.205250e-01 9.225652e-01 -1.507177e-01 -1.274316e+00 -1.882745e+00 6.638265e-01 7.077346e-01 -3.647997e-01 5.487291e-01 -3.133230e-01 7.676899e-03 
