-7.946106e+00 -3.090568e+00 -6.778026e+00 1.560819e+00 9.357173e-01 -5.290845e+00 7.439436e+00 -1.347001e+00 -4.013840e+00 6.626775e-01 4.017230e+00 -6.519637e+00 -1.494478e-01 -3.372719e-01 -4.750071e-01 -1.176871e-01 -9.938766e-01 5.871811e-02 1.198978e+00 5.865579e-01 8.046702e-01 1.776949e+00 9.310924e-01 -1.355586e-01 2.563986e-01 2.870202e-03 
-7.494944e+00 -4.133766e+00 -7.108493e+00 -2.690148e+00 -4.982316e-01 -4.916552e+00 7.690037e+00 3.604930e+00 -5.573077e-01 8.363506e-01 1.803883e+00 -5.430162e+00 -1.512927e-01 -2.802039e-01 -3.469837e-02 6.606601e-01 -2.284088e-01 -5.404372e-01 1.554744e+00 2.373132e-01 5.807503e-01 1.105843e+00 1.354254e+00 -4.384131e-01 7.885095e-01 4.540098e-03 
-9.858047e+00 -4.944005e+00 -7.201227e+00 -1.283081e+00 1.946282e+00 5.168962e-01 1.024693e+01 2.003842e-01 3.142639e+00 5.231303e+00 4.446110e+00 -5.782381e+00 -1.341743e-01 -7.612648e-02 1.625396e-01 4.413635e-01 -2.474318e-01 -1.026702e+00 4.418827e-01 -9.144410e-01 3.823518e-01 7.941723e-04 5.892406e-01 -3.153283e-01 9.399406e-01 2.380586e-03 
-8.391155e+00 -2.337341e+00 -3.263124e+00 1.840725e+00 -2.271751e+00 -4.209982e-01 7.222258e+00 7.830583e-01 -2.062865e+00 5.149632e+00 1.610724e+00 -2.945717e+00 -1.343840e-01 2.565794e-01 1.747847e-01 1.021005e-01 4.137253e-01 -7.727190e-01 3.731923e-02 -8.808172e-01 -8.212323e-01 -1.455148e+00 -1.239006e+00 7.047669e-01 2.745649e-01 6.272077e-04 
-7.878633e+00 -3.176082e+00 -6.493892e+00 -1.941776e+00 -3.311033e+00 -5.329209e+00 3.101121e+00 1.975694e+00 -3.257091e+00 1.452240e+00 2.537168e+00 -3.062156e+00 -1.459992e-01 5.936720e-01 3.596020e-01 1.165258e-01 1.641359e-02 -6.591356e-01 -1.008701e+00 -1.812249e+00 -1.221139e+00 -2.111964e+00 -1.548764e+00 1.640438e-01 -3.225517e-01 -3.273940e-03 
-7.201754e+00 -4.143803e+00 -6.951658e+00 -2.921734e-01 -1.733169e+00 -1.806903e+00 6.858853e+00 -1.388886e+00 -4.633185e+00 -3.469148e+00 6.282189e+00 -5.417451e+00 -1.422442e-01 7.501240e-02 -3.234302e-02 -1.647991e-01 -4.250734e-01 3.719754e-01 -3.117465e-01 -2.885771e-01 -1.208236e+00 -5.779837e-01 -1.553943e+00 -7.393458e-01 -7.800675e-01 -2.861679e-03 
-7.484387e+00 -2.242764e+00 -4.774331e+00 -1.345634e-01 -1.618686e+00 -3.833657e+00 1.367382e+00 -4.819340e+00 -6.132021e+00 1.796874e+00 2.930596e+00 -6.159273e+00 -1.466140e-01 -2.812904e-01 -1.218626e-01 -3.966001e-01 -7.822468e-01 4.081981e-01 1.317416e-02 3.692635e-02 -1.430733e+00 -4.545743e-01 -5.963918e-01 -5.303512e-01 1.149868e+00 -1.672780e-03 
-8.213216e+00 -2.965716e+00 -4.946900e+00 -1.188249e+00 -1.258047e+00 -2.727507e+00 6.646242e+00 -1.860603e+00 -3.515319e+00 -2.792397e+00 -2.282719e+00 -5.297496e+00 -1.483850e-01 -1.693441e-01 1.623057e-01 -4.343672e-01 -8.663807e-01 8.460808e-01 -2.469152e-01 6.647542e-01 1.057901e+00 1.070812e+00 4.902638e-01 -9.084940e-01 1.548654e+00 -2.277565e-03 
-8.779353e+00 -4.374439e+00 -9.479272e+00 -5.404973e+00 -1.507603e+00 -4.803036e+00 3.392058e+00 -4.942113e+00 -6.088895e+00 -1.868095e+00 4.167867e+00 2.627207e+00 -1.512927e-01 -1.461782e-02 1.873078e-01 -1.619610e-01 -5.735032e-01 1.093998e+00 1.525015e-01 1.539392e+00 2.080589e+00 2.674131e+00 8.627872e-01 5.606360e-01 1.408513e+00 -1.226509e-03 
-7.400991e+00 -2.266437e+00 -6.771024e+00 -1.988873e+00 2.441693e+00 -2.556789e+00 9.170285e+00 3.962003e+00 6.993141e-01 8.146547e-01 1.121084e+00 -2.067420e+00 -1.512927e-01 3.112832e-01 8.568898e-01 1.037202e+00 1.098513e-01 1.426506e+00 7.988665e-01 1.012952e+00 1.536995e+00 2.489388e+00 1.276172e+00 7.904169e-01 5.544981e-01 -5.815268e-04 
-7.963589e+00 -1.655864e+00 -4.672074e+00 -2.601768e+00 2.001434e+00 -3.156508e+00 7.802319e+00 2.672300e+00 5.131317e+00 4.307283e+00 4.031875e+00 -7.317448e-01 -1.512927e-01 5.321951e-01 1.144264e+00 2.472790e+00 1.388010e+00 5.696346e-01 4.389440e-01 8.038024e-01 1.415685e+00 1.505927e+00 1.147653e+00 -3.472003e-01 -1.751261e+00 0.000000e+00 
-7.064682e+00 -4.055420e-02 -2.164489e+00 -2.040594e+00 4.119964e+00 4.435617e-01 9.505873e+00 2.017163e+00 3.321518e+00 5.007741e-01 1.737361e+00 -8.455302e-01 -1.512927e-01 -2.163606e-01 2.636855e-01 1.298396e+00 1.123036e+00 -3.326380e-01 1.838523e-01 4.756896e-01 -4.390307e-01 -9.606606e-01 7.422678e-01 4.782822e-01 -6.598022e-01 0.000000e+00 
-6.286532e+00 2.339378e-01 5.814104e-01 1.560938e+00 5.014348e-01 -4.108492e+00 7.243277e+00 3.108732e+00 1.296396e-01 4.027110e+00 2.123727e+00 -6.740042e+00 -1.512927e-01 5.532427e-02 -3.925836e-02 -3.095236e-02 1.308808e+00 -5.114029e-01 1.099761e+00 2.239437e-01 -1.645434e-01 -2.253902e+00 -1.209593e-01 5.097834e-01 8.580488e-01 8.605385e-03 
-9.321322e+00 -1.892911e+00 -2.905785e+00 1.544957e+00 1.528503e+00 -1.161536e+00 1.182825e+01 1.548633e+00 -1.603150e+00 4.666080e+00 4.466569e+00 -2.362283e+00 -1.512927e-01 -3.072726e-01 -8.587373e-01 -1.177364e+00 5.762343e-01 -5.581917e-01 1.125667e+00 1.112872e-01 8.461841e-01 -5.070661e-01 6.749313e-02 5.895235e-01 9.512714e-01 5.191064e-03 
-6.558647e+00 -9.259774e-01 -4.456188e+00 2.149499e+00 7.401502e-01 3.144844e+00 7.760846e+00 2.083847e+00 -3.675862e+00 1.619834e+00 5.216187e+00 4.316875e+00 -1.082658e-01 -8.411922e-02 -7.785857e-01 -1.643363e+00 -4.446385e-01 -1.291898e-01 6.878836e-01 -1.108021e-01 4.427557e-01 6.454695e-01 5.419071e-02 1.817379e-01 1.734983e+00 1.949084e-03 
-8.464988e+00 -3.754283e+00 -5.532508e+00 5.462971e-01 1.209648e+00 2.445230e+00 9.803524e+00 6.760526e+00 2.688939e+00 2.041878e+00 3.138749e+00 -1.617632e+00 -1.468508e-01 5.477098e-01 -1.305864e-01 -1.394794e+00 2.164876e-01 -3.498883e-02 -3.740474e-01 -4.593375e-01 7.439029e-01 1.529281e+00 1.672188e-01 -2.004445e-01 3.469626e-01 7.187152e-03 
-7.135296e+00 -2.728304e+00 -6.322042e+00 -1.629243e-01 1.491332e-02 -2.472456e+00 7.701631e+00 2.716564e+00 1.210943e+00 5.610165e+00 3.696327e+00 1.562551e+00 -1.437682e-01 1.573548e-01 -5.300873e-01 -9.551030e-01 -2.381930e-02 -3.184841e-01 -1.756272e+00 -2.824855e-01 -1.406734e+00 -8.210831e-01 -1.697412e-01 9.826746e-02 -7.772245e-01 2.452516e-03 
-6.294449e+00 -1.644679e+00 -8.946826e+00 3.783606e+00 1.716177e+00 -2.231230e-01 9.561174e+00 4.951790e+00 3.599851e+00 3.507009e+00 4.224277e+00 7.496932e-01 -9.760571e-02 4.235269e-01 -4.807982e-01 -2.234372e-01 7.552769e-01 -1.536854e-01 -7.072551e-01 -3.898737e-01 -1.853797e+00 -2.701222e+00 -3.729101e-01 1.246418e+00 -1.906829e-01 1.517359e-02 
-6.857142e+00 -4.631216e+00 -7.524545e+00 4.117479e-01 -1.105535e+00 -4.302341e+00 6.469594e+00 -4.045456e+00 -8.236733e+00 3.856158e-02 5.164761e+00 -7.529097e-01 -1.206257e-01 6.338014e-02 -7.517980e-01 4.447264e-01 3.617545e-01 3.595957e-01 9.435410e-01 1.868452e-01 -1.303819e+00 -2.550542e+00 -6.698974e-01 8.819536e-01 -7.824183e-01 9.671259e-03 
-6.486430e+00 -5.206818e+00 -6.048443e+00 4.035346e+00 1.001445e+00 -1.761039e-01 8.470174e+00 8.725514e-01 -6.093332e+00 2.963129e+00 8.636621e+00 -1.413316e+00 -8.255410e-02 1.101622e+00 -1.522866e+00 -6.283908e-01 -2.777140e+00 8.812782e-01 1.013309e+00 -1.966050e+00 -1.194785e+00 -3.136227e+00 -1.283340e+00 2.239279e-01 -4.571341e-01 5.014681e-02 
-6.722404e+00 -4.706224e+00 -5.547602e+00 1.519979e+00 2.170258e+00 2.221739e+00 9.181357e+00 -1.762915e+00 -6.695175e+00 2.532618e+00 5.899923e+00 -1.268036e+00 -1.029377e-01 1.484045e+00 -7.086005e-01 -1.385769e+00 -3.469811e+00 1.322516e+00 2.084599e+00 -1.610783e+00 5.580529e-01 -5.530888e-01 -1.390351e+00 -5.095483e-01 -5.737645e-02 1.022451e-01 
-8.537097e-01 -9.221507e+00 -1.307725e+01 -1.065621e+01 4.484672e+00 1.581380e+00 -1.624958e+00 -2.163404e+00 -1.285206e+01 -4.156716e+00 4.976335e+00 -1.278414e+00 1.442843e-01 8.206578e-01 -1.067256e-01 2.381526e-01 -1.495877e+00 7.330635e-01 9.533215e-02 -2.378907e+00 -1.103770e+00 9.805471e-01 9.727944e-01 2.962533e-01 -9.495941e-01 9.591640e-02 
-2.253276e+00 -6.166873e+00 -1.093899e+01 -9.591531e+00 3.765430e+00 5.241910e+00 3.463242e+00 2.627852e-01 -7.622812e+00 -3.353271e+00 4.447162e+00 -1.107243e+00 2.771804e-01 -4.591804e-02 -1.984053e-02 1.080032e+00 1.195606e+00 -2.356585e-01 -3.278490e-01 -9.234055e-01 1.359046e+00 5.269412e+00 3.386391e+00 -2.529167e-01 -1.370843e+00 2.558005e-02 
-4.617705e+00 -5.010121e+00 -2.161987e+00 2.111716e+00 3.869176e+00 -1.209528e+00 -5.653043e-01 -5.659150e+00 -7.267780e-01 1.077005e+01 1.084427e+01 -6.241683e+00 2.069688e-01 -1.614483e+00 1.191047e+00 2.150225e+00 3.287369e+00 -6.011585e-01 -1.041346e+00 -9.554050e-02 9.911375e-01 5.815344e+00 2.779181e+00 -8.493692e-01 -2.370651e-01 -8.090211e-02 
-5.069997e+00 -6.911120e+00 -5.605073e+00 1.114047e+00 1.299713e+00 1.977949e+00 4.034503e+00 6.780188e+00 1.358924e+01 1.200119e+01 1.701374e+00 -5.640617e+00 -6.379724e-03 -1.689994e+00 1.629012e+00 1.106939e+00 7.224442e-01 -1.186627e+00 -1.437178e+00 -1.010235e-01 1.635187e+00 3.852008e+00 3.050443e-01 -1.599547e+00 4.656338e-01 -1.102181e-01 
-7.517766e+00 -2.894151e+00 -4.993085e+00 4.278502e-01 2.711738e+00 -1.993367e+00 -2.388290e+00 -4.664175e-01 5.618630e+00 2.061960e+00 2.102383e+00 -1.970527e-01 -1.184462e-01 -1.639806e+00 1.626054e+00 -9.695118e-01 -2.118689e+00 -1.219586e+00 5.052890e-01 4.814278e-01 3.185716e+00 2.047174e-01 -3.120100e+00 -3.226039e+00 1.105809e+00 -5.841693e-02 
-9.253215e+00 9.202037e-01 -3.988741e+00 -5.137377e+00 -1.588986e+00 -1.552061e+00 3.869618e+00 5.842354e+00 8.464525e+00 2.525993e+00 8.203676e-01 -1.801389e+00 -1.112028e-01 -1.051744e+00 2.101407e+00 -8.021401e-01 -2.307962e+00 -9.187056e-01 3.800688e-01 2.047062e-01 3.964472e-01 -3.233250e+00 -1.503970e+00 -2.402467e-01 6.587396e-01 -5.235696e-03 
-1.072513e+01 -7.955121e-01 -7.817712e+00 -5.356019e+00 -7.844050e-01 3.081922e+00 1.924278e+00 1.073835e+01 2.859167e+00 -9.285855e-02 -4.845428e+00 -2.632253e+00 -3.270423e-02 9.485712e-02 1.671176e+00 3.469801e-01 7.740115e-01 1.548463e+00 2.510880e+00 1.581632e+00 4.924187e-01 -1.166389e+00 1.166567e+00 6.787844e-01 -2.060295e-01 3.958189e-03 
-8.725035e+00 2.546595e+00 -8.203460e+00 -7.533828e+00 -1.545744e+00 1.340648e+00 2.901750e+00 3.160042e+00 -1.197273e+00 5.558750e+00 3.974045e+00 -1.129319e+00 -7.542920e-02 1.379028e+00 1.912539e+00 1.788594e+00 3.210214e+00 2.944675e+00 1.336694e+00 2.735603e-01 -2.344410e+00 -1.254834e+00 8.144854e-01 1.838354e+00 7.355450e-01 -1.591872e-02 
-7.307570e+00 4.648533e+00 -1.150825e+00 5.496133e+00 1.043243e+01 9.114678e+00 6.003804e+00 3.336832e+00 4.617583e+00 6.378419e+00 3.919466e+00 -1.563236e+00 -1.165421e-01 1.662517e+00 1.213005e+00 2.080787e+00 3.148527e+00 1.328490e+00 -4.798180e-01 8.770992e-01 -2.139248e+00 -1.217216e+00 -8.922083e-01 1.882128e+00 1.127450e+00 -1.691497e-02 
-4.066854e+00 7.760877e+00 1.620786e+00 5.487619e+00 7.525973e+00 2.115033e+00 3.197656e+00 -2.178938e+00 1.311149e+00 3.362782e+00 5.629690e+00 1.341827e+00 -1.488775e-01 6.520457e-01 -5.750245e-01 -6.872056e-01 2.149990e+00 -8.520230e-01 -7.625179e-01 3.649815e-01 1.079843e-02 -8.251311e-01 -1.900777e+00 -6.065353e-01 -1.650310e-01 2.944467e-02 
-4.741631e+00 2.662374e+00 -2.325898e+00 3.875892e+00 1.322188e+00 2.956398e-01 6.161820e+00 2.711598e+00 -4.481123e+00 -3.455916e+00 3.737390e+00 1.769426e+00 -8.055496e-02 -4.518451e-01 -2.283414e+00 -4.604066e+00 -1.774872e-01 -4.585284e+00 -1.804239e+00 -3.636594e-01 -6.470751e-01 -1.068964e+00 -1.288800e+00 -1.469194e+00 -7.843679e-01 1.170224e-01 
-6.747776e+00 6.645516e-01 -1.105195e+01 4.026241e+00 -1.250739e+00 1.937578e+00 4.647649e+00 3.526651e+00 -7.735746e-01 9.720336e-01 1.032406e+00 -3.620805e+00 5.380058e-02 -1.284696e+00 -2.103650e+00 -4.174255e+00 -4.447019e-01 -2.632259e+00 -2.186249e-01 -2.997044e-01 3.840553e-01 2.484712e-01 4.130008e-01 -1.257460e+00 -1.399531e+00 7.766438e-02 
-8.226335e+00 -3.220374e+00 -1.783479e+01 5.339386e+00 -8.105633e+00 1.822114e-01 3.460510e+00 -2.751338e+00 3.151271e-01 1.129792e+00 -1.127861e+00 -3.003759e+00 3.672310e-01 -9.636170e-01 -2.752093e-01 -7.047485e-01 -1.382157e+00 8.345283e-01 -4.352813e-01 -3.492963e-01 -6.940363e-02 2.597246e+00 1.562483e+00 1.576044e+00 -1.287029e+00 8.097982e-02 
-8.747980e+00 1.839994e-01 -1.149605e+01 2.532362e+00 -9.214084e-01 1.078622e+00 3.049789e+00 2.472806e+00 1.553800e-01 3.134931e+00 1.775014e+00 -3.269233e+00 1.555145e-02 -3.655834e-02 9.106596e-01 2.538818e+00 -2.777930e+00 1.723344e+00 -2.900217e-01 5.704582e-01 -7.926717e-02 2.330403e+00 1.552270e+00 2.201136e+00 -1.428771e+00 1.047376e-01 
-8.559613e+00 1.526604e+00 -5.627594e+00 -2.287954e+00 5.330165e+00 -1.451289e+00 5.214269e+00 2.891502e+00 8.040628e+00 3.275049e+00 1.124631e+01 -4.841506e+00 3.434687e-01 6.114017e-01 1.164804e+00 5.984579e+00 -2.904040e+00 7.184032e-01 9.895397e-01 3.614487e-02 5.425103e-01 2.106107e+00 1.832301e+00 1.907031e+00 -4.784416e-01 1.142658e-01 
-6.763928e+00 2.844360e+00 -4.461456e+00 -6.049739e+00 6.480811e-01 1.304220e+00 6.623061e+00 3.088952e-01 7.015691e+00 7.660757e+00 5.851005e+00 -9.845788e+00 5.893695e-01 6.321225e-01 -1.311562e+00 5.054391e+00 -9.125897e-01 -2.998865e+00 4.918360e-01 -1.813679e-01 1.728709e-01 1.147445e-01 -3.527542e-01 -7.520329e-01 1.528960e+00 1.596404e-01 
-6.161352e+00 1.273463e+00 8.570812e+00 -4.889763e+00 -5.298362e+00 5.017111e+00 1.854599e+00 1.043169e+00 7.415508e+00 8.028383e+00 6.369301e+00 -2.107689e+00 6.516509e-01 1.145460e+00 -3.454185e+00 2.925988e+00 2.897114e+00 -3.470809e+00 -1.532251e+00 -9.277105e-01 2.502846e+00 -1.297868e+00 -2.733785e+00 -2.814315e+00 3.380362e+00 7.349811e-02 
-6.786498e+00 -6.247241e+00 6.676705e+00 -7.296815e-01 -1.060147e+01 3.036026e-01 3.822784e+00 4.261328e+00 1.041663e+00 -1.005507e+00 4.533520e-01 3.008656e+00 6.596624e-01 2.132468e+00 -4.005924e+00 -3.365425e-01 4.218957e+00 -1.314680e+00 -5.151584e+00 -2.234096e+00 4.551225e+00 1.632547e-01 -4.040948e+00 -2.288588e+00 3.547443e+00 1.049911e-02 
-2.821031e+00 -1.119852e+01 3.433264e+00 9.537586e+00 -6.399101e+00 -8.612235e+00 1.975854e+00 1.342951e+01 4.538303e+00 -6.060744e+00 -1.264414e-01 5.633082e+00 6.758129e-01 3.649126e+00 -2.266588e+00 -3.513183e+00 1.968995e+00 1.748515e+00 -4.007146e+00 -2.115422e+00 2.200607e+00 8.663184e-01 -1.070733e+00 -1.940626e+00 1.080201e-01 -5.566983e-02 
2.228252e+00 -1.094927e+01 -3.575395e+00 7.831376e+00 -5.374951e+00 -1.763902e+01 -4.608046e+00 1.687185e+01 9.270567e+00 -5.499423e+00 -2.344065e+00 4.021041e+00 6.297841e-01 5.653540e+00 1.018265e+00 -3.712903e+00 -2.072225e+00 4.338467e+00 1.316643e+00 -4.078317e+00 -4.243946e+00 3.093703e-01 2.168082e+00 -1.416321e-01 -1.105456e+00 -3.597022e-02 
7.576903e+00 -7.708462e+00 -3.869053e+00 6.746855e-01 8.309510e-01 -6.047306e+00 -4.507099e+00 5.740946e+00 7.632648e+00 4.921676e+00 -1.935119e+00 -2.073781e+00 3.882409e-01 5.299434e+00 2.584775e+00 -3.420835e+00 -5.543978e+00 4.567898e+00 6.467668e+00 -4.813916e+00 -1.020042e+01 -6.778946e-01 2.896045e+00 -9.149877e-01 -2.642450e-01 1.946160e-02 
1.628224e+01 -2.900945e+00 -8.236650e+00 -6.659358e+00 7.475836e+00 5.604354e+00 -1.332733e+01 -1.311412e+01 1.041342e+00 4.343692e+00 6.495304e-01 1.334807e+00 6.235973e-01 3.801307e+00 2.432600e+00 -2.341972e+00 -5.484916e+00 3.620966e+00 8.776211e+00 -3.991727e+00 -1.068050e+01 -1.926947e+00 2.850805e+00 -1.590482e+00 9.544092e-01 7.344326e-02 
1.664915e+01 -2.298805e+00 -1.134028e+01 -1.093694e+01 1.001500e+01 1.210441e+01 -1.773409e+01 -2.257962e+01 5.263443e+00 3.497924e+00 -6.198177e+00 5.654974e+00 7.762143e-01 1.998212e+00 1.109973e+00 -2.066638e+00 -3.539254e+00 1.302760e+00 5.982383e+00 -3.845244e+00 -6.001181e+00 -1.404873e+00 -1.548418e-01 -1.494648e+00 2.346856e+00 1.067216e-01 
1.669867e+01 -1.491100e+00 -1.154964e+01 -1.378739e+01 8.137856e+00 1.716617e+01 -1.795319e+01 -2.237035e+01 8.204340e-01 9.466480e+00 -8.164948e+00 4.928709e+00 8.030137e-01 3.986200e-01 -1.934016e-01 -1.073845e+00 -9.771536e-01 -6.355902e-01 3.325141e+00 -2.349711e+00 -8.406851e-01 -3.823937e-01 1.935429e-01 -1.584354e+00 1.957252e+00 5.350590e-02 
1.735975e+01 -2.863518e+00 -1.254575e+01 -1.345757e+01 7.013742e+00 1.808370e+01 -2.142039e+01 -1.963684e+01 7.187359e-01 1.586073e+00 -5.001120e+00 7.863545e+00 8.321406e-01 3.662851e-01 -8.377031e-01 -2.143167e-01 7.231491e-01 -8.590983e-01 1.396341e+00 -2.212431e+00 9.682592e-01 -3.856459e-01 7.074280e-01 -1.110320e+00 1.506968e+00 2.907967e-02 
1.792004e+01 -3.585597e+00 -1.300314e+01 -1.028481e+01 5.798512e+00 1.924042e+01 -2.323273e+01 -1.878893e+01 1.401727e+00 6.267332e+00 -7.870770e+00 1.001678e+01 8.631637e-01 2.935792e-01 -1.353038e+00 3.969072e-01 1.751227e+00 -1.096309e-01 -4.375797e-01 -2.870870e+00 1.276281e+00 7.257818e-01 1.089563e+00 -2.035592e+00 1.832266e+00 3.039888e-02 
1.786989e+01 -5.440073e+00 -1.168512e+01 -9.072481e+00 6.889177e+00 1.804900e+01 -2.615647e+01 -1.952904e+01 3.044567e+00 8.634638e+00 -1.189686e+01 1.064578e+01 8.915377e-01 -1.151211e-01 -1.484006e+00 1.089486e+00 2.236011e+00 3.122790e-01 -2.024335e+00 -3.195104e+00 1.611698e+00 1.836381e+00 2.228555e+00 -3.165904e+00 1.080495e+00 3.189928e-02 
1.791149e+01 -6.968010e+00 -9.995420e+00 -7.223802e+00 7.651984e+00 1.499562e+01 -2.993950e+01 -1.604285e+01 3.286427e+00 1.139001e+01 -1.489503e+01 1.269892e+01 9.253095e-01 -6.901267e-01 -1.710335e+00 1.807536e+00 2.615434e+00 1.691856e-01 -4.119471e+00 -2.604202e+00 2.298400e+00 3.034753e+00 1.063019e-01 -2.821845e+00 6.032697e-01 3.171368e-02 
1.678841e+01 -8.592340e+00 -8.602180e+00 -3.808018e+00 7.648401e+00 1.008442e+01 -3.404252e+01 -1.295139e+01 8.958290e+00 1.016751e+01 -1.731851e+01 1.192495e+01 9.605640e-01 -1.340938e+00 -1.518439e+00 2.420711e+00 3.161572e+00 -1.081172e+00 -5.465583e+00 -9.352471e-01 3.526320e+00 3.250122e+00 -2.124989e+00 -2.219541e+00 9.603855e-01 2.570654e-02 
1.501014e+01 -1.056114e+01 -5.506930e+00 1.601291e-01 6.264827e+00 2.625350e+00 -3.231071e+01 -1.058576e+01 1.361863e+01 6.032407e+00 -1.926917e+01 1.239354e+01 9.872189e-01 -1.998496e+00 -1.047197e+00 3.151329e+00 3.071006e+00 -2.468593e+00 -5.858054e+00 1.644918e+00 3.741374e+00 2.368475e+00 -4.576764e+00 -5.971657e-01 9.660981e-01 1.481696e-02 
1.261587e+01 -1.123571e+01 -1.825810e+00 3.043414e+00 2.176896e+00 -3.093782e+00 -2.964710e+01 -4.625981e+00 1.412908e+01 6.884956e-01 -2.080750e+01 1.560039e+01 9.891157e-01 -2.175492e+00 -5.318845e-01 3.822638e+00 2.213559e+00 -3.437344e+00 -5.247246e+00 4.321783e+00 3.074790e+00 -6.838522e-02 -4.906971e+00 7.828522e-01 1.703377e+00 4.305005e-03 
1.000528e+01 -1.088231e+01 2.373037e+00 4.705511e+00 -1.955228e+00 -7.705547e+00 -2.391262e+01 -1.498688e+00 1.254341e+01 -6.754303e+00 -1.613636e+01 1.569169e+01 9.851185e-01 -2.046178e+00 -2.289200e-02 3.843434e+00 9.529951e-01 -3.358329e+00 -3.653353e+00 5.209759e+00 1.562878e+00 -1.681807e+00 -3.925563e+00 1.819395e+00 1.305433e+00 5.655706e-04 
8.413383e+00 -1.109118e+01 6.571028e+00 4.987086e+00 -5.428290e+00 -1.098636e+01 -1.663265e+01 -2.120976e+00 9.153975e+00 -7.973992e+00 -1.497065e+01 1.879276e+01 9.831392e-01 -1.719013e+00 3.352491e-01 3.343573e+00 8.643160e-02 -2.469807e+00 -2.050332e+00 4.830859e+00 -3.416766e-01 -2.058679e+00 -2.423824e+00 1.947296e+00 4.434910e-01 2.968502e-03 
6.880491e+00 -1.074786e+01 9.511820e+00 3.953269e+00 -6.724223e+00 -1.169512e+01 -1.276914e+01 -4.023870e+00 7.697145e+00 -9.264167e+00 -1.309062e+01 1.732452e+01 9.930350e-01 -1.487759e+00 5.643940e-01 2.585406e+00 -2.025982e-01 -1.542632e+00 -7.132792e-01 3.589845e+00 -1.073606e+00 -2.258114e+00 -9.723585e-01 1.046527e+00 -8.205128e-02 3.500456e-03 
5.583204e+00 -9.626683e+00 1.132266e+01 3.851693e+00 -7.787640e+00 -1.135065e+01 -1.106454e+01 -5.071773e+00 6.258817e+00 -1.017569e+01 -1.259389e+01 1.700143e+01 1.000000e+00 -1.304381e+00 8.215446e-01 1.851143e+00 -2.149815e-01 -9.665615e-01 2.389386e-01 2.337636e+00 -6.821431e-01 -2.276896e+00 -7.235794e-01 8.812279e-01 -1.106036e+00 -3.969967e-04 
3.981578e+00 -8.792586e+00 1.292425e+01 4.260216e+00 -8.488711e+00 -1.108980e+01 -8.747448e+00 -5.391322e+00 2.700419e+00 -1.051524e+01 -1.209211e+01 1.617710e+01 9.941904e-01 -1.122800e+00 9.835252e-01 1.306795e+00 1.229525e-02 -1.047377e+00 6.920565e-01 1.470917e+00 6.989956e-03 -2.543185e+00 -2.960205e-03 7.662981e-01 -1.066060e+00 -6.598151e-03 
3.340934e+00 -7.961091e+00 1.412053e+01 3.758705e+00 -9.378854e+00 -1.009433e+01 -6.955320e+00 -4.847966e+00 2.678559e-01 -1.096635e+01 -1.106377e+01 1.383630e+01 9.805765e-01 -9.308230e-01 9.129351e-01 9.789568e-01 3.531275e-02 -1.026075e+00 8.129772e-01 7.509409e-01 5.531131e-01 -2.449991e+00 5.429867e-01 6.616524e-01 -9.078925e-01 -9.870124e-03 
2.387629e+00 -6.663033e+00 1.464686e+01 4.061239e+00 -1.116550e+01 -8.863003e+00 -7.469166e+00 -4.100824e+00 -2.023299e+00 -8.883639e+00 -1.002420e+01 1.357679e+01 9.697559e-01 -6.541643e-01 8.866711e-01 5.267338e-01 1.044480e-01 -9.367248e-01 7.827505e-01 1.259917e-01 8.027042e-01 -1.736451e+00 6.091703e-01 6.680002e-01 -6.603752e-01 -9.356136e-03 
1.726063e+00 -6.126785e+00 1.535614e+01 4.127745e+00 -1.157962e+01 -8.399166e+00 -7.948979e+00 -2.951456e+00 -3.629278e+00 -8.276563e+00 -1.031959e+01 1.376212e+01 9.628666e-01 -4.978472e-01 6.965976e-01 2.126329e-01 2.604771e-01 -6.612629e-01 5.266848e-01 6.790628e-02 6.896037e-01 -1.323327e+00 3.230477e-01 1.071071e+00 -5.401186e-01 -7.800090e-03 
1.518192e+00 -5.276384e+00 1.494011e+01 4.597936e+00 -1.207195e+01 -8.023629e+00 -7.620660e+00 -2.326056e+00 -4.033267e+00 -8.814287e+00 -9.124202e+00 1.291231e+01 9.562647e-01 -2.320739e-01 3.707176e-01 1.179543e-01 3.104102e-01 -5.529500e-01 3.032923e-01 6.674238e-01 4.942198e-01 -8.219578e-01 -3.843226e-01 1.645356e+00 -1.073621e+00 -6.910580e-03 
1.286417e+00 -5.171427e+00 1.503707e+01 4.792741e+00 -1.223194e+01 -7.880597e+00 -6.540041e+00 -2.287332e+00 -5.343792e+00 -9.385788e+00 -6.158410e+00 1.146794e+01 9.483217e-01 -3.739948e-02 2.597919e-01 1.075010e-01 -2.137764e-01 -9.316090e-01 2.902284e-02 1.214693e+00 6.240138e-01 -1.622836e-01 -7.242880e-02 2.077215e+00 -1.681162e+00 -8.504545e-03 
1.447083e+00 -5.287124e+00 1.539617e+01 5.280792e+00 -1.360409e+01 -7.605826e+00 -4.836516e+00 -1.961787e+00 -5.275830e+00 -1.025064e+01 -3.878003e+00 9.355778e+00 9.424755e-01 -7.920814e-02 3.742417e-01 1.766357e-01 -3.197784e-01 -1.299924e+00 -3.338760e-01 1.057382e+00 5.427943e-01 1.076081e-01 2.878765e-01 2.105884e+00 -1.475895e+00 -7.107139e-03 
1.574620e+00 -4.822456e+00 1.566561e+01 2.717435e+00 -1.547160e+01 -8.462954e+00 -3.267585e+00 -1.352149e-02 -3.819415e+00 -7.920530e+00 -2.556610e+00 7.134581e+00 9.272385e-01 -6.022620e-02 6.213005e-01 4.787178e-02 -2.640959e-01 -1.346581e+00 -4.839461e-01 7.068135e-01 6.225637e-01 2.413083e-01 4.076479e-01 1.631048e+00 -1.089590e+00 -7.195395e-03 
9.780493e-01 -3.579661e+00 1.550902e+01 4.036697e+00 -1.695174e+01 -9.401831e+00 -3.969981e+00 -7.489893e-01 -4.257416e+00 -8.107533e+00 -3.956804e-01 7.699518e+00 9.312706e-01 -1.710176e-01 1.141880e+00 3.579044e-02 -5.523364e-01 -1.072407e+00 -3.003192e-01 1.108549e+00 8.382400e-01 -4.139080e-01 2.866396e-01 1.250504e+00 -9.494849e-01 -1.236525e-02 
1.219802e+00 -2.918656e+00 1.522000e+01 4.094309e+00 -1.729102e+01 -9.402325e+00 -3.439242e+00 2.190884e-01 -4.646458e+00 -8.419102e+00 2.556673e-01 6.848125e+00 9.179472e-01 -2.152340e-01 9.767974e-01 9.105072e-02 -5.285468e-01 -4.436531e-01 7.522707e-02 1.673588e+00 1.634041e+00 -6.950795e-01 -3.991711e-01 1.234730e+00 -2.122149e+00 -1.691096e-02 
7.694039e-01 -5.296229e-01 1.579793e+01 1.830673e+00 -1.805641e+01 -8.637736e+00 7.920594e-01 2.113108e+00 -6.931849e+00 -8.568156e+00 9.683799e-01 4.751581e+00 8.852949e-01 2.960505e-01 8.667277e-01 -4.486864e-01 -1.197618e+00 5.412911e-01 1.747280e+00 2.553742e+00 2.858299e+00 -1.225336e+00 -2.409133e-01 1.172999e+00 -3.236435e+00 -4.275699e-02 
6.027732e-01 -1.463488e+00 1.597641e+01 1.177713e+00 -1.713753e+01 -8.468865e+00 2.719337e+00 6.725636e+00 -5.957596e+00 -9.686074e+00 2.935013e+00 -2.002195e+00 8.656715e-01 8.972763e-01 9.712931e-01 -1.284608e+00 -6.026572e-01 1.469061e+00 3.096984e+00 2.789747e+00 2.903469e+00 -1.784934e+00 -2.892032e-01 2.587994e+00 -3.277513e+00 -7.426555e-02 
2.766816e+00 2.639353e-02 1.288738e+01 -4.930964e-01 -1.432203e+01 -1.132158e+00 5.719440e+00 1.028923e+01 -9.728525e+00 -8.678614e+00 4.129640e+00 -4.057497e+00 7.436235e-01 1.574718e+00 1.195545e+00 -2.082535e+00 -7.002024e-01 2.890034e+00 4.035913e+00 2.458302e+00 2.791232e+00 -1.976896e+00 -4.294421e-01 2.961177e+00 -1.752440e+00 -1.009621e-01 
4.707478e+00 1.659801e+00 1.025224e+01 2.242908e+00 -1.181291e+01 2.329804e+00 8.045801e+00 1.064837e+01 -1.217279e+01 -9.809889e+00 1.161501e+01 -5.134903e+00 6.174551e-01 1.547185e+00 1.634504e+00 -1.754712e+00 -1.185481e+00 3.385371e+00 3.555171e+00 2.468654e+00 2.592691e+00 -6.509691e-01 9.081585e-01 1.683594e+00 -1.857180e-01 -1.075447e-01 
6.590639e+00 3.886456e+00 8.247339e+00 -2.202937e+00 -6.268550e+00 6.142494e+00 1.042034e+01 1.410790e+01 -1.370873e+01 -1.065346e+01 1.143427e+01 -2.444263e+00 5.045927e-01 1.189947e+00 6.057774e-01 -8.106556e-01 -2.062381e-01 3.630022e+00 1.082453e+00 2.234923e+00 1.892372e+00 8.741231e-01 5.043624e-01 -6.315895e-01 -5.109298e-01 -8.470982e-02 
6.426785e+00 4.779002e+00 9.522872e+00 -3.894769e+00 -4.237411e+00 5.669662e+00 1.271216e+01 1.777976e+01 -7.222340e+00 -4.157859e+00 7.700668e+00 -3.737402e+00 4.474633e-01 9.253415e-01 6.655433e-02 -1.554716e+00 7.986112e-01 4.691749e+00 3.484942e-01 1.087293e+00 -5.731925e-01 1.618405e+00 9.402620e-01 -3.753356e+00 -1.770591e+00 -7.073885e-02 
7.856896e+00 1.495680e+00 9.198787e+00 1.544552e+00 4.032993e-02 2.610179e+00 1.456088e+01 1.618540e+01 -7.833136e+00 -8.982817e+00 2.928861e+00 -7.310897e+00 4.050703e-01 3.085927e-01 -6.466098e-01 -2.639562e+00 2.450758e+00 5.365955e+00 -4.860108e-01 -7.811435e-01 -3.846093e+00 2.329005e+00 2.006007e+00 -3.426448e+00 -2.385345e+00 -7.799616e-02 
8.701057e+00 3.187961e+00 2.002935e+00 4.362219e+00 8.491396e+00 5.838433e+00 1.141200e+01 6.743660e+00 -7.018561e+00 -5.943900e+00 -2.899073e+00 -1.155454e+01 3.135220e-01 -2.210811e-01 1.968395e-01 -3.015729e+00 1.838000e+00 4.927275e+00 4.179448e-01 -2.521992e+00 -4.325459e+00 1.847265e+00 2.891006e+00 -1.443022e+00 -1.543506e+00 -8.267376e-02 
6.996466e+00 1.448928e+00 -1.190500e+00 5.922356e+00 1.419682e+01 3.628054e+00 7.164701e+00 3.954841e-01 -2.165593e+00 2.695948e-01 -3.981017e-01 -1.046242e+01 1.815825e-01 -1.439703e+00 1.850018e+00 -1.819023e+00 -2.597995e-01 1.310028e+00 9.205933e-01 -2.656947e+00 -1.898650e+00 1.837846e+00 3.025383e+00 2.091528e+00 4.460890e-01 -7.734750e-02 
5.751594e+00 5.786575e+00 -3.611293e-01 3.106327e+00 1.332072e+01 7.250448e+00 3.800287e+00 4.047422e+00 -8.197837e-01 5.670967e+00 2.149042e+00 -9.879169e+00 1.458384e-01 -1.769719e+00 2.079671e+00 1.629108e-01 -9.553175e-01 -2.011333e+00 -3.625743e-01 -2.005234e+00 1.914692e-01 -6.307874e-02 1.417115e+00 2.986365e+00 1.152533e+00 -4.843135e-02 
2.133111e+00 9.446461e+00 1.285703e+00 8.735008e-01 4.175808e+00 6.507137e+00 5.082000e+00 8.040272e+00 -1.743295e+00 3.366637e-01 1.086244e+01 -5.918137e+00 1.021746e-01 -1.187491e+00 2.168808e+00 4.765592e-01 -1.296932e+00 -3.273314e+00 1.926837e-01 -3.777258e-01 2.233829e-01 -1.420702e+00 -1.126534e-01 1.310201e+00 8.582323e-01 -2.485938e-02 
2.284139e+00 9.587552e+00 1.579387e+00 2.110060e+00 3.445240e+00 2.586020e+00 2.427179e+00 3.878612e+00 -7.545104e+00 1.108142e+00 6.402477e+00 -8.064016e+00 1.110693e-01 -6.077647e-01 9.483076e-01 2.442591e-01 -5.499255e-01 -1.298309e+00 1.350184e-01 -5.155767e-01 -1.426599e+00 -1.226059e+00 -1.487158e+00 -1.366575e+00 2.372710e-01 -2.229491e-02 
2.792739e+00 1.039248e+01 2.220373e-01 -6.416893e-02 2.767994e+00 6.923687e+00 5.962626e+00 1.596804e+00 -5.906442e+00 1.987740e+00 4.026187e+00 -7.078836e+00 7.467020e-02 -2.392576e-01 1.575002e-01 1.732675e-01 -4.899120e-02 3.767182e-01 1.225377e-01 -5.710174e-01 -2.406453e+00 -1.422977e-02 -3.396377e-01 -2.779024e+00 -1.065556e+00 -2.717710e-02 
2.382957e+00 1.005510e+01 1.391999e+00 8.255339e-01 7.533082e+00 7.717266e+00 7.820907e-01 1.361625e-01 -4.868504e+00 -2.590360e+00 -1.265708e+00 -8.112464e+00 4.811609e-02 -3.273011e-01 -6.906404e-02 -3.143124e-01 -6.363773e-01 -6.672602e-01 -8.846208e-01 2.013970e-01 -1.780180e+00 1.482144e+00 1.296454e+00 1.149374e-01 -4.673288e-01 -3.974370e-02 
8.874140e-01 1.000019e+01 2.245735e+00 1.270808e+00 4.015479e+00 4.554203e+00 3.049458e+00 -2.120769e+00 -3.152744e+00 4.877266e-01 8.014185e-01 -1.122169e+01 -2.234340e-03 -5.541462e-01 -2.833902e-01 2.369937e-01 -3.002436e-02 -3.284020e-01 -1.746532e+00 -6.263576e-02 -9.373439e-01 1.357538e+00 8.496685e-01 1.020428e+00 -3.374909e-01 -3.375574e-02 
1.600296e+00 9.438379e+00 -1.004024e+00 -1.739315e+00 -5.148036e-01 -6.523426e-01 4.890749e+00 -3.163499e+00 -1.511232e+00 8.340419e+00 8.589549e+00 -8.329231e+00 -4.919696e-02 -4.042296e-01 -9.697314e-02 -8.879194e-02 -8.790696e-01 -3.484778e-01 -9.258178e-01 6.503997e-01 4.221453e-01 2.305495e+00 1.744667e+00 2.253030e+00 1.148560e+00 -2.545574e-02 
4.133387e-01 9.283892e+00 2.605017e+00 1.068134e+00 5.149927e+00 2.375831e+00 3.595118e+00 -1.440085e+00 -7.973874e-01 7.706933e-01 4.200697e+00 -8.657907e+00 -4.545200e-02 2.176518e-01 2.260118e-01 -1.999051e-01 -1.324633e+00 8.071132e-01 -5.161215e-01 -4.300711e-02 1.056528e+00 1.998803e+00 1.160412e+00 8.503748e-01 1.686238e+00 -1.366737e-02 
5.988460e-01 9.928385e+00 7.683983e-01 -3.468477e+00 5.223469e+00 4.177362e+00 3.761259e+00 1.906547e+00 5.481293e+00 5.991492e+00 8.299804e+00 -3.651559e+00 -5.755377e-02 -9.929719e-02 5.575676e-02 -1.023245e-02 -4.366021e-01 1.384074e+00 -6.960650e-02 7.662265e-02 9.745836e-01 4.275230e-01 -3.354334e-01 -8.663172e-01 1.024625e+00 -1.588280e-02 
2.476398e+00 1.088524e+01 3.599982e-01 -4.487779e+00 5.181909e+00 -4.412569e-01 3.399167e+00 6.268488e-01 3.345008e+00 7.464251e+00 5.198165e+00 -5.129342e+00 -6.639278e-02 -2.035112e-02 -2.309713e-02 -3.021184e-01 -2.676058e-03 -5.270120e-02 -1.339729e+00 -4.014284e-01 2.427092e-01 -7.514258e-02 -2.105270e-01 -8.025987e-01 1.063310e+00 -1.476213e-02 
7.228041e-02 8.916488e+00 6.732368e-02 -1.144370e+00 6.389577e+00 4.081686e-01 5.371837e+00 6.759526e-01 -1.444814e+00 3.316473e+00 3.759229e+00 -4.970389e+00 -1.181406e-01 -6.765175e-02 3.083166e-01 1.022336e+00 1.117820e+00 -3.139424e-01 -2.175919e+00 -2.014052e-01 1.810004e-01 -1.190621e+00 -9.453728e-01 -1.422348e+00 -5.368627e-01 -2.959478e-03 
5.748658e-01 9.674355e+00 1.444963e+00 -1.073003e-01 4.303367e+00 -2.438219e+00 7.826872e-01 3.887587e-01 2.289953e+00 1.055568e+00 2.457991e+00 -2.681942e+00 -8.896923e-02 -3.622282e-01 1.556858e-01 1.203744e+00 8.154449e-01 -7.925856e-02 -3.105420e-01 2.056549e-01 3.105934e-01 -1.008787e+00 -1.564239e+00 -1.241517e+00 -3.995591e-01 1.323175e-03 
1.211353e+00 1.207541e+01 5.337594e+00 -6.961727e-02 4.093028e+00 -5.703753e+00 4.062473e+00 2.930594e+00 5.571437e-02 4.468969e+00 2.558151e+00 -7.559573e+00 -6.106293e-02 -1.360065e-01 7.643433e-02 5.879000e-01 -1.107055e-01 6.313391e-02 4.404494e-01 6.338380e-01 6.913795e-01 5.334524e-01 -7.717496e-02 4.693304e-01 -6.780947e-01 4.817343e-03 
9.572077e-02 1.008421e+01 3.743583e+00 -9.479303e-01 5.933890e+00 1.061994e+00 5.082124e+00 1.052495e+00 -2.449193e+00 -9.331939e-01 -4.088808e-01 -5.832545e+00 -8.831573e-02 -6.116800e-01 -2.623366e-01 -3.181620e-01 -4.687606e-01 -3.692617e-01 1.413303e+00 6.334049e-01 -9.804671e-02 -3.216874e-01 -1.103176e+00 -2.730723e-01 -5.470374e-01 -9.227169e-03 
-3.681798e-01 9.093732e+00 1.857514e+00 -1.277582e+00 5.889985e+00 8.603089e-01 6.391309e+00 3.800982e+00 3.592021e+00 3.924979e+00 7.539317e+00 -6.785562e+00 -9.438062e-02 -8.831022e-01 -1.011689e+00 -1.029903e+00 -3.791282e-01 -1.159771e+00 1.132599e+00 -7.864224e-01 -6.285063e-01 -5.795385e-01 -1.834962e+00 -1.830419e-01 9.448586e-01 -1.741921e-02 
-1.693768e+00 9.853512e+00 1.594193e+00 -1.847121e+00 1.558579e+00 1.346265e+00 2.785294e+00 -5.366690e-01 -1.086637e+00 -4.188315e+00 -1.397953e+00 -5.804135e+00 -1.184462e-01 -6.007844e-01 -2.500677e-01 2.321818e-01 4.577138e-01 -3.653664e-01 9.659616e-01 -5.849202e-01 -7.290575e-01 -2.250467e-01 4.731407e-02 -1.522261e-01 7.637445e-01 -8.925831e-03 
-2.309414e+00 7.132314e+00 1.262773e+00 -1.515663e+00 4.818268e-01 -1.828939e-01 1.278776e+00 5.826440e-01 -3.523256e+00 -3.078279e+00 2.137478e+00 -2.849485e+00 -1.330937e-01 -1.645409e-01 2.520095e-01 9.734159e-01 9.759159e-01 -1.470425e-01 5.706385e-01 -2.979052e-01 -3.801523e-01 -3.138044e-01 -4.719393e-01 -1.222507e+00 4.105394e-01 -3.161442e-03 
-1.937584e+00 9.814580e+00 5.201862e+00 1.459679e+00 6.811137e+00 6.413404e+00 4.713790e+00 -9.836233e-01 -1.678801e-02 2.805006e+00 1.530908e+00 -3.981861e+00 -1.135883e-01 3.419813e-01 6.718165e-01 2.404635e-01 1.008361e+00 6.608158e-01 -5.055708e-02 1.088423e+00 -1.836928e-01 3.377736e-01 9.729371e-02 -4.853167e-01 1.435552e-02 2.906167e-03 
-1.068976e+00 1.037325e+01 4.920758e+00 1.948597e+00 2.528494e+00 1.179932e+00 3.937535e+00 2.123698e+00 1.488075e+00 -1.931377e+00 -3.764915e-02 -5.644001e+00 -1.126168e-01 2.765175e-01 8.359680e-01 -2.202207e-01 7.459813e-01 8.452364e-01 -2.454367e-02 1.253531e+00 3.851059e-01 1.309409e+00 -1.254654e-01 -8.135024e-01 1.892305e-01 5.742431e-03 
-6.040802e-01 1.159213e+01 9.675174e-01 1.462554e+00 3.839325e+00 4.120668e-01 6.898032e+00 -2.225660e+00 -1.903434e+00 -4.275297e+00 -2.736973e+00 -4.335100e+00 -1.141539e-01 5.248230e-01 4.343000e-01 -4.229088e-01 2.934131e-01 -9.623909e-02 -1.343745e+00 -7.270330e-01 4.119417e-01 5.035949e-01 6.623629e-01 5.147771e-01 9.773685e-01 5.155873e-03 
-1.593578e+00 1.042338e+01 2.278841e+00 2.212806e+00 6.193915e+00 2.695056e+00 6.454307e+00 3.129192e+00 3.967111e+00 -1.654550e-01 2.039067e-01 -1.726713e+00 -1.040988e-01 -2.101359e-01 1.039174e-01 1.125661e-01 3.687374e-01 5.539289e-01 -6.177585e-01 -5.219817e-01 9.186451e-01 6.503617e-01 1.517065e+00 4.457776e-01 4.750683e-01 -3.604412e-04 
9.488320e-01 1.196101e+01 4.408277e+00 2.794640e+00 4.497231e+00 -1.062886e+00 -1.797609e-01 5.733378e-01 1.261668e+00 5.233859e+00 3.984016e+00 -1.053662e+00 -9.206796e-02 -1.845499e-01 -8.966474e-02 7.221842e-03 -4.997823e-01 4.558021e-01 -1.476644e-01 -2.102778e+00 2.682870e-01 1.536760e+00 1.568987e+00 -1.546863e-01 -7.109448e-01 -4.789698e-03 
-2.896111e+00 1.070839e+01 3.763209e+00 3.126241e+00 4.969185e+00 -1.171384e+00 4.866523e+00 5.317424e+00 3.157332e+00 8.993686e-01 -1.169256e+00 -4.909378e+00 -1.254619e-01 -2.233193e-01 -4.197567e-01 -4.738464e-01 -3.177834e-01 6.389941e-01 5.568427e-01 -7.462387e-01 -1.530749e+00 3.423726e-01 2.776925e-01 -1.486699e+00 -1.874951e+00 -9.818542e-03 
-8.755631e-01 1.100130e+01 2.614427e-01 -1.493075e+00 6.730700e+00 1.606965e+00 -2.821967e+00 -1.978341e+00 6.185256e+00 3.037224e+00 -2.823823e+00 -6.298491e+00 -1.274208e-01 -4.395485e-01 -8.217057e-01 -6.630683e-01 -4.122820e-02 1.085281e+00 1.573019e+00 7.625648e-01 -1.621024e+00 3.970871e-01 -4.403111e-01 -1.827578e+00 -1.842046e+00 -9.694743e-03 
-1.797977e+00 8.804453e+00 1.983027e+00 2.767746e+00 8.272151e+00 4.144344e+00 4.044216e+00 -3.248714e+00 3.217180e+00 2.321325e+00 -3.825667e+00 -8.479053e+00 -1.355151e-01 1.273854e-01 -6.004722e-01 -1.838782e-01 3.543832e-01 8.147383e-01 1.316883e+00 5.221569e-01 -1.840265e+00 -2.848381e-01 2.128013e-01 -6.314667e-01 -9.319914e-01 -2.820063e-03 
