-1.095973e+01 2.129328e+00 6.652524e+00 5.427432e+00 7.256486e+00 -2.615254e+00 -4.328351e+00 -4.851855e+00 1.207094e+00 2.293349e+00 -1.668214e+00 4.754857e-01 1.389903e-02 1.933456e-01 3.625063e-01 -6.397375e-01 -4.574409e-01 -8.138787e-01 -9.511877e-01 2.549790e+00 2.764207e+00 1.939737e-01 7.399802e-01 -3.459212e-01 6.334125e-01 -7.752651e-03 
-1.006038e+01 3.333198e+00 5.109867e+00 2.954230e+00 6.400944e+00 -1.583286e+00 1.731179e+00 8.118467e+00 2.258666e+00 4.855489e+00 -2.282347e+00 1.266086e+00 -1.207292e-02 4.458790e-02 3.049468e-01 -2.530122e-01 -3.286400e-02 -1.120941e+00 -1.004427e+00 2.098407e+00 8.025249e-01 -5.999025e-01 9.480889e-01 2.069633e-01 7.946360e-01 -4.452151e-03 
-1.044268e+01 3.339925e+00 4.225165e+00 4.376829e+00 3.614864e+00 -7.887177e+00 5.390833e+00 2.484019e+00 1.651177e+00 4.712180e+00 -3.090753e+00 3.247248e+00 -1.187825e-02 4.332275e-02 9.022244e-02 -4.525184e-01 -3.892520e-01 -9.858152e-01 -1.555749e+00 1.171123e+00 2.609949e-02 -6.162518e-01 1.305969e-01 1.657304e-01 1.198731e-01 -7.523596e-04 
-1.099532e+01 3.048764e+00 6.601142e+00 5.788414e+00 3.472595e+00 -5.001426e+00 1.304094e+00 -4.507168e+00 -2.014460e+00 5.824378e+00 7.787275e-02 3.062784e+00 4.526913e-03 -2.551287e-01 -4.385592e-01 -7.544589e-01 -5.868090e-01 -9.086032e-01 -1.009290e+00 -1.071753e+00 -2.590144e+00 -1.137044e+00 -1.546971e+00 -2.056683e-01 -1.730208e-01 4.633540e-03 
-1.027565e+01 2.722658e+00 3.644295e+00 2.064080e+00 3.791585e+00 -8.684928e+00 1.740807e+00 1.591460e+00 2.623977e-01 2.461889e+00 -2.019671e+00 1.765022e-01 1.837313e-03 -9.044762e-02 -6.347308e-01 -5.667292e-01 -5.504673e-01 -4.498129e-01 -1.462514e-01 -1.223315e+00 -6.825513e-01 -7.946903e-01 -9.980637e-01 -4.967448e-01 -3.068419e-01 1.885843e-03 
-1.141954e+01 1.449036e+00 1.628008e+00 1.176559e+00 1.769568e+00 -6.230860e+00 -1.802572e+00 -4.385971e+00 -2.732163e+00 -1.754219e+00 -3.846230e+00 1.936355e+00 4.236996e-03 -1.050573e-01 -5.073570e-01 -4.355903e-01 -5.021023e-01 -1.198032e+00 -1.004140e+00 -1.435635e-01 5.683051e-01 2.846292e-01 -5.037497e-01 -8.911778e-01 -2.128518e-01 -2.338165e-03 
-1.068280e+01 9.661351e-01 3.878087e+00 3.930420e+00 2.217313e+00 -8.003716e+00 8.275912e-01 -9.893361e-01 -1.963423e+00 3.511159e+00 -3.612426e+00 2.276253e+00 -2.304077e-03 -7.783394e-02 3.408661e-01 5.822707e-01 7.471319e-01 -1.634783e-01 2.119720e-01 -9.285965e-02 9.954496e-02 1.554328e-01 1.378050e+00 6.974464e-01 3.276671e-01 1.928389e-04 
-1.131703e+01 1.390240e+00 4.306295e+00 2.344732e+00 -1.730427e+00 -1.036273e+01 1.042884e+00 -3.752440e-01 5.215963e-01 2.780994e+00 -3.581639e+00 9.486499e-01 -5.093217e-03 1.142448e+00 -2.484712e-01 -1.419195e+00 3.036000e-01 1.751215e+00 7.787356e-01 2.418692e-01 1.720133e-01 1.032845e+00 1.954483e+00 2.275506e+00 -2.552589e-01 8.888346e-03 
-1.071607e+01 4.456386e+00 5.216505e+00 5.215653e+00 4.724191e+00 -5.559134e+00 -1.462193e-01 8.382126e-02 -5.873182e-01 7.084535e+00 1.335265e+00 2.308690e+00 7.466614e-03 2.420475e+00 -1.267885e+00 -3.448507e+00 -5.592846e-02 2.482949e+00 1.431240e+00 -1.459644e+00 -1.038056e+00 5.295403e-01 1.265720e+00 3.144860e+00 3.393866e-01 3.566431e-02 
-5.690665e+00 -1.538445e+00 -6.137176e+00 2.051942e+00 9.272203e+00 -3.559474e+00 -1.063209e-01 -4.062483e+00 1.744009e+00 6.231509e+00 5.057458e+00 6.438422e-01 4.379338e-02 1.703045e+00 -6.165114e-01 -1.585425e+00 2.909065e-01 2.169406e+00 1.038738e+00 -7.766185e-01 -1.424391e+00 -5.759404e-02 1.704655e+00 1.999895e+00 6.032225e-01 1.409504e-02 
-1.393610e+00 -3.908947e+00 -8.142712e+00 3.797173e+00 9.130745e+00 -4.249146e+00 -5.896024e+00 -4.335999e+00 7.307243e-02 8.114504e+00 7.792326e+00 4.125590e+00 1.515742e-01 2.620544e-02 2.155166e-01 7.458237e-01 -4.362130e-03 -5.958664e-01 1.506999e-01 1.193516e+00 1.432216e-01 9.397213e-01 3.495314e-01 -4.893440e-01 -1.171517e+00 -9.285396e-03 
-7.463034e+00 2.490350e+00 3.058779e+00 4.508505e+00 6.913328e+00 -5.824032e+00 3.469372e-02 -5.287291e+00 -9.656920e-02 1.078929e+01 3.189305e+00 3.056312e+00 -6.671786e-03 -1.404698e+00 1.777156e+00 2.818855e+00 -3.120364e-01 -1.264115e+00 6.787668e-01 1.729377e+00 1.111747e+00 3.350247e-01 -2.569044e-01 -1.574696e+00 -8.359820e-01 -2.929831e-02 
-9.698862e+00 3.519571e+00 4.347646e+00 3.965561e+00 2.924297e+00 -3.673355e+00 5.750852e+00 1.412333e+00 5.031577e+00 6.553302e+00 -1.773779e-01 -4.755128e+00 -1.372778e-02 -1.719402e+00 1.467327e+00 1.932128e+00 -8.038374e-01 -3.374896e-01 8.471954e-01 1.802097e+00 1.260825e+00 -2.284902e-01 -1.092916e+00 -1.059491e+00 -8.212132e-01 -3.384545e-02 
-8.561527e+00 3.633076e+00 1.711919e+00 4.075661e-01 6.054851e+00 -4.535351e-01 2.717125e+00 -1.377914e+00 9.398798e-01 5.727588e+00 1.168828e+00 9.042910e-01 -2.004719e-02 -2.925585e-01 2.061604e-01 2.902476e-01 -1.261313e-01 4.765701e-01 -6.960477e-01 -4.588388e-01 1.210608e+00 -2.457896e-01 -3.840749e-01 4.098113e-01 4.183718e-01 1.593554e-03 
-9.441376e+00 2.856323e+00 2.191361e+00 1.828455e+00 7.872536e+00 -2.698417e+00 1.773247e+00 1.344015e-02 -1.587603e+00 5.180775e+00 3.505109e+00 1.095535e+00 -1.096535e-02 5.110200e-01 2.912108e-01 5.211352e-01 -8.904471e-02 8.160470e-01 -6.176148e-01 -1.756549e+00 -7.052875e-01 -1.865277e+00 -1.921809e-01 3.172000e-01 1.855248e+00 5.464363e-03 
-9.054569e+00 3.852776e+00 5.588160e+00 4.946402e+00 6.822059e+00 -9.791739e+00 -2.706976e-01 1.465199e+00 1.984073e+00 9.555176e+00 3.397118e+00 2.222840e+00 -8.523464e-05 7.733907e-01 9.102341e-01 1.123435e+00 7.660397e-01 -1.088269e-01 7.387822e-01 -7.298502e-01 -1.248477e+00 -1.824140e+00 -1.354144e+00 -5.360898e-01 1.174201e+00 1.126733e-02 
-6.897240e+00 4.865775e+00 5.015201e+00 1.250920e+00 6.620928e+00 -2.092327e+00 -1.537981e+00 -3.535661e+00 -4.816905e+00 3.678603e+00 2.944772e-01 3.861836e+00 3.613055e-03 4.795681e-01 6.487489e-01 7.003146e-01 6.479819e-01 -4.582810e-01 9.863121e-01 7.985376e-01 3.648616e-01 -1.632822e-01 -1.174374e-01 -7.562221e-01 -2.776010e-01 5.734742e-03 
-5.966641e+00 7.179521e+00 5.917176e+00 4.526532e+00 6.136520e+00 2.937331e+00 7.234879e-01 -5.845750e+00 -6.566171e+00 -2.920470e-01 9.369493e-02 5.392147e+00 2.900028e-02 -1.162517e-01 2.576703e-01 5.454850e-01 4.835852e-01 -1.059027e+00 7.739683e-01 1.914558e+00 1.752773e+00 -8.565426e-04 -1.035910e-01 -3.197241e-01 -7.518877e-01 3.912097e-03 
-8.587500e+00 4.436695e+00 5.528426e+00 5.278299e+00 5.923900e+00 -4.131391e+00 5.268842e+00 5.493222e+00 1.871107e+00 9.517200e+00 1.375710e+00 -1.877124e+00 3.165603e-03 -7.417367e-01 -4.332176e-01 3.513540e-01 1.302677e+00 -1.108812e+00 -6.035178e-01 1.192562e+00 2.376308e+00 2.569466e+00 1.357272e+00 -3.796800e-01 -2.830852e-01 3.398144e-03 
-8.790699e+00 5.355668e+00 8.058972e+00 5.350637e+00 1.875438e+00 -4.902365e+00 5.898682e+00 5.714622e+00 -1.364215e+00 6.117923e+00 1.257881e+00 1.332881e+00 1.969898e-02 7.499477e-01 -3.325468e+00 -1.493989e+00 -6.498260e-01 -7.995306e-01 -1.799620e+00 -1.551903e+00 5.061526e-01 1.502252e+00 5.951329e-01 -1.296946e+00 -9.811573e-02 5.324607e-02 
-9.193895e+00 3.611614e+00 5.701072e+00 7.352253e+00 3.207408e+00 -1.190068e+00 1.837232e+00 2.565696e+00 5.429447e+00 7.259977e+00 -2.186016e+00 4.476044e+00 2.525443e-02 1.779646e+00 -3.864995e+00 -2.536467e+00 -1.509314e+00 -4.632086e-01 -1.238836e+00 -3.664465e+00 -2.657287e+00 -4.022486e-01 -1.480764e+00 -1.520625e+00 9.103606e-01 8.893629e-02 
-1.913704e+00 -9.035278e+00 -1.639091e+00 2.404256e-01 3.497114e+00 -7.531430e+00 -5.320220e+00 -1.851224e+00 -8.340817e-01 3.812228e+00 -4.610172e+00 1.724985e+00 2.841862e-01 -1.024238e-01 -2.802787e+00 -7.533447e-01 -6.663654e-01 -7.909767e-01 -8.022688e-01 -2.523940e+00 -2.150330e+00 -3.913794e-01 -1.459430e+00 -1.678581e+00 1.370431e-01 6.543307e-02 
-3.127766e+00 -7.692804e+00 -2.304877e+00 2.868381e-01 2.797019e+00 -9.011040e+00 -7.444033e+00 -4.010290e+00 -4.052027e-01 3.266228e+00 -3.293386e+00 2.478628e+00 3.156034e-01 -2.368465e+00 -1.785492e+00 1.306782e+00 1.232696e-01 -9.317597e-01 1.164227e+00 3.507884e-01 -3.440308e-01 4.411860e-01 -6.007383e-01 6.138967e-01 6.457758e-03 3.923521e-02 
-1.233588e+01 -3.006057e+00 8.295223e+00 5.551518e+00 -1.874251e+00 -5.003222e+00 -2.080386e+00 -1.749035e+00 -4.037873e-01 8.176481e-01 -6.581341e+00 3.016805e+00 2.016898e-01 -3.788830e+00 2.272782e-01 3.015508e+00 1.735566e+00 -2.673844e-01 2.943822e+00 4.147810e+00 1.247385e+00 9.060804e-01 6.959575e-01 1.953846e+00 3.957077e-01 -5.764222e-03 
-1.582513e+01 -8.330457e+00 7.267823e+00 5.313054e+00 1.234292e+00 3.366962e+00 1.971257e+00 7.944472e-01 7.420230e+00 5.753576e+00 1.869052e+00 3.862422e+00 2.626787e-01 -1.555240e+00 -8.327224e-01 1.057418e+00 4.286276e-01 6.249089e-01 1.360619e+00 2.727410e+00 1.480962e+00 1.232711e-01 6.009045e-01 9.881473e-01 -4.439186e-01 3.100259e-02 
-1.450917e+01 -7.580061e+00 8.652100e+00 6.405149e+00 2.941556e+00 9.986813e-01 1.071118e+01 1.983333e+00 -2.163961e-01 6.048343e+00 2.577836e+00 3.011626e+00 2.818275e-01 1.353401e+00 -1.347274e+00 -1.184319e+00 -9.864367e-01 1.702581e+00 -8.647621e-01 2.353190e-01 1.027429e+00 -1.243763e-01 1.141863e+00 9.479876e-01 -1.929162e-01 8.816961e-02 
-9.817322e+00 -9.569414e+00 2.803777e+00 2.003160e+00 3.513660e+00 -5.208895e+00 -2.027702e-01 1.528337e+00 1.174574e-01 3.655403e+00 -2.932239e+00 2.616242e-01 4.305475e-01 5.280684e+00 2.179796e+00 -1.636111e+00 -2.606849e+00 1.047130e-01 -8.721954e-01 -1.208676e+00 -1.442267e+00 -2.078374e+00 -1.853149e+00 -1.727639e+00 -1.313228e+00 8.156738e-02 
-8.572781e+00 -9.122947e+00 4.605650e+00 2.274282e+00 5.498969e+00 -5.039104e+00 1.832228e-01 3.021167e+00 2.625717e+00 7.576050e+00 5.592420e-01 3.852623e+00 5.586035e-01 6.802405e+00 2.247445e+00 -2.181415e+00 -3.868728e+00 -2.413286e+00 2.557167e+00 -3.449390e+00 -2.010680e+00 -7.793729e-01 -2.744974e+00 -2.574275e-02 -2.050371e+00 1.342811e-01 
7.610095e+00 3.339965e+00 1.110495e+00 -5.655756e+00 4.791503e-01 2.024878e+00 1.191857e+00 -6.935805e+00 -4.392695e+00 -4.276021e+00 -5.759844e+00 -3.124217e+00 5.321276e-01 5.872047e+00 1.376922e+00 -1.972594e+00 -3.522713e+00 -3.975605e+00 4.512646e+00 -2.030835e+00 -1.879301e+00 -1.956892e-01 -2.973148e+00 2.600295e+00 -2.126462e+00 1.453218e-01 
1.078914e+01 -2.797524e+00 -1.408334e+00 -9.109034e+00 -7.607620e+00 1.016763e+01 -7.233078e+00 -3.837996e+00 -1.858184e+00 -3.710814e+00 3.862925e+00 -5.547309e+00 9.024431e-01 4.272450e+00 -1.157407e+00 -1.535833e+00 -3.073760e+00 -4.534182e+00 4.211145e+00 -1.925776e+00 -1.564504e+00 3.516630e-01 -2.798416e+00 2.921308e+00 -2.286186e+00 1.317194e-01 
9.861954e+00 -5.847513e+00 -4.052204e+00 -9.918748e+00 -9.811069e+00 9.750967e+00 -6.648796e+00 -4.438588e+00 1.380962e+00 -5.566905e+00 8.417393e+00 -5.670717e+00 9.852369e-01 6.904553e-01 -3.638249e+00 2.437129e-02 -1.418467e+00 -3.540942e+00 2.497422e+00 -1.218822e+00 3.180220e-02 1.254335e+00 -9.820406e-01 2.870950e+00 -8.234560e-01 1.014347e-01 
1.166354e+01 -1.031624e+01 -4.921641e-01 -1.096302e+01 -1.202683e+01 1.215357e+01 -5.525329e+00 -6.049963e+00 1.497203e+00 -5.770590e+00 8.077162e+00 -6.305059e+00 9.906461e-01 3.156863e-01 -2.054994e+00 1.203950e+00 -1.327981e+00 -1.897648e+00 1.035483e+00 6.886282e-01 -5.223125e-01 2.643163e-01 -1.323144e+00 1.391249e-02 -4.984760e-03 2.050764e-02 
1.062517e+01 -1.109192e+01 7.742667e-01 -1.182110e+01 -1.501595e+01 1.351901e+01 -5.756128e+00 -5.670811e+00 2.012864e-01 -8.156336e+00 6.487785e+00 -6.862622e+00 9.951995e-01 5.361532e-01 -2.642999e-01 1.090420e+00 -1.023371e+00 -2.224503e+00 1.171895e+00 8.960673e-01 -4.111451e-01 -7.792775e-02 -1.716573e+00 -1.244825e+00 6.599776e-01 3.144681e-04 
1.198597e+01 -1.045029e+01 2.198182e+00 -1.479776e+01 -1.449342e+01 1.346102e+01 -4.236271e+00 -5.833447e+00 5.323538e-02 -9.031818e+00 4.897291e+00 -4.976280e+00 1.000000e+00 4.885131e-01 1.488152e+00 1.298799e-01 -5.161545e-01 -2.023427e+00 2.075304e-01 1.057822e+00 1.172142e-02 3.928494e-01 -1.365146e+00 -1.605434e+00 9.942539e-01 -6.621414e-03 
1.238151e+01 -7.101989e+00 5.472231e-02 -1.311823e+01 -1.970029e+01 1.495672e+01 -2.812988e+00 -6.602571e+00 1.713307e+00 -1.251915e+01 3.783205e+00 -3.035219e+00 9.821323e-01 6.009850e-01 2.055506e+00 -3.948959e-01 -2.460451e-01 -1.822055e+00 -9.131633e-01 9.430412e-01 1.953295e-01 3.286120e-01 -4.008921e-01 -2.344009e+00 9.831837e-01 -7.825458e-03 
1.322794e+01 -4.870448e+00 5.170074e-01 -1.289523e+01 -1.980180e+01 1.247237e+01 -1.707789e+00 -5.525476e+00 2.705439e+00 -1.041491e+01 1.402280e+00 -3.247492e+00 9.640726e-01 4.742859e-01 2.325977e+00 -7.643816e-01 4.501003e-01 -1.832232e+00 -1.693977e+00 8.043247e-01 5.075369e-01 3.811756e-01 1.952588e-01 -2.373344e+00 3.431544e-01 -6.572539e-03 
1.300911e+01 -3.604311e+00 -3.596253e-01 -1.400259e+01 -2.147204e+01 9.447521e+00 -2.305163e+00 -4.848149e+00 5.182443e-01 -9.469249e+00 -3.484756e+00 -2.811098e+00 9.740359e-01 5.578162e-01 2.200096e+00 -3.184461e-01 3.608742e-02 -7.698416e-01 -2.617618e+00 4.910513e-01 8.182344e-01 6.080132e-02 1.049523e+00 -2.339463e+00 -1.913716e-01 -5.545360e-03 
1.404359e+01 -5.692458e-01 -1.416553e+00 -1.210508e+01 -2.276870e+01 7.745735e+00 -4.685607e-01 -4.172974e+00 2.556645e+00 -9.580477e+00 -3.335450e+00 -3.372568e+00 9.711855e-01 4.665917e-01 2.327832e+00 -1.463770e-01 8.697701e-03 -6.209202e-01 -2.080441e+00 -2.222272e-01 7.717126e-01 1.345813e-01 7.493802e-01 -1.151969e+00 -4.028342e-01 -9.601707e-03 
1.476276e+01 1.747891e+00 -5.707283e-01 -1.333287e+01 -2.206605e+01 4.231949e+00 -9.773459e-01 -3.187650e+00 2.091711e+00 -7.688755e+00 -5.545243e+00 -3.929539e+00 9.508491e-01 4.572337e-01 2.024992e+00 2.871470e-01 -1.778885e-01 5.963122e-01 -2.195029e+00 -4.565668e-01 1.110411e+00 -3.003066e-01 9.601714e-01 1.036905e-01 -7.623551e-01 -1.627039e-02 
1.468407e+01 4.092609e+00 -1.093264e-01 -1.318660e+01 -2.260940e+01 4.677955e+00 -3.482834e+00 -2.497162e+00 2.591612e+00 -7.558259e+00 -3.327323e+00 -4.702442e+00 9.276575e-01 4.396419e-01 8.093160e-01 5.514277e-01 -1.760820e-01 1.051089e+00 -2.204667e+00 -3.569794e-02 1.027409e+00 -1.266783e+00 1.489166e+00 -1.700152e-01 -2.366607e-01 -1.486217e-02 
1.497504e+01 4.189722e+00 4.224968e-01 -1.435127e+01 -1.857013e+01 6.266117e-03 -3.080860e+00 -1.339991e-01 -1.000773e+00 -5.679500e+00 -2.970366e+00 -5.957937e+00 9.144480e-01 5.659677e-01 -1.764021e-01 -8.009806e-02 5.303570e-01 6.389288e-01 -1.466993e+00 9.973215e-01 3.370617e-01 -1.223936e+00 1.026481e+00 -1.511552e-01 3.330312e-01 -8.502245e-03 
1.613566e+01 2.256419e+00 8.439732e-01 -1.247629e+01 -1.926121e+01 -1.164757e+00 4.047067e-01 -5.627522e-01 -2.231026e+00 -3.139276e+00 -5.472964e+00 -3.541673e+00 9.150752e-01 4.745578e-01 -9.120622e-01 -5.391682e-01 5.981116e-01 6.893625e-01 -7.254559e-01 1.975318e+00 -5.089501e-01 -4.931674e-01 3.629994e-02 -8.781916e-02 4.851143e-01 -3.661650e-03 
1.686680e+01 1.783976e+00 -1.447868e+00 -1.103624e+01 -2.054549e+01 -1.816621e-01 2.065491e+00 -2.469547e+00 -1.616652e+00 -4.765841e+00 -5.228199e+00 -2.844767e+00 9.146290e-01 1.424580e-01 -8.167083e-01 -8.937958e-01 8.228241e-01 1.701029e-01 1.248434e+00 1.125610e+00 -2.791436e-01 3.344554e-01 -1.249095e+00 6.429539e-01 5.121151e-01 -7.187950e-03 
1.611098e+01 7.351719e-01 -1.869985e+00 -1.185356e+01 -1.817490e+01 1.144639e+00 3.820579e+00 -3.874139e+00 4.337151e-01 -7.833588e+00 -2.637503e+00 -3.833456e+00 9.092587e-01 -4.576823e-01 -8.276272e-01 -6.309987e-01 6.459878e-01 6.174839e-01 1.757194e+00 6.091523e-03 6.343603e-01 4.186160e-01 -2.167251e+00 1.714934e+00 8.928283e-02 -1.231346e-02 
1.569967e+01 8.668044e-01 -2.689503e+00 -1.054852e+01 -1.826277e+01 5.093738e+00 8.392532e-01 1.259764e-01 -6.608660e-01 -9.577821e+00 -1.173328e+00 -3.251470e+00 8.814164e-01 -6.084009e-01 -1.195739e+00 -5.109593e-01 1.115605e+00 1.106333e+00 1.786051e+00 -8.752786e-01 1.373495e+00 -3.856907e-01 -1.868179e+00 2.097742e+00 5.615330e-01 -1.131135e-02 
1.443082e+01 -1.423131e+00 -1.690203e+00 -9.490211e+00 -1.731516e+01 4.983512e+00 1.048283e+00 1.311288e+00 -6.158391e-01 -1.156954e+01 1.074269e+00 -2.891907e+00 8.701141e-01 -4.247203e-01 -1.342782e+00 -8.776072e-01 1.663815e+00 1.235380e+00 1.377605e+00 -1.502243e+00 1.561075e+00 -1.269318e+00 -1.198043e+00 2.390568e+00 8.662927e-01 -8.671272e-03 
1.466488e+01 -3.115568e+00 -4.092556e+00 -6.639887e+00 -1.544370e+01 6.829157e+00 -9.247537e-01 1.805217e+00 -3.020329e+00 -1.223876e+01 3.404624e+00 -5.078763e-01 8.776445e-01 -3.105411e-01 -1.018037e+00 -1.312605e+00 1.707959e+00 2.110082e+00 1.540875e-01 -9.696068e-01 1.038611e+00 -1.093737e+00 -5.582471e-01 2.481896e+00 8.348635e-01 -4.713708e-03 
1.450477e+01 -3.987550e+00 -5.556495e+00 -5.488805e+00 -1.340754e+01 7.164954e+00 -2.808632e+00 3.091615e+00 -4.733143e+00 -1.249334e+01 7.026363e+00 -8.737888e-01 8.677883e-01 -1.016640e-01 -4.174957e-01 -2.025273e+00 1.807466e+00 2.570875e+00 -5.578987e-01 -1.640254e+00 9.272579e-01 -4.465662e-01 3.045731e-02 2.276826e+00 3.460578e-01 -6.717884e-03 
1.410999e+01 -2.941172e+00 -7.319382e+00 -4.009426e+00 -9.666168e+00 4.773454e+00 -2.080323e+00 4.428868e+00 -4.070897e+00 -1.190716e+01 8.260105e+00 -8.621109e-02 8.590108e-01 -1.494336e-01 2.977513e-01 -1.426594e+00 1.062656e+00 3.049827e+00 -1.279488e+00 -1.996259e+00 7.632427e-01 9.349998e-01 -1.805725e-02 1.854380e+00 1.566369e-01 -2.182879e-02 
1.419994e+01 -3.597807e+00 -1.020316e+01 -1.768111e+00 -7.349547e+00 3.221870e+00 -6.575202e+00 4.635752e+00 -2.323386e+00 -1.158306e+01 1.003066e+01 -1.372451e+00 8.458416e-01 -4.008022e-01 8.984534e-01 -4.014944e-01 7.882580e-01 2.902391e+00 -1.147306e+00 -2.621428e+00 4.134706e-01 1.574178e+00 5.170608e-01 4.287685e-01 8.356123e-01 -3.508832e-02 
1.407013e+01 -1.821683e+00 -8.902197e+00 -3.186955e+00 -3.223564e+00 2.403260e+00 -9.022764e+00 4.849363e+00 4.497922e-01 -1.278418e+01 1.117438e+01 5.246391e-01 7.794740e-01 -3.833880e-01 8.293086e-01 6.701056e-01 4.605346e-01 2.103928e+00 -9.207594e-01 -2.810763e+00 1.452813e-01 1.298682e+00 1.069015e+00 -1.004374e+00 3.095904e-01 -4.218442e-02 
1.252069e+01 -5.502784e-02 -6.772560e+00 -1.958750e+00 -2.116882e+00 2.613522e+00 -1.244455e+01 4.948721e+00 8.774030e-01 -9.469520e+00 7.713070e+00 2.998847e+00 7.321151e-01 -2.436249e-01 9.889364e-01 9.937720e-01 5.199648e-01 1.477265e+00 -1.023710e+00 -1.688496e+00 -6.392814e-01 9.551190e-01 9.801883e-01 -1.740667e+00 -4.390702e-01 -4.275068e-02 
1.303267e+01 -5.660188e-01 -5.684152e+00 -1.611434e+00 -1.762859e+00 4.738305e-01 -1.319946e+01 4.998790e+00 8.221200e-01 -7.618854e+00 4.397029e+00 -7.239080e-01 7.049519e-01 -2.597988e-01 1.041404e+00 -4.589176e-02 1.485386e+00 1.220520e+00 -7.645562e-01 -9.968634e-01 -1.156633e+00 4.362864e-01 1.160142e+00 -2.179935e+00 -1.653344e+00 -3.324926e-02 
1.350055e+01 7.190424e-01 -6.843318e+00 4.395223e-02 -6.935725e-01 -9.319654e-01 -1.292933e+01 1.364631e+00 2.266045e+00 -9.264779e+00 4.716000e+00 -2.943528e+00 6.693492e-01 -3.633343e-01 4.390466e-01 -5.857124e-01 1.967260e+00 2.086671e+00 7.594492e-02 -2.946102e-01 -5.814458e-01 -5.362220e-01 2.099443e-01 -1.859977e+00 -2.416550e+00 -2.316176e-02 
1.228121e+01 2.998304e+00 -9.096277e+00 3.238626e+00 2.167382e+00 3.532224e-01 -1.376469e+01 8.582430e-01 1.936903e+00 -7.085844e+00 1.773239e+00 -4.770893e+00 6.446106e-01 -4.661440e-01 2.683076e-02 -1.237210e+00 2.501016e+00 3.000176e+00 3.271549e-01 1.084487e+00 2.844670e-01 -5.428795e-01 2.373096e-01 -2.844075e+00 -9.164404e-01 -2.915665e-02 
1.107976e+01 3.580439e-01 -7.995059e+00 5.452518e+00 6.351354e+00 3.053550e+00 -1.363499e+01 4.111765e+00 -2.361098e+00 -8.686303e+00 -2.749186e-01 -7.060408e+00 6.464770e-01 -1.133202e+00 2.462811e-01 7.458503e-01 2.710499e+00 3.343518e+00 -7.416900e-02 2.489736e+00 1.868562e+00 -5.399032e-01 1.799487e+00 -3.353477e+00 -1.512224e-01 -6.839504e-02 
1.191235e+01 -2.513658e-01 -1.129433e+01 8.189364e+00 9.715557e+00 1.168473e-01 -7.424201e+00 5.047558e+00 4.212945e-01 -6.721544e+00 -7.327889e+00 -3.247670e+00 5.706048e-01 -1.437098e+00 -6.355737e-01 1.570888e+00 2.324638e+00 3.438434e+00 -6.184781e-01 4.163015e+00 8.849424e-01 -6.677026e-01 1.586150e+00 -1.928219e+00 8.665264e-01 -8.689611e-02 
8.018965e+00 3.575283e+00 -2.015040e+00 1.112108e+01 1.224993e+01 -1.184623e+00 -3.650901e+00 8.612785e+00 3.243336e-01 -4.494963e-01 -7.500819e+00 -4.461252e+00 3.643769e-01 -1.736277e+00 -1.529743e+00 1.044881e+00 1.677327e+00 2.858109e+00 -1.606446e-01 4.137996e+00 -5.304941e-01 2.093993e-01 1.827325e+00 -1.085476e+00 2.933615e-01 -7.642223e-02 
6.626111e+00 -1.788184e+00 -4.231846e+00 1.202754e+01 1.641026e+01 -6.200812e-01 2.058345e+00 3.032445e+00 -2.744326e+00 -3.273495e+00 -4.254905e+00 -1.737839e+00 3.511801e-01 -2.272267e+00 -2.571407e+00 1.182135e-01 5.002354e-01 2.268750e+00 7.106784e-01 3.462938e+00 -8.317298e-01 -1.375170e-01 1.243435e-01 3.111336e-02 -5.304323e-01 -5.506052e-02 
5.041489e+00 -6.522264e+00 -6.301898e+00 1.192007e+01 1.729454e+01 2.618792e+00 2.313718e+00 2.466851e+00 2.687082e-01 -1.273700e+00 -7.238789e+00 -6.348516e+00 3.740782e-01 -2.367849e+00 -3.305160e+00 -1.991308e+00 -1.063973e+00 1.194459e-01 4.348100e-01 1.102292e+00 -1.190165e+00 2.530206e-01 -1.052888e+00 -3.613575e-01 -2.849779e-01 -3.168168e-02 
2.039753e+00 -8.059626e+00 -8.559834e+00 1.029105e+01 1.853700e+01 1.768532e+00 6.908181e+00 3.961876e+00 -2.384780e-01 -5.687725e+00 -7.303338e+00 -4.956200e+00 2.904516e-01 -2.125528e+00 -1.293670e+00 -1.086056e+00 -1.819564e+00 -1.908153e+00 -3.118797e-01 -2.740209e-01 -2.327108e-01 1.045987e+00 4.989170e-01 -3.303729e-01 7.044647e-01 -5.383673e-02 
-1.527101e+00 -9.814796e+00 -9.807585e+00 6.669457e+00 1.178379e+01 -2.048793e-01 -5.643597e-01 2.197242e+00 3.365128e-01 -4.506820e+00 -7.783390e+00 -4.276961e+00 2.363328e-01 -1.730991e+00 1.032735e+00 2.404587e-01 -2.357984e+00 -3.033363e+00 -1.847425e+00 -3.663332e-01 -4.925798e-01 5.802671e-01 1.569618e+00 1.181365e+00 1.872071e+00 -7.355694e-02 
-7.172332e-01 -6.610271e+00 -7.909281e+00 5.555021e+00 9.624878e+00 -7.676442e-01 2.127279e+00 2.003696e+00 2.451708e+00 8.376501e-01 -5.634469e+00 7.487069e-01 1.508692e-01 -1.080125e+00 2.376236e+00 1.223269e+00 -1.625967e+00 -3.020652e+00 -1.330461e+00 -4.125976e-01 2.978219e-01 1.049764e+00 2.635676e+00 1.313242e+00 2.249821e+00 -6.266776e-02 
-2.234971e+00 -2.083269e+00 -5.424881e+00 2.498161e+00 6.583788e+00 -5.350244e+00 2.872503e+00 9.830428e-01 1.824951e+00 3.311704e+00 -2.166396e+00 1.593865e-01 7.608467e-02 -1.004555e+00 2.891848e+00 2.044130e+00 -8.331305e-01 -2.292134e+00 -1.243059e+00 1.075313e+00 1.738477e-01 3.101749e-02 6.978188e-01 1.096401e+00 1.908223e+00 -5.121475e-02 
-3.006938e+00 -4.420662e-02 -4.634840e+00 4.246861e+00 6.033739e+00 -2.311091e+00 3.126762e+00 6.058086e+00 4.266123e+00 3.581394e+00 -3.545623e+00 4.074732e+00 5.723685e-02 -1.465393e+00 2.203680e+00 1.933559e+00 -2.331668e-01 -1.736336e+00 -1.124410e+00 4.882569e-01 -8.955806e-01 -6.967747e-01 2.051341e-01 9.126284e-01 1.343585e+00 -3.224257e-02 
-5.405021e+00 1.361412e+00 -1.224158e+00 3.157885e+00 2.118691e+00 -5.648450e+00 4.312463e+00 1.039286e+00 -4.156073e-01 -2.389599e+00 -3.345808e+00 3.601140e+00 2.707517e-02 -1.464641e+00 1.727776e+00 2.433276e+00 3.300051e-01 -9.355476e-01 -6.357207e-01 5.073665e-01 -1.217882e+00 -7.191584e-01 -4.013370e-01 -6.473643e-01 5.241153e-02 -1.806141e-02 
-6.459173e+00 2.685785e+00 -3.418460e-01 4.059325e+00 3.175747e+00 -6.240590e+00 3.848584e+00 -2.502329e+00 8.811378e-02 4.713972e+00 -4.816210e-01 5.745755e+00 1.416111e-02 -1.478488e+00 7.468500e-01 2.150010e+00 -3.069128e-01 6.740487e-01 1.471938e-01 6.425540e-01 -1.269927e+00 -1.660200e+00 -2.023305e-01 -5.621973e-01 -1.185272e+00 -1.424133e-02 
-7.832059e+00 5.190614e+00 4.595002e+00 4.241954e+00 3.335046e+00 -6.564097e+00 5.048425e+00 -8.261579e-01 3.181637e-01 7.387303e-01 -6.935218e+00 -4.140675e-01 7.315516e-03 -8.372911e-01 -1.022849e-02 8.976535e-01 -5.853552e-01 1.151811e+00 9.697397e-01 -7.057705e-02 -2.385138e-01 -1.015525e+00 7.236687e-01 -1.272403e-01 -1.138074e+00 -7.854283e-03 
-9.185856e+00 1.775443e+00 3.205627e+00 2.170262e+00 8.795805e+00 -1.117299e+00 5.971551e+00 6.411752e-01 -4.401763e+00 1.005578e+00 -4.561904e+00 1.559765e-01 -4.089952e-03 -2.645763e-01 -6.286059e-02 1.647468e-01 -1.189302e+00 9.926229e-01 1.485276e+00 -2.264005e-01 2.978428e-01 -3.018699e-01 3.983417e-01 1.430374e+00 3.242986e-01 -3.632927e-03 
-8.228134e+00 1.765441e+00 1.490373e+00 1.175640e+00 5.067715e+00 -3.361397e+00 2.898094e+00 -1.725035e+00 -3.248292e+00 3.082942e+00 -1.941868e+00 7.056614e-01 -3.070712e-03 2.493031e-01 2.304070e-01 -6.318172e-01 -8.293818e-01 -3.246499e-01 1.068897e+00 -8.682818e-01 3.888969e-01 6.891823e-01 1.575324e+00 2.193303e+00 9.246920e-01 1.104014e-02 
-7.584016e+00 4.084069e+00 2.034203e+00 -3.540261e-01 7.272526e+00 -4.155622e-01 3.791747e+00 -5.636762e-01 3.619921e-01 5.533575e+00 4.173574e+00 6.807384e+00 1.189590e-03 8.123510e-01 9.486675e-01 -1.620453e-01 5.287120e-01 -1.125335e+00 -7.879931e-01 -1.957411e+00 -1.014528e+00 5.820982e-01 1.828591e+00 1.288290e+00 1.109560e+00 1.414201e-02 
-7.386464e+00 5.188336e+00 2.021628e+00 1.357190e+00 2.473436e+00 -1.570484e+00 1.796918e+00 1.720752e+00 1.382198e+00 6.351353e+00 -3.364422e-01 8.836888e-01 5.987644e-02 4.362963e-01 4.260174e-01 -8.609083e-02 4.395232e-01 -4.606067e-01 1.761110e-01 1.470801e-01 -3.438774e-01 -7.163336e-02 1.311365e+00 1.114725e+00 3.329678e-01 6.905764e-03 
-5.544937e+00 4.807333e+00 2.129773e+00 4.723047e+00 4.466269e+00 -5.952721e+00 -3.264915e+00 -6.154356e+00 -3.806517e+00 8.514325e+00 1.076836e+00 5.614761e+00 3.514653e-02 3.673597e-01 -1.255852e-01 -3.339514e-01 5.461839e-01 1.350303e-01 -9.519496e-02 5.358135e-01 3.545051e-01 -4.495403e-01 8.006269e-01 6.996574e-01 -5.649195e-01 -3.262114e-03 
-7.066193e+00 3.533896e+00 1.012134e+00 8.347188e-01 4.167810e+00 2.877376e-01 7.161826e+00 -6.490822e-01 -1.522205e+00 8.149393e+00 5.180124e+00 2.966812e+00 1.447964e-02 3.927255e-01 -4.765212e-01 -1.015317e+00 1.873126e-01 1.519688e+00 5.568087e-01 1.558813e+00 6.246990e-01 -6.075342e-01 6.176881e-01 1.125143e+00 1.638479e-01 -9.344119e-03 
-5.907353e+00 4.283363e+00 8.691931e-01 2.638129e+00 7.100491e+00 -1.820648e+00 3.788361e+00 2.393767e+00 -4.335086e-01 8.637689e+00 4.913578e+00 2.941225e+00 7.577419e-03 -3.645102e-01 -8.229011e-01 -1.239283e+00 -8.612728e-01 1.243994e+00 1.898775e+00 1.733145e+00 1.377811e+00 4.602191e-01 6.402277e-01 3.132783e-01 -5.766513e-01 -3.062767e-03 
-5.241628e+00 3.067715e+00 -2.424666e+00 3.336212e+00 8.754766e+00 -8.524771e-01 6.064346e+00 5.701862e-01 -3.341978e+00 9.378111e+00 3.370903e+00 3.039696e+00 2.694041e-02 -4.925703e-01 -4.535188e-01 -8.180650e-01 -1.154993e+00 -8.919764e-02 6.105123e-01 -4.938682e-01 -1.027845e+00 -2.452943e-01 -6.007231e-01 -1.518582e+00 -1.030871e-01 2.040857e-03 
-8.279770e+00 9.259176e-01 -2.348240e+00 -8.340635e-01 8.392758e+00 4.111264e+00 5.949550e+00 1.250668e-01 -5.955350e-01 1.110110e+01 3.547838e+00 2.695062e+00 1.360232e-02 -2.445879e-01 1.606020e-01 1.532507e-01 -6.192327e-01 -1.676488e-02 9.173589e-01 -5.871750e-01 -1.562822e+00 -5.929623e-01 -1.567334e+00 -1.239193e+00 2.123991e-01 4.537404e-03 
-8.342836e+00 2.945025e+00 -1.469475e+00 -3.204150e+00 3.075688e+00 3.743432e-01 3.611890e+00 -4.653955e+00 -2.667663e+00 3.914070e+00 -1.729913e+00 2.574458e+00 2.167147e-02 -7.306280e-02 6.684023e-01 9.034746e-01 -3.342354e-01 -1.463318e-01 9.642069e-01 7.192392e-01 -1.289674e-01 1.788616e-01 -9.551121e-01 -4.857128e-01 -6.680226e-03 -2.191406e-03 
-5.579689e+00 5.147718e+00 1.157851e+00 2.812147e+00 9.856205e+00 2.152737e+00 2.078714e+00 -2.808275e+00 -3.735478e+00 3.533041e+00 1.268022e+00 4.235840e+00 3.289890e-02 3.986429e-01 1.032277e+00 1.133654e+00 1.122440e+00 -3.474212e-01 -4.866989e-01 1.575689e-01 7.831519e-01 -3.926923e-01 -4.593562e-01 4.989995e-01 6.827086e-01 8.358956e-05 
-6.956983e+00 4.298826e+00 3.396616e-01 -1.580703e-01 7.291384e+00 4.947821e+00 1.159596e+01 1.392020e+00 -8.776984e-01 8.386582e+00 2.082247e+00 2.235906e+00 6.335080e-03 1.936052e-01 3.379800e-01 1.486473e+00 1.412127e+00 -3.185482e-01 -1.449413e+00 5.693009e-02 1.137371e+00 1.453714e+00 1.141135e+00 6.574923e-01 2.680718e-01 -5.224132e-03 
-6.979482e+00 5.410401e+00 2.415462e+00 3.255095e+00 4.547805e+00 -6.089687e-01 2.745359e+00 1.017839e+00 -3.453979e+00 6.568067e+00 4.136755e+00 6.277881e+00 2.168846e-02 -3.463568e-01 8.719487e-02 1.271213e+00 6.059077e-01 -1.382774e+00 -9.185393e-01 1.075026e+00 1.908311e+00 2.430734e+00 6.097430e-01 -1.034005e+00 1.173017e-01 -2.293110e-03 
-6.674913e+00 4.503583e+00 5.334087e+00 3.635014e+00 4.137147e+00 -5.491869e+00 3.563217e+00 -8.801586e-01 4.460155e+00 8.102234e+00 1.231816e-01 2.893796e+00 1.156032e-03 -4.215766e-01 3.735284e-01 1.854645e+00 1.384768e+00 -3.175812e-01 -7.908034e-01 1.742094e-01 1.504695e+00 1.485239e+00 -9.014887e-01 -2.129100e+00 -7.302669e-01 1.725513e-03 
-7.452507e+00 5.481314e+00 5.016706e+00 3.945144e+00 4.519453e+00 2.779885e+00 1.147021e+01 7.869369e+00 5.749266e+00 6.723931e+00 -2.922472e+00 4.493403e+00 2.402288e-02 -8.864298e-01 1.263347e-01 1.599352e+00 1.676068e+00 1.206328e+00 6.339083e-01 7.398266e-01 1.462762e+00 1.344005e+00 -4.150461e-01 -1.500193e+00 -1.707288e+00 7.707119e-04 
-8.828354e+00 6.131012e+00 8.312263e+00 6.420747e+00 5.717654e+00 -7.006238e-01 8.104581e+00 5.489729e+00 1.946872e+00 3.801207e+00 -5.033638e+00 -5.231898e-01 1.379544e-02 -1.020240e+00 1.196601e-01 1.108453e+00 1.951254e+00 1.657383e+00 8.698704e-01 -6.075217e-01 9.331063e-01 -1.101508e-01 -2.998349e-01 3.187084e-02 -1.193119e+00 3.133202e-03 
-1.033491e+01 5.228361e+00 8.923136e+00 1.024257e+01 9.789191e+00 1.649504e-01 4.173810e+00 5.146705e+00 4.522690e+00 6.643350e+00 -7.858002e-01 -5.500638e-01 1.922232e-02 -7.271364e-01 -1.408557e-01 8.423735e-01 1.641668e+00 1.461102e+00 -4.364295e-01 -1.852358e+00 -5.788352e-01 1.226654e-02 2.680982e-01 8.521181e-01 -1.011381e+00 -4.174233e-04 
