-1.246033e-01 2.787702e+00 2.440874e+00 -1.530414e+00 1.306575e+00 -1.184934e+00 6.972841e-01 -2.477933e+00 -8.473819e-02 3.329815e+00 6.758847e-01 1.354769e+00 -4.724109e-02 7.730255e-02 2.175282e-01 -1.604396e-02 4.450369e-01 4.759973e-01 1.879926e+00 1.127608e+00 9.460362e-01 -5.763074e-01 3.977126e-01 6.141172e-01 4.878602e-02 3.151155e-03 
4.119759e-01 4.079190e+00 2.429605e+00 4.893966e-01 3.621238e+00 6.212505e+00 4.158313e+00 5.238909e-01 -4.751311e+00 3.373957e+00 1.813858e+00 -1.667517e+00 -4.282820e-02 2.901077e-04 2.486874e-01 -3.689624e-01 5.140498e-01 7.635927e-02 1.695661e+00 1.576336e+00 1.320578e+00 -2.162495e-01 -4.563401e-01 7.445197e-01 -2.054626e-01 8.117437e-03 
-6.380081e-03 3.229599e+00 2.366289e+00 -3.151340e-01 2.529230e+00 4.515976e+00 4.604812e+00 7.513355e-01 -6.329888e-01 5.296307e+00 3.177484e+00 3.109842e+00 -3.369176e-02 -1.230551e-01 1.866392e-01 -1.689248e-01 4.182195e-01 -5.446402e-01 5.328029e-01 -7.168458e-02 9.660244e-01 1.204701e+00 -1.160574e-01 1.756623e-01 -8.237602e-01 8.663034e-03 
-1.822643e-01 3.810191e+00 6.333543e-01 4.321957e-01 1.077044e+00 4.442914e+00 6.625200e+00 2.510324e+00 -8.918604e-01 6.486869e-02 3.147684e+00 -5.500813e-01 -1.342857e-02 -1.204979e-01 5.782972e-02 5.735420e-02 3.139990e-01 4.521132e-01 -7.565001e-01 -1.266718e+00 6.902186e-01 2.781573e+00 -5.156913e-02 -2.926818e-01 -6.644621e-01 2.372682e-03 
-4.427586e-01 3.855398e+00 2.494375e+00 5.892843e-01 -1.445289e-01 2.363876e+00 -8.945820e-01 1.358972e+00 4.009043e+00 4.404072e+00 8.872833e-01 -3.322750e+00 -1.862574e-02 -1.484434e-01 -6.539123e-02 2.811224e-01 -8.307210e-02 5.120768e-01 3.500699e-01 -7.129874e-01 -3.270307e-01 1.016489e+00 4.899692e-01 -1.995324e-01 -1.014497e+00 -8.304834e-04 
2.767563e-02 4.055439e+00 2.652333e+00 1.607182e+00 7.218684e+00 3.506055e+00 5.744181e-01 3.671166e+00 6.835535e+00 3.562229e+00 1.495550e+00 -1.773532e+00 -3.849781e-02 -3.630219e-02 1.376947e-01 4.706319e-01 -6.107977e-01 4.799501e-01 7.179648e-01 2.673323e-01 -3.283877e-01 -1.095176e-01 4.000048e-01 -2.553330e-01 5.562445e-01 -5.374384e-03 
-8.535671e-01 2.780018e+00 2.762412e+00 -1.317988e+00 2.018795e+00 6.734755e+00 4.065266e+00 -1.464239e+00 5.857583e-01 5.997472e+00 3.005889e+00 -1.350916e+00 -2.530956e-02 1.092854e-01 -2.297074e-01 -3.984437e-01 -7.018551e-01 4.137304e-01 1.219328e-01 8.089556e-01 -1.383263e+00 -2.051421e+00 -1.193350e+00 -5.160598e-01 6.596144e-01 -4.734301e-03 
-1.583710e-01 5.036354e+00 2.852495e+00 -1.668157e+00 2.395133e+00 5.847299e+00 5.481937e+00 2.279991e+00 2.721944e-01 1.268193e+00 8.117156e-01 1.245224e+00 -3.695858e-02 2.407721e-01 -3.136697e-01 -5.951761e-01 -2.831582e-01 -4.444600e-01 -4.198636e-01 -2.173370e-01 -1.372216e+00 -1.424224e+00 -1.081509e+00 -1.099837e-01 3.594616e-01 -4.386389e-03 
1.966915e-01 2.216404e+00 4.020749e-01 -1.282322e+00 4.335898e+00 1.802919e+00 6.964360e-01 -4.861754e+00 -2.966391e+00 -4.156605e-01 -1.351099e+00 -1.534056e+00 -4.306686e-02 3.462186e-01 -1.824910e-01 -3.225874e-01 6.516906e-01 -4.117772e-01 -1.538902e+00 -5.571896e-01 -6.419766e-02 3.072560e-01 -8.114149e-01 1.270953e-01 6.438910e-01 -4.966962e-03 
7.064066e-01 2.768898e+00 8.566202e-01 1.735582e-01 3.837831e+00 3.872655e+00 1.172148e+00 -1.491158e+00 1.490489e+00 1.361249e+00 3.124125e+00 1.153462e-01 -5.155110e-02 2.646334e-01 -1.156465e-01 2.493567e-02 1.013322e+00 -2.622927e-01 -5.721523e-01 -1.673249e-01 1.927874e-01 8.102074e-02 3.369560e-01 1.028760e+00 8.759118e-01 -3.492224e-03 
4.451370e-01 3.001291e+00 2.147412e+00 1.019608e+00 -7.614408e-01 2.756834e-02 3.434213e+00 1.003478e-01 1.512891e+00 1.893870e+00 2.485161e+00 2.433478e+00 -4.284811e-02 2.527848e-01 4.715404e-01 2.327915e-01 1.313963e+00 3.865247e-01 1.481528e+00 1.017151e+00 1.255398e+00 6.287516e-01 6.732844e-01 9.236858e-01 6.267650e-01 6.583082e-03 
1.040573e+00 4.065678e+00 2.104505e+00 2.247487e+00 3.632339e+00 3.874213e+00 3.276425e+00 7.628766e-01 -1.562343e+00 1.798207e+00 4.037386e+00 3.641016e+00 -5.452907e-02 2.159028e-01 4.771562e-01 5.730821e-01 9.936435e-01 8.457342e-01 1.060828e+00 9.159768e-02 -2.319405e-01 1.432070e+00 8.745500e-01 1.342068e-01 -1.435359e-01 5.120111e-03 
1.293532e+00 3.925716e+00 9.420900e-01 4.250528e+00 6.371268e+00 9.209777e+00 4.730053e+00 2.882169e-01 1.703783e+00 2.732282e+00 2.810700e+00 -1.630657e-01 -8.662462e-03 2.780815e-01 1.685749e-01 -1.076210e-01 4.634001e-01 1.214543e+00 1.272330e+00 -2.030702e-01 -2.169291e-01 1.364434e+00 7.408701e-01 4.642791e-01 -4.553985e-01 7.056749e-03 
1.361723e+00 4.692467e+00 4.324692e+00 3.526315e+00 4.500148e+00 4.585691e+00 9.822159e-01 -2.744795e+00 8.555393e+00 5.314792e+00 3.632390e+00 6.959383e-01 -4.304338e-02 -1.042728e-02 -3.002782e-01 -3.998726e-01 -9.739863e-01 -3.932649e-01 -2.120075e-01 -3.382843e-01 -3.663387e-01 4.751162e-01 1.042273e+00 3.271481e-01 -5.991012e-01 1.414740e-03 
1.674970e+00 3.530771e+00 4.992138e-01 2.697194e+00 4.877369e+00 6.033479e+00 3.565966e+00 7.695380e-01 3.276193e+00 3.839928e+00 5.009055e+00 1.629025e+00 -1.330721e-02 -3.630768e-01 -5.097018e-01 1.035082e-01 -6.110634e-01 -1.597376e+00 -1.690438e+00 -5.974755e-01 -3.155850e-01 -1.189255e+00 5.024831e-01 4.585085e-01 5.120310e-01 -7.251299e-03 
7.977180e-01 2.761760e+00 3.265800e-01 -1.845778e+00 2.412964e+00 4.402324e+00 2.167047e+00 -1.309477e+00 2.703255e-02 6.455749e+00 4.573949e+00 -2.505348e-01 -4.513299e-02 -7.337682e-01 -6.024755e-01 -1.330012e-01 -5.874658e-01 -7.520659e-01 -8.480313e-01 -2.789362e-01 3.063982e-01 -2.155934e+00 -7.107487e-01 -5.600277e-01 7.962199e-02 3.836632e-04 
-2.398491e-01 2.342561e+00 3.458687e+00 3.881258e+00 -5.720205e-01 8.492711e-01 1.150260e+00 -2.007367e+00 2.168733e-02 4.674220e+00 4.632463e+00 2.870326e+00 -4.387414e-02 -4.238722e-01 -9.119177e-01 -4.096198e-01 -9.155846e-01 -5.303170e-01 -5.479344e-01 -5.465809e-01 -1.096263e+00 -1.805386e+00 -4.930384e-01 -1.216435e-02 -2.566385e-01 8.114815e-04 
-1.349709e+00 2.274194e+00 2.179949e+00 -3.045559e-03 3.464514e+00 2.937639e+00 7.953876e-01 1.756483e-01 -5.970249e-01 1.343903e+00 1.020547e+00 4.733977e-01 -2.584159e-02 1.810865e-01 -8.520006e-01 -8.109378e-01 -9.230746e-01 4.595740e-01 -9.470174e-02 -6.868662e-02 -8.387772e-01 -2.143789e+00 -4.017599e-01 3.754525e-01 -6.877292e-01 7.738399e-03 
6.293221e-01 -7.850348e-01 -2.475570e+00 -2.802095e+00 1.700009e+00 4.026150e+00 1.518891e+00 -5.454341e+00 -5.438707e+00 3.930659e+00 6.724934e+00 -1.613402e-02 -1.889551e-02 6.459171e-01 -1.132319e+00 -1.744691e+00 -2.141064e+00 -5.288921e-02 -4.147700e-01 -1.931545e-01 -1.808368e-01 -5.218500e-01 1.036158e-01 -1.232148e+00 -1.105324e+00 5.606055e-03 
1.268565e+00 6.555414e-02 -7.609805e-01 -3.119474e+00 3.574819e+00 2.340376e+00 1.639298e+00 -3.779876e+00 -7.961714e+00 4.818729e+00 5.404976e+00 -2.245951e+00 -1.893032e-02 1.652289e+00 -2.553271e+00 -2.627800e+00 -1.418200e+00 -2.441668e+00 -1.144091e+00 -8.737990e-01 -1.217597e+00 8.210899e-01 7.542347e-01 -1.484729e+00 5.453162e-01 4.560540e-02 
1.680599e+00 -2.214713e+00 -3.794303e+00 -5.265847e+00 -8.916192e-01 -9.259477e-01 -2.374673e-01 -9.337888e-01 1.094782e+00 3.454885e+00 -3.720493e+00 -1.296618e+00 -1.929951e-02 1.573780e+00 -1.333442e+00 -1.475371e+00 2.988806e-01 -9.851099e-01 -3.451346e-01 -4.295487e-01 -1.123537e+00 2.066307e+00 1.327051e+00 -1.085659e+00 1.832161e+00 3.454652e-02 
6.386098e+00 -9.777322e+00 -1.029969e+01 -5.862169e+00 -7.448011e+00 -3.067675e-01 -2.695428e+00 -8.172611e+00 2.416801e-01 5.352963e+00 -1.180385e+00 3.840221e+00 2.023874e-01 1.443694e+00 1.200089e+00 8.066245e-01 1.942896e+00 5.488019e-02 -9.085153e-01 -1.323356e+00 9.942947e-02 2.620199e+00 -1.093020e-01 -6.082079e-01 1.596638e+00 7.459992e-03 
5.939455e+00 -2.530810e+00 -5.083072e+00 6.365550e-02 2.285874e+00 3.624048e+00 1.538511e+00 -8.875661e+00 7.911320e-01 1.029879e+01 4.589321e+00 6.101584e+00 4.317826e-02 -2.742410e-01 2.724445e+00 3.031672e+00 2.138520e+00 2.014343e+00 -3.334601e-01 -4.858446e-03 1.426803e+00 -1.294709e+00 -1.165896e+00 1.603347e+00 -2.915232e-01 -1.915914e-02 
6.357605e+00 6.224048e+00 3.916526e+00 3.930254e+00 2.260473e+00 -4.477199e+00 -5.865471e+00 6.882075e-01 5.291105e+00 8.502647e-01 -1.790971e+00 2.038141e+00 -1.286924e-02 -1.730803e+00 3.389373e+00 2.935544e+00 1.428206e+00 2.585982e+00 5.779679e-01 1.182755e+00 3.625453e+00 -3.881720e-01 -1.500178e+00 -1.955399e-01 -1.910373e+00 -3.766194e-02 
3.236408e-01 3.406827e+00 4.255950e+00 5.305434e-01 4.325852e+00 -5.080323e-01 1.323262e+00 1.769815e+00 -7.903478e+00 -1.232461e-01 4.601534e+00 -1.853194e+00 -7.466912e-03 -1.713388e+00 1.164598e+00 7.939790e-01 -3.863076e-01 2.225118e-01 1.754847e+00 1.151862e+00 2.342493e+00 -3.790062e-01 -1.529315e+00 -1.518685e+00 -2.461726e+00 -8.543789e-04 
5.399876e-01 4.200726e+00 -2.914797e-01 1.045417e+00 4.461907e+00 4.649113e+00 3.325973e+00 4.631918e+00 2.648125e+00 3.063093e+00 -2.164191e+00 -1.734254e+00 3.940028e-02 -1.304523e+00 -6.399493e-01 -6.540062e-01 -6.523732e-01 8.838632e-02 3.240429e+00 1.801062e+00 -7.582781e-02 -2.212592e-01 4.163756e-01 -2.270979e-01 -4.893271e-01 -2.401006e-03 
2.813225e-01 4.303840e+00 9.908255e-01 -4.254636e-01 2.297716e+00 7.835128e+00 2.702097e+00 8.649498e-01 2.175906e-01 1.545803e+00 -2.817496e+00 -4.320851e+00 1.277161e-02 4.279543e-01 2.514794e-01 -5.842819e-01 -1.720614e-02 1.454400e-01 1.921590e+00 -6.329800e-01 -8.874938e-01 7.825196e-01 5.916175e-01 -6.983433e-02 1.738115e+00 -6.091028e-03 
-1.438503e-01 2.575795e+00 2.279058e+00 1.146392e+00 3.716473e+00 7.553365e+00 2.450422e+00 7.615012e-01 1.242744e-01 2.097618e+00 7.830548e-01 8.253334e-01 -3.499353e-02 1.740680e+00 1.410213e-01 -8.787668e-01 -9.098002e-01 -1.405620e+00 -2.487034e+00 -2.250796e-01 -4.841727e-01 -1.152658e+00 -1.210935e+00 1.534008e+00 1.882179e+00 4.334580e-02 
2.805331e+00 5.476689e+00 4.927146e-02 3.940251e-01 5.425769e+00 7.647795e+00 -1.403862e+00 -7.324455e-01 -2.728955e+00 3.317579e+00 2.778740e+00 5.557588e+00 -7.251501e-04 1.127844e+00 -3.584839e-01 -6.525943e-01 -7.433864e-01 -2.033100e+00 -4.796620e+00 -1.386199e-01 1.539865e+00 -7.378205e-01 -1.192099e+00 1.877432e+00 2.212076e+00 1.070993e-01 
7.981382e+00 4.319407e+00 -4.214537e+00 -3.913328e+00 -4.130221e+00 -7.692391e+00 4.253554e+00 3.009752e+00 -1.641889e+00 -3.877471e+00 2.707729e+00 2.737421e+00 2.628776e-01 -1.293185e+00 -1.039572e+00 -5.450859e-01 -1.721954e+00 -2.775625e+00 -4.119786e+00 -7.252794e-01 -8.524380e-02 -1.017925e+00 -6.249595e-02 4.393871e-01 1.253344e+00 1.518366e-01 
1.857924e+00 1.639615e+00 9.746509e-01 -1.612536e+00 -3.944437e+00 -8.525095e+00 1.107432e+00 7.440151e+00 -2.588430e+00 -1.427146e+00 5.607329e+00 5.783484e+00 3.993326e-01 -3.956755e+00 -1.245632e+00 -3.156350e-01 -1.663764e+00 -1.817370e+00 -2.107541e+00 -6.442101e-01 -1.290530e+00 3.725723e-01 1.875513e+00 -4.338631e-01 6.622930e-02 1.497788e-01 
-6.136072e+00 -7.035270e-01 -9.090616e-01 -6.460097e+00 -5.476550e+00 -4.959122e+00 -2.431622e+00 -3.751016e+00 -5.035612e+00 4.157501e+00 1.565696e+00 6.979104e+00 5.241604e-01 -5.194309e+00 -6.970688e-01 -2.636922e-01 -3.646965e-02 1.408468e+00 2.192644e+00 -4.514129e-01 -8.728877e-01 5.967411e-01 2.168297e+00 -1.525795e+00 -1.415864e+00 1.049819e-01 
-9.919716e+00 1.759998e+00 -3.181641e+00 -6.651412e+00 -2.987916e+00 -4.256542e+00 -1.282325e+00 -3.804713e+00 8.307678e-01 8.677659e+00 1.180441e+00 3.767893e+00 6.175276e-01 -3.335789e+00 3.579089e-01 -1.244020e+00 -9.240122e-02 1.406462e+00 2.287486e+00 6.945371e-01 -1.290005e+00 -2.761082e-01 1.390989e-01 -1.890379e+00 -1.488449e+00 7.803468e-02 
-1.210134e+01 7.738711e-01 -3.454852e+00 -1.576239e+00 2.433858e+00 1.136554e+00 3.191368e+00 4.267745e+00 -3.677822e-01 1.911610e+00 -2.707801e+00 -3.334104e+00 6.786896e-01 -1.460285e+00 5.742595e-01 -1.278973e+00 2.317597e-01 7.950741e-01 2.183666e+00 1.378361e+00 5.045153e-01 4.577219e-01 -2.192188e+00 -3.170326e-01 -9.241531e-01 4.792453e-02 
-1.183839e+01 2.690460e+00 -3.972555e+00 -4.516471e+00 -8.673306e-01 -1.355019e-01 1.768622e+00 -3.019253e+00 -6.302886e+00 3.912939e-01 -1.707819e+00 3.497841e+00 7.122414e-01 -4.114422e-01 9.130170e-02 -6.209670e-01 7.885632e-01 1.274124e-01 1.883613e+00 7.585783e-01 -1.445133e-01 -3.185053e-01 -2.128600e+00 3.180283e-01 7.104690e-01 3.021610e-02 
-1.247816e+01 1.702539e+00 -6.908471e+00 -6.368769e+00 -2.561472e+00 3.898685e+00 2.934709e+00 -1.621169e+00 8.198243e-01 -2.660254e+00 1.424663e+00 2.493364e+00 7.164261e-01 6.259022e-02 7.570238e-02 -8.390210e-01 5.097982e-01 -6.240603e-01 7.224621e-01 -6.099359e-01 -1.149387e+00 4.303974e-01 -7.539477e-01 3.471175e-01 1.837573e+00 2.468672e-02 
-1.178852e+01 1.752173e+00 -4.559667e+00 -3.123307e-01 1.468105e-01 3.780457e+00 2.638896e+00 -1.582822e+00 -1.355562e+00 3.205909e-01 7.043505e-01 4.406504e+00 7.497398e-01 6.288338e-03 -3.380234e-01 -8.374281e-01 1.033409e+00 -9.775753e-02 -7.835305e-02 -6.244844e-01 2.750000e-02 1.113536e+00 8.139621e-01 4.245854e-01 2.353211e-01 2.732961e-02 
-1.181333e+01 1.621527e+00 -7.356401e+00 -1.129318e+00 -1.193514e+00 2.790884e+00 -2.934482e-01 -2.197405e+00 -6.894570e-01 -1.822777e+00 -2.178299e+00 5.399431e+00 7.833740e-01 2.182455e-01 -4.281302e-01 -7.753618e-01 9.020511e-01 -1.367159e-01 -1.261357e+00 -1.181681e+00 -8.928946e-01 -1.720656e-02 7.119659e-01 -2.582266e-01 -4.123898e-01 2.841584e-02 
-1.213936e+01 1.040849e+00 -7.935730e+00 -1.969150e+00 -2.040097e+00 2.663326e-02 2.602787e-01 -2.593636e+00 1.943582e-02 4.042366e+00 2.216589e+00 3.221413e+00 8.154155e-01 3.632641e-02 -4.685993e-01 -4.224229e-01 1.343275e-01 -3.971090e-01 -3.747073e-01 -8.519214e-01 9.647103e-02 8.311710e-01 -1.132662e-01 2.616257e-01 -1.299445e+00 2.590532e-02 
-1.121151e+01 -8.245015e-02 -9.097248e+00 -1.030104e+00 -2.151597e+00 -5.311899e-01 -1.784389e+00 -5.580235e+00 4.629248e-02 -9.613113e-01 -6.225898e-01 1.023960e+00 8.256675e-01 -1.579289e-01 -8.102304e-01 4.300781e-01 5.122138e-01 -5.519032e-01 2.458640e-01 -4.136738e-01 4.691376e-01 6.039304e-01 5.219903e-01 2.548347e-01 -1.529256e+00 2.348258e-02 
-1.190779e+01 2.611645e-01 -5.801358e+00 3.097000e-01 -1.359693e+00 3.567958e+00 -8.752406e-01 5.909480e-01 2.432418e+00 -6.764728e-01 1.234624e+00 9.701562e-02 8.581197e-01 -3.832569e-02 -6.583004e-01 9.479626e-01 -6.001786e-01 -3.014929e-01 1.628701e+00 1.636486e-02 1.389994e+00 1.012264e+00 3.126226e-02 -1.085997e-03 -1.506774e+00 1.035199e-02 
-1.271876e+01 -2.039783e+00 -6.273197e+00 2.923265e-01 -4.293232e+00 2.249542e+00 -1.794057e+00 -1.444009e+00 1.123703e+00 3.146594e+00 -4.131424e-01 -6.846502e-01 8.794348e-01 7.361727e-01 -1.017743e+00 2.383118e-01 -2.547112e+00 -9.178850e-01 1.608974e+00 1.667950e+00 1.228602e+00 2.039927e-01 7.219474e-02 -4.174221e-01 -8.371639e-01 -1.059937e-02 
-1.157737e+01 -1.271986e+00 -4.607943e+00 -5.631258e+00 -2.476744e+00 6.779772e+00 3.469374e-01 2.288219e+00 4.542051e+00 2.144725e+00 2.106436e+00 -3.458151e+00 8.402918e-01 3.852840e+00 9.357197e-01 1.401926e+00 -1.551307e+00 -6.226801e-01 -1.744602e+00 -8.712292e-02 -1.095372e+00 -1.624130e+00 -1.561210e+00 -1.681092e+00 -1.513494e+00 -4.764064e-02 
-7.695860e+00 -4.404589e+00 -8.502397e+00 -1.079519e+01 -6.182497e+00 5.907772e+00 5.944273e+00 -2.858590e-01 1.143956e-02 -2.010936e+00 -3.145606e+00 -1.384276e+00 7.815846e-01 7.184196e+00 3.661619e-01 2.787759e+00 1.324868e+00 -1.396274e+00 -3.882815e+00 -3.025425e+00 -1.535499e+00 -1.685009e+00 -2.758011e+00 -1.215408e+00 -1.646085e+00 -3.267730e-02 
4.844960e+00 6.122166e+00 2.322871e+00 -1.903079e+00 -3.528461e+00 -6.984169e+00 -5.180021e+00 -5.464987e+00 -5.132097e+00 -5.903756e+00 -5.804603e+00 -7.120644e+00 6.688415e-01 7.464386e+00 -1.566573e+00 3.473610e+00 3.202288e+00 -3.164394e+00 -4.541889e+00 -5.296843e+00 -1.205730e+00 -1.142461e+00 -2.564876e+00 -2.864911e-01 -1.420112e+00 1.752067e-02 
1.499106e+01 -3.906049e+00 4.200192e+00 5.052577e+00 -1.074875e+01 -1.028256e+01 -1.415771e+01 -5.244899e+00 -2.464269e+00 -6.619220e+00 -2.534661e+00 -7.083827e+00 8.017734e-01 5.232905e+00 -2.648916e+00 3.349463e+00 3.159067e+00 -3.514743e+00 -2.762212e+00 -5.617537e+00 5.427623e-01 5.832180e-01 -1.570072e+00 1.535399e+00 -1.535629e+00 5.706215e-02 
1.440110e+01 -9.354123e+00 6.408815e+00 2.456298e+00 -1.601559e+01 -7.834507e+00 -1.608629e+01 -1.260912e+00 6.759930e-02 -8.375513e+00 3.685079e-01 -7.708937e+00 9.178007e-01 1.704505e+00 -4.007799e+00 8.783692e-01 9.399822e-01 -3.771318e+00 2.266966e-01 -2.270756e+00 1.834641e+00 1.941696e+00 -1.117146e+00 2.493249e+00 -5.255747e-01 7.503401e-02 
1.369060e+01 -9.911023e+00 6.201948e+00 2.820462e+00 -1.751265e+01 -7.478119e+00 -1.669028e+01 3.259155e-01 3.276811e-01 -8.625420e+00 1.444833e+00 -8.768271e+00 9.424157e-01 -2.904475e-01 -1.735629e+00 5.212666e-01 -5.532997e-01 -1.828716e+00 4.807264e-01 4.544651e-01 1.599069e+00 1.092237e+00 -7.553872e-01 1.961871e+00 -4.117358e-01 4.383109e-02 
1.401771e+01 -1.091434e+01 5.713840e+00 3.912889e+00 -1.900310e+01 -7.252906e+00 -1.526751e+01 9.228092e-01 3.180406e+00 -1.048639e+01 4.671894e+00 -8.906295e+00 9.736904e-01 -9.056942e-02 -8.181725e-01 5.831202e-01 -6.635659e-01 -7.577191e-02 -4.294179e-01 1.470642e+00 1.195537e+00 -6.775749e-02 -3.046411e-01 1.512025e+00 7.714162e-02 2.149668e-02 
1.373051e+01 -1.180409e+01 7.154013e+00 1.557783e+00 -1.839857e+01 -8.169729e+00 -1.229477e+01 1.658585e+00 1.440510e+00 -9.340720e+00 5.123000e+00 -8.543827e+00 9.929840e-01 7.304702e-02 -6.351857e-01 7.898362e-01 -4.785845e-01 5.163506e-01 -7.247339e-01 1.385354e+00 1.371440e+00 -1.308763e+00 -2.421483e-01 1.367887e+00 1.427796e-01 1.130618e-02 
1.392830e+01 -1.249845e+01 8.848383e+00 -2.301917e-01 -1.595149e+01 -9.635792e+00 -1.093084e+01 4.050436e+00 -8.276027e-01 -9.541068e+00 6.089550e+00 -7.435452e+00 1.000000e+00 1.504007e-01 5.973436e-01 6.242936e-01 5.445802e-02 1.365844e+00 -1.369009e+00 1.061933e+00 1.347528e+00 -2.680105e+00 1.400117e-01 5.582112e-01 2.247038e-01 -1.817017e-02 
1.410054e+01 -1.229490e+01 8.583857e+00 2.499080e+00 -1.645670e+01 -9.910347e+00 -1.193185e+01 5.619303e+00 -4.212130e+00 -1.030882e+01 7.575439e+00 -8.789795e+00 9.857918e-01 4.160271e-01 2.402753e+00 2.212087e-01 6.537887e-01 1.663102e+00 -5.506045e-01 1.179385e+00 3.925195e-01 -3.439413e+00 1.168915e+00 -7.595215e-01 5.900047e-01 -7.063599e-02 
1.458470e+01 -7.682220e+00 8.120385e+00 3.714531e+00 -1.314481e+01 -1.322764e+01 -1.013931e+01 5.680090e+00 -7.393800e+00 -9.302277e+00 6.236730e+00 -7.659791e+00 8.864356e-01 -3.343031e-01 2.988700e+00 -6.411323e-01 2.551785e+00 3.337003e+00 1.573124e-01 2.329381e+00 7.209516e-02 -2.314789e+00 2.328361e+00 -2.885060e+00 2.138783e+00 -1.253467e-01 
1.548244e+01 -2.198441e+00 8.624055e+00 2.854365e+00 -1.148640e+01 -9.126825e+00 -6.793609e+00 2.806356e+00 -1.247345e+01 -3.615543e+00 1.251802e+00 -5.481633e+00 6.965863e-01 -1.375946e+00 1.224022e+00 -1.982711e+00 2.464636e+00 3.633434e+00 -2.442973e-01 2.794267e+00 1.372007e-01 -1.357934e-01 2.558354e+00 -3.575138e+00 3.793684e+00 -1.382734e-01 
1.156583e+01 -2.603180e+00 5.622622e+00 1.235109e+01 -1.751629e+00 -9.240990e+00 -1.853052e+00 5.817386e+00 -8.270885e+00 -1.245901e+00 -5.173934e+00 1.604383e+00 5.178692e-01 -2.394307e+00 2.125945e+00 -1.744470e+00 9.468649e-01 3.862801e+00 9.401661e-01 1.458524e+00 -5.811841e-01 1.764169e+00 1.788864e+00 -1.085412e+00 3.103735e+00 -2.009777e-01 
8.730251e+00 -8.714305e+00 -8.081651e-02 1.050398e+01 -3.986129e+00 -1.312516e+01 -2.103639e+00 6.236659e+00 -4.452554e+00 -1.545238e+00 -4.594917e+00 5.546538e+00 4.787078e-01 -3.075806e+00 2.637578e+00 -1.599397e+00 -9.266428e-01 3.185230e+00 2.889546e+00 1.390771e+00 -8.879547e-02 2.800136e+00 6.855238e-01 5.783491e-01 4.851272e-01 -1.913103e-01 
5.989265e+00 6.205439e+00 3.750473e+00 4.624048e+00 2.419055e+00 -6.527646e+00 -5.191669e+00 1.059018e+00 -2.583407e+00 -1.393108e+00 3.733031e+00 2.344797e+00 -9.513497e-03 -2.793563e+00 2.971511e+00 -9.606514e-01 -3.679578e+00 1.568009e+00 4.137662e+00 1.349630e+00 -1.790260e+00 1.293993e+00 6.650780e-02 1.331356e+00 -1.633028e+00 -1.555137e-01 
2.891695e+00 6.585140e+00 1.563146e+00 2.084672e+00 2.354408e+00 3.964233e+00 1.829556e+00 4.741562e+00 -1.316512e+00 -1.143212e-01 -3.099351e-01 -3.426204e+00 3.726304e-03 -2.240973e+00 2.547439e+00 -7.701173e-02 -2.673099e+00 1.256513e+00 3.916445e+00 1.290301e+00 -1.893757e+00 1.095922e+00 1.321226e+00 7.964637e-01 -1.045678e+00 -1.022742e-01 
5.172901e-01 4.604654e+00 -2.616405e-03 -1.837148e+00 2.918148e+00 2.902628e+00 2.928502e+00 -2.386366e+00 -3.368943e+00 -1.628821e+00 -6.596451e-01 -2.074384e+00 -2.220881e-02 -1.554852e+00 -9.319426e-01 -5.523335e-01 -1.398851e+00 -2.552702e-01 1.850559e+00 1.387055e+00 -7.929498e-01 9.983536e-01 9.586221e-01 -1.612077e-02 6.544017e-01 -8.993143e-03 
2.613716e-01 4.823281e+00 1.410669e+00 3.690852e-01 2.046891e+00 1.741930e+00 2.877810e-01 -1.509433e+00 1.419822e+00 5.178747e+00 1.583739e+00 2.527741e+00 -2.631557e-02 5.708910e-01 -2.490795e+00 -3.180967e+00 7.478158e-01 9.119245e-01 -1.610778e+00 -1.675064e+00 -1.149827e+00 7.016386e-01 6.519722e-01 -4.075981e-01 2.876622e-01 5.181749e-02 
-4.698334e-01 2.426656e+00 1.065043e+00 -1.512415e+00 1.296463e+00 3.836303e+00 2.514491e+00 2.197667e-01 1.040195e+00 7.534684e-01 2.705590e+00 2.639833e+00 -3.945827e-02 1.753698e+00 -3.156811e+00 -5.075787e+00 1.911694e+00 1.266386e+00 -2.682142e+00 -3.041298e+00 -2.775978e-01 4.599621e-01 1.053961e-01 -1.772027e+00 -1.638762e+00 1.624017e-01 
6.239712e+00 -4.779834e+00 -1.487552e+01 5.661385e+00 7.724874e+00 -4.556493e+00 -6.338761e+00 -2.310640e+00 -1.288748e-02 1.954395e+00 -4.030543e+00 -4.345002e+00 2.714385e-01 1.088576e+00 -2.191327e+00 -3.388618e+00 9.646143e-01 9.272560e-01 -2.695391e+00 -1.412774e+00 -7.282904e-01 1.029342e+00 -3.599474e-01 -1.619541e+00 -2.233584e+00 2.019878e-01 
6.296612e+00 -6.377845e+00 -1.723846e+01 5.075172e+00 6.411088e+00 -7.358873e+00 -8.964716e+00 -3.373752e+00 -3.527774e-01 5.103356e-01 -6.712641e+00 -6.831823e+00 6.409227e-01 -1.764793e+00 -1.274345e+00 5.113678e-02 6.164220e-01 -9.163234e-01 -2.767611e+00 8.486704e-01 2.844996e-01 1.944171e+00 -2.029939e-01 -1.346093e+00 -5.403571e-01 2.018996e-01 
2.321031e+00 -1.731101e+00 -6.380669e+00 1.898363e+00 4.125858e+00 -6.137436e+00 -1.036488e+00 -3.354125e+00 7.263016e+00 3.500576e+00 -1.804848e+00 -3.904352e+00 6.434330e-01 -4.392372e+00 -1.931789e-01 3.343174e+00 -1.286822e+00 -2.371329e+00 -5.499514e-01 3.077656e+00 2.093873e+00 2.013070e+00 -1.083810e+00 -3.263561e-01 1.881222e+00 1.187927e-01 
-7.334455e+00 -5.469437e+00 -2.926697e+00 3.451206e+00 -1.485646e+00 -9.211279e+00 4.106707e+00 2.164007e+00 7.123099e+00 -1.034592e+00 -5.137724e+00 -2.822766e-01 7.840422e-01 -4.585253e+00 -4.981634e-01 2.721126e+00 -1.594847e+00 -1.860886e+00 -3.551292e-02 3.596263e+00 3.781132e+00 1.933586e+00 -1.515581e+00 -8.483648e-03 2.546446e+00 4.848476e-02 
-8.906614e+00 -6.199933e+00 -5.315530e+00 3.925741e-02 -1.834030e-01 -6.380047e+00 2.513808e+00 5.389843e+00 6.314522e+00 -2.692189e+00 -6.449782e+00 1.786333e+00 7.938422e-01 -3.099121e+00 -2.889261e-01 7.975639e-01 -1.126904e+00 -5.134139e-01 1.317023e+00 1.040686e+00 1.504134e+00 3.362022e-02 -6.475359e-01 3.802135e-02 1.334941e+00 3.146394e-02 
-1.101583e+01 -6.634246e+00 -4.165398e+00 -1.969512e+00 -7.387094e-01 -7.415132e+00 7.241449e+00 1.115992e+01 9.789402e+00 -3.971188e+00 -4.432592e+00 3.055063e+00 8.081419e-01 -1.018659e+00 1.002604e+00 8.698133e-01 -1.054500e+00 8.625792e-01 2.461304e+00 -8.226706e-01 -1.225774e+00 -1.777539e+00 1.317897e-02 2.654133e-01 1.467278e-01 -6.416237e-03 
-1.133389e+01 -2.593327e+00 -1.773499e+00 -1.025796e+00 1.185320e+00 -4.503970e-01 2.599569e+00 -3.314121e-01 6.097965e+00 1.731195e+00 -1.967307e+00 1.101684e+00 7.887028e-01 -5.885038e-01 1.187211e+00 1.561622e+00 2.569713e-01 4.575147e-01 1.408568e+00 -1.282583e+00 -1.931029e+00 -1.419211e+00 4.446371e-02 8.381718e-01 2.435314e-01 -1.199845e-02 
-1.121412e+01 -2.259722e+00 -3.486465e-01 -1.288766e+00 2.142889e+00 1.304162e-01 -4.952717e-02 -1.104236e+00 -1.656320e+00 -3.180389e+00 -6.051895e+00 7.936871e-01 7.545307e-01 6.569348e-02 8.539349e-01 7.277776e-01 3.864491e-02 -2.653470e-01 9.017895e-01 -1.132030e+00 -1.548795e+00 -9.562527e-01 3.277893e-02 2.442038e-01 4.539172e-01 -1.956245e-02 
-1.174999e+01 -2.451142e+00 5.842041e-01 9.837409e-01 6.633713e-01 -3.109980e+00 -2.536192e-01 1.866778e+00 4.941330e+00 -2.865270e+00 -1.449272e+00 4.134678e+00 7.606555e-01 8.133354e-02 8.184619e-02 4.562977e-01 -4.131948e-01 -3.560742e-01 -2.930253e-02 8.773436e-02 -3.803025e-01 -1.268914e+00 -1.223515e+00 6.752895e-02 1.349274e+00 -1.692302e-02 
-1.047931e+01 -2.435665e+00 -1.705362e+00 -2.781056e+00 -1.804470e+00 -1.576393e+00 3.007892e+00 2.316854e+00 5.586456e+00 -1.509061e+00 -3.470591e+00 3.808151e+00 7.243533e-01 1.438276e-01 -5.269328e-01 -4.649760e-01 -9.094725e-01 -7.075958e-02 1.722222e+00 2.014703e+00 -6.614971e-02 -2.078765e-01 -9.152240e-01 2.494802e-01 1.169585e-01 -1.936937e-02 
-1.129462e+01 -2.096124e+00 1.186347e+00 -2.345626e+00 1.378628e+00 2.564948e-01 1.509532e+00 -3.943470e+00 -3.867990e+00 -5.222043e+00 -2.920315e+00 6.340822e+00 7.191765e-01 1.359003e-01 -4.668180e-01 -9.971519e-02 -1.126867e+00 5.041053e-01 2.898587e+00 1.557695e+00 -6.596085e-01 -1.144253e+00 -2.288670e-01 3.947286e-01 -7.337939e-01 -1.914055e-02 
-1.072266e+01 -5.071895e+00 -2.974598e+00 -4.171445e+00 1.431462e+00 7.058290e+00 9.142413e+00 1.470139e+00 1.708957e+00 -6.578123e+00 -4.068972e+00 2.754076e-01 6.784234e-01 2.504560e-01 -9.401810e-01 6.341463e-03 -5.797768e-01 -9.094834e-03 1.333152e+00 5.069361e-01 4.648266e-01 -4.841963e-01 -1.090863e-01 3.891075e-01 -5.320455e-01 -1.412436e-02 
-1.094881e+01 -3.467118e+00 7.202462e-01 -3.955398e+00 1.565932e+00 7.065611e+00 4.467596e+00 -1.007908e+00 1.158814e+00 -1.475074e+00 8.235619e-01 2.232080e+00 6.879177e-01 1.495115e-01 -1.008146e+00 -1.668903e-01 -1.442274e+00 -1.417615e+00 -1.039691e-01 4.311978e-01 1.151986e+00 1.263652e+00 5.081183e-01 3.402364e-01 -7.665616e-01 -7.968152e-03 
-9.399935e+00 -6.451074e+00 -1.440604e+00 -4.875054e+00 -1.943596e+00 1.684811e+00 4.063540e+00 3.173206e+00 6.520727e-01 -3.927977e+00 -3.396991e+00 3.202295e+00 6.693609e-01 2.038839e-01 -3.688068e-01 7.630486e-01 -1.115747e+00 -2.030613e+00 -2.453786e+00 -9.989484e-01 -4.658388e-01 1.248752e+00 1.797435e+00 3.805094e-01 -1.253514e-02 -4.355860e-03 
-1.120843e+01 -6.447266e+00 -4.151009e-01 -9.205190e+00 -4.021918e+00 2.423389e+00 6.204957e+00 9.649266e-01 2.978711e+00 -4.006525e+00 -1.555123e+00 1.044570e+00 6.838670e-01 3.148813e-01 -7.267186e-01 2.671210e-01 -2.054430e-01 -1.759079e+00 -2.599817e+00 3.398908e-01 8.791280e-02 1.535607e+00 5.812742e-01 1.757851e-02 1.335728e+00 -1.368959e-02 
-9.573437e+00 -5.425855e+00 1.408319e+00 -7.125285e+00 -5.927678e+00 -2.889529e+00 3.278990e+00 -1.845473e+00 7.042770e+00 3.674777e+00 -9.770825e-01 8.064868e-01 6.586695e-01 2.281055e-01 -7.679290e-01 4.277242e-01 8.973954e-01 2.778511e-01 -2.706695e-01 8.799480e-01 -2.418095e-01 5.694454e-01 1.124094e+00 3.504714e-01 1.241048e+00 -1.529094e-02 
-9.287655e+00 -7.613320e+00 6.313897e-01 -3.857497e+00 -5.237423e+00 -3.646303e+00 6.559325e+00 1.940996e+00 5.641500e+00 -2.370080e+00 -2.985001e-01 1.010862e+01 6.248155e-01 7.110689e-01 -8.156400e-01 4.663277e-01 2.191622e+00 1.364768e+00 -2.747257e-01 7.773800e-01 8.180724e-01 -1.176939e+00 8.466932e-01 -1.019820e+00 5.148592e-01 -1.908184e-02 
-9.219793e+00 -9.707691e+00 1.747717e-01 -3.061924e+00 5.341244e-02 3.366309e+00 8.286097e+00 1.476124e+00 2.167905e+00 8.742703e-01 -2.272946e+00 4.875506e+00 6.224319e-01 1.075260e+00 -9.034558e-02 6.032760e-01 5.497470e-01 9.089672e-01 7.847929e-03 4.440886e-01 6.550065e-01 -2.569663e+00 -1.473902e+00 -1.993977e+00 -1.152320e+00 -1.742293e-02 
-7.829905e+00 -8.384547e+00 2.533311e+00 -2.787600e-01 -1.886244e-01 -2.078158e+00 7.588304e+00 3.394491e+00 -4.685495e-01 1.627195e+00 -6.006290e+00 1.584357e+00 6.065766e-01 1.771769e+00 8.880522e-01 9.196593e-01 -2.018214e-01 3.880344e-02 -1.598435e+00 -7.593063e-01 -7.137242e-01 -2.630775e+00 -1.279848e+00 -1.141115e+00 -1.869524e+00 -1.956626e-02 
-4.926010e+00 -5.491969e+00 3.473738e+00 -6.165919e+00 -3.907241e+00 -3.634362e+00 4.984943e+00 7.028126e-01 -2.750517e+00 -5.693368e+00 -8.093070e+00 -6.929777e-01 5.806743e-01 1.617970e+00 9.195364e-01 7.905821e-01 9.837262e-02 -1.285730e+00 -4.297033e+00 -1.509787e+00 -1.721412e-01 -1.993008e+00 -1.445431e+00 2.238552e-01 -3.110595e-02 -2.966433e-02 
-2.575701e+00 -5.280920e+00 3.580203e+00 -3.314607e+00 -3.063079e+00 -8.138140e+00 4.413370e+00 -1.240970e+00 -5.053166e+00 -5.485498e+00 -3.094013e+00 3.545245e+00 5.478630e-01 2.127643e+00 7.104086e-01 2.269830e-01 7.217282e-01 -2.526995e-01 -3.205142e+00 -2.386868e+00 -8.869578e-01 -1.317344e+00 -1.893227e+00 6.785737e-01 6.102414e-02 -4.985000e-02 
-3.757044e+00 -6.661822e+00 3.604236e+00 -1.052137e+00 -4.938011e+00 -1.508887e+01 2.324630e+00 2.933148e+00 -5.504827e+00 -2.796540e+00 -2.609808e+00 3.739532e+00 5.034671e-01 2.215076e+00 -3.147615e-01 -1.006790e+00 9.225594e-01 1.635689e+00 -1.582193e+00 -1.357849e+00 5.923858e-01 -8.038292e-02 -6.052938e-01 -2.112776e-01 1.296253e-01 -7.223953e-02 
2.223826e+00 -4.247578e+00 3.602977e+00 7.729903e-01 -9.367371e-01 -1.237662e+01 -3.015880e+00 -2.155466e+00 -5.678113e+00 -9.287355e+00 -5.355053e+00 -3.267777e-01 3.959302e-01 2.502900e+00 -7.572980e-01 -2.061546e+00 2.179101e-01 1.585201e+00 1.812351e+00 -8.928935e-01 5.680565e-01 1.123304e+00 7.539468e-02 -9.014353e-01 -5.416484e-02 -9.380706e-02 
3.749609e+00 -7.582448e+00 -1.571600e+00 -3.596921e+00 3.208030e+00 -9.426090e+00 1.910322e+00 4.121990e+00 -2.839958e+00 -6.818908e+00 -8.018938e+00 1.891160e+00 2.954431e-01 2.625846e+00 5.498181e-02 -2.264345e+00 6.942686e-01 2.565798e+00 4.687963e+00 -6.938809e-01 4.550924e-02 1.478601e+00 1.275094e+00 8.655365e-01 1.541891e+00 -1.010822e-01 
6.185471e+00 -8.607098e+00 -4.139606e+00 -9.526641e-01 7.899053e-01 -1.907773e+00 1.560564e-01 1.004892e+00 -7.690806e-01 -3.097341e+00 -4.896625e+00 4.198606e+00 1.828397e-01 1.309514e+00 5.622772e-01 -1.386331e+00 1.896951e+00 1.868226e+00 3.743163e+00 -5.531682e-01 8.869861e-01 1.111790e+00 1.380778e+00 1.478768e+00 1.281362e+00 -8.752790e-02 
7.391362e+00 -4.207153e+00 -3.846198e+00 3.282033e+00 7.027660e+00 3.116530e+00 -2.730743e+00 1.580515e+00 -5.663379e-01 4.839250e-01 1.488660e+00 9.186293e+00 1.046014e-01 6.990895e-01 2.037620e+00 -4.043670e-01 1.704421e+00 1.239606e+00 2.489789e+00 -7.069812e-01 3.625349e-01 -3.557106e-01 -2.933903e-02 1.505027e+00 2.446162e-01 -6.856619e-02 
6.950519e+00 -3.123839e+00 -2.191379e+00 6.818271e+00 6.494580e+00 6.788397e-02 -3.461188e+00 3.550202e+00 -1.255974e+00 -6.034883e+00 -2.715015e+00 2.432464e+00 5.371147e-02 1.731304e-01 2.848364e+00 2.958756e-01 -1.634267e-01 6.785184e-01 4.273209e-01 -6.615381e-01 -8.967921e-01 4.160887e-01 2.734124e-01 6.112898e-01 -1.424955e+00 -4.476931e-02 
6.862533e+00 -1.359755e-01 -4.567548e+00 1.039719e+00 6.553723e+00 2.035028e+00 1.840386e-01 4.662009e+00 -4.375064e+00 -5.496832e+00 -1.584608e+00 3.997312e+00 1.717621e-02 -5.465355e-01 2.156286e+00 3.645287e-01 -1.665838e+00 -1.203089e+00 -7.776930e-01 -4.535871e-01 -1.488756e+00 1.542376e+00 9.822814e-01 5.440035e-01 -1.998584e+00 -3.146422e-02 
7.315537e+00 3.599136e+00 -2.299553e+00 -6.486400e-01 4.419466e+00 7.695832e-01 -4.609025e+00 -5.019815e+00 3.215726e+00 1.260100e+00 -3.035421e-01 -3.316801e-01 2.705753e-03 -1.154735e+00 1.499940e+00 4.236251e-01 -1.319195e+00 -1.001205e+00 -3.094551e-01 -5.717057e-01 -1.292098e+00 1.636224e+00 2.779506e+00 1.012688e+00 -2.015526e+00 -1.553011e-02 
4.476175e+00 3.212792e+00 -1.969468e+00 -1.313699e+00 2.049770e+00 -1.122784e+00 -4.424760e+00 -1.578255e+00 4.909694e+00 1.747841e+00 3.002942e+00 5.754430e-01 -2.721679e-02 -1.697347e+00 2.646922e-01 1.273064e+00 3.658471e-01 -3.497734e-01 -5.843056e-01 -9.245407e-01 -7.905327e-01 4.686372e-01 7.258283e-01 4.924632e-01 -1.102637e+00 -1.030651e-02 
2.370020e+00 2.701479e+00 -1.372293e+00 1.399004e+00 3.740532e+00 9.951472e-02 -4.015317e+00 2.098426e-01 2.282768e+00 4.240314e+00 5.465174e-02 -5.934229e+00 -1.742601e-03 -1.607062e+00 -5.162182e-02 3.617990e-01 -9.024944e-01 -1.241583e+00 -8.953710e-01 6.992126e-02 -9.240888e-02 -2.335526e+00 -1.306525e+00 -5.100182e-01 2.172404e-01 -8.454633e-03 
8.485565e-01 1.636314e+00 1.334140e+00 1.845132e+00 5.144323e+00 -5.514655e-01 -4.735519e+00 -1.905483e+00 -1.565399e+00 -3.357798e+00 6.986110e-01 1.285402e+00 -3.213215e-02 -3.171832e-01 7.485192e-01 2.179787e-01 -7.426797e-01 7.333755e-02 1.730250e+00 1.681949e+00 -7.490327e-01 -1.388956e+00 5.351954e-02 -3.246342e-01 9.297767e-02 -4.169214e-03 
1.094037e+00 4.129266e+00 -2.142362e+00 -6.740528e+00 -3.335723e+00 -3.992931e+00 -4.104039e+00 -5.318245e+00 -5.224357e+00 -2.719703e+00 -1.701468e+00 3.995423e-01 -3.710973e-02 3.372005e-01 1.143660e+00 2.940819e-01 2.318890e-02 -8.292368e-02 1.248411e+00 2.109545e+00 2.049428e-01 8.023064e-01 -9.406529e-02 -2.132232e-01 7.776374e-01 -1.032090e-03 
3.528251e+00 6.241495e+00 -4.945401e-01 -9.573320e-01 5.954585e+00 9.574690e+00 4.029348e+00 -2.559375e+00 1.718474e+00 5.495447e+00 2.257830e+00 -2.126554e+00 -3.037930e-02 5.202752e-01 1.357603e+00 4.412033e-01 5.694044e-01 -2.945153e-01 1.597904e+00 1.106668e+00 5.393154e-01 1.747755e+00 2.016274e+00 2.224767e-01 -3.273351e-01 1.162258e-02 
2.716175e+00 6.117189e+00 1.012456e+00 2.916180e+00 2.920782e+00 1.278491e+00 2.149973e+00 1.561502e+00 4.652362e+00 -6.566346e-01 -1.791074e+00 -3.400636e-01 -7.779479e-03 2.544230e-01 7.630826e-01 5.312343e-01 1.348552e+00 5.333220e-01 9.278272e-01 5.222893e-03 9.469206e-01 9.257275e-01 9.305664e-01 7.778348e-01 -2.855144e-01 1.901767e-02 
2.638864e+00 7.430368e+00 1.962747e+00 -1.362000e-01 5.434937e-01 4.802343e+00 -2.329184e+00 -2.648780e+00 2.235015e+00 5.692038e+00 1.855798e+00 1.852942e-02 1.131564e-02 4.944353e-02 2.396400e-01 3.132113e-01 8.429203e-02 -8.903562e-01 -6.431101e-01 -8.724692e-01 2.163277e-02 -1.885322e+00 -1.038936e+00 2.736403e-01 -1.222750e-01 1.075876e-02 
2.810845e+00 7.350242e+00 -7.148339e-01 -4.083356e-01 2.036433e+00 3.032379e+00 -8.986588e-01 -5.389398e-01 -8.539892e-01 1.834834e+00 2.388723e+00 -2.100572e+00 3.713113e-02 -6.869297e-02 -4.346565e-01 9.116786e-03 9.409593e-02 -3.137742e-01 1.134220e-01 -1.951492e-01 1.507626e-01 -1.944531e+00 2.242291e-01 1.522380e+00 -6.977170e-01 1.927876e-03 
3.728133e+00 6.823169e+00 1.935161e+00 1.126386e+00 1.944979e+00 5.482195e+00 1.191318e+00 -1.400990e+00 -4.954960e+00 -9.449686e-01 1.536133e+00 -1.857676e+00 9.592175e-04 7.783251e-02 -2.385602e-01 7.044764e-01 1.171410e+00 1.083734e+00 1.297732e-01 8.961879e-01 1.644384e-01 -1.718559e-01 -5.064148e-01 7.590978e-01 -4.792295e-01 -1.215331e-02 
1.828075e+00 4.247507e+00 1.071833e+00 2.755367e+00 6.511683e-01 1.505674e+00 -5.860243e-01 1.691420e+00 -1.475307e+00 3.783014e+00 5.980657e+00 -2.890546e+00 7.038116e-03 3.474531e-02 -1.900473e-01 1.007279e+00 1.074614e+00 1.549257e+00 7.791302e-01 4.642474e-01 -5.836480e-02 1.760090e+00 6.934530e-01 9.889021e-02 5.861332e-01 -1.914955e-02 
3.519411e+00 7.788936e+00 4.591796e+00 4.138998e+00 6.654797e+00 6.214561e+00 1.995439e+00 -2.941768e+00 1.686394e+00 2.185874e+00 3.855319e+00 -1.982631e+00 -3.440440e-02 -1.377553e-01 -8.829427e-03 6.519318e-02 -8.684703e-01 1.541397e+00 3.694178e-01 1.745919e-01 2.231913e-01 2.086732e+00 1.594357e+00 -4.111301e-01 1.383879e+00 -1.588637e-02 
3.088933e+00 5.917122e+00 2.993246e+00 3.458428e+00 7.427810e+00 6.561847e+00 1.020518e+00 -6.037450e-02 4.625781e+00 3.736677e+00 1.723581e+00 8.925722e-01 -4.093480e-02 2.085667e-02 1.665676e-01 7.370601e-02 -1.099610e+00 1.102264e+00 8.891956e-01 1.392817e+00 7.352209e-01 1.167804e+00 5.496537e-01 -1.703793e+00 4.393263e-01 -1.286438e-02 
2.408928e+00 5.944214e+00 1.300421e+00 -3.567496e+00 6.263644e+00 4.801198e+00 1.261007e+00 5.908641e-01 2.428155e+00 7.049984e+00 1.609021e+00 3.170161e+00 -5.448616e-02 -4.027389e-01 -3.682145e-01 3.004319e-01 -2.103554e-01 1.532033e-01 -5.867622e-01 -9.445310e-02 6.664232e-01 -1.314830e-01 6.665938e-01 -6.890067e-01 -8.801271e-01 9.273767e-04 
2.487600e+00 6.002706e+00 3.086051e+00 1.110564e+00 6.358062e+00 6.658334e+00 6.745275e+00 3.601209e+00 3.992834e+00 4.099227e+00 -1.415160e+00 -3.270310e+00 -4.724288e-02 -3.837654e-01 -4.843569e-02 5.296475e-01 8.899587e-01 5.822520e-02 -6.997566e-01 -5.723983e-01 -5.517912e-01 -8.529078e-01 -1.801010e-01 -4.910350e-01 -1.554805e+00 6.083453e-03 
1.806383e+00 5.905071e+00 6.047553e+00 4.261153e+00 7.955687e+00 3.232507e+00 -1.339205e+00 -1.440444e+00 1.345452e+00 5.337567e+00 1.979656e+00 -4.301825e+00 -2.661347e-02 2.094999e-01 -1.607628e-02 -3.783716e-01 1.036920e+00 -5.428109e-01 -7.275290e-01 -1.186893e+00 -9.903757e-01 -5.561317e-01 -2.990787e-01 -7.429614e-01 -1.708501e+00 1.248181e-02 
1.471378e+00 5.694515e+00 3.267917e+00 3.993896e+00 6.872915e+00 3.847410e+00 -5.413673e-01 -1.803676e+00 9.025933e-01 3.692380e+00 -9.169120e-01 -3.145460e+00 -2.445388e-02 2.406263e-01 -8.192877e-02 -1.493975e+00 -2.334490e-01 -1.382338e+00 -1.471196e-01 -8.367929e-01 -9.725579e-01 -1.716572e+00 -1.646476e+00 -1.230769e+00 -5.236011e-01 1.965343e-02 
3.964539e+00 6.017927e+00 -6.823708e-01 1.754390e-01 3.292163e+00 2.569015e+00 -1.030140e+00 -1.658572e+00 1.192617e+00 5.758014e+00 -2.354910e+00 -5.434770e+00 -3.471613e-03 4.261269e-01 -5.337858e-02 -1.855001e+00 -6.935610e-01 -2.356381e+00 7.267006e-01 1.380187e-01 -4.807122e-02 -1.635009e+00 -2.350759e+00 -1.362994e+00 1.568360e-01 1.983223e-02 
2.611654e+00 5.536633e+00 -1.018865e+00 1.986176e+00 1.778136e+00 6.254481e+00 2.406777e+00 -1.152517e+00 -4.513607e+00 -4.343376e+00 -5.401723e+00 -5.321844e+00 3.945333e-02 3.048354e-01 -3.806768e-02 -2.265030e-01 4.381781e-01 -1.088918e+00 5.128590e-01 2.552983e-01 2.655772e-01 -6.185985e-01 -1.359251e+00 2.887265e-02 1.141032e+00 7.712746e-03 
3.366879e+00 5.717119e+00 -1.084061e+00 1.797209e+00 -1.278828e+00 5.662474e+00 -2.123184e+00 -2.006380e+00 -4.121492e+00 -2.398348e+00 -2.592908e+00 -2.429454e+00 4.059410e-02 -1.756785e-01 2.408976e-01 1.841761e+00 2.082795e+00 1.278223e+00 8.379449e-01 1.185252e+00 1.935815e-01 1.006618e+00 -1.048139e-01 8.195155e-01 1.774744e+00 -1.081914e-02 
3.294385e+00 5.654581e+00 2.336247e+00 5.373902e+00 3.713821e+00 4.864976e+00 1.281647e+00 -3.018868e-01 4.666553e-01 9.743077e-01 -6.535499e-01 1.057042e+00 -7.923007e-03 -3.558464e-02 4.699939e-01 2.366842e+00 2.091709e+00 2.386887e+00 4.189040e-01 1.368569e+00 9.634752e-02 2.435544e+00 1.881041e+00 1.150210e+00 1.382166e+00 -2.211382e-02 
2.744781e+00 7.163442e+00 6.848876e+00 8.895549e+00 8.715438e+00 7.453492e+00 5.458686e+00 -1.115979e+00 3.735578e+00 2.575103e+00 -6.314195e-01 2.495077e-01 -3.387916e-02 -1.793802e-01 4.401506e-01 2.037850e+00 1.771833e+00 2.499015e+00 6.170554e-01 1.934078e+00 9.667078e-02 1.898306e+00 1.154770e+00 3.945107e-01 4.550388e-01 -1.749027e-02 
