1.533277e+00 4.503643e+00 -2.344275e+00 1.122104e+00 -1.925901e+00 4.245875e+00 4.501611e+00 -5.250380e-01 1.336555e+00 3.020883e+00 1.755070e+00 2.842205e-01 -6.723046e-02 -1.467115e-01 -4.197162e-01 8.468936e-01 2.625501e-01 -2.439058e-01 -1.128862e+00 -2.407546e-01 1.156858e-01 6.616281e-01 6.025319e-02 -5.626929e-02 -4.072927e-01 -1.179349e-03 
4.500189e-01 3.397017e+00 3.560154e-01 1.363752e+00 -1.787031e+00 3.848149e+00 -4.383206e-01 -4.476659e+00 5.121438e+00 3.823828e+00 2.020822e+00 -1.970677e+00 -7.140863e-02 -1.490902e-01 -2.640961e-01 7.838706e-01 2.972749e-01 1.877098e-02 -9.400852e-01 -3.642711e-01 -4.502729e-01 7.073035e-01 -3.945313e-02 -3.815959e-01 -8.910252e-01 -3.649509e-03 
1.341348e+00 2.958375e+00 5.400478e-01 2.314031e+00 -3.214864e+00 -1.199574e+00 5.767804e+00 2.029201e+00 2.752255e+00 2.920677e+00 1.340848e+00 -6.247944e-01 -7.103813e-02 -3.152680e-01 -1.876871e-01 2.763103e-01 -3.367675e-01 -5.626400e-01 -8.506435e-01 -2.198847e-01 -7.507799e-01 -1.647557e-01 -2.196740e-01 1.661320e-01 -2.694291e-01 -2.614236e-03 
8.837900e-01 3.955796e+00 1.329166e-01 2.012515e+00 -1.187564e+00 2.268173e+00 2.047159e+00 -4.053522e+00 4.165223e+00 2.873721e+00 5.420196e-02 -3.716398e+00 -8.357418e-02 -5.616217e-02 2.372824e-01 -2.284997e-01 1.094180e-01 -4.616547e-02 2.557827e-02 1.725286e+00 -2.399106e-01 -1.650644e+00 -7.619179e-01 -3.300856e-01 1.994252e-01 -2.466965e-03 
-2.599487e-01 3.285818e+00 -8.511744e-01 -8.861151e-01 -5.038834e+00 7.826450e-01 2.159448e+00 -4.490506e+00 9.908842e-01 2.397567e+00 3.569041e+00 -1.900640e-01 -7.421887e-02 2.000380e-02 -3.826892e-02 -7.346324e-01 -1.528591e-01 2.258876e-01 7.665393e-01 2.908185e-01 -2.524163e-01 -1.488253e+00 -1.515825e+00 -6.874546e-01 6.407574e-01 -1.293957e-03 
9.698563e-01 4.419708e+00 -9.087208e-02 3.510915e+00 -1.105874e+00 2.984931e+00 9.992285e+00 -2.416358e+00 -2.251096e+00 2.757927e-01 -7.437024e-01 -1.190916e+00 -8.215308e-02 4.142615e-01 -3.167332e-01 -8.699114e-01 5.564085e-01 4.932597e-02 5.757315e-01 9.038556e-02 9.034163e-01 -6.132060e-01 -1.771351e-01 3.276770e-01 1.333599e+00 6.872380e-03 
1.398334e+00 2.535075e+00 -3.021220e+00 8.005353e-01 -2.126272e+00 2.274743e+00 3.249334e+00 -5.146194e-02 -1.480848e+00 -3.359483e+00 -1.697473e+00 1.316251e+00 -7.821846e-02 7.491561e-01 8.891828e-02 -1.343375e-01 9.620058e-01 5.535800e-01 2.531829e-01 -5.864996e-01 1.197874e-01 8.889666e-01 4.593332e-01 -4.820890e-01 -1.479171e-01 7.474673e-03 
2.125957e+00 2.747502e+00 -3.131618e+00 3.951233e+00 -2.397215e+00 4.400781e+00 1.954144e+00 -1.755962e+00 2.335059e+00 4.866570e+00 4.325844e+00 2.198440e+00 -4.721248e-02 2.626260e-01 -2.434710e-01 1.168122e-01 -5.666496e-01 -3.293240e-01 -1.139448e+00 -1.920196e+00 -4.535847e-01 1.261352e+00 1.473804e+00 8.639498e-01 -1.204180e-01 3.348804e-03 
2.907782e+00 4.566513e+00 -2.488911e-03 3.703756e+00 -1.625263e+00 1.340634e+00 3.246021e+00 -4.221767e+00 3.142640e+00 2.398844e+00 -1.376178e+00 -2.624327e+00 -5.431581e-02 7.976246e-02 2.088135e-01 8.061641e-01 -2.586052e-01 -4.771768e-01 -1.460270e+00 -2.644536e-01 -2.364821e-01 1.083098e+00 1.364306e+00 3.884569e-01 -4.754263e-01 1.509821e-03 
1.528262e+00 2.186634e+00 -1.016176e+00 -7.739431e-01 -3.002998e+00 -2.245256e+00 3.929605e-01 -2.599129e+00 1.743919e+00 4.765649e+00 3.415399e+00 1.772836e-01 -7.736039e-02 -4.017254e-01 8.767338e-02 2.296245e-01 -4.916945e-01 -9.544735e-02 -1.582131e+00 -1.233970e-01 3.558053e-01 -4.770891e-01 -1.043405e+00 -6.065105e-01 4.272402e-01 -3.838348e-03 
2.095993e+00 3.859576e+00 -4.811952e-02 1.870098e+00 -4.209264e+00 -1.703590e+00 2.707657e+00 -8.122885e-01 4.230211e+00 3.512506e+00 7.000339e-01 -5.030237e-02 -5.559540e-02 -1.108837e-03 9.705534e-02 -2.472313e-01 1.271981e-01 6.595930e-01 -1.489208e-01 -5.551127e-01 4.987630e-01 -2.749863e-01 -2.224918e-01 8.749568e-02 1.318919e+00 -3.824615e-03 
5.232239e-01 3.539337e+00 -1.960680e+00 2.409589e+00 -1.582452e+00 -1.987761e+00 1.606341e+00 -1.681675e+00 -5.941719e-01 -9.072850e-01 2.551853e-01 3.047629e+00 -6.576443e-02 1.103479e-01 1.076334e-01 -1.850308e-01 6.245804e-01 9.292855e-02 7.079961e-01 -4.727289e-01 2.217847e-01 2.068291e-02 -1.275216e+00 -5.782055e-01 2.603385e-01 6.727100e-04 
3.404757e+00 4.375438e+00 -7.663941e-01 2.747980e+00 9.624285e-01 4.672828e-01 -1.362329e-01 -2.186679e+00 2.936753e+00 4.122852e+00 6.414074e-01 2.535094e+00 -7.923687e-02 -2.892491e-01 -1.362720e-01 -2.754792e-01 3.306515e-01 1.706963e-01 1.057912e+00 -1.637903e-01 8.368529e-02 -2.271798e-02 -1.266233e+00 8.357117e-01 -3.367556e-01 1.542723e-03 
1.425620e+00 2.466870e+00 -1.582193e+00 1.910018e+00 -5.124201e+00 2.092881e-01 -5.487390e-01 -8.030107e-01 2.494062e+00 -1.915607e+00 5.536844e-01 1.862780e-01 -6.217611e-02 -7.330173e-01 -4.273422e-01 -1.895566e-01 -3.924846e-01 7.123642e-02 8.211645e-01 -8.241775e-02 -8.389045e-01 9.163653e-01 -3.421984e-02 1.291858e+00 -1.925838e-01 1.948845e-03 
1.985493e-01 3.714449e+00 -1.614758e+00 3.773141e+00 -1.584908e+00 2.487448e+00 2.966246e+00 -8.331940e-01 2.572504e+00 -2.314501e+00 4.729343e+00 -3.034053e-01 -4.967594e-02 -9.588666e-01 -4.181311e-01 -6.634327e-02 1.457217e-02 -2.790702e-01 -7.038958e-02 7.681167e-01 -8.386853e-01 -2.447884e-01 -2.573712e-01 8.336319e-01 -3.312873e-01 1.172304e-03 
-1.538759e+00 1.733120e+00 -2.484281e+00 -6.541419e-02 4.739851e-02 1.107979e+00 -3.569875e-01 -6.552939e+00 4.169779e+00 2.140293e+00 4.670507e+00 3.503959e+00 -7.080066e-02 -3.023193e-01 -1.101009e-01 -1.955165e-01 -1.821161e-01 5.325056e-01 -1.523115e-01 4.168182e-01 -1.390003e+00 4.325583e-02 1.261811e+00 -5.802345e-01 -2.079835e-01 -3.959715e-03 
9.261322e-02 2.651658e+00 -6.470667e-01 3.808557e+00 -3.018723e+00 -3.340106e-01 3.608475e+00 -3.505141e+00 8.749527e-01 8.080467e-01 2.751155e+00 -7.801833e-01 -6.906307e-02 1.302847e-01 -3.205478e-01 -3.966816e-01 -6.972835e-01 -4.599301e-01 8.095500e-01 3.648229e-01 -1.050297e+00 -1.758279e-01 1.182446e+00 -1.049366e+00 1.660523e-01 -1.616180e-03 
-3.300858e-02 2.447762e+00 -3.043621e+00 9.817293e-01 -1.744766e+00 8.584599e-01 1.214238e+00 -6.417053e+00 3.559117e+00 2.832174e+00 -1.358395e+00 -6.152507e-01 -7.228112e-02 4.790571e-01 2.265311e-01 4.499199e-01 -1.546183e-01 -4.519263e-01 1.727493e+00 1.238981e+00 5.776495e-01 -1.172194e+00 -3.378963e-01 -4.202297e-01 -4.732500e-01 1.928210e-04 
9.709740e-02 1.754390e+00 -3.318496e+00 -2.368485e-01 -2.988476e+00 6.659958e+00 4.004747e+00 -6.152620e+00 1.998696e+00 3.251788e+00 2.496965e+00 2.586462e+00 -5.701661e-02 1.914850e-01 2.124266e-01 1.362665e-01 -7.490109e-01 1.793652e-02 1.028075e+00 5.349355e-01 7.725916e-01 -5.737029e-01 -2.570486e-01 3.704919e-01 1.181972e-03 -2.893329e-03 
8.542843e-01 3.314409e+00 1.101034e+00 1.184197e+00 -2.227356e+00 6.248458e+00 5.639781e+00 -2.340952e+00 -2.253064e+00 -7.710593e-01 2.696454e+00 -5.456132e-01 -7.585979e-02 4.654226e-01 -7.524315e-01 9.203307e-01 8.787955e-01 -5.539712e-01 -2.108901e-01 8.699390e-01 1.686451e+00 -7.675325e-01 -1.184032e+00 9.790529e-01 -1.081571e+00 1.177068e-02 
6.063919e-01 3.280467e+00 -2.038062e+00 -3.773141e-02 -2.687745e+00 2.111367e+00 4.070381e+00 -1.680234e+00 9.125286e-01 1.324420e+00 2.576190e+00 -8.090922e-01 -8.174038e-02 -7.992538e-01 -1.943776e-01 2.357479e+00 -2.209918e-01 1.298086e+00 -8.053433e-01 7.975847e-01 1.580331e+00 -5.477031e-01 -6.078526e-01 -1.386890e+00 -1.508828e+00 8.187805e-02 
2.039457e+00 -2.077434e+00 9.178151e-01 5.276149e+00 -4.664988e+00 2.078305e+00 5.531116e+00 -2.209892e-01 2.645380e-01 -2.124302e+00 3.497257e+00 -4.325329e+00 -1.065850e-03 -2.878577e+00 -5.331205e-01 2.299720e+00 -1.636531e+00 2.516367e+00 -1.187286e+00 -3.263768e-01 4.965639e-01 3.628407e-01 -5.844268e-01 -1.717115e+00 -2.372739e-01 1.635158e-01 
-4.491758e+00 3.478424e+00 8.560508e+00 -3.387784e+00 4.720770e+00 4.718318e+00 8.047003e+00 6.890523e-01 -1.998621e+00 8.891460e-01 -4.837888e+00 -3.067821e+00 3.149767e-01 -4.039048e+00 -2.257364e-01 2.370611e+00 -2.546836e+00 4.092565e+00 -1.204624e+00 -1.037730e+00 3.632693e-01 -2.326355e-01 -1.049572e+00 -9.727117e-01 3.025778e-01 2.158261e-01 
-1.098952e+01 5.498288e-01 7.300348e+00 -5.323432e+00 6.650220e+00 -9.914460e-01 2.019586e+00 -1.042776e+00 1.016714e+00 -3.475556e+00 -2.182084e+00 -6.026182e-01 5.433607e-01 -3.974293e+00 3.791309e-01 8.325798e-01 -4.008885e+00 3.303590e+00 -2.370405e+00 -1.576493e+00 1.729379e+00 -1.753087e+00 2.145089e-01 -7.662630e-01 8.873531e-01 2.144350e-01 
-1.307436e+01 8.381535e-01 6.623727e+00 -7.472119e+00 1.211748e+01 -2.376875e+00 6.374960e-01 5.470059e-01 -6.267372e-01 -3.247812e+00 5.523021e-01 -1.157558e+00 7.251769e-01 -2.601434e+00 -3.552405e-01 -4.274308e-01 -2.548533e+00 1.680942e+00 -1.875206e+00 -1.484558e+00 1.743757e+00 -2.333063e+00 1.761157e+00 3.921289e-01 1.206783e+00 1.530571e-01 
-1.354070e+01 1.138355e+00 6.049105e+00 -1.272611e+01 8.154611e+00 -6.226123e+00 1.353405e+00 8.496927e+00 -9.186841e+00 1.016722e+00 -3.029153e+00 -8.436948e-01 8.660089e-01 -1.019231e+00 8.583242e-01 -2.996717e-01 -1.536247e+00 1.779135e+00 -8.000509e-01 1.185458e+00 1.171453e+00 -3.012389e+00 3.040333e+00 -1.515113e+00 1.022587e+00 1.079787e-01 
-1.622334e+01 1.407958e+00 7.048975e+00 -1.242911e+01 1.237328e+01 -2.040372e+00 9.573035e-01 4.637983e+00 -8.562160e+00 7.448792e+00 -2.453709e+00 3.086633e+00 9.189383e-01 -7.597790e-01 8.768902e-01 -1.285724e+00 -4.953529e-01 1.657133e-01 -2.228555e-01 2.239996e+00 -9.155339e-01 -8.676535e-01 2.262811e+00 -1.298220e+00 1.203302e+00 6.700110e-02 
-1.451119e+01 4.556548e+00 5.589365e+00 -1.052617e+01 1.541799e+01 -5.159953e+00 7.786972e+00 2.769003e+00 -1.007752e+01 6.377808e+00 -8.254642e+00 2.388219e+00 9.863737e-01 -1.047888e+00 -2.470025e-01 -1.987216e+00 1.040279e+00 -7.498577e-01 -4.971112e-01 1.880022e+00 -1.681483e+00 3.261150e+00 -2.629137e-03 7.167655e-01 1.037495e+00 3.015071e-02 
-1.638801e+01 3.513508e+00 4.249772e-01 -1.104885e+01 9.314353e+00 -4.024238e+00 8.620693e+00 -1.166702e+00 -4.519666e+00 5.385702e+00 -3.326053e+00 3.242997e+00 1.000000e+00 -6.916170e-01 -8.436943e-01 -2.468875e+00 1.792890e+00 -2.746484e+00 -9.503460e-03 1.162629e+00 -8.969933e-01 3.648535e+00 -3.059005e+00 1.448611e+00 -2.724907e-01 2.046841e-03 
-1.869781e+01 -1.149433e+00 -5.749784e-01 -8.214843e+00 5.934788e+00 -7.719746e+00 6.921819e+00 2.991857e+00 5.097664e+00 2.035121e+00 9.908463e-01 4.265597e+00 9.762316e-01 -3.563835e-01 -1.314638e+00 -1.243618e+00 1.421517e+00 -2.640457e+00 1.090090e+00 4.185781e-01 -1.869383e-01 2.495806e+00 -3.911680e+00 1.136838e+00 -1.096433e-01 -1.270270e-02 
-1.758811e+01 4.247648e-02 -2.213228e+00 -4.620325e+00 3.382468e+00 -8.079925e-01 7.203025e+00 4.158998e-02 2.092925e+00 -5.674890e+00 1.666028e-01 7.854905e-01 9.342436e-01 9.681522e-01 -6.560905e-01 1.334651e-01 1.390730e+00 -1.385046e+00 -2.763720e-01 -5.865446e-01 -4.018067e-01 8.734727e-02 -3.509269e+00 -1.453597e+00 -3.768128e-01 -1.572199e-02 
-1.569306e+01 -2.811297e-01 6.903778e-01 -6.632848e+00 5.181651e+00 -1.317625e+00 1.058870e+01 1.230166e+00 -9.047831e-01 -7.650293e+00 -4.316782e+00 3.068756e+00 9.557384e-01 2.404079e+00 1.878586e-01 -2.047669e-01 6.676180e-01 -3.738048e-02 5.794672e-01 7.182517e-01 -3.891616e-02 -1.675935e+00 -1.072230e+00 -2.051284e+00 -3.939468e-01 -3.025445e-02 
-1.304963e+01 -2.010956e-01 4.596247e-01 -4.886199e+00 2.765694e+00 -8.607159e+00 3.854531e+00 -2.294889e+00 -1.081706e+00 -7.317937e+00 -7.940223e+00 1.957354e+00 9.316366e-01 4.003541e+00 -4.606328e-01 1.052370e-01 1.128377e+00 3.843760e-02 -2.407087e-01 4.052613e-01 8.130468e-01 -2.397714e-02 9.538484e-01 1.354321e-01 6.376176e-02 -8.389540e-02 
-8.946657e+00 -8.835375e-02 -2.935240e+00 -4.743815e+00 6.056273e+00 -9.228268e-01 1.218732e+01 3.965516e+00 -1.694697e+00 -2.504504e+00 -5.212160e+00 1.709931e+00 8.262628e-01 7.211793e+00 3.629542e-01 7.468224e-01 2.413451e+00 -3.055553e+00 2.425605e-01 -4.693273e+00 4.702008e-01 -8.374617e-01 1.424864e-01 6.858839e-01 -1.265978e+00 -1.068407e-01 
-9.436035e-01 -2.357075e+00 1.257656e-01 7.704163e-02 3.137345e+00 -2.208935e+00 8.430017e+00 2.739149e+00 2.367996e+00 -3.478542e+00 1.291452e+00 1.783711e+00 5.795044e-01 8.765933e+00 -9.784726e-01 2.412166e+00 1.691538e+00 -6.028917e+00 2.017359e+00 -8.482872e+00 1.966164e+00 -3.250212e+00 5.877788e-01 5.108172e-01 -2.015160e+00 -5.253105e-02 
1.431290e+01 2.611631e+00 4.591419e+00 2.952787e+00 -1.028194e+01 -3.303934e+00 -1.516541e+01 1.064151e+00 -6.816943e+00 -8.857559e+00 -5.503200e+00 -3.174314e+00 5.976011e-01 7.798952e+00 -2.048069e+00 3.235633e+00 7.937301e-01 -7.331552e+00 4.563784e-01 -9.038486e+00 1.283129e+00 -3.644531e+00 5.876020e-01 -7.024063e-01 -1.545351e+00 1.058315e-02 
1.915026e+01 -6.443451e+00 8.757124e+00 -2.768128e-01 -1.920979e+01 2.670188e+00 -2.488346e+01 8.986614e+00 -1.477164e+01 -1.202516e+00 -5.240617e+00 -5.676324e+00 7.833122e-01 4.664713e+00 -2.347607e+00 1.915730e+00 -7.603418e-01 -5.988839e+00 1.219608e+00 -5.817483e+00 1.789050e+00 -2.718622e+00 1.884247e+00 -7.727610e-01 -7.141940e-01 5.954426e-02 
2.000117e+01 -8.285512e+00 8.927245e+00 -5.982383e-01 -1.942792e+01 -1.080496e+00 -1.634836e+01 7.257429e+00 -1.134753e+01 -7.045074e-01 -5.458156e+00 -2.286808e+00 7.772746e-01 8.506603e-01 -3.025966e+00 6.362710e-01 -1.062824e+00 -2.611614e+00 1.298558e+00 -4.612326e-01 2.303407e+00 8.776196e-01 2.079211e+00 1.428901e+00 6.585771e-01 4.225003e-02 
1.953583e+01 -8.646540e+00 7.536502e+00 -1.949155e+00 -2.223386e+01 2.777388e+00 -2.006592e+01 8.587759e+00 -8.959818e+00 1.866168e+00 -2.594875e+00 -2.231012e+00 7.873889e-01 -5.634717e-01 -1.532569e+00 4.663496e-02 -5.993202e-01 -6.018213e-01 3.722241e-01 8.694729e-01 1.574385e+00 2.391689e+00 6.163419e-02 1.860726e+00 4.039266e-01 1.754951e-03 
1.837342e+01 -1.141666e+01 8.383085e+00 -1.525161e+00 -2.182797e+01 3.135258e+00 -1.988034e+01 1.278061e+01 -5.334758e+00 4.155397e-03 3.184358e-01 -1.604085e+00 8.068129e-01 -9.713243e-01 -1.068558e+00 -9.372912e-02 2.710321e-01 6.648520e-01 5.253479e-01 2.121706e-01 1.300799e+00 1.620421e+00 -1.416636e+00 1.592810e+00 -9.323883e-03 -2.770231e-02 
1.714678e+01 -1.254073e+01 9.262379e+00 -2.809952e+00 -2.101887e+01 2.423431e+00 -1.877011e+01 1.409695e+01 -5.819588e+00 -1.248677e+00 1.174718e+00 -3.998052e+00 7.773178e-01 -7.457774e-01 -1.976141e-01 -2.713282e-01 9.506060e-01 1.970764e+00 -1.216043e+00 1.596273e+00 -2.881491e-01 7.757699e-01 -2.572564e+00 1.030181e+00 1.878049e-02 -6.571090e-02 
1.633907e+01 -1.168121e+01 7.595661e+00 1.187321e+00 -1.671116e+01 1.723222e+00 -1.593542e+01 1.100683e+01 -4.815540e+00 -6.230264e+00 6.210970e-01 -1.449907e+00 6.437986e-01 -4.032646e-01 9.465065e-02 -2.232129e-01 8.428965e-01 1.834099e+00 -2.084043e+00 1.164810e+00 -1.243166e+00 -1.424869e-01 -2.075796e+00 8.779753e-01 5.786446e-01 -6.723342e-02 
1.682411e+01 -9.502335e+00 6.573573e+00 1.447634e+00 -1.493845e+01 -2.596810e+00 -1.405702e+01 8.033906e+00 -5.340577e+00 -7.879439e+00 2.404699e+00 -2.214198e+00 5.403416e-01 -1.833768e+00 3.133589e+00 -1.637554e+00 -9.571799e-02 2.011815e+00 -3.436886e+00 1.304192e+00 -2.375076e+00 3.602675e-01 -3.606406e-01 1.478378e+00 2.331040e+00 -1.339272e-01 
1.651843e+01 -1.246260e+01 8.611423e+00 5.605284e-01 -1.569768e+01 -4.774838e+00 -1.641284e+01 9.596302e+00 -6.286698e+00 -7.059443e+00 4.093322e+00 3.972104e-01 5.891339e-01 -4.465444e+00 4.416990e+00 -2.689289e+00 1.292159e+00 3.231535e+00 -9.963676e-01 2.505736e+00 -1.570460e+00 -8.620720e-02 1.394105e+00 9.118240e-01 3.068464e+00 -1.160033e-01 
7.888259e+00 3.517913e+00 5.667291e-01 -2.975146e+00 -1.146653e+01 -1.151197e+01 -1.201044e+01 2.926828e+00 -3.282672e+00 -2.637290e+00 6.830496e+00 6.733587e+00 1.350144e-01 -4.840990e+00 4.254642e+00 -3.581403e+00 2.006588e+00 4.165133e+00 2.303221e+00 5.047143e+00 -5.908611e-01 8.696058e-01 2.133621e+00 -3.777179e-01 2.179572e+00 -1.231184e-01 
-1.520224e+00 3.893617e+00 -2.847362e+00 9.859506e+00 -2.289442e+00 1.198963e+00 -4.430027e+00 5.708067e+00 -6.275529e+00 -1.880814e+00 2.967319e+00 9.418518e+00 2.664455e-01 -3.642226e+00 3.446762e+00 -2.346943e+00 9.664513e-01 3.836239e+00 3.694313e+00 5.986747e+00 -1.613504e+00 2.482671e+00 1.531440e+00 -7.420422e-01 3.446394e-01 -1.367154e-01 
1.638490e+00 3.592764e+00 -5.604050e+00 6.831085e+00 -8.169028e-01 5.932395e+00 5.187287e+00 7.023718e+00 -9.981327e-01 1.993492e-01 1.079111e+00 4.173007e+00 8.609372e-02 -7.520922e-01 2.426322e-01 -4.662850e-01 3.326904e-01 2.628187e+00 4.485576e+00 4.422469e+00 -1.056540e+00 2.180397e+00 4.929341e-01 -1.417481e+00 -2.274241e+00 -6.919786e-02 
1.432182e+00 4.733784e+00 -3.790414e-02 4.896694e-01 -1.841304e+00 4.974545e+00 4.922033e+00 -5.196645e-01 4.984386e+00 -8.205648e-01 3.258804e+00 3.400698e+00 -6.998277e-02 1.050613e+00 3.025793e-01 9.930074e-01 -1.638012e+00 4.974585e-01 8.807372e-01 1.241485e+00 -3.411529e+00 7.785777e-01 7.283340e-02 -2.248268e-01 -2.579960e+00 -8.374481e-02 
2.651595e+00 4.310991e+00 -3.169425e+00 3.373224e+00 1.450340e+00 9.028118e+00 5.425875e+00 7.579939e-01 1.989357e+00 -7.027448e-01 -4.026524e-01 -1.628707e+00 -4.276073e-02 6.430214e-01 5.849504e-02 1.198942e+00 -2.530821e-01 3.504980e-01 -8.653717e-01 -1.135321e+00 -4.249745e+00 -1.068105e+00 -7.190382e-01 2.270932e-01 -3.838711e-01 -3.449458e-02 
3.226290e+00 5.047400e+00 9.003621e-01 3.398374e+00 -9.357705e-01 4.054788e+00 1.658103e+00 -8.216718e+00 -3.876385e+00 -1.065600e+00 2.584066e+00 -5.804242e-01 -8.785129e-02 -1.036754e-01 -4.124734e-01 6.315637e-02 2.410553e-01 1.896494e-01 -2.188347e+00 -1.959318e+00 -1.991242e+00 -3.999728e-01 -5.105331e-02 -3.727223e-01 1.497647e-01 -3.105640e-03 
3.956543e+00 3.728431e+00 -7.847455e-02 4.111322e+00 4.828205e-01 2.065415e+00 1.142645e+00 -1.037648e+01 -1.908271e+00 -3.273324e+00 2.551946e+00 4.244212e+00 -7.744491e-02 5.084297e-01 -2.544068e+00 -2.092455e+00 -1.202752e+00 1.136276e+00 -2.993418e+00 -1.584265e+00 -1.559849e+00 8.261760e-01 5.387470e-01 -1.005387e+00 2.104918e-01 4.956484e-02 
2.613316e-01 2.962697e+00 -1.267597e+00 1.325897e+00 -4.092969e-01 -2.485837e+00 -2.732944e+00 -4.908638e+00 4.933336e+00 2.094584e-01 -8.210707e-02 1.213062e+00 -6.816888e-02 1.052212e+00 -3.702313e+00 -4.183424e+00 -1.795882e+00 2.482904e+00 -2.554959e+00 -8.730427e-01 -2.278410e-01 1.777058e+00 1.066234e+00 -1.946742e+00 -1.273980e+00 1.754277e-01 
6.676223e+00 -7.366995e+00 -1.254772e+01 -1.604296e+00 6.868485e+00 -2.668660e+00 -2.999282e-01 -8.695292e+00 1.715376e+00 1.353461e+00 -4.096498e+00 -1.472991e+00 1.952223e-01 1.796428e+00 -2.707429e+00 -3.675880e+00 -1.091295e+00 2.940208e+00 -2.108460e+00 -4.308775e-01 6.076180e-01 2.401334e+00 2.261325e+00 -1.130657e-01 -2.155840e+00 1.943226e-01 
7.127512e+00 -7.916451e+00 -1.378213e+01 -2.723225e+00 8.285915e+00 -6.352971e+00 -1.985823e+00 -1.019652e+01 3.197084e+00 1.952176e+00 -3.825421e+00 -4.091725e+00 6.529535e-01 -2.533035e-02 -1.418580e+00 -2.622237e-01 6.784990e-01 3.234947e+00 -1.176491e+00 9.727578e-02 1.222665e+00 -3.014784e-01 1.502006e+00 -1.818043e-01 -8.736227e-01 1.608356e-01 
9.505595e+00 -4.369141e+00 -1.220061e+01 6.794099e-01 1.083625e+01 -6.543316e+00 -1.385303e+00 -4.694452e+00 1.096653e+01 7.161942e+00 3.858274e+00 -3.882593e+00 5.336066e-01 -3.518883e+00 8.054533e-02 3.139978e+00 2.059398e+00 2.183460e+00 -1.530655e+00 -4.362201e-01 3.137829e+00 -6.604993e-01 2.672242e-01 -1.420384e+00 -7.459508e-01 8.652367e-02 
-1.280006e+00 -5.629132e+00 -2.752272e+00 3.576539e+00 1.378155e+01 -6.430962e+00 -1.703878e+00 -7.957323e-01 -1.199631e+00 4.815246e+00 -4.968515e+00 -1.950251e+00 5.668168e-01 -4.503785e+00 -8.374667e-02 3.406135e+00 8.629238e-01 1.027581e+00 -3.072809e-01 7.094874e-02 4.164608e+00 -1.141945e+00 -8.957070e-01 -1.956729e+00 3.238671e-01 2.190213e-02 
-6.714436e+00 -8.107928e+00 -2.362759e+00 5.542814e+00 1.503797e+01 -1.028294e+01 -2.622001e+00 2.293459e+00 6.112375e-01 1.258047e+00 -1.062687e+01 -6.273482e+00 6.709089e-01 -4.285167e+00 -3.456735e-01 2.793004e+00 -4.750045e-01 4.141026e-02 -5.356884e-03 3.934638e-01 2.969999e+00 -2.560967e+00 -1.853434e+00 -1.945917e+00 -4.678355e-01 5.556292e-02 
-7.281395e+00 -6.465791e+00 -1.670383e+00 -8.403084e-01 1.132297e+01 -6.019565e+00 -1.012730e+00 7.132569e+00 2.665003e+00 4.255890e-01 -6.366494e+00 -1.276945e+00 6.938130e-01 -1.578762e+00 6.214875e-01 1.312332e+00 -1.195644e+00 -2.512212e-01 4.373497e-01 2.991406e-01 7.185441e-01 -5.195469e-01 -4.689658e-01 1.302894e+00 3.482727e-01 4.214951e-02 
-8.919546e+00 -5.679179e+00 1.223469e+00 5.128108e-01 1.227260e+01 -6.775799e+00 2.364426e-01 6.191393e+00 -3.770624e+00 8.959818e-02 -5.172320e+00 -6.558423e+00 7.479231e-01 -3.840652e-01 9.837328e-01 9.007840e-01 -1.354846e+00 -7.596339e-01 1.009738e+00 2.809773e-01 -5.757416e-01 -7.644199e-01 -9.619730e-01 2.872554e+00 2.622402e+00 1.581900e-02 
-8.071262e+00 -3.736069e+00 2.016275e+00 1.133187e-01 1.390813e+01 -5.997782e+00 -1.637397e+00 8.480213e-01 -1.606435e+00 3.054642e+00 -1.181320e+00 -6.641640e-02 7.390572e-01 6.369324e-02 9.002449e-01 3.600379e-01 -8.204349e-01 -1.190938e+00 -3.207534e-01 -9.137853e-01 -1.573394e+00 1.416271e-01 -1.405371e+00 5.055295e-01 6.274095e-01 -1.546788e-03 
-8.239828e+00 -4.554125e+00 2.978322e-01 -1.708229e+00 9.947214e+00 -5.245136e+00 -9.047813e-01 2.557025e+00 -1.075143e+00 -4.866344e+00 1.143312e+00 6.233263e+00 7.273818e-01 4.705864e-01 6.902230e-01 -4.472291e-01 -2.277206e+00 -1.891412e+00 6.727715e-01 -3.666340e-01 -7.929392e-02 1.359275e+00 -2.520124e+00 -8.314018e-01 -5.848511e-01 -9.688502e-03 
-7.302788e+00 -2.527094e+00 5.926250e-01 -3.831963e+00 6.530971e+00 -8.388664e+00 -5.011045e+00 1.082784e+00 2.025398e+00 -4.123294e+00 -6.996663e+00 -4.535741e+00 6.963497e-01 -7.596684e-02 4.810085e-01 4.716528e-01 -1.588169e+00 -1.358590e+00 1.155368e+00 -5.635814e-01 4.694458e-01 1.043152e+00 -2.243872e+00 -1.232434e+00 -1.804263e+00 -6.185961e-03 
-6.950851e+00 -2.832552e+00 -3.008516e-01 -8.900577e+00 6.504119e+00 -2.216501e+00 9.009695e-02 5.677542e+00 1.209831e+00 -8.922053e+00 -6.421658e+00 -7.248016e+00 7.208344e-01 -6.152824e-01 6.848779e-01 1.700477e+00 -6.048608e-01 2.752043e-01 3.340405e-01 -1.314632e+00 1.604305e+00 7.093382e-01 6.686788e-01 -7.424611e-01 -2.114619e+00 8.629757e-03 
-9.095585e+00 -2.191813e+00 4.673881e+00 -4.231351e+00 8.836732e+00 -1.735259e+00 -4.952743e+00 1.634992e+00 2.466837e+00 -6.136862e+00 -3.561004e+00 -2.347093e+00 7.114012e-01 -6.153256e-01 1.019299e-01 1.846372e+00 5.202160e-02 1.710630e+00 1.429465e+00 -1.157805e+00 8.422740e-01 -4.557215e-01 2.074705e+00 7.775847e-01 1.813465e-01 4.631949e-03 
-1.041984e+01 -1.297376e+00 6.759590e+00 -4.532840e+00 1.017035e+01 -6.901636e+00 -7.507092e+00 1.030245e+01 2.250828e+00 -5.161666e-01 -4.286822e+00 -5.434157e+00 7.630049e-01 -2.040028e-01 9.688325e-02 1.676186e+00 7.855426e-01 8.895065e-01 6.709480e-01 -9.935902e-01 -1.539880e-01 -1.447920e+00 2.215431e+00 9.286755e-01 3.037204e-01 -2.024832e-02 
-8.644920e+00 -2.785032e+00 6.294265e+00 -5.755724e+00 1.325101e+01 1.101228e+00 -7.001478e+00 2.981703e+00 -7.737076e-01 2.047289e+00 -4.176157e+00 -4.535938e+00 6.984242e-01 3.664726e-01 -4.348637e-01 2.975054e-02 -2.123696e-01 -1.154333e+00 1.758561e+00 1.644785e+00 1.691398e-01 -1.321063e-01 1.416294e+00 6.682891e-01 -1.936655e-01 -5.435555e-02 
-8.196198e+00 -2.051526e+00 7.269885e+00 -4.210677e+00 8.744515e+00 -2.800045e-01 -3.853487e+00 4.234246e+00 -4.409497e+00 -1.936975e+00 -1.470704e+00 -4.634992e+00 6.260812e-01 6.478930e-01 -8.418846e-01 -4.720730e-01 8.466250e-01 -2.058961e+00 1.567094e+00 3.450878e+00 -1.479266e+00 9.154291e-02 5.046657e-01 3.434716e-01 4.475054e-01 -9.302566e-02 
-8.375044e+00 -3.989057e+00 4.567486e+00 -5.454281e+00 3.777988e+00 3.746731e+00 1.444380e+00 5.514791e+00 5.136469e+00 1.655011e+00 -1.627618e+00 -3.715003e+00 5.080853e-01 1.339186e+00 -6.662950e-01 -6.165179e-01 1.849467e+00 -2.086096e+00 -8.703865e-01 2.656898e+00 -1.187656e+00 4.844514e-01 -4.457349e-01 -9.072660e-01 3.434880e-01 -1.105181e-01 
-7.315315e+00 -4.904787e+00 5.262614e+00 -4.504362e-01 4.612058e+00 -3.889160e-01 5.524371e+00 1.639569e+00 -2.465458e-01 2.203301e+00 -3.843734e+00 -3.607097e+00 3.930461e-01 3.163221e+00 -6.819733e-01 -1.733023e+00 3.128243e+00 -2.927859e-01 -2.005908e+00 -6.600806e-01 -1.482147e+00 1.260024e+00 1.600773e-01 -1.791759e+00 -1.754239e-01 -1.133314e-01 
-2.389429e+00 -4.689877e+00 4.215311e+00 1.611488e+00 4.886754e+00 -3.196249e+00 1.594082e+00 -1.659238e+00 -4.329262e-01 -2.251524e+00 -7.525972e+00 -3.332445e+00 2.623514e-01 3.673066e+00 -4.752055e-01 -3.108361e+00 2.661615e+00 3.011315e-01 -2.840626e+00 -3.433436e+00 -1.445853e+00 1.213536e-01 -8.386186e-01 -1.463615e+00 -2.823372e-01 -1.054597e-01 
4.627100e+00 -5.110982e+00 -1.219143e+00 7.897654e+00 6.726203e+00 -6.838052e+00 -7.228740e+00 4.105227e-01 4.675320e+00 8.166789e-01 -7.480325e+00 -5.703390e+00 1.822911e-01 3.146265e+00 3.922643e-01 -3.491309e+00 1.091341e+00 -4.104026e-01 -8.659825e-02 -2.954688e+00 -1.080100e+00 1.448781e+00 -4.242927e-01 -3.860103e-01 4.468114e-02 -1.004316e-01 
4.019079e+00 -6.261986e+00 -7.733439e+00 3.679751e+00 4.226573e+00 -7.231829e+00 -9.346245e+00 -1.099949e+00 3.282304e+00 -1.844771e+00 -7.127396e+00 -4.078543e+00 8.616447e-02 1.602173e+00 1.543730e+00 -3.019499e+00 -4.536540e-01 -2.343873e+00 1.456826e+00 2.950784e-01 -3.366480e-01 7.472805e-01 -3.187259e-01 1.530855e+00 1.151634e+00 -8.664017e-02 
5.211754e+00 -2.157411e+00 -6.219553e+00 3.972135e+00 2.890136e+00 1.195883e+00 -3.778904e+00 -4.040577e+00 5.139742e+00 -1.215391e-01 -5.973073e+00 -3.010642e+00 -2.101827e-02 -1.888384e-01 2.165406e+00 -7.639623e-01 -1.986821e+00 -3.195926e+00 2.651227e+00 3.478774e+00 -1.047568e+00 -3.729279e-01 -8.918473e-01 2.116702e+00 1.853824e+00 -7.093050e-02 
5.329111e+00 1.551988e+00 -8.381981e+00 1.305978e+00 -4.914574e+00 7.091188e-02 1.344556e+00 -1.116927e+00 3.071265e+00 -3.376044e+00 -6.253219e-01 1.079349e+00 -6.919479e-02 -8.313068e-01 1.806169e+00 1.108964e+00 -4.498132e-01 -1.929314e+00 2.035832e+00 3.475464e+00 -1.802498e-01 8.568344e-02 7.100955e-01 2.888903e+00 2.382039e+00 -4.094789e-02 
3.027892e+00 1.809063e+00 -4.714684e+00 -8.495657e-01 -4.682852e+00 2.766712e+00 4.819726e+00 -4.818830e+00 2.916199e+00 -2.876921e+00 -1.478527e-01 9.867841e-01 -9.468174e-02 -1.315336e+00 8.152729e-01 1.145199e+00 1.607307e-01 -1.497991e+00 6.408620e-03 4.557495e-01 3.378748e-02 -6.455168e-01 7.153438e-01 1.156575e+00 1.098048e+00 -8.013630e-03 
9.544764e-01 7.856236e-01 -2.941056e+00 3.841536e+00 -1.633504e+00 2.161915e+00 3.731760e+00 -1.612072e+00 4.822492e+00 3.083398e+00 4.404506e+00 5.832936e+00 -8.174324e-02 -1.159623e+00 -6.070374e-02 9.469528e-01 4.351763e-01 5.341096e-01 -2.959773e-01 -6.719121e-01 -7.522140e-01 -2.683015e-01 1.457033e+00 1.484270e-01 1.678492e-01 1.588607e-03 
8.223886e-01 2.302136e+00 -3.214023e+00 3.508010e+00 -6.240355e+00 1.824245e-01 -2.693758e+00 -3.624068e+00 1.036544e+00 2.254587e-01 -2.705114e+00 1.028047e-01 -5.481219e-02 -5.323238e-01 1.180493e-01 7.127571e-01 5.877643e-01 8.055902e-01 -1.030140e-01 -2.364477e-01 1.748013e-01 -8.516571e-01 -6.425071e-02 -2.101244e-01 -2.944251e-01 2.943468e-03 
6.337461e-01 1.001933e+00 -4.397547e+00 1.303072e+00 -1.465275e+00 -1.168308e-01 1.741738e+00 -5.475378e+00 2.669585e+00 2.357930e+00 1.395444e+00 2.360585e+00 -8.118653e-02 -1.688319e-01 1.443271e-01 6.189965e-01 -2.399604e-01 1.726022e-01 4.649144e-01 1.033533e+00 1.110970e+00 -9.325780e-01 -9.319996e-01 8.198569e-01 -1.924456e-01 5.032897e-04 
5.266380e-01 2.291154e+00 -4.226519e-01 3.358488e+00 -7.390163e-01 3.391015e+00 4.632499e+00 -2.013170e+00 -2.656322e-01 -2.835441e+00 3.060563e-01 1.250835e+00 -8.024275e-02 4.787416e-02 2.015681e-01 5.429102e-01 -1.176096e-01 7.086440e-01 1.260712e+00 2.277439e+00 6.122314e-01 4.581035e-02 5.312176e-01 2.091064e+00 4.803526e-01 -1.228917e-03 
2.581921e-01 1.512750e+00 -1.241759e+00 2.716495e+00 -3.521162e+00 2.882191e+00 5.236297e+00 3.137332e+00 8.106907e-01 -4.615045e-02 6.998205e+00 4.296693e+00 -6.651151e-02 3.352636e-01 7.815803e-01 2.679613e-01 1.668620e-01 -1.203198e-01 1.700260e+00 1.125130e+00 -2.832170e-01 -9.009830e-01 6.635470e-01 1.048729e+00 1.153826e-01 9.233916e-03 
1.249537e+00 3.054568e+00 -2.077366e+00 2.213250e+00 -1.669192e+00 4.986473e+00 6.946159e+00 -4.869267e+00 2.195043e+00 4.083587e+00 4.948825e+00 1.536513e+00 -6.829429e-02 2.455192e-01 5.431895e-01 -2.300121e-01 -8.973044e-01 1.274262e-01 6.736975e-01 2.803607e-01 -1.326305e+00 2.271417e-01 1.481871e+00 9.457466e-01 -6.110528e-01 3.717089e-03 
1.948615e+00 4.528128e+00 -2.230383e+00 2.710001e+00 -1.601786e+00 7.586742e+00 6.210560e+00 -5.463416e+00 -3.065668e+00 2.216151e+00 4.317702e+00 2.794658e+00 -4.099119e-02 5.061854e-01 5.641330e-01 1.185118e+00 2.336401e-01 1.125074e+00 2.858931e-01 -7.408846e-02 -1.073984e+00 3.812206e-01 -2.245638e-01 -5.746821e-01 -3.755626e-01 -4.027856e-03 
9.090223e-01 3.499413e+00 -1.078401e+00 -1.124787e+00 -1.061574e+00 4.407227e+00 5.547171e+00 -4.344322e+00 2.808256e+00 3.442762e+00 6.375041e+00 -1.053412e+00 -7.441747e-02 -6.634045e-02 -1.458020e-01 1.166443e+00 2.618539e-01 4.964953e-01 -5.534329e-02 -8.056272e-01 -4.825745e-02 5.205603e-02 -1.707848e+00 -6.679108e-02 3.147395e-01 -4.555154e-03 
2.959376e+00 4.110992e+00 4.184350e+00 5.553715e+00 1.800398e+00 4.601279e+00 5.565349e+00 -2.495062e+00 2.410188e+00 -8.485570e-01 3.411686e+00 3.713843e+00 -8.358920e-02 -3.164911e-01 -5.052880e-01 8.302947e-01 6.185349e-01 1.032905e+00 -6.531624e-02 -9.242856e-01 3.573150e-01 1.056899e+00 -2.760798e-01 3.514735e-01 3.174488e-01 -7.314718e-03 
4.124537e-01 2.534125e+00 5.474831e-01 2.100663e+00 -8.878071e-01 6.202488e+00 3.240629e+00 -6.594730e+00 -2.826046e-01 -2.923298e+00 5.067877e+00 2.650619e+00 -6.977105e-02 -5.494289e-02 -3.232099e-01 -7.647570e-01 9.075123e-01 4.360558e-01 5.510162e-02 -1.214135e+00 6.283293e-01 -9.276668e-01 -3.228703e-01 2.211966e-01 1.082419e+00 1.020918e-02 
6.144438e-01 2.484332e+00 1.108149e+00 4.189950e+00 3.475854e+00 6.362531e+00 2.742403e+00 -2.551636e+00 3.764259e+00 4.018782e+00 6.728652e+00 2.529887e+00 -7.988799e-02 2.779531e-02 -1.653889e-01 -1.782126e+00 -6.632476e-01 -3.885112e-01 -3.240139e-01 -5.497696e-01 6.479152e-01 -5.520974e-01 7.184123e-01 -3.051232e-01 -1.425101e-01 1.033837e-02 
1.806774e+00 2.696694e+00 -3.364085e+00 4.094657e+00 2.809771e-01 3.802110e+00 8.879671e-01 -1.174388e+00 -2.507114e+00 -6.052592e-01 5.822541e+00 4.950663e+00 -2.522218e-02 6.616672e-01 8.642941e-01 -1.244738e+00 -1.433866e-01 -8.308212e-01 -1.368888e+00 1.316004e-01 1.092654e+00 2.567064e-01 9.281877e-01 -5.779635e-01 -1.187203e-01 9.327471e-03 
2.401193e+00 3.202764e+00 -2.770496e+00 1.240480e+00 -7.265506e-01 4.181399e+00 3.992832e+00 -1.965657e+00 7.619555e-01 1.584485e+00 1.508738e+00 1.851270e+00 -5.417180e-02 2.778435e-01 5.106329e-01 -8.388381e-01 -1.075441e+00 -1.577945e+00 -1.542938e+00 1.432925e-01 -9.507141e-02 7.676850e-01 4.448159e-01 -6.887534e-01 -3.365200e-01 7.691145e-04 
2.827415e+00 6.496380e+00 -3.736883e+00 2.858465e+00 -2.940711e+00 4.486117e-01 3.273417e+00 -1.424451e+00 2.502079e+00 2.934789e+00 4.788017e+00 2.396326e+00 -3.599179e-02 -2.554377e-01 -3.163382e-01 -3.278500e-01 -1.542786e+00 -1.047972e+00 -9.545872e-01 1.814519e-01 1.569071e-01 1.104622e+00 1.003134e+00 -1.189817e-01 -1.044069e+00 -8.757388e-03 
1.493340e+00 3.137653e+00 -2.899643e+00 -5.691597e-01 -2.803028e+00 3.245902e-01 2.266140e+00 -2.901962e+00 5.098088e+00 4.472837e+00 3.802147e+00 2.124456e+00 -7.065761e-02 -4.615525e-01 -7.823607e-01 -7.832671e-03 -1.063053e+00 -3.602497e-01 -7.179911e-02 -4.651402e-01 1.796320e-01 -9.275469e-01 -5.246646e-01 2.998312e-01 -1.540404e-01 -9.095013e-03 
9.835119e-01 1.147558e+00 -4.938762e+00 -2.714456e+00 -3.920647e+00 9.575782e-01 2.658572e+00 7.829928e-02 8.479285e-01 2.966238e+00 4.080928e+00 -4.062765e-01 -6.076622e-02 -1.763105e-01 -6.035599e-01 4.819635e-01 -1.489661e-01 -3.662949e-01 1.407335e+00 3.449664e-02 3.147627e-01 -1.438523e+00 -1.269505e+00 4.336907e-01 4.626756e-02 -1.128089e-02 
1.015382e+00 1.965371e+00 -2.208720e+00 -1.288327e+00 -2.037831e+00 3.567920e+00 1.974554e+00 -1.818872e+00 -3.048703e+00 -1.054562e+00 3.361438e+00 2.482369e+00 -8.725965e-02 3.556866e-01 8.012924e-01 1.070440e+00 9.938275e-01 -5.143780e-01 8.580092e-01 -5.849504e-02 7.346829e-01 -2.844784e-01 -1.094597e+00 -3.267561e-01 2.972300e-01 -3.522325e-03 
2.184842e+00 4.064722e+00 -1.672527e+00 2.473218e+00 -5.154783e+00 5.863620e+00 3.591693e+00 -3.921828e-01 -6.171377e-01 -6.490372e-01 7.176825e+00 2.448707e+00 -8.409524e-02 8.050718e-02 3.674943e-01 1.054651e+00 1.300297e+00 3.776247e-01 -1.332080e-01 -8.577144e-01 -9.136180e-01 3.776069e-01 -2.594382e-01 6.618740e-02 6.956409e-01 -5.585670e-03 
2.671108e+00 5.685534e+00 8.194410e-01 1.806140e+00 -4.757849e+00 2.161615e+00 1.507105e+00 1.006693e+00 4.408229e+00 8.074890e-01 6.204181e-01 2.183114e+00 -7.660472e-02 -3.206165e-01 -2.938293e-01 -2.310431e-01 6.204565e-01 6.708081e-01 -6.720542e-01 -8.266209e-01 -7.483220e-01 9.805214e-01 9.936215e-01 2.323070e-01 5.567839e-01 4.086805e-03 
5.581846e-01 1.124949e+00 -1.179588e+00 2.239797e+00 -6.725143e-01 9.946909e-01 -1.396275e+00 -5.902574e+00 -9.925029e-01 7.380208e-01 5.782375e+00 3.221555e+00 -9.402204e-02 -6.870409e-01 -9.477109e-01 -6.883158e-01 -5.719645e-01 9.306240e-01 -4.102855e-01 -8.456500e-02 -1.070548e+00 -1.592300e-01 4.683306e-01 -5.427712e-01 -6.469155e-01 3.879488e-03 
2.256279e-01 1.966111e+00 -3.610405e+00 1.930666e+00 -9.249252e-01 2.642114e+00 3.354335e-01 -2.805287e+00 2.041586e+00 3.220016e+00 5.220198e+00 4.879864e+00 -6.186223e-02 -5.983268e-01 -8.938379e-01 -9.156843e-01 -7.198678e-01 2.933837e-01 5.397908e-01 9.646177e-01 -7.627617e-01 -8.513854e-01 -8.939433e-02 -5.339751e-02 -1.399052e+00 3.102434e-03 
-2.762222e-02 1.185879e+00 -2.899183e+00 -4.488667e-01 -2.418126e+00 3.571943e+00 3.754704e+00 -3.838935e+00 -2.299665e-01 4.863518e-01 2.163079e+00 -2.134246e+00 -7.206905e-02 -1.424864e-01 -6.583713e-02 -2.727968e-01 -7.756860e-01 -4.984423e-01 6.084334e-01 1.372123e+00 3.093630e-01 -7.464802e-02 -3.237002e-01 -1.029571e+00 -1.772571e+00 3.369916e-03 
