-9.211102e+00 8.617861e-01 -3.760743e+00 -1.341544e+00 4.265342e+00 -3.718916e+00 3.401453e+00 3.243423e+00 7.593232e+00 2.401342e+00 -2.367532e+00 1.012912e+00 -6.077707e-02 -2.579899e-02 -4.438342e-01 1.103893e-01 8.974123e-01 1.208454e-01 -1.005586e-01 -3.156846e-02 -3.262813e-01 -6.370323e-01 3.593312e-01 1.499184e+00 1.715276e-02 3.678083e-03 
-9.128051e+00 5.370724e-01 -2.306255e+00 1.807547e+00 5.054204e+00 -2.314170e+00 4.847592e+00 4.183306e+00 4.430753e+00 2.856268e-01 2.185560e+00 1.225200e+00 -5.484951e-02 -3.201332e-02 -2.217124e-01 3.733676e-01 1.337140e+00 4.881799e-01 -1.507119e-01 -4.103754e-01 -7.156261e-01 2.447567e-02 1.475073e+00 1.663881e+00 -2.503524e-02 8.763075e-04 
-9.381623e+00 -1.195028e+00 -3.936041e+00 1.570972e+00 4.475138e+00 -4.924081e+00 2.520542e+00 1.142076e+00 5.989310e+00 5.255856e+00 2.851841e+00 9.925311e-01 -4.535043e-02 -5.410366e-02 2.409379e-01 6.614937e-01 6.773314e-01 3.177589e-01 9.744349e-01 2.553802e-01 -1.277760e+00 2.390651e-01 3.962851e-01 1.031759e+00 2.989992e-01 4.498184e-03 
-9.285909e+00 7.816315e-01 -1.806256e+00 3.887899e+00 6.601344e+00 -3.869892e+00 1.790032e+00 7.159667e-01 8.517571e+00 8.349450e+00 3.342187e+00 8.979255e-01 -6.410885e-02 -4.216652e-01 4.557018e-02 5.794898e-01 -7.091881e-02 -3.753566e-02 9.366846e-01 -6.830845e-02 -6.482109e-01 4.593593e-02 -5.071682e-01 1.612054e-01 6.906252e-01 2.049088e-03 
-9.402692e+00 1.944196e+00 -7.032740e-01 1.004937e+00 5.080566e+00 1.931120e+00 6.207135e+00 -1.411705e+00 6.745149e+00 3.508564e-01 2.212949e+00 2.671545e+00 -3.365648e-02 -2.587509e-01 -6.300521e-02 4.945635e-01 -1.368274e-01 -5.850360e-01 1.198954e+00 3.495187e-01 5.677272e-01 -5.929697e-01 -2.300847e+00 -2.700512e-01 1.697299e+00 -4.845619e-04 
-1.122584e+01 -8.046886e-01 -1.025189e+00 1.735970e+00 4.563811e+00 -1.058348e+00 2.662753e+00 2.219142e+00 4.282514e+00 2.022855e-01 3.311033e+00 3.838819e+00 -5.045104e-02 -2.344704e-01 -4.026279e-01 -1.734011e-01 -7.850685e-01 -1.668231e+00 6.092966e-01 6.451765e-01 9.267853e-01 -1.409502e+00 -1.990606e+00 2.453212e-01 4.234048e-01 3.530133e-03 
-9.705411e+00 -7.168940e-01 -1.853757e+00 1.962800e+00 2.568724e+00 -3.350847e-01 3.831775e+00 3.229124e+00 5.141991e+00 -2.174797e+00 1.517162e+00 8.008581e+00 -5.460215e-02 1.340935e-01 1.665409e-02 -4.245268e-01 -4.778441e-01 -5.762779e-01 -1.757084e-01 -3.920127e-01 7.524785e-01 -8.989757e-01 6.490911e-01 4.759951e-01 -2.272266e-01 -3.466022e-03 
-1.030690e+01 9.903729e-02 -2.098020e+00 -5.163746e-01 -4.838910e-01 3.096931e-01 6.203595e+00 3.029479e+00 2.271640e+00 -3.407531e-01 4.916687e+00 3.464319e-01 -3.598535e-02 1.246309e-01 3.050571e-01 -6.435263e-01 -9.637821e-01 8.214712e-02 4.402188e-01 -3.992258e-01 -8.796557e-01 3.928815e-02 2.014462e+00 5.805443e-01 4.279246e-02 1.836967e-03 
-9.191695e+00 1.575603e+00 -2.289492e+00 -2.581109e-01 4.723028e+00 3.685573e-01 2.476651e+00 1.945519e+00 3.255707e+00 3.867831e+00 3.790097e+00 3.281605e+00 -5.821943e-02 1.427336e-01 2.587681e-01 -2.876398e-01 -7.081034e-01 6.626829e-01 3.709399e-01 -1.387439e+00 -4.963833e-01 3.746060e-01 6.433008e-01 1.270417e-01 -2.616522e-01 2.994096e-03 
-1.085955e+01 -4.256517e-01 -4.024952e+00 -1.972485e+00 3.897395e+00 7.909250e-01 1.344186e+00 -1.537333e+00 5.422096e+00 7.253279e+00 5.077286e+00 6.416269e+00 -3.945756e-02 4.339653e-01 2.823549e-01 -3.454223e-01 1.483987e-01 1.297269e+00 -3.637729e-01 -9.717442e-01 3.640429e-01 5.038729e-01 -3.202500e-01 -8.362100e-01 1.249768e+00 1.338637e-03 
-8.715421e+00 8.392909e-01 -2.328489e+00 -8.496618e-01 3.691496e+00 1.278999e+00 -6.757150e-01 3.030614e+00 5.439793e+00 -2.755309e+00 2.072070e+00 3.665401e+00 -3.789556e-02 5.085643e-01 3.549694e-01 7.983808e-02 5.862797e-01 3.156890e-01 -2.965913e-01 2.491043e-01 7.048580e-01 1.322578e-01 -6.627851e-01 -1.240083e+00 1.129767e-01 7.327795e-05 
-8.375212e+00 1.878968e+00 -3.805633e+00 5.213944e-01 6.518222e+00 -1.964392e+00 2.921056e+00 4.307146e+00 3.698961e+00 1.369567e+00 1.594650e+00 6.403373e+00 -3.945410e-02 2.545144e-01 5.467638e-01 1.792950e-01 3.598515e-01 -3.106025e-01 -9.171435e-01 8.339111e-01 2.772336e-01 -1.289685e-01 -2.434659e-02 -2.388540e-01 -3.793959e-01 -4.955244e-03 
-7.891041e+00 2.198141e+00 -1.999962e+00 1.426348e+00 4.991060e+00 2.632595e-01 2.933737e+00 2.547569e+00 4.778563e+00 3.495761e+00 -6.690015e-01 3.852937e+00 -5.785477e-02 -4.323358e-01 -5.425475e-01 1.704603e-01 -3.934855e-02 -5.762243e-02 -7.561545e-01 1.396126e-01 -8.296865e-01 1.924869e-01 1.215434e+00 9.904561e-02 -4.762874e-01 -8.156275e-03 
-9.999164e+00 1.628742e+00 -3.292742e+00 -1.311232e+00 1.694600e+00 -3.286923e+00 3.709015e+00 9.035712e-02 5.107869e+00 4.006011e+00 5.253552e+00 4.425521e+00 -5.425417e-02 -6.386636e-01 -1.165514e+00 -1.037936e-01 -5.204037e-01 -7.380196e-01 -1.842721e-01 -1.647643e+00 -1.774722e+00 3.136513e-01 -8.124261e-01 1.123050e+00 -4.303616e-01 -4.110300e-03 
-1.006512e+01 -1.748334e+00 -1.732634e+00 -1.300912e-01 5.815194e+00 -1.840509e+00 -3.716316e-01 9.905757e-01 5.697773e+00 2.003641e+00 7.378474e-01 2.272890e+00 -7.127690e-02 -5.422695e-01 -9.053521e-01 -5.029905e-03 -5.336167e-01 -1.113853e+00 -1.393209e-01 -1.887076e+00 -1.324664e+00 1.489824e-01 -1.870343e+00 -4.975764e-01 -4.899418e-01 2.033138e-03 
-1.048149e+01 -1.975363e+00 -4.458265e+00 -1.302405e+00 2.416056e+00 -1.833869e+00 -3.664475e+00 -3.787967e+00 4.807613e+00 -1.946503e+00 6.506478e+00 5.041589e+00 -5.329454e-02 -3.205618e-01 -5.968273e-01 3.884873e-01 2.572654e-01 -4.063344e-01 -3.499816e-02 -6.730834e-01 4.910418e-01 1.946335e-01 -1.219994e+00 -1.254582e+00 1.498247e-01 7.116079e-04 
-1.036123e+01 -5.265667e-01 -1.442349e+00 -1.246149e+00 -9.389348e-01 -1.159872e+00 -2.814897e+00 -2.136591e+00 5.673603e+00 -2.879696e+00 -3.783346e+00 1.095195e+00 -4.816890e-02 1.555772e+00 7.908648e-01 -5.538760e-01 -1.028694e+00 -1.306630e+00 -1.553944e+00 6.434955e-02 -1.277499e-01 -8.115638e-01 -1.340507e-01 -4.955376e-01 -4.147139e-01 2.720749e-03 
-1.145392e+01 -1.966278e+00 -1.495447e+00 5.331234e-01 3.039993e+00 -3.802232e+00 1.565231e+00 4.109149e+00 6.093122e+00 3.477085e-01 1.241238e+00 5.763492e+00 -6.225014e-02 3.607388e+00 9.080557e-01 -7.242433e-01 -1.404010e+00 -1.028672e+00 -2.972813e+00 -9.563688e-01 -5.035879e-01 -1.920670e+00 3.978758e-01 -1.006366e+00 -1.455024e+00 2.378023e-02 
-1.800045e+00 2.201447e+00 -5.983423e+00 -6.191327e+00 -1.029927e+00 -8.626050e+00 -2.664737e+00 -3.596732e+00 9.972000e-01 1.862813e-01 8.927795e-01 -1.616315e-01 -5.319536e-02 3.159775e+00 9.037380e-01 -6.452405e-01 -4.126786e-01 -7.551110e-01 -2.332268e+00 -2.041211e+00 -2.292547e+00 -1.829847e+00 5.105766e-01 4.616307e-01 -4.356989e-01 1.954508e-02 
3.274861e+00 1.200908e+00 -5.808945e+00 -5.849865e+00 -2.681808e+00 -1.296485e+01 -8.521399e+00 -5.575836e+00 -2.457534e+00 -1.490113e+00 -8.634166e-01 -1.605120e+00 6.811982e-02 2.330017e+00 -2.101468e+00 -1.801957e+00 -1.616098e+00 -9.159892e-01 1.395395e+00 -1.033673e+00 -1.594489e+00 -3.414029e-01 4.813305e-01 3.267735e-01 -8.812037e-01 5.843024e-02 
-1.926741e+00 2.408530e+00 -2.511803e+00 -1.180477e-01 -1.853590e+00 -8.239903e+00 -7.977634e+00 -8.756834e+00 7.996984e-01 5.920975e-01 -4.228652e-01 2.601006e+00 -1.562846e-02 3.070986e-01 -4.598295e+00 -1.913165e+00 -1.960181e+00 -2.503275e-01 3.399325e+00 3.646374e-01 3.473674e-01 8.780001e-01 6.975075e-01 9.303833e-01 -1.944389e-01 8.649859e-02 
2.595105e-01 -1.257716e+01 -1.224104e+01 -1.058401e+01 -1.128122e+00 2.981671e+00 -9.466848e-01 -1.283245e+00 4.484858e+00 2.551453e+00 3.532928e+00 -2.384484e-02 2.111176e-01 -8.147793e-01 -2.281012e+00 -1.674900e+00 -1.419631e+00 1.071218e+00 3.129815e+00 8.560630e-01 9.625683e-01 6.787273e-01 3.950430e-01 1.377239e+00 1.017629e+00 2.237399e-02 
1.243123e+00 -1.390099e+01 -1.233320e+01 -1.362516e+01 -3.058407e+00 3.973186e-01 -4.628907e+00 -4.006190e+00 1.916005e+00 1.653036e+00 3.346524e+00 -1.924463e+00 3.077987e-01 -1.360351e+00 2.164772e-01 6.882612e-02 4.212697e-01 2.251246e+00 1.399537e+00 1.060410e+00 4.004351e-01 -1.274585e+00 3.045056e-01 7.208262e-01 2.098980e-01 -2.515479e-02 
-2.383967e+00 -2.049389e+00 -9.272745e+00 -6.194466e+00 3.276692e+00 -1.634383e+00 -5.915448e+00 -3.138317e+00 3.779488e-01 -4.536742e-02 4.138081e+00 5.745760e+00 1.827621e-02 -2.719137e+00 3.015894e+00 3.469491e+00 3.328838e+00 3.054791e+00 -5.193259e-01 -2.641308e-01 1.454627e-01 -1.068723e+00 3.765280e-01 5.104675e-01 1.164716e+00 -8.029938e-02 
-7.406755e+00 -1.772968e+00 -3.651822e+00 -2.064703e-01 7.200233e+00 1.065809e+00 -1.912003e-01 -5.827123e+00 -3.519773e+00 3.413035e+00 2.878689e+00 7.656933e-01 -4.498172e-02 -3.224971e+00 1.680702e+00 4.154639e+00 3.803873e+00 1.806351e+00 9.544449e-01 5.179856e-01 1.349351e+00 5.770472e-01 1.072059e+00 -2.121602e-01 4.300219e-01 -3.982682e-02 
-9.011233e+00 -3.561701e+00 7.657193e-01 -6.491647e-01 9.016515e+00 5.079633e-02 -4.486192e+00 3.545347e-01 1.859130e+00 3.554093e+00 6.319183e+00 4.454659e+00 -1.398909e-02 -2.979048e+00 -4.234503e-01 3.440921e+00 3.625847e+00 -9.504455e-01 2.884999e+00 1.687327e+00 2.286358e+00 2.690003e+00 1.019679e+00 -4.256469e-01 -1.050143e+00 8.776744e-02 
-1.156810e+01 -4.741329e+00 3.420765e+00 2.621552e+00 3.103435e+00 4.326953e+00 -2.753606e+00 9.941394e-01 4.060651e+00 5.213600e+00 1.195172e+00 8.711963e-01 1.247972e-01 -1.683249e+00 8.721979e-01 3.412996e-01 2.700427e+00 -1.637246e+00 1.016685e+00 4.541292e-01 2.023040e+00 2.493015e+00 9.938622e-03 -3.913588e-02 -6.954703e-02 9.895862e-02 
-1.519853e+01 -2.682460e+00 4.395567e+00 1.052076e+01 5.728631e-01 1.116004e+01 3.802391e+00 4.882841e+00 1.003775e+01 4.152745e+00 2.851605e+00 4.422949e-01 3.722239e-01 -1.105275e+00 1.586661e+00 -2.760278e+00 1.690334e+00 -1.340674e+00 1.810415e-01 2.783700e+00 9.671168e-01 8.311973e-01 -4.462540e-01 -1.901341e-01 -9.784099e-01 1.124882e-01 
-1.272935e+01 2.148401e+00 -3.760248e+00 7.710700e+00 3.235830e+00 5.946107e-01 -2.064846e+00 2.023926e+00 4.855994e+00 3.163403e+00 4.416799e+00 2.424140e+00 2.567049e-01 -6.796576e-01 1.215731e+00 -1.415789e+00 -6.239927e-01 1.147874e+00 -1.860536e+00 1.175010e+00 -1.444682e+00 -1.021662e-01 -9.582537e-01 -5.475758e-01 -6.507157e-01 8.170918e-02 
-1.395698e+01 9.267395e-01 -9.445163e+00 5.257930e+00 2.246947e+00 2.822175e+00 9.087931e+00 4.675225e+00 5.617444e+00 2.347922e+00 3.757699e+00 -1.213862e+00 4.824980e-01 -5.716316e-01 -2.048962e-01 1.342966e+00 -1.665476e+00 1.825292e+00 -2.873102e+00 3.935228e-01 -2.424207e+00 -8.800869e-01 -9.339768e-01 -5.636214e-01 -1.888839e-01 3.001866e-02 
-1.558716e+01 -4.672720e-01 3.262187e+00 2.133003e+00 8.005764e+00 -8.067947e-01 4.786720e-01 -6.125465e+00 5.759973e+00 1.324743e+00 -1.995754e+00 -1.554304e+00 4.782060e-01 -6.307650e-01 -1.846891e+00 2.690233e+00 -2.035483e+00 4.519811e-02 -1.593491e+00 7.881814e-01 -4.889965e-03 -8.526713e-01 -2.185294e+00 -5.946018e-01 -1.599760e-02 2.991101e-02 
-1.662779e+01 -2.399105e+00 7.599181e+00 4.982228e+00 7.314356e+00 -2.504766e+00 4.498246e+00 -3.163497e+00 5.185327e+00 4.021909e-01 3.239775e+00 1.487098e+00 4.115666e-01 -3.167580e-01 -2.001289e+00 1.475564e+00 -2.280655e+00 -7.732181e-01 -2.859066e+00 -1.793248e+00 9.287731e-01 -1.569749e+00 -2.696376e+00 -7.959008e-01 7.817173e-01 2.215683e-02 
-1.454777e+01 -5.423134e+00 1.168745e+00 -2.328863e+00 9.281163e-01 -4.709373e+00 4.170904e+00 5.918838e+00 8.086958e-01 -6.790203e+00 1.702752e+00 9.936727e-01 4.417256e-01 1.016103e+00 -2.970088e+00 -2.964208e+00 -2.114865e+00 -2.114811e+00 -3.661542e+00 -1.584389e+00 2.508526e+00 -1.974080e+00 -1.639694e+00 5.237113e-01 1.442400e+00 2.114921e-02 
-1.606046e+01 -6.601776e+00 -1.020622e+00 -3.914410e+00 1.919680e+00 -9.521867e+00 -1.724424e+00 3.296940e+00 2.443376e-01 -7.076486e+00 -2.071058e+00 1.420736e+00 6.115224e-01 1.785424e+00 -1.654587e+00 -1.872209e+00 -5.379043e-01 -1.832667e+00 -3.039579e+00 -2.034703e+00 5.126796e-02 -1.239020e+00 -9.405991e-01 6.495491e-01 1.792262e-01 -2.907923e-02 
-1.079031e+01 -1.321638e+01 -7.248952e+00 -3.993001e+00 1.290469e-01 -1.560596e+01 -4.331936e+00 3.186947e+00 -1.639933e+00 -3.134388e+00 3.278219e+00 5.690877e+00 4.839742e-01 1.281065e+00 -3.316098e-01 1.649322e+00 3.001244e+00 4.349750e-01 -2.951967e-01 -5.955595e-01 -1.828400e+00 -7.850969e-01 -1.117485e-01 1.459930e+00 -6.968090e-01 -9.945175e-02 
-9.579396e+00 -6.775417e+00 2.446983e+00 3.124775e+00 -1.449444e+00 -1.225437e+01 -1.423851e+00 -1.541212e+00 2.145424e-01 -6.128712e+00 5.699787e+00 3.462660e-02 2.450462e-01 1.137476e+00 2.265973e+00 2.140882e+00 2.557797e+00 1.353568e+00 2.840136e+00 1.166040e+00 -1.921847e+00 1.876034e-01 1.447127e+00 1.308744e+00 -5.076026e-01 -1.675498e-01 
-1.138298e+01 -6.994363e+00 7.681551e+00 9.157766e+00 4.787553e+00 -4.819105e+00 1.042819e+00 -8.040873e-01 -3.101891e+00 -7.822833e+00 5.116978e+00 -1.797318e+00 1.277050e-01 9.290251e-01 4.186496e+00 1.173063e+00 1.054078e+00 1.858454e+00 5.049609e+00 1.269656e+00 -2.196262e+00 1.436085e-02 1.416060e+00 -1.012432e+00 2.649012e-01 -1.324994e-01 
-1.007675e+01 1.617080e+00 2.218534e+00 2.299192e+00 6.358269e+00 -7.146142e-01 1.418398e+00 -4.316779e+00 1.913333e+00 2.503370e+00 3.553282e+00 2.626821e+00 -4.809213e-02 1.048352e+00 2.500851e+00 -1.845312e+00 -1.118480e+00 7.354463e-01 3.832742e+00 1.350878e+00 6.661661e-01 5.365172e-01 1.585278e+00 -2.358366e+00 7.373889e-01 -6.667353e-02 
-5.896509e+00 3.519852e+00 -1.269413e+00 1.690182e+00 5.517460e+00 3.872212e+00 5.952168e-01 -6.406579e+00 -2.417524e+00 -3.701286e-01 -7.106866e-01 5.719286e+00 -3.195345e-02 3.117314e+00 2.765108e+00 -1.313505e+00 2.235185e-01 6.799108e-01 2.008494e+00 1.096687e+00 1.792212e+00 1.562894e+00 4.294993e-01 -2.881483e+00 5.037712e-01 -2.482426e-03 
-7.080871e+00 4.717278e-01 -2.304097e+00 1.266166e+00 1.862834e+00 2.563681e+00 5.554339e+00 4.590864e+00 2.554945e+00 -1.928672e+00 -3.178213e+00 -3.673112e-02 -8.492231e-03 3.470348e+00 2.778002e-01 5.719677e-01 1.400289e+00 1.036945e+00 1.477076e+00 1.465818e+00 2.467152e+00 2.809826e-01 -1.754523e+00 -8.450384e-01 -1.128165e+00 7.851792e-02 
2.705648e+00 7.403852e+00 3.375344e+00 1.079187e+01 1.043482e+01 3.584219e+00 4.458282e+00 3.703148e+00 4.391770e+00 -3.459315e+00 -5.924690e+00 2.053314e+00 9.549290e-02 1.907428e+00 -1.382529e+00 -3.795036e-01 -4.634805e-01 5.129578e-01 -2.770931e-01 4.666993e-01 5.565138e-01 8.423780e-01 -6.679643e-01 6.030031e-01 -2.583056e+00 1.000422e-01 
2.973915e+00 1.064082e+00 2.755994e+00 4.749793e+00 9.084312e+00 6.814762e+00 6.815955e+00 2.964119e+00 -8.640122e-02 -4.724652e+00 1.935092e+00 -1.181021e+00 2.807743e-01 2.294194e-01 -1.526802e+00 -8.190104e-01 -1.830929e+00 -7.389703e-01 -1.080350e+00 -1.342541e+00 -1.400019e+00 -9.549749e-01 -8.737987e-02 -6.526451e-02 -1.918311e+00 9.542239e-02 
-1.386761e+00 -3.688969e+00 -5.696976e+00 -2.369034e+00 4.471510e+00 3.612063e-01 2.297906e+00 -2.810637e+00 3.115039e+00 -2.311960e+00 -2.523230e-01 -6.623850e+00 3.236243e-01 -1.951007e+00 -2.191312e+00 -1.927021e+00 -2.847965e+00 -3.343043e+00 -1.446218e+00 -9.563634e-01 -1.380621e-01 -9.661534e-02 1.510252e+00 8.591526e-01 -1.748751e-01 6.227785e-02 
-3.887569e+00 -1.615872e+00 -1.862989e+00 -1.308025e+00 1.149640e+00 -1.226562e+00 -7.817984e-02 8.476595e-01 -1.581563e+00 -2.939249e+00 -6.340719e+00 -5.289703e+00 3.545540e-01 -1.812759e+00 -1.133108e+00 -1.861445e+00 -1.415889e+00 -2.718114e+00 -1.296365e+00 -1.735811e+00 -3.300303e-01 -3.455094e-01 -2.394187e-01 -5.609786e-01 1.566879e+00 3.515692e-02 
-3.618645e+00 -2.212731e+00 -3.950272e+00 -4.190450e-01 -2.313053e+00 3.737924e-01 3.123532e+00 4.071068e+00 4.656275e+00 3.199245e+00 2.508978e+00 3.233280e+00 3.699923e-01 -5.221670e-01 7.936008e-02 -4.876031e-01 6.422508e-02 -2.075826e+00 4.661490e-01 -4.040534e-01 5.285100e-01 -5.140949e-01 -6.836199e-01 5.915894e-02 2.446965e+00 4.097513e-02 
-4.973936e+00 -5.339578e+00 -7.424583e+00 -3.304645e+00 -1.113975e+00 3.266408e-01 -2.275911e+00 -2.126884e+00 -2.584566e+00 -8.677348e+00 -2.250452e+00 1.724808e+00 4.333749e-01 1.948990e-01 9.499384e-02 -6.889615e-01 5.300319e-01 -1.902409e+00 7.223629e-01 3.916702e-02 -1.017163e+00 -3.165165e-01 -4.314663e-01 5.351129e-01 5.181286e-01 4.465963e-02 
-3.454412e+00 -1.430316e+00 -5.354195e+00 -1.049598e+00 -4.775813e+00 1.915350e+00 1.376504e+00 1.319185e+00 1.046065e+00 -2.861010e+00 -2.001662e+00 2.103721e+00 4.890895e-01 6.118364e-02 4.441856e-01 2.894187e-03 8.393429e-01 -1.444431e+00 -1.506757e-01 -4.601201e-01 -7.883242e-01 -1.001527e+00 6.909700e-02 -1.063743e+00 -6.186224e-01 4.472129e-02 
-2.995191e+00 -1.532111e+00 -4.605835e+00 1.657411e+00 -7.131024e+00 1.614474e+00 9.911692e-01 -2.862214e+00 -1.359041e+00 -2.066453e+00 -1.409834e+00 -2.134280e+00 5.183035e-01 2.510431e-01 1.517419e+00 5.216609e-01 1.522321e+00 5.402035e-01 1.722513e-01 -5.374918e-02 -1.081473e+00 -4.730878e-02 1.874439e+00 3.119135e-03 1.008803e+00 2.673205e-02 
-4.302099e+00 -1.895537e+00 -5.345175e+00 1.296641e+00 -6.526685e+00 -1.023503e+00 -8.106084e-01 4.971114e-01 -9.641223e-01 2.392824e-01 -3.230045e+00 2.069712e+00 5.511345e-01 -3.718496e-01 8.033411e-01 6.698062e-02 1.246235e+00 1.573360e+00 1.090873e+00 -1.578101e-01 -1.054900e+00 5.030615e-02 2.325320e-01 4.655186e-01 1.362776e-01 1.342554e-02 
-3.294877e+00 2.480128e+00 -4.820788e+00 3.133843e+00 2.462479e+00 2.657324e+00 -1.451100e+00 -7.123212e+00 -1.816016e+00 -8.552965e-01 -1.620664e+00 6.785826e+00 5.360126e-01 -7.956128e-01 4.084334e-01 -2.058895e-01 9.421131e-01 9.460806e-01 8.689646e-02 4.283449e-01 3.402515e-01 6.454915e-01 1.922107e-01 7.003649e-01 3.503587e-01 1.270366e-03 
-5.163817e+00 5.802703e-01 -4.911815e+00 4.443360e+00 -1.705764e+00 6.848292e+00 1.808589e+00 -1.824817e+00 1.526084e+00 -2.303928e+00 4.313460e-01 -1.674944e+00 5.473627e-01 -5.662330e-01 4.008466e-01 -3.511154e-01 1.372727e+00 2.392693e-01 -5.191777e-01 -1.602838e-01 -4.943787e-01 2.018575e-01 -1.632070e-01 -5.542523e-01 -1.604678e+00 -7.423377e-03 
-6.542396e+00 -7.278469e-01 -5.851963e+00 4.794617e+00 -4.811081e+00 -1.886941e+00 1.823295e+00 7.867813e-06 6.233137e-01 1.662054e-01 2.612948e-01 1.489841e+00 5.265412e-01 -2.056124e-01 3.106193e-01 -8.620874e-01 4.850006e-01 -7.743721e-01 -9.547119e-01 -2.891074e-01 6.951577e-01 -4.627794e-01 3.664757e-02 -7.064984e-01 -1.133128e+00 -1.287143e-02 
-5.509505e+00 1.712684e+00 -6.585165e+00 7.329889e+00 -1.693558e+00 -1.347259e+00 -3.249225e+00 -5.536392e+00 -1.174500e+00 -1.087503e+00 -6.942286e+00 -3.305685e+00 5.187533e-01 7.030481e-01 4.137046e-01 -5.597521e-01 -1.004184e+00 7.203244e-01 -1.103844e+00 -7.022153e-01 4.449024e-01 -3.835413e-01 -7.819577e-01 -5.943282e-01 2.851818e-01 -5.382573e-02 
-4.150095e+00 3.467017e+00 -8.294551e+00 4.115581e+00 -1.415484e+00 1.981539e+00 -3.677306e-01 -1.791636e+00 -2.779622e+00 -1.280271e+00 -1.466341e+00 1.935558e+00 4.859602e-01 1.059853e+00 5.719692e-01 1.720350e-01 -9.224427e-01 8.535815e-01 1.644964e-01 -8.743815e-02 -3.564091e-02 -6.769348e-01 -1.842597e+00 -2.708688e-01 7.617714e-01 -8.409403e-02 
-2.844728e+00 5.513613e-01 -6.489282e+00 -2.380449e-01 1.980596e-01 -6.051661e-01 -6.069746e-01 1.295517e+00 1.309845e+00 -5.490479e+00 -1.676477e+00 -4.718943e-01 2.985246e-01 4.126740e-01 2.340312e-02 7.517362e-02 -6.090727e-01 1.463516e-01 -5.843156e-01 2.771315e-01 1.162311e-01 -6.059259e-01 -1.278212e+00 1.183654e+00 2.158790e+00 -7.817969e-02 
-2.575519e+00 2.712661e+00 -5.039730e+00 3.966371e+00 -1.488983e+00 -1.435506e+00 6.497908e-02 -3.594151e+00 -4.003533e+00 -6.845294e+00 -3.725954e+00 3.881803e+00 2.161855e-01 -8.240519e-02 -1.480709e+00 9.860101e-02 -8.840169e-01 -3.799008e-01 -3.432829e-01 1.472764e+00 5.115501e-01 1.883373e+00 1.326064e+00 5.104407e-01 3.179391e-01 2.646760e-02 
-4.233423e+00 2.206878e+00 -7.836708e+00 4.359131e+00 -9.250512e-01 -2.560315e+00 -2.079923e+00 -4.053979e+00 -3.592174e+00 -4.696053e+00 1.057915e-01 6.515144e+00 2.627422e-01 -1.157069e-01 -1.926229e+00 -5.487474e-01 -1.233976e+00 -8.390751e-01 5.183392e-01 2.325699e+00 1.590577e+00 3.162735e+00 3.424134e+00 1.157236e+00 2.393354e-01 1.531588e-01 
-3.867773e+00 -4.764286e+00 -7.127833e+00 -2.603091e+00 -2.753433e+00 1.242699e+00 7.732563e+00 3.440862e+00 9.088254e+00 4.952836e+00 1.947286e-01 3.173447e-02 6.361893e-01 6.163645e-02 -1.255577e+00 9.119498e-01 -1.518006e+00 1.241227e-01 6.758140e-01 1.317998e+00 2.626901e+00 1.753160e+00 6.369905e-01 6.361548e-01 -2.018625e+00 1.737761e-01 
-2.777135e+00 -5.341311e+00 -8.188967e+00 -3.123194e+00 -3.365091e+00 6.474272e-01 7.187729e+00 5.730896e+00 1.057763e+01 5.731128e+00 2.149364e+00 2.649817e+00 8.543167e-01 2.153542e+00 1.442106e+00 2.856831e+00 -7.657584e-01 4.613761e-01 -1.420470e+00 -1.103225e+00 5.653942e-01 -4.659694e-01 -1.314086e+00 -8.054284e-01 -2.070877e+00 1.348470e-01 
-2.995481e+00 2.088678e-01 -3.038512e-01 1.175032e-01 3.516507e-01 3.396937e-01 2.021142e+00 4.647917e+00 -2.322636e+00 -8.873931e+00 -1.566966e+00 -4.278660e+00 7.892787e-01 3.771548e+00 2.809728e+00 2.433446e+00 9.880623e-01 1.061117e+00 -2.694129e+00 -4.270807e+00 -1.687994e+00 -2.797085e+00 -2.359934e+00 -4.424716e-01 -2.465509e-01 5.055095e-02 
6.098139e+00 6.930829e+00 3.035459e+00 -8.299584e-01 -1.707125e-01 -9.211164e+00 -4.740339e+00 -1.830536e+00 -2.165759e-01 -4.353101e+00 -3.040503e+00 -1.684044e+00 8.604323e-01 4.133545e+00 1.832749e+00 8.696418e-01 9.136108e-01 1.310294e+00 -2.467201e+00 -4.564719e+00 -1.981889e+00 -1.263204e+00 -7.978488e-01 -5.872261e-01 -2.811843e-01 1.474314e-02 
1.055233e+01 3.148284e+00 -5.728157e-01 1.190602e+00 9.549637e-01 -7.298652e+00 -7.657438e+00 -1.218391e+00 4.999301e-01 -1.804720e+00 5.773039e-01 9.659101e-01 8.858863e-01 3.238579e+00 -1.729271e-01 -1.968037e+00 5.991609e-01 1.481577e+00 -1.784836e+00 -3.871459e+00 -9.285231e-01 9.032399e-01 2.069052e+00 2.898501e-02 8.139237e-01 1.899205e-02 
1.111668e+01 2.352728e+00 -3.706275e+00 9.083103e-01 2.884723e+00 -7.869404e+00 -1.079658e+01 -1.245393e+00 2.850324e+00 -1.792721e+00 -1.858902e+00 -1.378389e+00 8.797286e-01 8.756406e-01 -1.145190e+00 -2.381221e+00 1.460476e-01 1.742765e+00 1.183653e+00 -2.342219e+00 -1.526118e+00 7.591171e-01 1.433001e+00 7.223632e-01 -4.038460e-01 3.046990e-05 
1.068814e+01 1.633283e+00 -6.773169e+00 2.244173e+00 6.231816e+00 -9.255368e+00 -1.430803e+01 -2.872697e-01 6.601140e-01 1.911386e-01 -2.012842e+00 -3.618690e-01 8.745908e-01 -8.234455e-02 -1.552977e-01 -1.040658e+00 -1.241317e+00 1.189683e+00 2.497996e+00 -9.325345e-01 -3.277424e+00 5.451320e-01 7.817589e-01 9.336897e-01 -1.101019e+00 -7.723302e-03 
1.040844e+01 1.962381e+00 -5.770470e+00 -6.265061e-01 5.904688e+00 -2.314541e+00 -1.312614e+01 -9.926687e+00 3.498918e+00 1.813974e+00 1.866385e+00 -3.039384e+00 8.662324e-01 2.110592e-01 6.873557e-01 -6.034761e-01 -1.997792e+00 4.015348e-01 2.990967e+00 8.847113e-01 -2.520266e+00 -1.143842e+00 2.074346e-01 1.996285e+00 -3.852638e-01 -8.661216e-03 
1.049473e+01 2.566969e+00 -4.744008e+00 -4.248576e+00 5.393398e+00 2.413896e+00 -1.115533e+01 -1.326487e+01 2.901294e+00 3.007265e-01 3.383109e+00 -3.708689e+00 8.540179e-01 5.872844e-01 6.757200e-01 -1.813012e-01 -2.707835e+00 5.468351e-01 2.302966e+00 1.754733e+00 -1.816255e+00 -1.557009e+00 -8.159531e-01 1.353460e+00 6.674264e-01 -5.772525e-03 
1.226868e+01 5.322663e+00 -7.738236e+00 -5.834275e+00 5.311606e+00 1.250798e+00 -7.949371e+00 -7.357925e+00 -3.989479e+00 -8.103425e-01 5.424549e+00 -1.631299e+00 8.467090e-01 1.447850e+00 4.473239e-01 -1.347223e+00 -1.933924e+00 6.343734e-01 5.112296e-01 1.116403e+00 4.401232e-01 -2.629228e+00 2.449638e-01 -2.201080e-01 1.446017e+00 2.501124e-03 
1.269444e+01 3.331742e+00 -6.695791e+00 -8.691115e+00 9.262533e+00 4.767922e-01 -8.122749e+00 -1.065293e+01 -3.380734e+00 -2.576468e+00 2.975376e+00 2.271220e+00 8.554899e-01 2.280985e+00 -3.216867e-01 -2.815108e+00 -1.017418e+00 5.061215e-01 4.856063e-01 -8.376258e-01 5.796208e-01 -1.225147e+00 1.077893e+00 -8.223671e-01 1.329402e+00 1.533828e-02 
1.654783e+01 3.816614e+00 -1.153069e+01 -8.074856e+00 7.141988e+00 1.210159e+00 -9.060411e+00 -9.032042e+00 -6.506209e+00 4.477391e+00 9.697117e-01 1.200748e+00 8.780020e-01 2.826981e+00 -8.723749e-01 -3.998786e+00 4.685360e-01 1.025489e+00 1.220301e+00 -4.508399e+00 1.487152e+00 6.971780e-01 2.121679e+00 -1.311292e+00 -3.167863e-02 2.888175e-02 
1.976008e+01 1.711560e+00 -1.692332e+01 -8.215373e+00 7.008815e+00 4.862247e+00 -1.478794e+01 -9.529703e+00 -1.966074e+00 3.046327e+00 1.498692e+00 1.522299e+00 9.150628e-01 2.469252e+00 -1.558583e+00 -3.576059e+00 2.346428e+00 2.146185e-01 1.062606e+00 -5.994587e+00 3.235030e+00 2.378702e+00 1.990188e+00 -1.319161e+00 -1.123679e+00 3.723495e-02 
2.287077e+01 1.770880e+00 -2.261840e+01 -3.729466e+00 1.156591e+01 5.159575e+00 -2.715877e+01 -4.837751e-01 -1.210919e+00 6.986653e+00 -3.935710e-01 -1.415231e+00 9.613312e-01 6.297450e-01 -2.170239e+00 -1.007146e+00 3.052197e+00 1.479590e-01 -8.507110e-01 -5.209604e+00 4.810378e+00 3.132673e+00 3.435272e-01 -1.871175e+00 -1.441369e+00 3.257402e-02 
2.187923e+01 -3.438306e+00 -1.903223e+01 8.683292e-01 8.123663e+00 3.815117e+00 -2.904650e+01 1.248088e+00 5.865132e+00 6.119840e+00 -2.938788e+00 -2.039186e+00 1.000000e+00 -9.281695e-01 -2.226573e+00 1.282282e+00 3.619512e+00 -9.886795e-01 -2.895289e+00 -2.688124e+00 6.470335e+00 2.396792e+00 -2.091156e+00 -1.711455e+00 -9.274063e-01 1.925055e-02 
1.863698e+01 -4.459646e+00 -1.551197e+01 2.644276e+00 7.324359e+00 -2.519831e+00 -2.797915e+01 9.630951e+00 5.241555e+00 4.658270e+00 -6.167426e+00 -4.225354e+00 9.984035e-01 -1.957994e+00 -2.126688e+00 3.048420e+00 3.195236e+00 -3.045156e+00 -3.002280e+00 1.247274e+00 4.703146e+00 2.409408e+00 -5.162834e+00 -3.068540e-01 5.870146e-01 -1.134908e-03 
1.723613e+01 -6.306043e+00 -1.406513e+01 6.695317e+00 4.186194e+00 -5.774494e+00 -2.781837e+01 1.776461e+01 6.791648e+00 -6.245263e+00 -4.171653e+00 -1.709671e+00 9.927794e-01 -1.812928e+00 -1.278888e+00 3.392822e+00 2.427190e+00 -3.518101e+00 -3.191441e+00 3.984690e+00 4.041903e+00 -9.141997e-01 -4.693601e+00 1.366845e+00 1.182555e+00 -1.904467e-02 
1.540235e+01 -7.428692e+00 -9.859851e+00 9.333221e+00 -1.691133e+00 -5.057017e+00 -2.153647e+01 1.477369e+01 1.037287e+01 -1.264497e+01 -1.311408e+00 1.355085e+00 9.592670e-01 -1.482391e+00 -6.269598e-01 3.485968e+00 1.327523e+00 -3.472661e+00 -2.026863e+00 4.679994e+00 2.870278e+00 -3.361172e+00 -2.656634e+00 2.221345e+00 1.390409e+00 -2.597816e-02 
1.443191e+01 -8.348226e+00 -4.894180e+00 9.659808e+00 -4.959099e+00 -1.087349e+01 -1.234439e+01 1.888623e+01 -1.271521e+00 -8.696550e+00 1.467430e+00 1.083369e+00 9.243449e-01 -1.247147e+00 1.202432e-01 4.293775e+00 -9.642016e-01 -2.304561e+00 -1.430786e+00 5.185966e+00 3.889402e-01 -4.260060e+00 3.985334e-01 1.586084e+00 1.886481e-01 -3.307421e-02 
1.262714e+01 -6.573354e+00 -2.667603e+00 7.799648e+00 -5.466303e+00 -1.010464e+01 -1.231617e+01 2.342153e+01 -7.532722e+00 -7.399254e+00 2.119758e+00 1.330172e+00 9.027300e-01 -1.411375e+00 1.071331e+00 4.234841e+00 -2.481947e+00 -1.487279e+00 -3.486946e-01 3.822423e+00 -1.007656e+00 -3.474481e+00 1.163325e+00 1.184628e+00 -5.882586e-01 -3.129875e-02 
1.238800e+01 -6.132496e+00 3.807625e+00 2.641096e+00 -5.449025e+00 -1.040461e+01 -6.498692e+00 1.538539e+01 -5.555859e+00 -6.875452e+00 2.043185e+00 -7.539749e-01 8.556768e-01 -1.458376e+00 1.740907e+00 3.567354e+00 -2.301542e+00 -1.457983e+00 4.630495e-01 3.142899e+00 -2.582452e+00 -2.038520e+00 1.022561e+00 1.752812e+00 -1.638493e+00 -2.499725e-02 
9.367434e+00 -3.179901e+00 6.963449e+00 4.328418e-01 -8.882568e+00 -7.034933e+00 -5.347206e+00 1.148583e+01 -4.857373e+00 -7.738893e+00 4.323857e+00 -6.675366e-01 8.371073e-01 -1.068935e+00 1.649135e+00 3.352592e+00 -1.887210e+00 -1.949846e+00 9.601368e-01 2.788310e+00 -3.514280e+00 -9.210567e-01 1.827655e+00 3.222795e-01 -6.759633e-01 -2.365945e-02 
8.769881e+00 -1.340419e+00 8.127064e+00 1.835504e+00 -1.054088e+01 -1.009310e+01 -1.143789e-01 1.194182e+01 -1.280179e+01 -3.413925e+00 9.129439e+00 -6.110243e+00 8.321700e-01 -9.527252e-01 1.762532e+00 2.129033e+00 -4.644358e-01 -2.695768e+00 1.538027e+00 1.761903e+00 -2.295810e+00 -1.057896e+00 2.127506e+00 2.087388e-01 -2.636647e-01 -1.929614e-02 
9.091521e+00 -7.237192e-01 1.193564e+01 -1.233603e+00 -1.266961e+01 -5.459713e+00 -1.566773e+00 7.571919e+00 -8.515038e+00 8.255482e-03 1.880276e-01 6.284899e-01 7.961861e-01 -6.486236e-01 1.691627e+00 2.074930e+00 -7.951957e-01 -2.376956e+00 2.134964e+00 4.347566e-01 -1.581287e+00 -3.852638e-01 2.657121e+00 -6.648949e-01 -4.516076e-01 -2.037193e-02 
7.762328e+00 1.452075e+00 1.196670e+01 1.152139e+00 -1.703435e+01 -3.502084e+00 4.206071e-01 5.863303e+00 -9.016506e+00 -1.114940e-01 5.154793e+00 -2.720312e+00 7.796567e-01 -8.315910e-01 2.129327e+00 1.665033e+00 -1.601950e+00 -9.907719e-01 2.585858e+00 -9.777510e-01 -2.033693e+00 2.056291e+00 9.778099e-01 -7.198248e-01 2.726121e-02 -2.275930e-02 
6.628092e+00 3.881989e+00 1.541828e+01 -3.201454e+00 -1.752061e+01 3.443765e-01 -3.440916e+00 6.618657e+00 -8.676336e+00 3.895496e+00 2.986705e+00 -4.620541e+00 7.615043e-01 -8.415278e-01 1.939869e+00 1.270845e+00 -1.435372e+00 -2.248247e-01 1.501863e+00 -5.764580e-03 -1.527084e+00 1.639519e-01 2.185987e+00 -5.603653e-01 -6.964327e-01 -1.594898e-02 
5.843641e+00 7.003360e+00 1.471091e+01 -5.190323e+00 -1.306924e+01 -6.585777e-02 -4.066062e+00 2.249984e+00 -2.439692e+00 -4.684959e-01 4.130977e+00 -3.349422e+00 7.357144e-01 -3.706856e-01 1.366275e+00 1.154876e+00 -9.893673e-01 -1.543423e-01 1.042529e+00 4.850033e-01 -1.722199e+00 2.499460e-01 2.521380e+00 -1.721080e+00 -1.015167e-01 -1.425352e-02 
5.843226e+00 6.199985e+00 1.691776e+01 -5.239234e+00 -1.577628e+01 3.314888e-01 6.477385e-01 1.743160e+00 -1.098369e+01 1.111669e+01 -2.101891e+00 -2.539119e+00 7.384124e-01 -1.945808e-02 1.010126e+00 4.192661e-01 -4.734074e-01 5.655888e-01 1.873887e-01 5.051681e-01 -9.440227e-01 5.138640e-01 6.406105e-01 -9.098368e-01 5.117082e-01 -1.440431e-02 
6.301332e+00 7.124453e+00 1.699134e+01 -2.775807e+00 -1.867822e+01 1.717007e+00 8.012967e-01 -3.099421e-01 -6.613101e+00 8.884809e+00 -9.063100e-01 -4.268606e+00 7.199351e-01 -8.221215e-02 6.368346e-01 2.837866e-01 -2.454567e-01 2.336123e-01 5.802720e-01 -7.702904e-01 5.759655e-01 3.066221e-01 -7.577562e-01 4.915166e-01 -2.629310e-01 -1.059284e-02 
6.301956e+00 8.872074e+00 1.637440e+01 -6.775750e+00 -1.188818e+01 3.898878e-01 -3.348754e+00 3.178506e+00 -4.020311e+00 2.421896e+00 9.561650e-01 -1.602407e+00 6.973724e-01 -1.482935e-01 5.197967e-01 -4.841995e-01 1.315787e+00 -1.205027e-01 -2.798817e-01 2.139469e-01 -4.191651e-01 1.166252e+00 -1.947922e+00 1.510526e+00 -7.053318e-01 -9.922504e-03 
5.203216e+00 8.851488e+00 1.640152e+01 -5.649349e+00 -1.384523e+01 2.806303e+00 -5.919268e+00 4.412138e+00 -4.388269e+00 9.012103e-02 5.059532e+00 -5.132432e+00 7.032702e-01 4.258616e-02 3.932832e-01 -4.672318e-01 1.735291e+00 -7.514766e-01 -5.705117e-01 2.511538e+00 -1.299617e+00 -1.319261e+00 4.682772e-01 8.881630e-01 -5.508319e-01 -9.289104e-03 
5.650817e+00 7.935451e+00 1.479167e+01 2.776472e+00 -1.879529e+01 -1.612567e+00 5.077755e+00 -2.713706e+00 -6.264843e+00 5.774428e+00 2.467819e+00 -5.633865e+00 6.971323e-01 1.390996e-01 3.727916e-01 -7.796669e-03 2.047835e+00 -1.754357e+00 1.522305e-01 3.729021e+00 -2.383269e+00 -2.074150e+00 2.998744e+00 -4.326922e-01 -7.605665e-01 -1.139129e-02 
6.839832e+00 9.559180e+00 1.544654e+01 1.124536e+00 -1.898205e+01 -1.343236e-01 9.145733e+00 -3.861921e+00 -1.208714e+01 9.549929e+00 2.778678e+00 -5.007037e+00 6.736096e-01 4.012827e-01 5.514690e-01 9.248549e-01 8.324903e-01 -5.043213e-01 1.040144e+00 3.039811e+00 -3.065598e+00 -1.322340e+00 3.744013e+00 -1.043887e+00 -3.693127e-01 -2.190884e-02 
6.179145e+00 1.038219e+01 1.681290e+01 7.648170e-02 -1.809155e+01 2.621353e+00 7.763847e+00 -4.600809e+00 -1.054162e+01 1.268571e+01 -6.686920e-02 -5.467937e+00 6.552463e-01 -1.650800e-01 8.714007e-01 2.169858e+00 -1.743080e+00 1.329824e+00 2.870314e+00 5.894302e-01 -1.587237e+00 8.299991e-01 1.624682e+00 -2.069135e+00 2.687810e-01 -3.045421e-02 
6.945465e+00 1.038547e+01 2.001518e+01 -1.369026e-01 -1.671870e+01 5.890062e+00 7.936742e+00 -9.972298e+00 -8.861578e+00 1.535454e+01 1.107442e+00 -7.061960e+00 6.146690e-01 -7.505671e-01 4.376936e-01 2.043470e+00 -8.477708e-01 1.668011e+00 3.322981e+00 4.188755e-01 -1.125711e+00 2.909859e+00 2.258176e-01 -2.390887e+00 -4.524900e-01 -3.726690e-02 
4.772601e+00 1.187931e+01 2.335664e+01 -5.308211e+00 -1.327785e+01 9.726810e+00 8.629401e+00 -7.594703e+00 -3.727627e+00 1.099553e+01 -7.042237e+00 -3.262498e+00 5.743315e-01 -1.236129e+00 -6.660340e-01 1.145773e+00 5.747731e-02 2.695730e+00 3.347373e+00 1.929951e+00 -4.701128e-01 3.064182e+00 -5.436920e-01 -1.792834e+00 -7.354180e-01 -4.293625e-02 
3.790269e+00 1.099909e+01 2.239203e+01 -4.219716e-01 -1.304885e+01 1.292785e+01 1.080733e+01 -7.993530e+00 -9.448385e-01 1.152411e+01 -5.688076e+00 -8.372206e+00 5.277325e-01 -1.366023e+00 -1.839941e+00 -2.951160e-01 9.045073e-01 3.850974e+00 2.437525e+00 2.437319e+00 3.702537e-01 1.759028e+00 -1.347380e+00 -1.694763e+00 4.327654e-01 -4.345158e-02 
1.576101e+00 6.745206e+00 2.135334e+01 5.064027e-01 -6.447835e+00 1.583932e+01 1.597831e+01 -7.940757e+00 8.209171e-01 1.188247e+01 -5.633279e+00 -8.489904e+00 4.840333e-01 -4.231406e-01 -2.534517e+00 -1.534336e+00 4.678355e-01 3.015214e+00 -2.942605e-01 1.570647e+00 5.610732e-01 -4.408185e-01 -1.355346e+00 3.781624e-02 1.012467e+00 -5.032374e-02 
1.713600e+00 3.752816e+00 1.954125e+01 1.478328e+00 -8.788424e-01 1.502143e+01 1.644888e+01 -7.948002e+00 -2.340708e+00 8.174176e+00 -8.070854e+00 -2.284430e+00 4.425603e-01 -3.758397e-02 -2.364265e+00 -2.073252e+00 -1.657416e+00 1.312281e+00 -1.594958e+00 7.405750e-01 8.814793e-01 4.120530e-01 -9.408005e-01 -6.943229e-01 2.436126e+00 -4.734289e-02 
3.695233e+00 2.829861e+00 1.711035e+01 -3.919183e+00 -4.286779e+00 7.208719e+00 1.366186e+01 -4.812101e+00 -5.233785e+00 5.893769e+00 -5.661767e+00 -1.244053e+00 3.652989e-01 2.914508e-01 -1.445424e+00 -2.250462e+00 -2.065854e+00 -1.079400e+00 -1.100330e+00 7.233838e-01 1.575610e+00 5.847201e-01 -9.257389e-01 1.605794e-01 1.142246e+00 -4.296010e-02 
2.542783e+00 1.135434e+00 1.414726e+01 -6.496257e+00 -7.567970e+00 9.268366e+00 1.566843e+01 -5.150462e+00 4.142777e+00 9.814454e+00 -9.145447e+00 1.854969e-01 3.503852e-01 1.033718e-01 -4.879113e-01 -2.076799e+00 -1.815294e+00 -1.300670e+00 5.834024e-01 -6.691704e-02 2.241032e-01 7.030767e-01 -1.373688e-01 1.027174e+00 -6.280071e-01 -3.517377e-02 
2.618763e+00 8.267758e-01 1.279803e+01 -5.835574e+00 -8.500275e+00 1.321421e+01 1.998545e+01 -1.461478e+00 5.027752e-01 6.433637e+00 -4.293087e+00 -4.013639e+00 3.153203e-01 -6.749873e-02 -1.803851e-01 -2.539113e+00 -1.278422e+00 -2.068477e-01 1.672199e+00 5.226768e-01 -8.579764e-01 2.181045e-01 -8.631632e-01 9.409636e-01 -1.648272e-01 -2.729589e-02 
2.768694e+00 2.314802e+00 1.131341e+01 -6.639946e+00 -5.275445e+00 1.493570e+01 1.295250e+01 -8.502798e+00 -1.693604e+00 7.217399e+00 -3.619322e+00 -4.039673e+00 2.916807e-01 -1.892363e-01 -8.944483e-01 -2.326569e+00 -3.638166e-01 6.025890e-01 8.885220e-01 -5.319378e-01 3.381968e-03 -1.087638e+00 -2.629170e+00 2.794389e+00 1.466385e+00 -2.460061e-02 
3.244784e+00 1.338252e+00 5.831708e+00 -1.023945e+01 -6.467280e+00 1.273605e+01 1.763321e+01 -7.425815e+00 -1.225072e+00 2.876481e+00 -3.720011e+00 4.439569e-02 2.581717e-01 -2.510044e-01 -1.555418e+00 -2.495591e+00 7.194206e-01 1.921034e+00 -9.612337e-01 -1.791250e+00 1.003368e+00 -1.466098e+00 -4.961492e+00 5.586066e-01 2.033523e+00 -2.357974e-02 
1.283592e+00 -3.592546e+00 5.997580e+00 -6.113404e+00 -5.571522e+00 1.395006e+01 1.418487e+01 -2.151383e+00 -4.314907e-01 -1.552820e+00 4.539960e+00 5.488403e+00 2.559565e-01 -2.390598e-01 -1.826897e+00 -1.930052e+00 1.273205e+00 1.673440e+00 -3.259316e+00 -2.816347e+00 1.979738e+00 -1.353677e+00 -5.761507e+00 -8.410254e-01 1.337125e+00 -2.043082e-02 
2.106293e+00 -3.996640e+00 2.977988e+00 -2.501742e+00 1.252935e+00 8.900860e+00 1.041302e+01 3.796559e-01 -7.458771e+00 -1.398871e+01 -5.579695e+00 1.389940e+00 2.152838e-01 1.792042e-01 -1.290183e+00 -2.072519e+00 1.824922e+00 2.050964e+00 -3.885007e+00 -3.700592e+00 2.145373e+00 5.114878e-01 -2.712692e+00 -1.992810e+00 -5.424443e-01 -1.843642e-02 
2.142641e+00 -4.152239e+00 3.090014e+00 -4.142772e+00 -7.683535e-01 5.567120e-01 2.480860e+00 -2.506845e+00 -5.345138e+00 -1.315754e+01 -6.894607e+00 1.973182e+00 2.109706e-01 4.661057e-01 -7.912737e-01 -3.376563e+00 8.762703e-01 2.531001e+00 -3.565942e+00 -3.899342e+00 6.806531e-01 2.204914e+00 9.533812e-01 -1.726642e+00 -1.155240e+00 -7.857472e-03 
3.711280e+00 -4.832819e+00 -3.077101e+00 -2.100152e+00 1.385957e+00 7.685900e-03 4.982251e+00 3.478781e+00 3.789191e+00 -4.884616e+00 -7.966775e+00 -9.102154e-01 1.884826e-01 5.764670e-02 -1.119986e+00 -3.525969e+00 -9.975346e-01 9.112474e-01 -2.104181e+00 -1.615483e+00 5.911239e-01 2.807568e+00 3.346512e+00 1.047534e+00 -8.746872e-01 -1.983523e-04 
2.811626e+00 -7.130824e+00 -7.857692e+00 -1.932847e+00 7.016971e+00 5.669335e-01 -2.596455e+00 -2.976806e-01 4.969096e+00 -1.337961e+00 -2.899708e+00 8.622815e-01 2.300697e-01 9.114380e-02 -3.939168e-01 -2.738130e+00 -6.646564e-01 1.339985e+00 1.856248e-01 7.107338e-01 8.979489e-01 7.178850e-01 1.547921e+00 7.936302e-01 -9.890538e-01 -7.161719e-03 
2.060033e+00 -8.107279e+00 -9.178001e+00 -8.594378e+00 1.916510e+00 -1.625157e+00 4.874269e+00 2.230693e+00 1.421951e+00 -3.165942e+00 -2.339474e+00 -2.428046e+00 2.047424e-01 -3.658417e-01 7.175243e-01 -2.374338e-01 -5.348159e-01 1.242051e+00 -5.254594e-01 -3.064312e-01 -1.470592e+00 -2.551199e+00 -1.324242e+00 8.037412e-01 2.325184e-01 -1.679977e-02 
3.423983e+00 -4.484592e+00 -7.550186e+00 -4.218942e+00 5.666296e+00 2.301257e+00 6.088519e+00 2.606944e+00 -5.720935e-01 -6.277274e+00 -5.740106e+00 -2.213172e+00 1.670321e-01 -2.081455e-01 1.192655e+00 1.695683e+00 1.203112e+00 6.108435e-01 -1.064392e+00 -3.841732e-01 -9.963413e-01 -3.393882e+00 -5.341794e-01 5.037374e-01 -4.256973e-02 -2.669281e-02 
1.575893e+00 -2.568313e+00 -4.418023e+00 -3.631185e+00 8.271547e+00 -3.486773e+00 -8.923926e-01 -5.326492e+00 -6.196212e+00 -9.036172e+00 -2.527871e+00 1.790103e+00 1.360025e-01 -1.936779e-01 1.053785e+00 2.325959e+00 2.747796e+00 2.130221e+00 -2.012079e-01 -1.274510e+00 -2.073750e+00 -2.737316e+00 9.673938e-01 1.084742e+00 5.951244e-01 -1.982825e-02 
2.012969e+00 -3.937034e+00 -1.759264e+00 1.601114e+00 6.893671e+00 -3.824219e+00 -1.633990e+00 -1.500795e+00 -8.191235e+00 -1.073744e+00 -2.868223e-01 -1.459642e+00 1.309756e-01 -4.675480e-01 2.174652e-01 1.482271e+00 1.965560e+00 6.641394e-01 -5.877004e-02 -1.981759e-03 -1.479064e+00 -2.203259e+00 1.318415e+00 6.264123e-01 -6.721699e-01 -1.344773e-02 
1.797151e+00 -3.112133e+00 -4.436700e-01 2.234577e+00 1.195393e+01 4.315417e-01 2.362976e+00 -6.084188e+00 -8.455059e+00 -9.307379e-01 3.575949e-01 1.708109e-01 1.236294e-01 9.453940e-02 4.331883e-01 8.092672e-01 1.420214e+00 -1.015763e+00 9.559193e-01 1.745372e+00 1.176001e+00 7.571422e-01 1.750513e+00 2.989637e-01 -8.089314e-01 -8.801562e-03 
9.756141e-01 -3.125356e+00 -2.126009e+00 2.675978e+00 7.145802e+00 4.824984e-02 4.450926e+00 -4.409529e+00 -1.045897e+01 -3.737918e+00 -4.050778e+00 -4.764375e+00 1.059800e-01 2.845682e-01 9.087599e-01 5.582968e-01 5.104471e-01 -1.602588e+00 8.323073e-01 1.558937e+00 9.009615e-01 1.506522e+00 3.142534e-01 6.019044e-01 -1.055535e-01 -4.321688e-03 
2.567268e+00 -8.082098e-01 -1.883139e-01 2.932456e+00 3.066666e+00 -6.434106e-01 4.792007e+00 2.007880e+00 -1.276636e+00 1.048481e+00 8.489253e-01 -6.021867e-01 1.044925e-01 3.844749e-01 7.492903e-01 3.122357e-01 5.312272e-01 -1.110900e+00 -1.219123e-01 -2.086056e-01 1.155779e+00 2.298906e+00 5.507799e-01 8.401991e-01 2.312281e-01 -4.155344e-03 
3.050752e+00 -5.451959e-01 9.045426e-01 3.804410e+00 3.324360e+00 8.747940e-01 4.946182e+00 -1.042021e+00 -4.247835e+00 -4.920859e-01 2.477035e+00 -1.600910e+00 1.189356e-01 2.153296e-01 3.419464e-01 4.473941e-01 1.793999e-01 9.437577e-01 4.167717e-01 -4.845285e-01 6.502664e-01 2.851213e+00 3.423241e-01 6.636692e-01 6.227427e-01 -5.288601e-03 
2.681957e+00 -6.557611e-01 -3.977673e-01 4.326496e+00 8.310152e+00 -5.912921e-01 1.072320e+00 -1.989047e+00 -6.609273e-02 2.002455e-01 1.294685e+00 -2.547809e-01 9.637487e-02 -6.798659e-02 -5.546564e-02 -3.772579e-01 -5.533195e-01 9.090406e-01 7.337455e-01 -5.649127e-01 4.181166e-01 1.336271e+00 -1.243078e+00 -3.793399e-01 1.310344e-01 -1.309311e-02 
1.994918e+00 -1.491849e+00 2.156884e-01 2.875957e+00 9.242847e+00 2.106049e+00 3.888128e+00 8.402661e-01 3.191828e+00 -1.602180e+00 -9.553111e-01 -1.824365e+00 8.359581e-02 -2.472637e-01 4.580460e-01 -6.944715e-01 -5.409638e-01 -2.479031e-01 -5.298207e-01 -1.166571e+00 8.766972e-01 5.025090e-01 -1.663832e+00 -1.011217e+00 8.212231e-01 -1.616638e-02 
2.755252e+00 -6.122115e-01 -1.730176e+00 6.300855e-01 4.652625e+00 2.409689e+00 2.496471e+00 3.157319e+00 1.684886e+00 -4.611861e+00 6.683986e-01 1.647128e-01 5.669689e-02 -1.782595e-01 9.909550e-01 -2.636711e-01 3.628006e-01 -1.143911e+00 -2.599190e-01 -5.964804e-02 -1.991214e-01 -4.194079e-01 -1.399886e+00 -1.138094e-01 7.389242e-01 -1.167649e-02 
1.777786e+00 1.723259e+00 -1.901611e+00 2.947797e+00 3.913608e+00 -3.274801e+00 -1.598749e+00 7.682812e-01 -2.610779e+00 -6.405192e+00 -2.265909e+00 2.295459e+00 5.794269e-02 -8.598824e-02 1.250633e+00 8.213484e-01 1.915369e+00 -2.226830e-01 -4.266597e-01 -3.104746e-01 -1.017426e+00 -2.889685e-01 1.974037e-01 6.862584e-01 5.060421e-01 -5.956167e-03 
1.899225e+00 2.691460e+00 -6.574733e-01 6.104579e+00 5.255216e+00 7.995377e-01 3.517518e+00 -2.948662e+00 7.381713e-01 -4.397681e+00 1.380936e+00 1.379928e+00 5.081898e-02 3.157368e-02 1.005100e+00 8.278332e-01 9.749864e-01 7.062376e-01 -1.883967e-01 8.929189e-01 1.355218e-01 7.204072e-01 4.292414e-01 -6.101365e-01 -5.440944e-01 -1.080942e-03 
1.992990e+00 3.109483e+00 3.786078e+00 9.715554e+00 7.828136e+00 7.778264e-01 1.825231e+00 -1.193874e+00 2.220343e+00 -7.222512e-01 2.119712e+00 9.823751e-02 5.675393e-02 9.305620e-02 4.914380e-01 8.231907e-01 6.595338e-01 7.785050e-01 1.279481e+00 1.504104e+00 6.269967e-01 6.494200e-01 -2.104400e-01 -1.345818e+00 -4.503632e-01 -3.256076e-03 
2.805518e+00 3.720177e+00 -4.348553e-01 2.121139e+00 6.226548e+00 -5.586080e-01 5.249076e+00 4.816006e+00 2.871361e+00 -5.307125e+00 -4.575094e+00 -1.457149e+00 5.188656e-02 -4.216795e-02 2.505868e-01 3.837969e-01 2.786844e-01 3.622831e-01 9.028124e-01 6.307712e-01 7.153990e-01 -4.987507e-01 -1.149040e+00 -2.293253e+00 1.528450e-01 -3.500634e-03 
1.789920e+00 3.666090e+00 2.103034e+00 8.237185e+00 7.320467e+00 3.801675e+00 5.055993e+00 2.093089e-02 -4.302738e-01 -7.002670e+00 -6.016982e+00 1.462181e+00 4.112852e-02 -1.421737e-01 1.059128e-01 -8.282008e-02 3.159308e-01 7.857871e-03 1.040798e+00 6.268442e-01 -2.365465e-01 -8.602867e-01 -1.425638e+00 -1.771528e+00 5.647218e-01 -4.200888e-03 
