-8.197214e+00 3.174882e+00 1.214708e+00 2.464148e+00 2.441686e+00 -2.058341e+00 8.785365e+00 2.505582e+00 4.005684e+00 1.363360e+01 6.609900e+00 7.451883e+00 1.309949e-02 8.956137e-02 3.909707e-01 8.500690e-01 1.414170e+00 8.815735e-01 -1.289948e-01 -1.320974e+00 -9.995446e-02 -9.327149e-02 -6.348885e-01 5.485312e-01 -1.753817e-01 -2.306396e-03 
-7.094470e+00 3.559731e+00 2.948243e+00 4.176577e+00 5.709800e+00 -2.365287e+00 6.541780e+00 1.212534e+00 9.881365e-01 1.317717e+01 1.092158e+01 4.103746e+00 -1.553202e-02 -1.909584e-01 1.979492e-01 8.658900e-02 3.034470e-01 2.892217e-01 -1.860902e-02 -1.040613e+00 3.146937e-01 -2.911369e-01 -8.150007e-01 2.988876e-01 -6.376849e-01 1.125979e-03 
-8.300779e+00 4.937312e+00 4.598286e+00 8.678785e+00 5.215496e+00 -2.549842e+00 3.302286e+00 2.652334e+00 5.048100e+00 1.068738e+01 7.196715e+00 8.249043e+00 1.588327e-02 -5.780802e-02 3.522256e-01 -8.964483e-02 -1.779832e-01 -3.504685e-01 -1.317229e-02 -5.671391e-01 1.208348e-02 6.179849e-01 3.306969e-01 -1.722817e-01 -7.914309e-01 1.860291e-03 
-9.100224e+00 3.283414e+00 -4.413581e-02 8.740640e-01 2.500890e+00 -1.905636e+00 6.323841e+00 4.005675e+00 2.028791e+00 1.103171e+01 7.810929e+00 3.864879e+00 1.733750e-02 -2.134798e-01 1.783938e-01 8.210683e-03 1.209635e-01 -6.684092e-01 -4.410159e-01 2.731423e-01 -1.400440e-02 1.372889e+00 3.858989e-01 -1.867185e+00 -6.176894e-01 1.329082e-03 
-7.483377e+00 5.074169e+00 2.262673e+00 3.225488e+00 2.293799e+00 -2.354028e+00 6.058639e+00 1.169429e+00 6.575281e+00 1.635982e+01 7.303816e+00 3.614163e+00 5.966187e-03 7.681064e-02 5.059351e-02 -2.040843e-01 -8.872399e-02 -2.673891e-01 -5.546594e-02 8.350562e-01 -1.044984e-01 9.642901e-01 3.065335e-01 -6.403007e-01 -1.065509e+00 -9.155452e-04 
-8.570570e+00 4.383271e+00 4.157103e+00 7.508042e+00 3.828603e+00 -4.668273e+00 6.529316e+00 1.883965e+00 7.088990e+00 1.227044e+01 1.532104e+00 3.332740e+00 -3.928065e-03 1.332460e-01 2.539845e-01 3.897374e-01 6.750801e-01 -5.003127e-01 3.664421e-01 2.827817e-01 -3.491297e-02 6.828419e-01 7.039861e-02 1.543185e-01 9.346247e-02 2.760029e-03 
-8.181553e+00 4.640351e+00 1.477245e+00 4.918176e+00 3.214694e+00 -1.445853e+00 7.374830e+00 3.190697e+00 7.339452e+00 1.160068e+01 7.134624e+00 3.187568e+00 2.193832e-02 5.561752e-02 -8.559010e-02 -1.540916e-01 -1.583381e-01 -6.656223e-01 5.445606e-01 1.080633e-01 3.196811e-01 -1.584613e+00 -8.830470e-01 5.233653e-01 3.976284e-01 -1.316661e-03 
-8.084906e+00 4.770246e+00 2.297266e+00 3.403121e+00 -4.611211e-01 -5.275128e-01 7.079655e+00 2.820476e+00 5.060915e+00 1.376328e+01 8.667118e+00 4.545488e+00 2.315158e-02 1.819374e-01 1.187298e-01 -1.421644e-01 -7.702925e-01 -5.663301e-01 1.167296e+00 2.791127e-01 3.395672e-01 -1.907912e+00 -1.194328e-01 1.818385e+00 5.088708e-01 -3.137350e-04 
-7.448122e+00 4.452731e+00 2.422134e+00 4.486259e+00 1.110550e+00 -1.701605e+00 6.323786e+00 2.299579e+00 -3.337445e-01 1.119817e+01 6.353136e+00 4.995931e+00 -1.415694e-02 4.670477e-02 -4.013357e-02 4.880993e-01 -5.547106e-01 1.008455e-01 2.976670e-01 3.019696e-01 6.244527e-01 -1.299789e+00 -9.378120e-01 -2.543207e-01 1.215045e-01 -5.485737e-03 
-8.027598e+00 5.070730e+00 2.973836e+00 3.872539e+00 2.049025e+00 1.296085e+00 8.450401e+00 4.027359e+00 1.386027e+00 1.187454e+01 1.101477e+01 4.972913e+00 1.255089e-02 4.482632e-02 -3.463583e-01 1.735061e-02 7.117645e-02 1.013023e+00 4.535264e-01 8.185681e-01 3.622624e-01 4.327568e-01 -7.125379e-01 -3.001269e-01 -9.468401e-03 -2.684939e-03 
-7.976683e+00 4.289441e+00 3.579456e+00 1.909914e+00 2.463848e+00 -8.693171e-01 8.199305e+00 5.709519e+00 2.677951e+00 7.855986e+00 4.689192e+00 3.581379e+00 -1.900196e-04 8.025322e-02 -4.112156e-01 7.646211e-02 1.972481e-01 2.127211e-01 6.283621e-02 4.990949e-01 1.913286e-01 1.208570e+00 -1.060827e-01 1.640734e-01 8.207967e-01 1.085198e-03 
-7.596494e+00 3.120099e+00 1.805357e+00 5.047175e+00 3.927347e+00 1.323975e+00 1.023474e+01 2.926818e+00 5.718851e+00 1.187168e+01 7.998455e+00 5.205422e+00 2.743423e-03 2.768500e-01 -2.796683e-01 -1.308536e-01 8.849877e-01 4.157031e-01 -1.453329e-01 2.335463e-01 1.759483e-01 6.018378e-01 -2.949850e-01 -6.317950e-01 1.040227e+00 -2.022779e-03 
-7.262408e+00 3.371968e+00 3.388684e+00 4.885180e+00 1.234994e+00 -1.401369e+00 7.927093e+00 3.806493e+00 3.542691e+00 1.066918e+01 8.681663e+00 8.983660e+00 -3.827214e-03 -2.780609e-02 2.086189e-02 -1.277590e-01 7.092162e-01 -4.172078e-01 -1.885009e-01 -1.521133e-01 2.071572e-01 7.693294e-01 5.718473e-01 3.990555e-02 1.663651e-01 1.774192e-03 
-7.000485e+00 4.131124e+00 2.414954e+00 6.809844e+00 4.741967e+00 8.354467e-01 9.754238e+00 5.858614e+00 3.962846e+00 8.993012e+00 5.859564e+00 7.472908e+00 4.255593e-03 -3.342358e-01 2.573102e-01 7.464666e-01 2.105341e-01 -8.593305e-01 -8.754519e-01 -7.508384e-01 -2.406772e-02 -3.129744e-03 1.654529e-01 -1.034927e+00 -6.960005e-01 2.014846e-03 
-8.413717e+00 3.888237e+00 2.635863e+00 4.574661e+00 -2.950048e-02 -1.567557e+00 7.678987e+00 5.279407e+00 7.402601e+00 1.215455e+01 5.958165e+00 3.279461e+00 7.924855e-03 -2.438325e-01 -1.067525e-01 -2.443311e-01 -6.010692e-01 6.362720e-01 1.171858e+00 -1.416769e-01 -1.360958e+00 -8.386542e-01 -6.639167e-01 -4.581868e-01 1.116748e+00 2.523530e-03 
-8.692019e+00 4.148516e+00 5.914101e+00 6.255105e+00 2.629418e-01 -2.970190e+00 6.604597e+00 2.070022e+00 3.773247e+00 1.195625e+01 4.185570e+00 4.577519e+00 6.941617e-03 1.347169e-01 -7.361989e-01 -1.377773e+00 -9.808105e-01 5.573779e-01 8.561575e-01 -2.455034e-01 -1.518279e+00 -1.745208e+00 -8.590903e-01 5.614024e-01 1.362311e+00 1.026869e-04 
-7.635804e+00 2.829510e+00 4.174550e-01 2.157204e+00 6.655867e+00 6.360742e+00 8.793530e+00 -1.103999e+00 -5.557814e-01 5.867978e+00 7.227726e+00 1.601509e+01 7.447422e-03 8.359494e-01 -6.751469e-01 -1.592768e+00 2.763970e-02 1.474987e+00 1.573474e+00 2.693230e-02 -2.917275e-01 -2.179845e+00 -1.245143e+00 4.099874e-01 9.482959e-01 5.779803e-04 
-6.715858e+00 9.794937e-01 -3.364707e+00 3.114520e+00 4.186173e+00 1.152085e+00 7.969450e+00 1.458925e+00 -7.840042e-01 7.840848e+00 8.031796e+00 7.916647e+00 5.007744e-03 1.134330e+00 -4.277043e-01 -1.547428e+00 -6.856062e-01 2.109803e-01 1.730844e+00 4.392243e-01 -4.216877e-01 -1.746450e+00 -9.245136e-01 1.039106e+00 -4.018145e-01 5.204600e-03 
-5.222051e+00 2.097014e+00 -6.885750e-01 6.283152e+00 5.383820e+00 4.238677e+00 7.131222e+00 4.126318e+00 -1.218000e+00 7.986544e+00 6.084990e+00 6.351377e+00 1.178169e-02 1.353783e+00 9.440850e-01 1.267138e+00 6.686510e-01 -1.185254e+00 -9.231942e-01 -5.890052e-01 -1.120662e+00 -2.037275e+00 -1.176692e+00 -1.513608e+00 -3.104452e+00 1.379983e-02 
-4.227247e+00 2.376242e+00 -1.270023e+00 7.640998e-01 1.953867e+00 6.745063e+00 9.631872e+00 -2.653575e+00 -4.627892e+00 6.274404e+00 9.952466e+00 7.400305e+00 3.079748e-02 3.896073e+00 1.852132e+00 1.104519e+00 -2.377843e+00 -2.426135e+00 -2.123149e+00 -2.294581e+00 -1.582475e+00 -3.156369e+00 -2.644335e+00 -1.600793e+00 -2.472518e+00 9.875654e-02 
-2.111193e+00 6.851561e+00 5.705804e+00 6.675669e+00 1.845751e+00 -1.051719e+00 5.017292e+00 -4.651061e+00 -8.820213e+00 7.677422e-01 -1.300649e+00 7.510045e-01 6.355172e-02 5.098516e+00 8.877029e-01 2.530595e-01 -5.227098e+00 -2.990974e+00 -2.466053e+00 -3.795080e+00 -9.514139e-01 -2.655452e+00 -2.985016e+00 -7.037073e-01 -2.128840e+00 1.731703e-01 
1.120908e+01 7.862882e+00 -1.039299e+00 -8.970954e+00 -6.175469e+00 -6.818461e+00 -2.446492e+00 -2.064759e+00 -1.276474e+01 -1.771424e+00 3.720651e+00 -1.645756e+00 4.729055e-01 4.881239e+00 -5.474193e-01 -3.642744e-01 -5.267307e+00 -2.504982e+00 -1.256060e+00 -4.124392e+00 1.387530e+00 -9.491574e-01 -2.133092e+00 2.014017e-03 -1.127703e+00 1.893981e-01 
1.255236e+01 3.792209e+00 4.613607e-01 -1.498481e+01 -5.506385e+00 -1.309824e+00 -5.804996e+00 -9.251587e-01 -1.042684e+01 -2.915621e+00 5.682361e+00 2.302086e-01 6.565790e-01 2.849985e+00 -1.706094e+00 -1.151407e+00 -5.358966e+00 -2.367447e+00 1.348273e+00 -2.854774e+00 1.210209e+00 4.379480e-01 -1.132410e+00 8.792700e-01 6.919567e-02 1.510913e-01 
1.284717e+01 1.168822e+00 -4.691732e-01 -1.474219e+01 -6.894972e+00 5.938158e-01 -5.578944e+00 2.421125e+00 -8.570368e+00 -2.549377e+00 6.471031e+00 2.022188e+00 6.812743e-01 -1.080122e-01 -1.321868e+00 9.869726e-02 -1.919255e+00 -1.343362e+00 2.729867e+00 -6.920417e-01 5.044629e-01 1.351546e+00 -7.981992e-01 -3.627698e-01 -3.367734e-01 6.127264e-02 
1.131969e+01 1.668119e+00 -3.362937e-01 -1.723354e+01 -9.631733e+00 1.983507e+00 -7.690349e+00 -8.429608e-01 -8.727661e+00 -4.505330e+00 1.720510e+00 -7.369890e-01 7.148238e-01 -4.958571e-01 -4.742255e-01 -2.623815e-01 -5.341231e-01 -1.481742e+00 2.017547e+00 4.854235e-01 2.384685e-01 1.363186e+00 -7.161001e-01 -8.835349e-01 -1.299199e+00 3.270542e-02 
1.128536e+01 2.315589e+00 -1.469853e-01 -1.744287e+01 -1.082961e+01 5.184206e+00 -4.964025e+00 4.164560e-01 -6.856599e+00 -4.967566e+00 3.887727e+00 -2.846024e+00 7.501463e-01 -5.148643e-01 -6.254982e-01 -7.094558e-01 -5.303496e-01 -1.463397e+00 1.231903e+00 2.982497e-01 -1.430814e-02 7.284177e-01 -1.289044e+00 -1.667152e+00 -1.814736e+00 3.509757e-02 
1.085398e+01 8.476979e-01 -1.011641e+00 -1.630509e+01 -1.094778e+01 6.482716e+00 -3.685339e+00 1.269518e+00 -4.467792e+00 -5.287027e+00 2.556338e+00 -3.831683e+00 7.856701e-01 -2.732767e-01 -1.111275e+00 -1.342392e+00 -9.535408e-02 -6.607987e-01 4.226871e-01 7.265151e-01 6.426204e-01 8.707843e-01 -1.766614e+00 -1.301493e+00 -8.994513e-01 3.367854e-02 
1.050570e+01 -1.548459e+00 -3.678778e+00 -1.785817e+01 -1.355393e+01 4.503725e+00 -6.090200e+00 1.293345e+00 -7.058215e+00 -8.603751e+00 -2.282643e+00 -5.504147e+00 8.213390e-01 -2.208707e-01 -1.353132e+00 -1.698868e+00 9.780578e-02 -6.091843e-02 8.984442e-02 2.125592e-01 7.387679e-01 5.095199e-01 -1.959985e+00 -1.794567e+00 8.597936e-02 3.047161e-02 
1.034313e+01 -1.956234e+00 -5.282355e+00 -1.750266e+01 -1.157356e+01 4.437182e+00 -3.494685e+00 1.931697e+00 -4.272933e+00 -1.152031e+01 -1.701770e+00 -3.905184e+00 8.476202e-01 -9.400582e-03 -8.400780e-01 -1.324175e+00 3.416340e-01 1.083856e+00 1.011678e+00 9.472796e-01 1.046242e+00 5.736351e-01 -1.543193e+00 -4.657653e-01 1.428809e+00 2.919053e-02 
1.043643e+01 -3.048102e+00 -6.505970e+00 -1.635505e+01 -1.082131e+01 6.656194e+00 -3.996555e+00 3.779206e+00 -4.406430e+00 -1.165085e+01 -2.956051e+00 -2.379377e+00 8.715293e-01 -2.239155e-01 -8.889291e-01 -1.476556e+00 -2.506580e-02 1.368110e+00 1.199496e+00 8.791203e-01 -2.266054e-01 7.922173e-03 -1.811275e+00 -5.929804e-02 1.113487e+00 3.233475e-02 
1.084162e+01 -2.602870e+00 -6.218923e+00 -1.534848e+01 -6.894814e+00 1.046487e+01 4.236221e-03 5.257800e+00 -2.925509e+00 -1.147945e+01 5.642161e-01 1.749975e+00 9.065276e-01 -1.148112e-01 -7.782542e-01 -9.928773e-01 3.984854e-01 1.826437e+00 2.295936e+00 8.007204e-01 -2.922773e-02 -1.368058e-01 -8.149132e-01 6.119530e-01 1.179016e+00 3.647429e-02 
9.136880e+00 -5.669786e+00 -1.059328e+01 -1.906059e+01 -9.052755e+00 7.487357e+00 -3.444059e+00 -1.502734e+00 -7.692316e+00 -1.768056e+01 -3.712126e+00 -2.764289e+00 9.535590e-01 -6.901997e-01 -1.233044e+00 -1.150726e+00 -4.377972e-01 1.089577e+00 1.076649e+00 -3.624751e-01 -1.666056e+00 -6.065981e-01 -1.942660e+00 -1.222321e-01 -1.629983e-01 3.091670e-02 
1.041885e+01 -4.536664e+00 -8.203089e+00 -1.415747e+01 -3.325653e+00 1.550128e+01 2.326689e-01 4.426528e+00 -3.314019e+00 -1.258002e+01 1.736032e+00 2.182353e+00 9.889768e-01 -8.379467e-01 -1.016722e+00 -9.590656e-01 1.551193e-01 1.132601e+00 8.119575e-01 -6.662725e-01 -1.754188e+00 3.931144e-01 -1.610007e+00 1.486002e-01 -8.469096e-01 1.673200e-02 
7.196814e+00 -8.246424e+00 -1.126752e+01 -1.913954e+01 -7.158003e+00 9.521234e+00 -5.923147e+00 -4.135439e+00 -7.245165e+00 -2.081386e+01 -4.153120e+00 -3.410557e+00 9.848882e-01 -6.025658e-01 -2.226525e-01 -9.403391e-02 1.493353e+00 1.795903e+00 1.591356e+00 4.606546e-01 -1.037400e+00 2.308140e+00 4.271059e-01 9.581226e-01 4.605179e-02 2.509230e-03 
7.621915e+00 -6.398162e+00 -1.067713e+01 -1.453340e+01 -2.179183e+00 1.350772e+01 -2.087583e+00 -2.196788e+00 -1.183512e+00 -1.796283e+01 1.527714e+00 -2.161439e+00 9.745231e-01 -1.058742e+00 -6.323913e-01 -8.510668e-01 7.863322e-01 5.632120e-01 1.625881e-01 -4.942614e-01 -2.783357e+00 1.550191e+00 5.768013e-02 -6.419756e-01 -1.532306e+00 -2.152431e-03 
7.522518e+00 -5.852299e+00 -9.826425e+00 -1.140586e+01 -6.464758e-01 1.644092e+01 1.933956e-02 -3.378074e+00 2.783131e+00 -1.285363e+01 1.182646e+00 -3.621345e-01 9.733320e-01 -5.396683e-01 -1.860285e-01 -5.365144e-01 2.241185e+00 9.960087e-01 1.170391e+00 3.704504e-01 -1.678066e+00 2.494628e+00 2.275609e+00 -1.917793e-01 -7.620702e-01 3.969324e-03 
4.962287e+00 -8.895683e+00 -1.317897e+01 -1.409265e+01 -3.765357e+00 1.285438e+01 -5.209882e+00 -9.868939e+00 -5.772107e-01 -1.627174e+01 -4.141729e+00 -7.003388e+00 9.839927e-01 -9.267336e-01 -1.138286e+00 -1.243115e+00 1.198499e+00 -8.260530e-01 -5.126379e-01 -1.427778e+00 -3.159568e+00 1.110267e+00 9.964054e-01 -2.395847e+00 -2.365552e+00 7.585621e-03 
5.828286e+00 -7.927806e+00 -1.269917e+01 -8.153995e+00 -1.384873e+00 1.569986e+01 -2.509746e+00 -8.689693e+00 4.924826e+00 -1.028136e+01 -2.277295e+00 -4.799933e+00 1.000000e+00 -6.492022e-01 -9.404486e-01 -5.826693e-01 1.407755e+00 -6.938637e-01 -7.743232e-01 -1.161139e+00 -1.711679e+00 1.278237e+00 1.044779e+00 -2.083310e+00 -2.122074e+00 2.972192e-03 
3.835363e+00 -1.105184e+01 -1.545633e+01 -1.016684e+01 -5.940249e+00 1.131506e+01 -7.961928e+00 -1.533882e+01 3.296976e+00 -1.426693e+01 -8.721552e+00 -1.177030e+01 9.991172e-01 -2.094907e-01 -1.573276e-01 7.473816e-01 2.364014e+00 -7.819853e-02 -3.235178e-02 3.847806e-01 5.022482e-01 2.727212e+00 1.895988e+00 -1.148731e+00 -9.512070e-01 -6.211758e-03 
4.839969e+00 -9.476465e+00 -1.160109e+01 -6.329988e+00 -3.028348e+00 1.333896e+01 -4.410332e+00 -9.201532e+00 7.237224e+00 -8.632131e+00 -6.943995e+00 -8.589050e+00 9.806308e-01 -5.791966e-01 -2.057349e-01 1.140675e+00 1.698319e+00 -6.794378e-01 -9.859409e-01 6.138391e-02 6.429021e-01 2.106809e+00 8.662043e-01 -1.709613e+00 -1.723466e+00 -1.045586e-02 
4.408993e+00 -8.907991e+00 -9.991100e+00 -3.184583e+00 -3.334611e+00 1.387307e+01 -2.335686e+00 -7.101779e+00 1.190265e+01 -7.616408e+00 -7.552032e+00 -9.864865e+00 9.626185e-01 -5.224271e-01 -1.072967e-01 1.446837e+00 1.745586e+00 -5.709387e-01 -1.710429e+00 1.591402e-01 1.169758e+00 1.472680e+00 6.067826e-01 -1.526499e+00 -1.589411e+00 -1.027153e-02 
2.645488e+00 -1.002840e+01 -9.728412e+00 -3.153526e+00 -6.084880e+00 9.491149e+00 -5.015947e+00 -9.593701e+00 1.115603e+01 -9.275601e+00 -1.141012e+01 -1.436998e+01 9.659700e-01 -8.505691e-01 -4.507576e-01 1.205511e+00 8.349060e-01 -1.327531e+00 -2.860822e+00 -7.281375e-01 -1.579952e-03 4.296094e-01 -1.376157e+00 -1.861784e+00 -1.989917e+00 -8.772725e-03 
2.320468e+00 -1.131235e+01 -9.158487e+00 -3.027139e+00 -7.266676e+00 4.686821e+00 -6.863420e+00 -9.293943e+00 8.700971e+00 -1.091129e+01 -1.412099e+01 -1.682689e+01 9.550899e-01 -6.892655e-01 -2.819500e-01 1.728632e+00 1.184384e-01 -1.002678e+00 -2.962167e+00 -7.372416e-01 2.064975e-01 -4.533918e-01 -1.834457e+00 -1.122944e+00 -8.628313e-01 -1.085410e-02 
1.631386e+00 -1.052807e+01 -5.989839e+00 -2.234179e+00 -7.699969e+00 3.627973e+00 -5.787152e+00 -8.113350e+00 1.098611e+01 -1.386548e+01 -1.296844e+01 -1.505762e+01 9.405314e-01 2.060933e-02 3.900174e-01 2.867619e+00 3.293944e-01 6.954012e-01 -1.708725e+00 3.433221e-01 2.287590e+00 -1.084212e-01 -8.336416e-01 6.114424e-01 1.551740e+00 -1.596623e-02 
1.469716e+00 -1.006791e+01 -3.217227e+00 -3.052064e+00 -7.540457e+00 1.993824e+00 -5.636292e+00 -6.809467e+00 9.720652e+00 -1.449376e+01 -1.238759e+01 -1.383520e+01 9.210674e-01 1.858830e-01 5.307997e-01 3.228608e+00 -2.678440e-01 1.200393e+00 -1.426869e+00 1.607093e-01 2.232672e+00 -2.707644e-01 -5.523880e-01 7.927354e-01 2.419771e+00 -1.717420e-02 
3.173911e+00 -8.700539e+00 1.639054e+00 -1.494092e+00 -2.470984e+00 2.294022e+00 -3.912901e+00 6.020097e-01 1.010409e+01 -1.165257e+01 -9.219604e+00 -8.107122e+00 9.031502e-01 5.304703e-01 -6.685524e-02 3.106583e+00 -1.091753e+00 8.942698e-01 -1.382038e+00 -1.774416e+00 1.962215e+00 -1.603809e+00 -8.846760e-01 3.149965e-01 1.536843e+00 -1.716110e-02 
2.478621e+00 -9.572119e+00 3.170109e+00 -4.736403e+00 -3.879205e+00 -1.780548e+00 -6.996999e+00 -2.488265e+00 7.788159e+00 -1.477968e+01 -1.203173e+01 -8.203284e+00 8.879095e-01 1.160862e+00 -2.002737e-01 3.327752e+00 -7.595142e-01 1.206291e+00 -9.386269e-01 -3.014505e+00 2.178211e+00 -1.825737e+00 -8.064398e-01 5.447569e-02 1.557927e+00 -2.514354e-02 
3.779284e+00 -1.111024e+01 6.349410e+00 -6.850774e+00 -5.059246e+00 -1.395031e+00 -1.397888e+01 -4.628766e-01 3.933309e+00 -1.814590e+01 -1.157139e+01 -1.018937e+01 8.713049e-01 1.761525e+00 6.976500e-01 2.888004e+00 3.483399e-01 1.200420e+00 -1.656350e+00 -2.693309e+00 2.279641e+00 -3.443790e+00 -4.709435e-01 6.211579e-01 1.507404e+00 -3.889401e-02 
6.971341e+00 -9.864422e+00 1.106635e+01 -4.171294e+00 -2.148728e-01 -8.547835e-01 -1.567583e+01 4.614028e+00 3.677358e+00 -1.527930e+01 -1.093932e+01 -5.004440e+00 8.112723e-01 2.095232e+00 1.748539e+00 1.545824e+00 1.961205e+00 1.127068e+00 -2.836907e+00 -1.310473e+00 2.154576e+00 -5.405380e+00 1.355357e+00 1.367379e+00 7.785771e-01 -4.149901e-02 
9.735177e+00 -5.066138e+00 1.213095e+01 -3.494596e-02 1.698950e+00 -6.450612e+00 -1.304003e+01 8.449069e+00 -5.059459e+00 -1.375748e+01 -6.660018e+00 -2.169526e+00 7.469988e-01 1.740803e+00 2.191818e+00 2.420819e-01 2.400336e+00 4.756072e-01 -3.176728e+00 7.103420e-01 3.138035e-01 -5.218980e+00 2.694358e+00 1.426890e+00 -3.574196e-01 -3.466243e-02 
9.976835e+00 -3.851476e+00 8.008462e+00 1.661706e+00 -1.622963e+00 -1.343729e+01 -1.401879e+01 3.828642e+00 -1.474236e+01 -1.019710e+01 -7.650515e+00 -8.320318e+00 7.425675e-01 9.353038e-01 2.084326e+00 -7.889183e-01 1.601897e+00 -4.274238e-01 -2.097538e+00 1.162489e+00 -9.965876e-01 -4.133265e+00 2.673386e+00 1.224525e+00 -1.365353e+00 -2.078320e-02 
1.098055e+01 -3.157627e+00 9.088765e+00 2.234405e+00 -1.977165e+00 -1.098742e+01 -1.125569e+01 1.498834e+00 -1.295173e+01 -7.215201e+00 -6.081338e+00 -1.031852e+01 7.323451e-01 -7.519650e-03 1.322884e+00 -1.397986e+00 7.783983e-01 -1.017293e+00 -1.417743e+00 6.750854e-01 -2.164712e+00 -2.003233e+00 1.262119e+00 -1.950509e-01 -1.244670e+00 -1.364971e-02 
1.102517e+01 -3.970454e-01 8.642855e+00 2.703517e+00 -5.139346e-01 -9.074072e+00 -1.075555e+01 3.106208e+00 -1.304283e+01 -5.183507e+00 -5.106033e+00 -7.756708e+00 7.146832e-01 3.961186e-02 1.528632e+00 -1.124577e+00 8.422679e-01 2.313104e-01 -8.407281e-01 1.385756e+00 -9.241827e-01 1.696350e-01 2.303301e-01 3.583315e-01 4.989178e-01 -1.927727e-02 
9.173410e+00 -1.789324e-01 4.823825e+00 3.336140e+00 -3.942029e+00 -1.572094e+01 -1.129622e+01 -2.013274e+00 -1.592539e+01 -9.953683e+00 -8.907515e+00 -8.674682e+00 6.926924e-01 -7.093778e-02 1.490920e+00 -1.255285e+00 9.294899e-01 7.229580e-01 -1.207916e+00 1.242915e+00 -2.548569e-01 3.831524e-01 -6.527367e-01 5.411213e-01 1.483564e+00 -2.312028e-02 
1.107847e+01 2.302338e+00 4.518048e+00 5.322178e+00 5.160213e-01 -1.527417e+01 -7.069739e+00 9.637824e-01 -1.240736e+01 -7.676209e+00 -4.445770e+00 -6.647651e+00 6.660075e-01 -3.142751e-01 1.077247e+00 -1.105460e+00 3.362837e-01 3.966474e-01 -8.897097e-01 5.404850e-01 -1.924469e+00 5.470124e-01 -2.582710e-01 -6.026224e-01 2.524141e-01 -2.586531e-02 
1.059922e+01 2.947279e+00 4.874744e+00 5.572525e+00 1.122647e+00 -1.392695e+01 -6.884023e+00 1.295762e+00 -1.135371e+01 -9.232533e+00 -3.705863e+00 -3.455234e+00 6.410815e-01 -3.012440e-01 1.123146e+00 1.835374e-01 6.453229e-01 6.747423e-01 1.305790e+00 2.640261e-01 -2.267777e+00 1.527438e+00 1.508659e+00 -1.207151e+00 3.391050e-01 -2.997285e-02 
8.740893e+00 3.426083e+00 3.090093e+00 3.266743e+00 -1.063036e+00 -1.441962e+01 -1.025923e+01 -8.170655e+00 -1.259361e+01 -6.835437e+00 -1.071997e+01 -9.104362e+00 6.111621e-01 -1.002301e+00 8.729180e-01 6.359421e-01 2.099575e+00 7.305822e-01 1.196465e+00 -9.479256e-02 -2.860572e+00 8.561193e-01 1.260920e+00 -2.539156e+00 2.071183e-01 -3.953884e-02 
8.835977e+00 4.874925e+00 6.455489e+00 7.590472e+00 2.212110e-01 -9.619268e+00 -8.381349e+00 -8.784942e+00 -8.195068e+00 -2.830776e+00 -1.180617e+01 -5.750801e+00 5.702509e-01 -1.499881e+00 8.880838e-01 1.037164e+00 2.390998e+00 4.937035e-01 1.212156e+00 1.094498e+00 -2.123732e+00 -1.500456e-01 6.845207e-01 -2.152397e+00 -5.502515e-01 -6.100081e-02 
6.948581e+00 5.703105e+00 6.907386e+00 1.481108e+01 4.619650e+00 -1.144568e+01 -6.795039e+00 -8.298726e+00 -9.706081e+00 -4.572486e+00 -1.309140e+01 -4.464275e+00 5.037286e-01 -1.951364e+00 4.848537e-01 7.603314e-01 2.195860e+00 1.416801e+00 1.411986e+00 1.712751e+00 4.035496e-01 4.181032e-01 -5.908545e-01 -5.431353e-01 6.916060e-01 -9.401457e-02 
3.995966e+00 6.249187e+00 8.151920e+00 1.175535e+01 7.498217e-01 -9.353134e+00 -3.143627e+00 -9.258861e+00 -1.354770e+01 -6.941405e+00 -1.328214e+01 -8.526534e+00 3.897942e-01 -2.590862e+00 -4.466559e-01 -7.879644e-01 4.670037e-01 1.441719e+00 8.239185e-01 2.046267e+00 1.645419e+00 1.226165e+00 -3.834518e-01 6.812538e-01 6.017643e-01 -1.209334e-01 
1.404077e+00 5.163220e+00 6.043535e+00 1.216360e+01 5.756665e+00 -7.492754e+00 -4.314336e+00 -5.915948e+00 -7.826775e+00 -7.734395e+00 -1.269766e+01 -4.258465e+00 2.313176e-01 -2.888001e+00 -1.559137e+00 -1.887889e+00 -1.330935e+00 1.340745e+00 2.129253e+00 1.685953e+00 2.621917e+00 3.172804e+00 1.533858e+00 1.799783e+00 1.794394e+00 -1.172518e-01 
-1.346082e+00 2.911587e+00 2.947592e+00 1.124923e+01 6.861299e+00 -7.476141e+00 6.096334e-01 -1.749237e+00 -3.003895e+00 -3.167081e+00 -8.596767e+00 -2.844885e+00 1.017892e-01 -2.634173e+00 -2.532852e+00 -2.645723e+00 -1.596125e+00 6.772200e-01 1.394619e+00 1.273570e+00 3.921102e+00 4.063101e+00 3.629169e+00 3.351215e+00 2.485423e+00 -8.492580e-02 
-4.820400e+00 -4.237773e-01 7.010412e-02 8.409464e+00 8.267635e+00 -1.737916e+00 -2.419024e-01 1.056048e+00 8.860362e-01 1.209641e+00 -6.435168e+00 1.666873e+00 6.147194e-02 -1.567016e+00 -1.581364e+00 -2.149668e+00 -2.236520e+00 -8.851830e-01 1.105113e+00 1.670314e+00 2.830154e+00 2.416579e+00 3.168619e+00 3.213310e+00 2.905693e+00 -4.533640e-02 
-6.062662e+00 -3.621572e+00 -2.089982e+00 5.651794e+00 2.880437e+00 -5.257460e+00 1.188004e+00 6.860652e+00 2.411398e+00 6.732422e+00 3.426883e-01 9.379117e-01 5.008799e-02 -9.904364e-01 -9.200131e-01 -1.188558e+00 -1.691583e+00 -4.733047e-01 1.044157e+00 7.945812e-01 1.966530e+00 1.733006e+00 2.372109e+00 1.967124e+00 2.498526e+00 -1.644356e-02 
-4.072715e+00 5.229799e-01 -2.186017e+00 3.779720e+00 3.321181e+00 -3.076528e+00 3.748049e+00 3.929878e+00 1.548472e+00 3.158947e+00 -1.100839e+00 8.378599e+00 3.048617e-02 -3.208913e-01 -1.272404e-01 -3.959110e-01 1.477645e-01 3.546011e-01 9.427107e-01 1.046313e+00 6.658741e-01 1.056750e+00 1.635908e+00 1.630887e+00 5.113075e-01 -9.919083e-03 
-6.672107e+00 -2.161856e+00 -1.867139e+00 5.106183e+00 6.968003e+00 -1.586049e+00 2.587564e+00 6.646497e+00 5.329919e+00 7.718810e+00 -1.428312e+00 6.291882e+00 3.506428e-02 -7.852373e-02 6.652641e-01 5.256029e-01 7.942236e-01 6.460997e-01 1.035714e-02 -3.618225e-01 -1.140688e+00 2.896009e-01 3.569569e-01 1.840509e-01 -1.021004e-02 -5.825066e-03 
-6.120134e+00 -1.789837e+00 -2.020872e+00 9.421093e+00 7.996858e+00 1.139933e+00 4.289885e+00 4.492496e+00 4.710526e+00 8.895988e+00 2.604769e+00 1.546425e+00 1.938838e-02 -2.191872e-01 3.206672e-01 1.169342e-01 6.367729e-01 4.717283e-01 -4.769130e-01 -8.268539e-01 -1.247736e+00 3.376778e-01 1.057705e+00 1.486549e+00 -8.126947e-01 -2.598602e-03 
-5.431571e+00 8.611573e-01 4.554605e-01 6.802226e+00 3.773097e+00 -7.313905e+00 -8.920259e-01 8.759047e-01 2.278376e+00 5.648686e+00 -5.898614e-01 4.302948e+00 2.651155e-02 2.652135e-01 1.246504e+00 2.462180e-01 -1.919767e-01 -4.845146e-02 6.350365e-01 3.211622e-01 -1.593975e+00 -8.173855e-01 -4.595465e-01 2.068779e+00 2.630225e-01 -3.101271e-03 
-5.788918e+00 6.148090e-01 -2.762646e+00 6.115562e+00 7.277276e+00 -2.597166e+00 1.353574e+00 5.764915e-01 4.762633e+00 9.482534e+00 5.912679e+00 5.309592e+00 2.176952e-02 3.875904e-02 1.121805e+00 4.488629e-01 -6.436093e-01 -6.215327e-02 6.280405e-01 1.156252e+00 -4.881692e-01 -1.035128e+00 -3.022279e-01 6.777757e-01 -7.755904e-02 -4.507309e-03 
-5.511647e+00 2.868341e+00 -2.651622e-01 5.799065e+00 7.085537e+00 3.457683e+00 5.661530e+00 6.346258e-01 1.216938e+00 5.127805e+00 7.261632e+00 5.725410e+00 1.836735e-02 -1.660062e-01 5.018997e-01 3.247308e-01 -1.138541e-02 4.268208e-01 2.295504e+00 1.756772e+00 1.001716e+00 1.013852e+00 9.351135e-01 4.588502e-01 -5.157013e-01 -8.253569e-03 
-5.886301e+00 2.815594e+00 5.837531e-01 6.704627e+00 6.029871e+00 -1.105659e+00 6.794367e+00 2.172289e+00 6.560540e-02 7.645290e+00 2.067901e+00 4.473987e-01 9.239316e-04 -4.104830e-01 1.759590e-01 5.233444e-01 5.654410e-01 -9.672249e-01 -1.976689e-01 5.684646e-01 7.058541e-01 1.155677e+00 4.058219e-01 -3.157209e-01 2.093222e-01 -3.755748e-04 
-6.212911e+00 2.270263e+00 4.059153e-01 6.450767e+00 6.530903e+00 3.417862e+00 5.171438e+00 5.086587e+00 9.696149e+00 1.124288e+01 3.626779e+00 4.155539e+00 -4.333496e-03 -5.754818e-01 -4.458817e-02 2.660416e-01 7.161317e-01 -9.146068e-01 -1.182834e+00 9.880161e-03 3.365392e-01 7.740175e-01 2.397415e-01 -7.567090e-01 2.766166e-01 2.642047e-03 
-7.490702e+00 1.793643e+00 -4.814627e-01 8.616916e+00 2.718468e+00 -3.565600e+00 4.440944e+00 1.879781e+00 6.301413e+00 8.454108e+00 6.151501e+00 7.141139e+00 3.124207e-02 -3.809626e-01 8.044884e-01 7.004937e-02 -7.316673e-02 -1.734473e-01 -2.421564e-01 1.103013e+00 1.076998e-01 2.786284e-01 -3.764667e-01 7.953320e-01 9.499165e-01 5.873757e-03 
-7.586856e+00 3.156376e+00 1.597654e+00 8.423578e+00 4.168205e+00 -1.226516e+00 6.887643e+00 2.463576e+00 1.969122e+00 5.922103e+00 1.436287e+00 3.761623e+00 1.641852e-02 -6.057545e-01 4.927005e-01 4.072344e-01 -8.550727e-01 -5.080045e-01 -5.603001e-01 6.004753e-01 7.260044e-02 -6.645465e-01 -3.808923e-01 5.051321e-01 8.716260e-01 8.888841e-04 
-7.104141e+00 6.394980e+00 3.381307e-01 5.352387e+00 6.343984e+00 5.748034e-03 1.145133e+01 4.022294e+00 5.322261e+00 8.423343e+00 7.139807e+00 5.393939e+00 1.991671e-02 -2.458533e-01 3.046853e-01 7.615751e-01 -1.279083e+00 -3.169339e-01 7.562749e-01 6.197197e-01 8.173149e-01 2.944326e-03 4.895821e-01 -8.337057e-01 6.207440e-01 -2.792776e-03 
-9.434963e+00 2.433097e+00 2.032290e+00 3.807668e+00 2.178122e+00 -1.169313e+00 4.668622e+00 4.378333e+00 6.862992e+00 9.353797e+00 5.658287e+00 9.387269e+00 5.773604e-03 -9.489088e-02 -5.791577e-01 2.990360e-01 -7.509366e-01 -7.963277e-01 3.466333e-01 -1.272310e+00 -2.488396e-01 1.081926e-01 9.870552e-01 -6.539403e-01 2.618601e-01 -4.543126e-04 
-7.795915e+00 3.678709e+00 3.109094e+00 4.529454e+00 2.128840e+00 1.871729e-01 8.649053e+00 5.008976e+00 3.869199e+00 9.186172e+00 -1.280270e-01 7.432036e+00 2.260065e-02 2.556253e-01 -4.022761e-01 6.347913e-01 4.087400e-01 -3.364215e-01 -9.594039e-02 -1.951594e+00 -9.803188e-01 -3.553393e-01 7.936168e-01 -6.559085e-01 -4.884733e-01 -2.400905e-03 
-7.715424e+00 1.618723e+00 1.707352e+00 5.080362e+00 2.294139e+00 4.159383e-01 1.927228e+00 7.260365e-01 3.236616e+00 1.047596e+01 1.800503e+00 4.051876e+00 1.280499e-02 5.184323e-01 5.502319e-01 -5.827665e-03 6.353801e-01 4.876763e-01 -3.508289e-01 -1.319261e+00 -1.596302e+00 -4.164220e-01 7.167847e-01 6.654061e-01 -1.122102e+00 -7.864774e-04 
-6.685784e+00 4.790786e+00 3.674556e+00 6.759740e+00 4.603868e+00 -1.266579e+00 3.064056e+00 9.468478e-01 5.358753e+00 1.183034e+01 5.789156e+00 5.619269e+00 4.396498e-03 -7.866783e-02 2.931930e-01 -3.986491e-01 1.064339e-01 6.086056e-01 -5.322312e-01 -1.312059e+00 -1.350408e+00 -3.910103e-01 -1.209893e-01 2.196537e+00 2.031849e-01 -1.993322e-03 
-7.397867e+00 4.628218e+00 1.720421e+00 5.869426e+00 3.378990e+00 -2.196581e+00 8.648138e-01 -1.572115e+00 4.036105e+00 1.161563e+01 6.026726e+00 4.683145e+00 1.094329e-02 -2.575490e-01 2.939577e-01 -4.118772e-01 -3.944125e-01 3.698812e-01 -4.704656e-01 7.551964e-01 -1.168746e-01 4.437682e-01 5.144765e-02 2.043913e+00 1.641863e+00 -3.412676e-03 
-8.348032e+00 3.639926e+00 1.109314e+00 4.667092e+00 4.629442e+00 -1.167723e+00 2.619964e+00 -5.939865e-01 1.514403e+00 8.011390e+00 8.741545e+00 8.132326e+00 1.356488e-02 -1.881125e-01 -7.880536e-02 -4.640335e-01 -4.639493e-01 -4.554732e-01 -1.189813e-01 1.348831e+00 1.402989e-01 -5.432432e-01 5.462703e-01 1.156564e+00 1.208387e+00 -2.116919e-03 
-8.172045e+00 3.663941e+00 9.305871e-01 4.154624e+00 4.130757e+00 -1.985818e+00 5.925257e+00 9.120809e-01 7.377632e+00 1.264268e+01 1.054387e+01 1.100466e+01 -8.842587e-03 -1.478926e-01 1.297671e-01 7.701413e-01 -7.618252e-02 -6.941830e-01 1.547318e-01 1.232735e+00 7.226974e-01 6.802151e-02 9.304250e-01 8.073306e-02 2.107470e-01 -8.406639e-04 
-7.239258e+00 4.878898e+00 1.749306e+00 5.297395e+00 1.950618e+00 -1.966868e+00 7.277992e+00 4.062445e-01 9.717736e-01 1.404817e+01 9.313402e+00 8.500447e+00 3.704846e-03 -1.207043e-01 3.028909e-01 1.260418e+00 2.031278e-01 -9.647180e-01 1.251214e-01 2.933238e-01 4.899662e-01 3.536145e-01 1.108265e+00 -9.593574e-01 -1.061086e+00 1.672280e-03 
-8.691717e+00 4.657568e+00 5.251132e+00 5.173362e+00 1.247487e+00 -1.023350e+00 4.699474e+00 1.541256e+00 4.647528e+00 1.324937e+01 6.144462e+00 5.552819e+00 1.166999e-02 -2.491804e-01 1.765923e-01 1.214291e+00 1.913444e-01 -6.469672e-01 2.868453e-01 -5.030082e-01 2.393363e-01 -1.784454e-01 4.145784e-02 -1.196776e+00 -1.385132e+00 4.899031e-03 
