-1.720730e+01 -4.538999e+00 5.994798e+00 6.285706e+00 1.389754e+01 -6.252795e+00 -7.447611e+00 -8.147375e+00 6.452113e+00 1.439139e+01 -3.428524e+00 4.482276e+00 3.977418e-04 1.017367e+00 6.210541e-01 -1.588665e-01 -1.557891e-01 -2.070808e+00 1.679129e-01 3.155329e-01 1.629059e+00 2.503152e-01 -2.502608e+00 1.307095e+00 -1.676340e+00 -4.550713e-02 
-1.390224e+01 -1.580355e+00 3.417055e+00 8.773776e+00 7.818410e+00 -1.084193e+01 -4.966199e+00 -2.709867e+00 9.373559e+00 3.430916e+00 -1.297499e+00 2.956684e-01 -1.512927e-01 1.098851e+00 9.882250e-01 -7.513676e-01 -5.065142e-01 -2.180859e+00 4.786438e-01 1.366303e+00 1.731961e+00 -8.650049e-01 -3.015113e+00 2.100428e+00 -6.606625e-01 -4.550713e-02 
-1.377299e+01 -2.913050e+00 6.489337e+00 4.262725e+00 6.583061e+00 -3.118661e+00 -7.110652e+00 -2.720835e+00 6.242966e+00 7.358591e+00 2.041439e+00 -1.806119e+00 -1.512927e-01 1.025492e+00 1.033534e+00 -1.004005e+00 2.088387e-01 -1.415156e+00 1.233425e+00 2.813923e+00 2.095830e+00 -4.279213e-01 -2.068224e+00 2.079354e+00 2.944643e-01 -3.033808e-02 
-1.343019e+01 -4.108483e-01 1.990690e+00 4.764626e+00 6.650479e+00 -5.426643e+00 -7.845755e-01 -2.200839e+00 2.231661e+00 2.832228e+00 4.338635e+00 4.323161e+00 -1.512927e-01 2.493683e-01 6.643103e-01 -5.159788e-01 9.178443e-01 -5.026886e-01 1.423187e+00 2.496669e+00 7.611369e-01 -5.178952e-01 2.930437e-01 1.618595e+00 1.734849e+00 0.000000e+00 
-1.231586e+01 4.391682e-02 1.687953e+00 9.334475e+00 7.405722e+00 -2.793316e+00 4.531192e+00 2.077263e+00 7.883455e+00 4.349615e+00 4.150177e+00 3.940851e+00 -1.512927e-01 3.254824e-01 1.098899e+00 2.062276e-01 1.846029e+00 -9.349346e-04 5.164688e-01 2.712506e+00 1.192580e+00 -2.008691e-02 -7.716522e-02 1.328498e-01 1.014771e+00 0.000000e+00 
-1.338397e+01 2.627127e-01 3.237853e+00 1.082712e+01 4.893637e+00 -3.888669e+00 1.696226e+00 -1.303232e+00 5.963838e+00 6.400622e+00 5.741106e+00 6.096429e+00 -1.512927e-01 -4.654541e-02 4.699160e-01 6.914318e-01 7.502872e-01 -5.108702e-01 7.237395e-01 4.908012e-01 -1.341643e-02 4.739056e-01 1.052080e+00 -5.365081e-01 -9.035003e-01 0.000000e+00 
-1.216869e+01 2.244665e+00 6.896894e+00 1.046162e+01 7.456808e+00 -1.305304e+00 5.211478e+00 2.793260e+00 4.276443e+00 5.188568e+00 2.004453e+00 2.381101e+00 -1.512927e-01 -1.316217e-01 7.077237e-01 6.599663e-01 -2.235819e-01 3.284494e-01 -3.445633e-01 -1.816742e-01 -6.103382e-01 -3.465805e-01 1.695249e-01 -8.384072e-01 -5.833105e-01 0.000000e+00 
-1.373650e+01 8.383571e-01 2.843379e+00 7.952489e+00 4.070585e+00 -2.551952e+00 1.329287e+00 -2.625919e+00 6.404696e+00 7.673152e+00 2.728957e+00 5.855350e-01 -1.512927e-01 9.196301e-02 3.885850e-01 -4.063452e-01 -3.595946e-01 6.977860e-01 -1.214591e-01 5.002891e-01 4.635642e-01 -1.283565e-01 4.585690e-02 -6.535150e-01 2.227999e-01 0.000000e+00 
-1.279770e+01 3.294713e+00 5.185022e+00 9.653881e+00 9.459495e+00 -5.184491e+00 3.806290e+00 -3.130844e-01 5.930124e+00 4.560974e+00 1.464215e+00 3.779745e+00 -1.512927e-01 -3.504677e-02 1.592899e-02 -8.127033e-01 -1.703451e-01 -1.603502e-01 -2.987712e-01 6.595385e-02 2.989385e-01 -6.871957e-01 2.869450e-01 -6.977687e-02 8.516619e-01 0.000000e+00 
-1.260965e+01 1.680614e+00 2.062063e+00 9.433019e+00 7.381223e+00 -2.556371e+00 4.900266e+00 2.567761e+00 4.495215e+00 6.943703e+00 2.743650e+00 6.511106e+00 -1.512927e-01 3.006546e-01 -2.588439e-02 -8.170778e-02 4.582574e-01 7.811689e-02 4.843355e-01 -2.659675e-01 1.089300e+00 -3.285189e-02 -3.423806e-01 6.516092e-02 7.840319e-01 0.000000e+00 
-1.290735e+01 1.903182e+00 3.224035e+00 8.869629e+00 4.999738e+00 -2.796951e+00 3.755758e+00 1.691112e+00 1.795205e+00 6.988017e+00 1.648222e+00 3.676625e+00 -1.512927e-01 2.405802e-01 -1.065748e-01 -4.947936e-01 -2.175484e-01 -5.389715e-02 9.562026e-01 -1.252439e+00 -2.608791e-01 9.942328e-01 4.340663e-01 -2.733130e-01 -2.000591e-02 0.000000e+00 
-1.217840e+01 1.404701e+00 3.415334e+00 1.063590e+01 6.691048e+00 -1.324044e+00 2.471566e-02 1.818482e+00 8.307896e+00 4.747728e+00 2.962759e+00 4.557255e+00 -1.512927e-01 9.753523e-02 2.013567e-02 2.417409e-03 -3.694151e-01 6.967583e-01 -5.343869e-01 -1.149832e+00 -1.236445e+00 9.561363e-01 -2.310759e-01 1.309175e-01 -3.699201e-02 0.000000e+00 
-1.181042e+01 2.899796e+00 2.034419e+00 7.964698e+00 9.535096e+00 -1.019641e+00 -1.812768e-02 -1.242841e+00 8.994948e+00 7.829293e+00 -1.190361e-02 4.656641e+00 -1.512927e-01 4.375229e-02 -1.886028e-01 1.945834e-01 1.148905e-01 1.239107e+00 -7.598033e-01 1.290355e-01 -1.210228e+00 -1.968344e-01 3.647324e-01 7.013925e-01 2.949867e-01 0.000000e+00 
-1.267044e+01 1.282985e+00 2.668958e+00 8.038409e+00 8.597335e+00 -6.116961e+00 1.038046e+00 -2.147486e+00 5.676025e+00 5.367686e+00 4.228300e+00 5.836138e+00 -1.512927e-01 -1.045083e-01 -1.784197e-01 -1.395595e-02 -3.648256e-01 -1.743763e-01 -1.484268e+00 1.010350e+00 -2.134722e-01 -1.340005e+00 -4.672527e-01 3.705058e-01 9.470388e-01 0.000000e+00 
-1.244257e+01 1.021026e+00 4.570140e+00 1.074283e+01 1.024213e+01 -4.199509e+00 3.894270e+00 -2.377044e+00 2.126968e+00 8.501700e+00 4.522414e+00 4.512116e+00 -1.512927e-01 -2.494228e-01 -4.006208e-01 9.721415e-02 3.181891e-01 -1.138874e+00 -1.557519e+00 2.797638e-01 7.981950e-01 -7.620985e-01 -1.645771e+00 1.304149e-01 5.235238e-01 0.000000e+00 
-1.238487e+01 1.451987e+00 2.077693e+00 7.422709e+00 5.465650e+00 -7.155449e+00 3.120267e+00 1.318223e+00 5.041860e+00 2.075261e+00 2.548129e+00 9.364711e+00 -1.512927e-01 -1.734436e-01 -3.054910e-01 -2.819038e-01 2.656955e-01 -6.616822e-01 1.589304e-01 -2.069680e-01 6.252106e-01 7.294218e-02 -1.554342e+00 -4.563699e-01 6.933829e-01 0.000000e+00 
-1.320032e+01 8.121908e-01 2.816122e+00 9.863493e+00 5.406570e+00 -8.287992e+00 3.395808e-01 1.015280e+00 5.501538e+00 1.246650e+00 1.480257e+00 5.509974e+00 -1.512927e-01 -7.568093e-02 9.701717e-02 -5.110417e-02 -1.487458e-02 -7.024018e-01 8.101583e-03 -3.408840e-01 5.985379e-03 -1.141139e-01 -1.039850e+00 -1.967814e-01 1.207675e-01 0.000000e+00 
-1.315878e+01 -1.400523e-01 2.136448e+00 9.806554e+00 7.706704e+00 -3.278067e+00 1.780551e+00 -7.175946e-01 4.353451e+00 1.223504e+00 3.467529e+00 8.804124e+00 -1.512927e-01 -1.001364e-01 3.786667e-01 5.983175e-01 3.097222e-01 3.024762e-02 1.853777e-01 1.941396e-01 -8.034481e-01 1.555069e-02 5.010855e-01 -8.466554e-01 -9.283521e-01 0.000000e+00 
-1.243402e+01 2.302131e+00 4.285242e+00 9.476532e+00 5.609594e+00 -6.097692e+00 2.859709e+00 -1.329208e+00 1.900603e+00 3.728329e+00 3.078807e+00 5.396247e+00 -1.512927e-01 -2.622000e-01 3.878933e-01 4.242849e-01 -3.674849e-01 6.977048e-02 -1.806936e-02 -1.009095e-01 -1.060115e+00 5.516107e-01 8.664742e-01 -1.036336e+00 -1.553704e-01 0.000000e+00 
-1.326870e+01 2.600350e+00 4.334721e+00 9.164801e+00 5.515376e+00 -7.323711e+00 2.830901e+00 -1.526773e+00 6.920081e+00 3.339848e+00 -2.484423e+00 4.779814e+00 -1.512927e-01 1.867699e+00 -1.045608e+00 -1.530891e+00 -3.054619e+00 2.294305e-01 1.246229e+00 -8.300584e-01 9.356562e-01 -9.502674e-01 -6.898397e-01 4.343450e-01 -5.997508e-01 4.142463e-02 
-1.445636e+01 1.381456e+00 3.838410e+00 8.346946e+00 6.851087e+00 -6.355517e+00 -6.901422e-01 -3.880703e+00 6.976276e+00 4.520848e+00 -7.254463e-01 6.745276e+00 -1.512927e-01 3.759406e+00 -2.806628e+00 -2.810932e+00 -4.567030e+00 5.213429e-01 4.003241e+00 -1.657999e+00 2.901833e+00 -3.583335e+00 -1.837446e+00 1.050797e+00 -7.842892e-01 1.311513e-01 
-2.809118e+00 -4.907756e+00 -5.294590e+00 -4.901746e+00 8.233110e+00 3.081989e+00 -5.948157e-01 5.236433e+00 -2.935724e+00 -2.621954e+00 7.541381e+00 5.130855e+00 5.583048e-02 6.595378e+00 -2.862924e+00 -4.692117e+00 -5.160639e+00 -1.058486e+00 2.338871e+00 -2.682727e+00 2.314896e+00 -6.675591e+00 -2.960446e+00 4.356472e-01 -3.148535e+00 2.123545e-01 
1.133217e+00 -7.976954e+00 -4.954763e+00 -6.325343e+00 6.857442e+00 8.715660e+00 -3.717429e+00 9.798352e+00 -1.108817e+01 -2.477998e+00 3.319889e+00 1.299281e+00 4.009025e-01 6.987897e+00 -2.600276e+00 -4.117493e+00 -4.663033e+00 -1.949450e+00 9.898485e-01 -2.168244e+00 2.313925e+00 -6.486950e+00 -2.511616e+00 -8.798226e-01 -4.600034e+00 2.626707e-01 
1.191340e+01 -7.035064e+00 -1.472928e+01 -9.302252e+00 2.197680e-01 -3.164944e+00 -9.069089e+00 3.208180e+00 -1.742565e+01 -7.962960e+00 -2.328854e+00 -8.239862e+00 6.343825e-01 3.353587e+00 -1.929966e+00 -1.062182e+00 -2.711288e+00 -3.016971e+00 1.444252e-01 -2.920924e+00 1.212314e+00 -4.007455e+00 -1.208395e+00 -1.740476e+00 -4.093088e+00 2.256792e-01 
1.312186e+01 -1.055627e+01 -1.203171e+01 -1.276797e+01 1.110509e+00 1.717192e+00 -7.294227e+00 8.703047e+00 -1.821351e+01 -5.366727e+00 -1.894419e-01 -9.569537e+00 8.727846e-01 4.871424e-01 -1.122460e+00 4.181204e-02 -2.419328e+00 -2.957566e+00 5.776329e-01 -2.348904e+00 1.173571e+00 -1.908986e+00 -9.577185e-01 -2.713424e-01 -2.303285e+00 1.501637e-01 
7.964496e+00 -1.326793e+01 -7.067028e+00 -1.523687e+01 -3.978278e+00 7.303350e+00 -1.341104e+01 1.184566e+01 -1.941033e+01 -7.219563e+00 5.936655e-01 -9.900175e+00 9.482855e-01 -2.194891e+00 -1.606386e-01 1.661625e+00 -1.600556e+00 -2.099597e+00 2.041816e+00 -8.305851e-01 1.791615e+00 -4.621460e-01 -5.291660e-01 8.191638e-01 1.557499e-01 8.532201e-02 
5.543381e+00 -1.047282e+01 -8.576830e+00 -1.545468e+01 -5.831363e+00 6.369678e+00 -1.329097e+01 1.134747e+01 -1.964076e+01 -7.638289e+00 5.019173e-01 -9.386987e+00 9.947697e-01 -1.778817e+00 1.303586e+00 1.024258e+00 -3.811888e-01 -1.862622e+00 1.014589e+00 -2.286560e-01 1.068054e+00 1.040892e-01 -4.503768e-01 1.100243e+00 7.320388e-01 2.963308e-02 
4.728186e+00 -7.879982e+00 -8.148594e+00 -1.596168e+01 -6.807282e+00 4.717895e+00 -1.022364e+01 1.084405e+01 -1.902275e+01 -9.473009e+00 1.421285e+00 -7.552388e+00 1.000000e+00 -3.832165e-01 1.715853e+00 2.921875e-01 1.437044e-01 -7.585937e-01 -1.254108e-01 9.250633e-01 4.525382e-01 6.758741e-01 7.724056e-02 1.406226e+00 7.253913e-01 7.765317e-03 
5.845934e+00 -6.732313e+00 -6.369634e+00 -1.431151e+01 -6.788100e+00 8.082867e+00 -1.003121e+01 1.454412e+01 -1.788685e+01 -6.491888e+00 4.897962e+00 -7.083237e+00 9.950927e-01 -3.721450e-02 6.255010e-01 1.777072e-01 -3.401245e-01 -7.722126e-01 -1.007830e+00 1.278524e-01 -7.221034e-01 5.776247e-01 -4.344040e-01 7.607633e-01 -3.561535e-02 -3.863811e-03 
5.897137e+00 -6.558916e+00 -6.709688e+00 -1.508993e+01 -7.292878e+00 5.819702e+00 -1.041561e+01 1.251002e+01 -1.690791e+01 -7.406561e+00 5.426773e+00 -7.425094e+00 9.869505e-01 2.224091e-01 -5.053921e-02 3.646439e-01 -5.305317e-01 -6.042627e-01 -1.070308e+00 -8.007641e-02 -1.196250e+00 7.828253e-01 -4.318280e-01 5.283893e-01 -3.024987e-01 -6.718534e-03 
4.772833e+00 -8.005849e+00 -8.407747e+00 -1.759117e+01 -9.449628e+00 7.796240e-01 -1.255573e+01 6.903966e+00 -1.781006e+01 -1.084353e+01 2.302990e+00 -9.628711e+00 9.819754e-01 5.120336e-01 -3.688859e-01 5.941170e-01 -6.687763e-01 -3.728678e-01 -1.290164e+00 5.513759e-01 -1.603572e+00 1.313232e+00 -8.521989e-01 4.667873e-02 2.750205e-01 -7.217997e-03 
6.376782e+00 -7.495910e+00 -5.306319e+00 -1.697451e+01 -8.497832e+00 3.017977e+00 -9.361760e+00 8.682875e+00 -1.514702e+01 -9.456326e+00 5.360718e+00 -7.792145e+00 9.729660e-01 1.035636e+00 -6.293700e-01 1.019674e+00 -4.714575e-01 -5.166153e-01 -4.523406e-01 9.838149e-01 -1.154601e+00 1.623670e+00 -7.262970e-01 -6.341860e-02 1.051008e+00 -6.497181e-03 
8.166280e+00 -8.108246e+00 -4.100733e+00 -1.671311e+01 -8.049962e+00 3.032910e+00 -7.801249e+00 8.439838e+00 -1.220113e+01 -9.728000e+00 5.164383e+00 -5.524609e+00 9.659950e-01 1.325802e+00 -4.938766e-01 9.540674e-01 2.136236e-01 -1.019349e+00 4.517066e-01 1.177890e+00 -7.641829e-01 2.146071e+00 -7.475630e-01 2.929045e-01 1.492799e+00 -5.907923e-03 
9.378595e+00 -9.654568e+00 -3.764827e+00 -1.788625e+01 -1.057579e+01 2.431355e+00 -7.873772e+00 5.969078e+00 -1.159403e+01 -1.159581e+01 3.678984e+00 -4.222104e+00 9.624548e-01 1.240503e+00 -3.444870e-01 3.684511e-01 7.120768e-01 -1.894506e+00 7.263824e-01 9.700888e-01 -1.057682e+00 2.306594e+00 -8.489407e-01 2.730650e-01 1.378042e+00 -5.227947e-03 
9.900936e+00 -9.395904e+00 -4.408156e+00 -1.606718e+01 -1.350740e+01 3.331468e+00 -7.410273e+00 4.439949e+00 -8.856200e+00 -1.351161e+01 4.608380e+00 -3.949736e+00 9.576914e-01 1.099104e+00 1.975771e-01 1.133317e-01 1.388129e+00 -2.489395e+00 1.291971e+00 1.199956e+00 -8.205616e-01 2.405856e+00 -4.119294e-01 8.240827e-01 1.037701e+00 -5.786115e-03 
1.171197e+01 -8.574516e+00 -3.310352e+00 -1.373709e+01 -1.524164e+01 6.500610e+00 -4.706804e+00 5.394410e+00 -5.286519e+00 -1.180923e+01 7.004045e+00 -1.689369e+00 9.509781e-01 8.816814e-01 7.270072e-01 -4.385987e-01 1.690686e+00 -2.601313e+00 6.979433e-01 1.213383e+00 -8.474233e-01 2.232396e+00 -7.374401e-02 4.158510e-01 5.071111e-01 -7.870394e-03 
1.249511e+01 -7.660386e+00 -3.761312e+00 -1.184704e+01 -1.816401e+01 7.458136e+00 -3.384954e+00 4.624364e+00 -3.325608e+00 -1.168094e+01 7.622266e+00 -1.602470e+00 9.428028e-01 4.555908e-01 9.443234e-01 -4.408402e-01 1.136208e+00 -2.037538e+00 -4.949238e-01 9.413212e-01 -7.101034e-01 1.343850e+00 7.280000e-01 -6.855776e-01 5.812306e-02 -9.684700e-03 
1.248991e+01 -6.887290e+00 -6.281242e+00 -1.154289e+01 -2.125405e+01 3.857738e+00 -3.819517e+00 1.639754e+00 -3.197343e+00 -1.287987e+01 4.251296e+00 -2.860182e+00 9.305471e-01 1.276159e-02 1.169775e+00 -1.997592e-01 5.952042e-01 -1.052584e+00 -1.808323e+00 9.049211e-01 -6.996473e-01 8.604902e-01 1.206673e+00 -1.376072e+00 -3.168659e-01 -1.146738e-02 
1.178992e+01 -5.517900e+00 -5.126912e+00 -1.148324e+01 -2.068888e+01 2.178285e+00 -3.147310e+00 2.766760e+00 -3.181539e+00 -9.336286e+00 2.556866e+00 -3.073714e+00 9.194834e-01 -2.265348e-02 1.305279e+00 4.409098e-01 4.148603e-01 -4.189293e-01 -1.833907e+00 8.177967e-01 -2.481534e-01 7.834007e-01 1.616123e+00 -1.028769e+00 -4.191548e-01 -1.321431e-02 
1.212838e+01 -3.796886e+00 -3.626348e+00 -1.094297e+01 -1.924213e+01 9.892321e-02 -3.010209e-01 2.824976e+00 -1.056103e+00 -6.948190e+00 2.656383e+00 -2.538077e+00 9.053009e-01 1.290011e-01 1.284376e+00 1.279975e+00 4.575247e-01 -3.081974e-01 -1.069022e+00 7.839705e-01 3.280974e-01 5.980629e-01 1.936580e+00 -3.560338e-01 -1.574356e-01 -1.549161e-02 
1.256262e+01 -2.679192e+00 -2.884211e+00 -1.007270e+01 -2.126461e+01 1.680088e-01 -1.055219e+00 2.790986e+00 -4.792244e-01 -6.566163e+00 3.275877e+00 -3.859296e+00 8.893543e-01 1.123652e-01 1.282716e+00 1.124109e+00 2.726610e-01 -7.355604e-01 -9.196065e-01 5.314006e-01 -1.095570e-01 -9.030833e-02 1.432238e+00 -5.345435e-01 -6.464925e-02 -1.887259e-02 
1.274857e+01 -1.884765e+00 -1.002716e+00 -9.960535e+00 -2.250717e+01 -4.822345e-01 -9.457097e-01 3.268128e+00 -1.558186e+00 -4.582026e+00 2.111621e+00 -3.254569e+00 8.681536e-01 2.021351e-01 1.205344e+00 8.497604e-01 -2.366276e-02 -9.746105e-01 -8.754143e-01 5.931184e-01 -7.347472e-01 -9.442760e-01 1.251204e+00 -9.059450e-01 -5.255260e-02 -2.243296e-02 
1.204165e+01 -6.038100e-02 -8.181810e-01 -1.061115e+01 -2.273417e+01 -2.129169e+00 -1.679628e-01 1.997399e+00 -3.382039e+00 -3.358177e+00 1.565293e-01 -3.038715e+00 8.436941e-01 4.011780e-01 1.199336e+00 9.856573e-01 -4.693193e-01 7.640419e-02 -6.381823e-01 9.233875e-01 -1.243178e+00 -7.700049e-01 1.778530e+00 -1.241263e+00 1.488799e-01 -2.623319e-02 
1.339954e+01 9.204271e-01 -4.105606e-01 -1.079206e+01 -2.338041e+01 -3.129559e+00 2.220943e+00 -4.519663e-01 -4.326075e+00 -2.296164e+00 -3.136687e-01 -3.211130e+00 8.159662e-01 3.351897e-01 1.323347e+00 5.593812e-01 -2.612169e-01 1.024360e+00 -2.337370e-01 3.243479e-01 -1.500409e+00 3.891540e-01 1.373604e+00 -9.999217e-01 -3.998236e-01 -2.909104e-02 
1.424302e+01 1.914893e+00 1.747998e+00 -1.200354e+01 -2.044598e+01 -1.699240e+00 1.978393e+00 -1.564854e+00 -2.945305e+00 1.183557e+00 -1.717792e+00 -3.136616e+00 7.842821e-01 -1.540538e-01 1.039924e+00 5.740151e-01 3.671932e-02 1.552632e+00 1.518044e-01 -8.011276e-01 -6.895900e-01 7.002712e-01 1.084131e+00 -5.963851e-01 -1.351397e+00 -3.100857e-02 
1.332383e+01 3.744333e+00 5.111005e-01 -1.057043e+01 -1.852946e+01 -1.865884e+00 -3.971479e-01 -2.452793e+00 1.692169e-01 1.512891e-02 -1.950827e+00 -5.204736e+00 7.524044e-01 -6.353313e-01 7.168037e-01 7.515138e-01 1.451159e-01 1.848192e+00 -1.911472e-01 -1.197612e+00 -3.692605e-01 6.375896e-01 8.277241e-01 -7.697583e-01 -1.873080e+00 -3.149360e-02 
1.130923e+01 3.727285e+00 1.591064e+00 -1.053837e+01 -1.739647e+01 -2.001984e+00 -2.864556e+00 -4.501374e-01 -2.128329e+00 9.068288e-01 -2.006817e+00 -8.798899e+00 7.204322e-01 -5.839521e-01 3.091111e-01 7.676409e-01 1.443104e-01 1.092118e+00 -7.431841e-01 -9.316788e-01 -3.710563e-01 -1.539307e-01 4.528462e-01 -1.136634e+00 -1.802876e+00 -2.632831e-02 
1.168978e+01 3.598250e+00 3.425476e+00 -1.079906e+01 -1.566420e+01 -3.933923e+00 -1.345644e+00 -2.855627e+00 -1.546614e+00 1.980820e+00 -4.017948e+00 -9.745386e+00 6.904232e-01 -1.493168e-01 1.466682e-01 1.131098e+00 -8.370361e-02 4.372519e-01 -7.065904e-01 -4.524063e-01 -4.204183e-01 -6.696023e-01 7.057245e-01 -1.563032e+00 -8.430015e-01 -2.029346e-02 
1.214029e+01 3.533490e+00 4.129015e+00 -1.116767e+01 -1.641802e+01 -4.381141e+00 -2.205753e+00 -3.218719e+00 -2.857043e+00 2.464943e+00 -6.367400e+00 -9.880670e+00 6.836311e-01 2.300599e-01 5.930840e-01 9.132773e-01 -8.169460e-02 1.876635e-01 -4.748684e-01 -1.930278e-01 -9.694454e-01 3.792191e-02 6.753074e-01 -1.662348e+00 2.044392e-03 -1.636946e-02 
1.216172e+01 4.574571e+00 4.897616e+00 -1.067429e+01 -1.683243e+01 -4.209257e+00 -2.988581e+00 -3.170594e+00 -2.814438e+00 2.764694e+00 -7.585695e+00 -8.878858e+00 6.693376e-01 6.588469e-02 1.449274e+00 5.053781e-01 4.105597e-01 -1.154045e-01 -3.049032e-01 7.263193e-02 -7.168123e-01 4.209757e-01 7.500901e-01 -1.321319e+00 4.815490e-01 -3.231684e-02 
1.222356e+01 6.204544e+00 5.421380e+00 -1.100923e+01 -1.587404e+01 -4.238659e+00 -3.008226e+00 -5.139881e+00 -1.304808e+00 3.891429e+00 -8.534682e+00 -9.221941e+00 6.491277e-01 -7.783799e-02 2.299837e+00 6.137472e-01 1.418617e+00 5.889295e-01 -2.209071e-01 6.984412e-01 -1.257433e+00 1.077160e+00 2.208044e-01 -1.198666e+00 1.622821e+00 -6.499078e-02 
1.197756e+01 9.509090e+00 5.306184e+00 -8.825485e+00 -1.651321e+01 -5.529680e+00 -5.812478e-01 -5.479107e+00 -2.178533e-01 5.018027e+00 -9.540903e+00 -7.667006e+00 5.460907e-01 -1.696054e-01 3.124918e+00 1.201864e-01 2.663891e+00 3.185407e+00 -1.489645e+00 1.267141e+00 -2.073663e-01 1.512959e+00 -5.728696e-01 2.328282e-01 2.986468e+00 -8.600640e-02 
1.184318e+01 1.256542e+01 6.993467e+00 -4.998988e+00 -1.363298e+01 -4.825465e+00 8.278680e-02 -8.351625e+00 1.230467e+00 2.442298e+00 -1.138313e+01 -2.372489e+00 4.203007e-01 -7.810077e-01 1.467988e+00 9.096354e-01 5.309461e+00 4.191045e+00 -2.076555e+00 3.328347e+00 1.632389e+00 2.879272e-01 -9.342912e-01 2.199214e+00 2.648016e+00 -9.384418e-02 
1.150388e+01 1.701873e+01 4.712504e+00 -3.599577e-01 -2.025922e+00 -1.136408e+01 1.801615e+00 -2.601553e+00 3.482720e+00 6.249118e-01 -4.997333e+00 2.628755e+00 3.537191e-01 -1.785564e+00 -1.569435e+00 6.807504e-01 5.382459e+00 3.743982e+00 -2.256210e+00 4.196424e+00 2.564337e+00 1.515513e-01 -2.398915e-01 4.280425e+00 8.468277e-01 -7.709030e-02 
8.555363e+00 9.789665e+00 1.026640e+01 1.130531e+01 -2.162452e+00 -1.170423e+01 1.244208e+01 1.583290e+00 -1.715459e+00 1.416530e+00 1.895990e-01 -1.129741e+00 2.760926e-01 -1.595693e+00 -1.473010e+00 5.385391e-01 3.843237e+00 2.667919e+00 -3.576954e-02 2.498563e+00 1.176615e+00 1.030850e+00 1.098438e+00 4.686012e+00 2.316658e-01 -5.840255e-02 
4.693652e+00 3.049791e+00 7.073472e+00 9.934661e+00 -3.528565e+00 -1.337135e+01 1.422123e+01 2.375120e+00 2.012866e+00 4.331454e+00 6.074858e+00 -4.054241e+00 2.327433e-01 -1.405172e+00 -1.560576e+00 8.394318e-01 1.534828e+00 4.414051e-01 2.544729e+00 3.145192e-01 -1.269402e+00 1.150290e+00 -1.295667e-02 1.524589e+00 2.251901e-01 -4.871174e-02 
7.269826e+00 1.218483e+01 8.505680e+00 9.069888e+00 4.579325e-01 -4.000679e+00 6.365796e+00 -4.956884e+00 7.119642e+00 6.081217e+00 6.510839e+00 2.127337e+00 1.887758e-01 -6.656277e-01 2.176799e-01 -3.664795e-01 -1.886785e+00 8.250154e-01 4.119300e+00 -9.215704e-01 -1.821629e+00 8.167847e-01 -2.280508e+00 -1.491946e+00 1.617577e+00 -3.559024e-02 
5.120788e+00 8.018262e+00 9.790022e+00 8.431894e+00 -1.129088e+00 -2.492211e+00 6.412352e+00 -5.678478e+00 4.816619e+00 -1.772215e+00 -5.350097e-01 2.126166e+00 1.538188e-01 4.045439e-03 6.137511e-01 -8.253075e-01 -2.934211e+00 8.721676e-01 5.006211e+00 3.340932e-01 -7.487348e-01 -7.566229e-01 -3.816214e+00 -4.267920e+00 8.088478e-01 -1.663793e-02 
5.013656e+00 8.393829e+00 7.075724e+00 2.622768e+00 7.628865e-01 3.452700e+00 1.173866e+01 -3.498054e+00 9.665883e-01 -6.934174e+00 -3.965195e+00 3.867937e+00 1.376036e-01 -1.296895e-01 -1.374166e+00 -1.600022e+00 -2.127531e+00 7.660364e-01 4.097430e+00 2.079439e+00 1.050778e+00 -2.473651e+00 -3.362258e+00 -4.439858e+00 -6.631119e-01 -4.192102e-03 
5.841965e+00 8.014049e+00 3.661912e+00 -1.512832e+00 6.797957e-01 7.933022e+00 1.320526e+01 -2.097970e+00 1.306278e+00 -8.241920e+00 -1.002673e+01 -8.803020e-01 1.751397e-01 1.158298e-01 -9.933196e-01 -1.848944e+00 -6.872133e-01 2.367420e+00 2.680914e+00 -8.259152e-01 -4.203521e-01 -2.098026e+00 -1.213440e+00 -2.366179e+00 4.088607e-01 -4.636198e-03 
6.260790e+00 5.316110e+00 3.569625e+00 3.404594e+00 3.383672e+00 1.127385e+01 1.336654e+01 -1.493250e+00 -3.493443e+00 -7.495222e+00 -1.094260e+01 3.150117e-01 1.571549e-01 -3.717529e-01 -1.186622e+00 -1.193124e+00 7.958090e-01 2.166481e+00 9.242631e-01 -3.752505e+00 -2.912416e+00 -9.631186e-01 1.229707e+00 -5.268500e-01 6.446606e-01 -1.441407e-02 
5.076370e+00 4.590524e+00 2.298352e+00 4.604914e+00 9.397619e+00 7.001783e+00 1.468839e+00 -8.782640e+00 -3.443497e+00 -7.558890e+00 -8.877204e+00 5.946932e+00 1.208622e-01 -1.206131e+00 -1.459625e+00 -9.121844e-01 1.559997e+00 3.525183e+00 5.697277e-01 -4.106437e+00 -4.188839e+00 -8.633892e-01 1.172874e+00 4.719566e-01 1.699396e+00 -2.709714e-02 
3.537689e+00 4.172481e+00 1.791882e+00 3.542941e+00 7.236377e+00 8.539635e+00 -1.155653e+00 -1.471780e+01 -1.474117e+00 -1.127154e+00 -7.174206e+00 3.677623e+00 9.267205e-02 -1.560876e+00 -1.261261e+00 -1.439700e+00 5.102481e-01 3.268105e+00 8.970962e-01 -2.848164e+00 -2.317185e+00 1.455135e+00 2.020347e+00 8.091518e-01 6.000487e-01 -3.375892e-02 
1.172858e+00 1.287738e+00 -1.013899e-02 6.217978e+00 1.637936e+01 1.214877e+01 -6.583166e-02 -1.642989e+01 -4.020330e+00 -5.561582e+00 -9.551138e+00 5.935373e+00 7.189542e-02 -1.534509e+00 -1.439201e+00 -1.320947e+00 2.888880e-01 1.631075e+00 1.028500e+00 1.359087e+00 1.409701e+00 2.086127e+00 2.710281e+00 7.338741e-01 2.627135e-01 -4.102175e-02 
4.081633e-01 6.611998e-01 -2.474630e+00 5.149302e+00 1.623333e+01 1.318584e+01 -1.069458e-01 -9.255552e+00 4.070649e+00 1.607861e+00 -6.559870e+00 3.321035e+00 1.284367e-02 -1.683115e+00 -1.630786e+00 -1.535961e+00 9.010585e-01 1.807032e+00 -4.271222e-01 2.044826e+00 2.674320e+00 2.642903e+00 1.970855e+00 1.171968e+00 6.836052e-01 -3.811248e-02 
-1.031414e+00 -8.498416e-01 -2.173128e+00 5.246173e+00 1.305452e+01 9.821182e+00 7.739918e+00 -4.465258e+00 4.214756e+00 4.625007e+00 -5.515001e+00 7.438793e+00 -4.433239e-02 -1.422513e+00 -7.271680e-01 -6.512333e-01 1.137105e+00 6.197151e-01 -1.513413e+00 1.269386e-01 2.357120e+00 3.874704e+00 3.296599e+00 2.330415e+00 1.448682e+00 -3.765243e-02 
-3.775752e+00 -2.912659e+00 -4.806427e+00 8.534135e+00 1.793396e+01 7.567818e+00 5.165601e+00 -7.328516e+00 7.622854e+00 3.633825e+00 -3.332435e+00 6.343939e+00 -3.977644e-02 -8.792235e-01 -2.780427e-01 -3.569862e-01 1.440808e+00 1.080587e+00 -8.609093e-01 -3.917882e-01 2.151054e-01 1.267256e+00 7.695657e-01 1.267941e+00 1.279769e-02 -2.514372e-02 
-3.847746e+00 -5.611723e-01 -2.100407e+00 1.021109e+01 1.862762e+01 7.390715e+00 -2.067412e+00 -5.607809e+00 1.357709e+01 9.908431e+00 4.872187e-01 1.166733e+01 -9.005666e-02 -3.507593e-01 3.363505e-01 9.423924e-03 8.012945e-01 7.622176e-01 -3.615810e-01 -1.134974e+00 -1.558032e-01 5.402359e-01 -4.901783e-01 -2.020524e-01 -1.652866e+00 -2.140681e-02 
-2.579787e+00 -8.733485e-01 -4.295922e+00 9.870884e+00 1.884971e+01 1.009653e+01 2.837778e+00 -7.608750e+00 5.725762e+00 2.813977e+00 -3.221277e+00 1.270753e+00 -9.001279e-02 3.069115e-02 4.372209e-01 -3.707093e-01 4.196839e-02 -1.309798e+00 -9.485065e-01 -1.456151e+00 -3.113189e-01 -1.024615e+00 -1.683899e-01 -7.592149e-01 -1.827126e+00 -1.551293e-02 
-3.383193e+00 -1.877443e-01 -2.381261e+00 8.584271e+00 1.640773e+01 6.748922e+00 3.228958e+00 -5.104156e+00 7.864482e+00 2.584040e+00 -6.580842e+00 1.711056e+00 -1.262482e-01 -9.514151e-02 2.630301e-01 -9.507570e-01 -5.581870e-01 -1.320760e+00 -1.080462e+00 2.049216e-01 7.117090e-02 -1.306805e+00 -6.253170e-01 -2.567590e-01 -1.549364e+00 -1.056988e-02 
-3.854573e+00 -9.132686e-01 -6.519547e+00 9.557384e+00 1.249491e+01 3.146182e+00 -4.763338e+00 -9.136936e+00 5.356083e+00 6.454071e+00 -3.594479e+00 2.186445e+00 -9.924531e-02 -1.151534e+00 8.286501e-02 2.258434e-02 -3.058693e-01 -1.792552e+00 -2.398899e+00 -5.235525e-01 1.107722e+00 2.295677e-01 1.121507e+00 1.077338e+00 -1.956343e-01 -6.412172e-03 
-3.686061e+00 7.739383e-01 -5.742380e+00 7.576901e+00 1.520122e+01 5.463581e+00 2.757754e+00 -4.487861e+00 7.227899e+00 4.961799e+00 -6.099752e-01 3.462669e+00 -1.382898e-01 -1.487728e+00 1.050372e-01 8.022543e-01 5.603239e-02 -1.047246e+00 -2.125193e+00 3.812051e-02 2.087761e+00 1.506628e+00 9.935710e-01 2.572065e+00 -5.560976e-01 3.367782e-03 
-8.186022e+00 -9.398648e-01 -2.502441e+00 8.845222e+00 1.049020e+01 -1.255295e+00 4.556179e-01 -2.378289e+00 7.191893e+00 7.232630e+00 -8.200192e-01 -5.832250e-01 -1.160529e-01 -1.039206e+00 5.699722e-01 8.834385e-01 -7.972693e-02 -1.055204e+00 -8.233951e-01 1.455718e+00 2.016796e+00 1.900967e+00 -6.266008e-02 6.589287e-01 -1.403678e+00 -6.681049e-03 
-8.656109e+00 3.507399e-01 -3.785429e-01 9.220514e+00 1.217385e+01 -1.676307e+00 8.100828e-01 1.955324e+00 1.447972e+01 7.162615e+00 4.892255e+00 3.154027e-01 -1.010056e-01 -4.691404e-01 6.851537e-01 4.700702e-01 1.059761e-01 -1.506562e+00 -1.152219e+00 7.962992e-01 1.381256e+00 2.167275e-01 -1.242944e+00 -8.758730e-01 -1.265762e+00 -6.124556e-03 
-6.565578e+00 2.148191e+00 -4.784273e+00 8.336943e+00 8.732579e+00 2.599150e+00 3.489089e+00 -2.274551e+00 1.123501e+01 5.040362e+00 -3.050950e+00 -3.258311e+00 -1.512927e-01 1.559773e-02 7.659620e-01 -2.099400e-02 3.366249e-01 -3.022776e-01 -2.702270e-02 8.610706e-01 1.385733e+00 -1.257771e+00 -1.402162e+00 -7.765843e-01 4.493459e-01 -1.207668e-02 
-6.841985e+00 2.655679e+00 -2.251113e+00 8.360922e+00 8.547221e+00 -2.224739e+00 5.222514e+00 2.366548e+00 6.289978e+00 -1.567883e-01 -3.873874e+00 -1.528599e+00 -1.512927e-01 -3.684598e-01 5.278085e-01 8.518561e-01 4.519780e-01 -3.081861e-01 3.121054e-01 1.150351e+00 7.913728e-01 -2.917080e+00 -6.776940e-01 4.775471e-01 1.887523e+00 -1.005743e-02 
-9.015095e+00 1.737476e+00 -1.671126e+00 1.095814e+01 1.079213e+01 -1.116192e+00 2.554756e+00 4.344765e+00 4.997904e+00 3.881522e+00 -3.198762e-01 2.585505e+00 -1.512927e-01 -9.465454e-01 -3.601837e-01 1.313448e+00 3.358433e-01 2.778734e-01 -3.632125e-01 1.244391e+00 1.414100e+00 -8.075764e-01 7.573847e-01 2.113828e+00 2.306841e+00 0.000000e+00 
-9.273649e+00 3.195141e+00 2.324164e+00 1.016980e+01 9.603144e+00 1.741891e+00 7.029003e+00 2.602530e+00 3.012867e+00 4.353565e+00 5.914453e+00 6.831108e+00 -1.512927e-01 -1.013781e+00 -6.575462e-01 2.556851e-01 -6.202310e-01 -3.623410e-01 -6.596040e-01 3.997149e-01 1.286846e-01 2.343179e-01 7.230274e-01 1.920045e+00 2.085491e+00 0.000000e+00 
-1.008247e+01 7.754183e-02 -5.046711e-01 9.111718e+00 9.593985e+00 -1.200228e+00 8.807801e+00 4.677960e+00 8.835682e+00 6.572109e+00 2.624027e+00 4.096043e+00 -1.512927e-01 -4.622909e-01 -1.311998e-01 1.350276e-01 -4.102189e-01 9.110387e-02 -7.834432e-01 -2.983003e-01 -7.504276e-01 5.924722e-01 -7.335814e-01 4.745807e-01 5.912486e-01 0.000000e+00 
-1.137720e+01 1.979151e-01 -1.555915e+00 6.182980e+00 7.334589e+00 -5.480741e+00 4.094565e+00 2.843374e+00 5.542679e+00 2.113055e+00 4.254401e+00 8.143587e+00 -1.512927e-01 -2.194552e-01 1.272446e-01 -1.311503e-01 3.250059e-01 8.345507e-01 -6.549830e-01 -1.527439e+00 -8.466408e-01 5.224661e-01 -1.127763e+00 -5.803774e-01 -3.101733e-01 0.000000e+00 
-1.027477e+01 2.580090e+00 9.440513e-01 1.090046e+01 1.238193e+01 -1.422092e+00 2.530473e+00 4.722043e-01 6.695359e+00 1.333870e+00 2.883053e+00 4.885509e+00 -1.512927e-01 7.178240e-02 7.387270e-01 5.397411e-01 8.294970e-01 1.062322e+00 3.614922e-01 -1.411875e+00 -1.078268e+00 -3.127967e-01 -1.125566e+00 -8.532961e-02 -1.679146e-01 0.000000e+00 
