-1.107293e+01 6.546788e-01 -6.744266e-01 -2.905693e+00 3.630598e+00 3.981695e+00 -5.070312e+00 -2.656459e+00 -2.604238e+00 -1.712131e+00 4.275041e+00 5.929488e+00 -1.512927e-01 1.227842e-01 -7.868490e-02 -3.640512e-01 6.219544e-01 1.873904e+00 1.180804e+00 1.367047e+00 -1.247695e+00 -1.240716e+00 -9.365896e-01 -1.145371e-01 -1.758039e-01 0.000000e+00 
-8.999554e+00 -1.038990e-01 -3.881390e+00 -4.167663e+00 7.718312e+00 9.613749e+00 -3.210128e+00 -3.551149e+00 -4.321386e+00 -5.040220e+00 4.896441e+00 6.595696e+00 -1.512927e-01 1.722135e-01 4.214398e-01 -1.901701e-02 3.597668e-01 7.954179e-01 -2.962526e-01 4.085169e-01 -1.162314e+00 -4.807458e-02 -1.064811e-02 -2.391453e-01 3.766615e-01 0.000000e+00 
-1.149570e+01 6.405432e-01 -8.912007e-01 8.350649e-01 1.095626e+01 7.069689e+00 8.348337e-01 -8.447591e+00 -7.949244e+00 -4.731034e+00 3.391655e+00 4.717365e+00 -1.512927e-01 -2.701613e-01 3.167310e-01 1.424856e-01 4.028333e-01 -1.345811e-01 -8.438641e-01 9.014451e-01 3.399725e-01 7.010606e-01 1.758295e+00 5.586482e-01 5.754732e-01 0.000000e+00 
-1.000048e+01 2.768946e+00 -6.611246e-01 -2.977237e+00 3.944858e+00 9.564357e-01 -5.980299e+00 -5.572462e+00 -1.721078e-01 -2.559192e-01 3.521007e+00 8.418858e+00 -1.512927e-01 -5.486391e-01 2.472604e-01 8.030884e-02 -8.924796e-02 -9.029270e-01 -1.532036e+00 2.913735e-01 9.229090e-01 1.196026e+00 1.388743e+00 7.262378e-01 3.432223e-01 0.000000e+00 
-1.192327e+01 8.019116e-01 -1.572132e+00 -1.486739e+00 4.844420e+00 4.091031e+00 8.219994e-01 5.406064e-02 -1.173574e+00 4.687195e+00 7.755999e+00 7.895273e+00 -1.512927e-01 -2.003510e-01 1.337876e-02 -4.251162e-01 -7.217327e-01 -6.306387e-01 -1.405938e-01 2.756735e-01 1.641257e+00 7.804824e-01 -5.317766e-01 1.971907e-01 -3.688217e-01 0.000000e+00 
-1.152896e+01 1.051719e+00 -3.139380e+00 -3.453001e+00 6.259597e+00 3.442897e+00 -1.746843e+00 -3.187430e+00 -1.729089e+00 -2.805618e+00 6.345458e+00 6.722853e+00 -1.512927e-01 -3.674297e-01 -1.018389e-01 1.522215e-01 1.495350e-01 4.461395e-01 1.003576e+00 7.669823e-01 -1.958622e-01 -9.917032e-01 -1.380276e+00 -5.541154e-01 -7.630519e-01 0.000000e+00 
-1.173322e+01 1.566051e+00 -1.777654e+00 -2.535717e+00 6.645695e+00 5.123489e+00 9.647357e-02 -1.433825e+00 -3.268342e+00 -6.115068e+00 2.965384e+00 3.721258e+00 -1.512927e-01 -2.803656e-01 -8.841129e-02 6.568892e-01 -3.152667e-01 -6.072039e-01 -4.037641e-01 -1.035147e+00 -6.992851e-01 -4.726723e-01 -1.267697e+00 -5.689650e-01 -6.228784e-01 0.000000e+00 
-1.193266e+01 1.877682e+00 2.027439e-01 -1.705073e+00 5.274918e+00 5.458086e+00 -1.782625e+00 -5.807830e+00 -4.083240e+00 -1.756167e+00 3.145738e+00 6.690606e+00 -1.512927e-01 -7.378588e-02 -1.538940e-01 5.305198e-01 -5.183105e-01 -1.487650e+00 -6.566625e-01 -3.113520e-01 -4.041427e-01 6.051212e-01 1.578716e+00 -4.273429e-02 -1.344211e-01 0.000000e+00 
-1.312325e+01 -5.312634e-02 4.125220e-02 -3.937036e+00 2.300740e+00 1.064616e+00 -4.335847e+00 -2.132165e+00 -2.359860e+00 -2.176014e+00 6.511034e+00 4.797005e+00 -1.512927e-01 -1.536438e-01 -3.982964e-01 2.435229e-01 -5.055140e-01 -2.184190e+00 -1.233641e+00 -1.024165e-02 7.057483e-01 2.054555e+00 1.718218e+00 -1.777932e-01 -1.471851e-01 0.000000e+00 
-1.120287e+01 1.091837e+00 -1.396235e+00 -5.343894e+00 9.938231e-01 2.189021e+00 -1.087443e+00 -4.858973e+00 8.422759e-01 3.118433e+00 4.358961e+00 5.512874e+00 -1.512927e-01 -3.674400e-01 -5.393256e-01 -5.872246e-02 -6.282667e-02 -1.613124e+00 -8.441101e-01 3.091228e-01 1.253606e+00 2.272388e+00 8.551995e-02 4.601298e-01 -1.108358e-01 0.000000e+00 
-1.286633e+01 -3.250933e-02 2.394500e-01 -3.243876e+00 -2.134705e+00 5.898149e-01 -3.023256e-01 1.620488e+00 4.541678e+00 3.872317e-02 1.469806e+00 3.574198e+00 -1.512927e-01 -5.252481e-01 -2.862813e-01 -1.313976e-01 3.952005e-02 -5.319887e-01 5.091142e-01 7.673965e-01 1.129464e+00 1.547032e+00 2.832051e-01 -6.062134e-01 5.497070e-01 0.000000e+00 
-1.389832e+01 -8.292546e-01 -1.899673e-01 -2.365787e+00 -5.729809e-01 1.474936e+00 -2.253772e+00 -1.416129e+00 3.827929e+00 -2.435936e+00 7.967001e+00 6.747830e+00 -1.512927e-01 -4.188295e-01 -2.306483e-01 3.454120e-01 5.808202e-01 8.230245e-01 7.411537e-01 -1.323550e-01 1.059663e+00 6.896402e-01 -5.216561e-02 -1.117314e-01 7.999061e-01 0.000000e+00 
-1.440177e+01 -5.239873e-01 -1.218869e+00 -5.228490e+00 4.241982e-01 3.967229e+00 8.429968e-02 1.793735e+00 3.882472e+00 2.017196e+00 1.675947e+00 6.928062e+00 -1.512927e-01 3.382682e-01 -1.592048e-01 -9.034926e-01 -7.952190e-01 1.033128e+00 6.776339e-01 8.692137e-01 8.727629e-02 -1.313607e+00 -7.342227e-01 -2.851396e-02 7.992877e-01 0.000000e+00 
-1.252930e+01 1.843345e-01 1.059985e+00 -1.447486e+00 3.829494e+00 4.206083e+00 -1.942531e+00 3.527169e-01 4.620080e+00 1.868369e+00 3.697233e+00 7.835473e+00 -1.512927e-01 7.225236e-01 4.583496e-03 -1.404424e+00 -1.580612e+00 6.430780e-01 -5.240811e-01 3.299012e-01 2.194673e-01 -1.444904e+00 7.866220e-02 -1.007775e+00 -1.039222e+00 0.000000e+00 
-1.185950e+01 -1.335328e+00 -4.902989e+00 -7.679121e+00 8.297005e-01 2.612411e+00 3.888123e+00 1.172447e+00 -2.422434e+00 -5.784543e+00 3.462120e+00 7.026815e+00 -1.512927e-01 1.008883e+00 4.738082e-01 -5.363603e-01 -3.625669e-01 9.494197e-02 -1.287432e+00 1.363763e-01 -7.663665e-02 -1.014923e+00 -4.334947e-01 -1.060037e+00 -2.057243e+00 0.000000e+00 
-1.155684e+01 -4.006670e-01 -5.370025e+00 -9.043530e+00 2.439658e+00 -4.680595e-01 -2.506177e+00 -8.147538e-03 -2.441363e-01 1.858244e+00 2.035040e+00 1.502344e+00 -1.512927e-01 1.021744e+00 4.293414e-01 -1.936165e-01 5.224094e-01 -2.359812e-01 -1.295072e+00 4.690278e-01 3.812716e-01 -1.032402e+00 -4.610037e-01 -1.855762e+00 -3.099362e+00 0.000000e+00 
-9.843582e+00 2.137555e+00 -6.856655e-01 -3.243303e+00 1.593826e+00 -1.328597e-01 1.048004e+00 1.590984e+00 1.239967e+00 -1.452148e-01 -2.793140e+00 -1.915855e-01 -1.512927e-01 1.195521e+00 1.456540e+00 1.653738e+00 1.899836e+00 -1.048209e-01 -5.858682e-01 -5.047221e-01 2.884736e-02 1.790414e-02 -1.871917e-01 -8.354999e-01 -2.519851e+00 8.073616e-03 
-8.428539e+00 5.946004e-01 -2.016760e+00 -1.053349e+00 2.267525e+00 -8.966422e-01 1.822667e+00 2.049806e+00 -2.373131e+00 -3.256314e+00 -2.453944e+00 -4.052136e+00 -1.512927e-01 1.717894e+00 1.478450e+00 1.999368e+00 2.360882e+00 3.902747e-02 2.832886e-01 5.526795e-02 3.094426e-01 -1.261425e-03 -1.693500e+00 8.245344e-01 -8.243622e-01 1.429071e-02 
-7.446043e+00 5.449736e+00 1.689068e+00 -2.175029e+00 3.916621e-01 -1.026382e-01 -7.999099e-01 2.877067e-01 -1.268416e+00 -4.163222e+00 1.529112e+00 -2.795203e+00 -1.109246e-01 2.466960e+00 2.126075e+00 2.380492e+00 2.016263e+00 -3.694789e-02 2.575536e-01 -4.070896e-01 -4.950645e-01 -7.821447e-01 -1.506779e-02 1.971431e+00 -8.921790e-02 4.499128e-02 
-4.166141e+00 5.335492e+00 3.439450e+00 2.226744e+00 3.235877e+00 9.332728e-01 -1.305880e+00 2.190704e+00 1.003748e+00 -4.600250e+00 3.996586e+00 -1.317658e+00 -1.000232e-01 3.980709e+00 3.066321e+00 2.838725e+00 2.294440e+00 -1.761178e+00 -1.587826e+00 -3.663835e-01 -2.747855e-01 -3.438154e-01 4.307724e-01 1.501512e+00 1.877312e-01 1.231510e-01 
3.600214e-01 1.039748e+01 8.488690e+00 5.197969e+00 9.249105e-01 2.399507e-01 5.768297e-01 -9.547873e-01 -4.359196e+00 4.514145e-01 3.838749e+00 -2.004914e+00 4.802895e-02 4.900065e+00 1.294558e+00 2.379235e+00 2.461444e+00 -3.798290e+00 -4.080924e+00 1.177156e+00 -9.380441e-01 -1.083446e+00 1.643180e+00 -9.632377e-02 -9.205797e-01 1.782813e-01 
7.571973e+00 1.345233e+01 8.777051e+00 6.732350e+00 -6.804987e+00 -9.007064e+00 -6.976203e-01 1.297126e+00 -2.546818e+00 -3.409770e+00 3.898796e+00 -3.508625e+00 3.849856e-01 4.335919e+00 3.863735e-01 1.865085e+00 5.620825e-01 -5.212529e+00 -4.591257e+00 2.441031e+00 -1.191425e+00 -2.056361e+00 2.198773e+00 -1.133583e-01 -3.349334e-01 1.773515e-01 
1.118522e+01 7.864107e+00 1.091644e+01 7.879389e+00 -1.357936e+01 -1.553709e+01 4.781740e+00 -3.955724e+00 -4.910361e+00 3.457438e+00 1.096389e+00 -6.302619e+00 5.379775e-01 3.058316e+00 -4.146437e-01 2.753461e-01 -1.632415e+00 -4.156739e+00 -2.600075e+00 2.202298e+00 -1.464967e+00 -1.040517e+00 2.219608e+00 -4.565343e-01 1.265442e-01 1.258712e-01 
1.210085e+01 8.534048e+00 1.155100e+01 3.696446e+00 -1.557463e+01 -1.413449e+01 8.796821e+00 -2.265954e+00 -9.002476e+00 4.890602e+00 4.800974e+00 -8.434730e-01 5.417600e-01 1.558645e+00 2.164111e-01 -1.185714e+00 -3.089763e+00 -1.511692e+00 -4.047845e-01 1.339027e+00 -1.018576e+00 4.500949e-01 2.503246e+00 -1.214836e+00 9.617546e-01 5.508410e-02 
1.338716e+01 1.078341e+01 8.478447e+00 -1.446152e+00 -1.547396e+01 -1.019671e+01 6.841100e+00 -6.498080e+00 -6.333954e+00 7.399267e+00 1.104988e+00 -2.704769e+00 5.989976e-01 9.486856e-01 1.145624e+00 -2.564052e+00 -3.812649e+00 -6.327152e-01 1.642901e+00 -3.571975e-01 1.242451e-01 2.668158e+00 4.674907e-01 -9.874219e-01 1.988620e+00 3.617710e-02 
1.426423e+01 1.307474e+01 4.067478e+00 -4.053696e+00 -1.341614e+01 -1.370118e+01 4.967835e+00 -2.524578e+00 4.154528e-01 7.135547e+00 -2.179687e+00 -4.987764e-01 6.298960e-01 6.667463e-01 2.402912e-01 -2.272577e+00 -3.032012e+00 -2.378016e+00 1.876336e+00 -5.292152e-01 5.064832e-01 4.202254e+00 -2.356829e-01 -1.706061e+00 1.070729e+00 4.863002e-02 
1.484696e+01 1.132188e+01 1.837944e+00 -7.308785e+00 -1.782218e+01 -7.539241e+00 4.910246e+00 -3.205187e+00 3.721463e+00 4.672419e+00 -3.503904e-01 3.468133e+00 6.747949e-01 2.746075e-01 -1.258533e+00 -1.192854e+00 -2.297602e+00 -3.492278e+00 1.816121e+00 3.443483e-01 1.037677e+00 3.275525e+00 -4.564762e-01 -9.039270e-01 1.279351e+00 5.587301e-02 
1.470468e+01 9.466267e+00 3.508365e+00 -8.532301e+00 -2.629061e+01 -6.081541e+00 7.116172e+00 -1.379985e+00 6.981086e+00 5.075611e+00 -3.001643e+00 1.423720e+00 7.470114e-01 1.537843e-01 -2.131441e+00 -8.591396e-01 -1.976345e+00 -3.475629e+00 2.612473e+00 1.403072e+00 -6.228126e-01 2.652875e+00 -3.699099e-01 -2.663242e-01 -1.861552e-01 6.372614e-02 
1.453997e+01 6.294980e+00 2.793732e+00 -1.069486e+01 -2.649812e+01 -4.925923e+00 7.488673e+00 -1.881994e+00 6.760856e+00 6.146854e+00 -3.003669e+00 2.730738e+00 8.198050e-01 -6.950426e-02 -2.488363e+00 -1.845434e+00 -1.496555e+00 -1.052456e+00 2.204432e+00 1.242982e+00 1.145803e-01 1.197554e+00 -9.162827e-02 -3.066920e-01 -1.628824e+00 6.274712e-02 
1.518665e+01 4.930987e+00 -7.061142e-01 -1.224238e+01 -2.645632e+01 -1.945471e+00 1.069398e+01 -6.300238e+00 1.216013e+01 4.548779e+00 -2.184669e+00 -1.060855e+00 8.760217e-01 -1.822487e-01 -2.888721e+00 -2.898148e+00 -8.520697e-01 1.137904e+00 3.002621e+00 9.884018e-01 4.800008e-01 -3.983823e-01 -8.702780e-01 9.469604e-03 -1.626390e+00 4.804826e-02 
1.425846e+01 1.147709e+00 -5.281986e+00 -1.293652e+01 -2.300160e+01 1.414884e+00 9.336252e+00 -1.721587e-01 7.119708e+00 4.477694e+00 -2.292337e+00 -3.433700e+00 9.240254e-01 -1.148461e-01 -2.970624e+00 -2.503126e+00 1.951051e-01 1.308411e+00 3.197120e+00 8.569635e-01 1.150021e+00 -1.747979e+00 -1.225018e+00 -2.960010e-01 -1.664740e+00 2.516680e-02 
1.393420e+01 -2.403704e+00 -6.944517e+00 -1.167182e+01 -2.234934e+01 5.761162e+00 1.113439e+01 1.651016e-01 4.809748e+00 1.558802e+00 -3.309960e+00 -3.626009e+00 9.351425e-01 -2.187692e-01 -2.661736e+00 -1.276084e+00 -5.306301e-02 1.937682e+00 2.838630e+00 3.929818e-01 1.444151e+00 -2.759799e+00 -2.109257e+00 5.385618e-02 -8.351396e-01 9.826010e-03 
1.459197e+01 -4.890798e+00 -6.602694e+00 -1.000462e+01 -2.200955e+01 7.206363e+00 1.155329e+01 6.354436e-01 1.696154e+00 1.516751e+00 -3.921028e+00 -4.310385e+00 9.160786e-01 -3.461371e-01 -1.828602e+00 -4.149067e-01 -6.654629e-01 2.033452e+00 3.145932e+00 -9.330425e-02 7.959924e-01 -2.414661e+00 -2.699060e+00 1.793013e-01 -1.801398e-01 1.171749e-02 
1.392605e+01 -5.358442e+00 -6.426178e+00 -1.397365e+01 -1.726393e+01 9.351942e+00 1.155037e+01 5.167174e-01 1.072914e+00 -4.517032e+00 -1.101042e+00 -4.798211e+00 9.291252e-01 -4.043730e-01 -1.493583e+00 -4.400325e-01 -1.093111e+00 3.257949e+00 2.487689e+00 -3.281283e-01 2.412147e-01 -2.376971e+00 -2.249530e+00 -8.540116e-02 5.636979e-01 1.992578e-02 
1.253185e+01 -6.517931e+00 -7.615689e+00 -1.511292e+01 -1.537705e+01 1.534915e+01 8.661739e+00 3.631995e+00 -3.085180e+00 -5.979691e+00 -2.500290e+00 -3.748298e+00 9.856215e-01 -3.704937e-01 -1.546768e+00 -9.125244e-01 4.985189e-02 3.616562e+00 1.072162e+00 5.191875e-01 -1.279998e+00 -2.074363e+00 -8.966792e-01 -8.020967e-01 1.287386e+00 1.105140e-02 
1.294239e+01 -9.058054e+00 -8.638183e+00 -1.458323e+01 -9.375847e+00 1.412821e+01 1.093952e+01 -1.271009e-01 -4.684443e+00 -5.940629e+00 -4.447335e+00 -1.088562e+00 1.000000e+00 3.703441e-02 -1.685358e+00 -1.259058e+00 1.376391e+00 3.991364e+00 -9.474903e-01 1.207751e+00 -2.317852e+00 -2.528499e+00 1.303611e+00 -1.498658e+00 2.003902e+00 -1.606345e-03 
1.323133e+01 -1.077483e+01 -1.005931e+01 -9.450569e+00 -7.870784e+00 1.017904e+01 1.445465e+01 -5.442638e+00 -5.796982e+00 -2.254847e+00 -6.258366e+00 2.717209e-01 9.358982e-01 2.190542e-01 -1.785075e+00 -1.214741e+00 2.064714e+00 3.928962e+00 -2.338916e+00 1.957733e+00 -3.741455e+00 -2.152933e+00 2.124973e+00 -9.895546e-01 2.361731e+00 -4.418129e-03 
1.376148e+01 -1.165678e+01 -1.149966e+01 -9.922871e+00 -1.060245e+00 7.199548e+00 1.469268e+01 -6.535225e+00 -1.021368e+01 1.386021e-01 -6.715297e+00 3.211289e+00 9.459551e-01 -7.158766e-02 -1.570334e+00 -7.318898e-01 2.163193e+00 2.686939e+00 -1.728060e+00 6.992108e-01 -3.078582e+00 -1.916465e+00 3.101787e+00 -6.066791e-01 1.122833e+00 -5.035627e-03 
1.321757e+01 -1.414394e+01 -1.225866e+01 -7.119526e+00 1.099567e-01 7.118906e+00 1.657383e+01 -1.187122e+01 -1.108523e+01 1.605560e+00 -6.314082e+00 5.910434e+00 9.905533e-01 -4.476998e-01 -8.535798e-01 -5.807976e-01 1.569023e+00 2.205157e+00 -9.968320e-01 -1.043361e+00 -2.077981e+00 -1.191458e+00 3.723240e+00 -7.114506e-01 -3.271334e-01 2.599299e-03 
1.259133e+01 -1.522517e+01 -1.119796e+01 -4.932783e+00 6.847572e-02 7.017980e+00 1.337599e+01 -1.230572e+01 -1.162265e+01 7.638102e+00 -7.452872e+00 1.706249e+00 9.474943e-01 -7.664391e-01 -4.113446e-01 1.006710e-01 1.365766e+00 1.282556e+00 -9.009938e-01 -2.470979e+00 -8.356373e-01 -2.261250e-01 3.928410e+00 -6.045796e-01 -1.990268e+00 -4.033667e-03 
1.157790e+01 -1.325854e+01 -1.311415e+01 -4.100498e+00 2.590639e+00 5.285661e+00 9.896186e+00 -1.294730e+01 -1.104979e+01 1.261160e+01 -9.446831e+00 -6.114259e-01 9.481251e-01 -8.319058e-01 7.193543e-01 5.559295e-01 4.229275e-01 1.629805e+00 -2.147545e+00 -3.234017e+00 8.994576e-01 7.025317e-01 3.305335e+00 -1.389512e+00 -2.670498e+00 -2.162245e-02 
1.074912e+01 -1.415621e+01 -1.056855e+01 -4.603553e+00 4.112195e+00 3.611202e+00 5.676603e+00 -1.017537e+01 -1.136202e+01 1.427763e+01 -8.171821e+00 -3.479123e+00 9.470009e-01 -7.960949e-01 1.603674e+00 9.481158e-01 -1.352435e-01 1.072449e+00 -2.125088e+00 -3.499323e+00 9.320452e-01 2.774246e+00 8.053869e-01 -1.593150e+00 -1.782646e+00 -2.644844e-02 
9.979149e+00 -1.108165e+01 -9.793713e+00 -5.169503e+00 6.237123e+00 -1.915429e+00 4.253434e+00 -8.439105e+00 -7.702878e+00 1.481247e+01 -1.290217e+01 -4.849373e+00 8.826877e-01 -8.057432e-01 1.893249e+00 1.729821e+00 7.578886e-03 -5.802550e-01 -1.131792e+00 -3.452705e+00 6.100492e-01 3.618512e+00 -1.494781e+00 -8.250014e-01 -1.037292e+00 -3.642074e-02 
9.410235e+00 -8.295242e+00 -8.117599e+00 -5.074498e+00 3.607477e+00 -6.913662e-03 -1.299252e+00 -9.899590e+00 5.751255e-01 1.056460e+01 -1.369095e+01 -5.088008e+00 8.479708e-01 -7.319521e-01 1.919780e+00 2.182125e+00 8.747085e-01 -2.966415e+00 -7.362533e-01 -1.817468e+00 7.466007e-01 2.242018e+00 -2.723886e+00 5.719089e-03 6.828750e-01 -3.792732e-02 
8.218629e+00 -6.722773e+00 -5.690523e+00 -3.827132e+00 -5.827761e-02 1.435760e+00 -3.879409e+00 -1.003494e+01 1.074196e+00 6.994208e+00 -1.081227e+01 -4.993441e+00 8.155364e-01 -4.438218e-01 1.001319e+00 2.689440e+00 1.342931e+00 -4.572893e+00 5.491041e-01 -1.344302e+00 8.183300e-01 4.611372e-01 -3.246142e+00 2.124526e+00 7.544502e-01 -2.553739e-02 
7.969619e+00 -6.736747e+00 -1.709523e+00 -9.011967e-01 -7.572178e+00 -1.745659e+00 6.556845e-01 -5.644450e+00 -4.540471e+00 4.567331e+00 -9.188174e+00 7.286072e-03 7.909399e-01 2.222478e-01 3.438255e-01 2.831005e+00 1.180372e+00 -4.145797e+00 7.031029e-01 -1.056227e+00 1.198621e+00 -1.409203e+00 -2.165315e+00 3.354888e+00 -1.032007e-01 -2.105607e-02 
8.480349e+00 -6.854303e+00 4.494489e-01 -5.415001e-01 -1.103751e+01 1.699465e+00 -3.445544e+00 -6.475025e+00 -2.839394e+00 1.580395e+00 -4.530929e+00 -3.624770e+00 7.835162e-01 6.629363e-01 -9.891548e-02 3.292002e+00 1.392800e+00 -1.735648e+00 -2.199961e-01 -1.707393e+00 1.692250e+00 -1.608829e+00 -1.908985e+00 3.512063e+00 6.129503e-03 -2.858441e-02 
1.039061e+01 -6.510350e+00 2.967440e+00 -8.154535e-01 -1.163189e+01 3.376748e+00 -6.797320e+00 -5.686442e+00 -4.514095e+00 2.444937e+00 -5.718374e-02 -6.288348e+00 7.587005e-01 6.029414e-01 2.328842e-01 3.234931e+00 2.705143e+00 1.806692e+00 -2.976035e+00 -2.229951e+00 2.419323e+00 -1.006091e+00 -1.846843e+00 4.126021e+00 -1.331369e+00 -4.098814e-02 
1.032281e+01 -7.330548e+00 8.431005e+00 3.093998e+00 -6.706662e+00 -2.225425e+00 -8.689872e+00 -1.552693e+00 -6.983138e+00 -1.489521e+00 2.182548e+00 -1.814977e+00 6.887341e-01 1.712839e-01 8.997366e-01 2.608824e+00 3.402312e+00 3.024563e+00 -5.606225e+00 -7.228347e-01 4.000825e+00 -8.258176e-01 -1.036350e+00 2.447458e+00 -1.078248e+00 -4.900559e-02 
1.006309e+01 -5.334203e+00 1.047436e+01 1.080677e+01 -7.041445e-01 -1.466339e+01 -7.871906e+00 3.991000e+00 -7.499052e+00 -3.131928e+00 8.085196e+00 -7.554457e+00 6.333903e-01 -3.576897e-01 6.690566e-01 1.024496e+00 3.757948e+00 3.621202e+00 -5.685510e+00 -9.538440e-02 3.734924e+00 5.314894e-01 -3.758465e-01 1.817413e+00 -1.041014e+00 -4.362674e-02 
9.500528e+00 -2.943693e+00 9.740108e+00 1.065895e+01 -1.378571e+00 -1.731159e+01 -6.522424e+00 8.690377e+00 -5.476004e+00 -8.129240e-01 3.635171e+00 -8.382954e+00 6.011434e-01 -1.923129e-01 1.115365e+00 -5.729955e-01 2.027011e+00 2.598872e+00 -2.993568e+00 -8.578923e-01 2.418581e+00 1.874612e+00 2.757372e-01 1.005136e+00 -1.326525e+00 -2.920078e-02 
9.013308e+00 -5.358495e+00 7.435369e+00 1.419181e+01 3.810076e+00 -1.750772e+01 -8.357965e+00 7.866639e+00 -2.610216e+00 2.274056e-01 8.303567e+00 -8.209429e+00 5.843621e-01 -1.653102e-01 1.164853e+00 -9.820353e-01 1.048374e-03 1.414563e+00 2.750816e-02 -2.282012e+00 1.771018e+00 2.424543e+00 -2.142731e-01 -2.744269e-01 -1.573456e-01 -1.734098e-02 
9.886141e+00 -1.741576e+00 7.085522e+00 1.153653e+01 4.030589e+00 -1.577110e+01 -1.273630e+01 8.602391e+00 -5.449641e-02 -1.790502e+00 7.099043e+00 -8.120115e+00 5.672442e-01 -1.170758e-01 1.227413e+00 -1.330793e-01 -6.293949e-01 8.416587e-02 1.016344e+00 -2.087426e+00 1.096799e+00 2.372928e+00 -1.722089e+00 -3.775747e-01 1.250778e-01 -1.160884e-02 
9.043736e+00 -1.109979e-01 6.891473e+00 1.037322e+01 3.664088e+00 -1.529609e+01 -1.617503e+01 1.289008e+01 1.912908e+00 -3.714504e+00 4.981125e+00 -8.472605e+00 5.636350e-01 -3.018660e-02 1.644106e+00 1.654781e-01 -1.212010e+00 -5.361398e-01 7.531212e-01 -6.788405e-01 8.853554e-01 1.427535e+00 -2.103330e+00 -2.500617e+00 1.491568e-01 -1.001841e-02 
8.899935e+00 5.696218e-01 9.346660e+00 9.421268e+00 -8.847480e-01 -1.333568e+01 -1.305102e+01 1.166265e+01 4.127072e+00 -7.452414e+00 3.408518e+00 -7.625976e+00 5.534627e-01 -2.754509e-01 1.488921e+00 1.766784e-01 2.636150e-01 -3.320724e-01 5.575504e-01 3.897079e-01 -7.188689e-01 2.281762e-02 -1.791179e+00 -2.717161e+00 2.227108e-01 -1.431682e-02 
9.355478e+00 1.706438e+00 7.132190e+00 9.189394e+00 3.587045e+00 -1.495982e+01 -1.159481e+01 1.076329e+01 2.436675e+00 -7.458288e+00 -2.354253e+00 -7.710714e+00 5.411608e-01 -6.181702e-01 2.204578e+00 4.407062e-01 3.882898e-01 6.004821e-01 7.210253e-01 1.012276e+00 -2.196450e+00 -1.207053e+00 -9.645541e-01 -1.650165e+00 2.578489e-01 -3.029500e-02 
8.353016e+00 4.794310e+00 7.848556e+00 1.344652e+01 2.408749e+00 -1.315148e+01 -1.307787e+01 6.071445e+00 -2.022915e-01 -8.874507e+00 -2.819072e+00 -7.387506e+00 5.068972e-01 -1.307517e+00 2.278469e+00 1.360820e-01 2.063084e-01 1.690408e+00 1.604372e+00 1.082165e+00 -2.222755e+00 -1.257737e+00 -9.751331e-01 -1.126308e+00 7.747841e-02 -5.133180e-02 
6.226345e+00 8.799549e+00 9.844056e+00 1.030204e+01 5.019750e+00 -1.178306e+01 -1.110022e+01 4.703434e+00 -1.957673e+00 -7.826228e+00 -1.559057e-01 -7.302595e+00 4.354427e-01 -2.158578e+00 9.975723e-01 1.879562e-01 4.714135e-01 2.029024e+00 3.037006e+00 1.239429e+00 -2.161950e+00 -7.841603e-01 -9.379443e-01 -9.038082e-01 3.784638e-02 -7.730691e-02 
3.926915e+00 8.415411e+00 8.671137e+00 9.896488e+00 6.850938e+00 -6.902204e+00 -7.887493e+00 3.578801e+00 3.556216e-02 -1.214411e+01 -3.322194e+00 -7.442644e+00 3.496628e-01 -2.464800e+00 -1.315038e+00 -2.173587e-01 8.520870e-02 2.521346e+00 2.684729e+00 1.640000e+00 5.383699e-01 7.070128e-01 -2.479905e-01 -2.087634e+00 -4.667191e-01 -1.001345e-01 
7.756395e-01 4.883749e+00 7.660681e+00 1.332148e+01 1.151107e+01 -2.899433e+00 -7.992856e+00 1.199857e+00 -1.603053e+00 -1.051321e+01 -6.621734e+00 -7.493913e+00 2.332435e-01 -2.516355e+00 -2.682991e+00 -1.352317e+00 1.806449e-01 1.066121e+00 1.801210e+00 1.416212e+00 1.450964e+00 2.025956e+00 3.281582e-01 -1.865696e+00 1.895235e-01 -1.176997e-01 
-1.245631e+00 1.770203e-01 7.853450e+00 1.236284e+01 1.176982e+01 -4.169655e+00 -6.431559e+00 1.051508e+01 3.155463e+00 -8.770969e+00 -1.002433e+01 -9.625443e+00 1.073244e-01 -2.538220e+00 -3.220891e+00 -2.062117e+00 8.939552e-03 3.944506e-01 1.081077e-01 -3.410204e-01 2.809225e-01 2.718074e+00 2.309675e+00 5.564580e-01 2.031736e+00 -1.049965e-01 
-3.769158e+00 -4.962081e-01 3.491317e+00 9.972086e+00 7.890913e+00 -4.143287e+00 -4.747130e+00 8.490112e+00 6.612155e+00 -7.872007e+00 -6.133317e+00 -5.263578e+00 -3.188646e-02 -2.216637e+00 -2.587688e+00 -3.291484e+00 -1.425443e+00 -1.542646e+00 -1.116362e+00 -5.441924e-01 -1.138805e+00 2.218039e+00 1.962902e+00 1.687537e+00 1.504208e+00 -7.018519e-02 
-6.491787e+00 -4.999067e+00 4.452352e-01 1.161588e+01 1.063327e+01 -5.739738e+00 -1.121546e+01 1.338287e+00 9.518326e+00 -1.916336e+00 -7.841125e-01 1.600871e+00 -4.275489e-02 -1.643713e+00 -1.210401e+00 -3.082758e+00 -1.152796e+00 -2.940854e-01 6.047525e-01 2.929274e-01 -1.667107e+00 1.412940e+00 2.464021e+00 2.033403e+00 1.542830e+00 -3.929346e-02 
-7.684466e+00 -5.466650e+00 -5.092630e+00 6.567747e+00 4.366115e+00 -7.696202e+00 -8.321868e+00 9.422982e-02 6.305711e+00 -4.126012e+00 -2.804158e+00 -5.586029e+00 -4.264283e-02 -1.016480e+00 -7.294931e-01 -2.248261e+00 -1.340857e+00 8.551564e-02 7.859131e-01 6.094764e-01 2.633677e-01 1.012040e+00 2.512027e+00 1.773082e+00 1.160408e+00 -1.326698e-02 
-7.506541e+00 -3.389766e+00 -3.268367e+00 8.301035e+00 1.206179e+01 6.305659e-01 -3.179553e+00 6.377491e+00 1.037338e+01 1.676139e+00 -1.521893e+00 -1.750068e+00 -8.376467e-02 -4.947201e-01 3.064544e-01 -8.727697e-01 -9.781651e-01 1.179923e-01 1.883125e+00 1.829417e+00 1.296923e+00 -3.873108e-01 1.284707e+00 1.329544e+00 -8.691896e-01 -1.668745e-02 
-8.344181e+00 -4.948324e+00 -5.893189e+00 4.925227e+00 7.604229e+00 -3.398873e+00 -5.717700e+00 7.287349e+00 1.124483e+01 2.891890e+00 3.100985e+00 2.213929e+00 -7.771647e-02 -3.576819e-01 6.670785e-01 9.636585e-01 5.602837e-02 5.866359e-01 2.072674e+00 1.687971e+00 6.492560e-01 -8.631757e-01 4.999021e-01 3.687352e-01 2.423959e-02 -2.395279e-02 
-8.635530e+00 -3.725958e+00 -3.518334e+00 7.546316e+00 9.604174e+00 1.527223e+00 -3.370455e+00 4.226341e+00 5.112213e+00 9.982466e-01 2.911035e+00 -6.645056e+00 -1.086553e-01 -2.335705e-01 5.921329e-01 7.704517e-01 -8.845167e-01 -1.414880e+00 -2.717751e-01 -5.542801e-01 1.036741e-01 -2.030879e+00 -1.623171e+00 -1.205726e+00 -2.636963e-01 -1.364316e-02 
-8.908381e+00 -1.963161e+00 -1.493546e-01 7.225248e+00 8.528103e+00 2.218839e+00 2.134409e-01 4.416085e+00 4.620418e+00 -1.287555e+00 -3.176946e+00 -3.017336e+00 -1.499615e-01 7.414170e-02 1.045561e+00 6.822230e-01 -1.330971e+00 -7.902302e-01 5.017885e-01 -4.657356e-01 -7.321045e-01 -1.729956e+00 -1.884907e+00 -2.513475e+00 2.923122e-01 -1.058016e-02 
-8.392294e+00 -1.921683e+00 -2.288026e+00 2.728440e+00 4.525458e+00 -3.537165e+00 -8.916523e+00 8.331493e+00 3.531191e+00 -4.349993e+00 -4.411557e+00 -4.529161e-01 -1.158580e-01 1.850037e-01 1.366205e+00 -2.188796e-01 -2.111049e+00 -1.080116e+00 7.842972e-02 -1.091773e+00 -1.563265e+00 -1.564483e+00 -3.619375e-01 -5.671290e-01 3.619672e+00 -1.721942e-03 
-8.095091e+00 -6.226572e-01 -3.097228e+00 6.793098e-01 6.192436e+00 1.642263e+00 -5.273344e+00 1.574250e+00 3.385561e+00 -3.858528e+00 -5.805094e+00 5.794201e-01 -1.270159e-01 2.890182e-01 1.630800e+00 1.486784e-01 -1.271666e+00 1.258101e-01 1.036224e+00 -2.719094e-01 -1.847974e+00 -1.246738e+00 8.880401e-01 2.549196e+00 3.284952e+00 -1.554227e-03 
-8.117157e+00 2.434813e+00 -3.138795e+00 2.640390e-01 5.371430e+00 2.207659e+00 -6.085926e+00 -2.169067e+00 -2.092774e+00 4.740452e-01 1.389464e+00 9.654923e+00 -1.287378e-01 -8.078947e-02 1.515940e+00 1.541765e+00 3.474175e-01 1.594124e+00 2.541835e+00 1.973556e+00 -1.339777e+00 3.913858e-02 1.516225e+00 1.283682e+00 3.642031e-01 -9.514618e-03 
-7.600858e+00 4.012590e+00 1.019422e+00 2.099119e+00 8.734168e+00 4.527544e+00 -2.561405e+00 4.264958e-01 1.198709e+00 7.406255e-01 6.668521e+00 8.353501e+00 -1.512927e-01 -5.121346e-01 8.592705e-01 1.661235e+00 1.480590e+00 1.068418e+00 1.660879e+00 1.840790e+00 9.159530e-01 1.101719e+00 9.369402e-01 5.860693e-01 -5.888374e-01 -7.110834e-03 
-9.043358e+00 3.340393e+00 3.362473e+00 3.755623e+00 1.122521e+01 7.729370e+00 -4.047118e-01 2.206486e+00 4.820311e+00 9.315556e-01 -4.229957e+00 -2.518941e+00 -1.512927e-01 -5.217052e-01 1.015570e-01 1.084078e+00 1.008880e+00 5.907369e-01 1.050124e+00 1.458845e+00 9.680301e-01 1.408551e+00 3.944713e-01 3.143153e-02 -2.029846e+00 -4.510975e-03 
-1.019266e+01 3.220905e+00 1.958313e+00 6.336468e+00 8.607635e+00 7.185806e+00 1.089999e+00 3.966238e+00 5.437614e+00 5.974186e-01 -6.503677e-02 3.722165e+00 -1.512927e-01 -4.306100e-01 -5.083354e-01 -1.072917e+00 -5.658495e-01 -9.246918e-01 5.985249e-01 1.268472e-01 -2.482884e-01 -1.707457e-01 -4.580468e-01 3.919089e-01 -5.627645e-01 0.000000e+00 
-9.429779e+00 3.338441e+00 1.812151e+00 3.189766e+00 8.388380e+00 6.129151e+00 -6.174029e-01 9.012122e-01 2.830527e+00 2.518005e+00 4.913401e+00 1.821359e+00 -1.512927e-01 -7.565508e-02 -6.001557e-01 -1.655431e+00 -8.609251e-01 -1.072666e+00 2.806887e-01 8.671465e-01 -6.433219e-01 -1.226214e+00 -2.328823e-01 2.368577e+00 1.948537e+00 1.810455e-03 
-9.560698e+00 1.471890e+00 -3.570002e+00 -4.472003e-01 5.529125e+00 8.320278e+00 -1.820823e+00 -1.623091e-01 1.339872e+00 -2.342834e+00 4.056387e+00 3.369529e+00 -1.512927e-01 3.556522e-01 -4.435999e-01 -1.243183e+00 -1.779479e+00 -1.589379e+00 -1.277645e-01 9.059466e-01 -1.135998e+00 -1.215795e+00 -1.345517e-01 -6.784455e-01 -5.946488e-02 9.052277e-04 
-9.737616e+00 1.214122e+00 -2.150527e+00 2.842832e+00 7.401137e+00 8.565577e+00 5.386431e+00 1.054150e+00 7.381101e-01 1.237270e+00 5.552215e+00 7.400063e+00 -1.422404e-01 5.161154e-01 5.358549e-01 -2.423854e-02 -6.776854e-01 -1.214746e+00 -6.017396e-01 1.166238e+00 -1.227167e-01 3.109619e-01 3.266265e-01 -1.508449e+00 -1.700011e-01 0.000000e+00 
-8.260485e+00 2.065065e+00 -2.276265e+00 -2.387458e+00 1.154364e+00 5.328771e+00 2.617815e+00 -1.790221e+00 4.048486e-01 5.650274e-01 -3.776671e+00 6.354890e-01 -1.512927e-01 -1.083708e-02 7.161959e-01 9.285576e-01 -2.986862e-01 1.841711e-01 -1.016000e+00 9.504789e-01 5.643088e-01 9.814866e-01 6.934612e-01 -5.731559e-01 -1.244789e-01 -9.052277e-04 
-7.499309e+00 5.721128e+00 1.044090e+00 7.714686e-01 4.502029e+00 4.616207e+00 2.994467e+00 1.101585e+00 4.852848e+00 2.697207e+00 1.287685e+00 2.338374e+00 -1.512927e-01 -4.492236e-01 5.485194e-01 7.264929e-01 1.533446e-01 1.549810e+00 3.264479e-01 -4.791287e-01 8.809010e-01 1.490212e+00 1.185957e+00 1.059891e+00 8.788561e-01 -2.085924e-04 
-1.073404e+01 2.799366e+00 -5.245222e-01 -9.049494e-01 7.899535e+00 5.214964e+00 4.127554e+00 2.635517e+00 4.189937e+00 3.945044e-01 3.322873e+00 5.277979e+00 -1.512927e-01 -3.034957e-01 5.465485e-01 6.521670e-01 1.154239e+00 2.110334e+00 8.691214e-01 -8.311296e-02 1.276217e+00 1.133597e+00 1.114814e+00 3.112397e+00 2.253139e+00 1.679099e-03 
-1.074696e+01 3.589569e+00 6.060663e-01 2.868301e+00 1.177760e+01 1.025472e+01 2.235918e+00 3.245786e+00 6.296625e+00 7.252317e+00 7.301896e+00 9.473098e+00 -1.432834e-01 2.185781e-01 8.138237e-01 2.305856e-01 -5.466763e-01 1.315565e-01 9.524683e-01 9.102642e-01 5.622195e-01 -1.046977e+00 -3.621864e-01 5.072389e-01 7.367624e-01 4.390836e-04 
-8.154139e+00 5.863587e+00 1.203582e+00 2.335320e+00 8.068246e+00 6.855122e+00 2.581525e+00 3.518764e+00 5.350944e+00 3.861540e+00 8.778208e+00 8.333822e+00 -1.469018e-01 5.069691e-01 8.561117e-01 6.383830e-01 -2.762085e-01 -1.305937e-01 1.439457e-01 -1.909011e-01 2.943630e-02 -1.267374e+00 -1.037720e+00 -1.257165e-01 -2.027432e-01 -8.009315e-04 
-7.696368e+00 8.258137e+00 1.332966e+00 -3.582047e+00 5.075456e+00 8.558470e+00 8.318803e+00 3.471059e+00 -9.625404e-01 -8.472427e-01 1.096212e+00 4.494265e+00 -1.512927e-01 5.302038e-02 5.677910e-02 4.024157e-01 -6.730756e-01 -2.458163e-01 -5.815607e-01 2.964046e-01 1.144114e-01 -1.366033e+00 -2.073934e+00 -6.633566e-01 -4.067385e-01 -2.040946e-03 
-9.724485e+00 4.745641e+00 2.303943e+00 9.391818e-01 1.059764e+01 6.782817e+00 1.316061e-01 2.670062e+00 1.482647e+00 -7.443161e-01 5.797132e+00 6.753680e+00 -1.512927e-01 -5.085403e-01 -6.687999e-01 2.463762e-01 -4.856157e-02 6.639526e-01 -1.195085e-02 1.346848e-01 2.217994e-01 -5.537527e-01 -9.319111e-01 -2.225674e-01 3.526522e-01 -8.781672e-04 
-9.696682e+00 4.432437e+00 2.067964e+00 2.009921e-01 9.283825e+00 7.383068e+00 4.942900e+00 4.242194e+00 1.400607e+00 -8.144243e-01 5.475651e+00 8.229477e+00 -1.512927e-01 -3.972826e-01 -7.964603e-01 1.234017e-01 6.827888e-01 7.102922e-01 -1.750552e-01 -1.940512e-01 3.114401e-01 4.644253e-01 -4.471630e-04 8.437398e-01 8.946221e-01 0.000000e+00 
