-2.668561e+00 4.299408e+00 -2.016945e+00 -4.574716e+00 -4.520446e+00 2.591381e+00 2.341325e+00 1.124043e+00 -3.252784e+00 1.260433e+00 3.121177e+00 5.186853e-01 -7.512438e-02 -2.947642e-01 -4.773215e-01 -1.448301e-01 7.928198e-01 2.667071e+00 -3.696703e-01 -2.228060e-01 2.390181e-01 1.238485e+00 1.955450e-01 -3.634092e-01 6.253798e-02 -1.735628e-02 
-4.284105e+00 1.527847e+00 -3.104125e+00 -1.894546e+00 5.944998e+00 4.625303e+00 3.482276e+00 3.638372e+00 -2.493250e+00 2.304937e+00 1.205729e-01 -8.673213e-01 -9.932506e-02 -7.022867e-02 -1.552062e-01 1.103710e+00 1.501227e+00 2.314296e+00 -1.381415e+00 -1.029841e+00 7.159780e-01 1.332379e+00 4.394153e-01 -3.868493e-01 7.512888e-01 -2.270176e-02 
-3.334610e+00 3.298581e+00 -2.197506e+00 -1.950702e+00 3.582187e+00 -2.739325e-01 6.568196e-01 1.061968e+00 2.559875e+00 1.715905e+00 2.804433e+00 1.524379e+00 -1.498054e-01 5.559845e-02 -1.787139e-01 1.321330e+00 1.500298e+00 1.498756e+00 -9.918156e-01 -2.004558e+00 -1.508213e-01 4.790826e-01 -1.642191e-01 1.051904e-01 1.128143e+00 -1.732850e-02 
-2.686680e+00 4.023790e+00 3.591887e+00 1.619413e+00 2.999716e+00 -2.883037e+00 -1.965628e+00 4.734970e+00 5.027825e-01 3.229773e+00 1.345303e+00 3.772283e+00 -1.512927e-01 8.898278e-02 -3.081515e-01 5.928079e-01 5.329623e-01 -4.286982e-01 -9.099213e-01 -1.636206e+00 -3.816357e-01 -8.602579e-01 -4.954708e-01 1.425343e+00 1.365806e+00 -8.714175e-03 
-3.189281e+00 2.157866e+00 1.241700e+00 1.169797e+00 4.445977e+00 1.386473e+00 -4.957514e+00 -1.783629e-01 -2.355388e+00 -2.308083e-02 3.034764e+00 3.839600e+00 -1.357831e-01 -5.148621e-02 -5.062177e-01 -9.058408e-02 3.397226e-02 7.235993e-01 1.041148e+00 1.107062e-01 -3.022723e-01 -1.625973e+00 -1.231522e+00 7.595432e-01 8.929218e-01 -1.519799e-04 
-3.911856e+00 5.574466e-01 -1.859688e+00 -7.899837e-01 3.369612e+00 -7.545056e-01 -1.891590e+00 2.350359e+00 -4.336909e+00 6.970763e-01 7.132121e+00 4.804099e+00 -1.499071e-01 1.437144e-01 -4.164746e-02 -9.937382e-01 -1.065072e+00 -9.991440e-01 2.023550e-01 6.009544e-01 -1.228025e+00 -8.438792e-01 -1.813003e+00 -6.112949e-01 -7.984425e-01 2.045345e-03 
-2.979453e+00 2.500665e+00 7.536143e-02 -5.761428e-01 7.015235e+00 3.867541e+00 1.173331e+00 7.429125e-01 -3.150143e+00 -3.175358e+00 3.708740e+00 5.473079e+00 -1.512581e-01 7.835032e-01 4.948819e-01 -6.133989e-01 -7.180287e-01 -2.855127e+00 -1.746241e-01 8.322287e-01 -8.130779e-02 4.907400e-01 -1.848205e+00 -1.924439e+00 -1.740462e+00 5.462766e-03 
-2.073022e+00 3.644154e+00 -7.936336e-01 -2.832980e+00 -3.280632e+00 -3.111796e+00 -2.026279e+00 -1.865791e+00 -3.319236e+00 -4.259104e+00 -2.048159e+00 -1.036670e+00 -1.333284e-01 6.396233e-01 5.362543e-01 6.882913e-02 -2.971554e-01 -1.890551e+00 -5.556682e-01 -6.500366e-01 -1.113446e+00 7.247573e-01 -6.996862e-01 -1.830041e+00 -1.245915e+00 4.191863e-03 
-1.911821e-01 3.088923e+00 -2.358322e+00 -1.398849e+00 -6.504534e+00 1.691998e+00 -7.290256e-01 1.523173e+00 -4.105244e-01 -6.786014e+00 -1.997291e+00 -1.942323e+00 -1.167586e-01 1.971399e-01 1.998834e-01 8.400458e-01 4.462997e-01 -3.635131e-01 -1.060437e+00 -9.320400e-01 -7.318639e-01 3.666942e-01 5.488761e-01 -9.116062e-01 -5.362281e-01 2.425790e-03 
-2.107875e+00 2.944590e+00 -2.987003e-01 -1.864408e+00 6.767429e-01 -2.445076e+00 -4.190594e+00 -3.606999e+00 -2.082931e+00 -9.960263e-01 8.349333e-01 2.282226e+00 -1.461976e-01 -3.811544e-01 -3.698228e-01 8.914485e-01 3.438501e-01 1.314763e+00 -3.271939e-01 -5.881691e-01 4.312467e-01 -3.280615e-01 4.936710e-01 -1.058498e+00 -8.239399e-01 -4.395616e-03 
-1.976327e+00 3.849864e+00 4.028124e+00 1.171070e+00 3.218982e+00 -1.768004e+00 -2.404711e+00 -2.045803e+00 -1.934824e+00 -2.062516e+00 -2.290838e+00 1.132491e+00 -1.326946e-01 -3.186864e-01 1.499655e-02 5.305611e-01 3.078360e-01 1.812877e+00 2.151661e-02 6.761736e-01 1.305534e+00 -1.200364e+00 5.947677e-01 -1.577723e-01 -1.015110e-01 6.806529e-03 
-3.086222e+00 1.414569e+00 4.703859e-01 -2.398689e+00 -1.568574e+00 -3.017765e+00 -4.129282e+00 2.074931e+00 -4.197393e+00 -4.152497e+00 -7.193878e+00 -6.693777e+00 -1.473385e-01 2.427114e-01 1.474446e-01 1.538710e-01 8.637873e-01 7.919980e-01 1.454669e+00 2.122101e+00 1.820810e+00 -2.324497e-01 -1.309556e-01 3.651713e-01 -3.072097e-01 4.034889e-03 
-1.295441e+00 3.928915e+00 -9.005961e-02 4.074714e-01 3.682512e+00 2.085925e+00 2.621186e+00 5.209879e+00 -5.355114e+00 -2.233940e+00 1.228253e+00 2.038122e+00 -8.215547e-02 2.783347e-01 4.767590e-01 -3.924599e-01 1.334717e+00 5.804430e-01 7.823708e-01 1.569247e+00 -3.615862e-01 -1.703897e-01 7.753290e-01 1.630875e+00 4.627408e-01 -3.937244e-04 
-1.234761e+00 3.642287e+00 2.529747e+00 2.836328e+00 4.404968e+00 2.901304e+00 3.906964e+00 1.869212e+00 -1.535035e+00 -1.565093e+00 9.012447e-01 2.933614e-01 -1.512927e-01 -2.865128e-01 -1.161302e-01 -3.662260e-01 1.294125e-01 8.298615e-01 4.373874e-01 3.879768e-01 -1.201967e+00 1.187949e+00 1.051409e+00 2.057845e+00 1.096570e+00 -2.629089e-03 
-1.510384e+00 5.119801e+00 1.036144e+00 5.227148e+00 3.134426e+00 -8.156847e-01 1.423401e+00 -3.750875e+00 -4.117952e+00 5.204265e-01 1.815976e+00 -4.737353e-02 -1.326861e-01 -1.053577e+00 -9.814542e-01 -9.012784e-01 -1.495185e+00 -1.275233e+00 -1.807960e+00 -1.836333e+00 -1.189361e+00 8.076700e-01 1.602665e-01 3.213759e-01 6.148586e-02 -8.828294e-03 
-4.411314e+00 2.384756e-01 -1.923846e+00 -4.161465e+00 2.854776e+00 6.199775e-01 -1.590505e+00 5.454722e-01 1.123769e+00 -2.726367e-01 2.801486e+00 -1.681769e-01 -1.352186e-01 -8.685461e-01 -1.168731e+00 -1.289884e+00 -2.173762e+00 -9.624493e-01 -7.040592e-01 -1.000925e+00 7.637476e-01 1.887916e+00 -4.999091e-01 6.580762e-01 8.413588e-01 -2.247095e-05 
-4.975048e+00 7.235501e-01 -2.369655e+00 -3.569557e+00 -1.918555e+00 -5.813213e+00 -3.811745e+00 -7.505804e-02 -2.646166e+00 -2.078835e+00 1.885011e+00 2.576321e+00 -1.343340e-01 -3.946487e-01 -1.065105e+00 -1.049224e+00 -1.913677e+00 -7.322618e-01 3.000442e-01 7.069871e-01 2.339367e+00 1.608651e+00 -8.390732e-01 -9.401043e-02 -1.145125e-01 -5.257559e-03 
-3.845160e+00 -3.244221e-03 -2.216773e+00 -3.634130e+00 2.119212e+00 1.879772e+00 1.519910e+00 3.850042e+00 7.168650e+00 -2.765008e+00 4.157108e+00 3.188308e+00 -1.505811e-01 -8.056717e-02 1.043545e-01 8.196068e-02 3.606002e-01 3.436560e-01 7.382566e-01 1.690904e+00 7.584667e-01 -2.180320e-01 -8.199841e-01 -7.135256e-01 -3.717016e-01 6.536007e-04 
-3.766705e+00 -8.486444e-02 -4.063510e+00 -4.604901e+00 -1.591012e-01 5.463880e-02 3.403130e+00 6.293675e+00 9.028639e-01 -2.428754e+00 6.681125e-01 -2.298179e+00 -1.512927e-01 -1.712524e-01 1.270169e-01 1.981105e-01 -3.739999e-01 6.734505e-01 1.219151e+00 2.848943e-01 -6.013719e-01 -4.516750e-01 7.156717e-01 -6.581056e-01 -7.427779e-01 3.522801e-03 
-5.418322e+00 1.164455e+00 -6.671154e-01 -1.840792e+00 3.693329e+00 1.377335e+00 3.256578e+00 1.153439e+00 -1.740906e+00 -4.197598e+00 -1.576920e-01 4.105649e-01 -1.234713e-01 -2.895098e-01 4.280019e-01 5.306160e-01 8.197050e-02 2.893018e-02 -8.791351e-01 -1.678855e+00 -1.607376e+00 -2.718349e+00 4.653667e-01 -2.190706e-01 -4.452888e-01 7.010507e-03 
-5.044729e+00 7.747847e-01 -2.153932e+00 -6.336226e+00 6.616393e-01 5.337631e-01 -3.255607e+00 -1.733616e+00 -4.497631e-01 2.215819e+00 7.518833e-01 2.513030e-01 -1.302749e-01 -7.668304e-03 -1.329672e-01 1.672342e+00 -4.935649e-01 -5.149107e-01 -4.667688e-01 -2.840288e-01 -1.207269e+00 -3.994766e-01 9.064829e-01 -2.765431e-01 8.519591e-01 2.142764e-02 
-4.653696e+00 1.706941e+00 -5.184823e-01 -2.358615e+00 1.853492e+00 -2.755466e+00 -3.544995e+00 -1.731930e-01 -5.746782e+00 -2.760461e+00 3.019869e+00 -3.128769e-01 -1.260375e-01 -3.975105e-03 -5.089790e-01 1.028253e+00 -1.576423e+00 -2.233943e+00 -6.796337e-01 1.429946e+00 -1.097470e+00 3.007281e-01 6.788319e-01 -1.125442e+00 6.384075e-01 8.577374e-02 
-4.187359e+00 -1.020943e+00 4.223884e+00 -6.813814e+00 -1.813736e+00 -2.128051e-01 5.383772e+00 9.206438e-01 9.084188e-01 1.385092e+00 -2.303384e+00 2.323338e+00 -4.287136e-02 -1.078413e+00 1.713009e+00 -4.782690e-01 8.282051e-02 -1.379509e+00 -5.174525e-02 3.361940e+00 -2.379705e+00 6.495512e-01 -3.302342e-01 -5.432070e-01 1.385855e+00 1.174807e-01 
-5.866882e+00 -4.825757e-01 1.285240e+00 -9.484113e+00 -6.238698e+00 -1.647550e+00 6.086620e+00 -5.661039e+00 -9.163564e-01 -3.880746e-01 -4.257267e+00 2.566585e+00 2.616957e-01 -5.622787e-01 8.546482e-01 -1.918319e-01 5.823703e-01 -9.991423e-01 1.040912e+00 2.060351e+00 -1.819353e+00 8.176929e-01 1.080365e-01 -2.493711e-01 2.288777e+00 3.481724e-02 
-9.830200e+00 1.043459e+01 -5.447137e+00 -2.359375e+00 -2.189809e+00 -2.789209e-01 8.738283e+00 -1.088822e+01 3.827802e-01 -6.215453e-01 1.674416e+00 5.740847e+00 2.632622e-01 -5.310734e-01 1.545238e+00 -5.181392e-01 1.055479e+00 2.714321e+00 -7.424577e-01 6.581076e-01 -6.942406e-01 4.326300e-01 -3.775924e-01 7.868953e-01 5.860629e-02 -8.039897e-03 
-4.643669e+00 2.524157e-01 3.357868e+00 -1.673983e+00 -2.954183e+00 2.482152e+00 5.079503e+00 -3.365525e+00 -1.395498e+00 -1.216960e+00 -2.158862e-01 9.422253e+00 -1.050180e-01 3.459574e-01 6.035659e-01 1.933429e-01 7.880039e-01 3.522197e+00 -1.321998e+00 -5.344254e-01 1.849195e+00 6.229538e-01 2.090946e-01 1.356394e+00 -3.820780e-01 -7.923041e-02 
-7.454332e+00 6.337750e+00 5.968734e-01 -5.441482e+00 1.011561e+01 -5.989945e+00 9.177868e+00 -3.698316e+00 3.311140e+00 -8.842731e-02 -3.895980e-01 -8.114643e-01 1.002860e-01 1.348344e+00 -1.130818e+00 -1.366606e-01 3.736685e-01 1.694427e+00 -1.557423e-01 -1.642466e+00 3.521397e+00 -3.577791e-01 2.380004e-01 4.965784e-02 -1.441565e+00 -6.341545e-02 
-5.325029e+00 4.583673e+00 -7.700510e-01 -4.003039e+00 5.219577e+00 -5.402029e+00 3.194700e+00 -1.001665e-02 7.342330e-01 3.908396e-01 3.556712e+00 3.932351e+00 -5.296826e-02 5.521352e-01 -2.787361e-01 -1.102816e+00 5.800480e-01 -8.649925e-01 2.859810e-01 -1.722935e-01 1.928506e+00 -4.079073e-01 2.553666e-01 -4.720932e-02 -1.987348e+00 -2.430890e-02 
-2.747800e+00 2.614870e+00 -4.066481e+00 6.734955e-01 2.195445e+00 2.884458e+00 1.468355e+00 5.041012e+00 -2.470981e+00 -2.354434e-01 3.640629e-02 1.277976e+00 -7.983994e-02 6.809038e-01 -1.726369e+00 -8.560422e-01 7.959276e-01 -2.783952e+00 9.929621e-01 -1.975794e+00 8.041158e-01 -1.251331e+00 -3.307042e-02 -6.157310e-02 -2.879625e-01 -5.711657e-02 
-4.236259e+00 7.201755e-01 1.754645e-01 -1.831232e+00 -3.319063e+00 -5.251442e-01 8.072792e+00 1.907339e+00 -5.439740e-01 1.333809e-01 -6.649349e-01 -1.559205e+00 -1.364995e-01 2.758189e-01 -6.814095e-01 7.894514e-02 1.081240e+00 -2.874967e-01 2.538477e-01 -1.259541e+00 -4.685252e-01 -6.817667e-02 -6.300259e-01 -2.854409e-01 -8.940630e-01 -2.158054e-02 
-4.594198e+00 -3.623457e-01 -4.156096e+00 -2.547747e+00 4.651735e-01 -3.463577e+00 -3.140146e+00 -6.364152e-01 -2.306411e+00 -1.250501e-01 1.413360e+00 4.945009e-01 -1.435312e-01 2.773747e-01 2.148348e-01 9.375928e-01 4.465842e-02 8.328919e-01 -5.243918e-01 -1.123252e+00 -1.721792e+00 -9.061545e-02 -1.876708e+00 -4.956246e-04 1.823363e-02 -1.209242e-02 
-3.022736e+00 2.665234e+00 -3.305177e-01 3.013784e+00 4.647229e+00 -9.587726e-01 -7.987547e-01 4.860712e-01 3.110650e-01 -2.814487e+00 1.441031e+00 -1.462270e-01 -1.290253e-01 6.989785e-01 8.123058e-01 5.400132e-01 4.023181e-01 1.075494e+00 7.633492e-01 -9.369540e-01 -1.652872e-01 6.121390e-01 -1.605123e+00 3.001078e-01 3.121128e-01 5.694508e-04 
-1.967689e+00 2.716516e+00 8.744749e-01 -1.525721e+00 2.376758e+00 4.793136e-01 2.878709e-01 -2.857311e+00 -3.351578e+00 -8.145050e+00 -1.019055e+00 6.626546e-01 -1.440392e-01 4.836553e-01 8.387362e-01 1.250383e+00 -6.241250e-03 -2.667047e-01 7.865041e-01 8.325709e-01 -3.313712e-01 2.710944e-01 -1.440300e+00 -2.962244e-02 -6.384457e-01 8.046746e-04 
-2.054622e+00 3.242274e+00 3.602453e-01 -3.306546e-01 1.102616e+00 1.320157e+00 1.674014e+00 2.191351e+00 3.039304e+00 -3.882233e+00 2.051811e+00 -8.271801e-02 -1.333983e-01 7.363033e-03 1.948331e-01 3.956625e-01 -1.485843e-01 -8.406552e-01 3.054118e-02 6.663067e-01 8.418806e-02 -1.553942e-01 2.976355e-01 9.074278e-01 2.972258e-01 2.633214e-04 
-2.659979e+00 3.542815e+00 1.750436e+00 -9.067340e-01 9.039562e-01 -6.705210e-01 -2.136754e-01 -3.145911e+00 -2.315059e+00 -6.792675e+00 9.598579e-01 -2.729482e+00 -1.373214e-01 -1.311203e-01 3.055534e-01 4.820050e-02 1.212743e-01 4.746056e-02 2.129002e-02 4.270589e-01 9.567859e-02 -4.416060e-01 1.006374e+00 1.181681e+00 1.104740e+00 -1.217639e-03 
-2.639775e+00 3.226249e+00 1.209814e+00 1.961369e+00 1.180354e+00 -2.311494e-01 2.783552e+00 1.051311e+00 -9.841650e-01 -2.002497e+00 4.988714e+00 3.035971e+00 -1.310676e-01 -1.363583e-01 1.650475e-01 -5.024965e-01 -9.410114e-01 1.193722e-01 4.321724e-01 1.050082e+00 1.100205e+00 -5.692466e-01 1.063921e+00 3.113882e-01 1.696378e+00 -4.976010e-03 
-2.330713e+00 4.252295e+00 6.906930e-01 -2.065361e+00 2.575192e+00 1.361417e+00 1.868396e+00 -1.808899e+00 -3.547873e+00 -4.053048e+00 3.420899e+00 4.627008e+00 -1.512927e-01 -1.822069e-01 -2.938756e-01 -9.885227e-01 -1.103827e+00 -8.804189e-02 8.667309e-01 2.124053e+00 2.898801e+00 1.255738e+00 2.378083e+00 3.706681e-01 1.409253e+00 -2.672243e-03 
-2.901046e+00 3.712771e+00 -1.622366e+00 -4.456398e+00 8.638593e-01 2.465050e+00 5.883386e+00 7.023869e+00 8.094784e-01 6.756067e-02 2.378231e+00 4.720924e+00 -1.512927e-01 -4.340037e-01 -6.311667e-01 -4.981304e-01 -6.164328e-01 -1.893449e-01 4.657868e-01 8.555803e-01 1.006135e+00 1.354610e+00 2.089477e+00 -4.545930e-01 -1.430610e-01 1.289511e-03 
-3.440378e+00 1.830176e+00 -1.776088e+00 -3.216985e+00 6.219940e-01 2.315034e+00 8.856669e+00 8.361815e+00 3.066808e+00 4.062714e+00 4.118440e+00 3.474304e+00 -1.405700e-01 -5.134696e-01 -8.226199e-01 1.968940e-01 7.448772e-01 -7.053228e-02 -2.375410e-01 -1.784980e-01 -1.956906e-01 1.200699e+00 2.136943e+00 4.699074e-01 -1.025536e+00 2.131128e-03 
-4.254961e+00 1.281475e+00 -4.744768e-02 -5.449834e-01 1.210228e+00 1.620976e+00 3.567317e+00 9.966277e-01 2.481544e+00 4.387007e+00 2.366979e+00 2.897018e+00 -1.299814e-01 -9.723186e-02 -3.711376e-01 2.999329e-01 1.153329e+00 3.061351e-01 -5.069542e-01 -1.396747e+00 -2.920940e+00 -2.499262e-01 -1.250955e+00 2.375510e-01 -6.004154e-01 -8.733988e-04 
-4.221104e+00 1.354843e+00 8.877038e-01 -2.966821e-01 2.049346e+00 5.957482e-01 2.133941e+00 2.262689e-01 1.619591e+00 4.471946e+00 5.776062e+00 4.112833e-01 -1.512927e-01 -1.660061e-03 -2.714333e-02 3.723184e-01 2.634636e-01 -3.902741e-01 -1.090672e+00 -1.838945e+00 -1.300574e+00 -2.973678e-01 -2.603698e+00 -8.947754e-01 -3.788623e-01 -2.014887e-03 
-2.996842e+00 2.094750e+00 -1.454597e+00 -1.499059e-01 1.680859e+00 7.899213e-01 2.261017e+00 -3.513058e+00 2.834560e-01 -6.391828e+00 2.737175e+00 3.250358e+00 -1.502984e-01 1.158457e+00 -1.098602e+00 -7.964020e-01 -1.017293e+00 -1.546600e+00 1.463389e-03 -4.025811e-01 4.890966e-01 -2.799999e-01 -1.188502e+00 -2.325944e+00 -1.594559e+00 2.293319e-02 
-4.077738e+00 1.287822e+00 7.890788e-01 -2.097205e+00 -1.564692e+00 -2.722801e+00 3.150921e-01 4.113786e+00 2.679013e+00 -3.566357e+00 -5.405353e-01 1.403323e+00 -1.404860e-01 1.171982e+00 -1.550345e+00 -1.403259e+00 -1.096091e+00 -1.227952e+00 6.569457e-02 7.050661e-01 1.136990e+00 -3.112152e-01 4.053987e-01 -2.353165e+00 -1.790887e+00 2.928181e-02 
1.465640e+00 -4.178021e+00 -3.980145e+00 -4.731188e+00 -4.715751e+00 3.287568e+00 2.463836e+00 1.498352e+00 5.518337e-01 2.463648e+00 -6.104443e+00 -5.571795e+00 -2.071881e-02 -1.170934e+00 -1.754864e+00 -4.317814e-01 -1.547467e+00 1.634828e-01 6.354573e-01 5.435896e-02 -1.245651e-01 -3.819851e-01 1.863275e+00 -1.088199e+00 -9.791656e-01 6.739285e-02 
-5.924339e-01 -3.260497e+00 -4.865816e+00 -3.486495e+00 -8.921089e-01 -3.246021e-01 5.557862e+00 3.405514e+00 -7.067382e-02 2.071201e+00 -1.568952e+00 -4.132076e+00 -6.967342e-02 -3.272894e+00 -7.148439e-01 6.554344e-01 -2.554901e+00 1.881997e+00 1.073411e+00 -1.528335e+00 -8.978114e-01 -4.464993e-01 -1.538232e-01 3.165415e-01 -3.954448e-01 1.159420e-01 
-1.059417e+01 -4.405411e+00 -7.860564e-01 -7.192595e+00 2.161982e+00 2.768109e+00 -8.857286e-02 -3.781748e+00 -2.516263e-01 1.057692e-01 -2.189610e+00 1.122230e+00 1.512596e-01 -4.942404e+00 1.107368e+00 1.361500e+00 -2.399944e+00 2.517890e+00 -1.873163e+00 -1.826128e+00 -8.398510e-01 -1.507874e+00 -3.663998e-01 6.179597e-01 1.931783e-01 1.502933e-01 
-1.441231e+01 -2.172703e+00 2.469206e+00 -1.364101e+01 4.406427e+00 2.903983e+00 -6.050381e+00 2.264779e+00 8.482465e-01 -3.156533e+00 -9.152444e-01 -3.920913e+00 3.532351e-01 -3.941409e+00 7.310137e-01 6.866751e-01 -1.780814e+00 1.714635e+00 -1.233895e+00 -9.465491e-01 -7.321320e-01 -1.521130e+00 -1.168483e-01 2.359023e-01 9.532204e-02 1.689634e-01 
-1.633644e+01 8.149234e-01 -8.401555e-01 -1.165365e+01 5.224434e+00 -7.692540e+00 -8.626831e-01 -2.130535e+00 -7.446998e+00 3.245516e+00 -3.341498e+00 -4.711486e+00 5.192932e-01 -1.763964e+00 9.398079e-01 -5.683614e-01 5.442415e-01 1.861700e+00 -1.723138e+00 2.529846e-01 6.697257e-01 1.784970e-01 5.842804e-01 -1.397922e+00 -4.413760e-02 1.262243e-01 
-1.742834e+01 -2.215596e+00 -1.405391e+00 -1.016004e+01 6.149837e+00 -1.263754e+00 1.212172e+00 -1.080752e+00 -4.078637e+00 -8.291411e-02 1.865040e-01 -7.386082e-01 5.911266e-01 -6.258717e-01 4.673604e-01 -1.295635e+00 1.323886e+00 1.056263e+00 -1.613266e+00 6.422839e-01 -9.331479e-02 1.003413e+00 1.295762e+00 -1.656803e+00 1.663437e+00 9.255302e-02 
-1.790597e+01 3.150752e-01 -1.690565e+00 -6.211874e+00 1.059878e+01 -3.763714e+00 -2.454926e+00 1.239646e+00 3.104300e+00 1.490361e+00 -9.730096e+00 -6.896111e-01 6.634352e-01 7.733078e-02 6.222231e-02 -7.779793e-01 9.511747e-01 -3.434246e-02 -1.057085e+00 -1.080086e+00 3.073591e-02 2.384820e+00 8.778449e-01 -1.571744e+00 1.212634e+00 6.916100e-02 
-1.675690e+01 4.140231e-01 -3.583765e+00 -9.742469e+00 7.000572e+00 -7.126759e+00 -2.042840e+00 1.131142e-01 5.896603e-01 4.199854e+00 -6.004964e+00 2.385335e+00 7.439291e-01 -9.624119e-02 4.869021e-01 -6.598530e-01 9.401983e-01 -4.631688e-01 -1.890046e+00 -1.386695e+00 -1.076118e+00 1.805635e+00 7.181898e-01 -1.155564e+00 -6.307408e-01 5.585450e-02 
-1.628551e+01 -1.887746e-01 -3.640865e+00 -7.106563e+00 4.627354e+00 -1.004646e+01 -4.635610e+00 -2.573789e+00 2.142951e+00 5.493357e+00 -8.104485e+00 -2.102884e-01 7.886969e-01 -5.895277e-01 -3.905696e-01 -1.000960e+00 2.076517e-01 -1.186691e+00 -1.473101e+00 -1.219167e+00 -1.700817e+00 -6.621626e-01 -2.274920e+00 2.633367e-01 -7.010533e-01 4.256290e-02 
-1.871977e+01 4.708394e-01 -3.729506e+00 -5.011700e+00 6.819705e+00 -7.572611e+00 -4.630962e+00 -4.554626e+00 5.430213e+00 1.506537e+00 -6.404120e+00 -4.131974e+00 8.077682e-01 -7.976602e-01 -1.259852e-01 -9.677107e-01 8.987620e-01 1.581259e-01 1.810932e-03 1.482727e-01 -6.052612e-01 -1.069193e+00 -2.680457e+00 -1.541525e-01 -6.607862e-01 2.687674e-02 
-1.987217e+01 -1.666181e+00 -6.622496e+00 -7.539000e+00 4.755755e+00 -1.090629e+01 -7.256698e+00 -4.930566e+00 -2.626789e+00 -8.537579e+00 -8.213834e+00 -9.362235e-01 8.443302e-01 -4.914247e-01 3.189908e-01 -6.440174e-01 1.945338e-01 4.009204e-01 1.698874e+00 6.438111e-01 7.253138e-01 -1.685795e+00 -1.306664e+00 6.934009e-02 4.989000e-01 1.555798e-02 
-1.895187e+01 5.228002e-01 -6.931503e+00 -5.032441e+00 7.727001e+00 -6.687789e+00 9.068131e-03 -1.734803e+00 -2.371433e+00 -2.186963e+00 -6.721052e+00 -5.556284e-01 8.504962e-01 4.062079e-01 7.600567e-01 -3.039079e-01 -2.363811e-02 -4.610524e-02 1.665245e+00 4.026031e-01 9.668495e-01 -1.277408e-01 5.603008e-01 7.898939e-01 1.856484e+00 8.683586e-03 
-1.862659e+01 1.380199e+00 -5.259954e+00 -6.123524e+00 6.178308e+00 -1.994503e+00 -3.736570e+00 -3.571316e-01 -2.385199e+00 8.067842e-01 -7.599319e+00 4.960389e-01 8.451228e-01 1.078244e+00 5.383601e-01 1.054148e-01 -1.856064e-01 -4.998681e-01 8.186487e-01 -2.336151e-01 3.051309e-01 1.712375e+00 2.489855e+00 1.227476e+00 3.612265e-01 -5.578309e-03 
-1.731153e+01 2.747933e+00 -5.930316e+00 -5.837628e+00 5.877903e+00 -3.702279e+00 -4.378011e+00 -2.007096e+00 4.670714e+00 -3.641396e-01 -2.761909e+00 4.434317e+00 8.507898e-01 1.619542e+00 -4.896289e-01 4.912667e-02 -8.743871e-01 -6.969746e-01 -4.468536e-02 -1.441232e+00 1.175009e-01 2.286438e+00 1.398747e+00 1.174677e+00 -1.029506e+00 -2.933431e-02 
-1.530112e+01 -8.694661e-02 -6.596015e+00 -8.064438e+00 3.180964e+00 -8.305803e+00 -6.231234e+00 -3.268765e+00 2.414013e+00 3.000284e+00 -4.056026e+00 -1.625064e+00 8.162918e-01 3.312969e+00 -3.865557e-01 1.090151e+00 1.248904e-01 3.665327e-01 1.086786e+00 -5.609745e-01 2.790004e-01 1.475416e+00 1.352103e+00 1.158836e+00 -1.362689e+00 -6.476916e-02 
-1.251689e+01 -1.191772e+00 -6.017839e+00 -8.433919e+00 5.740800e+00 -3.755566e+00 -5.949761e+00 3.085182e-01 6.661153e+00 3.710021e+00 -2.619315e+00 -4.642606e+00 7.182401e-01 7.288475e+00 -7.513536e-01 1.288134e+00 1.171274e+00 -1.733939e+00 1.525502e+00 -1.264815e+00 -1.716133e+00 5.458125e-01 5.144235e-01 -3.244085e-01 1.247239e+00 -4.882484e-02 
-4.459061e+00 1.417272e+00 2.345630e-01 -4.200927e+00 8.079523e+00 3.466072e+00 -5.755567e+00 -1.199364e-01 3.996664e+00 5.530221e+00 -1.876435e+00 -1.778942e+00 5.875518e-01 8.908297e+00 -1.238236e+00 8.551224e-01 3.058262e+00 -3.798732e+00 1.802949e+00 -1.858011e+00 -2.698886e+00 1.122861e+00 1.124458e-02 -1.256686e+00 4.473172e+00 1.396188e-02 
1.370982e+01 -1.760944e+00 -2.904935e+00 -1.913013e+00 -5.241074e+00 -1.960706e+00 -1.093992e+01 -1.216218e+01 6.608451e+00 9.430094e-01 -5.473746e+00 1.074745e+01 7.210357e-01 7.671243e+00 -2.456243e+00 2.066868e-01 3.632067e+00 -6.301141e+00 6.221632e-01 -1.852941e+00 -3.320341e+00 1.909447e+00 4.110849e-01 -2.262556e+00 5.066135e+00 7.826204e-02 
1.612701e+01 -5.993539e+00 -3.876854e+00 3.966421e+00 -1.032176e+01 -1.884862e-01 -1.302621e+01 -1.052785e+01 8.054668e+00 4.440013e+00 -8.912240e+00 1.304577e+01 8.847035e-01 3.801395e+00 -2.834029e+00 -5.255064e-01 2.814806e+00 -6.214462e+00 -7.237782e-02 -8.385031e-01 -1.916304e+00 3.158177e+00 6.061106e-01 -2.173797e+00 2.012178e+00 1.005607e-01 
1.554629e+01 -9.767582e+00 -2.928697e+00 5.642745e+00 -1.656426e+01 1.182529e+00 -1.157915e+01 -1.108923e+01 1.417939e+01 6.310550e+00 -1.041419e+01 1.327572e+01 9.609745e-01 -6.082740e-01 -1.717800e+00 3.635947e-01 2.210772e+00 -3.911616e+00 1.707321e+00 6.600850e-01 1.324098e+00 2.528312e+00 1.231685e+00 -2.234118e+00 -9.735492e-01 6.372868e-02 
1.362967e+01 -8.749555e+00 -2.381088e+00 6.095225e+00 -1.733120e+01 1.532565e+00 -9.628469e+00 -1.023793e+01 1.600208e+01 5.877004e+00 -1.027520e+01 7.017817e+00 9.703859e-01 -1.648115e+00 -2.265271e-01 5.487294e-01 4.055848e-01 -1.950319e+00 8.470725e-01 1.790164e+00 2.429759e+00 1.577530e+00 3.437238e-01 -2.290124e+00 -2.035365e+00 2.467203e-02 
1.191711e+01 -8.971939e+00 -1.834845e+00 8.076446e+00 -2.129444e+01 5.715373e+00 -9.338364e+00 -5.686645e+00 1.527631e+01 6.382938e+00 -1.596286e+01 8.893681e+00 9.968378e-01 -1.415980e+00 1.077010e-01 4.362963e-01 -2.712040e-01 -7.631477e-01 1.977890e-01 1.953844e+00 3.647940e+00 5.873512e-01 -9.808713e-01 -1.868250e+00 -1.515431e+00 9.779704e-03 
9.701021e+00 -7.523996e+00 -1.680133e+00 4.777495e+00 -1.770827e+01 1.780455e+00 -5.195779e+00 -1.080346e+00 1.539386e+01 6.122437e+00 -1.758853e+01 5.059963e+00 9.901320e-01 -6.724105e-01 -5.404476e-01 5.883998e-01 -7.395991e-01 -4.763260e-02 -8.066372e-01 1.910135e+00 3.124471e+00 6.136923e-01 -1.089005e+00 -8.407399e-01 -1.407173e+00 4.043299e-03 
1.043072e+01 -9.841856e+00 -1.097693e+00 4.945590e+00 -2.019147e+01 2.047529e+00 -4.026268e+00 2.571679e+00 1.742025e+01 1.283476e+00 -1.609878e+01 6.677487e+00 1.000000e+00 -4.426252e-01 -3.125126e-01 7.021554e-01 -1.421893e+00 9.603376e-01 -1.254218e+00 2.323737e+00 2.170909e+00 -1.700359e-01 -1.113947e+00 8.984232e-01 -1.851174e+00 -1.014143e-02 
1.101082e+01 -1.101683e+01 1.923342e-01 3.962657e+00 -1.812084e+01 -6.666989e-01 -2.733841e+00 1.255264e+00 1.799857e+01 2.981711e+00 -1.441094e+01 1.090049e+00 9.890213e-01 -2.834080e-01 -2.168553e-01 8.224587e-01 -1.658108e+00 1.423491e+00 -7.616816e-01 1.355535e+00 1.813743e+00 -1.196567e+00 -3.568606e-01 1.255275e+00 -1.465691e+00 -1.911265e-02 
9.049088e+00 -8.788083e+00 7.396985e-01 1.374400e+00 -1.628646e+01 6.678585e-01 1.049353e+00 4.000094e+00 1.312377e+01 2.383565e+00 -1.305954e+01 1.622770e+00 9.466860e-01 -3.813994e-01 2.482287e-01 4.844514e-01 -1.768142e+00 1.657080e+00 -6.547672e-01 1.836730e+00 5.929947e-01 -1.562856e+00 -1.315504e-01 1.579760e+00 -7.412435e-01 -2.222660e-02 
8.974796e+00 -9.135159e+00 1.513465e+00 -1.727449e+00 -1.254331e+01 -1.338118e+00 -9.559159e-01 7.274163e+00 1.155926e+01 3.788090e+00 -1.283177e+01 2.588642e-01 9.212257e-01 -6.336899e-02 1.539288e-01 -2.148124e-01 -1.072016e+00 7.421042e-01 -5.279123e-02 1.168313e+00 4.812144e-01 -1.438513e+00 -3.650883e-01 2.074581e+00 4.167621e-02 -1.875466e-02 
9.541731e+00 -9.541550e+00 6.639984e-01 -1.050069e+00 -1.469483e+01 -8.905971e-01 4.268417e+00 2.527203e+00 1.282563e+01 2.225349e-01 -8.989556e+00 3.386862e+00 9.227648e-01 7.490733e-01 -1.703250e-01 -7.776110e-01 1.429733e-01 5.811551e-01 -2.103534e-01 -1.155746e+00 -2.869568e-01 7.808224e-01 1.362286e-01 9.134928e-01 5.087610e-01 -1.872082e-02 
1.044765e+01 -9.870457e+00 -8.438777e-01 -1.851904e-01 -1.520614e+01 -1.514272e-01 1.498192e+00 4.397782e+00 1.095508e+01 2.236784e+00 -6.073020e+00 4.163837e-01 9.072086e-01 1.225500e+00 1.084702e-01 -8.189093e-01 1.414628e+00 3.655113e-01 -4.605058e-01 -2.053325e+00 -1.463781e+00 1.576755e+00 5.260195e-01 1.654604e+00 4.821707e-01 -3.125440e-02 
1.205803e+01 -9.272059e+00 -1.969685e+00 1.318137e+00 -1.204927e+01 -9.772536e-01 -5.956429e+00 4.003501e+00 1.732998e+01 3.840361e+00 -1.187145e+01 4.087815e+00 8.600904e-01 1.484245e+00 5.300449e-01 -1.865683e-01 1.771933e+00 9.685388e-01 -4.036145e-01 -3.186190e+00 -2.347960e+00 9.646040e-01 1.614339e+00 1.828771e+00 3.498539e-01 -6.072108e-02 
1.384415e+01 -8.727553e+00 -1.264240e+00 4.161589e+00 -1.203853e+01 -3.597318e+00 -6.110119e+00 -7.828884e-01 1.719086e+01 4.609274e+00 -3.117810e+00 2.319241e+00 7.962909e-01 9.207830e-01 1.481424e+00 4.420603e-01 9.500538e-01 3.484315e+00 -4.331590e-01 -2.526484e+00 -2.416022e+00 -1.347862e+00 -6.103005e-02 2.085099e+00 1.573964e-01 -1.010929e-01 
1.526471e+01 -7.462777e+00 -5.866203e-02 5.636208e+00 -1.143594e+01 -1.185724e+00 -7.858379e+00 -6.622262e+00 1.453075e+01 7.107986e+00 -1.323306e+00 4.184703e+00 6.746182e-01 -2.836947e-01 2.278933e+00 1.061481e+00 -3.054585e-01 3.939746e+00 -3.894477e-01 -1.907916e-01 -6.049138e-01 -3.955249e+00 -2.110837e+00 2.322535e+00 -1.789444e+00 -1.142782e-01 
1.344823e+01 -3.367977e+00 4.109126e-01 2.406043e+00 1.908770e+00 -2.212987e+00 -1.018325e+01 -2.369446e+00 5.615378e+00 2.978215e-01 -9.215952e-01 1.154922e+00 4.944802e-01 -1.173737e+00 2.168300e+00 1.507143e+00 -6.282453e-01 2.910022e+00 -2.110499e-01 5.941835e-01 1.115601e+00 -4.825364e+00 -1.956512e+00 5.814393e-01 -1.327644e+00 -9.288023e-02 
1.083751e+01 -5.571836e-01 2.500143e+00 6.686175e-01 6.758054e-01 -3.616658e+00 -4.873819e+00 1.772211e+00 3.341473e+00 -4.558099e+00 -1.356881e+00 -4.277246e+00 4.396048e-01 -1.018093e+00 5.964324e-01 1.876055e+00 -1.926162e+00 1.050746e+00 1.025138e+00 1.001003e+00 2.316180e+00 -5.661789e+00 -6.372089e-01 1.166196e+00 -2.467106e+00 -2.941351e-02 
1.018906e+01 -1.338851e+00 4.992075e+00 3.504157e+00 -3.544298e+00 -3.437101e+00 -4.631481e+00 5.978824e-01 -1.341315e+00 6.597559e-01 -1.938254e-01 -8.800185e-02 4.493964e-01 6.217741e-01 -9.155218e-01 6.251025e-01 -1.426500e+00 -1.358368e+00 1.951693e+00 8.428704e-01 1.714875e+00 -3.610509e+00 1.222670e+00 2.374869e+00 -1.549592e+00 2.687884e-02 
1.180383e+01 -5.495177e+00 7.031032e+00 -4.543660e+00 -3.455673e+00 4.552025e+00 -5.629252e+00 3.474973e+00 -1.029984e+01 3.740974e+00 4.143791e+00 -7.529366e+00 5.500926e-01 1.739155e+00 -9.430103e-01 -2.079098e+00 2.465625e-01 -4.468902e-01 1.392023e+00 9.951458e-01 2.683200e-01 -1.847355e+00 1.398890e+00 1.862392e+00 1.047868e+00 4.260663e-02 
1.607394e+01 -5.476589e+00 1.270980e+00 -2.120318e+00 -2.817332e+00 3.461134e+00 -5.591184e+00 5.353549e+00 -5.616505e+00 2.261635e+00 8.202411e+00 -4.966980e+00 5.736305e-01 1.936075e+00 -3.056725e-01 -3.272042e+00 1.045975e+00 7.796016e-01 -5.099659e-01 2.955832e+00 -3.343774e-01 -9.973938e-01 2.683520e-02 1.200509e+00 1.644212e+00 2.853153e-02 
1.659085e+01 -3.203367e+00 -6.034801e+00 4.713668e+00 -1.922128e+00 -1.056617e-01 5.817615e-01 7.359775e-01 -3.757709e+00 1.635414e+00 3.756958e+00 3.401582e+00 5.905209e-01 1.346976e+00 5.978609e-01 -2.667256e+00 2.123298e+00 1.524318e+00 -2.415299e+00 1.868906e+00 -1.740118e+00 6.426489e-01 -4.584141e-02 1.681463e-01 1.665852e+00 -4.453736e-03 
1.747593e+01 -4.013119e+00 -4.835216e+00 4.105371e+00 -4.130619e-01 -3.658087e+00 7.042172e+00 2.954931e-01 -9.599352e+00 1.846712e+00 6.002137e+00 2.667587e+00 5.718399e-01 2.527695e-01 4.838993e-01 -7.862019e-03 6.624699e-01 1.649750e+00 -1.622572e+00 1.553328e+00 -1.632652e+00 -3.885958e-01 2.025884e-01 -7.298980e-01 6.100255e-01 -3.261977e-02 
1.783771e+01 -3.237607e+00 -3.252152e+00 2.959987e+00 2.963782e+00 -3.964860e+00 -2.601400e+00 -2.696589e+00 -5.095177e+00 3.719229e+00 6.084660e+00 -3.017389e+00 5.287192e-01 -4.956959e-01 -1.002864e-01 2.408934e+00 5.433329e-01 4.739084e-01 -1.517671e-03 3.738745e-01 4.625336e-01 -4.100279e-01 3.606576e-01 1.009526e-02 -1.396367e+00 -5.985356e-02 
1.671436e+01 -3.039972e+00 -1.596541e-01 2.068872e+00 2.988464e+00 -2.722128e+00 3.767035e+00 -1.093427e+00 -6.890750e+00 2.232669e+00 3.389070e+00 1.292633e+00 4.414325e-01 -1.469702e+00 2.356243e-02 3.241561e+00 1.788152e+00 -7.612920e-02 2.275233e+00 -6.663918e-01 7.753501e-02 1.367168e+00 -2.569391e-01 -7.653128e-01 -5.302505e-02 -7.359394e-02 
1.449315e+01 -4.191372e+00 3.672088e+00 8.448582e+00 -1.253349e+00 -5.812297e-01 4.088703e+00 3.743106e+00 -7.162149e+00 3.245724e+00 5.113968e+00 -2.892776e+00 3.564568e-01 -1.940243e+00 -3.466063e-01 3.872228e+00 2.959466e+00 2.934958e-01 3.658960e+00 1.503870e-01 8.352153e-01 -7.709519e-01 -1.957957e+00 -1.076080e+00 4.632086e-01 -6.805681e-02 
1.179970e+01 -3.418425e+00 7.910471e+00 1.030183e+01 1.314858e+00 6.026261e+00 3.651620e-01 -2.536679e+00 -1.730029e+00 7.987690e-01 2.660919e+00 2.340156e+00 2.900015e-01 -1.728916e+00 -3.955841e-01 3.709228e+00 2.774777e+00 8.936484e-01 2.630657e+00 -1.431136e+00 6.377033e-01 -1.245635e+00 -2.212598e+00 -8.628550e-01 -6.786612e-01 -4.694771e-02 
1.059383e+01 -4.781413e+00 1.207393e+01 1.364084e+01 5.268064e+00 9.955746e+00 -1.485286e-01 2.201113e+00 -1.153030e+01 -5.353603e+00 1.068334e+00 -1.225107e+00 2.641506e-01 -1.288572e+00 -8.301244e-01 2.118132e+00 1.538872e+00 1.757852e+00 1.653291e+00 -1.626215e+00 -9.201736e-01 -1.712585e+00 -2.147511e+00 -2.863726e-01 -5.232724e-01 -2.715268e-02 
1.001944e+01 -4.722872e+00 1.418557e+01 1.334663e+01 4.195999e+00 5.162668e+00 -1.270030e+00 2.866086e+00 -1.093485e+01 -4.530655e+00 1.097613e+00 -2.934507e+00 2.528470e-01 -1.382171e+00 -1.361498e+00 1.111175e-01 -3.165474e-02 2.757615e-01 -6.702167e-01 -1.284637e+00 5.566085e-01 8.319316e-02 -6.267090e-01 9.739158e-01 -4.418303e-01 -2.465599e-02 
8.940418e+00 -7.689770e+00 1.112520e+01 1.462054e+01 6.095341e+00 8.117022e+00 -3.224775e+00 -3.559145e+00 -1.112267e+01 -4.827119e+00 4.463758e+00 -2.871807e+00 2.392706e-01 -1.681565e+00 -1.648082e+00 -1.832058e+00 -1.279089e+00 -7.834966e-01 -7.132022e-01 -2.648796e-01 -1.305065e+00 1.050435e+00 -1.310107e-01 1.735581e+00 -6.578287e-01 -1.920506e-02 
5.715544e+00 -8.771735e+00 8.940421e+00 9.653707e+00 2.280027e+00 3.594540e+00 -4.519898e+00 3.126493e+00 -1.517878e+00 -2.598018e+00 5.832786e+00 9.543538e-01 1.791615e-01 -1.756962e+00 -1.731710e+00 -2.900254e+00 -1.894053e+00 -1.345646e+00 -7.156658e-01 -1.625449e-01 -1.211334e+00 -1.543120e-01 -8.629534e-01 2.102882e-01 -1.288775e+00 -2.176421e-02 
4.337949e+00 -1.099739e+01 5.536207e+00 9.091855e+00 2.308568e+00 7.173799e+00 1.520069e-01 -4.454414e+00 -1.098661e+01 -6.974976e+00 7.378652e+00 -6.458681e+00 2.049680e-01 -1.176548e+00 -7.337490e-01 -2.831228e+00 -2.348166e+00 -1.398439e+00 -1.437426e+00 -7.049551e-02 -1.483232e+00 -1.014189e+00 3.907728e-03 -5.892698e-01 -1.668831e+00 -2.824462e-02 
3.535864e+00 -1.172761e+01 2.478791e+00 6.640709e+00 -6.388416e-01 2.055951e+00 -3.771146e+00 -2.742948e+00 -1.177444e+01 -7.771494e+00 6.916066e-01 -7.584945e+00 1.611772e-01 -2.348640e-01 -2.692389e-01 -2.637106e+00 -1.289856e+00 -9.471217e-01 -1.466692e+00 6.817150e-03 -1.699432e+00 -1.360159e+00 9.466460e-01 -7.379090e-01 -4.827732e-01 -1.883762e-02 
4.147518e+00 -9.880577e+00 1.998729e-01 4.386213e+00 5.625792e-01 1.699186e+00 -3.951629e+00 -8.040586e+00 -1.106533e+01 -2.220843e+00 4.087998e+00 -6.946311e+00 1.070396e-01 1.340871e-01 4.419802e-01 -1.824783e+00 -8.076993e-01 -2.931470e-01 -2.231431e+00 3.554690e-01 9.222539e-01 9.501945e-01 1.936198e+00 6.057911e-02 1.776731e+00 -2.161317e-02 
4.636439e+00 -1.067634e+01 -1.576942e+00 5.557248e+00 -1.582587e+00 -1.001611e+00 -2.433994e+00 -3.577579e+00 -8.279313e+00 -2.418542e-01 3.788568e+00 -1.215698e+00 1.339377e-01 9.036417e-02 7.451543e-01 -9.050534e-01 -3.921972e-01 1.219411e-01 -4.525087e-01 2.143172e+00 1.797109e+00 1.439652e+00 1.805983e+00 1.495905e+00 1.793574e+00 -2.150763e-02 
4.458097e+00 -9.313128e+00 -1.559840e+00 5.595089e+00 1.314705e+00 -2.454578e+00 1.260776e+00 5.741714e-01 -7.983198e+00 -1.058808e+00 6.133067e+00 -7.596492e-01 1.105220e-01 -8.034448e-02 6.848497e-01 -4.553849e-01 8.035226e-02 3.162556e-02 -5.169097e-01 2.822559e+00 3.303451e+00 1.917900e+00 6.628088e-01 1.102670e+00 2.367210e-01 -2.159662e-02 
3.832396e+00 -8.285564e+00 -1.166620e+00 4.075285e+00 -4.051993e-01 1.870289e+00 4.338511e+00 1.935217e+00 -6.117244e+00 6.774025e-01 7.148597e+00 -1.710407e+00 5.189788e-02 -3.094890e-01 8.570371e-01 -6.856716e-01 -7.429643e-01 -8.032792e-01 4.231410e-01 3.134103e+00 1.446079e+00 1.330781e-01 -6.528991e-01 -3.292077e-01 -1.873255e+00 -3.379177e-02 
4.147818e+00 -7.651714e+00 -2.282213e+00 5.528956e+00 1.320131e-01 -2.321312e+00 6.774915e+00 5.720269e+00 -2.556859e+00 6.335728e-01 7.921334e+00 -5.515351e+00 4.007643e-02 9.267712e-03 1.546716e+00 -2.880659e-01 -1.221929e-01 -1.106856e+00 4.358029e-01 2.043462e+00 -5.214782e-01 -4.177182e-01 -4.338984e-01 -2.369029e+00 -2.053531e+00 -2.468404e-02 
3.244134e+00 -7.221858e+00 -4.644114e+00 1.875493e+00 -5.007637e+00 1.047461e+00 1.047945e+01 1.079765e+00 -1.032709e+01 -4.352540e+00 1.248396e+00 -8.204120e+00 2.015829e-04 1.611861e-01 1.861916e+00 5.344729e-01 9.039103e-01 9.379746e-01 1.127291e-02 5.835171e-01 -1.496167e+00 -8.197809e-01 -5.944380e-01 -1.063234e+00 2.237188e-01 -2.360489e-02 
4.798566e+00 -2.111401e+00 -1.261422e+00 6.084021e+00 -1.918355e+00 1.358507e-01 8.407614e+00 -1.605494e+00 -7.966865e+00 -7.133288e-01 -2.761976e+00 -7.780449e+00 1.294994e-02 3.639326e-01 1.823298e+00 3.392587e-01 2.712848e-01 1.182929e+00 8.821556e-01 -1.318271e+00 -1.674526e+00 -1.019612e+00 -1.212237e+00 -1.155770e+00 7.054940e-01 -2.357630e-02 
4.312952e+00 -1.746142e+00 9.953498e-01 8.317305e+00 5.309857e+00 6.980721e-01 6.439747e+00 -1.882738e+00 -7.511146e+00 -1.621336e+00 7.174081e+00 5.407360e-01 -5.256331e-02 2.821636e-01 2.022046e+00 7.598968e-01 6.072651e-01 1.227760e+00 3.631850e-01 -2.040032e+00 -3.886279e-01 3.825897e-01 6.116571e-01 5.525203e-01 1.019275e+00 -1.897314e-02 
5.433072e+00 -1.273080e+00 -3.405651e+00 3.664474e+00 8.879095e-01 2.264160e+00 2.203409e+00 -1.171109e+00 -9.062894e+00 -6.793212e+00 -8.203573e-01 -6.360309e+00 -5.142260e-02 -3.639213e-01 1.814546e+00 6.114739e-01 -1.148633e+00 -1.058996e-01 5.462533e-01 -9.526650e-01 1.220623e+00 9.920776e-01 4.730577e-01 9.473777e-01 2.770903e-01 -2.189397e-02 
4.337699e+00 2.469213e+00 2.274847e-01 6.121592e+00 -2.719705e-01 1.799231e+00 3.381392e+00 -1.080567e+00 -7.866128e+00 1.745687e+00 3.040188e+00 -3.817814e+00 -6.247783e-02 -7.326354e-01 1.845478e+00 7.807593e-01 -2.096079e+00 -1.500365e+00 -2.852762e-02 -4.982806e-01 8.337156e-01 1.422066e+00 2.096951e+00 -7.764450e-01 -2.005673e+00 -1.702434e-02 
2.966586e+00 4.853652e+00 2.179880e+00 1.438714e+00 3.430613e-01 2.316538e+00 5.173467e+00 4.096536e+00 -2.828984e+00 -3.155255e-02 4.041859e+00 -4.215722e+00 -9.156263e-02 -7.853883e-01 1.678444e+00 1.169138e+00 -1.450647e+00 -7.268537e-01 -1.177702e+00 -5.611290e-01 8.820602e-01 2.122203e+00 2.503589e+00 -1.398694e-01 -2.696282e-01 -1.508696e-02 
1.883018e+00 4.417881e+00 2.106381e+00 -1.050212e+00 -1.919547e+00 5.292454e-01 2.463316e+00 -3.479828e-01 -3.517771e+00 5.482587e+00 8.607480e-01 -1.055992e+01 -1.176150e-01 -4.677543e-01 7.362063e-01 3.145676e-01 -8.028690e-01 5.893921e-01 -4.796711e-01 -5.866835e-01 7.424057e-03 1.105252e+00 -2.839875e-01 -1.091493e+00 -6.452759e-02 -1.229656e-02 
2.733471e+00 6.144806e+00 1.500592e+00 -2.858639e-03 -1.922571e+00 -2.989357e+00 -1.431974e-01 2.872900e+00 -6.260581e-01 3.856284e+00 -4.299844e-01 -4.337396e+00 -9.928882e-02 -1.963654e-01 8.312258e-01 -6.362584e-01 -2.340533e-01 1.453118e+00 -2.264823e-02 -2.627114e-01 -3.261376e-01 -5.705583e-02 -8.875775e-01 -8.205573e-02 1.506189e+00 -3.619873e-03 
2.115485e+00 5.504668e+00 2.139967e+00 2.828033e+00 3.807806e+00 2.053823e+00 3.106307e+00 -4.316284e-01 -3.441334e+00 -1.618168e+00 -1.813554e-01 -4.079616e+00 -1.200975e-01 -1.421371e-01 8.403516e-01 -2.617980e-01 -2.770491e-01 1.367636e+00 -3.774810e-02 -4.792621e-01 3.784273e-01 5.088279e-01 -1.356362e+00 4.922287e-01 1.683582e+00 -4.412627e-03 
1.868526e+00 8.466388e+00 -1.018205e+00 -1.670675e+00 4.744975e+00 1.441008e+00 3.538414e+00 2.507671e+00 -3.152482e+00 -9.190629e-01 4.152632e+00 7.506919e-02 -1.084207e-01 -6.804732e-01 1.889348e-02 -2.899440e-01 -4.678658e-01 3.214186e-01 3.346965e-02 -3.769428e-01 2.608570e-01 1.108403e+00 -2.233121e-02 3.034101e-01 6.072146e-01 -8.169269e-03 
1.604805e+00 7.458848e+00 2.056789e+00 -1.601550e+00 1.584860e+00 -1.874678e+00 -1.773801e+00 1.726768e+00 2.895809e-01 1.088452e+00 1.030584e+00 -4.348244e+00 -1.351122e-01 -7.481946e-01 -1.294820e-01 3.587814e-01 -1.283967e-01 -1.085696e+00 -1.259795e+00 -7.559878e-01 -6.284141e-03 5.352456e-01 6.681644e-01 -3.550106e-01 -1.304286e-02 -6.256389e-03 
-4.135551e-01 5.262184e+00 9.246057e-02 -1.273961e-01 7.959948e-01 -8.577588e-01 4.121422e-01 3.097986e+00 3.050498e+00 2.391317e+00 4.810964e-01 -1.167008e+00 -1.326278e-01 -4.087704e-01 -5.794882e-01 4.053887e-01 8.843368e-01 -7.610825e-01 -4.987916e-01 -6.952123e-02 3.059201e-02 -4.579980e-01 -6.565653e-01 -1.173551e+00 -3.624582e-02 -4.296375e-03 
-4.844475e-01 6.459360e+00 3.378541e+00 1.414410e+00 3.538193e-01 -3.095770e+00 8.895034e-01 -7.582066e-01 -3.866596e+00 6.746364e-02 -1.206408e-01 -3.523791e+00 -1.392759e-01 -6.487942e-03 4.816027e-02 -1.919808e-01 2.413623e-01 -4.119066e-02 1.868143e-01 1.357207e+00 9.919283e-01 -3.924683e-01 -1.767208e+00 1.897621e-02 1.356617e+00 8.193612e-04 
8.692999e-01 6.068691e+00 3.478627e-01 1.243029e+00 1.555083e+00 -4.424045e-01 1.859156e+00 3.903119e+00 -3.364383e+00 -3.691395e+00 -1.139511e+00 -5.183865e-01 -1.278207e-01 -8.566312e-02 -1.207479e-01 -1.102247e-01 2.181094e-01 3.377971e-01 9.431752e-01 4.049566e-01 1.086063e-02 1.895330e-01 -1.149813e+00 1.264203e-01 6.520380e-01 4.251337e-03 
9.309378e-01 7.296395e+00 9.691844e-01 -1.079951e+00 9.993628e-01 -1.148283e+00 4.288729e+00 6.283844e+00 1.534680e+00 -4.706232e+00 1.935768e+00 2.110530e+00 -1.334189e-01 -2.923197e-01 -5.772957e-01 -1.309261e+00 3.389576e-01 5.692576e-01 1.316609e+00 -9.026220e-01 -8.460921e-01 5.766424e-01 -9.231119e-02 -2.952228e-01 1.237499e+00 1.715001e-02 
-1.549563e+00 4.239926e+00 7.460154e-01 2.210331e+00 2.162208e+00 2.884374e+00 7.373126e-01 -3.687358e-01 1.297525e+00 -9.709001e-01 8.499338e-02 -7.239791e-01 -1.142997e-01 -1.116393e+00 -9.575798e-01 -4.468718e-01 4.836561e-01 -1.303352e-01 -1.062887e-01 -1.757214e+00 -1.757697e+00 4.759012e-01 1.165339e+00 8.102619e-01 -6.021556e-02 6.903076e-03 
-7.366142e-01 4.487264e+00 -3.366840e+00 2.625547e+00 2.896544e+00 1.823884e+00 -3.062685e+00 -2.852740e+00 -3.314338e+00 -1.754340e+00 -2.209007e+00 2.766500e+00 -6.028640e-02 -8.794339e-01 -9.808477e-01 -3.764001e-01 3.431644e-01 5.140500e-01 3.557262e-01 -1.101088e+00 -1.534712e-01 8.031666e-01 1.740319e+00 2.032467e+00 3.062057e-01 -5.370498e-04 
-3.878889e+00 2.685358e+00 2.815162e-01 1.808561e+00 -4.518414e-02 -2.459932e+00 -3.251207e+00 -3.170774e-01 1.439632e+00 6.593533e-01 4.984186e+00 -1.147449e+00 -1.298716e-01 -4.977943e-01 -5.958455e-01 8.093648e-02 -5.993091e-01 8.505222e-01 -2.461219e-01 7.965760e-02 6.915922e-01 8.839947e-01 7.678999e-01 1.627486e+00 5.132967e-01 -1.317048e-02 
-2.301569e+00 3.169441e+00 -6.805663e-01 8.367560e-01 4.673309e+00 3.302501e+00 7.775501e-01 5.490658e+00 5.479460e+00 3.180234e+00 9.648505e+00 3.853294e+00 -1.283182e-01 -3.750370e-01 -3.438734e-01 1.193570e+00 -5.938648e-01 4.864880e-01 6.380427e-01 1.683823e+00 1.139265e+00 1.122778e+00 -3.890387e-01 6.964990e-01 -2.655621e-01 -1.581479e-02 
-3.256058e+00 1.919611e+00 -1.924390e-01 1.081812e-01 5.526437e+00 9.144558e-01 -7.845170e-01 -1.082474e+00 1.320599e+00 4.013124e-01 2.293670e+00 1.299108e+00 -1.461362e-01 3.207042e-01 1.476906e-01 2.702273e-01 -8.892082e-01 1.014110e+00 1.089715e+00 1.409115e+00 -6.425592e-01 -2.339641e+00 -1.093030e+00 -1.015440e+00 -7.095398e-01 -2.045941e-03 
-2.923215e+00 3.150771e+00 2.837989e+00 5.064130e-01 2.543174e+00 3.326904e+00 4.123086e+00 3.226285e+00 2.359067e+00 -3.570513e+00 2.618746e+00 2.154117e-01 -1.312281e-01 3.372306e-01 4.588606e-01 1.006233e+00 -1.163437e-01 -1.549586e-01 -1.823371e-01 -2.757095e-01 -2.695478e+00 -2.245314e+00 -7.441808e-01 -2.233746e+00 -2.513571e+00 -3.845918e-03 
-1.964545e+00 3.433146e+00 -1.266254e-01 -2.472309e+00 6.090432e+00 2.976443e+00 2.121598e+00 -2.397687e+00 -8.698377e+00 -1.430425e+00 3.421865e+00 -2.876208e+00 -1.386464e-01 7.258434e-01 3.887350e-01 1.278446e+00 4.402618e-01 -6.838865e-01 1.001762e+00 -3.239670e-02 -1.857901e+00 -7.584355e-01 9.954908e-01 -1.951470e+00 -1.916773e+00 9.003615e-03 
-1.261172e+00 4.706976e+00 4.317689e+00 1.545283e+00 3.616518e+00 1.359822e+00 -2.054055e+00 -7.329125e+00 -7.376221e-01 3.751986e-01 -2.084320e+00 -6.626903e+00 -1.512927e-01 6.280969e-01 -7.362520e-01 1.358146e+00 -6.278896e-02 -2.015135e+00 1.169686e+00 -4.316646e-01 -1.718511e+00 7.964013e-01 2.091801e+00 -1.769388e+00 -1.021400e+00 3.257810e-02 
-4.578619e-01 3.085183e+00 5.459942e+00 1.790055e+00 1.570332e+00 6.906805e+00 2.142070e+00 -5.094275e+00 -9.232340e-01 3.405911e+00 -5.112147e+00 -4.863600e+00 -9.108579e-02 8.479028e-01 -1.948798e+00 1.607346e-01 -1.458839e+00 -2.550694e+00 -5.215912e-02 3.349180e-02 -5.509232e-01 3.898243e+00 -1.408874e+00 -1.760038e-01 1.007864e+00 9.102769e-02 
-5.360718e-01 -3.565077e-01 6.835436e+00 -1.938714e+00 -5.272452e+00 7.210155e+00 1.954527e+00 -4.017977e+00 2.453502e+00 4.470325e+00 -1.961190e+00 -3.897891e+00 7.882118e-03 1.014596e+00 -2.085815e+00 -1.459483e+00 -2.395757e+00 -1.025514e+00 -1.630336e-01 -1.506788e-01 -3.931533e-01 2.469682e+00 -2.065307e+00 2.455040e+00 2.256181e+00 7.571158e-02 
1.912418e+00 -3.779104e+00 -5.818262e-01 -8.024507e+00 -2.218554e+00 -2.095191e-01 2.847656e-01 -6.807877e+00 9.197276e+00 -1.052236e+01 2.480281e+00 7.986083e-01 2.369047e-01 9.147210e-01 5.078498e-01 -1.194147e+00 -8.594657e-01 1.443737e-01 -1.589726e+00 -4.514422e-01 1.537762e+00 6.710668e-02 -1.562384e+00 2.364902e+00 2.973887e+00 2.876639e-04 
2.626670e+00 -2.289956e+00 4.115957e-02 -5.526224e+00 3.833903e-01 4.102816e+00 -1.878797e+00 -8.438090e+00 6.550535e+00 -2.987200e+00 6.394667e+00 1.822898e+00 6.326997e-02 3.607424e-01 2.071050e+00 -5.564492e-01 6.278887e-01 1.618117e+00 -1.570076e+00 -1.325614e+00 1.736517e+00 -1.931217e+00 -2.836544e-01 4.757214e-01 1.684229e+00 -6.040081e-02 
2.534372e+00 6.591156e+00 2.886343e+00 -7.135184e-01 -5.357208e-01 5.118467e-01 1.801521e+00 4.804594e+00 -2.636217e+00 -6.772463e-01 2.534433e+00 7.145440e+00 -1.173414e-01 -1.698904e-02 2.728719e+00 -3.721438e-01 1.067230e+00 6.804408e-01 -4.149120e-01 -1.156070e+00 2.617488e+00 -2.390343e+00 2.164526e+00 -1.341565e+00 -4.098396e-01 -8.976161e-02 
9.566631e-01 4.813611e+00 2.319106e+00 -2.454764e+00 1.976718e+00 -1.000907e+00 -5.431922e+00 -1.141628e+00 -1.285835e+00 -1.870503e+00 3.903415e-01 1.349838e+00 -1.169989e-01 -3.972869e-01 1.493090e+00 -7.308381e-01 9.188777e-01 5.043827e-01 -4.320471e-01 -2.000857e-01 1.892490e+00 -7.514184e-01 2.671881e-01 -1.583124e+00 -1.153337e+00 -4.106959e-02 
2.662477e+00 6.312709e+00 -3.581518e+00 -4.224086e+00 3.869861e-01 2.677818e-01 -3.719022e+00 2.631333e+00 1.163747e+00 -2.580748e-01 -1.225378e+00 -1.014060e+00 -1.217690e-01 -6.967357e-01 -4.708837e-01 -1.126829e+00 5.470336e-01 2.434734e-01 4.160512e-01 -1.057140e-01 -5.109804e-01 6.062915e-01 -9.268481e-01 -7.201210e-01 -2.347786e+00 -4.663014e-03 
5.761833e-01 5.314717e+00 -3.791001e-01 8.234484e-01 2.443950e+00 2.064613e+00 -1.189536e-01 2.110990e+00 8.934609e-01 -1.860846e+00 3.589528e-01 1.359622e-01 -1.398642e-01 -1.075189e+00 -5.624215e-01 -5.940030e-02 1.198323e+00 -4.856086e-01 5.182897e-01 1.197660e+00 -1.946723e-01 3.526250e-01 -6.541967e-03 9.277077e-01 -4.839696e-01 -8.315087e-04 
-7.590666e-01 3.986185e+00 -1.398698e+00 3.825431e-01 4.480301e-01 1.059343e+00 -1.383533e+00 6.233835e-01 -6.944078e-01 -5.316315e+00 -1.050478e+00 -3.986551e+00 -1.292238e-01 -1.299128e+00 -9.015951e-01 1.132565e+00 4.476987e-01 -4.036832e-03 -9.464673e-01 4.295860e-01 -5.276999e-01 -9.431071e-01 1.581680e-01 3.170432e-01 -9.238051e-01 -1.522398e-03 
-2.708510e+00 3.164765e+00 9.306942e-01 1.233537e+00 -4.818475e-01 1.194761e+00 -6.113641e-01 -1.111014e+00 1.406367e+00 6.259072e-01 4.941429e+00 4.162352e-01 -1.174290e-01 -7.236302e-01 -7.181837e-01 6.152712e-01 -3.419406e-01 6.391807e-02 -1.072417e+00 4.452569e-01 3.125377e-01 -8.314764e-01 1.111764e+00 4.512826e-01 -8.926433e-01 -3.423166e-03 
-2.190815e+00 2.879709e+00 1.426409e+00 -2.190637e+00 1.829701e+00 -4.029629e+00 -1.324886e+00 1.603835e+00 -3.808241e+00 -7.106113e-01 -1.931401e+00 -5.773222e+00 -1.405985e-01 -2.258431e-01 -1.419797e-01 6.984798e-01 3.597860e-01 7.148319e-01 -2.482312e-01 7.027954e-01 8.336473e-01 -6.079409e-01 1.069695e+00 9.846808e-01 3.843326e-01 -6.641805e-03 
-2.326094e+00 2.277036e+00 1.284702e+00 4.003356e-01 2.072705e+00 -7.529834e-01 2.078007e+00 3.183452e+00 -1.707004e+00 1.395123e+00 3.055827e+00 -3.433919e+00 -1.512927e-01 3.459806e-01 6.136769e-01 -6.219193e-01 -2.510511e-01 5.281332e-01 3.915195e-01 1.224039e-01 3.474238e-01 4.998510e-02 -6.530075e-01 -2.278274e-01 1.877491e+00 3.157127e-03 
-2.079491e+00 3.720150e+00 1.916696e+00 2.598074e+00 2.744913e+00 7.920597e-01 7.857585e-01 2.644387e+00 -2.177426e+00 -3.524485e-01 4.815727e+00 -1.398109e-01 -1.455010e-01 1.773401e-01 5.838341e-01 -8.397339e-02 7.197404e-01 2.319511e-01 8.607169e-01 4.949587e-01 -4.914052e-01 5.565705e-01 -5.753984e-01 6.993176e-01 2.448161e+00 1.267101e-02 
-1.034269e+00 5.812929e+00 -2.424047e+00 -2.416074e+00 1.701212e+00 7.415140e-01 -1.054667e+00 1.058292e-01 8.408853e-01 -2.818212e+00 4.287282e-01 6.986986e+00 -9.919214e-02 3.107081e-01 -1.299526e-01 -1.070150e+00 4.296219e-01 -3.538762e-01 1.985168e-01 2.281702e-01 -3.518071e-02 -5.897828e-01 -7.473502e-01 -1.156312e+00 7.591831e-01 2.262642e-02 
-1.950027e+00 4.030933e+00 2.860916e+00 2.816269e+00 3.175203e+00 -4.732932e-01 2.716244e+00 6.856205e-01 -2.299333e+00 -1.480936e+00 2.878737e+00 1.257133e+00 -1.032938e-01 8.048906e-02 -8.157743e-01 -7.430236e-01 -8.270784e-02 -7.639800e-01 2.106673e-01 1.269418e+00 4.179688e-01 3.455453e-01 8.211473e-01 6.072232e-01 6.885808e-01 8.003163e-03 
-8.372850e-01 1.471882e+00 -4.538159e+00 2.439348e+00 8.817935e-02 8.722771e-01 2.253616e+00 3.986932e+00 -4.594965e+00 -1.777384e+00 -1.757236e+00 -3.364756e-01 -5.926418e-02 -4.975478e-01 -1.098754e+00 -4.906530e-01 -9.053656e-01 -5.763204e-01 -7.997704e-02 7.758603e-01 -5.835378e-01 2.977481e-01 1.984230e+00 2.209046e+00 -4.698444e-01 -1.263565e-02 
-1.775537e+00 1.811802e+00 -7.413651e-01 -2.431755e-01 -2.684703e-01 1.780015e+00 5.478705e+00 2.793679e+00 2.268225e+00 3.232874e+00 8.944825e+00 6.964824e+00 -1.254492e-01 -3.537368e-01 -8.306057e-01 -1.156537e+00 -1.856996e+00 2.750328e-01 6.417948e-01 -1.350924e-01 -1.439250e+00 -3.984351e-01 1.683307e-01 1.755116e+00 5.040916e-01 -1.880263e-02 
-3.609253e+00 1.428723e+00 -3.076171e+00 -5.413179e+00 5.414466e-01 -7.850250e-01 1.443404e+00 -3.865889e+00 4.584634e-02 4.746034e+00 8.440915e+00 1.783919e+00 -1.512927e-01 -4.260873e-01 7.975173e-02 9.271885e-01 -6.770360e-01 1.203425e+00 4.498052e-03 -7.986577e-01 -1.677805e+00 1.133523e+00 -2.925559e-01 7.196465e-01 -8.185576e-01 -2.099005e-02 
-2.332726e+00 -1.005158e-01 -3.652763e+00 -2.542447e+00 4.323733e+00 3.564332e+00 2.445888e+00 -2.584217e+00 -6.611915e+00 -3.900991e+00 6.555242e+00 2.717393e+00 -1.512927e-01 -3.114920e-01 2.245724e-01 1.251435e+00 7.802997e-02 6.964954e-01 -7.007861e-01 -1.542094e+00 -1.139875e+00 -1.556872e-01 -7.874726e-01 -1.194863e+00 -1.089942e+00 -5.168700e-03 
-2.689127e+00 2.826800e+00 1.553482e+00 2.038033e-01 3.809205e+00 2.608955e-03 -2.232639e-01 -1.713145e+00 5.512719e+00 3.267691e-01 3.035789e+00 -2.305549e+00 -1.512927e-01 1.967843e-01 4.997215e-01 1.104938e+00 6.576616e-01 -5.448100e-01 -5.043213e-01 4.264079e-01 1.792101e+00 5.010212e-01 -1.045636e+00 -2.304204e+00 -1.540284e+00 2.703953e-03 
-3.793060e+00 2.235626e+00 3.200982e+00 -2.661517e+00 1.580127e+00 -2.117733e+00 -1.398431e+00 -3.982069e+00 -1.243647e+00 1.505144e+00 5.673073e+00 3.559849e+00 -1.512927e-01 1.252703e-01 8.510151e-01 1.474353e+00 7.635533e-01 -6.872830e-01 -8.668670e-02 1.401297e+00 1.826606e+00 2.732337e-01 4.606688e-02 -1.625229e+00 -1.019164e+00 4.885077e-03 
-1.895164e+00 2.759260e+00 -9.783544e-01 -2.065336e+00 -8.108006e-01 -4.655993e-01 5.497603e+00 5.793543e+00 -1.331818e-01 -3.185214e+00 -2.639021e+00 -6.338727e+00 -1.377729e-01 3.506991e-01 -3.826659e-01 4.777101e-01 2.178601e+00 -1.429645e+00 4.802219e-01 2.566072e+00 4.516977e-01 -2.416208e+00 -1.316893e+00 -1.488978e+00 -7.880957e-01 2.025715e-02 
-2.103356e+00 4.188330e+00 4.984921e+00 2.409889e+00 3.197321e+00 3.365002e+00 6.591938e+00 2.795469e+00 -2.422796e+00 -1.914665e+00 1.266503e+00 -3.618375e-01 -1.336272e-01 7.545975e-01 2.584389e-01 -1.295317e-01 1.889139e+00 -1.454065e-01 2.310710e-01 7.100305e-01 3.392212e-01 9.259896e-02 3.646122e-01 -6.075624e-01 -4.665546e-01 1.159091e-02 
-1.780483e+00 -6.288162e-02 3.050063e+00 8.561103e+00 -4.147618e+00 -3.376486e-01 8.611915e+00 -2.843425e+00 -5.978748e+00 -4.547790e+00 -2.205814e+00 -4.285184e+00 -5.883968e-02 3.564418e-01 3.874424e-01 -1.942354e-01 7.522601e-01 5.715309e-01 2.496934e-01 -9.782072e-01 -9.443800e-02 1.961713e+00 2.298292e+00 1.041456e+00 1.317647e+00 5.266070e-04 
-7.741356e-02 4.938891e+00 5.391148e-01 1.470958e+00 2.521503e+00 -1.026353e+00 5.945655e-01 2.032521e+00 2.142131e+00 4.009492e+00 2.418658e+00 2.003038e-01 -1.328048e-01 6.828381e-01 8.544796e-01 -5.180693e-01 -1.312849e+00 1.021021e+00 3.613152e-01 -1.887671e+00 6.352832e-01 1.780256e+00 1.848072e+00 9.478203e-01 -1.383606e-01 -9.859514e-03 
-1.125927e+00 4.321191e+00 2.733721e-01 2.165429e+00 2.384763e+00 2.978545e+00 3.605253e+00 5.702826e+00 7.392920e+00 5.344165e+00 1.992181e+00 -3.156424e-02 -1.355511e-01 1.608398e-01 1.166083e-01 -6.715354e-01 -1.603643e+00 2.184218e+00 2.371702e-01 -1.799417e+00 1.587637e+00 2.458356e+00 1.783244e+00 9.805092e-01 1.377666e+00 -1.568124e-02 
9.835558e-01 6.268692e+00 3.782920e+00 -9.565184e-01 5.036235e+00 3.513481e+00 -3.430879e-01 1.698758e+00 -2.073514e-01 2.379719e+00 3.906607e+00 -3.180451e+00 -1.445690e-01 -3.442305e-01 -6.376011e-01 -2.928370e-01 -3.934990e-01 2.378788e-01 -1.064748e+00 -1.217602e+00 3.025170e-01 -1.357027e-01 -1.295540e+00 -2.502148e-01 3.017144e-01 1.590371e-03 
-1.506769e+00 -1.447406e-01 -1.929518e+00 1.756628e+00 5.516106e+00 -1.421715e+00 8.365619e-02 5.261642e+00 7.487772e+00 5.183317e+00 1.952758e+00 4.293525e+00 -1.313637e-01 -4.276856e-01 -7.459391e-01 -2.981944e-01 -3.522736e-01 -1.434963e+00 -1.328557e+00 -3.268871e-01 -2.901623e-01 -1.263451e+00 -2.059848e-01 -2.167580e-01 -2.447865e-01 6.846094e-03 
-1.608145e+00 3.983851e+00 1.763748e-01 -2.921357e-01 2.145226e+00 -4.149963e+00 -3.732644e+00 3.765698e+00 1.416192e+00 -2.387784e+00 1.187296e+00 -4.536692e-01 -1.269466e-01 -6.829665e-01 -1.584991e+00 1.408663e-01 1.542246e+00 -3.134438e+00 -1.384949e+00 1.824126e+00 -6.492443e-01 -1.452014e+00 8.329050e-01 -1.216995e+00 -1.494895e+00 2.133484e-02 
-1.968505e+00 1.733915e+00 5.856730e-01 7.186985e-02 -3.344546e+00 1.674826e-01 3.665596e+00 3.218545e+00 2.638956e-01 6.697992e+00 2.268046e+00 -2.618887e+00 -1.101319e-01 -4.078407e-02 2.250012e-01 4.986806e-01 6.795061e-01 -1.158632e+00 4.471155e-01 1.199454e+00 -8.638664e-01 -1.443737e+00 6.172697e-01 -3.851374e-01 -1.959236e+00 1.097721e-02 
-2.200409e+00 -2.595592e+00 3.229657e+00 7.597090e+00 -6.205629e+00 -4.205864e+00 6.986572e+00 -5.259142e-01 -3.855483e+00 5.786906e+00 -2.336011e+00 -7.198722e+00 -4.851079e-02 9.411220e-02 3.108344e-01 -3.826690e-01 4.141039e-01 1.074921e+00 1.065788e+00 5.963640e-01 -1.485592e-01 5.618497e-01 1.062454e+00 7.235348e-02 -2.864160e-01 1.693821e-03 
-1.414557e+00 4.269987e+00 -9.627557e-01 1.209546e+00 3.898373e+00 8.418133e-01 7.213160e-01 3.088117e+00 2.904925e+00 4.182321e+00 1.788724e+00 -2.130128e+00 -1.156956e-01 1.893746e-01 1.193772e+00 -7.289270e-01 -4.112192e-01 2.458984e+00 6.396338e-01 -1.215382e+00 3.353174e-01 1.204247e+00 -6.635929e-01 3.166091e-01 6.046111e-01 -7.831228e-03 
