-7.728759e+00 2.111677e+00 7.225809e-01 6.524929e-01 9.259272e-01 8.954390e-01 2.788770e+00 4.395808e+00 4.231789e+00 6.189839e+00 1.006370e+01 5.773681e+00 1.085573e-01 8.723297e-02 2.227495e-01 -2.434932e-01 4.237838e-01 9.315264e-01 3.758778e-01 -3.616991e-02 -2.446081e-01 4.070206e-01 3.059524e-01 3.792693e-01 -2.389526e-01 9.893417e-03 
-8.219180e+00 1.423941e+00 1.633630e+00 1.875966e-01 2.082527e+00 -1.597519e+00 -8.990631e-01 3.396256e+00 6.111948e+00 6.166905e+00 1.390131e+01 2.488492e+00 9.823924e-02 1.562624e-01 1.573849e-01 -9.553171e-01 -3.047397e-01 1.175771e+00 1.685667e-01 1.121028e-01 -8.513020e-01 2.544194e-01 3.246465e-01 -3.462573e-01 -3.971537e-01 6.696439e-03 
-7.047383e+00 3.569292e+00 -9.504096e-01 3.003860e+00 5.005259e+00 4.021307e+00 4.451837e+00 3.672544e+00 5.326813e+00 7.731068e+00 1.004125e+01 6.221512e+00 1.631834e-01 2.101067e-01 4.181338e-01 -6.589994e-01 4.593275e-01 1.038707e+00 -2.431363e-01 -8.367910e-02 -1.041602e+00 6.978683e-01 -6.679261e-01 -1.779230e+00 -1.101416e+00 4.194123e-03 
-7.288135e+00 2.169794e+00 -3.217509e+00 -2.046889e+00 4.765116e+00 1.753388e-01 2.517751e+00 5.009305e-01 4.956374e+00 7.042457e+00 8.343644e+00 3.563997e+00 1.147264e-01 3.013495e-01 7.776641e-01 -3.013951e-01 3.715842e-01 1.363812e+00 6.992332e-01 1.041378e+00 1.296504e-01 5.119374e-01 -3.348312e-01 -1.579259e+00 -4.299876e-01 4.029787e-03 
-7.143748e+00 3.829419e+00 -1.468466e-01 4.066373e+00 4.778169e+00 -1.206671e+00 6.619675e-01 6.354621e-01 8.298917e+00 2.412432e+00 3.946382e+00 -2.711535e-01 1.212843e-01 8.550644e-02 3.730378e-01 6.511117e-01 4.544966e-01 1.135054e+00 1.701294e-01 4.771339e-01 1.635153e-01 -8.984530e-02 -2.264441e-01 -1.805825e-01 4.771547e-01 -6.321675e-03 
-6.664250e+00 5.182198e+00 -2.751271e-01 1.514261e+00 9.015132e+00 4.512636e+00 6.202762e+00 5.563048e+00 7.185582e+00 7.152066e+00 9.052446e+00 3.584887e+00 1.393377e-01 -3.314676e-02 3.659996e-01 1.215457e+00 9.427444e-01 7.944819e-01 7.891403e-01 1.001103e+00 7.876766e-02 -8.008631e-02 1.213532e+00 1.253922e+00 1.755770e+00 -4.193777e-03 
-6.931793e+00 3.928279e+00 8.339578e-01 3.495768e+00 8.555521e+00 2.703305e+00 4.995001e+00 1.959061e+00 3.762982e+00 6.544043e+00 8.783934e+00 8.596840e+00 1.192694e-01 -3.024040e-01 -2.515708e-01 -1.446300e-01 -8.228409e-01 -6.443061e-01 7.043497e-02 4.187550e-01 -3.378311e-01 -7.586769e-01 7.269813e-01 2.014393e+00 1.799479e+00 -4.543054e-03 
-7.559846e+00 3.950362e+00 2.369375e+00 2.952136e+00 6.848850e+00 2.166052e+00 5.356748e+00 2.329694e-01 6.823910e+00 1.104431e+01 1.219448e+01 7.908849e+00 9.476501e-02 -2.386544e-01 -6.840555e-01 -1.036692e+00 -8.971499e-01 -2.040035e+00 -1.883561e+00 -9.856588e-01 -9.228543e-01 -3.657508e-01 2.774518e-01 8.105663e-01 -1.406671e-01 -6.673711e-03 
-8.207971e+00 3.187483e+00 -2.192248e+00 -7.667690e-01 2.639780e+00 3.187957e-01 3.178750e+00 1.611346e+00 4.686369e+00 4.101217e+00 1.244733e+01 6.564259e+00 1.208554e-01 4.681015e-02 -1.199938e+00 -1.260271e+00 -7.980402e-01 -1.637990e+00 -1.191226e+00 -7.711244e-02 3.323631e-01 4.519779e-01 3.482329e-01 -2.678604e-01 -1.489019e+00 1.642668e-03 
-7.219434e+00 2.132318e+00 -3.945484e+00 -8.402198e-01 1.772826e+00 -3.712914e+00 2.182594e+00 1.122634e+00 4.895135e+00 9.760738e+00 1.127358e+01 3.897842e+00 1.051762e-01 9.954371e-01 -2.231908e+00 -1.712099e+00 -8.911911e-01 -2.153708e+00 -1.166504e+00 4.650361e-02 -5.223552e-01 -6.592033e-02 -7.354332e-01 -1.411137e+00 -1.206062e+00 1.418096e-02 
-6.867949e+00 -1.162388e+00 -2.309968e+00 1.401745e+00 2.903581e+00 -3.133409e-01 6.196516e+00 3.176044e+00 6.987259e+00 8.926993e+00 7.905082e+00 3.157246e+00 1.222771e-01 2.340649e+00 -2.556024e+00 -8.348761e-01 -9.609359e-01 -2.876256e+00 -6.116382e-01 -7.464907e-02 -1.152243e+00 1.533992e-02 -6.803021e-01 -1.384094e+00 -1.035734e+00 3.238780e-02 
-3.252671e+00 -5.034245e+00 -6.132260e+00 -2.588077e+00 -4.051591e+00 -3.350398e+00 4.080383e+00 -3.161156e+00 5.343863e+00 4.954256e+00 7.409920e+00 3.582044e+00 1.649590e-01 1.701323e+00 -2.071722e-01 -3.663521e-01 -1.416838e+00 -2.235920e+00 3.506098e-01 -1.655521e-01 -1.071255e+00 -4.980629e-01 -1.958691e+00 -1.104664e+00 -2.784004e-01 1.871513e-02 
1.511895e+00 -6.009356e+00 -5.273240e+00 -4.697520e+00 -8.829292e+00 -2.920654e+00 1.856610e+00 -2.007974e+00 4.538704e+00 3.102947e+00 7.458691e+00 1.543486e+00 2.529030e-01 1.876843e-01 2.084250e+00 6.366938e-01 -7.415802e-01 -2.116849e-01 2.222753e-01 -1.386655e+00 -1.871149e+00 -3.969428e-01 -4.299728e-01 -8.680644e-01 -1.820021e-01 -5.851299e-03 
-2.902739e+00 3.519941e+00 -4.295608e+00 -4.874776e+00 -3.540337e+00 -6.562090e-01 3.524786e+00 -1.641633e+00 3.629098e+00 2.879305e+00 5.973453e+00 3.312721e+00 1.334389e-01 -1.589175e+00 2.624069e+00 1.696407e+00 1.107669e+00 2.728155e+00 1.187477e+00 -9.456763e-01 -8.008497e-01 3.854814e-01 1.347273e+00 -1.113718e-01 1.393045e+00 -2.631409e-02 
-6.104493e+00 4.981769e+00 -4.482484e-02 -1.162806e+00 1.589530e+00 -5.490590e-01 -4.589610e-01 -6.939462e+00 5.859928e+00 7.814605e+00 4.282993e+00 2.381897e+00 1.087807e-01 -2.210183e+00 1.552939e+00 1.552081e+00 1.261324e+00 2.740052e+00 5.182915e-02 -5.901750e-01 -1.183040e+00 -3.839043e-01 1.613262e+00 2.061245e-01 1.210954e+00 -3.061249e-02 
-7.390349e+00 2.590537e+00 -2.644335e-01 1.182909e+00 4.379773e+00 1.401187e+00 5.097864e-01 -4.699660e+00 6.610659e+00 9.334793e+00 8.440909e+00 1.012807e+01 1.054497e-01 -6.533405e-01 -4.679950e-01 6.288651e-01 4.294337e-01 9.986450e-01 -1.051274e+00 1.493298e-02 4.451217e-01 -1.682469e+00 -2.093488e-01 2.517379e-01 5.247375e-01 -6.173861e-03 
-7.295213e+00 2.220042e+00 4.715784e-01 -1.419742e+00 9.109149e-01 -3.690206e+00 4.132349e-01 -6.394162e+00 1.128402e+00 7.941511e+00 7.255586e+00 4.190585e+00 1.138352e-01 6.190538e-02 -4.326998e-01 -1.155876e+00 -7.473837e-01 -4.025206e-01 -1.971559e+00 -4.955425e-01 1.484736e+00 -2.206373e+00 -1.391667e+00 -3.338061e-01 -5.921819e-01 -1.799107e-04 
-5.574081e+00 2.560829e+00 -1.409484e+00 -2.599140e+00 1.792196e+00 -4.342007e+00 3.163353e+00 3.113260e-01 -2.417486e+00 1.769108e+00 5.745846e+00 5.032064e+00 1.000423e-01 2.569148e-01 2.471181e-01 -1.028871e+00 -8.321403e-01 2.498503e-02 -1.743646e+00 -1.369633e-01 1.648791e+00 -8.923391e-01 -2.242061e+00 -3.605873e-01 -1.996381e+00 -2.092957e-03 
-6.703100e+00 2.833124e+00 -5.251681e+00 -3.008699e+00 8.707156e-01 -7.535257e+00 -4.263457e+00 -2.021276e+00 -6.578636e-01 4.639114e+00 3.961494e+00 1.968988e+00 1.105848e-01 1.678925e-01 4.990714e-02 -4.335737e-01 5.937232e-02 7.486226e-02 -3.359713e-02 9.577584e-01 2.152125e+00 2.233352e+00 8.239128e-02 8.955563e-01 -9.374110e-02 -2.607143e-03 
-6.401832e+00 3.519587e+00 -2.547158e+00 -2.183313e+00 4.524797e+00 -5.394519e+00 2.163316e+00 1.357853e+00 3.042096e+00 -2.243109e-01 8.285019e+00 1.256960e+00 9.661007e-02 -2.326773e+00 -1.711737e+00 2.833239e+00 6.511234e-01 -2.824254e+00 8.676087e-01 -4.107907e-01 6.374148e-01 1.694141e+00 1.758255e+00 -1.725257e-01 4.010384e-01 8.458807e-02 
-6.041875e+00 1.990199e+00 -1.127453e+00 -1.330794e+00 -8.107471e-02 -3.331936e+00 5.702045e+00 3.843198e+00 9.565373e+00 9.350177e+00 1.046378e+01 5.609432e+00 1.025156e-01 -3.284880e+00 -2.357366e+00 4.820072e+00 1.102026e+00 -3.744855e+00 1.618963e+00 -3.249162e-01 -6.929705e-02 1.709397e-01 1.220396e+00 -7.930998e-01 1.271510e+00 1.418843e-01 
-1.753856e+01 -5.576395e+00 1.069460e+01 -1.824756e-01 -1.185318e+01 -2.105625e+00 -3.873352e+00 5.661637e-01 9.416022e-01 8.204849e+00 1.632074e+00 5.217035e+00 5.270173e-01 -2.781259e+00 -1.662246e-01 2.286627e+00 3.872698e-01 -1.881708e-01 6.300429e-01 -3.185118e-01 -1.207876e+00 -1.070414e-01 2.212030e-01 -2.536575e+00 5.002134e-01 1.067870e-01 
-1.755914e+01 -4.405714e+00 1.222780e+01 1.501013e+00 -9.664572e+00 -1.084890e+00 -2.869704e+00 -1.971916e+00 1.247082e+00 6.526515e+00 3.322467e+00 6.346503e+00 6.048028e-01 -1.147123e-01 1.112036e+00 -7.496749e-01 1.261095e-01 2.890494e+00 -2.282960e-01 1.011395e+00 -4.422031e-01 -1.150949e+00 -1.219478e+00 -1.349735e+00 -4.033376e-01 -9.576517e-03 
-1.454949e+01 5.886420e+00 2.208348e+00 -1.662867e+00 8.375692e+00 -3.367827e+00 4.856632e+00 -1.773970e+00 6.666035e+00 2.293535e+00 -8.271999e-01 3.389491e+00 3.794016e-01 2.181973e+00 7.421476e-01 -3.097545e+00 -1.544926e+00 4.048353e+00 -7.602639e-01 7.467745e-01 1.772802e+00 -8.447657e-01 -1.687754e+00 2.279234e+00 -7.875532e-01 -1.004591e-01 
-8.109969e+00 1.818975e+00 -6.327022e-01 3.994977e-02 4.256959e+00 -3.842315e+00 6.394029e+00 2.802249e+00 9.484148e-01 6.208442e+00 4.944740e+00 4.506516e+00 1.284409e-01 1.563239e+00 -2.122306e+00 -1.925964e+00 -2.707211e+00 2.047677e+00 2.535628e-01 -1.140120e+00 3.968187e+00 -1.008700e+00 -7.626299e-01 3.506963e+00 -2.031910e-01 -4.127185e-02 
-1.135328e+01 -4.978002e+00 1.637124e+00 -7.176576e+00 1.427821e+00 -4.528232e+00 -4.771346e+00 7.043092e+00 -3.132893e+00 -7.488203e-02 1.221711e+01 2.199262e+00 2.629025e-01 5.268450e-01 -2.390847e+00 -5.691705e-02 -1.712194e+00 -1.014914e+00 1.208897e+00 -2.532261e+00 2.001783e+00 -5.647505e-01 2.776004e-01 2.944666e+00 -7.706497e-01 -2.232289e-03 
-1.134105e+01 -9.585035e+00 2.883594e+00 -9.278189e+00 4.047748e+00 7.631261e-01 -3.756317e+00 1.346049e+01 1.103046e+00 3.897574e+00 1.433513e+01 5.925662e+00 4.566931e-01 -5.538168e-01 9.161592e-02 5.139512e-01 4.199913e-01 -3.773751e-01 7.992414e-01 -3.443161e-01 6.600952e-03 1.982566e+00 6.178554e-01 -1.098190e-01 -7.804246e-01 1.217971e-02 
-1.029973e+01 -3.658097e-01 1.656149e-01 -5.564771e+00 3.405727e+00 3.739351e-01 -2.729500e+00 2.905828e+00 3.764966e+00 4.836970e+00 9.200934e+00 -1.173330e+00 2.041140e-01 5.379723e-01 2.509193e+00 -1.653880e-01 2.512098e+00 -2.968578e-01 6.505919e-01 2.261302e+00 -1.720171e+00 1.970810e+00 1.433452e+00 -2.877588e+00 -2.282448e-01 -4.369920e-02 
-1.140583e+01 -2.904168e-02 2.672809e+00 1.334004e+00 1.381130e+00 -2.297191e+00 3.651526e+00 4.903886e+00 7.412313e+00 6.841793e+00 5.903733e+00 2.290689e+00 2.187337e-01 7.775818e-01 2.465395e+00 -6.867729e-01 2.107321e+00 2.668355e-01 1.924570e-01 2.043550e+00 -1.960335e+00 1.603969e+00 1.610455e-01 -1.064180e+00 8.703684e-01 -7.010275e-02 
-8.631028e+00 2.789968e+00 9.155766e-01 7.781982e-02 1.276840e+00 2.548856e-01 2.831244e+00 2.720536e+00 3.566525e+00 5.620269e+00 2.044867e+00 2.875525e+00 1.633862e-01 8.787414e-01 3.610093e-01 -8.876292e-01 -2.852311e-01 -3.807089e-01 5.151960e-01 2.548387e+00 5.897130e-01 4.760562e-01 -7.490112e-01 5.343107e-01 2.677701e+00 -2.760007e-02 
-8.287492e+00 1.164053e+00 -9.252520e-01 -1.562881e+00 6.446368e+00 1.784936e+00 3.681060e+00 3.751459e+00 9.222111e+00 4.311152e+00 1.259226e+01 8.253077e+00 1.265432e-01 1.125701e+00 -3.290434e-01 -2.048733e+00 -9.120501e-01 -1.384019e-01 1.978185e-01 1.273683e+00 -2.214468e-01 -1.059627e-01 -1.315741e+00 7.307572e-01 8.625128e-01 -2.670109e-02 
-7.465190e+00 8.426893e-01 -2.473500e+00 -5.542485e+00 -1.030436e+00 9.088519e-01 9.997669e+00 6.430606e+00 5.240349e+00 2.357234e+00 8.528222e+00 9.233981e+00 1.122089e-01 1.138981e+00 -1.743195e+00 -2.026886e+00 5.303354e-01 -4.763850e-01 -6.140679e-01 1.890175e+00 8.804560e-01 -1.147461e+00 -8.308695e-01 1.086680e+00 3.705731e-01 -1.144105e-03 
-6.360241e+00 -7.006195e-01 -5.876318e+00 -4.160945e-01 1.842759e+00 -1.635082e+00 6.436727e+00 1.941617e+00 6.045588e+00 1.894606e+00 6.315841e+00 3.424025e+00 1.108168e-01 1.255246e+00 -5.664172e-01 -6.464816e-01 1.404346e+00 -4.134049e-01 -1.247017e+00 -5.642323e-01 2.974758e-01 -1.865716e+00 -1.132900e+00 -1.207298e+00 -1.555654e+00 5.794168e-04 
-3.899747e+00 -4.993669e+00 -6.743318e+00 2.156104e+00 1.196720e+00 -1.105445e+00 1.090429e+01 8.027738e+00 -5.825157e-01 2.674195e+00 1.061648e+01 7.142917e+00 1.655288e-01 5.869150e-01 1.399530e-01 4.449472e-01 1.539975e+00 1.781587e+00 -1.604650e-02 -1.390816e+00 1.327180e-01 2.168598e-02 -4.013973e-01 -5.729656e-01 -1.848845e+00 -1.255572e-03 
-3.793982e+00 1.250146e+00 -2.022751e+00 1.609553e+00 3.265766e+00 -3.443002e+00 4.065878e-01 4.440272e+00 2.804964e+00 -1.511830e+00 5.511647e+00 1.520339e+00 1.027803e-01 -1.476374e-01 1.014855e+00 1.239986e+00 -5.464107e-01 2.793926e-01 2.980014e-01 -1.702578e+00 -9.020478e-01 -9.907377e-01 -7.399145e-01 -1.068820e+00 -1.431372e+00 -1.861191e-03 
-5.813745e+00 5.670714e-01 -2.175548e+00 1.144568e+00 7.165994e+00 1.732579e+00 6.058657e+00 5.844869e+00 6.969091e+00 2.053466e+00 6.065491e+00 9.415996e-01 1.099493e-01 -2.395875e-01 1.843252e+00 1.472123e+00 -4.911298e-01 3.381538e-02 -3.531175e-02 -2.352284e+00 -3.154177e+00 -2.538265e+00 -1.855209e+00 -2.150778e+00 -2.475943e+00 5.881727e-04 
-6.141429e+00 1.593284e+00 -1.960271e+00 -2.642380e+00 2.550850e-01 -1.564087e+00 3.466516e-01 -1.477187e+00 -2.683904e+00 -1.494602e+00 3.247233e+00 -6.321750e-01 1.293007e-01 4.485886e-01 7.410930e-01 7.720627e-01 6.903137e-01 3.307572e-01 4.342660e-01 -3.248145e-01 -3.069850e+00 -4.271873e+00 -2.375789e+00 -2.618791e+00 -2.529199e+00 1.629261e-02 
-3.923961e+00 4.051023e+00 5.860549e-01 1.826422e+00 2.871137e+00 -2.221461e+00 -8.271637e-01 -4.784417e+00 -1.052941e+01 -6.610465e+00 9.947920e-01 -4.160543e+00 1.552095e-01 1.754497e+00 1.379972e+00 1.458706e+00 1.670921e+00 -2.045949e-01 -6.897486e-01 -4.913781e-01 -3.164136e+00 -3.710432e+00 -2.469551e+00 -3.396557e+00 -2.579132e+00 3.122411e-02 
-2.495931e+00 3.213635e+00 4.567611e-01 4.720195e+00 7.066980e+00 7.053487e-01 2.225425e+00 -5.594334e+00 -9.805149e+00 -9.058809e+00 -5.046958e+00 -8.574585e+00 1.616133e-01 3.456867e+00 1.969021e+00 1.661618e+00 8.694205e-01 -3.970725e-01 -8.026175e-01 -2.441283e-01 -1.851535e+00 -6.867169e-01 -8.527857e-01 -2.749576e+00 -1.619482e+00 9.454494e-02 
1.135992e+00 6.656755e+00 3.909468e+00 5.817886e+00 2.737072e+00 -2.850881e+00 2.662379e+00 -7.917240e+00 -8.022447e+00 -6.512185e+00 -6.770200e+00 -7.982854e+00 2.499135e-01 4.912009e+00 5.113267e-01 -1.819197e-01 -2.144257e+00 -3.081939e+00 -2.978446e-01 -1.044822e+00 -1.859871e+00 -1.749468e-01 1.338297e+00 -1.949404e+00 -1.250828e+00 1.662238e-01 
8.612928e+00 1.013552e+01 4.686110e+00 -2.910094e-01 -1.663245e+00 -5.262464e+00 -2.618761e+00 -9.168449e+00 -7.370968e+00 -5.807670e+00 -6.618150e+00 -6.818431e+00 5.546734e-01 4.712948e+00 -9.864632e-01 -1.069823e+00 -3.004169e+00 -4.397704e+00 -3.328319e-01 -1.759144e+00 -9.248616e-01 -1.637721e+00 3.203958e+00 -6.341801e-01 -6.338615e-01 1.793144e-01 
1.508165e+01 3.146713e+00 -2.438218e+00 -6.389261e+00 -8.173443e+00 -7.267774e-01 -3.629179e+00 -1.229672e+01 -1.262123e+01 -1.544548e+00 -7.966634e+00 -1.129276e+01 7.897986e-01 3.130268e+00 -1.959568e+00 -1.435800e+00 -2.294328e+00 -3.176852e+00 6.659818e-01 -9.451704e-01 -2.406618e-01 -1.326603e+00 3.186081e+00 -2.903633e-01 -1.903248e-01 1.339180e-01 
1.409598e+01 3.634056e-02 -1.718510e+00 -4.197073e+00 -9.466280e+00 -2.020863e+00 -3.424515e+00 -8.028904e+00 -1.569436e+01 4.477162e+00 -7.619641e+00 -1.008894e+01 7.882429e-01 7.633511e-01 -1.747189e+00 -4.248393e-01 -9.735869e-01 -2.328314e+00 1.371153e+00 1.571400e-01 1.112287e+00 -1.352715e+00 2.065449e+00 3.203467e-01 -4.560250e-01 5.322002e-02 
1.404581e+01 1.908506e+00 -6.722444e-02 -3.700723e+00 -9.245674e+00 -1.141773e+00 -1.660596e+00 -9.690322e+00 -1.049376e+01 4.275803e+00 -7.721271e+00 -7.299223e+00 8.027188e-01 -4.538984e-01 -2.906523e-01 6.738568e-01 -9.206494e-01 -1.350386e+00 1.082510e+00 1.892788e-01 1.892377e+00 3.541554e-01 2.964666e-01 5.144857e-01 -6.528638e-01 1.184071e-02 
1.294761e+01 2.018683e+00 1.376417e+00 -6.503213e+00 -1.276870e+01 1.800797e+00 -2.817352e+00 -4.910210e+00 -1.519828e+01 1.609401e+00 -5.139098e+00 -1.109532e+01 8.143134e-01 -3.879876e-02 -1.336530e-01 -1.917059e-02 -2.079025e+00 -9.243447e-01 1.593707e+00 2.270353e-01 1.969452e+00 1.337994e+00 -6.857459e-01 2.901262e-01 -7.583987e-01 2.193531e-02 
1.338635e+01 7.022807e-01 -6.163970e-01 -9.839438e+00 -1.327416e+01 2.774944e+00 -2.986366e+00 -4.394179e+00 -1.109850e+01 1.371666e+00 -6.634477e+00 -1.405389e+01 8.359669e-01 2.466836e-01 -1.036428e+00 -1.038221e+00 -2.717032e+00 -6.355618e-01 2.092899e+00 4.629839e-01 1.729388e+00 9.133717e-01 -7.550775e-01 -3.785528e-01 7.037430e-02 3.061398e-02 
1.423171e+01 -2.881165e-02 -1.539776e+00 -1.152284e+01 -1.207376e+01 3.989315e+00 -1.626453e+00 -8.297143e-01 -8.702024e+00 2.500501e+00 -6.712407e+00 -1.050360e+01 8.812954e-01 2.535046e-01 -1.434340e+00 -1.956424e+00 -2.812340e+00 1.204034e+00 2.800097e+00 7.950505e-01 2.647316e-02 1.110393e+00 -3.193808e-01 -1.183532e+00 2.239012e+00 3.951140e-02 
1.463717e+01 -2.249885e+00 -3.800234e+00 -1.477607e+01 -1.277095e+01 8.228462e+00 5.887413e-02 -3.083628e+00 -9.175033e+00 5.486465e-02 -8.827380e+00 -7.243212e+00 9.222977e-01 -2.137249e-01 -1.770596e+00 -1.992181e+00 -1.804592e+00 2.224173e+00 3.347371e+00 -2.609861e-01 -2.144785e+00 7.591417e-01 -7.987092e-02 -1.033957e+00 3.941020e+00 4.154758e-02 
1.358972e+01 -3.676936e+00 -6.813786e+00 -1.809660e+01 -7.000134e+00 1.307452e+01 -3.647199e-01 -5.433120e+00 -1.060805e+01 6.708968e-01 -9.960307e+00 -3.305598e+00 9.687051e-01 -9.450841e-01 -1.713873e+00 -1.583376e+00 -3.695568e-01 2.689088e+00 2.737134e+00 -1.234724e+00 -3.577862e+00 9.810560e-01 5.492963e-01 -5.942476e-01 3.519782e+00 2.836787e-02 
1.263872e+01 -6.326636e+00 -7.940295e+00 -1.557552e+01 -4.690110e+00 1.496919e+01 -4.922163e+00 -1.281640e+01 -6.349776e+00 1.887114e+00 -1.018031e+01 2.052209e+00 1.000000e+00 -1.027189e+00 -1.149517e+00 -8.266794e-01 9.249838e-01 2.217013e+00 1.774974e+00 -2.316590e+00 -2.534276e+00 1.323985e+00 1.139664e+00 3.900265e-01 2.168528e+00 1.287133e-02 
1.050552e+01 -6.559803e+00 -7.386624e+00 -1.297090e+01 -2.668741e+00 1.430462e+01 -5.309556e+00 -1.385264e+01 -5.209373e+00 4.330858e+00 -9.007178e+00 2.447594e+00 9.842836e-01 -1.026181e+00 -6.071796e-01 -1.481648e-01 1.826561e+00 3.619921e-01 5.621500e-02 -2.118160e+00 -1.109786e+00 1.820212e+00 2.388915e-01 1.319826e-01 6.746523e-01 -4.785704e-03 
1.104333e+01 -6.556036e+00 -7.647213e+00 -1.271400e+01 -3.851584e+00 1.648829e+01 -9.051657e+00 -1.154525e+01 -5.254443e+00 3.923203e+00 -7.353812e+00 7.228308e-01 9.788650e-01 -9.378403e-01 -4.762144e-02 -6.619005e-02 1.782805e+00 -3.397941e-04 -1.036758e+00 -1.336603e+00 9.006492e-01 2.032581e+00 -4.891273e-01 -6.307129e-01 -4.807301e-01 -1.266276e-02 
9.256510e+00 -6.598135e+00 -7.701151e+00 -1.039456e+01 -5.609437e+00 1.259605e+01 -8.890774e+00 -1.161763e+01 -2.054653e+00 8.473096e-01 -1.071364e+01 7.323523e-01 9.553440e-01 -7.906335e-01 -9.576344e-02 6.394491e-02 1.365811e+00 2.303463e-01 -1.637056e+00 -1.113196e+00 1.306982e+00 2.382596e+00 -6.186591e-01 -1.945954e+00 -7.992217e-02 -9.729391e-03 
8.574024e+00 -6.545578e+00 -8.113981e+00 -7.949666e+00 -3.221461e+00 1.063969e+01 -9.814571e+00 -9.430660e+00 2.235766e+00 1.183251e+00 -1.248065e+01 5.061793e-01 9.511560e-01 -5.633042e-01 -4.878953e-01 1.731849e-01 1.303036e+00 2.818355e-01 -1.663755e+00 -7.061034e-01 9.461254e-01 2.621260e+00 -1.253291e+00 -1.649070e+00 -4.640625e-02 -6.329566e-03 
7.787003e+00 -7.043849e+00 -6.833515e+00 -8.524010e+00 -1.832071e+00 9.043636e+00 -1.049408e+01 -8.375023e+00 2.958503e+00 2.607538e+00 -1.617353e+01 2.156309e+00 9.494911e-01 -2.199653e-01 -5.504137e-01 1.240015e-01 1.183637e+00 9.804992e-02 -1.207492e+00 -5.304136e-01 1.229774e+00 1.911865e+00 -1.587099e+00 -4.670242e-01 -3.682994e-01 -1.161206e-03 
8.961559e+00 -8.772655e+00 -7.215106e+00 -7.134090e+00 -4.331089e+00 9.945717e+00 -1.178052e+01 -8.435926e+00 5.345281e+00 -3.223365e+00 -1.286922e+01 -2.211790e-01 9.501436e-01 -3.391340e-01 -5.551242e-01 2.474268e-01 1.140164e+00 -5.454229e-01 -1.333172e+00 -1.427922e-01 1.608636e+00 8.914975e-01 -2.241242e+00 2.674173e-01 -3.937328e-01 1.050138e-03 
7.962916e+00 -8.236665e+00 -7.530581e+00 -4.884156e+00 -4.564373e+00 6.905579e+00 -1.055987e+01 -5.966123e+00 5.949915e+00 -4.884876e+00 -1.285448e+01 -7.454655e-01 9.500442e-01 -5.725626e-01 -3.031852e-01 2.541717e-01 1.402319e+00 -4.902593e-01 -1.854851e+00 5.553036e-02 2.110926e+00 5.608839e-01 -2.412175e+00 8.960322e-01 -6.184320e-01 1.085979e-03 
6.790398e+00 -8.724792e+00 -6.528314e+00 -4.068771e+00 -4.582425e+00 5.042860e+00 -1.049564e+01 -2.591929e+00 5.197548e+00 -6.276754e+00 -1.280308e+01 -1.159739e-02 9.561301e-01 -7.618332e-01 1.427101e-01 4.010469e-01 1.201612e+00 -3.518258e-01 -1.722522e+00 -4.572697e-02 2.313579e+00 2.174174e-01 -1.433674e+00 4.857550e-01 -3.180088e-01 -3.709912e-04 
6.009770e+00 -8.583707e+00 -5.906053e+00 -3.045075e+00 -4.157700e+00 2.220809e+00 -1.085887e+01 -7.423905e-01 5.836790e+00 -7.926640e+00 -1.172644e+01 -1.040642e+00 9.519278e-01 -3.513332e-01 -6.887951e-02 5.663627e-01 5.988714e-01 -3.039784e-01 -9.720135e-01 -5.438042e-01 1.872916e+00 2.287512e-01 -1.371757e+00 9.043589e-01 -6.025862e-01 -3.009337e-03 
6.128966e+00 -7.885583e+00 -6.022136e+00 -2.045572e+00 -6.293555e+00 3.675493e+00 -1.185966e+01 5.201039e-01 6.488930e+00 -8.870852e+00 -1.100446e+01 -1.663635e+00 9.473469e-01 -4.640405e-02 6.315251e-02 3.271641e-01 2.985107e-01 -3.474184e-01 -4.468214e-01 -1.076706e+00 1.945278e+00 -3.692637e-01 -8.236861e-01 1.149273e+00 -1.052311e+00 -8.308947e-03 
6.536966e+00 -9.000667e+00 -4.951857e+00 -2.901398e+00 -5.228699e+00 2.729195e+00 -1.259688e+01 1.842441e+00 6.447980e+00 -1.044661e+01 -9.231996e+00 -2.932377e+00 9.393891e-01 3.395743e-01 2.370154e-01 1.083358e-01 2.677087e-01 -5.138202e-01 -3.045905e-01 -8.943872e-01 1.409089e+00 -2.078148e-01 -1.055638e+00 1.624896e+00 -1.201771e+00 -1.426308e-02 
6.294780e+00 -8.200549e+00 -5.369592e+00 -2.648057e+00 -5.784017e+00 2.554560e+00 -1.501016e+01 5.842043e+00 3.045634e+00 -9.135199e+00 -8.303939e+00 -4.327284e+00 9.208547e-01 4.932492e-01 4.308410e-01 3.321948e-01 -9.226556e-02 -2.043182e-01 -7.460047e-01 -3.522711e-01 1.160908e+00 -6.343881e-01 -4.215162e-01 1.050972e+00 -3.188279e-01 -2.023392e-02 
7.624735e+00 -7.241147e+00 -5.690646e+00 -1.405290e+00 -6.981570e+00 1.258323e+00 -1.375555e+01 3.642084e+00 6.519363e+00 -1.307266e+01 -4.952220e+00 -5.717675e+00 8.938584e-01 6.400913e-01 8.177244e-01 3.026291e-01 1.482393e-01 -6.130257e-01 -7.809873e-01 2.772621e-01 4.058679e-01 -3.535638e-01 -1.305348e-01 4.003511e-01 4.672912e-01 -2.361764e-02 
8.051328e+00 -6.611138e+00 -3.991767e+00 -3.254954e+00 -6.438711e+00 6.809055e-01 -1.304168e+01 5.424820e+00 3.281297e+00 -9.665411e+00 -7.889493e+00 -1.865126e+00 8.689426e-01 9.085416e-01 5.818921e-01 8.825912e-01 9.971874e-02 -2.214720e-01 -1.016277e+00 8.430418e-01 -4.417399e-01 -1.411622e-01 2.196281e-01 1.713661e-01 8.153874e-01 -2.871906e-02 
8.859149e+00 -5.706750e+00 -4.127623e+00 -1.856752e+00 -7.966481e+00 -2.389144e-01 -1.219481e+01 4.080392e+00 4.562329e+00 -1.083418e+01 -7.437463e+00 -1.827001e+00 8.472570e-01 7.762771e-01 6.787208e-01 1.808753e+00 4.990079e-01 9.129906e-02 -1.006105e+00 9.379967e-01 3.549163e-01 -1.873408e+00 1.521579e+00 7.775430e-02 -6.445861e-01 -3.777236e-02 
1.022028e+01 -6.058287e+00 -1.738147e+00 -1.923732e+00 -6.398921e+00 -1.778208e+00 -1.157532e+01 3.414190e+00 3.318340e+00 -9.156298e+00 -6.204487e+00 -2.195684e+00 8.005602e-01 2.683780e-01 9.980766e-01 3.130217e+00 1.809025e+00 1.605956e-01 -2.262772e+00 2.265780e+00 -5.243971e-01 -3.794912e+00 2.124314e+00 -4.179884e-01 -2.933207e+00 -3.419293e-02 
1.042164e+01 -4.123968e+00 2.226308e+00 4.241384e-01 -6.544969e+00 -2.542646e+00 -9.798744e+00 6.421981e+00 -2.866195e+00 -5.719318e+00 -5.405951e+00 -8.775326e+00 7.391878e-01 -9.011986e-02 1.420108e+00 3.927901e+00 1.969513e+00 5.456072e-01 -3.039374e+00 3.098476e+00 -2.739946e-01 -5.028582e+00 2.597449e+00 -1.194137e+00 -3.474071e+00 -2.336907e-02 
8.611970e+00 -2.412146e+00 8.482351e+00 4.649727e+00 -6.346488e+00 -9.481087e+00 -2.910808e+00 1.632040e+00 -1.197900e+01 -1.601271e+00 -1.099519e+01 -1.305700e+01 7.520126e-01 -3.891379e-01 1.684883e+00 3.325833e+00 1.909061e+00 5.440571e-01 -2.993497e+00 2.732233e+00 -1.494717e-01 -4.566080e+00 1.960282e+00 -9.710490e-01 -2.907314e+00 -7.635402e-03 
9.212705e+00 -4.292803e-01 1.040163e+01 4.704081e+00 -5.264661e+00 -1.158435e+01 -1.034686e+00 3.601494e+00 -1.293191e+01 -1.624448e+00 -1.101280e+01 -1.376670e+01 7.546854e-01 -1.596771e-01 9.621279e-01 2.068559e+00 1.030911e+00 8.423837e-01 -2.110605e+00 5.618821e-01 -6.182496e-01 -2.102344e+00 3.027520e-02 -2.368461e-01 -6.279627e-01 3.286380e-03 
8.879061e+00 5.187854e-01 1.080335e+01 5.481601e+00 -4.318790e+00 -1.222484e+01 -2.296189e+00 4.077075e+00 -1.447920e+01 -1.402325e+00 -8.256310e+00 -1.423657e+01 7.546344e-01 3.124006e-01 5.873321e-01 3.899356e-01 6.460621e-01 1.455773e+00 -4.171019e-01 -1.888689e+00 -9.733971e-01 9.005585e-01 -1.088466e+00 6.808960e-01 7.859685e-01 9.060025e-04 
9.489713e+00 -7.787946e-01 1.140860e+01 5.162756e+00 -3.346900e+00 -1.172379e+01 -7.296643e+00 2.108216e+00 -1.212782e+01 -5.667415e+00 -7.959622e+00 -1.132536e+01 7.543088e-01 1.281511e-01 1.306879e-01 -4.433800e-01 6.485776e-01 1.626938e+00 5.578025e-01 -1.798478e+00 -1.924694e+00 9.722816e-01 -1.585712e+00 8.066569e-02 1.225520e+00 2.169311e-04 
1.003547e+01 6.992716e-01 9.928545e+00 7.650700e+00 -2.650356e-02 -1.149687e+01 -9.223274e+00 -2.488307e+00 -7.878256e+00 -5.022120e+00 -9.117297e+00 -1.034783e+01 7.567309e-01 1.242211e-01 1.982554e-01 -1.281364e+00 8.604841e-01 1.281975e+00 5.995114e-01 2.248764e-02 -2.091500e+00 -3.788261e-02 -2.882662e+00 -1.378188e+00 1.329572e+00 -5.219668e-03 
9.275257e+00 1.339159e-01 8.622138e+00 6.862419e+00 7.238870e-01 -9.159319e+00 -6.563531e+00 -2.739286e+00 -1.137097e+01 -7.743111e+00 -1.017897e+01 -9.583467e+00 7.547218e-01 -5.381017e-01 1.152980e+00 -1.046071e+00 1.599967e+00 7.468018e-01 4.755388e-01 9.565516e-01 -2.787152e+00 -1.712193e+00 -4.028520e+00 -1.630595e+00 1.124464e+00 -1.213616e-02 
9.607394e+00 1.053707e+00 5.789768e+00 8.934190e+00 5.569315e-02 -1.050952e+01 -2.550307e+00 -3.956675e+00 -1.504704e+01 -1.477779e+01 -1.403758e+01 -8.459652e+00 7.283295e-01 -1.097925e+00 1.437576e+00 -4.689444e-01 5.547327e-01 -1.249627e-01 5.516861e-01 1.445207e+00 -2.539270e+00 -1.853783e+00 -3.821343e+00 -9.008576e-01 1.092148e+00 -3.633350e-02 
7.013241e+00 4.808887e+00 8.247634e+00 1.252084e+01 3.460112e-01 -9.839775e+00 -5.850369e+00 -1.109336e+01 -1.710439e+01 -2.093218e+01 -1.365246e+01 -6.647125e+00 7.078287e-01 -1.419425e+00 1.187513e+00 -4.150617e-01 1.683380e-01 -4.702362e-01 -2.073002e-03 5.930727e-01 -2.032207e+00 4.545158e-01 -1.829763e+00 5.695705e-01 1.165032e+00 -7.073092e-02 
5.676852e+00 5.549667e+00 7.771075e+00 7.595151e+00 -4.623790e-01 -8.398214e+00 -2.353819e+00 -1.100762e+01 -1.428046e+01 -1.753430e+01 -1.188484e+01 -6.355258e+00 5.985099e-01 -1.765240e+00 3.179264e-03 -6.187319e-01 -8.542816e-01 -8.381243e-01 1.360638e-01 6.296650e-01 -6.458844e-01 1.560129e+00 6.351780e-01 1.457472e+00 7.610391e-01 -1.009460e-01 
4.143404e+00 3.823501e+00 5.556176e+00 8.373629e+00 -1.368258e+00 -1.022534e+01 -3.696412e+00 -9.374847e+00 -9.481683e+00 -1.551367e+01 -8.407487e+00 -4.810505e+00 4.659770e-01 -1.944311e+00 -1.052251e+00 -1.674789e+00 -2.124468e+00 2.803748e-01 1.155759e+00 1.751864e+00 1.395064e+00 1.705295e+00 2.138933e+00 1.540057e+00 5.182939e-01 -1.263509e-01 
2.216111e+00 1.562297e+00 4.041837e+00 6.736389e+00 -3.277793e+00 -9.636421e+00 -4.789605e-01 -8.045352e+00 -1.105774e+01 -1.431115e+01 -9.372699e+00 -5.572766e+00 3.445253e-01 -2.468879e+00 -1.529343e+00 -1.689231e+00 -4.721645e-01 1.056833e+00 1.144450e+00 2.429198e+00 4.466994e+00 3.063515e+00 3.033469e+00 2.436513e+00 1.462820e+00 -1.061334e-01 
-9.779406e-01 1.541319e+00 1.738308e+00 2.327883e+00 3.155592e+00 -3.441877e+00 1.971521e+00 -5.599172e+00 -1.018928e+01 -1.184909e+01 -7.208242e+00 -4.446901e+00 2.030666e-01 -2.453262e+00 -1.191625e+00 -1.417140e+00 -1.396792e-01 1.528322e+00 2.093600e+00 3.043660e+00 4.936093e+00 2.993364e+00 3.799514e+00 3.503720e+00 1.992441e+00 -6.939933e-02 
-4.106871e+00 -9.559585e-01 1.233856e+00 8.257201e+00 2.559859e+00 -6.067693e+00 6.958206e+00 9.439507e+00 1.390914e+00 -4.199244e+00 -3.019018e-01 7.770422e-01 1.992981e-01 -1.553024e+00 -2.627271e-01 -5.190006e-01 8.847439e-01 1.771391e+00 1.243819e+00 1.324970e+00 3.087607e+00 3.555789e+00 2.901384e+00 3.850953e+00 2.903458e+00 -2.870885e-02 
-4.961413e+00 -8.754973e-01 -1.255322e-01 6.914826e+00 3.354523e+00 -1.541701e+00 7.803306e+00 6.563189e+00 -7.391911e-01 -1.572050e+00 4.575713e+00 1.976795e+00 1.915940e-01 -3.563491e-01 -1.125678e-01 -1.776029e-01 8.639924e-01 3.029666e-01 1.584661e+00 1.285934e+00 1.676273e+00 3.326510e+00 2.197378e+00 2.210316e+00 2.529438e+00 -2.110279e-03 
-3.557273e+00 1.457069e+00 2.378754e+00 8.866637e+00 5.479698e+00 -4.367417e+00 3.229994e+00 1.311503e+00 1.996156e+00 -4.942750e+00 3.990087e+00 5.732675e+00 2.067174e-01 5.362422e-01 4.617628e-01 -6.305824e-02 -4.501490e-01 1.097063e+00 2.884238e+00 2.472073e+00 1.011468e+00 2.251961e+00 2.220397e+00 1.293452e+00 1.150445e+00 -5.432951e-03 
-3.034485e+00 -2.280342e-01 2.778439e-01 6.343127e+00 3.210506e+00 3.631289e+00 1.026530e+01 6.846192e+00 6.140655e+00 -4.904416e-01 1.697346e+00 5.722470e+00 1.888056e-01 5.155587e-01 9.034847e-01 1.126743e+00 2.889860e-01 3.391375e-01 1.062034e+00 9.529093e-01 8.993956e-01 1.862708e+00 2.645503e+00 2.336470e-01 -6.400766e-02 -1.085874e-02 
-2.389124e+00 1.029124e+00 7.168764e-01 6.292306e+00 8.117185e+00 5.767002e+00 1.808758e+01 1.435534e+01 9.210796e+00 6.361935e+00 7.604542e+00 4.656427e+00 1.735275e-01 2.114751e-01 6.725778e-01 9.164490e-01 -1.101746e-01 -1.448394e-01 1.938677e+00 1.176566e+00 1.001759e+00 4.517707e-01 1.924654e+00 -1.603157e+00 -1.085083e+00 -7.226336e-03 
-2.967694e+00 3.855899e+00 6.339124e+00 9.646922e+00 3.731467e+00 -1.298741e+00 5.139060e+00 4.538246e+00 4.967029e+00 6.003123e+00 3.936720e+00 2.194880e+00 1.538953e-01 2.767263e-01 8.937696e-01 8.837324e-01 1.434559e-01 3.839533e-02 4.585051e-01 -3.558205e-01 -1.155856e+00 -1.522874e+00 -6.106865e-01 -1.030788e+00 -2.083888e-01 -1.686287e-03 
-2.533293e+00 2.777992e+00 3.930358e+00 6.663867e+00 4.495020e+00 7.790985e+00 1.167594e+01 7.474270e+00 4.841822e+00 1.433739e+00 -5.145385e+00 2.071053e+00 1.880409e-01 2.589743e-01 5.847474e-01 3.879454e-01 4.638034e-01 1.596496e-01 2.002761e-01 -1.787675e+00 -1.266616e+00 2.107063e-01 -1.850862e+00 -1.253750e+00 -1.202126e+00 1.560122e-03 
-1.578769e+00 3.366380e+00 3.089765e+00 6.874626e+00 5.213565e+00 4.911823e+00 1.169201e+01 4.507450e+00 7.107749e-01 -1.079777e+00 2.918368e+00 5.973214e+00 1.731175e-01 6.706810e-02 -3.108604e-02 -1.069520e+00 -2.875823e-01 1.105904e+00 -2.740897e-01 -1.228166e-01 -4.215688e-01 4.739160e-01 -6.908456e-01 1.129864e+00 -7.432751e-02 -3.881592e-03 
-1.788715e+00 4.197620e+00 4.281283e+00 9.997471e+00 8.174383e+00 3.663100e+00 5.872727e+00 8.037663e+00 1.239246e+01 6.490762e-01 1.844969e+00 -3.243368e+00 1.717170e-01 8.294058e-02 1.837766e-01 -4.924103e-01 -2.619458e-01 -8.468156e-02 -2.006375e+00 -1.048361e+00 -4.544141e-01 -3.205712e-01 -4.102542e-01 2.181988e+00 6.205704e-01 -1.355338e-02 
-3.004642e+00 2.990654e+00 8.160629e-01 6.542209e+00 7.421308e+00 -6.052474e-01 7.426584e+00 2.148706e+00 3.561292e+00 2.941226e+00 6.090864e+00 4.480453e+00 1.426492e-01 -2.771958e-01 -5.982208e-03 -2.226488e-01 -1.259926e+00 -9.338042e-01 1.496880e-01 6.980993e-01 5.769485e-01 -5.090243e-01 2.410809e-01 9.656148e-01 9.991568e-01 -1.117952e-02 
-1.405653e+00 3.884737e+00 2.605158e+00 5.520347e+00 2.967741e+00 5.176440e-01 8.566851e+00 6.381572e+00 1.813708e+00 -2.628033e+00 4.178308e+00 5.920285e+00 1.355081e-01 -2.282074e-01 1.760197e-01 -3.498231e-01 -1.516817e+00 -6.903580e-01 7.370308e-01 7.338352e-01 -1.162496e+00 -1.983972e+00 -2.079211e-01 2.016736e-01 1.247342e+00 -8.425939e-03 
-3.156279e+00 3.492910e+00 2.814583e+00 2.813559e+00 3.147866e+00 7.232991e+00 1.383545e+01 8.220238e+00 3.455027e+00 1.764183e+00 6.579773e+00 6.387172e+00 1.353243e-01 -3.764150e-01 3.453791e-01 5.123411e-01 1.977804e-01 7.079447e-01 7.521344e-01 -5.830293e-01 -1.361639e+00 2.054515e-01 2.216614e-01 -3.162835e-01 1.526690e-01 -6.025314e-03 
-2.853934e+00 4.826591e+00 1.532907e+00 4.277712e+00 6.859314e+00 3.429135e+00 6.337471e+00 -8.105854e-01 2.525730e+00 1.979928e-01 2.608882e+00 2.039981e+00 1.332498e-01 -5.004416e-01 3.354442e-01 3.255816e-01 1.000270e+00 1.905506e+00 -1.740632e-02 -8.850802e-01 -1.180669e+00 4.824881e-01 2.081790e+00 8.240778e-01 -7.380271e-01 -1.161039e-03 
-4.162577e+00 4.246624e+00 3.913894e+00 8.152428e+00 9.015244e+00 1.699679e+00 5.626127e+00 -1.063411e+00 4.232539e+00 2.636520e+00 5.294158e+00 7.183950e+00 1.136518e-01 -2.314800e-01 3.039204e-01 -1.627270e-01 2.261523e-01 8.213414e-01 -8.442896e-01 -1.443339e+00 1.034373e-01 8.177227e-01 1.367563e+00 3.242093e-01 -2.498505e-01 -1.098812e-04 
-3.404712e+00 5.185102e+00 3.683411e+00 7.852262e+00 9.561582e+00 3.197268e+00 8.246109e+00 5.120052e+00 3.837393e+00 7.344748e+00 8.941504e+00 1.831760e+00 1.405392e-01 -8.197327e-02 -4.687343e-02 -6.424678e-01 -8.612818e-01 -5.309171e-01 3.658647e-01 2.809480e-01 2.146765e+00 1.123966e+00 1.194456e+00 1.416934e+00 1.014580e+00 -1.642543e-03 
-4.038290e+00 4.833257e+00 9.256968e-01 2.157046e+00 5.903440e+00 3.127477e+00 5.664433e+00 5.772106e+00 6.887810e+00 5.028621e+00 5.034509e+00 5.242029e+00 1.311302e-01 -1.994230e-01 -3.994907e-01 -1.401734e+00 -1.681151e+00 -1.462759e+00 -5.674148e-01 -2.594066e-01 1.050467e+00 8.602111e-01 4.222675e-01 1.246377e+00 9.883553e-01 -1.612008e-04 
-3.325944e+00 4.298907e+00 -1.853332e-01 2.968994e+00 5.760631e+00 4.544559e+00 7.723058e+00 6.505483e+00 6.817923e+00 4.974223e+00 9.823377e+00 8.083842e+00 1.162979e-01 -5.996128e-01 -7.483465e-01 -9.430998e-01 -9.503771e-01 -7.421464e-01 -1.032716e+00 -5.340341e-01 -1.672674e-01 -4.179354e-01 -1.204275e+00 7.165527e-03 1.049774e-01 -4.049724e-03 
-5.199076e+00 2.692268e+00 -1.160403e+00 2.188307e+00 3.601924e+00 -1.811040e+00 4.590620e+00 3.496209e+00 7.043329e+00 5.933121e+00 1.108511e+01 8.999685e+00 1.249664e-01 -5.063699e-01 -2.594847e-01 1.012390e-01 5.076512e-01 1.104624e+00 -1.006649e+00 -7.820768e-01 -3.810705e-01 -7.733672e-01 -9.190506e-01 2.731283e-02 -7.546843e-01 -1.859874e-03 
-5.822383e+00 2.513864e+00 1.096201e-02 3.084745e+00 7.001607e+00 5.029477e-01 6.112845e+00 5.421663e+00 1.669956e+00 8.711219e-01 5.952032e+00 4.778194e-01 1.233724e-01 -4.114798e-01 1.994983e-01 5.532303e-01 5.785984e-01 1.729503e+00 -6.932960e-01 -1.235927e+00 -3.281185e-01 -3.894303e-01 -8.426812e-01 -9.411623e-01 -9.352512e-01 -2.681494e-04 
-5.321920e+00 4.428355e+00 1.333744e+00 4.637426e+00 1.080607e+01 1.150395e-01 2.559156e+00 4.408663e+00 5.594957e+00 2.484918e+00 7.106745e+00 5.271619e+00 1.182936e-01 2.547731e-02 5.386664e-01 6.311078e-01 6.450919e-01 1.821276e+00 3.464251e-01 -7.616616e-01 8.119080e-02 1.028258e-01 -5.282609e-01 -6.802008e-01 -2.662332e-01 -1.842457e-03 
