-1.048936e+01 1.142631e+00 7.208207e+00 7.224547e+00 -2.326337e+00 -2.051265e+00 7.799879e+00 3.213569e+00 4.556259e+00 1.773998e+00 8.753368e+00 5.342866e+00 -3.393841e-02 3.379963e-01 1.802978e+00 -1.683108e-01 -5.141687e-01 8.882593e-01 4.799174e-01 -1.250015e+00 2.700611e-01 7.104433e-01 1.163943e+00 9.273270e-01 6.333410e-01 -1.507139e-03 
-1.004464e+01 1.198674e+00 9.890896e+00 1.227765e+01 -3.609052e+00 -2.207393e+00 5.944278e+00 3.279211e+00 5.201872e+00 4.219808e+00 1.215684e+01 7.640483e+00 2.375412e-02 4.775915e-01 1.682014e+00 -1.431952e+00 -1.254049e+00 1.119007e+00 -1.170185e+00 -2.041589e+00 -4.124133e-01 4.085137e-01 9.287398e-02 9.280327e-01 4.539185e-01 -6.599426e-04 
-9.021739e+00 1.012950e+01 5.025308e+00 2.127154e+00 2.756317e+00 4.263858e-01 2.477603e+00 4.531054e+00 7.785669e+00 6.370810e+00 1.168827e+01 7.360763e+00 -7.032037e-02 3.324724e-01 1.078600e+00 -1.787978e+00 -9.877138e-01 2.730505e-01 -2.178300e+00 -2.325014e+00 -1.830619e+00 -3.575273e-01 -1.214769e+00 -5.375648e-02 1.858508e-01 2.359095e-02 
-8.835216e+00 5.059267e+00 1.139894e+00 3.502997e+00 7.273703e-01 -9.141015e+00 2.530720e-01 4.927601e-01 4.984123e+00 -6.003737e-02 1.192608e+01 6.603511e+00 -1.904714e-02 -3.532190e-01 6.917298e-01 -1.704583e+00 -1.112182e+00 -1.561966e-02 -1.161979e+00 -8.879212e-01 -1.662943e+00 -7.638716e-01 -8.134219e-01 -1.491849e+00 -1.213222e+00 1.068103e-02 
-9.431714e+00 4.605333e+00 2.643819e+00 6.673303e+00 -3.129295e+00 -9.475958e+00 -9.795856e-01 -4.546303e+00 2.877497e+00 -2.159922e+00 8.599964e+00 6.790606e+00 1.054170e-01 -1.931366e-01 -1.425304e-01 -2.080468e-01 -5.285763e-01 -5.856838e-01 1.139507e+00 1.172722e+00 -8.864737e-01 -1.817837e+00 -4.066562e-01 -1.463250e+00 -1.383104e+00 3.202152e-03 
-1.160575e+01 7.419406e+00 2.558724e+00 4.443664e+00 -7.443442e-01 -3.066115e+00 3.233266e+00 -4.968244e-01 3.836600e+00 4.418065e+00 6.241745e+00 1.859451e+00 -1.070940e-02 4.481452e-01 3.915211e-01 8.831029e-01 -2.634238e+00 -5.940415e-01 2.829822e+00 1.089501e+00 -2.788796e-01 -2.507965e+00 1.021279e+00 -8.937402e-01 -1.398246e+00 -5.597526e-03 
-8.602154e+00 8.236777e+00 3.275660e+00 -9.860604e-01 5.637558e-01 3.086473e+00 6.851115e+00 5.934777e-01 -7.297535e-01 2.098478e+00 7.214189e+00 2.817271e+00 -5.847847e-02 8.227389e-01 1.041994e+00 8.701326e-01 -1.855363e+00 2.977022e-01 2.296235e+00 6.463610e-01 7.082773e-01 -8.174989e-01 4.355605e-01 -4.796798e-01 1.343650e-01 -2.924823e-02 
-7.009270e+00 5.201150e+00 5.239489e+00 -5.838511e+00 -4.089363e+00 -1.273119e+00 1.785228e+00 -3.471528e+00 -5.752076e+00 2.917159e+00 8.150269e+00 1.598947e+00 3.491294e-02 4.544640e-01 4.069676e-01 1.044207e+00 7.546441e-01 9.990476e-01 1.230663e+00 -4.730491e-01 5.767260e-01 6.661257e-01 4.496932e-01 6.993386e-01 1.257866e+00 -9.179818e-03 
-7.616261e+00 1.092443e+01 5.654100e+00 2.537576e+00 3.172493e-02 1.108717e+00 2.976238e+00 4.824359e-01 3.584342e+00 7.683332e-01 5.247303e+00 7.592684e+00 -6.363535e-02 -2.104821e-01 -4.335585e-01 -6.303914e-02 2.367273e+00 1.614471e+00 1.981931e-01 -2.675247e-01 9.662523e-01 2.531085e+00 1.036580e+00 7.235455e-03 4.101232e-01 -4.793191e-03 
-9.826379e+00 8.110418e+00 6.590540e+00 6.455066e+00 4.516910e+00 4.076075e+00 2.805459e+00 2.442326e+00 5.010181e+00 7.331603e+00 1.072188e+01 5.761073e+00 -5.403006e-02 -2.081253e-01 -3.779018e-01 -7.450660e-01 1.884102e+00 1.946484e+00 5.109149e-01 5.548261e-01 1.141626e+00 2.134249e+00 9.144709e-01 2.624765e-01 -1.277277e-01 -1.637483e-02 
-8.246010e+00 4.614351e+00 2.284938e+00 4.703516e+00 4.332976e+00 1.402841e+00 5.003376e+00 2.467812e+00 6.544542e+00 5.074154e+00 5.964560e+00 2.786824e+00 -3.797293e-02 1.269903e-02 -7.146768e-01 -5.767191e-01 8.908200e-02 2.633594e-01 -1.267758e-01 -2.211996e-01 -9.336506e-02 5.869239e-01 1.343110e+00 1.403718e-01 -1.016013e+00 -4.804134e-05 
-7.735022e+00 6.466681e+00 3.198740e+00 2.499029e+00 3.492432e+00 1.134393e+00 3.545789e+00 1.243916e+00 3.439069e+00 5.336603e+00 9.104022e+00 3.363238e+00 -5.979240e-02 1.619055e-01 9.601771e-01 -5.823002e-02 -3.596294e-01 -3.038521e-01 -1.358255e+00 -1.136850e+00 3.321632e-01 7.901535e-01 1.404896e+00 -9.026087e-01 -5.110873e-01 -4.014564e-03 
-8.598444e+00 8.172915e+00 4.466405e+00 4.961004e+00 1.860761e+00 1.945679e+00 1.500075e+00 6.148160e-01 7.304517e+00 8.481382e+00 6.758091e+00 3.711538e+00 -6.099439e-02 -1.106061e-01 1.794305e+00 1.005859e+00 8.588564e-02 2.849448e-01 -1.483737e-01 -4.671081e-01 4.287293e-01 1.258716e+00 5.652112e-01 -7.957431e-01 7.044663e-01 -8.397865e-03 
-8.840634e+00 1.113202e+01 5.208656e+00 4.528175e+00 4.233757e+00 -2.986621e+00 -1.127140e+00 5.029641e+00 8.580961e+00 1.265247e+01 5.812072e+00 2.743279e+00 -6.259215e-02 -1.165457e-02 1.114891e+00 -9.726381e-03 1.780230e-01 5.798234e-01 3.790572e-01 3.535354e-02 -2.185806e-01 1.067770e+00 9.454236e-02 -5.194262e-01 -1.288676e-03 -4.179799e-03 
-8.246234e+00 1.125321e+01 6.309274e+00 4.118372e+00 5.387038e+00 2.721479e+00 5.004301e+00 2.718596e+00 1.026718e+01 4.242276e+00 3.631820e+00 6.619135e+00 -7.856238e-02 8.272342e-02 2.546614e-01 -3.296328e-03 -1.701612e-01 5.043299e-01 6.696480e-01 5.787125e-01 3.960759e-01 -1.667151e-01 -4.916408e-01 1.059414e+00 6.228644e-01 -5.297852e-03 
-7.969399e+00 1.050099e+01 2.228673e+00 3.810461e+00 4.628410e+00 2.641779e+00 1.970444e+00 -9.008775e-01 7.296589e+00 7.928868e+00 8.070027e+00 1.902996e+00 -7.190740e-02 1.381699e-01 1.507281e-01 -6.608522e-02 1.767402e-01 -5.148656e-01 1.666764e+00 6.089838e-01 -3.328597e-01 -2.644593e-01 -3.772983e-01 1.751403e+00 6.880587e-01 8.196378e-03 
-8.620444e+00 9.761738e+00 5.939915e+00 4.469056e+00 4.185083e+00 2.479719e+00 2.844845e+00 5.560455e+00 7.113128e+00 8.384979e+00 1.092618e+01 7.246002e+00 -8.282602e-02 -2.931108e-01 1.035496e-01 5.603492e-02 6.024312e-01 -1.846543e-01 4.937753e-01 -4.410149e-01 3.846332e-01 7.242535e-01 5.620147e-01 1.731614e+00 7.341973e-01 1.055562e-02 
-7.962680e+00 1.263140e+01 5.062910e+00 5.236534e+00 2.260406e+00 5.468081e+00 2.997507e+00 1.944413e+00 8.835690e+00 8.694626e+00 1.092191e+01 5.870139e+00 -1.947844e-02 -2.526874e-02 2.080492e-01 -4.278123e-02 8.597375e-01 2.517303e-01 3.787155e-01 1.923344e-01 6.556539e-01 9.337233e-01 -7.494782e-01 -4.052138e-02 1.812038e+00 1.287775e-02 
-9.715148e+00 1.070575e+01 5.172330e+00 6.417491e+00 5.647768e+00 3.777205e+00 2.285695e+00 3.219117e+00 1.311889e+01 6.669470e+00 1.086395e+01 8.306549e+00 -5.199873e-02 -1.886702e-02 -3.159744e+00 -5.381843e-01 -3.589533e-01 -5.071454e-01 -2.284774e+00 -1.918239e+00 -2.613230e+00 4.574915e-01 -1.729672e+00 -2.149276e+00 1.178743e-01 1.157180e-01 
-7.548391e+00 1.106923e+01 2.398559e+00 7.134931e+00 5.155719e+00 3.886614e+00 3.211692e+00 3.548061e+00 8.962322e+00 5.039232e+00 7.898538e+00 1.043291e+01 -2.293229e-02 3.254828e-01 -5.045579e+00 -9.311811e-01 -1.537023e+00 -1.583011e+00 -3.234268e+00 -1.693293e+00 -2.708978e+00 -9.292372e-01 -1.835670e+00 -2.617276e+00 -3.450291e-01 1.820606e-01 
-8.921924e+00 -5.255901e+00 4.581169e+00 1.725091e+00 2.017002e-01 -8.153418e+00 -6.853444e+00 -8.307520e+00 9.337269e+00 1.564316e+00 1.691488e+00 5.553987e+00 4.974907e-01 3.020740e+00 -3.411591e+00 -1.861073e+00 -2.905750e+00 -3.254621e+00 -2.278507e+00 -6.206918e-01 -2.143816e+00 -2.958141e+00 -1.507332e+00 -2.816206e+00 -2.754545e+00 1.940921e-01 
-6.731878e+00 -4.615675e+00 7.025852e-01 -1.023829e-01 -2.931615e+00 -4.737947e+00 -8.993897e-01 -5.837161e+00 6.080317e+00 2.068855e+00 2.421755e+00 5.521275e+00 6.160800e-01 5.236525e+00 -2.836918e+00 -2.335061e+00 -3.959474e+00 -3.160914e+00 -5.497980e-01 -4.945872e-01 -5.420122e-01 -4.743602e+00 -2.872719e-01 -2.288547e+00 -4.384242e+00 1.949422e-01 
4.980294e+00 1.490251e+00 -3.285047e+00 -4.492601e+00 -6.581671e+00 -3.303050e+00 1.237777e+00 -2.807354e+00 -2.308087e-01 6.179993e-01 -4.786901e-01 -3.010356e+00 5.989554e-01 5.192783e+00 -7.972063e-01 -3.362261e+00 -3.246991e+00 -9.114885e-01 2.740978e+00 3.546469e-01 2.157429e+00 -5.429935e+00 1.072152e+00 -1.761705e+00 -4.333508e+00 1.276569e-01 
1.168312e+01 -6.488438e+00 -5.343639e+00 -9.553593e+00 -7.257164e+00 -1.287560e+00 -3.306855e+00 -1.912083e+00 -9.971651e+00 4.076030e+00 -2.459108e+00 -7.206126e+00 9.010466e-01 3.116568e+00 -2.240681e+00 -2.475878e+00 -3.037474e+00 5.913541e-01 2.243076e+00 -1.696632e+00 9.119822e-01 -4.378238e+00 5.163116e-01 -2.591167e+00 -3.698888e+00 1.143572e-01 
7.834491e+00 -8.305552e+00 -9.207024e+00 -9.784260e+00 -2.192967e+00 3.826277e+00 -3.876477e+00 5.170877e-01 -9.786419e+00 5.921489e+00 -4.676603e+00 -9.749855e+00 9.932920e-01 2.287227e-01 -2.586790e+00 -1.545955e+00 -2.057712e+00 1.476911e+00 2.183342e+00 -1.786616e+00 -4.586488e-01 -2.396446e+00 8.533628e-02 -1.836559e+00 -1.605022e+00 8.538468e-02 
7.423865e+00 -1.092118e+01 -8.715816e+00 -1.264392e+01 -2.169196e+00 2.912766e+00 -6.825423e+00 -2.939470e+00 -1.103307e+01 1.998669e+00 -8.435123e+00 -9.603416e+00 9.906979e-01 -6.120615e-01 7.588501e-02 -1.029943e+00 -2.289915e+00 2.702727e+00 1.747012e+00 -1.594708e+00 -1.885148e+00 2.985576e-01 -8.121239e-01 -1.018780e+00 -7.634324e-01 1.654093e-02 
8.253537e+00 -9.227327e+00 -9.328733e+00 -1.323600e+01 -1.741099e+00 5.513497e+00 -5.936018e+00 -4.586905e+00 -1.168233e+01 2.083362e+00 -6.673477e+00 -9.836822e+00 9.810532e-01 3.974158e-01 1.256568e+00 -1.973217e-01 -1.269650e+00 2.652123e+00 1.098100e+00 -5.095106e-01 -1.459086e+00 9.227968e-01 -7.521370e-01 9.316229e-01 7.813488e-01 6.352067e-04 
8.413294e+00 -5.648125e+00 -1.043250e+01 -1.927730e+01 6.030535e+00 6.603890e+00 -1.025063e+01 -8.785828e+00 -7.530908e+00 1.934474e+00 -6.554573e+00 -1.097980e+01 9.898707e-01 5.887659e-01 1.161028e+00 -4.194441e-02 -9.931373e-03 2.362729e+00 1.119751e+00 1.562071e-01 -2.799195e-01 8.819896e-01 -1.302546e-01 1.855048e+00 1.162881e+00 3.443277e-03 
9.326857e+00 -4.659238e+00 -9.335291e+00 -1.281583e+01 6.967783e+00 7.471216e+00 -4.711428e+00 -3.855162e+00 -6.923516e+00 2.192901e+00 -9.587641e-01 -5.154917e+00 9.968817e-01 3.052572e-01 3.294969e-01 -2.266359e-01 3.519816e-01 6.889497e-01 1.283641e-01 -2.656636e-01 2.707260e-01 -3.682283e-01 -1.263255e+00 1.518819e+00 4.578775e-01 2.490211e-03 
9.831035e+00 -7.400084e+00 -8.922260e+00 -1.290367e+01 5.290009e+00 7.532662e+00 -6.656682e+00 -4.704939e+00 -9.002529e+00 1.292626e+00 -2.017242e+00 -6.129965e+00 1.000000e+00 2.962944e-01 -3.764297e-01 9.824944e-03 1.247824e+00 -8.812101e-01 -1.268845e-01 3.251080e-01 1.151927e+00 -8.486878e-01 -1.583542e+00 1.213903e+00 9.038525e-01 -1.333338e-03 
9.070953e+00 -6.703863e+00 -1.121703e+01 -1.466290e+01 2.073912e+00 5.690931e+00 -9.061308e+00 -5.273719e+00 -1.278766e+01 -3.911991e+00 -1.348049e+00 -9.972354e+00 9.884396e-01 -8.447778e-02 -3.724899e-01 -3.461973e-01 3.465424e-01 -7.341161e-01 -3.552524e-01 -5.046382e-01 4.444439e-01 -5.935552e-01 -1.405708e+00 -5.609298e-02 4.842164e-01 -2.107137e-03 
1.002272e+01 -6.507962e+00 -9.442503e+00 -1.211464e+01 4.071419e+00 6.859610e+00 -6.450146e+00 -2.316915e+00 -8.842274e+00 -2.930792e+00 -2.904143e-01 -4.051824e+00 9.874250e-01 8.247663e-02 5.029326e-02 -1.311388e-01 7.190840e-01 2.884878e-01 -3.913207e-02 3.800392e-03 1.145840e+00 1.989379e-01 -4.456554e-01 1.621049e-01 1.007494e+00 -7.801056e-04 
8.808626e+00 -6.967749e+00 -1.080616e+01 -1.147763e+01 3.906498e+00 6.031481e+00 -7.337887e+00 -2.826954e+00 -9.971418e+00 -2.723928e+00 -2.102643e+00 -3.772905e+00 9.926335e-01 4.424047e-01 -3.811041e-01 4.373582e-01 1.020804e+00 7.398812e-01 7.581315e-02 6.869389e-01 1.097995e+00 6.964487e-01 2.162301e-01 5.130788e-01 1.050068e+00 -3.472686e-04 
1.037458e+01 -7.016675e+00 -9.783394e+00 -1.090088e+01 5.816155e+00 7.166728e+00 -7.499391e+00 -1.991218e-01 -9.415960e+00 -1.529682e+00 -8.294210e-01 -4.192220e+00 9.940025e-01 3.027111e-01 -5.690908e-01 -1.072186e-01 6.122596e-01 -1.954433e-01 -3.486133e-01 1.345873e-02 1.762105e-01 -3.798318e-01 -1.776305e-01 -1.472109e-01 -2.034518e-01 -2.414089e-03 
1.110704e+01 -8.355026e+00 -8.859797e+00 -1.016576e+01 4.900950e+00 5.916438e+00 -5.101991e+00 -8.426425e-01 -9.018576e+00 -3.531395e+00 1.486848e+00 -4.651814e+00 9.834145e-01 9.468605e-02 -6.312231e-01 -9.436245e-02 5.992340e-01 -8.777790e-01 -5.736941e-01 1.024685e-01 -5.331010e-01 -3.888200e-01 -2.984599e-01 -6.192077e-01 -4.304530e-01 -3.968847e-03 
1.038706e+01 -8.659777e+00 -1.095178e+01 -9.709274e+00 2.596977e+00 5.174065e+00 -7.500801e+00 -2.428018e+00 -1.121786e+01 -3.415211e+00 -2.821215e+00 -4.629628e+00 9.799641e-01 -2.362064e-01 -4.996609e-01 -3.630694e-01 6.730385e-01 -1.423744e+00 -2.028606e-01 -7.914543e-02 -1.059948e+00 -2.152857e-01 -3.726710e-01 -7.886943e-01 -5.938177e-01 -5.686528e-03 
9.275816e+00 -9.302313e+00 -1.069378e+01 -9.077262e+00 1.127192e+00 4.159342e+00 -6.824840e+00 -4.378011e+00 -1.101457e+01 -3.273464e+00 -4.202785e+00 -5.706466e+00 9.798084e-01 -1.430600e-01 -4.309683e-02 -2.283514e-01 6.996430e-01 -8.923289e-01 7.822712e-01 -6.412193e-01 -3.325649e-01 3.194383e-01 1.008016e-01 -5.230788e-01 -5.543638e-01 -6.145638e-03 
1.010916e+01 -9.041336e+00 -1.068175e+01 -8.079943e+00 5.843165e-01 7.030973e+00 -7.033694e+00 -3.731175e+00 -9.494390e+00 -3.522003e+00 -1.928076e+00 -6.633983e+00 9.673729e-01 3.486810e-01 2.613859e-02 5.362674e-01 8.200181e-01 -1.854122e-01 1.316386e+00 2.047192e-01 1.984130e-01 9.748691e-01 5.562552e-01 5.179335e-01 -2.458152e-01 -7.037914e-03 
1.053069e+01 -8.379732e+00 -1.013657e+01 -7.482214e+00 1.445636e+00 8.899340e+00 -8.541641e+00 -1.853888e+00 -8.283115e+00 -2.973991e+00 -1.575115e+00 -6.421456e+00 9.589819e-01 5.382988e-01 8.465233e-02 8.324780e-01 6.653370e-01 3.551524e-01 9.796993e-01 5.588664e-01 6.308095e-01 7.154918e-01 9.583033e-01 5.717062e-01 2.408101e-01 -8.001352e-03 
1.150303e+01 -8.990376e+00 -8.549044e+00 -6.406708e+00 1.510694e+00 9.385997e+00 -5.618804e+00 -2.698015e+00 -7.709238e+00 -7.836711e-01 -1.545382e+00 -5.501209e+00 9.551878e-01 3.072343e-02 -4.293981e-01 8.651776e-01 1.059570e-02 1.200990e-01 -5.768629e-01 6.670786e-01 -2.005137e-01 -1.687637e-01 8.230488e-01 -6.228867e-01 2.986155e-02 -6.291020e-03 
1.127038e+01 -8.904531e+00 -7.597740e+00 -6.587194e+00 2.439766e+00 7.880326e+00 -4.737953e+00 -1.740543e+00 -8.329689e+00 1.488869e-01 -1.535601e+00 -5.068802e+00 9.458942e-01 -3.350082e-01 -4.885364e-01 5.425982e-01 -7.443295e-02 -3.984962e-01 -8.291424e-01 5.146688e-01 -7.144684e-01 -2.310815e-01 3.661390e-01 -1.077160e+00 -6.111240e-03 -6.125963e-03 
9.892940e+00 -1.092593e+01 -7.625276e+00 -8.474474e+00 6.877465e-01 4.656166e+00 -5.600145e+00 -4.790416e+00 -1.031492e+01 -9.681978e-01 -5.062266e+00 -7.161002e+00 9.424616e-01 -5.334180e-01 -6.755748e-01 5.329052e-01 -1.918257e-01 -1.241970e-01 -1.373689e+00 3.918173e-01 -3.575137e-01 -1.899983e-01 -2.243612e-01 -1.126745e+00 2.071004e-01 -5.602491e-03 
9.660698e+00 -9.854639e+00 -7.885459e+00 -6.820496e+00 -1.353717e-01 7.118544e+00 -5.977626e+00 -4.380030e+00 -8.135681e+00 -1.051033e+00 -5.202472e+00 -5.622116e+00 9.347152e-01 -7.898798e-01 -6.634294e-01 7.114962e-01 -2.076042e-01 -2.587537e-01 -1.323501e+00 5.565613e-01 -1.529236e-02 -4.112433e-01 -4.388131e-01 -9.280912e-01 4.724059e-02 -4.092789e-03 
9.640779e+00 -1.189320e+01 -5.740658e+00 -7.249186e+00 2.177278e+00 2.898443e+00 -3.039881e+00 -3.165840e+00 -8.756233e+00 -1.305517e+00 -5.345671e+00 -4.189050e+00 9.327649e-01 -6.608008e-01 -1.445967e-01 8.324830e-01 4.186788e-01 -4.072886e-01 -9.837765e-01 8.521408e-01 9.405176e-01 -3.596966e-01 -4.064956e-01 -4.058527e-01 5.901324e-01 -6.845820e-03 
7.447058e+00 -1.173804e+01 -4.982567e+00 -8.237860e+00 4.012318e-01 2.141680e+00 -3.235278e+00 -2.629293e+00 -1.116525e+01 -1.876519e+00 -6.034354e+00 -6.318575e+00 9.302787e-01 -7.592869e-01 -3.276558e-02 7.069204e-01 6.076691e-01 -1.057516e+00 -1.220969e+00 7.754435e-01 9.244840e-01 -3.759616e-01 -4.268228e-01 -1.076031e+00 6.995041e-01 -9.806591e-03 
7.695755e+00 -1.070721e+01 -4.914307e+00 -5.672398e+00 -1.616998e+00 2.225715e+00 -2.710615e+00 -9.631965e-01 -1.059862e+01 -2.587933e+00 -6.675589e+00 -3.862111e+00 9.104508e-01 -6.363167e-01 6.499163e-01 4.036648e-01 9.506548e-01 -1.792834e+00 -1.307103e+00 6.650816e-01 8.702200e-01 2.613640e-02 -4.074462e-01 -1.419555e+00 6.241754e-01 -1.657599e-02 
6.836775e+00 -1.061146e+01 -4.764033e+00 -4.570543e+00 -3.525815e+00 1.350063e+00 -2.265042e+00 -8.589314e-01 -9.094296e+00 -2.543939e+00 -9.917669e+00 -2.288065e+00 8.968393e-01 -1.552540e-01 9.874955e-01 7.508075e-01 1.155120e+00 -1.663041e+00 -1.797859e+00 1.424164e+00 1.252533e+00 6.586149e-01 5.477691e-02 -1.170086e+00 6.778986e-01 -2.131133e-02 
6.764337e+00 -9.206905e+00 -3.831602e+00 -4.329570e+00 -4.823367e+00 -3.241265e+00 -1.995912e-01 3.000790e-01 -9.661030e+00 -3.009038e+00 -1.050179e+01 -3.083428e+00 8.666046e-01 -9.787225e-02 1.027068e+00 1.351623e+00 4.141493e-01 -1.918531e+00 -2.945881e+00 1.700323e+00 1.718316e+00 3.972331e-01 -2.652369e-01 -1.532840e+00 5.570390e-01 -2.134459e-02 
7.136497e+00 -7.550717e+00 -1.769883e+00 -3.133672e+00 -6.310791e+00 -4.114127e+00 2.630028e+00 3.001736e+00 -8.340971e+00 -1.392082e+00 -9.971685e+00 -3.318423e+00 8.456451e-01 -3.118839e-02 1.299705e+00 2.213753e+00 -5.068855e-02 -2.523590e+00 -3.294682e+00 2.183043e+00 2.134831e+00 5.045729e-02 -5.871474e-01 -1.056398e+00 9.576073e-02 -2.335950e-02 
7.056533e+00 -7.102239e+00 3.467321e-01 -4.320087e+00 -9.817167e+00 -9.771594e+00 3.343467e+00 5.698050e+00 -8.989117e+00 -4.490046e+00 -1.431278e+01 -5.617368e-01 8.293249e-01 1.219097e-01 1.776323e+00 2.653751e+00 -6.156794e-01 -2.915334e+00 -2.238427e+00 2.165518e+00 1.844453e+00 8.391695e-02 -4.547974e-01 -3.775200e-01 -3.866420e-02 -2.717388e-02 
6.534735e+00 -5.165267e+00 4.215567e+00 -4.828728e+00 -1.364687e+01 -1.185818e+01 6.878645e+00 7.116237e+00 -9.177965e+00 -4.739172e+00 -1.329416e+01 -3.070107e+00 7.986816e-01 2.761998e-01 1.711469e+00 2.113853e+00 -8.973885e-01 -2.870849e+00 -2.090826e+00 1.708157e+00 5.414470e-01 -1.236445e-01 -1.460265e+00 1.773842e-01 -1.210635e-01 -3.049587e-02 
7.674767e+00 -1.518018e+00 6.444428e+00 -6.560439e+00 -1.573200e+01 -1.056137e+01 8.503688e+00 7.465095e+00 -8.822948e+00 -3.609480e+00 -1.072815e+01 -3.400907e+00 7.542170e-01 3.440983e-01 1.436965e+00 1.265001e+00 -3.693876e-02 -1.979716e+00 -1.916220e+00 5.253667e-01 7.028389e-03 -3.618279e-01 -1.204272e+00 7.532738e-01 -5.743631e-01 -3.032858e-02 
8.208379e+00 -1.785481e+00 5.750535e+00 -6.500439e+00 -1.770762e+01 -1.417337e+01 8.590703e+00 4.825449e+00 -9.042278e+00 -9.133691e+00 -1.087708e+01 -2.504155e+00 7.307197e-01 2.700503e-01 8.060362e-01 3.094990e-01 1.185573e+00 -5.600130e-01 -2.736469e+00 -1.392574e+00 -5.176001e-01 -3.456934e-01 -1.136587e+00 3.277271e-01 -5.537478e-01 -3.136603e-02 
7.940203e+00 -1.607307e+00 5.904251e+00 -3.668926e+00 -1.768537e+01 -1.819510e+01 5.114271e+00 6.878586e+00 -1.086610e+01 -8.314147e+00 -1.175495e+01 -3.716528e+00 7.116629e-01 -1.159789e-01 6.111178e-01 3.373973e-01 2.157576e+00 8.009659e-01 -3.436665e+00 -2.960300e+00 -6.576297e-01 4.179050e-01 -1.334894e+00 -2.278820e-01 -6.774445e-01 -3.833253e-02 
7.752268e+00 -1.090442e+00 6.033151e+00 -3.466208e-01 -1.547025e+01 -2.172366e+01 1.610484e+00 4.821491e+00 -9.884855e+00 -8.069774e+00 -1.114213e+01 -5.681036e+00 6.631285e-01 -9.419741e-02 1.047243e+00 -8.108015e-02 2.633247e+00 2.916311e+00 -2.039570e+00 -3.708773e+00 -1.426194e+00 1.856538e+00 -1.247073e+00 3.287945e-02 -5.595020e-01 -5.227043e-02 
7.322927e+00 1.190052e+00 7.990108e+00 1.150533e+00 -1.284586e+01 -2.396955e+01 -2.807704e+00 4.178926e+00 -6.312134e+00 -1.081591e+01 -1.173503e+01 -5.199690e+00 5.963499e-01 -4.265252e-01 1.183155e+00 3.409721e-01 2.588436e+00 4.917927e+00 2.202167e+00 -2.775249e+00 -3.871359e+00 1.919736e+00 -1.268171e+00 1.225887e+00 3.490313e-01 -7.966147e-02 
8.046029e+00 2.052056e+00 4.302207e+00 4.256066e+00 -5.545823e+00 -2.148399e+01 -5.992175e+00 -9.556918e-01 -2.036570e+00 -1.411818e+01 -1.072264e+01 -4.560084e+00 5.270240e-01 -1.950949e+00 1.744125e+00 9.548866e-01 2.618465e+00 5.089410e+00 7.016403e+00 -1.320547e+00 -4.331007e+00 2.509291e+00 -4.688350e-01 3.334349e+00 1.991181e+00 -1.164397e-01 
5.660696e+00 2.737220e+00 8.474584e+00 6.971910e+00 1.942054e+00 -7.304099e+00 -4.960646e+00 -9.589619e+00 -5.191563e+00 -1.163080e+01 -5.835262e+00 -2.531847e+00 3.814078e-01 -3.160531e+00 1.297141e+00 7.622303e-01 2.695108e+00 3.435297e+00 8.661288e+00 2.120280e+00 -8.407450e-02 2.989466e+00 3.628614e+00 5.059801e+00 1.155801e+00 -1.182747e-01 
-1.171360e+00 6.856597e+00 1.056535e+01 9.835016e+00 2.582845e+00 5.025634e+00 -3.915778e+00 -9.949272e+00 2.101313e+00 -1.000650e+01 2.579731e+00 2.940947e+00 1.884008e-01 -3.632288e+00 7.072247e-01 1.033047e+00 2.211349e+00 1.329500e+00 7.191891e+00 4.030555e+00 3.214723e+00 2.845890e+00 6.690934e+00 5.140978e+00 7.351752e-01 -8.159897e-02 
-3.871034e+00 5.273485e+00 8.669689e+00 1.183660e+01 2.662954e-01 6.082080e+00 6.755499e+00 8.255343e+00 6.566255e+00 5.271329e+00 6.912784e+00 -3.171202e+00 1.742881e-01 -2.851122e+00 -3.785432e-01 -1.040577e+00 1.365404e+00 1.280162e+00 2.689718e+00 2.554782e+00 5.151913e+00 3.995987e+00 6.106507e+00 2.146056e+00 -5.778228e-01 -4.150707e-02 
-5.349548e+00 4.320047e+00 9.369891e+00 1.288046e+01 1.939559e+00 7.782373e+00 8.302530e+00 6.195444e+00 6.313969e+00 1.088543e+01 8.608223e+00 -5.645311e-01 2.225890e-01 -4.735594e-01 -1.101269e+00 -1.847305e+00 -1.656765e-01 9.290470e-01 -1.172256e+00 1.319862e+00 2.488743e+00 1.017196e+00 2.803627e+00 6.908560e-01 -2.403124e-01 -6.414074e-03 
-6.505820e+00 2.112779e+00 3.869427e+00 1.227621e+01 8.664505e+00 4.766119e+00 1.704113e+00 8.097588e+00 1.268204e+01 8.455765e+00 1.880769e+00 -3.668222e+00 1.567783e-01 1.005670e+00 -9.098280e-01 -2.172585e+00 -9.404925e-01 9.763633e-01 -1.912087e+00 -9.349302e-01 -2.053391e+00 -5.176362e-01 -1.502406e+00 3.119392e-01 3.916093e-01 -2.009168e-02 
-2.221764e+00 2.930607e+00 3.728953e+00 8.786830e+00 3.028975e+00 -1.776643e-01 5.209223e+00 2.573319e+00 4.129397e+00 2.419418e+00 8.550018e+00 1.987895e+00 1.650853e-01 1.442898e+00 -1.372647e+00 -1.995531e+00 -1.109574e+00 -1.593137e-02 -1.626388e+00 -9.478224e-01 -3.430377e+00 -1.052386e+00 -2.453665e+00 -2.887835e-01 1.314982e+00 -2.860932e-02 
-4.065752e-01 1.419065e+00 6.272328e-01 9.180955e+00 4.603404e+00 5.016642e-01 3.627501e+00 -2.005473e-01 5.070360e+00 1.992305e+00 8.501582e+00 -2.489369e+00 1.025816e-01 1.256584e+00 -1.312085e+00 -7.816865e-01 -1.154108e+00 -5.082629e-01 -3.256392e-01 3.074636e-01 -2.970002e+00 -1.648357e+00 -2.354316e+00 5.341220e-02 2.454054e+00 -1.348690e-02 
-1.184682e+00 -2.196331e+00 1.013335e+00 8.880222e+00 3.890453e+00 1.782663e+00 2.601724e+00 -6.807377e+00 4.857882e+00 1.848832e+00 3.853899e+00 5.420951e+00 1.066408e-01 -4.745576e-01 -1.590284e+00 1.053780e-02 2.220298e-01 7.943706e-01 9.436793e-01 -5.181018e-01 -7.067044e-01 6.380020e-01 -2.064250e+00 -2.059465e+00 2.172765e+00 9.385228e-04 
-7.414417e-01 -1.884177e+00 1.318804e+00 6.458971e+00 5.692452e+00 2.157760e+00 4.545180e+00 -2.062075e+00 4.076015e+00 -3.030522e+00 4.495890e+00 6.885522e+00 1.185661e-01 -1.204913e+00 -1.254889e+00 2.624393e-01 -1.630210e-01 -6.070947e-01 5.555669e-01 -7.450196e-01 3.554894e-01 9.505633e-01 -2.470931e+00 -3.105693e+00 1.644582e+00 1.367946e-02 
-4.427118e+00 -3.369194e+00 3.435856e+00 1.125797e+01 6.456304e+00 3.712684e+00 2.159874e+00 -2.943838e-02 7.816580e+00 -5.390420e+00 2.555370e-01 8.164273e+00 1.617857e-01 -8.656635e-01 -6.426038e-01 2.421918e-02 -3.732655e-01 -1.826006e+00 -2.148982e-01 -4.939324e-01 1.041216e+00 8.575306e-01 -1.831017e+00 -3.158864e+00 -5.985996e-01 1.470257e-02 
-4.809921e+00 -4.268947e+00 7.281685e-01 7.176976e+00 2.850046e-01 2.314488e+00 1.233284e-01 -1.812069e+00 8.343828e+00 -6.742722e+00 -5.227703e+00 4.361880e+00 1.434065e-01 -1.541841e-01 3.834604e-01 -3.532237e-01 -1.028296e+00 -2.398085e+00 -5.432363e-01 -1.099450e+00 -3.174230e-01 9.176781e-01 -5.200171e-01 -3.451878e+00 -9.607846e-01 -1.642990e-03 
-3.478760e+00 -4.216964e+00 1.429749e+00 6.654893e+00 -2.535855e+00 6.298077e-01 2.342988e+00 -1.726297e+00 7.011629e+00 -5.450153e+00 -7.078623e+00 3.689774e+00 1.677335e-01 1.857367e-01 8.163112e-01 -1.112095e+00 -1.769875e+00 -1.489546e+00 -4.351989e-01 -7.020341e-01 -7.846972e-01 7.381331e-01 6.616753e-01 -1.593483e+00 -1.190980e+00 -2.187606e-02 
-1.986542e+00 4.570107e-01 5.557389e-01 3.619029e+00 -1.801893e+00 9.830169e-01 -1.043625e+00 -2.800761e+00 9.066881e+00 -5.600741e+00 -9.096420e+00 4.318849e+00 1.073772e-01 -2.155255e-01 1.187253e+00 7.467506e-02 -4.278850e-01 3.954538e-01 1.949467e-01 3.337170e-01 -1.271473e-01 1.163274e+00 1.748819e+00 1.271295e+00 2.696366e-01 -3.106409e-02 
-4.910125e+00 -1.650616e+00 -2.038405e+00 4.187570e+00 5.202198e-02 2.202425e+00 -7.668195e-01 -3.458579e+00 1.114572e+01 -2.653034e+00 -5.777521e+00 2.230890e+00 7.041997e-02 -5.763513e-01 1.100177e+00 -8.243513e-02 -2.746498e-01 2.475702e-01 2.530061e-01 7.568070e-01 4.953540e-01 1.306461e+00 2.125512e+00 2.676111e+00 -7.204051e-01 -3.877684e-02 
-5.171866e+00 3.841434e-01 2.835621e+00 6.271213e+00 9.683349e-01 2.502913e+00 3.346817e+00 -1.581665e+00 1.209315e+01 6.028130e-01 4.782200e-01 6.439505e+00 3.674275e-02 -8.192795e-01 4.150749e-01 4.657336e-01 3.704084e-01 6.656224e-01 -5.008073e-01 8.107868e-01 1.836571e+00 1.255349e+00 1.869927e+00 2.251456e+00 -6.915645e-01 -2.754579e-02 
-4.767854e+00 1.320354e+00 -1.223679e-01 3.955552e+00 -2.683117e+00 1.134890e+00 3.931802e+00 1.409246e-01 1.203080e+01 2.075627e+00 1.514614e+00 -9.725792e-01 9.166539e-03 -2.198692e-01 7.619265e-01 -1.385407e-01 -4.913705e-01 -1.376010e-01 -1.074797e+00 -3.981128e-01 1.242004e+00 -1.053855e-01 3.088973e-01 8.211746e-01 2.898262e-01 -1.842750e-02 
-6.154075e+00 1.046900e+00 1.926388e+00 5.587080e+00 2.893789e+00 -9.872518e-01 6.609986e-01 4.582339e+00 1.490108e+01 1.384562e+00 -1.485210e+00 2.462761e+00 2.750158e-04 1.007755e-01 1.226943e+00 -6.631058e-01 -8.496642e-01 -2.159438e-01 -1.073190e+00 -1.677866e+00 3.708760e-01 -2.423414e+00 -9.953988e-01 2.407043e-01 9.216356e-02 -1.317869e-02 
-5.518367e+00 1.827638e+00 -2.276493e+00 2.072783e+00 -1.598710e+00 -1.426479e+00 -1.414474e+00 -3.305613e-01 9.214824e+00 -1.499422e+00 -6.899328e-01 5.668393e+00 -3.483653e-03 -1.048085e-01 1.456687e+00 2.407388e-01 3.346348e-02 1.094354e+00 3.977743e-01 2.461813e-01 7.091599e-01 -2.183196e+00 -6.337902e-01 7.258170e-01 3.672040e-01 -1.688641e-02 
-4.292732e+00 6.265216e+00 5.971541e-01 2.964276e+00 -6.535878e-01 -1.582354e+00 -2.369373e+00 5.084576e-01 1.384067e+00 -2.586657e+00 2.784015e+00 3.579837e+00 -2.282560e-02 1.980530e-01 1.894664e+00 5.358551e-01 -2.298114e-02 7.478383e-01 1.080614e+00 2.458223e+00 4.521533e-01 -2.728718e+00 -9.088924e-02 2.216290e+00 -1.656298e-01 -2.113558e-02 
-6.222568e+00 5.994628e+00 1.745943e+00 5.434271e+00 4.562343e+00 3.421312e+00 6.677894e+00 5.723665e+00 7.873325e+00 8.922851e-01 3.009086e+00 3.049026e-01 -6.371522e-02 -4.759217e-01 1.254893e+00 8.313430e-01 8.198572e-01 1.386313e+00 5.486091e-01 3.029786e+00 1.609262e+00 -3.023668e-01 1.106045e+00 9.195709e-02 -1.089129e+00 -1.692318e-02 
-4.811709e+00 8.436724e+00 2.594446e+00 3.791430e+00 3.552454e+00 1.991921e+00 8.905928e+00 3.815993e+00 1.928246e+00 -2.657373e-01 7.746732e+00 4.316357e+00 -7.528710e-02 -4.063617e-01 9.184526e-02 2.039367e-01 4.304903e-01 8.960538e-01 -4.293253e-01 9.521033e-01 9.516414e-01 1.082165e+00 1.026729e+00 -8.820796e-02 -3.127920e-01 -1.172329e-02 
-7.638487e+00 7.016348e+00 8.815768e-01 5.758492e+00 3.229834e+00 -4.705706e-01 8.096803e+00 6.061980e+00 7.430901e+00 2.870342e+00 -2.711506e+00 -1.455114e-01 -6.186879e-02 1.825266e-02 4.174702e-02 2.942678e-01 5.465420e-02 -4.551486e-01 -1.901151e+00 -2.446156e+00 -1.078357e+00 2.293061e-01 -1.316277e-01 -4.298088e-01 5.699380e-01 1.506114e-03 
-5.616581e+00 6.213583e+00 2.049021e+00 4.954617e+00 4.492936e+00 -1.783039e+00 1.681689e+00 5.097507e+00 7.016105e+00 1.557958e+00 5.203271e+00 2.241084e+00 -8.236527e-02 -1.025700e-01 1.958060e-03 3.576785e-01 -3.744661e-01 -9.309112e-01 -1.544670e+00 -3.066916e+00 -9.456541e-01 7.344409e-01 -4.567181e-01 -1.269148e+00 -1.647956e-01 3.136539e-03 
-5.728868e+00 7.314934e+00 3.489995e+00 5.125949e+00 1.816359e+00 -4.196965e+00 -1.940763e+00 -3.088768e-01 6.475926e+00 -6.777010e-01 2.131773e+00 4.192229e+00 -5.264556e-02 1.302573e-01 4.417192e-01 8.724235e-01 -8.856468e-01 -9.446303e-01 -3.974495e-01 -1.261222e+00 -1.266302e+00 -9.853021e-01 -1.364359e+00 -7.593776e-01 1.171613e+00 1.180303e-03 
-6.279368e+00 8.297221e+00 3.078629e+00 2.235371e+00 -3.953652e-01 -3.868233e+00 -1.409871e+00 2.273151e+00 6.077938e+00 -7.753057e-01 -1.020647e+00 1.323508e+00 -6.421602e-02 7.530566e-02 7.298011e-01 1.945595e-01 4.942603e-01 1.107783e-01 6.887194e-01 6.171041e-01 -9.784638e-01 -1.089642e+00 -4.536574e-01 -8.117421e-01 9.929048e-01 6.802297e-03 
-6.655807e+00 8.183125e+00 4.728890e+00 2.689881e+00 9.508331e-01 -1.415221e+00 3.336471e+00 1.142648e+00 2.973474e+00 -2.784821e+00 -3.396435e+00 6.171342e+00 -6.504190e-02 2.641153e-01 4.080628e-01 -4.943603e-01 2.699222e-01 6.128961e-01 1.278087e+00 7.906085e-01 -2.757335e-01 1.290333e-01 4.540853e-01 -4.606248e-01 -3.468474e-01 1.142502e-04 
-4.776584e+00 9.428493e+00 2.402371e+00 8.643952e+00 5.479590e+00 2.696863e-01 2.128592e+00 -5.205745e-01 3.319119e+00 3.432307e-01 3.908664e+00 6.216051e+00 -4.215562e-02 3.735491e-01 1.591270e-01 -6.817181e-01 2.653185e-01 5.669984e-01 9.525212e-01 2.124131e-02 -6.560994e-01 1.037216e+00 7.435803e-01 -2.470293e-01 -8.783196e-01 4.160404e-04 
-5.159684e+00 8.789612e+00 1.356323e+00 3.271270e+00 1.943362e+00 1.245085e-01 2.430472e-01 -2.906814e-01 8.500502e+00 1.033457e+00 -2.636007e+00 1.172090e-02 -6.310451e-02 2.609144e-01 5.740945e-02 -7.791184e-01 -4.209905e-01 -1.551169e-01 2.934281e-01 -8.072392e-01 -2.636766e-01 1.623544e+00 8.326781e-01 -5.023817e-01 -1.852357e+00 -1.707411e-03 
