8.535480e-02 1.564253e+00 6.800213e-01 -1.759030e+00 -2.390457e+00 -5.854621e-01 4.477170e-01 -1.639940e+00 1.854613e-01 4.405416e+00 9.308805e+00 8.050692e+00 -1.512927e-01 -3.973983e-01 -1.872199e-01 -9.170233e-02 -3.025417e-01 1.069362e+00 1.297498e+00 7.232822e-01 5.443786e-01 3.893884e-01 -9.380913e-01 -1.726909e+00 -7.340681e-01 0.000000e+00 
-1.131918e+00 3.856853e-01 1.945618e+00 5.662715e-01 -4.156256e-02 4.756210e+00 -1.300810e+00 -5.669707e+00 -3.318151e+00 -1.146477e+00 2.405903e+00 3.815455e+00 -1.512927e-01 -5.776764e-01 -5.573559e-01 -1.535297e-01 -6.322195e-01 8.703223e-01 6.906012e-01 6.110275e-01 3.618800e-01 -7.045905e-02 -6.427523e-01 -1.124733e+00 2.026736e-02 0.000000e+00 
-1.293000e+00 1.217437e+00 -4.112887e-01 -4.434390e+00 1.781905e+00 3.231190e+00 4.938391e+00 3.096837e+00 3.884210e+00 2.490905e+00 4.125714e+00 6.497969e+00 -1.512927e-01 -1.072391e-01 1.099294e-01 -5.575364e-01 -1.056451e+00 4.393719e-01 2.783260e-02 1.332383e+00 9.553472e-01 6.697165e-01 8.778552e-01 1.552105e-01 -2.504055e-01 0.000000e+00 
-2.113850e+00 -1.049119e+00 4.580278e-01 -3.582448e+00 -1.250257e-01 9.592175e-01 1.257518e+00 -2.198928e+00 -2.016208e+00 2.148909e+00 6.276687e+00 8.928390e+00 -1.512927e-01 1.498429e-01 7.823317e-02 -6.756642e-01 -1.208847e+00 -5.080355e-01 -1.097203e+00 1.137388e+00 5.897466e-01 2.902448e-01 1.582599e+00 1.140624e+00 -5.297946e-01 0.000000e+00 
4.012489e-02 2.831302e+00 -1.363866e+00 -4.966923e+00 -1.518655e-01 1.452197e+00 5.830466e+00 1.401407e+00 2.883073e+00 7.146998e+00 8.149467e+00 4.242197e+00 -1.512927e-01 1.109755e-01 -7.084388e-02 -2.817568e-01 4.767989e-01 8.886313e-02 -8.176708e-01 9.342731e-01 4.582427e-01 -4.308540e-01 -3.337437e-01 3.888709e-01 -7.862004e-01 0.000000e+00 
-1.049266e+00 -3.008133e-02 -9.564149e-01 -5.211697e+00 -1.614855e+00 1.596913e-01 3.940092e+00 -1.873260e+00 -1.366358e+00 4.438470e+00 6.097146e+00 2.294368e+00 -1.512927e-01 2.526211e-01 3.120555e-01 -1.164076e-01 1.019676e+00 1.047050e+00 -5.045890e-01 8.050759e-01 5.587614e-01 -3.319693e-02 -9.011747e-01 6.183764e-01 -2.559185e-03 0.000000e+00 
-1.270414e+00 3.536989e-01 -1.112851e+00 -1.235771e+00 2.971135e+00 -4.574008e-01 8.268469e+00 5.225216e+00 1.405015e+00 -3.225942e-01 6.159839e+00 5.883977e+00 -1.512927e-01 1.540196e-01 -2.229759e-01 2.215170e-01 1.034955e+00 5.518738e-01 -4.505913e-01 -1.007301e+00 -4.698640e-01 -9.258957e-01 -1.228620e+00 -1.791892e-01 3.985808e-01 0.000000e+00 
-1.954746e-01 1.749960e+00 -2.495174e-01 -3.496443e-01 3.548725e+00 -6.089282e-01 4.063895e+00 -1.317026e+00 -1.443164e+00 1.377832e+00 1.036338e+01 8.094703e+00 -1.512927e-01 3.588028e-02 6.775002e-02 2.284183e-01 8.327405e-01 1.311755e+00 4.050220e-01 -4.811749e-01 1.388594e-01 -2.988088e-02 -5.090001e-01 -5.147762e-01 1.394953e+00 0.000000e+00 
3.833275e-01 8.264014e-01 -6.097293e-01 -2.223175e+00 2.571344e-02 -4.164495e-01 7.320609e-01 -1.226029e+00 -1.708003e+00 2.534217e+00 5.120402e+00 3.334933e+00 -1.512927e-01 -1.482060e-01 3.276640e-01 7.510072e-01 3.385655e-01 5.240453e-01 1.625307e+00 -1.142624e+00 -3.576879e-01 -2.774627e-01 2.710581e-01 -4.268928e-01 7.575986e-01 0.000000e+00 
-1.696735e+00 7.231754e-02 -6.588459e-02 -5.542921e-01 6.416631e+00 2.164326e+00 5.302421e+00 2.046660e+00 4.074621e-02 4.650638e-01 4.042983e+00 1.054365e+01 -1.512927e-01 -3.290469e-01 7.436784e-01 2.518308e-01 1.375152e-01 1.461405e-01 7.448303e-01 -9.383947e-01 1.102309e+00 2.308009e+00 5.830492e-01 -1.446705e+00 6.274382e-01 0.000000e+00 
-1.260814e+00 2.830841e+00 2.550368e+00 5.593805e-01 4.157408e+00 6.282508e+00 1.936084e+00 1.754934e+00 -7.242537e-01 1.489081e+00 7.185575e+00 8.447495e+00 -1.512927e-01 -2.506312e-01 9.374021e-01 2.320666e-01 -4.233921e-02 6.315412e-01 1.368556e-01 -5.320917e-01 6.202768e-01 2.510100e+00 2.622268e-01 2.427348e-01 7.508556e-01 0.000000e+00 
-1.018639e+00 4.466133e+00 -5.704124e-01 -1.053346e+00 2.213580e+00 -2.342558e-01 -1.230090e+00 2.704039e+00 9.605007e+00 4.815647e+00 2.097271e+00 8.675613e+00 -1.512927e-01 -3.107777e-01 3.190094e-01 3.731691e-02 -6.366366e-01 -7.658446e-01 -6.521161e-01 -5.726210e-01 2.861452e-02 2.958133e+00 1.739310e+00 1.242560e+00 3.630251e-01 0.000000e+00 
-1.208877e+00 3.316505e+00 8.028678e-01 -2.185344e+00 5.284945e+00 1.467119e+00 1.337858e+00 1.546665e+00 6.060366e+00 1.670059e+00 7.306932e+00 8.023232e+00 -1.512927e-01 -7.395170e-01 -8.929909e-01 -1.652840e-01 -6.612320e-01 4.636192e-02 -1.750972e-01 2.971734e-01 -8.173045e-01 1.891176e+00 1.316795e+00 5.473593e-01 3.217299e-01 0.000000e+00 
-3.276592e+00 1.424532e+00 9.944502e-01 -2.365113e+00 2.023639e+00 1.311440e+00 2.738429e+00 2.293867e+00 1.143910e+01 9.071125e+00 1.019510e+01 1.257091e+01 -1.512927e-01 -9.504262e-01 -1.503745e+00 1.653401e-01 -2.648745e-01 1.819240e-01 1.323983e+00 1.073873e+00 -8.750448e-01 6.220829e-02 1.346318e+00 1.643171e+00 1.228275e+00 0.000000e+00 
-3.829422e+00 -1.133136e-01 9.415170e-01 -2.090896e+00 4.484188e+00 4.634174e+00 1.437691e+00 -2.126503e+00 7.814575e+00 5.945316e+00 5.873454e+00 8.108496e+00 -1.512927e-01 -6.739887e-01 -7.776167e-01 -2.825032e-01 -2.455765e-02 -1.092185e+00 5.672387e-01 6.783745e-01 -1.144252e+00 -8.348866e-02 1.900445e+00 6.896077e-01 2.124240e-02 0.000000e+00 
-4.460497e+00 -1.337685e+00 1.869633e-01 -2.424942e+00 3.523578e+00 4.802134e+00 4.089358e+00 1.653996e-01 9.038944e+00 9.409607e+00 1.102987e+01 1.477435e+01 -1.512927e-01 -1.903002e-01 -3.143591e-01 -2.180896e-01 1.244390e-01 -6.179050e-01 -1.815884e-01 6.492954e-01 -3.803525e-02 -5.534953e-01 4.600759e-01 4.954247e-01 -7.591264e-01 0.000000e+00 
-3.986868e+00 8.095298e-01 -2.059050e-01 -2.278218e+00 -9.259481e-01 2.557965e+00 4.054265e+00 -3.110361e+00 6.843002e+00 1.100304e+01 1.033759e+01 7.027721e+00 -1.512927e-01 -4.485664e-01 -5.193383e-01 -4.690602e-01 -6.386591e-01 -1.535442e+00 -1.716342e+00 -1.762322e-01 -1.062351e-01 -1.018626e+00 -7.327789e-01 3.167467e-01 -1.416012e+00 0.000000e+00 
-4.149370e+00 -6.086851e-01 4.777132e-01 -1.649257e+00 1.639182e+00 1.441602e+00 4.676619e+00 2.595620e+00 9.157413e+00 8.842642e+00 1.044016e+01 9.315666e+00 -1.512927e-01 -1.343931e-01 -1.784198e-02 1.432661e-01 3.011123e-01 6.072004e-02 -5.874501e-01 -1.256370e+00 -8.624026e-01 -6.625375e-01 -1.860409e+00 -1.020521e+00 -1.975328e+00 0.000000e+00 
-6.227818e+00 -3.074505e+00 -1.549159e+00 -5.672034e+00 -2.250823e+00 -2.267270e+00 2.628996e-01 -3.872788e+00 2.662208e+00 2.564904e+00 7.752040e+00 3.757778e+00 -1.512927e-01 4.607975e-01 -2.049911e-01 -3.470387e-01 4.991048e-01 1.429384e+00 -4.639679e-01 -4.472607e-01 1.083452e+00 -7.454751e-01 -1.802168e+00 -1.112180e+00 -4.245153e-01 1.035547e-02 
-4.011988e+00 5.151227e-01 1.574921e+00 7.775271e-01 4.489616e+00 4.277501e+00 -2.968087e-01 -3.765400e+00 7.816654e+00 4.326633e+00 7.220033e+00 6.532687e+00 -1.512927e-01 -9.043884e-02 -2.455699e-01 -6.048363e-01 -5.263147e-01 1.392617e+00 -1.349263e-01 1.217388e+00 4.320403e-01 -7.605925e-01 -1.170710e+00 2.633027e-01 -7.367489e-01 8.123799e-02 
-1.751572e+00 -7.773294e-01 -2.489702e+00 -9.960858e-01 4.795757e+00 -1.179824e+00 4.304676e+00 5.487408e+00 3.786006e+00 4.250207e+00 6.386753e+00 6.296634e+00 -9.951532e-02 -1.411772e+00 -1.057661e-01 -2.972402e-01 -6.871862e-01 1.216575e+00 -4.831752e-01 2.517914e+00 8.843340e-01 -1.185291e-01 -6.392413e-01 -2.480086e-01 1.281880e-01 1.532385e-01 
-6.839687e+00 -2.985122e+00 -2.076197e+00 -6.618804e+00 5.078979e+00 2.232475e-01 8.742670e+00 7.572334e-02 4.792552e+00 2.146442e+00 1.243932e+01 4.362494e+00 2.290086e-01 -3.335459e+00 -1.861920e-01 -1.080526e+00 -1.281022e+00 -8.156043e-01 -1.515701e+00 2.324015e+00 4.564842e-01 1.220419e+00 -5.036758e-01 -8.992761e-01 -6.574704e-01 1.993361e-01 
-1.187283e+01 -1.853213e+00 -1.209801e+00 -5.409800e+00 3.537368e+00 -2.656019e+00 8.332729e+00 -1.371680e+00 3.581613e+00 4.587924e-01 3.902355e+00 5.483815e+00 4.247494e-01 -4.188872e+00 9.606084e-01 -1.114746e+00 5.110051e-01 -1.557471e+00 1.471023e-01 2.903423e-01 -9.448805e-01 1.787400e+00 -4.686219e-01 -2.001468e+00 -1.917736e+00 1.957423e-01 
-1.562866e+01 1.221047e-01 -4.467662e+00 -3.420728e+00 1.040789e+00 -2.562906e+00 9.309240e+00 1.946565e+00 1.402094e+01 3.703961e+00 3.965851e+00 3.651744e+00 5.832553e-01 -2.389332e+00 2.556517e+00 -1.521912e+00 1.590029e+00 -1.103722e+00 7.954597e-01 -1.481137e+00 -1.920257e-01 7.729257e-01 1.017000e+00 -9.247516e-01 -1.302377e+00 1.348673e-01 
-1.830145e+01 2.472099e+00 -6.867699e+00 -4.009867e-02 -9.725022e-01 9.487641e-01 5.473102e+00 -1.724152e-01 8.108809e+00 1.128338e+00 6.161437e-01 -2.936670e+00 7.020727e-01 -1.548107e+00 3.207098e+00 -1.450089e+00 1.313843e+00 8.810089e-01 2.363109e+00 -4.765546e-01 2.768570e-01 -2.806274e-01 1.469061e+00 1.259075e+00 3.732819e-01 1.062184e-01 
-1.557204e+01 7.634807e+00 -6.856809e+00 -1.353509e+00 1.815303e+00 2.398155e+00 2.766798e+00 -1.484038e+00 6.393583e+00 6.896670e+00 9.458665e+00 2.060853e+00 7.646835e-01 -1.020655e+00 2.181844e+00 -1.283175e+00 8.036624e-02 9.489349e-01 1.503852e+00 -4.417876e-01 -5.275692e-01 -2.023055e+00 1.644469e+00 1.581316e+00 1.581496e+00 7.703422e-02 
-1.964167e+01 1.042593e+01 -7.265670e+00 1.258090e-01 7.555156e+00 6.678997e+00 9.221178e+00 1.727906e+00 5.992157e+00 6.207744e+00 7.451324e+00 8.145670e+00 8.651272e-01 -8.082482e-01 5.695873e-01 -1.117543e+00 4.139176e-01 4.160226e-01 -2.566766e-01 -7.807346e-02 -7.472772e-01 -4.931804e-02 1.094203e+00 1.369966e+00 1.694355e+00 5.101867e-02 
-2.006182e+01 7.054411e+00 -1.068455e+01 -3.101850e+00 1.521635e+00 2.091238e+00 5.226265e+00 -1.641442e+00 4.963997e+00 9.386602e+00 8.454843e+00 6.018057e+00 8.868992e-01 -7.357548e-01 -5.818688e-01 -1.269537e+00 8.597507e-01 -5.848440e-01 -4.264110e-01 -4.176445e-02 -7.415783e-01 -7.224073e-01 -2.705986e-01 -4.844163e-01 1.842313e-01 3.763039e-02 
-2.009780e+01 5.610234e+00 -1.054154e+01 2.903660e+00 1.254445e+00 -1.811604e-01 3.853002e+00 -3.830099e+00 8.577011e+00 5.354388e+00 7.967886e+00 3.556504e+00 8.960583e-01 -4.630432e-02 -1.131050e+00 -8.489092e-01 7.620387e-01 -1.320381e+00 -1.003942e+00 -8.578860e-01 -2.156311e-01 -9.679712e-01 -3.803141e-01 -7.006889e-01 -1.408330e+00 1.294220e-02 
-1.902275e+01 7.133310e+00 -1.156656e+01 1.556319e+00 2.041438e+00 3.696178e+00 5.242064e+00 -2.412926e+00 1.489120e+00 5.970355e+00 6.778303e+00 5.276593e+00 9.373699e-01 8.769524e-01 5.589147e-01 7.228589e-01 2.340169e+00 5.010277e-01 3.754129e-01 3.704178e-01 3.318332e-01 -1.189315e+00 -1.125191e+00 -6.000054e-01 -1.499431e+00 7.888722e-03 
-2.039273e+01 4.731228e+00 -1.106921e+01 1.606918e+00 6.933498e-01 8.568151e-01 4.923848e+00 1.035493e+00 2.889740e+00 6.014297e+00 4.786150e+00 1.474751e+00 9.046028e-01 4.347855e-01 1.979838e-01 1.397604e-01 5.898355e-01 -1.767423e-01 8.466440e-01 7.375558e-01 1.710157e-01 -5.548869e-01 9.198399e-01 6.228458e-01 -4.187900e-01 1.037016e-02 
-1.552959e+01 1.028849e+01 -6.806422e+00 9.247368e+00 4.307321e+00 3.449314e+00 6.542931e+00 -2.415072e+00 1.861060e+00 3.430692e+00 7.045683e+00 -4.382191e-01 9.220705e-01 2.214024e-01 1.138103e-01 4.625243e-01 1.010827e+00 -6.965396e-01 1.311757e+00 1.692730e-01 -2.060039e-01 8.034692e-01 9.587156e-01 5.153121e-01 -4.248495e-01 1.762161e-02 
-1.967045e+01 5.022564e+00 -1.222281e+01 2.007314e+00 -7.622080e-01 4.175492e+00 6.890347e+00 -2.973948e+00 5.616607e+00 1.122342e+01 1.094843e+01 4.319960e+00 9.555588e-01 -3.224655e-01 -3.413797e-01 -2.620808e-01 5.031253e-01 -2.071581e-01 2.087960e+00 2.773317e-01 -5.440233e-01 1.157163e-01 2.506234e-01 5.004725e-01 1.465802e+00 2.267377e-02 
-1.827688e+01 7.556694e+00 -8.677139e+00 6.410258e+00 -7.134809e-01 8.595627e+00 5.105180e+00 -1.438226e+00 4.143032e+00 8.159372e+00 6.273726e+00 1.729740e+00 1.000000e+00 -1.029442e+00 -1.094855e+00 -6.796778e-01 -8.448133e-01 -6.112328e-01 6.120715e-01 -5.895141e-01 -1.558331e-01 2.380308e-01 -5.409754e-01 -3.870925e-01 1.010311e+00 9.780651e-03 
-2.063141e+01 4.390226e+00 -1.144426e+01 5.541099e+00 2.167960e+00 8.723460e+00 7.029382e+00 -2.173047e+00 2.327335e+00 4.903074e+00 7.674491e+00 7.719779e+00 9.790069e-01 2.089443e-01 1.706026e-01 4.731598e-01 1.025321e+00 5.621539e-01 -1.366716e-01 -4.897614e-01 -1.482855e-01 -4.646746e-01 -2.136566e+00 -8.870369e-01 -1.780967e-01 -1.085299e-03 
-2.019632e+01 5.130383e+00 -1.059409e+01 3.256409e+00 -2.139268e-01 4.235688e+00 3.525843e+00 -3.594688e+00 4.695850e+00 3.885988e+00 6.747188e+00 2.913426e+00 9.592497e-01 2.948864e-01 -5.605145e-01 -5.393265e-01 -1.669213e-01 -6.261435e-01 -1.489434e+00 -7.185445e-01 -7.289702e-01 7.754514e-01 -1.290758e+00 1.709002e-01 -3.708925e-01 -5.852127e-03 
-1.766601e+01 7.088732e+00 -8.898537e+00 8.710844e+00 1.798784e+00 5.672103e+00 5.231209e+00 -2.637144e+00 3.016824e+00 2.677280e+00 6.276510e+00 2.837634e+00 9.705074e-01 8.589636e-01 3.872833e-02 -1.015387e-02 -6.703125e-01 -1.184488e+00 -3.942969e-01 -9.433459e-01 4.298784e-01 1.328691e+00 -3.439841e-01 -6.928072e-02 -1.050579e+00 3.402448e-03 
-1.828515e+01 3.404868e+00 -1.264663e+01 3.990778e+00 -3.659610e+00 2.674134e+00 2.411544e+00 -4.851028e+00 7.675544e+00 2.818479e+00 7.827218e+00 2.316351e+00 9.749891e-01 8.612448e-01 -1.998350e-01 2.871220e-01 -8.849708e-01 -6.521879e-01 5.872121e-01 5.469139e-02 7.500342e-01 6.811283e-01 3.306901e-02 -5.037363e-01 1.520613e+00 -6.241858e-03 
-1.729218e+01 5.446626e+00 -1.046875e+01 1.822351e+00 -2.031639e+00 7.532752e+00 2.869801e+00 6.045157e-01 7.480943e+00 3.716908e+00 6.788073e+00 2.765421e+00 9.881495e-01 1.788053e+00 3.777464e-01 2.225655e+00 -9.757271e-01 -4.688052e-01 -3.413326e-01 -3.192955e-01 6.990148e-01 -8.096220e-01 -2.696230e-01 -1.754452e+00 2.110046e+00 -4.784582e-02 
-1.607701e+01 4.952262e+00 -8.373367e+00 2.275802e+00 -1.559655e+00 6.241424e+00 4.980004e+00 -1.465347e+00 5.869432e+00 3.531519e+00 3.972725e+00 1.055260e+01 9.192194e-01 6.189008e+00 6.544876e-03 3.084023e+00 -1.187948e+00 -1.339037e+00 -3.541499e+00 -3.727512e+00 -2.517613e-01 -2.426658e+00 -6.430035e-01 -3.450404e+00 -7.230425e-01 -1.028967e-01 
-9.829809e+00 8.203767e+00 9.310699e-02 4.689697e+00 -1.595220e+00 2.181795e+00 2.350502e+00 -8.349116e-01 -1.282296e-01 9.726453e-01 -5.685015e-01 9.269739e+00 7.591632e-01 8.234938e+00 -2.297661e+00 2.948938e+00 -2.934454e+00 -3.184349e+00 -5.966384e+00 -5.106080e+00 -8.419801e-01 -3.160354e+00 -6.373962e-01 -2.505381e+00 -3.431281e+00 -7.667749e-02 
8.928705e+00 2.059022e+00 -2.507450e+00 -3.382633e+00 -1.057300e+01 -1.235788e+01 -1.596636e+01 -5.390121e+00 -6.531596e-01 9.755926e-01 -5.746513e+00 -4.551021e+00 5.749989e-01 7.569170e+00 -3.540324e+00 1.536436e+00 -4.734786e+00 -3.757271e+00 -5.035170e+00 -4.434713e+00 -3.445919e-01 -2.777450e+00 -6.940479e-01 -1.158549e+00 -5.872754e+00 -2.718794e-02 
1.137965e+01 -4.595060e+00 1.342979e+00 -1.002070e+01 -1.344671e+01 -1.299952e+01 -1.218741e+01 -1.642998e+00 -5.059532e+00 1.807891e+00 -8.792138e-01 -6.839172e+00 7.768723e-01 4.456629e+00 -4.231473e+00 -2.479223e-01 -3.944400e+00 -2.915098e+00 -1.626112e+00 -1.396266e+00 9.993709e-01 -9.328224e-01 -9.158731e-01 4.463934e-01 -4.767060e+00 2.596743e-02 
1.116411e+01 -6.349943e+00 -1.316125e+00 -1.404293e+01 -1.442026e+01 -1.134377e+01 -9.924604e+00 -2.784263e+00 -5.552168e+00 -3.563435e-01 -1.664666e+00 -1.075672e+01 7.744251e-01 3.222124e-01 -2.881376e+00 2.399350e-01 -1.292624e+00 -5.019563e-01 2.330360e+00 2.434496e+00 2.617584e+00 2.087678e-01 -7.336423e-01 7.314295e-01 -1.553457e+00 5.278908e-02 
1.133563e+01 -8.749117e+00 -1.742167e+00 -9.702156e+00 -1.424708e+01 -6.455822e+00 -7.651707e+00 2.859014e+00 -2.342837e+00 -2.940752e+00 -3.774581e-01 -1.146272e+01 7.892872e-01 -4.668439e-01 -2.034275e+00 -5.827457e-01 3.201683e-01 1.851530e-01 2.116076e+00 9.883207e-01 2.500772e+00 7.082002e-01 -1.060760e+00 -8.533095e-01 -6.176354e-01 2.267110e-02 
1.056178e+01 -1.027083e+01 2.347978e-01 -1.000502e+01 -1.268260e+01 -3.977929e+00 -6.061735e+00 5.446795e+00 -9.676681e-01 -3.182976e-01 -2.340243e+00 -1.000654e+01 8.327368e-01 -5.858312e-01 -1.991544e+00 -7.964686e-01 4.283358e-01 1.950645e-02 1.153069e+00 -4.867900e-01 1.712860e+00 -1.163262e-01 -1.265251e+00 -1.506840e+00 -4.202772e-01 2.577488e-02 
9.346597e+00 -1.280599e+01 -2.346210e+00 -1.043881e+01 -1.338978e+01 -6.102055e+00 -9.177244e+00 6.745332e+00 -3.810781e+00 -3.514933e+00 -4.807972e+00 -1.030244e+01 8.610719e-01 -4.764341e-01 -1.562602e+00 -6.513133e-01 -5.060243e-01 5.216600e-01 -1.437851e-01 -6.268346e-01 3.664331e-01 -6.789035e-01 -8.358099e-01 -1.527673e+00 -2.015600e-01 1.981493e-02 
9.229474e+00 -1.427923e+01 -4.996447e+00 -1.153292e+01 -1.475138e+01 -5.755306e+00 -1.159579e+01 3.836875e+00 -5.399827e+00 -6.395508e+00 -6.983611e+00 -1.343824e+01 8.674072e-01 -1.049909e-01 -8.893968e-01 -5.239571e-01 -8.169432e-02 7.136452e-01 -2.860882e-01 2.495794e-02 1.490748e-01 -7.118616e-01 -1.691477e-01 -6.041759e-01 -1.265846e-01 6.359422e-03 
9.619610e+00 -1.455793e+01 -2.383111e+00 -1.146833e+01 -1.060439e+01 -6.286060e+00 -8.018854e+00 5.496139e+00 -3.521275e+00 -4.081196e+00 -5.694140e+00 -1.075466e+01 8.710266e-01 1.631371e-01 -1.917392e-01 3.211030e-01 2.612489e-01 1.090605e+00 1.962242e-02 7.910998e-01 1.823857e-01 -7.847109e-02 9.195827e-01 5.650712e-01 5.936451e-02 -3.156161e-03 
9.900313e+00 -1.384185e+01 -2.366537e+00 -9.898739e+00 -1.050707e+01 -5.316368e+00 -6.516140e+00 6.816765e+00 -4.671729e+00 -8.809044e-01 -4.918039e+00 -1.041335e+01 8.595566e-01 2.775483e-01 -1.699190e-02 9.735489e-01 4.276408e-01 1.341578e+00 -5.008208e-01 8.093543e-01 2.753175e-01 1.156593e-01 1.686605e+00 1.352454e+00 4.590315e-01 -1.319606e-02 
9.826862e+00 -1.398338e+01 -2.055650e+00 -9.949661e+00 -1.005891e+01 -6.223412e+00 -7.761568e+00 6.167315e+00 -4.567185e+00 -1.674321e+00 -3.015402e+00 -1.151806e+01 8.492165e-01 8.787405e-01 1.681900e-02 8.238792e-01 9.779716e-01 1.117848e+00 -4.115352e-01 7.622490e-02 -4.458687e-01 5.186863e-01 1.389759e+00 1.766400e+00 1.775333e-01 -4.413608e-02 
1.051359e+01 -1.465146e+01 -2.924333e-01 -1.015405e+01 -8.316233e+00 -8.290733e+00 -7.677658e+00 4.877875e+00 -4.298575e+00 8.340812e-01 -1.560709e+00 -1.076138e+01 8.123320e-01 1.209272e+00 1.396407e+00 1.168602e+00 2.590249e+00 2.589260e+00 1.845867e-01 -1.000154e-01 -1.400606e+00 7.031369e-02 4.605928e-01 1.345277e+00 1.347707e+00 -1.187644e-01 
1.370667e+01 -1.406903e+01 6.992332e-01 -6.450814e+00 -6.110565e+00 -6.856553e+00 -7.056971e+00 4.236241e+00 -1.114420e+00 2.010105e+00 1.459195e+00 -9.692978e+00 6.739585e-01 -9.885459e-02 4.714852e+00 2.357516e+00 3.623291e+00 2.940353e+00 1.158776e+00 5.514110e-01 -4.185722e+00 -2.176234e-01 -1.008217e+00 -9.570228e-01 1.989972e+00 -1.693637e-01 
1.400677e+01 -6.816985e+00 2.099033e+00 1.303083e+00 4.650593e-01 -4.076864e+00 -7.368515e+00 7.792736e-01 -6.046543e+00 -4.201531e-01 -4.289522e-01 -4.587354e+00 3.533635e-01 -1.756733e+00 5.751828e+00 2.974169e+00 3.403989e+00 2.690919e+00 1.077381e+00 1.955727e+00 -2.831741e+00 8.020511e-02 -2.192747e+00 -2.108521e+00 2.224113e-01 -1.766688e-01 
7.586001e+00 5.673644e+00 8.536195e+00 2.438228e+00 2.522063e-01 -2.536468e+00 -5.159084e+00 -1.271199e+01 -4.781319e+00 -6.088291e+00 -8.366394e+00 -4.655217e+00 2.318822e-01 -1.569741e+00 4.588039e+00 1.623735e+00 1.330339e+00 1.230719e+00 -1.246342e-01 1.344446e+00 -2.169620e+00 -2.186147e-01 -1.631953e+00 -1.353059e+00 -1.072338e+00 -1.067284e-01 
4.790263e+00 4.236340e+00 1.065993e+01 2.421370e+00 1.956977e+00 -5.063869e+00 1.152035e+00 -8.067108e-01 -2.064101e+00 -6.080456e+00 -7.190517e+00 -1.216821e+01 1.500262e-01 7.184941e-01 -1.041336e-01 -9.857543e-01 -1.484888e+00 -8.438379e-01 -3.669984e-01 -1.461004e-01 -1.713895e-01 9.302483e-01 -3.534118e-01 -2.447750e-01 -9.982349e-01 2.824799e-02 
1.046622e+01 3.344506e+00 4.537457e+00 -3.582612e-01 -7.029300e-01 -6.986221e+00 -4.595016e+00 -5.818864e+00 -4.198715e+00 -3.319509e+00 -1.925317e+00 -1.126424e+01 2.419854e-01 2.509621e+00 -4.579702e+00 -2.567390e+00 -2.580457e+00 -9.573668e-01 6.598635e-01 -1.820452e+00 2.498919e+00 2.579370e-01 1.613450e+00 3.561462e-01 1.206837e-02 1.048653e-01 
1.615913e+01 -6.173084e+00 -8.303695e-01 -4.723114e+00 -3.276562e+00 -3.686979e+00 -8.381050e+00 -3.524238e+00 -1.686604e+00 -3.571603e+00 -4.873366e+00 -6.274015e+00 4.895518e-01 1.997545e+00 -4.500355e+00 -2.394989e+00 -2.335554e+00 -1.284301e+00 1.963585e+00 -2.673131e+00 9.571185e-01 -5.607835e-01 1.726982e+00 -9.122637e-01 1.207961e+00 1.261323e-01 
1.444967e+01 -1.202016e+01 1.444398e+00 -6.891814e+00 -1.917858e+00 7.440495e-02 -9.494802e+00 1.141363e+00 -3.680382e+00 7.245324e-01 -7.744239e+00 -7.541971e+00 5.864460e-01 4.371367e-02 -2.858001e+00 -7.104791e-01 -1.293867e+00 -3.165315e-01 2.127511e+00 -1.146341e+00 2.086062e+00 -6.223384e-01 1.114923e+00 -1.703346e+00 6.698637e-01 7.859130e-02 
1.278626e+01 -1.058310e+01 2.315180e-01 -5.989624e+00 -3.857063e+00 1.223742e+00 -9.763723e+00 4.987679e-01 -5.127185e+00 5.324337e-01 -8.842375e+00 -7.989540e+00 6.084572e-01 -6.411453e-01 6.766629e-02 4.043426e-01 -1.796166e-01 3.947581e-01 1.103583e+00 -1.076258e+00 2.226131e+00 -1.427006e+00 6.244426e-01 -6.480497e-01 -1.970646e-01 3.353125e-03 
1.237122e+01 -8.740491e+00 4.541179e-01 -6.194342e+00 -1.995337e+00 1.195972e+00 -9.635386e+00 2.599941e+00 -5.590117e+00 2.030883e-01 -8.457542e+00 -7.057163e+00 5.754892e-01 4.270077e-01 2.055867e+00 7.521269e-01 1.938904e+00 -2.235399e-01 -9.406881e-02 -8.525495e-02 5.047088e-01 -1.660976e+00 -4.219676e-01 5.032340e-01 -1.315862e+00 -3.597309e-02 
1.399263e+01 -7.474585e+00 1.686483e+00 -5.969934e+00 -1.264032e+00 1.270154e+00 -1.369205e+01 6.877131e+00 -7.866766e+00 -1.886683e-01 -7.756962e+00 -7.501742e+00 5.117959e-01 6.447285e-01 2.751996e+00 2.321396e+00 3.516704e+00 -9.992469e-01 -1.938669e+00 1.413718e+00 2.072985e-01 -2.032409e+00 -3.858086e-01 -4.393187e-01 -2.269813e+00 -4.114766e-02 
1.598153e+01 -3.295080e+00 4.477550e+00 2.792861e+00 -4.332073e+00 -4.191451e-01 -7.956913e+00 4.757259e-01 -1.061547e+01 -1.024755e+00 -5.770775e+00 -1.436518e+01 4.549112e-01 5.406385e-01 2.840362e+00 2.530842e+00 3.659467e+00 -1.706456e+00 -2.189142e+00 2.254293e+00 -6.365579e-01 -2.004450e+00 -4.854809e-01 -1.657798e+00 -1.893311e+00 -2.859330e-02 
1.420475e+01 4.541739e-01 9.826782e+00 7.100294e+00 -7.684929e+00 -7.662045e+00 -3.534369e+00 2.597368e+00 -1.277655e+01 -7.826881e-01 -1.238235e+01 -1.568460e+01 4.630079e-01 1.585162e-02 2.543921e+00 1.918993e+00 2.295696e+00 -5.882880e-01 -1.117698e+00 1.930956e+00 -7.478899e-01 -1.205847e+00 -1.272760e+00 -1.617820e+00 -8.723257e-01 -1.199982e-02 
1.496835e+01 1.496938e+00 9.038177e+00 5.567883e+00 -7.317171e+00 -5.283636e+00 -3.442762e+00 1.557032e+00 -1.315747e+01 -1.927306e+00 -1.443384e+01 -1.243229e+01 4.569167e-01 -4.256462e-01 1.851797e+00 7.900760e-01 -5.624034e-01 8.580679e-01 3.050103e-01 5.857671e-01 -6.471862e-01 -7.982334e-01 -1.337097e+00 -1.932642e+00 1.119616e+00 -3.269082e-03 
1.457847e+01 2.849012e+00 9.001133e+00 4.121034e+00 -2.712924e+00 -1.886091e+00 -6.294350e+00 2.597028e+00 -1.262500e+01 -6.101192e+00 -1.151453e+01 -1.282981e+01 4.507940e-01 -9.859111e-02 7.426125e-01 -1.867924e-01 -8.079423e-01 1.720659e+00 1.047624e+00 3.993548e-01 -1.754421e+00 -5.827303e-01 -1.996221e+00 -9.164060e-01 1.919684e+00 -6.652445e-03 
1.366644e+01 4.766484e+00 8.840755e+00 1.470474e+00 -2.527736e+00 -1.782071e+00 -3.648087e+00 -2.760035e+00 -1.468242e+01 -5.050987e+00 -1.586789e+01 -1.019449e+01 4.446728e-01 -3.112798e-01 -5.663381e-01 2.497649e-01 5.730275e-01 1.487138e+00 1.878516e-01 5.542421e-01 -1.989884e+00 -7.172003e-01 -2.013513e+00 -9.438116e-01 1.909332e+00 -8.529049e-03 
1.436275e+01 2.532463e+00 8.991531e+00 5.109286e+00 -1.476354e+00 -4.174708e+00 -1.434932e+00 -4.016203e+00 -1.492773e+01 -9.201952e+00 -1.624735e+01 -7.205076e+00 4.358677e-01 -4.297225e-01 -4.946070e-01 7.732631e-01 1.823196e+00 1.325658e+00 -1.300928e+00 -3.771887e-01 -2.653310e+00 -2.713005e-01 -1.994751e+00 -6.029499e-01 1.596539e+00 -1.002315e-02 
1.351981e+01 -1.176478e+00 1.029180e+01 7.938894e+00 -4.997644e-01 -3.200069e+00 -3.101260e+00 -5.085772e+00 -1.559211e+01 -1.044449e+01 -1.678648e+01 -5.698004e+00 4.217346e-01 -6.406195e-01 1.089766e-01 3.181067e-01 1.679456e+00 1.594907e+00 2.300672e-01 -1.062801e+00 -2.627286e+00 9.113884e-03 -3.107659e+00 -1.028902e-01 6.739985e-01 -1.943721e-02 
1.250317e+01 3.347458e+00 1.214193e+01 1.000281e+01 2.901382e+00 -7.681730e+00 -8.453707e+00 -9.506653e+00 -1.352666e+01 -1.337819e+01 -1.406999e+01 -7.095364e+00 4.121473e-01 -9.749676e-01 9.289479e-01 -5.190424e-01 5.984911e-01 1.475662e+00 1.132391e+00 -5.620375e-01 -2.734535e+00 5.286379e-01 -2.016965e+00 6.772137e-01 -6.862991e-01 -3.809986e-02 
1.139313e+01 4.903870e+00 8.856091e+00 7.420992e+00 3.257928e+00 1.121776e+00 -5.452707e+00 -1.315124e+01 -1.533739e+01 -1.850116e+01 -1.747103e+01 -6.879353e+00 3.593469e-01 -1.243950e+00 9.590082e-01 -1.148677e+00 -4.599902e-01 3.805885e-02 2.155067e-01 5.600231e-01 -1.213332e+00 7.985007e-01 -1.795817e+00 1.416497e+00 -1.066694e+00 -5.936160e-02 
1.055126e+01 4.137029e+00 7.114175e+00 8.360693e+00 4.023109e+00 -6.736760e-01 -3.069396e+00 -1.365614e+01 -1.241191e+01 -1.525844e+01 -1.251901e+01 -1.004590e+01 2.765623e-01 -1.310876e+00 -3.332127e-01 -1.373894e+00 -8.092632e-01 -6.563570e-01 -7.972298e-02 1.044528e+00 8.583275e-01 1.305195e+00 1.190460e-01 7.198040e-01 -9.237553e-01 -8.080991e-02 
8.276019e+00 3.223778e+00 7.062294e+00 6.460000e+00 -8.703337e-01 -5.626563e+00 -2.993300e+00 -9.077687e+00 -1.215698e+01 -1.848345e+01 -1.047948e+01 -9.556206e+00 1.927192e-01 -1.490329e+00 -6.029373e-01 -1.107764e+00 -1.135448e+00 -3.581918e-01 -1.276453e+00 -2.249489e-02 2.314941e+00 2.341978e+00 1.685517e+00 1.443429e+00 -5.133995e-01 -1.017065e-01 
7.507349e+00 2.521441e+00 6.169353e+00 6.436986e+00 1.683728e+00 -4.706175e+00 -4.460771e+00 -7.251792e+00 -8.590883e+00 -1.279182e+01 -1.396674e+01 -1.037571e+01 9.141165e-02 -1.715791e+00 -7.622644e-01 -1.613026e+00 -1.089665e+00 1.946566e-01 3.429001e-01 6.578140e-02 2.961139e+00 2.669448e+00 2.730075e+00 1.317642e+00 1.322754e+00 -1.024196e-01 
5.463441e+00 2.696978e+00 3.789683e+00 2.705605e+00 2.636660e+00 -3.244239e+00 -4.869494e+00 -4.778711e+00 -5.538007e+00 -1.130689e+01 -9.530020e+00 -9.281443e+00 -5.661047e-02 -1.629233e+00 -1.092781e+00 -2.158288e+00 -4.607569e-01 1.163778e+00 1.365952e+00 1.144309e+00 2.114037e+00 3.529983e+00 4.245978e+00 2.590426e+00 3.525388e+00 -8.593558e-02 
3.378590e+00 5.891071e-01 6.853504e-01 4.789566e+00 3.242896e+00 -1.503372e-01 -1.802392e+00 -9.999354e-01 -2.374149e+00 -5.196353e+00 -6.405537e+00 -3.569510e+00 -1.108710e-01 -1.493007e+00 -1.018120e+00 -1.013072e+00 1.879366e-01 5.875329e-01 9.126929e-01 1.357733e+00 9.899268e-01 1.754215e+00 3.039937e+00 2.676987e+00 4.129229e+00 -5.290901e-02 
2.194236e+00 -1.273961e+00 -9.871414e-01 4.979926e+00 4.168972e+00 -1.074723e+00 1.399054e+00 -1.633432e+00 2.384570e+00 -1.051292e+00 -1.307956e+00 4.667628e+00 -1.358174e-01 -1.182860e+00 -1.214441e+00 6.290027e-01 1.061242e+00 3.170088e-01 8.667084e-01 1.094449e+00 8.595888e-01 1.595487e+00 1.210796e+00 4.094020e-01 2.869257e+00 -2.087904e-02 
1.676916e+00 -5.836891e-01 3.492407e+00 6.239509e+00 3.855237e+00 -1.227468e+00 -8.063798e-01 -3.874798e+00 -3.781096e+00 -2.719932e+00 -4.692836e+00 3.295897e+00 -1.335299e-01 -5.935857e-01 -5.674648e-01 8.610800e-01 -6.188917e-02 -1.012153e-01 6.951060e-01 4.145655e-01 7.420365e-01 -2.821393e-01 -1.257806e+00 -2.094561e-01 6.868356e-01 -6.119466e-03 
3.999786e-01 -2.788829e+00 5.531169e+00 7.286841e+00 3.915534e+00 1.627868e+00 1.047425e-01 9.566641e-01 3.142905e+00 -6.491115e+00 -8.339361e+00 1.632141e+00 -1.496762e-01 -3.922049e-01 -1.072527e-01 1.248949e-01 -8.006870e-01 -1.032598e-01 8.735967e-01 -2.608895e-03 1.711131e+00 -1.075273e+00 -2.454117e+00 -7.108615e-01 -8.615925e-01 -3.195953e-03 
1.307790e+00 -1.490783e+00 1.731595e+00 3.326662e+00 2.863539e+00 1.973897e+00 9.175904e-01 1.415199e+00 -4.164013e+00 -8.765472e+00 -3.937115e+00 1.382411e+00 -1.345389e-01 -3.497232e-01 2.541731e-01 -1.026573e+00 -6.625659e-01 2.361432e-01 9.143254e-01 9.376253e-01 2.559944e+00 1.034016e+00 4.832169e-01 5.941968e-01 -3.952719e-01 4.889488e-04 
4.177742e-01 -1.356678e+00 5.177392e-01 2.432914e+00 4.148523e+00 1.692577e+00 5.240240e-01 4.277225e+00 -2.800334e+00 -1.029911e+01 -5.240124e+00 1.316409e+00 -1.512927e-01 -1.629934e-01 1.094724e+00 3.625483e-02 -3.493026e-01 -6.633730e-02 -3.037618e-01 1.457525e+00 1.774971e+00 4.110162e-01 1.606409e+00 9.862962e-01 7.927683e-01 3.669500e-03 
-8.059788e-02 -2.889925e-02 8.662568e-01 5.353643e+00 4.919457e+00 3.311804e+00 3.672106e+00 7.264644e+00 4.360604e+00 1.600150e+00 -3.271471e+00 1.477404e+00 -1.302769e-01 -2.345364e-01 8.790234e-01 7.834232e-01 -2.433088e-01 -6.051098e-01 -2.136178e-01 1.234567e+00 1.052773e+00 2.162096e+00 3.000724e+00 6.127777e-01 1.179418e+00 -4.897117e-05 
2.792053e-01 1.953848e+00 6.145112e+00 4.526837e+00 2.555887e+00 -5.598941e-01 6.015110e+00 6.906796e+00 9.356771e-01 -3.641882e+00 -3.740702e+00 5.548486e+00 -1.334597e-01 -1.851456e-01 4.618300e-01 4.173194e-01 -4.324524e-01 -7.629218e-01 -3.331924e-01 1.645247e+00 1.081426e-01 1.665460e+00 2.453694e+00 9.195601e-01 1.155070e+00 -8.725763e-04 
2.043924e-01 1.249072e+00 2.835025e+00 1.063156e+00 6.343074e-01 2.032043e+00 4.344881e+00 5.364279e+00 4.778459e+00 2.909534e+00 -1.622938e+00 5.163461e+00 -1.437002e-01 -6.329469e-02 -5.861587e-02 -1.831566e-01 -6.407902e-01 -1.539738e-01 3.500272e-01 1.717396e+00 4.620491e-01 7.815595e-01 -2.674915e-01 9.712077e-01 8.845555e-01 -5.751574e-03 
-6.504488e-01 3.134868e-01 1.619952e+00 2.415895e+00 2.476489e+00 6.664951e-01 8.413872e+00 5.768120e+00 5.318037e+00 1.314671e+00 -1.466590e+00 5.248728e+00 -1.489439e-01 -3.241924e-01 -6.940573e-01 -8.852692e-01 -4.005908e-01 1.138948e+00 1.717877e+00 1.985858e+00 1.019713e+00 1.263074e+00 -6.652474e-01 4.094383e-01 4.671703e-01 -4.325843e-03 
6.775570e-02 4.982021e-01 2.213054e+00 3.205163e+00 4.189288e+00 4.448745e+00 1.105970e+01 1.014423e+01 6.077222e+00 -2.215584e+00 4.475121e-01 6.050060e+00 -1.512927e-01 6.161690e-02 1.907682e-02 1.755123e-01 7.539090e-01 1.656541e+00 6.813487e-01 -8.026160e-01 -7.887603e-01 2.355796e-01 -3.414906e-01 9.683423e-01 5.625850e-01 -1.753366e-03 
-1.273438e+00 -1.141003e+00 2.029752e+00 1.452880e+00 6.473136e+00 6.821141e+00 1.258699e+01 9.615387e+00 6.601664e+00 -4.405560e+00 -2.728735e+00 7.441038e+00 -1.512927e-01 3.599472e-01 7.512225e-01 1.442791e-01 2.605899e-01 1.144809e+00 2.238723e-01 -2.677557e+00 -1.561829e+00 3.372384e-02 5.949085e-01 8.316954e-01 -5.474094e-01 -4.697561e-04 
8.239717e-01 2.071701e+00 3.507687e+00 5.314209e+00 6.918686e+00 2.361465e+00 -1.754758e+00 -5.031557e-01 5.314544e+00 4.062196e+00 3.849846e+00 6.880231e+00 -1.512927e-01 2.901669e-01 1.196386e+00 -8.003624e-02 1.927481e-01 -2.756177e-01 -4.907550e-01 -2.709752e+00 -2.025285e+00 -8.216909e-01 1.326562e+00 2.207930e-01 -1.212037e+00 9.152984e-03 
7.711792e-01 3.282850e+00 1.694031e+00 2.664322e+00 6.835836e+00 2.829497e+00 1.433317e+00 3.282667e+00 5.867995e+00 1.150323e+00 9.907198e-01 2.096596e+00 -1.512927e-01 -4.631748e-02 9.058754e-01 -8.924584e-01 -4.507753e-01 -1.189932e+00 -4.877534e-01 -7.430113e-01 5.877060e-01 -4.223651e-01 1.546415e+00 9.958277e-01 -1.305977e+00 1.420817e-02 
4.962816e-01 4.268208e+00 1.980733e+00 3.563182e+00 2.629849e+00 3.990792e+00 3.087783e+00 3.184163e+00 2.335601e+00 1.639283e+00 -3.082504e-01 2.662096e+00 -1.055278e-01 -9.451050e-01 -3.671947e-01 -7.054508e-01 -1.139495e+00 -6.586648e-01 -9.064670e-02 9.406881e-01 9.641676e-01 6.431007e-03 -8.203096e-01 -1.845316e-01 -3.808495e-01 4.815841e-03 
-1.341181e+00 2.290120e+00 -1.669064e+00 7.451630e-02 2.667897e+00 3.567710e+00 6.450664e+00 1.071026e+01 5.979310e+00 4.537971e+00 4.329451e+00 3.020222e+00 -1.031343e-01 -7.988639e-01 -5.644581e-01 9.538988e-02 3.385790e-01 5.173826e-01 2.394656e-01 -2.624599e-01 -5.361435e-01 5.273668e-01 -1.634089e-01 5.346081e-01 2.665010e-01 -4.576492e-03 
-2.845373e+00 7.320917e-01 1.661980e+00 9.116378e-01 5.709332e+00 1.539124e+00 4.400098e-01 6.038871e-01 5.291041e+00 -1.733176e+00 1.257823e+00 4.514171e+00 -1.512927e-01 -6.635723e-01 -2.529117e-01 2.096418e-01 2.253342e-02 1.037682e+00 -3.755100e-01 -6.464960e-01 -1.745817e+00 6.392196e-01 -8.123801e-01 4.477631e-01 -1.051188e-04 -1.396883e-02 
-1.552313e+00 2.228617e+00 2.330357e+00 5.682989e+00 7.883008e+00 5.252659e+00 1.444905e+00 1.892087e+00 7.027109e+00 2.019508e+00 2.880723e+00 2.503063e+00 -1.512927e-01 -9.327821e-02 4.742028e-01 1.166846e+00 1.091973e+00 6.695187e-01 -2.481074e-01 -8.485199e-01 -1.818473e+00 -5.672697e-01 -7.986921e-01 6.170721e-02 2.900658e-01 -9.631681e-03 
-2.716014e+00 3.034401e+00 1.029232e+00 8.716130e-01 5.210704e+00 1.270767e+00 2.358182e+00 -1.135835e+00 5.007800e+00 -1.163386e+00 2.654929e+00 2.920149e+00 -1.512927e-01 1.724014e-02 3.170260e-01 4.745525e-01 4.591344e-01 5.113313e-01 8.362013e-01 -1.233311e-01 -7.580689e-01 -4.475355e-01 1.336707e+00 1.126318e+00 1.052089e+00 0.000000e+00 
-1.872252e+00 3.509980e+00 4.481538e+00 5.554393e+00 6.264805e+00 2.461351e+00 1.248978e+00 2.487753e+00 3.284582e+00 2.596154e-01 3.939434e+00 5.267561e+00 -1.512927e-01 -5.271826e-02 -5.909371e-01 -2.190688e-01 -1.002295e+00 -2.766082e-01 9.531326e-01 9.407604e-01 -5.126171e-01 -6.109934e-01 2.638423e-01 3.590851e-01 1.441084e+00 0.000000e+00 
-2.599203e+00 1.676540e+00 2.959152e+00 3.271608e+00 9.075090e+00 7.115785e+00 -7.868242e-02 -3.484290e+00 4.924627e+00 5.830307e+00 6.360059e+00 8.392367e+00 -1.512927e-01 1.681351e-01 -9.720196e-01 -5.729842e-01 -8.883072e-01 -2.982891e-01 1.628456e+00 1.613607e+00 1.293605e-01 -1.258996e-01 1.592775e-01 -7.785392e-02 9.809267e-01 0.000000e+00 
-1.874310e+00 -4.713827e-02 2.700530e-01 -5.284845e-01 4.567774e+00 7.095814e+00 7.367139e+00 5.032293e-01 4.013728e+00 -1.581273e-01 2.823584e+00 6.972376e+00 -1.512927e-01 7.207775e-02 -8.837914e-01 -1.111207e+00 -1.596585e+00 -7.901376e-01 9.248956e-01 1.968214e+00 1.847219e-03 5.473939e-02 -6.823920e-01 -5.768174e-01 1.989637e-01 0.000000e+00 
