-1.176807e+01 1.082815e+00 -1.566448e-01 -1.045997e-01 3.922091e+00 -2.224561e+00 5.223405e-01 2.313240e+00 1.511577e+00 7.016896e+00 3.637770e+00 -4.714437e+00 -4.510915e-02 6.979141e-02 -2.775415e-02 4.122422e-01 7.276859e-01 -3.008376e-02 -2.663621e-01 -1.206109e+00 -2.538926e-01 3.966344e-01 -1.104224e-01 4.428141e-01 8.607060e-01 5.476713e-04 
-1.313329e+01 1.216685e+00 1.196482e+00 6.609397e-01 5.254259e+00 -3.170606e+00 3.738054e-01 1.924356e+00 -1.328962e+00 8.644259e+00 8.410940e+00 -6.800879e+00 -3.811228e-02 6.422669e-01 -5.797875e-01 -5.043389e-01 -2.940889e-01 3.849234e-01 -8.665108e-02 -1.336843e+00 -8.465080e-01 -1.194566e+00 -2.081133e+00 -6.537563e-01 1.170332e+00 4.493928e-03 
-1.073650e+01 8.771085e-01 1.228003e+00 3.151060e+00 3.105588e+00 -3.083348e+00 -5.433939e+00 1.238219e+00 4.915019e+00 5.651103e+00 3.465255e+00 6.323152e-01 -4.586923e-02 1.952431e+00 -2.009641e+00 -1.185343e+00 -2.315282e+00 4.726928e-01 1.214555e-01 -2.110125e+00 2.593245e-01 -2.954260e+00 -3.240932e+00 -1.342480e+00 1.250190e+00 4.944988e-02 
-9.072519e+00 -1.713270e+00 -3.370663e+00 -3.202874e+00 6.254959e+00 -2.228422e+00 -3.183735e+00 -1.381790e+00 -6.162971e+00 -2.705871e+00 4.552460e-01 -1.536150e+00 -2.225947e-02 1.950333e+00 -1.507038e+00 -1.920194e+00 -2.836947e+00 5.438904e-01 1.049444e+00 -6.243616e-01 3.376351e-01 -2.375765e+00 -3.569666e+00 -1.460316e+00 1.293326e+00 3.107861e-02 
-4.036300e+00 -7.500413e+00 -3.799785e+00 -9.749105e+00 5.785204e+00 -2.088375e+00 -8.249513e+00 5.262936e+00 -1.084272e+01 -3.512698e+00 9.032145e-01 -1.095849e+00 1.942139e-01 3.508285e-01 7.088573e-02 -1.051695e+00 -1.333224e+00 6.820501e-01 1.138238e+00 8.478427e-01 9.483049e-02 -1.972741e+00 -1.544582e+00 -4.220988e-01 -9.174007e-01 1.319921e-03 
-6.731724e+00 -2.129746e+00 -5.890595e+00 -7.073714e+00 6.633902e+00 1.579129e+00 -1.340216e+00 1.600173e+00 -5.328919e+00 -4.622169e+00 2.390382e+00 5.298355e-01 -2.760768e-03 -8.174173e-01 1.611108e+00 4.401073e-01 1.432880e+00 -4.345667e-01 -2.455544e-01 6.262665e-01 4.475994e-02 1.463405e+00 1.560065e+00 1.258586e+00 2.927451e-02 -3.134922e-02 
-1.015276e+01 1.439775e+00 -2.770507e+00 -1.579639e+00 6.326367e+00 7.040672e-01 -2.116485e+00 2.213895e-01 -5.365711e+00 -1.113659e+00 3.871932e-01 -4.987680e+00 -4.901898e-02 -1.777090e+00 2.292357e+00 1.063649e+00 3.023598e+00 -1.381617e-01 -8.886734e-01 1.517178e+00 -1.062690e+00 2.291354e+00 2.576366e+00 1.141281e+00 4.823087e-01 -5.473588e-02 
-1.010138e+01 1.872177e+00 -1.684765e+00 -1.232057e-01 3.811544e+00 -4.852416e+00 -3.118917e+00 1.362782e+00 -1.584448e+00 3.894932e+00 7.006188e+00 5.561383e-01 -5.738914e-02 -1.028147e+00 -4.653582e-01 1.983390e+00 3.275519e+00 -2.441133e-01 -1.530416e+00 -6.617388e-01 3.176798e-01 2.519999e+00 1.638996e+00 1.025742e+00 8.285596e-01 -3.078890e-03 
-1.123693e+01 1.960412e+00 -5.844567e-01 1.893630e+00 6.505574e+00 -3.315970e+00 2.257258e-01 6.818163e-02 -1.258186e+00 5.110581e+00 4.301719e+00 1.302543e+00 -5.215132e-02 -8.179221e-01 -3.302268e+00 1.492524e+00 2.535226e+00 -2.552465e-01 -1.473894e+00 -2.432918e+00 5.997074e-01 2.371430e+00 -4.603385e-01 6.138892e-01 6.384120e-01 3.758200e-02 
-1.133038e+01 -4.716855e+00 2.933328e+00 7.567246e+00 5.323732e+00 -4.062930e+00 -5.820015e+00 3.265177e+00 5.217314e+00 4.606915e-01 5.561831e+00 1.527522e+00 -1.658905e-02 -5.551869e-01 -1.724393e+00 7.747465e-01 1.298640e+00 -8.288307e-02 1.028320e-01 -4.368849e-01 5.055161e-01 1.627898e+00 4.081523e-01 4.979042e-01 3.273548e-01 2.040576e-02 
-1.362787e+01 -1.177705e+01 2.383066e+00 7.251264e+00 4.294041e+00 -7.060147e+00 -1.293052e+01 2.268729e+00 3.090557e+00 -1.698231e+00 4.178818e+00 -2.281312e+00 1.184910e-01 3.852520e-02 3.050945e-01 -2.274261e-01 7.257342e-02 -6.844970e-01 7.974741e-01 3.848066e-01 -3.417849e-01 -6.570932e-01 8.047080e-01 1.192086e+00 4.339335e-01 3.884959e-03 
-1.168184e+01 1.189423e-01 7.052056e-01 3.691180e+00 4.502896e+00 -2.466167e+00 1.274784e+00 2.790089e+00 4.380670e+00 9.340100e+00 9.557160e+00 3.984840e+00 -4.068148e-02 5.443586e-01 2.710056e+00 -2.432861e-01 -1.537477e+00 -8.147249e-01 6.443180e-01 1.688150e+00 1.775886e-01 -6.782466e-01 1.695716e+00 -6.083480e-01 1.063994e-01 -2.104041e-02 
-1.086857e+01 1.067985e+00 -6.075259e-01 4.194530e+00 3.493507e+00 -1.269808e-01 -1.397641e+00 -1.403199e+00 -4.125330e+00 4.694417e+00 8.264486e+00 2.243551e+00 -2.068031e-02 2.795735e-01 3.233167e+00 -1.071009e+00 -1.850053e+00 -1.273529e+00 2.075718e+00 1.834745e+00 1.361997e+00 1.277111e-01 1.583666e+00 -3.383500e-01 -1.125970e+00 -1.082361e-02 
-9.988234e+00 2.410908e+00 3.212193e+00 1.408230e+00 1.650374e+00 -4.307923e+00 -3.145707e+00 5.989084e+00 5.434025e+00 5.742948e+00 4.772573e-01 -2.029132e-01 -5.220544e-02 -1.135019e-01 9.457769e-01 -1.138201e+00 -1.282890e+00 -9.116932e-01 8.457886e-01 -1.145556e+00 8.604469e-01 -6.985588e-02 -4.517500e-01 -1.226547e+00 -2.155761e+00 2.460613e-02 
-1.307680e+01 3.242806e+00 -4.225474e+00 -8.575251e-01 -6.473417e-01 4.239324e+00 -1.546553e+00 7.479215e+00 3.202436e+00 8.018674e+00 7.027019e+00 -5.817284e+00 7.013494e-02 1.180860e-01 1.423602e-01 -9.666810e-01 -1.357828e+00 4.914948e-01 3.097339e-01 3.361524e-01 -2.749085e-01 -6.793976e-01 -1.613141e+00 -1.588052e+00 -1.586734e+00 -2.217805e-03 
-1.114523e+01 3.760417e+00 -3.176824e+00 -1.972435e-01 2.014854e+00 -4.203768e-01 -4.378542e+00 2.651117e+00 3.675070e-01 5.419221e+00 4.043158e+00 -2.763550e+00 3.694153e-02 6.274517e-01 -5.169940e-03 -6.282233e-01 -4.093252e-01 1.064298e+00 -7.481696e-01 2.812639e-01 -1.913823e+00 -2.726149e+00 -1.864596e+00 -1.263675e+00 -2.510075e-01 -1.577426e-02 
-9.699640e+00 1.105032e+00 -2.246422e+00 -1.791873e+00 5.768741e+00 -5.220847e-01 8.995389e-01 -1.108758e+00 -4.989059e+00 -3.209426e+00 -1.458722e+00 -4.409801e+00 -7.634282e-02 1.253201e+00 2.138395e-02 1.169159e+00 -9.692542e-02 3.972968e-01 -3.420255e+00 -5.397406e-01 -2.010124e+00 -2.814786e+00 -1.047753e+00 -1.242887e+00 4.995606e-01 -3.060846e-02 
-8.539557e+00 3.453945e+00 -9.184493e-01 -1.712217e-01 3.763823e+00 -5.668067e+00 -2.962434e+00 7.139568e-01 -4.100973e+00 2.034019e+00 -1.598248e+00 -2.161692e+00 -5.783784e-02 6.856817e-01 8.750051e-01 1.771660e+00 2.976654e-01 -7.333425e-01 -2.419966e+00 -1.111329e+00 -1.098130e+00 -1.384966e+00 3.216138e-02 -3.693291e-01 -4.484591e-01 -8.723712e-03 
-8.113636e+00 3.502962e+00 4.911346e-01 -1.355163e+00 4.646580e-01 -1.023811e+01 -4.953310e+00 -1.602827e+00 -8.637258e+00 4.472512e+00 3.633284e+00 -3.620410e+00 -3.551769e-02 1.958881e+00 2.400169e+00 1.942148e+00 2.925908e-01 -7.726212e-01 -9.566026e-01 -9.666497e-01 -3.734192e-01 -1.669329e-01 4.033821e-01 1.987605e-01 -1.702494e-01 3.375940e-02 
-8.509825e+00 6.936477e+00 4.312698e+00 1.072729e+00 1.000184e+00 -7.662199e+00 -7.008761e+00 -2.592500e+00 -4.733224e+00 1.739059e+00 -3.494906e-01 -5.400541e+00 -2.708960e-02 4.846526e+00 2.260249e-01 1.014581e+00 2.467240e-02 -2.595075e+00 2.460075e-01 1.704579e+00 2.619899e-01 -8.273775e-01 -2.582013e+00 1.497825e+00 6.909032e-02 1.157483e-01 
7.990170e-02 1.136461e+01 4.848743e+00 -9.508940e-01 3.287455e+00 -4.308032e+00 -1.910546e+00 -1.322626e+00 -5.507598e+00 -1.045036e+00 -1.089299e+00 -3.641623e+00 7.708007e-02 6.038318e+00 -1.732270e+00 3.515477e-01 -1.765836e-01 -3.933229e+00 8.600460e-01 2.444548e+00 1.093564e+00 -4.949347e-01 -3.653551e+00 2.035112e+00 6.481224e-01 1.648739e-01 
1.159631e+01 6.532444e-01 1.975652e+00 -2.499943e-01 -1.062295e+01 -7.403067e+00 4.039078e+00 1.883806e+00 -9.802691e+00 -8.117271e+00 8.252169e+00 -1.805634e+00 4.646049e-01 5.006232e+00 -2.967944e+00 2.953150e-02 -1.153435e+00 -4.742551e+00 -1.297441e+00 1.359025e+00 9.083970e-01 7.667943e-01 -2.069029e+00 2.011255e+00 4.098209e-01 1.851975e-01 
1.202489e+01 -2.016773e+00 3.417396e+00 -1.576720e+00 -1.338992e+01 -6.067442e+00 1.745508e+00 1.626842e+00 -8.577199e+00 -8.867076e+00 9.508015e+00 -2.177251e+00 5.430047e-01 1.823705e+00 -2.057483e+00 1.707267e-01 -1.213069e+00 -4.578523e+00 -2.032623e+00 -1.179792e+00 -4.725414e-02 2.472733e+00 -1.755610e-02 7.667915e-01 -3.870551e-01 1.496387e-01 
1.054885e+01 -1.212549e+00 5.176029e+00 -4.381533e+00 -1.437388e+01 -1.326970e+01 -2.041663e+00 4.747514e-01 6.355467e-01 -4.695067e+00 4.408129e+00 -4.083623e+00 6.659358e-01 -6.936774e-01 5.323677e-01 2.759741e-01 -1.420305e+00 -2.252319e+00 -1.306930e+00 -2.390195e+00 -6.715576e-01 3.543375e+00 2.193580e+00 -1.402624e+00 2.902364e-01 8.260799e-02 
9.722157e+00 2.010092e+00 4.102188e+00 -4.950469e+00 -1.772970e+01 -1.153783e+01 -4.769135e+00 -8.543692e-01 1.636947e+00 -2.843919e+00 4.666678e+00 -4.437904e+00 7.246084e-01 -2.787180e-01 8.316420e-01 -7.318823e-01 -1.500782e+00 -2.058372e+00 -5.712529e-01 -8.528099e-01 -4.462752e-01 3.629105e+00 2.174910e+00 -2.041232e+00 1.181814e+00 7.502495e-02 
9.279285e+00 1.301650e+00 3.013126e+00 -5.664646e+00 -1.971466e+01 -1.120252e+01 -4.654575e+00 -2.333769e-01 2.807113e+00 -1.609514e-01 3.659716e+00 7.758741e-01 7.868430e-01 7.246919e-01 1.934698e-01 -1.779670e+00 -1.654839e+00 -1.779140e+00 1.469015e+00 1.200231e+00 3.798744e-01 2.798621e+00 6.053074e-01 -1.920587e+00 1.396705e+00 6.352025e-02 
1.126608e+01 8.843372e-01 8.394357e-01 -8.439075e+00 -2.101139e+01 -9.957294e+00 -1.212086e+00 -2.504700e-01 8.482545e+00 -2.595851e-01 -3.239388e-01 1.302069e+00 8.576759e-01 1.047487e+00 -8.182968e-01 -1.556184e+00 -2.436385e+00 -4.575972e-01 2.234272e+00 2.137001e+00 9.770095e-01 2.002999e+00 -7.732844e-02 -2.876599e+00 1.902429e+00 5.430109e-02 
1.340034e+01 3.176771e-01 -2.090947e+00 -1.091142e+01 -2.162873e+01 -6.714893e+00 2.180970e+00 2.072174e+00 1.120585e+01 -2.960697e+00 -2.699498e+00 2.991611e-02 9.170033e-01 7.635490e-01 -9.619135e-01 -1.244631e+00 -2.702593e+00 5.736612e-01 3.267171e+00 1.745049e+00 9.509922e-01 4.671024e-01 -8.693625e-01 -3.112852e+00 1.815373e+00 3.992166e-02 
1.289906e+01 -1.589405e+00 -1.126696e+00 -1.450900e+01 -1.906064e+01 -2.610283e+00 2.498099e+00 2.877903e+00 7.452573e+00 -1.830688e+00 -6.536707e+00 5.447222e+00 9.310337e-01 -1.260356e-01 -1.276740e+00 -5.561463e-01 -2.421901e+00 1.638086e+00 3.142785e+00 1.549613e+00 -5.137714e-01 -1.001888e+00 -6.666703e-01 -2.816472e+00 3.127472e+00 2.493992e-02 
1.228054e+01 -2.271046e+00 -2.226964e+00 -1.614265e+01 -1.782173e+01 1.459825e+00 2.215578e+00 2.957397e+00 5.657611e+00 -3.722212e+00 -8.798161e+00 7.780163e+00 9.497724e-01 -4.444081e-01 -1.639799e+00 -3.610250e-01 -1.623876e+00 2.220880e+00 2.987422e+00 6.361111e-01 -2.114792e+00 -1.196749e+00 -3.238969e-01 -1.409149e+00 3.416426e+00 1.591537e-02 
1.119580e+01 -4.204999e+00 -1.873287e+00 -1.793297e+01 -1.472447e+01 1.669273e+00 6.518674e+00 -3.261939e+00 6.247226e+00 -3.212179e+00 -1.135696e+01 1.306431e+01 9.659909e-01 -1.900563e-01 -1.539987e+00 -7.743881e-01 -2.508336e-01 1.586599e+00 2.765387e+00 -2.348860e-01 -3.026319e+00 -2.629810e-01 8.753939e-02 7.096672e-02 2.211983e+00 1.273733e-02 
1.202993e+01 -6.573524e+00 -3.522776e+00 -1.731882e+01 -1.269242e+01 6.082442e+00 3.351238e+00 -5.431868e+00 5.824780e+00 -3.889436e+00 -7.335112e+00 1.330350e+01 9.791015e-01 -2.478002e-01 -1.554889e+00 -7.915981e-01 4.416229e-01 1.831081e+00 2.130437e+00 -1.115334e+00 -3.196577e+00 -4.922681e-02 1.468121e+00 8.407058e-01 1.065164e+00 1.132903e-02 
1.207408e+01 -7.138102e+00 -4.350730e+00 -1.517508e+01 -1.369230e+01 8.905344e+00 7.558395e-01 -8.059057e+00 6.054083e+00 -1.309379e+00 -6.913398e+00 1.374546e+01 9.800558e-01 -4.419890e-01 -1.176434e+00 -7.834162e-01 1.069412e+00 1.880891e+00 1.152444e+00 -1.681886e+00 -2.406302e+00 1.883147e-01 1.944014e+00 1.411707e+00 -1.008556e+00 7.401091e-03 
1.060240e+01 -8.578939e+00 -4.946233e+00 -1.531347e+01 -9.182402e+00 8.493977e+00 -4.796733e-01 -1.062693e+01 5.508048e+00 2.666994e+00 -6.816415e+00 1.276541e+01 9.993851e-01 -8.756641e-01 -5.851107e-01 -9.789747e-01 2.035112e+00 1.170996e+00 2.459598e-01 -1.244350e+00 -2.049242e+00 8.286709e-01 1.884355e+00 1.498470e+00 -2.750120e+00 5.459571e-03 
9.699625e+00 -9.084463e+00 -5.078640e+00 -1.358858e+01 -7.075023e+00 6.225727e+00 2.469778e-02 -1.269592e+01 7.347166e+00 3.229677e+00 -4.557778e+00 8.290579e+00 9.928546e-01 -5.472063e-01 -8.154462e-01 -8.999801e-01 2.559959e+00 6.342140e-01 1.689975e-01 -1.786776e+00 -1.048960e+00 1.698043e+00 5.353189e-01 1.891046e+00 -3.949728e+00 2.252275e-03 
8.838840e+00 -8.525896e+00 -8.053696e+00 -7.936516e+00 -1.014608e+01 8.652050e+00 -2.504942e+00 -1.335965e+01 9.321593e+00 3.262810e+00 -1.020573e+00 2.280349e+00 1.000000e+00 7.224183e-02 -8.320186e-01 -6.483985e-01 2.902551e+00 -5.365421e-01 4.213697e-01 -2.257132e+00 2.217457e-01 1.683672e+00 -1.388444e-01 1.612437e+00 -4.229606e+00 -6.292713e-03 
1.021983e+01 -1.124185e+01 -7.296899e+00 -6.063767e+00 -1.003939e+01 9.671295e+00 -7.165405e+00 -1.193750e+01 1.263752e+01 1.069308e+00 -3.560891e-01 -7.606500e-01 9.910097e-01 4.447553e-01 -9.357254e-01 -1.486292e-02 2.385345e+00 -7.426961e-01 -1.400255e-01 -1.607458e+00 6.504514e-01 8.162186e-01 2.523396e-01 5.488821e-01 -3.440269e+00 -1.335104e-02 
1.070350e+01 -1.166034e+01 -7.079096e+00 -4.563125e+00 -1.038293e+01 8.878042e+00 -8.170280e+00 -9.897409e+00 1.128123e+01 3.052957e+00 -8.550749e-01 -3.857008e+00 9.688439e-01 5.055942e-01 -2.673591e-01 2.992433e-01 2.076381e+00 -7.619143e-01 -1.471108e+00 -1.382374e-01 3.925792e-01 -6.622515e-02 1.102402e+00 -6.929720e-01 -2.443108e+00 -2.443411e-02 
1.099107e+01 -1.219587e+01 -5.640254e+00 -3.348554e+00 -1.067008e+01 5.412603e+00 -5.179924e+00 -1.117478e+01 1.044844e+01 4.596302e+00 -1.896117e+00 -5.842089e+00 9.416775e-01 3.495877e-01 5.946849e-01 5.186500e-01 2.354446e+00 -9.967910e-01 -2.245622e+00 1.763284e+00 -7.863264e-01 -1.203270e+00 2.151829e+00 -1.445861e+00 -1.046424e+00 -3.936954e-02 
1.098119e+01 -9.385683e+00 -7.385802e+00 1.087784e+00 -1.364031e+01 3.425855e+00 -4.188870e+00 -1.177811e+01 1.008501e+01 7.011322e+00 -3.715419e+00 -7.394473e+00 9.024956e-01 6.877633e-01 1.641641e+00 1.712215e+00 2.161129e+00 6.062002e-01 -2.775662e+00 2.280604e+00 -6.379107e-01 -3.510409e+00 -8.152851e-01 -6.666554e-01 1.436170e+00 -6.492846e-02 
1.182892e+01 -9.405756e+00 -4.550296e+00 2.883008e+00 -1.339466e+01 1.169278e+00 -3.396900e-01 -1.492878e+01 7.219286e+00 9.849270e+00 -6.155222e+00 -4.224037e+00 8.273362e-01 7.939141e-01 2.451696e+00 2.350327e+00 1.378201e+00 1.727860e+00 -2.672175e+00 1.595973e+00 6.615729e-01 -5.151715e+00 -3.294130e+00 9.691782e-01 2.363800e+00 -6.900458e-02 
1.372339e+01 -4.847187e+00 9.370020e-01 3.126736e+00 -5.989640e+00 -2.878605e+00 8.126227e-01 -1.120996e+01 -4.656237e+00 -3.649953e+00 -2.058799e+00 2.514816e+00 7.013723e-01 7.205020e-01 2.283311e+00 2.465299e+00 3.048665e-01 2.298035e+00 -1.992387e+00 1.140234e+00 7.400228e-01 -5.113612e+00 -3.653281e+00 1.235698e+00 2.648968e+00 -5.621215e-02 
1.358954e+01 -2.206637e+00 1.949976e+00 2.522975e+00 -5.856113e+00 -4.796041e+00 2.991928e-01 -8.150990e+00 -7.939512e+00 -6.543712e+00 2.121464e+00 1.022265e+00 6.972162e-01 2.728759e-01 2.059093e+00 1.351613e+00 -7.799721e-03 1.868132e+00 -1.246118e+00 6.621348e-01 8.004637e-01 -3.824111e+00 -2.138145e+00 9.308578e-01 9.038110e-01 -3.435982e-02 
1.370339e+01 -1.568688e+00 1.690557e+00 2.792132e+00 -5.919406e+00 -3.553420e+00 1.192858e+00 -1.146689e+01 -7.903648e+00 -3.058593e+00 -1.675272e+00 3.227216e+00 6.864948e-01 -4.325890e-01 1.212881e+00 4.427368e-01 -1.741339e-01 9.692332e-01 -4.523375e-01 6.838707e-01 -7.719092e-02 -1.048363e+00 7.267737e-01 2.529505e-01 -1.221799e+00 -1.768941e-02 
1.320330e+01 -7.495419e-01 1.830991e+00 3.011311e+00 -4.089110e+00 -4.723904e+00 2.780866e+00 -1.079800e+01 -1.027757e+01 -1.137137e+00 -1.692696e+00 -6.118181e-02 6.629758e-01 -9.622965e-01 1.161969e+00 8.866659e-01 3.880019e-01 1.308456e+00 -1.090099e-02 5.380990e-01 2.173974e-01 -1.459347e-01 7.430086e-01 -2.771003e-01 -1.340611e+00 -3.128330e-02 
1.175357e+01 4.886729e-01 3.210179e+00 2.011899e+00 -2.026975e+00 -5.176361e+00 2.991140e+00 -1.027241e+01 -8.729028e+00 -2.719372e+00 1.113034e+00 -3.052453e+00 6.300454e-01 -1.170344e+00 1.610321e+00 1.371294e+00 9.352819e-01 1.559783e+00 3.753473e-01 1.532869e-01 1.802964e+00 -1.139675e-01 4.956490e-01 -2.509546e-03 -1.978483e+00 -4.853767e-02 
9.752970e+00 2.574526e+00 5.623495e+00 4.853102e+00 -1.260050e+00 -4.039075e+00 2.090547e+00 -7.661243e+00 -8.256496e+00 -2.998279e+00 -6.581907e-01 -2.540955e+00 5.690244e-01 -1.488725e+00 2.581937e+00 1.992270e+00 2.182622e+00 1.477119e+00 9.756027e-01 -1.843630e-01 2.695924e+00 6.130749e-01 -4.715171e-01 -5.687979e-01 -1.276568e+00 -6.475981e-02 
9.576839e+00 4.820884e+00 6.650775e+00 6.547647e+00 4.649780e-01 -2.019098e+00 2.304452e+00 -4.020448e+00 -9.484021e+00 3.502228e-01 -2.205073e+00 -5.425314e+00 4.907821e-01 -1.857124e+00 2.210802e+00 1.965832e+00 2.351253e+00 2.475911e+00 1.721034e+00 4.307674e-01 3.843163e+00 -2.354352e-01 -1.393036e+00 -1.372339e+00 -9.964538e-02 -8.144093e-02 
6.848042e+00 9.994038e+00 1.007204e+01 1.165655e+01 2.050510e+00 -1.424522e+00 2.202394e+00 -4.443622e-01 -6.834695e+00 -5.029520e+00 -2.877633e+00 -5.257592e+00 4.088084e-01 -2.243353e+00 8.723391e-01 2.065490e-01 1.687755e+00 3.525821e+00 2.195069e+00 8.143667e-01 3.358133e+00 4.775307e-01 -1.193720e+00 -9.744979e-01 -2.012358e-01 -9.915965e-02 
3.920411e+00 7.832926e+00 1.081507e+01 1.036644e+01 8.697298e+00 2.121531e+00 5.089053e+00 5.334959e+00 -1.061710e+01 -8.668932e+00 -4.638937e+00 -2.192361e+00 3.029488e-01 -2.765858e+00 -7.016916e-01 -1.358661e+00 6.681442e-04 3.122953e+00 2.374790e+00 8.252115e-01 3.163878e+00 2.341007e+00 6.091490e-02 -7.082728e-01 8.063595e-01 -1.074814e-01 
1.364420e+00 5.430201e+00 4.574094e+00 1.138248e+01 1.225290e+01 4.865955e+00 4.770081e+00 4.451720e+00 -5.302301e+00 -4.457301e+00 -4.313748e+00 -5.163610e+00 1.671429e-01 -2.500715e+00 -2.064739e+00 -3.089185e+00 -1.466210e+00 2.061974e+00 1.641183e+00 7.590232e-01 1.383972e+00 2.706738e+00 2.011062e+00 -4.923938e-01 1.285642e+00 -9.936681e-02 
-1.510641e+00 3.594344e+00 2.606442e+00 6.688021e+00 1.097855e+01 6.709613e+00 5.146667e+00 9.350901e+00 1.454819e+00 3.686879e-01 -5.028379e+00 -1.440508e+00 7.420784e-02 -2.024833e+00 -1.856158e+00 -3.096463e+00 -1.625359e+00 2.251782e-01 1.414524e-01 -3.512287e-01 4.128311e-01 3.351635e+00 2.469313e+00 4.463721e-01 1.280386e+00 -7.146556e-02 
-2.940007e+00 1.789632e+00 -1.269567e+00 6.164706e+00 1.121975e+01 4.487352e+00 5.968704e+00 4.467526e+00 6.630302e-01 5.069799e-01 -5.144881e+00 7.946897e-01 2.634484e-02 -1.200089e+00 -1.260698e+00 -1.987047e+00 -1.889396e+00 -4.528151e-01 -4.232641e-01 7.981143e-01 5.328817e-01 1.261024e+00 -2.085471e-03 5.965324e-01 8.707997e-01 -3.867928e-02 
-4.051544e+00 3.724216e-01 -1.745416e+00 4.848534e+00 1.033976e+01 3.018095e+00 2.733597e+00 7.391211e+00 3.158407e+00 1.195491e+00 -1.991510e+00 1.230421e+00 1.602000e-02 -8.126208e-01 -7.249020e-01 -1.227722e+00 -2.135899e+00 -1.563908e+00 -8.837624e-01 6.150486e-01 -4.158013e-01 -1.410207e+00 -2.085364e+00 1.045357e+00 3.080051e-01 -1.907812e-02 
-3.365574e+00 7.376730e-01 -3.185211e+00 2.855243e+00 1.030822e+01 4.595394e+00 9.967187e+00 8.095973e+00 1.510221e-01 -4.881130e+00 -2.849520e+00 -2.145077e+00 2.840400e-03 -6.777499e-01 -7.134171e-02 -1.087779e-01 -2.184321e+00 -2.406114e+00 -1.564046e+00 -2.117145e-01 -1.171216e+00 -1.808140e+00 -2.250381e+00 -1.590328e-01 -8.955024e-01 -1.062552e-02 
-5.360960e+00 4.958137e-01 -2.574346e+00 -2.336743e+00 3.614777e+00 2.236781e+00 6.222669e+00 5.457671e+00 -5.340212e+00 -7.364075e+00 -9.492755e-01 1.569401e+00 -9.430528e-03 -1.933447e-01 2.303018e-01 1.725283e-01 -8.548558e-01 -1.535672e+00 -7.402384e-01 -1.251058e+00 -2.387258e+00 -1.195449e+00 -2.648788e-01 1.708229e-01 -1.394297e-01 -1.056041e-02 
-5.674048e+00 1.371227e+00 -1.398992e+00 -1.164260e+00 2.551677e+00 -2.942222e+00 3.165596e+00 -4.217827e-01 -4.128359e+00 -6.465142e+00 -6.461162e+00 -3.852313e+00 -1.405752e-02 6.194220e-02 4.193267e-01 2.642087e-01 4.406705e-02 -1.605029e-01 1.093958e-01 -2.100100e+00 -1.381244e+00 -7.346146e-01 4.933165e-01 1.505728e+00 1.170208e+00 -1.015790e-02 
-3.864030e+00 1.207154e+00 -1.775884e+00 2.584006e+00 6.539672e+00 3.085711e+00 -1.208967e-01 -2.861987e-01 -6.791465e-01 6.631031e-01 6.684251e-01 1.386890e+00 -2.833307e-02 1.344293e-01 2.562686e-01 2.063070e-01 1.167044e+00 9.996212e-01 1.386348e+00 -1.656926e+00 2.570869e-01 -1.265667e-01 2.847230e-01 1.613849e+00 1.175595e+00 -1.978445e-03 
-3.804328e+00 2.478637e+00 -2.263398e+00 6.152039e-01 8.043255e+00 4.717907e+00 2.638468e+00 4.061687e+00 -5.852583e+00 -6.428137e+00 3.870272e+00 3.797220e+00 -3.849781e-02 -2.333952e-01 -1.479680e-01 -3.152439e-01 8.652691e-01 6.929707e-01 1.320978e+00 -1.736993e-01 1.340760e+00 4.691001e-01 9.052154e-01 8.912264e-01 1.244381e+00 3.738093e-03 
-5.623674e+00 1.223452e+00 -1.110608e+00 2.608743e+00 5.867093e+00 5.338454e+00 -1.798396e+00 4.501371e+00 -5.110934e+00 -5.958962e+00 1.954253e+00 3.622610e+00 -7.102609e-03 -6.044838e-01 -1.757292e-01 8.289053e-02 9.041313e-01 4.281569e-01 1.858739e-01 2.284141e-01 1.292445e+00 8.066707e-01 -1.491552e-01 -2.354462e+00 -1.676351e+00 6.686759e-03 
-5.961202e+00 6.232380e-01 -3.307850e+00 3.149717e+00 6.352819e+00 2.536298e+00 3.135849e+00 3.888233e+00 4.330352e-01 1.371967e+00 -2.647944e+00 1.251731e+00 -5.982280e-03 -5.882338e-01 -5.036243e-01 1.380443e-01 1.219685e+00 8.319500e-01 5.363306e-01 2.460419e-01 5.960568e-01 2.571390e+00 1.302623e+00 -2.325595e+00 -1.275529e+00 7.573223e-03 
-5.808012e+00 1.256207e+00 -8.392057e-01 5.837406e+00 9.525674e+00 5.105885e+00 7.724832e-01 6.262755e+00 2.113972e-01 -3.982725e+00 -7.844777e+00 -5.722119e+00 -1.115704e-02 -2.339944e-01 2.227479e-03 1.816671e-01 1.393489e+00 1.793527e+00 1.212987e+00 6.899010e-01 6.847652e-01 1.245911e+00 7.465121e-01 -1.070122e+00 -5.577363e-01 8.155078e-03 
-6.653328e+00 -5.586225e-02 -1.708878e+00 5.099295e+00 1.037371e+01 7.515845e+00 2.583238e+00 6.161278e+00 4.343201e+00 -9.031427e-01 -2.858191e+00 2.091940e+00 1.395524e-03 -1.076178e-01 2.895706e-01 1.436622e-01 4.536164e-01 4.247964e-01 1.108043e+00 1.181649e-01 -8.240829e-02 -1.514363e-01 -2.666903e-01 4.551076e-01 9.017704e-01 1.084098e-02 
-6.447583e+00 1.574140e+00 -1.001759e+00 8.601401e+00 1.282428e+01 8.913614e+00 1.927415e+00 6.788674e+00 -8.364602e-01 -1.088847e+00 -3.291236e+00 4.138240e-01 2.998388e-02 -2.251380e-01 -2.121673e-01 -1.667212e-02 -7.851310e-02 -2.576640e-01 -3.872200e-01 5.733480e-01 -1.812963e-01 5.443053e-01 2.211866e+00 9.350567e-01 1.112043e+00 3.125578e-03 
-6.179506e+00 1.912125e+00 -2.508262e+00 4.035802e+00 6.827498e+00 6.172650e+00 3.149207e+00 3.213232e+00 1.997824e-01 -1.408424e+00 -2.649176e+00 2.692611e+00 2.765214e-02 1.620742e-01 -7.210757e-02 5.190729e-01 -1.058245e-01 -5.058542e-01 -1.243788e+00 4.573445e-01 -9.339438e-02 -9.685955e-01 6.832801e-01 8.074415e-01 -4.650660e-01 -4.756141e-03 
-7.170614e+00 -7.886232e-01 -5.228742e-01 5.976587e+00 1.001046e+01 3.841383e+00 3.356239e+00 6.830297e+00 5.004633e+00 7.329244e+00 -3.274001e+00 -4.622397e-01 -8.657455e-03 4.916922e-01 3.598487e-01 9.054651e-01 -7.585205e-01 -6.518744e-01 -1.108626e+00 2.432057e-01 1.491488e-01 -1.212176e-01 1.226789e-01 1.712708e+00 3.619572e-01 -9.177613e-03 
-5.481442e+00 7.649813e-01 6.470445e-01 5.882580e+00 9.251352e+00 3.833018e+00 4.155549e+00 5.673495e+00 -3.420323e+00 -1.695788e+00 1.170399e+00 2.046421e-01 -3.064513e-03 6.017960e-01 8.301605e-01 1.566580e+00 1.270042e-01 5.361568e-01 -4.711905e-01 4.145220e-01 1.529036e+00 -7.354059e-01 -9.949304e-01 2.018939e+00 6.094323e-01 -7.667386e-03 
-4.338153e+00 3.946955e+00 1.947914e+00 3.885410e+00 8.352982e+00 4.540300e+00 2.640272e+00 6.304287e+00 3.675045e-01 -3.317711e-01 3.362515e+00 3.467594e+00 -5.458593e-04 3.500482e-01 1.165335e+00 1.712993e+00 -1.900864e-03 8.040204e-02 1.515858e-01 6.561156e-02 7.054656e-01 3.824933e-01 -2.791418e-01 2.694475e+00 1.000023e+00 2.368009e-03 
-4.586756e+00 3.695138e+00 4.089244e+00 5.716412e+00 1.033702e+01 3.467239e+00 5.579800e+00 1.112142e+01 -1.158683e+00 -2.552568e+00 4.127262e+00 3.774856e+00 -1.474059e-02 1.756399e-01 8.037356e-01 1.174654e+00 4.358832e-01 -5.868973e-01 -1.508463e+00 -1.799496e+00 -2.429498e-01 1.724336e+00 1.713327e+00 -4.195111e-01 -5.805683e-01 3.382522e-03 
-5.867715e+00 3.572973e+00 6.320992e+00 6.050167e+00 9.869637e+00 4.782201e+00 2.972171e+00 7.633664e+00 5.786280e+00 6.361925e+00 8.719940e+00 2.752768e+00 9.020627e-03 1.628962e-01 5.788867e-01 -3.651555e-02 8.325195e-02 -5.543855e-01 -1.310028e+00 -1.709396e+00 -8.892797e-01 5.274390e-01 1.286583e+00 -5.843456e-01 -1.406772e+00 -4.488647e-04 
-3.838461e+00 4.970650e+00 4.333776e+00 6.979617e+00 5.558537e+00 -3.830246e+00 -5.007880e+00 3.794058e+00 2.491970e+00 3.523999e+00 -3.605870e+00 -2.340786e+00 9.064853e-03 2.514218e-01 7.235613e-01 -5.041132e-01 -2.799843e-01 -4.314169e-01 -6.051806e-01 -1.509965e+00 -1.649127e+00 5.476676e-01 8.761950e-01 -3.554333e-01 -1.630219e+00 -7.478416e-04 
-3.897820e+00 6.203633e+00 1.643070e+00 3.670067e+00 7.970296e+00 1.638903e+00 -6.128672e-01 5.521567e+00 1.179373e+00 3.062859e+00 4.307353e+00 -5.084463e-01 -1.469290e-02 5.048294e-02 4.659648e-01 -9.318764e-01 -6.602219e-01 -1.210623e-01 -3.221745e-02 2.769400e-01 -4.265398e-01 -2.080576e-01 -6.788998e-01 -9.885947e-01 -1.475934e+00 -5.979615e-03 
-4.314595e+00 5.997615e+00 3.907639e+00 5.506540e+00 9.129608e+00 2.012985e+00 -1.775069e-01 3.931827e+00 3.883108e+00 3.477940e+00 4.556390e+00 -2.745634e+00 -6.623030e-03 -1.862944e-01 5.725259e-01 2.178103e-01 -3.442638e-01 2.046313e-01 4.017894e-01 9.979809e-01 -3.832094e-01 -7.067085e-01 -1.284116e-01 7.971681e-01 1.271506e+00 -1.245427e-03 
-5.377234e+00 5.389315e+00 1.874678e+00 3.485596e+00 7.478790e+00 1.699499e+00 1.941684e+00 5.432080e+00 4.050423e+00 2.990456e+00 -3.041625e-01 -4.424479e+00 -1.303351e-02 1.955605e-03 6.316434e-01 8.727291e-01 3.204927e-01 -4.587859e-01 -1.084558e+00 -2.482511e-01 -9.206699e-01 -1.367315e+00 -8.492299e-02 -5.113909e-01 2.168681e+00 4.203290e-03 
-4.030226e+00 8.240438e+00 5.307023e+00 5.350533e+00 6.827447e+00 -1.851597e+00 -1.295251e+00 1.922754e+00 -2.477097e+00 2.918143e+00 2.685729e+00 5.974762e+00 2.008021e-03 1.915745e-01 7.336771e-01 6.231112e-01 1.552924e-01 -5.255664e-01 -1.128026e+00 -5.472423e-01 -7.527472e-01 -1.924793e+00 -1.191907e-01 -7.514302e-02 2.784003e+00 3.230363e-03 
