-4.873248e+00 7.848822e+00 6.156361e+00 9.760737e+00 8.436761e+00 1.074207e-01 5.536432e+00 5.081010e+00 1.811298e+00 9.516119e+00 9.141328e-01 -1.833403e-02 -1.512927e-01 -1.042873e-01 1.674408e-01 1.997893e-01 -5.972165e-01 5.736110e-01 5.881911e-01 -4.777022e-01 4.122654e-01 1.108557e+00 -1.236684e+00 -3.649338e-01 -1.505538e+00 0.000000e+00 
-5.137395e+00 7.476486e+00 6.007524e+00 5.777256e+00 8.322762e+00 5.787824e+00 3.175932e+00 3.990536e+00 2.157277e+00 5.762742e+00 -1.385483e+00 -4.014149e+00 -1.512927e-01 5.911531e-02 3.805417e-01 2.421134e-01 -2.867293e-01 1.425129e-01 5.295016e-01 1.401470e-01 3.506494e-01 1.427785e+00 -2.059023e+00 -3.721440e-01 -7.896402e-01 0.000000e+00 
-5.262611e+00 8.872194e+00 7.229725e+00 8.766396e+00 1.136182e+01 2.081745e-01 4.328170e+00 7.687574e+00 7.181092e+00 5.209385e+00 2.392718e-01 -5.548117e+00 -1.512927e-01 -1.953912e-01 -1.138310e-01 -3.137375e-01 -6.995690e-01 -4.816512e-01 -1.106328e+00 -4.054529e-01 -6.803629e-01 2.862653e-01 -1.221076e+00 -4.530535e-01 -7.234228e-02 0.000000e+00 
-4.382990e+00 9.239844e+00 6.830245e+00 8.824262e+00 7.686798e+00 2.704551e+00 6.841298e+00 5.530975e+00 6.265328e+00 1.374368e+00 -6.091566e-01 -1.201644e+00 -1.512927e-01 -2.286391e-01 -6.124252e-01 -1.211775e+00 -1.031911e+00 -1.052420e+00 -1.686090e+00 -2.466331e-01 -6.981940e-01 -3.540735e-01 -8.194176e-01 4.005256e-01 2.211168e+00 0.000000e+00 
-6.227407e+00 6.397988e+00 4.176312e+00 4.739389e+00 6.346487e+00 -3.882582e+00 1.676484e+00 9.089763e-01 1.188599e+00 5.604927e+00 -1.739298e+00 -1.786298e+00 -1.512927e-01 -9.075081e-01 -1.306669e+00 -2.098603e+00 -2.711930e+00 -1.586834e+00 4.984432e-01 -1.053424e+00 -1.222895e+00 -1.132238e+00 3.861592e-02 6.506715e-01 2.332141e+00 0.000000e+00 
-5.798193e+00 5.651464e+00 1.475356e+00 2.631205e+00 5.568328e+00 -5.972502e-01 3.268610e+00 3.888865e+00 3.383156e+00 1.467883e+00 1.606430e+00 5.160782e+00 -1.512927e-01 -1.195636e+00 -1.385269e+00 -1.115878e+00 -1.744707e+00 -4.566405e-01 2.284047e-01 -1.420528e+00 -6.289567e-01 -3.143931e-01 1.185867e+00 1.244582e+00 8.221558e-01 0.000000e+00 
-9.092550e+00 4.133039e+00 -5.858479e-01 -1.696728e+00 4.486881e+00 4.351292e+00 8.473967e-01 2.394155e+00 2.960989e+00 5.355707e+00 2.384836e+00 2.931376e+00 -1.512927e-01 -1.328055e+00 -1.268839e+00 -6.097900e-01 -3.274196e-01 -9.158924e-02 -1.511586e-01 -1.890612e+00 -1.035117e+00 -3.021055e-01 -1.223318e+00 9.063928e-02 -9.345096e-01 0.000000e+00 
-8.928596e+00 3.445973e+00 3.631937e+00 3.318784e+00 6.333398e+00 -2.703617e-01 1.532000e-01 1.643602e+00 3.807167e+00 7.428315e+00 3.551688e+00 5.502988e-01 -1.512927e-01 -9.534823e-01 -1.350147e+00 -3.519050e-01 -4.199006e-01 -3.253542e-01 -1.939105e+00 -2.298892e+00 -2.394200e+00 -1.962782e+00 -6.328327e-01 -1.904486e-01 -1.186734e+00 0.000000e+00 
-1.130248e+01 1.156538e+00 4.907227e-02 2.758502e+00 5.506005e+00 -4.801819e+00 -6.218872e+00 -3.143976e+00 -5.339344e-01 -3.491877e+00 -2.258731e+00 -4.153604e+00 -1.512927e-01 -6.537628e-03 -8.471511e-01 -4.363069e-01 2.502785e-01 -3.336291e-01 -2.289878e+00 -1.476872e+00 -1.950632e+00 -2.011885e+00 -1.733543e+00 -1.012777e+00 -4.403543e-01 0.000000e+00 
-9.460640e+00 3.889788e-01 -6.016293e-01 -1.695913e+00 3.431995e+00 -5.716219e+00 -4.692714e+00 -5.313069e+00 -4.683291e+00 2.727512e+00 2.975970e+00 2.769603e+00 -1.512927e-01 3.923527e-01 -8.495146e-01 -7.053431e-01 -1.226603e-01 -1.450379e+00 -1.604244e+00 -7.379166e-01 -1.379262e+00 -2.013645e+00 -1.101601e+00 -9.790097e-01 6.317067e-02 0.000000e+00 
-8.859217e+00 1.425780e+00 -6.505995e-01 2.062013e+00 4.269437e+00 -4.375168e+00 -4.114007e+00 -3.880672e+00 -2.853209e+00 -9.616082e-01 -2.391190e+00 -3.800476e-01 -1.512927e-01 7.508191e-01 -6.201551e-01 4.727603e-02 3.506169e-01 -6.807014e-01 1.344563e-01 1.289831e+00 3.397845e-01 -9.417725e-01 5.065547e-01 -7.238439e-01 2.798464e-01 0.000000e+00 
-8.188464e+00 -9.362209e-01 4.550568e-01 3.053726e+00 -3.002129e-01 -8.504906e+00 -4.588815e+00 -4.884359e+00 -5.101419e+00 6.551759e-01 -1.277131e+00 -1.020626e+00 -1.512927e-01 4.080254e-01 -4.260677e-01 -6.613390e-02 4.290335e-01 3.665957e-01 9.210135e-01 1.090091e+00 6.693046e-01 -4.264474e-01 -8.142940e-01 -2.146141e+00 -1.413207e+00 0.000000e+00 
-8.184471e+00 -1.281638e+00 -2.428906e-01 2.136766e+00 3.968602e+00 -2.735194e+00 1.783341e-01 -1.659409e+00 -5.033733e+00 7.706404e-02 -3.751400e+00 -8.592577e-01 -1.512927e-01 2.263563e-01 1.129118e-01 -2.915444e-01 -2.204008e-01 9.394715e-01 5.483249e-01 7.160724e-01 2.865151e-01 -4.428418e-01 -9.500702e-02 -9.019896e-01 -1.043052e+00 0.000000e+00 
-7.757886e+00 -3.876508e-01 -1.136153e+00 4.118775e-01 5.415391e+00 -1.931139e+00 -1.388430e+00 -3.077178e+00 -5.725266e+00 -1.863295e+00 -7.074629e+00 -4.056827e+00 -1.512927e-01 2.492373e-01 1.080791e+00 3.792864e-02 -4.735797e-01 1.024992e+00 7.917703e-01 -1.659322e-01 5.178703e-01 4.921667e-01 1.988411e-01 -1.216424e-01 -3.592673e-01 0.000000e+00 
-7.942724e+00 1.716054e+00 -1.312717e+00 2.280933e+00 6.108993e+00 -4.920426e+00 -2.133837e+00 -3.351686e+00 -4.755494e+00 -1.774077e-01 -4.002388e+00 -4.077207e+00 -1.512927e-01 1.730017e-01 1.282952e+00 -5.295963e-02 9.884711e-02 3.808546e-03 -9.933263e-01 -1.727654e+00 -9.311336e-01 8.510618e-01 3.196943e-01 9.726281e-01 -5.678610e-01 0.000000e+00 
-7.063151e+00 2.968889e+00 1.179613e+00 6.137447e-01 3.754551e+00 -3.453438e+00 -4.262391e+00 -1.448868e+00 -2.779705e+00 1.776617e+00 -1.759849e+00 -1.207988e+00 -1.512927e-01 -8.667278e-02 5.022844e-01 -5.912028e-02 2.750406e-01 1.206275e-01 -8.280751e-01 -8.167807e-01 -3.328490e-01 9.198506e-01 3.010068e-01 9.205490e-01 -2.915270e-02 0.000000e+00 
-7.666830e+00 3.454855e+00 -1.665572e+00 2.530068e+00 4.818065e+00 -6.940676e+00 -7.022956e+00 -7.129232e+00 -2.251204e+00 -1.444204e-01 -1.545650e+00 -5.122983e+00 -1.512927e-01 2.279544e-01 3.155549e-01 6.717944e-03 -1.238006e-01 6.150508e-01 -4.320697e-02 -2.179960e-01 6.994948e-01 9.701700e-01 6.612457e-01 4.204579e-01 1.774269e-01 0.000000e+00 
-8.329197e+00 1.254371e+00 -1.255327e+00 1.662513e+00 6.663993e+00 -5.061390e+00 -3.027774e+00 -2.852650e+00 -2.378158e+00 -3.747547e-01 -3.700253e+00 -3.679703e+00 -1.512927e-01 -8.354149e-02 3.672980e-01 4.894832e-01 4.975403e-01 7.887419e-02 -1.152743e+00 -4.358455e-01 -1.269093e-02 6.103266e-01 9.344422e-01 -1.220762e+00 -3.475301e-01 0.000000e+00 
-6.169930e+00 4.151087e+00 -6.165695e-02 1.137546e+00 7.729526e+00 -4.332485e+00 -3.841125e+00 8.476778e-01 -1.054178e-01 4.204507e+00 -9.298961e-01 -1.954215e+00 -1.512927e-01 -3.748787e-01 5.991565e-01 1.371297e+00 -9.442868e-02 -7.121302e-01 -8.552359e-01 -3.167579e-01 5.969198e-02 -5.563929e-01 1.515844e+00 2.559245e-01 7.491019e-01 0.000000e+00 
-8.229309e+00 4.457263e+00 2.825072e+00 3.797707e+00 2.693191e+00 -1.052125e+01 -8.032534e+00 -5.500778e+00 -8.009650e-01 4.274364e+00 -8.171536e+00 -4.530022e+00 -1.512927e-01 -3.526700e+00 -3.280360e+00 2.641454e+00 -1.398048e+00 -1.443294e+00 1.455284e+00 -2.746624e+00 -7.362646e-01 6.419173e-01 9.499229e-01 1.983094e+00 1.418802e+00 1.942698e-01 
-9.591167e+00 4.849191e+00 3.150713e+00 9.903280e-01 3.242815e+00 -8.486927e+00 -6.104366e+00 -5.506708e+00 -5.821765e+00 5.110239e+00 1.969614e+00 -9.523140e-01 -1.512927e-01 -5.256141e+00 -6.537348e+00 2.312283e+00 -2.988158e+00 -2.896434e+00 2.579123e+00 -3.514746e+00 -1.266796e+00 9.927387e-01 -4.502723e-01 1.568047e+00 1.912598e+00 3.259383e-01 
-2.425208e+01 -1.549648e+01 1.034576e+01 -5.254120e+00 1.690878e+00 4.292252e+00 -1.562928e+01 -3.356780e+00 3.689603e+00 3.921993e+00 4.765463e+00 2.913354e+00 8.200563e-01 -2.725563e+00 -6.825519e+00 7.428046e-01 -1.712640e+00 -1.622841e+00 5.831281e+00 -1.011780e+00 -1.542479e-01 1.124886e+00 -1.843778e+00 3.656030e-01 1.296687e+00 2.680896e-01 
-2.443925e+01 -1.855878e+01 7.739411e+00 -9.277328e+00 -6.251487e+00 1.156383e+00 -1.761648e+01 -6.558303e+00 2.612992e+00 2.129331e+00 4.418402e-01 3.887086e+00 9.927241e-01 3.829157e-01 -4.389939e+00 -1.489573e+00 1.695216e+00 -1.292550e+00 4.143335e+00 1.717277e+00 -4.839943e-02 1.280521e+00 -7.518672e-01 -2.112571e+00 2.760983e-02 6.013442e-02 
-1.443308e+01 -1.796634e+01 4.244745e+00 3.683364e-01 -6.738601e-01 1.381350e+01 -7.335376e+00 -5.746220e+00 6.060846e-01 -3.454071e+00 -5.579634e+00 -4.662848e-01 6.171468e-01 2.514643e+00 1.815665e+00 -3.220603e+00 4.317230e+00 8.328506e-01 7.595792e-02 5.272396e+00 -2.012828e+00 -3.751989e-01 8.755111e-01 -2.154852e+00 -2.308400e+00 -1.830901e-01 
-1.258609e+01 -1.586557e+01 -1.246643e+00 6.655178e+00 -2.037568e+00 7.469124e+00 -1.664931e+00 -4.553985e+00 2.122600e+00 5.038936e+00 -3.420692e+00 8.755547e-01 2.508342e-01 2.567713e+00 3.292873e+00 -3.137536e+00 2.787972e+00 2.528647e+00 4.666452e-02 4.324257e+00 -6.649445e-01 2.581802e+00 3.419790e+00 -1.237970e+00 -2.404736e+00 -2.246320e-01 
-1.760545e+01 -7.764760e+00 -1.264226e+00 8.365778e+00 3.748171e+00 1.515671e+00 2.756927e+00 -1.442308e+01 2.058804e+00 6.844747e+00 -4.077532e+00 -7.122881e+00 2.755507e-01 1.275383e+00 2.824373e+00 -2.817123e+00 -9.108309e-01 1.894254e+00 -3.359377e+00 -9.234589e-02 5.474428e-01 4.026754e+00 4.673354e+00 -4.781129e-01 -1.484155e+00 -1.339672e-01 
-1.001450e+01 -7.195210e+00 -5.193782e+00 6.638100e-01 4.180735e+00 7.538621e+00 -1.041351e+00 -5.544597e+00 1.479564e+01 1.407887e+01 -6.499059e+00 -4.808296e+00 4.036218e-02 4.398437e-01 3.411938e+00 -2.820776e-01 -2.231431e+00 2.277108e+00 -4.311708e-01 -1.865239e+00 6.042944e-01 3.368086e+00 1.601830e+00 -1.684637e+00 -2.248987e+00 -5.283814e-02 
-9.341961e+00 -8.179657e+00 -7.867301e+00 -1.190134e+00 5.688260e+00 -3.018134e+00 -8.108895e+00 -2.513700e+00 1.440333e+01 1.539273e+01 -6.431015e+00 -5.045137e+00 5.254698e-02 9.473392e-01 2.959311e+00 -1.638317e-02 -1.702332e+00 -6.309300e-01 5.300970e-02 -1.409062e+00 2.780840e+00 -3.418980e-01 -2.225740e+00 -1.237570e+00 -2.158975e+00 -5.566255e-02 
-1.451861e+01 1.401566e+00 6.445065e-01 2.759769e-01 8.377928e+00 7.580173e+00 -5.558216e+00 -7.487202e+00 1.279077e+01 8.774090e+00 -1.066714e+01 -1.140825e+01 9.814531e-02 -7.343084e-01 4.050121e+00 1.450914e+00 1.512285e+00 -9.436941e-01 -1.471426e-01 -5.313462e-01 9.616159e-01 -2.603582e+00 -3.738255e+00 1.444191e+00 -6.775444e-01 -9.821927e-03 
-1.061669e+01 2.733405e+00 -4.265286e+00 4.803563e-02 -1.505075e+00 1.759943e+00 -2.029951e+00 4.524245e-01 1.351753e+00 -1.631561e+00 -8.181344e+00 -1.461778e+01 -3.165364e-02 9.693222e-02 3.034740e+00 1.913362e+00 1.767255e+00 -9.707749e-01 -2.897678e-01 1.671686e+00 1.223253e+00 -3.531953e+00 -3.135223e+00 3.026604e+00 1.663366e+00 -4.724718e-02 
-1.304868e+01 7.598866e+00 2.597826e-01 7.606149e+00 3.058932e+00 4.413870e+00 -6.737554e+00 -2.219579e+00 8.303524e+00 3.899747e+00 1.597057e+00 -3.409698e+00 3.335285e-02 1.293669e+00 9.919232e-01 9.718628e-01 1.234837e-01 -5.877935e-01 -2.469835e+00 7.576076e-01 2.353040e+00 -2.703374e+00 -3.704013e-01 2.740768e+00 2.014882e+00 -6.185150e-02 
-9.592268e+00 3.895395e+00 1.891869e+00 3.981056e+00 3.493883e+00 -2.883822e+00 8.392036e-01 9.687513e-01 -1.012808e+00 2.153792e+00 2.569910e+00 -7.275873e-01 -1.512927e-01 5.736247e-01 9.043036e-02 1.402384e+00 -6.964279e-01 1.174703e+00 -7.488052e-01 1.752247e-01 1.409967e+00 -5.093738e-01 2.249073e+00 1.448514e+00 9.513333e-01 -4.239236e-02 
-8.562482e+00 5.780187e+00 2.425242e+00 -1.073115e+00 2.939481e+00 -2.447118e+00 -3.204755e+00 4.019835e+00 4.561771e-01 5.029407e+00 -2.338924e+00 -8.278938e+00 -1.512927e-01 6.389351e-01 -1.191804e+00 -4.908992e-02 -1.789738e+00 2.587710e-01 -7.595183e-01 8.173422e-01 5.137500e-01 -1.584007e+00 -2.316345e-01 -1.361565e+00 -9.097568e-01 -3.692911e-02 
-9.991667e+00 4.094896e+00 1.663905e+00 9.055279e-01 4.428164e+00 1.446411e+00 -2.920227e+00 4.382555e+00 2.728557e+00 9.048971e+00 1.029218e+00 -7.426489e+00 -1.512927e-01 -8.312292e-02 -5.954043e-01 -1.240259e-01 -1.298805e-01 4.832741e-01 1.599308e-02 -2.590014e-01 -1.161410e+00 -3.609278e-01 -1.043798e+00 -1.222022e+00 8.810218e-01 0.000000e+00 
-9.654301e+00 1.540094e+00 1.283151e-01 1.952222e-01 3.885646e+00 -1.548838e+00 -7.711278e-01 -1.357731e+00 -1.487195e+00 -7.060156e-01 -4.440424e+00 -4.609031e+00 -1.512927e-01 -1.685772e-02 -8.417600e-01 -4.972344e-02 7.398369e-01 3.188843e-01 -6.408960e-01 6.195329e-01 -1.539705e+00 -1.007406e+00 -1.015555e+00 -3.797108e-01 2.410581e+00 0.000000e+00 
-9.461973e+00 3.038419e+00 2.420203e+00 2.697485e+00 5.437171e+00 -3.252996e+00 -1.672617e+00 -2.149517e+00 -1.845761e+00 -1.974866e-01 -2.489449e+00 1.842568e+00 -1.512927e-01 5.702242e-01 -2.397209e-01 -2.096545e-01 -4.581463e-01 -1.506852e+00 -2.149340e+00 5.848709e-01 1.767629e-01 -5.351479e-01 3.735678e-01 6.208961e-01 1.982583e+00 0.000000e+00 
-8.911617e+00 2.099625e+00 1.798476e+00 1.730091e+00 4.029399e+00 -3.301895e+00 -7.308956e-01 -4.126532e-01 -2.293694e+00 4.574861e+00 -2.478145e+00 -8.605598e-01 -1.512927e-01 2.096139e-01 1.150678e-01 -5.219006e-03 -5.795850e-01 -1.139737e+00 -1.384596e+00 -6.470280e-01 1.040440e+00 1.619631e+00 2.344486e+00 1.567974e+00 -1.557234e-01 0.000000e+00 
-7.511888e+00 2.616526e+00 -2.194477e-01 -2.152638e+00 -3.177974e+00 -8.423762e+00 -1.598877e-02 4.793830e+00 4.560671e-01 8.276373e+00 3.152559e+00 6.121910e-01 -1.512927e-01 1.453034e+00 -1.827670e+00 -2.071924e+00 -2.113610e+00 -2.291774e+00 1.887192e-01 -1.895602e-02 5.479456e-01 9.618345e-01 1.114522e+00 2.472038e+00 -5.125130e-01 1.904135e-02 
-9.581274e+00 2.326380e+00 1.422046e+00 -2.776411e-01 2.494535e+00 -5.886436e+00 -4.834582e+00 3.727939e-01 5.460044e+00 6.779484e+00 5.784418e-01 -4.772460e+00 -1.512927e-01 3.738594e+00 -2.843550e+00 -1.076038e+00 -2.015525e+00 -1.213230e+00 1.227801e+00 2.216994e-01 -1.582197e+00 1.170966e-01 -2.149774e+00 1.821362e+00 -3.900491e-01 1.142716e-01 
-1.861973e+00 -6.213307e+00 -7.751203e+00 -6.866698e+00 -5.254266e+00 -1.017129e+00 2.844458e-01 1.974880e-01 -9.134578e-01 4.272814e+00 8.342447e+00 1.235952e+00 -5.608594e-02 5.643692e+00 -4.181369e+00 -5.584280e-01 -2.724128e+00 -1.060590e+00 1.892651e+00 7.567569e-01 -3.290689e+00 -3.605844e-01 -4.040876e+00 1.340444e+00 -2.574661e-01 2.450103e-01 
6.956393e+00 -7.703210e+00 1.841635e-01 -5.990505e+00 -9.986062e-01 -8.662040e-01 2.273841e-01 -6.025469e+00 -1.023448e+00 -4.172229e+00 4.033723e+00 -3.122686e+00 3.724621e-01 5.248143e+00 -4.136092e+00 -6.053436e-01 -3.106245e+00 -2.816570e+00 1.383882e+00 1.198256e+00 -2.677648e+00 -5.452750e-02 -3.307185e+00 1.768831e+00 1.248502e+00 3.111244e-01 
1.243774e+01 -1.327552e+01 -2.392647e+00 -1.291685e+01 -6.734352e+00 -1.470622e+00 1.236813e+00 -8.460485e+00 1.894892e+00 -6.452154e+00 8.127139e+00 -1.500026e+00 8.118812e-01 2.881694e+00 -2.379343e+00 4.694312e-01 -1.615217e+00 -2.471293e+00 6.732437e-01 3.792593e-01 -1.441449e+00 1.014867e+00 -1.861097e+00 7.281951e-01 1.209335e+00 2.659055e-01 
9.509586e+00 -1.482297e+01 -4.283950e+00 -1.278379e+01 -1.084827e+01 1.259722e+00 6.805148e-01 -8.686458e+00 3.783232e+00 -4.393960e+00 9.530252e+00 2.838040e+00 9.703455e-01 7.240334e-01 -9.491243e-01 -1.038274e+00 -8.504975e-01 -2.948691e+00 4.519529e-01 1.312892e+00 -1.949692e-01 7.862419e-01 -7.452979e-02 1.110373e+00 1.954769e+00 1.351825e-01 
1.126990e+01 -1.455014e+01 -3.169990e+00 -1.154614e+01 -1.268590e+01 1.286126e+00 1.954177e+00 -5.679264e+00 1.757536e+00 -4.921804e+00 9.235158e+00 4.302265e+00 9.744997e-01 3.684633e-01 8.619372e-01 -1.546813e+00 1.198697e+00 -1.291853e+00 7.400966e-02 1.519983e+00 4.170733e-01 -5.222865e-01 8.502779e-01 -3.620758e-01 1.293922e+00 3.305016e-02 
1.116048e+01 -1.181152e+01 -4.618536e+00 -1.092835e+01 -1.276629e+01 1.518655e-02 6.433164e+00 -8.390925e+00 2.976439e+00 -5.310052e+00 9.031580e+00 3.750013e+00 9.670655e-01 1.028661e+00 1.460486e+00 -1.940015e+00 1.151834e+00 -1.396238e-01 -7.495838e-01 1.781781e+00 1.962657e-01 -1.276086e+00 8.508433e-01 -7.948762e-01 5.327054e-01 4.085749e-03 
1.345461e+01 -1.047156e+01 -9.959421e+00 -7.851085e+00 -1.223461e+01 -4.783061e-01 5.960405e+00 -6.522884e+00 -3.131443e-01 -1.742718e+00 6.566096e+00 4.513599e+00 9.787720e-01 7.436088e-01 1.154439e+00 -1.814422e+00 5.506924e-01 6.928673e-02 -3.862334e-01 1.165694e+00 -2.304439e-01 -1.211903e+00 9.057816e-01 -5.194986e-01 5.346301e-01 6.639880e-03 
1.356054e+01 -9.559830e+00 -1.058931e+01 -8.872148e+00 -1.177204e+01 -1.605981e+00 7.586304e+00 -7.283319e+00 -1.561856e+00 -1.729287e+00 6.890402e+00 5.395899e+00 9.886381e-01 4.735924e-01 4.073817e-01 -8.789645e-01 1.014941e-01 -4.234997e-01 4.273975e-01 -9.576783e-02 4.551296e-01 -1.573690e+00 7.453666e-01 -1.490338e-01 6.761733e-01 8.400989e-03 
1.378792e+01 -9.903793e+00 -9.256712e+00 -9.820779e+00 -1.283659e+01 1.655431e-01 7.206078e+00 -7.385287e+00 -2.032830e+00 -2.183279e+00 7.708254e+00 6.152472e+00 9.969128e-01 -7.510471e-03 -1.254949e-01 3.724509e-01 -2.209443e-01 -1.430686e+00 1.509574e+00 -1.073810e+00 6.833326e-01 -1.223256e+00 4.941573e-02 4.102069e-01 7.782577e-01 4.191536e-03 
1.336179e+01 -1.005850e+01 -9.364713e+00 -9.436028e+00 -1.458279e+01 1.830250e+00 5.331488e+00 -5.684077e+00 -4.032167e+00 -1.362939e+00 7.715333e+00 6.311443e+00 1.000000e+00 -1.706286e-01 -3.618475e-01 8.567783e-01 -3.965110e-01 -1.497701e+00 1.555100e+00 -1.351348e+00 7.784303e-01 -9.095036e-01 7.200002e-04 7.065010e-02 1.034314e+00 -1.587325e-03 
1.351643e+01 -1.084970e+01 -8.709466e+00 -8.673866e+00 -1.798266e+01 5.351447e+00 1.718763e+00 -3.905842e+00 -5.194271e+00 -1.678813e+00 8.204665e+00 7.947116e+00 9.940487e-01 -3.960345e-01 -1.744066e-01 9.168715e-01 -5.883711e-01 -1.151503e+00 1.189178e+00 -1.070624e+00 5.430053e-01 -2.834648e-01 -4.082913e-01 1.137104e-01 7.247488e-01 -7.107234e-03 
1.284314e+01 -1.089611e+01 -6.579043e+00 -1.142816e+01 -1.668751e+01 3.576565e+00 3.573222e+00 -5.130889e+00 -4.528653e+00 -1.977920e+00 6.995447e+00 9.670148e+00 9.821335e-01 -3.778609e-01 1.588954e-01 8.879383e-01 -5.903034e-01 -7.686674e-01 7.994688e-01 -3.499166e-01 3.556524e-01 2.025191e-01 -8.605283e-01 3.051874e-01 3.740562e-01 -1.108872e-02 
1.206707e+01 -1.035702e+01 -6.065189e+00 -1.176657e+01 -1.754175e+01 5.238276e+00 2.732093e+00 -4.946854e+00 -3.201911e+00 -3.917245e+00 8.636748e+00 8.096864e+00 9.703099e-01 -2.474020e-01 5.278150e-01 6.295389e-01 -6.796788e-01 1.703920e-01 -4.397638e-01 8.337936e-01 7.914314e-02 4.261475e-01 -9.565254e-01 1.390958e-01 2.244148e-02 -1.342309e-02 
1.219716e+01 -9.510362e+00 -6.247160e+00 -1.084119e+01 -1.864659e+01 5.884179e+00 3.075240e+00 -3.385309e+00 -4.015751e+00 -4.546365e+00 9.025228e+00 8.106851e+00 9.564258e-01 9.763298e-02 6.958991e-01 1.360755e-01 -2.551150e-01 3.777254e-01 -7.382601e-01 8.881932e-01 1.549901e-01 3.122244e-01 -6.243659e-01 -3.752913e-01 4.509785e-01 -1.476008e-02 
1.260241e+01 -8.903502e+00 -5.727714e+00 -1.236574e+01 -1.615116e+01 1.998821e+00 6.136723e+00 -4.382916e+00 -3.319985e+00 -5.177218e+00 7.885254e+00 8.840972e+00 9.397871e-01 5.451486e-01 4.677740e-01 1.752608e-01 -2.171233e-01 5.510542e-01 -1.038370e+00 8.282856e-01 3.638535e-01 -1.877316e-01 1.398005e-01 -1.103704e+00 1.041590e+00 -1.533728e-02 
1.306363e+01 -8.143376e+00 -6.067404e+00 -1.240415e+01 -1.549417e+01 1.504991e+00 6.311873e+00 -4.637907e+00 -2.908494e+00 -4.469763e+00 5.494738e+00 1.155299e+01 9.235945e-01 1.042440e+00 4.005642e-02 1.469518e-01 4.187741e-01 -5.892330e-01 2.276506e-01 -6.632938e-01 1.037010e+00 -4.726756e-01 1.338511e-01 -5.104270e-01 1.211643e-01 -1.624601e-02 
1.435958e+01 -8.701641e+00 -5.278763e+00 -1.207071e+01 -1.636268e+01 2.236020e+00 5.255205e+00 -2.501287e+00 -4.694198e+00 -3.256543e+00 4.883472e+00 1.158175e+01 9.100391e-01 1.203468e+00 -1.035681e-01 1.894195e-01 8.023992e-01 -1.291133e+00 1.077844e+00 -1.921290e+00 1.907875e+00 -7.781889e-01 -1.389770e-01 3.667181e-01 -8.796131e-01 -1.761630e-02 
1.653078e+01 -9.411010e+00 -5.736876e+00 -8.894840e+00 -2.148699e+01 6.903832e+00 1.995301e-01 8.589292e-01 -5.692022e+00 -4.837447e+00 7.973984e+00 7.342285e+00 8.900698e-01 8.254294e-01 4.936456e-01 -2.433932e-01 9.598482e-01 -8.767573e-01 2.338493e-01 -1.509416e+00 1.679092e+00 -6.341836e-01 -2.068790e-01 8.253762e-01 -1.561758e+00 -1.978597e-02 
1.688618e+01 -8.787525e+00 -4.945880e+00 -1.010840e+01 -1.961042e+01 4.688620e+00 -4.135537e-01 2.408040e+00 -5.819165e+00 -5.688261e+00 8.479221e+00 6.548257e+00 8.684679e-01 3.300999e-01 1.090042e+00 -5.699354e-01 8.962848e-01 -2.311649e-02 -1.038967e+00 -3.097115e-01 6.214733e-01 4.757690e-02 -2.791489e-01 5.131643e-01 -1.264634e+00 -2.226954e-02 
1.592748e+01 -5.632206e+00 -7.450811e+00 -8.586061e+00 -1.825409e+01 1.447938e+00 1.599174e+00 1.302889e+00 -5.516929e+00 -4.288300e+00 7.823744e+00 6.260941e+00 8.454502e-01 -1.037490e-01 1.421511e+00 -5.630342e-01 5.909238e-01 9.768757e-01 -2.205125e+00 1.106768e+00 -3.732520e-01 3.664442e-01 1.513592e-01 -3.121053e-01 -3.136358e-01 -2.401429e-02 
1.631173e+01 -5.140832e+00 -7.271472e+00 -7.743675e+00 -1.809472e+01 -2.308657e-01 3.006825e+00 3.840990e-01 -4.543860e+00 -4.926861e+00 7.524414e+00 5.799250e+00 8.210012e-01 1.211262e-03 8.722354e-01 1.330837e-01 2.721352e-01 8.764183e-01 -1.297742e+00 4.709242e-01 -2.134624e-01 4.845644e-01 -2.776065e-02 -1.461735e-02 -5.113739e-01 -2.588847e-02 
1.629926e+01 -4.126800e+00 -7.389251e+00 -7.122584e+00 -1.736046e+01 -1.662048e+00 4.023182e+00 4.639745e-03 -4.497454e+00 -4.461351e+00 6.890862e+00 6.148610e+00 7.937317e-01 1.768827e-01 2.456584e-01 1.014609e+00 -4.002429e-01 1.146631e+00 -8.450218e-01 1.589024e-02 3.345436e-01 2.979565e-01 -8.073952e-01 2.722978e-01 -3.860062e-01 -2.799835e-02 
1.670634e+01 -5.179051e+00 -4.311241e+00 -9.479463e+00 -1.567514e+01 -2.450979e-01 7.290632e-01 1.989853e+00 -3.906081e+00 -5.740539e+00 8.872576e+00 4.047553e+00 7.648848e-01 -2.483270e-01 1.565692e-01 1.292644e+00 -7.030029e-01 1.536092e+00 -1.225494e+00 -2.661452e-02 1.261168e+00 -5.449349e-01 -1.429055e-01 -4.198049e-01 -4.190424e-01 -2.812568e-02 
1.661459e+01 -4.384805e+00 -3.857883e+00 -9.719381e+00 -1.373073e+01 -2.770055e+00 2.817506e+00 2.172730e+00 -4.346036e+00 -7.918437e+00 8.511151e+00 5.206758e+00 7.335167e-01 -6.686348e-01 2.980810e-01 4.732265e-01 4.846687e-02 1.000759e+00 -6.275655e-01 4.885882e-01 9.681873e-01 1.017728e+00 -5.750715e-01 -1.629922e+00 2.487602e-02 -2.723830e-02 
1.491243e+01 -4.228984e+00 -2.573935e+00 -9.960291e+00 -1.222912e+01 -5.804334e+00 3.476590e+00 5.605894e+00 -7.344244e+00 -3.912846e+00 4.615244e+00 4.174963e+00 7.104803e-01 -1.060557e+00 9.262956e-01 -3.201362e-01 1.048449e+00 4.987562e-01 -3.383726e-01 1.189430e+00 5.385398e-01 1.784082e+00 -9.136381e-01 -2.742650e+00 5.490344e-01 -3.377199e-02 
1.385304e+01 -3.111428e+00 -5.891771e+00 -6.639835e+00 -1.407968e+01 -2.020258e+00 5.092360e+00 3.037556e+00 2.310267e+00 -8.250555e+00 8.699200e-01 6.209285e+00 6.847425e-01 -3.344332e-01 1.605480e+00 -5.170411e-01 1.369165e+00 9.669912e-01 -2.429278e-01 3.832370e-01 1.080092e+00 1.862948e+00 -1.138019e+00 -2.751835e+00 -2.200582e-01 -5.232046e-02 
1.278433e+01 -1.184262e+00 -4.894979e+00 -5.776991e+00 -1.300688e+01 -2.311859e+00 5.538785e+00 4.250139e+00 1.686180e+00 -1.014267e+01 -1.020057e+00 6.291462e+00 6.204120e-01 5.035825e-01 1.039162e+00 -2.632989e-01 1.314083e+00 1.109304e+00 -5.712776e-01 -4.594683e-01 1.847776e+00 9.365649e-01 -1.628845e+00 -1.593565e+00 -1.064511e+00 -4.655777e-02 
1.600647e+01 2.120232e+00 -5.282567e+00 -4.965207e+00 -8.506889e+00 -5.730931e+00 3.702594e+00 8.251069e+00 4.534904e-01 -1.049362e+01 -2.430374e+00 3.048218e+00 5.169486e-01 5.641915e-01 2.004090e+00 1.268859e+00 7.261999e-01 2.641876e+00 -8.194231e-01 -1.009139e+00 3.198350e+00 -1.755518e+00 4.938956e-01 -4.099309e-01 -3.576614e+00 -6.987699e-02 
1.635363e+01 -1.649005e+00 -4.195032e+00 -4.227190e+00 -9.468998e+00 -6.805386e+00 1.874132e+00 1.223802e+01 -1.733031e+00 -1.093554e+01 -1.702435e+00 4.329432e-01 5.615884e-01 -1.163661e-01 2.608726e+00 1.603384e+00 1.159773e+00 3.843193e+00 -4.673624e-01 -1.536348e+00 2.674545e+00 -1.535832e+00 1.805568e+00 2.735116e-01 -3.833777e+00 -9.124006e-02 
1.488935e+01 7.141395e+00 1.025513e-01 -3.783737e+00 -2.639239e+00 -3.870610e+00 1.878992e+00 1.503537e+01 -4.757718e+00 -5.384641e+00 -8.385458e-01 -8.744527e+00 3.647693e-01 -2.446459e+00 2.062030e+00 2.182426e+00 2.855649e+00 5.324296e+00 1.647847e+00 -3.691771e-01 -7.072181e-01 -2.011910e+00 1.449956e+00 2.568617e-01 -2.323505e+00 -1.326295e-01 
1.276106e+01 9.348787e+00 4.293826e-01 -5.688623e-01 3.275255e+00 -5.578831e+00 -1.231154e+00 1.423072e+01 -3.387377e+00 -3.669320e+00 -4.484133e-01 -6.981051e+00 2.403013e-01 -3.905599e+00 8.197249e-01 1.103742e+00 3.640310e+00 5.384981e+00 1.811299e+00 -1.907138e-01 -3.031447e+00 -9.296551e-01 9.969317e-01 4.097017e-02 -1.753538e-01 -1.732757e-01 
5.570457e+00 6.931487e+00 3.317355e+00 7.483875e+00 1.174247e+01 1.895025e+00 3.409351e+00 3.718629e+00 -8.778886e+00 -6.876952e+00 -1.773076e+00 -4.862309e+00 1.444471e-02 -4.023245e+00 -1.952957e+00 -5.590986e-01 2.776819e+00 2.847583e+00 1.407807e+00 -5.226828e-01 -3.492046e+00 5.897767e-01 -7.811055e-02 2.421921e-01 2.572658e+00 -1.394146e-01 
1.485081e+00 2.554573e+00 -2.837222e-01 8.340551e+00 1.026505e+01 -6.317070e-01 1.553829e-01 2.739151e+00 -4.370723e+00 -5.204727e+00 -1.030318e+00 -2.384934e+00 -1.296276e-01 -3.178391e+00 -2.159413e+00 -1.063353e+00 6.121354e-02 -1.070394e+00 4.294928e-01 -4.285293e-01 -3.238192e+00 1.556801e+00 7.310758e-02 -7.247576e-01 2.375447e+00 -9.249079e-02 
4.111147e-01 7.737180e-01 -2.336389e+00 5.645649e+00 8.103775e+00 6.948636e-01 -1.427691e+00 3.320915e+00 -1.317161e+00 -5.007490e+00 6.633677e-01 1.820703e+00 -1.473391e-01 -1.547854e+00 -8.044771e-01 -6.461376e-01 -1.826998e+00 -2.253220e+00 1.979628e-02 -4.196938e-01 8.763641e-01 4.400112e+00 2.031644e+00 -1.137926e+00 1.413072e+00 -3.328581e-02 
-5.512218e-01 1.630607e+00 -2.060511e+00 6.563184e-01 -2.573681e-01 -2.831286e+00 -9.552797e-01 -1.761387e+00 6.657668e-01 -4.238513e+00 -5.290423e+00 1.554676e+00 -1.412607e-01 -3.433476e-01 7.819985e-01 8.417687e-01 -6.728896e-01 -5.198452e-01 1.332515e+00 5.718513e-01 2.277346e+00 3.328895e+00 1.259211e+00 -1.974114e+00 1.997392e-01 1.834202e-03 
-1.150661e+00 3.371084e+00 9.750609e-01 2.191002e+00 5.737580e+00 3.093796e+00 1.866213e+00 1.035072e+01 1.070343e+01 2.798160e+00 -5.332655e+00 2.332435e-01 -1.461678e-01 2.968717e-02 1.325504e+00 1.470834e+00 5.481920e-01 1.241258e+00 1.519741e+00 1.164123e+00 1.172560e+00 1.444759e+00 2.521883e-01 -1.859884e+00 -3.817856e-01 7.399118e-03 
5.492311e-01 5.165883e+00 2.269397e+00 6.703427e+00 8.848925e+00 4.831402e+00 1.367687e+00 1.061098e+01 6.263457e+00 -2.811497e+00 -7.902875e+00 -5.925087e-01 -1.210423e-01 2.323526e-01 1.261047e+00 1.934964e+00 1.890766e+00 1.977645e+00 8.717893e-01 1.179550e+00 1.279244e+00 -2.267437e-01 -7.571170e-01 2.482429e-02 -2.737137e-01 9.342789e-04 
9.324074e-03 5.633600e+00 2.852828e+00 5.363055e+00 9.756920e+00 4.462227e+00 3.231440e+00 2.997534e+00 3.107788e+00 -4.460056e+00 -7.329824e+00 9.853672e-01 -1.204528e-01 2.007160e-02 9.946310e-01 1.627432e+00 2.042811e+00 1.615532e+00 -2.256639e-01 -2.818952e-01 -1.211406e+00 -1.305311e+00 -8.096245e-01 5.243877e-01 -4.690997e-01 -1.041293e-04 
3.054857e-02 6.804582e+00 6.675425e+00 8.524124e+00 7.621186e+00 8.434451e-01 4.259857e+00 8.311424e+00 3.329868e+00 -4.394989e+00 -4.167717e+00 -1.899544e-01 -1.494468e-01 -3.590574e-01 4.724258e-01 4.686349e-01 9.241831e-01 1.527781e+00 -7.149919e-01 -1.293790e+00 -1.439927e+00 -1.127074e+00 4.441026e-01 8.636278e-01 -1.735318e-01 -7.253421e-03 
-7.909622e-01 7.524890e+00 6.909204e+00 1.149471e+01 1.442911e+01 3.959455e+00 -9.893472e-01 5.443467e+00 5.643666e+00 -4.582167e-01 -4.578296e+00 -2.313532e+00 -1.324861e-01 -4.184624e-01 5.655651e-02 -3.543089e-01 2.748701e-01 3.834272e-01 6.526756e-03 -9.534160e-01 -7.620771e-01 -1.346699e+00 4.356107e-01 -7.962086e-02 -5.033622e-01 -6.352568e-03 
-8.459129e-01 6.582367e+00 2.584383e+00 8.258516e+00 1.415173e+01 1.507828e+00 -2.990870e+00 2.188377e+00 -6.398505e-01 -2.591904e+00 -4.960500e+00 1.892822e-01 -1.512927e-01 -3.094393e-01 1.812386e-01 -8.025066e-01 -5.251893e-01 2.127929e-02 -5.784639e-01 -1.077688e+00 -9.013482e-01 -1.638981e+00 4.639155e-01 -6.302605e-01 -9.962743e-01 -2.249825e-03 
-1.644757e+00 6.027490e+00 3.126804e+00 6.870209e+00 8.408783e+00 4.162669e+00 2.089723e+00 2.248672e+00 -1.640847e+00 -3.183546e+00 -7.331537e+00 -1.721062e+00 -1.512927e-01 -1.305265e-01 3.039514e-01 2.652395e-03 -6.454767e-01 -8.933662e-01 8.035827e-02 3.935301e-01 -3.831443e-01 -3.736595e-01 1.262006e+00 5.696058e-03 -1.611336e+00 -8.723497e-04 
-1.089750e+00 8.459475e+00 4.554092e+00 8.210426e+00 1.073775e+01 -2.150481e+00 -2.668116e+00 5.402080e+00 -1.222782e+00 -7.127476e-01 -5.942399e+00 -5.467561e+00 -1.512927e-01 -1.590633e-03 8.594607e-01 1.426987e+00 2.055168e-01 -7.827163e-01 3.739728e-01 1.220394e+00 5.809193e-01 1.722961e+00 2.054337e+00 3.831819e-01 -1.528013e+00 1.584339e-03 
-1.321676e+00 8.106093e+00 5.937612e+00 8.291368e+00 1.166927e+01 6.190401e+00 8.169267e-01 1.920893e+00 4.066834e+00 4.912235e+00 -4.058866e+00 -7.541793e+00 -1.368479e-01 3.280348e-01 4.812335e-01 7.757792e-01 4.947042e-01 1.135108e-01 4.966180e-01 1.141472e+00 -9.454401e-01 3.581637e-01 9.721165e-01 2.657037e-01 -1.667663e-01 6.992817e-05 
-1.015407e+00 9.840368e+00 8.313912e+00 8.575521e+00 8.607907e+00 2.363826e+00 3.747499e+00 5.256863e+00 5.121115e+00 3.631889e+00 -4.680926e+00 -4.540418e+00 -1.505934e-01 -2.396747e-01 -3.657068e-01 -3.334177e-01 -2.079347e-01 -2.649246e-01 3.242859e-01 3.198683e-01 -6.434526e-01 -7.457770e-01 -9.384682e-01 -7.734563e-01 1.189045e-01 -1.444483e-03 
-4.175520e-02 7.743211e+00 5.125791e+00 9.161183e+00 1.004126e+01 4.388605e+00 4.589277e+00 -2.405919e+00 -3.021977e+00 -4.952812e-01 -6.633755e+00 -3.018465e+00 -1.512927e-01 -1.541138e-01 1.300354e-01 -5.918236e-01 -1.177428e-01 -2.684513e-01 -1.330251e+00 -2.712260e-01 -6.100788e-02 -2.371396e+00 -2.542933e+00 -1.549368e+00 -4.683096e-02 -2.958894e-03 
-2.928084e+00 6.812382e+00 3.292914e+00 6.735846e+00 1.022713e+01 3.718460e-01 -2.954950e+00 4.348223e+00 -1.407261e+00 -2.701331e+00 -8.522237e+00 -7.134702e+00 -1.512927e-01 -1.837201e-01 2.459699e-01 -2.452849e-01 9.947024e-02 2.874711e-01 -1.064356e-01 -9.963949e-01 6.122762e-01 -1.078289e-01 -5.604221e-01 2.025765e-01 -1.645052e-02 9.249449e-04 
-1.135906e+00 1.027026e+01 5.488993e+00 8.622492e+00 9.517404e+00 5.351386e-01 2.812021e+00 2.070174e+00 -4.525959e+00 -4.635821e+00 -9.885049e+00 -6.478806e+00 -1.512927e-01 -4.123640e-02 8.449771e-01 5.054065e-01 3.381261e-01 -7.117622e-01 -8.108742e-01 -1.202176e+00 1.227540e+00 1.852464e+00 1.145928e+00 1.229385e+00 3.444178e-01 5.324006e-04 
-1.386931e+00 9.806691e+00 6.905887e+00 9.342217e+00 1.030719e+01 3.758382e+00 -3.458475e-01 6.080197e+00 5.333961e+00 2.900048e+00 -2.042397e+00 -2.892500e+00 -1.459687e-01 1.534438e-01 3.900831e-01 1.030696e+00 3.328322e-01 -1.167305e+00 -1.394586e+00 -1.223242e+00 -2.358256e+00 9.683037e-02 1.793503e+00 1.679926e+00 1.986230e+00 0.000000e+00 
-1.018514e+00 1.047094e+01 5.846336e+00 9.548628e+00 6.442415e+00 -1.359033e+00 -2.726152e+00 2.865794e+00 2.869734e+00 2.433671e+00 -3.726750e+00 -3.417477e+00 -1.512927e-01 -1.492424e-01 -6.027207e-01 1.428791e-01 -4.096080e-01 -8.472079e-01 -1.191180e+00 -1.492165e+00 -1.752045e+00 -3.354643e-01 1.288931e+00 5.593660e-01 1.630912e+00 -5.324006e-04 
-2.219562e+00 8.662458e+00 8.267724e+00 7.936938e+00 5.928100e+00 -5.653998e+00 -6.302073e+00 -7.840868e+00 -4.620956e+00 2.731439e+00 -3.201758e+00 1.265784e+00 -1.512927e-01 -4.422235e-01 -1.037289e+00 -6.102781e-01 -1.276478e+00 -2.389998e-01 -3.655165e-01 -1.603937e-01 -1.371183e+00 -1.590284e+00 9.575306e-01 -8.114594e-01 4.316574e-01 -1.064801e-03 
-1.465803e+00 7.828776e+00 5.522470e+00 7.277092e+00 7.470909e+00 -7.145705e-01 -1.670690e+00 2.704819e-01 -1.225822e+00 1.893138e+00 -6.508538e+00 -4.033886e-01 -1.512927e-01 -5.501202e-01 -1.032639e+00 -7.114438e-01 -9.643456e-01 1.547673e-01 6.997174e-01 1.275313e+00 1.360427e+00 1.105054e+00 6.466514e-01 1.094679e+00 8.272200e-01 0.000000e+00 
-3.374404e+00 5.941330e+00 4.016430e+00 4.095594e+00 8.597944e+00 1.608568e+00 -1.675547e+00 5.219368e-01 -5.696822e-01 7.957968e+00 -4.708800e+00 -2.241258e+00 -1.512927e-01 -2.225467e-01 -1.650573e-01 -4.748763e-01 -2.797021e-01 3.397024e-01 1.132638e+00 1.450480e+00 1.689949e+00 1.799616e+00 3.543054e-01 2.171514e+00 6.725624e-01 0.000000e+00 
-3.191693e+00 6.668310e+00 4.414764e+00 6.647572e+00 5.881330e+00 -1.491729e+00 1.337150e+00 5.486524e+00 6.369367e+00 3.053663e+00 2.500165e+00 2.472144e+00 -1.512927e-01 -2.794619e-01 3.446965e-01 6.094810e-01 7.797303e-02 5.164056e-01 7.422264e-01 7.889007e-01 -4.283365e-01 7.469146e-01 2.434233e-01 1.870911e+00 1.224861e+00 0.000000e+00 
-2.469350e+00 8.417405e+00 6.447195e+00 6.853188e+00 8.421401e+00 3.977711e-01 -5.535921e-01 -1.999141e+00 5.795285e-01 3.922704e+00 3.151460e+00 3.190830e+00 -1.512927e-01 -8.634596e-02 4.366551e-01 5.616875e-01 1.156434e+00 1.342544e+00 1.165693e+00 4.071324e-01 -5.733784e-01 -4.339269e-01 -5.454177e-01 -4.703357e-01 9.176850e-02 0.000000e+00 
-3.315639e+00 8.314221e+00 7.354492e+00 6.288160e+00 1.014121e+01 3.601960e+00 1.712836e+00 -6.106618e-01 1.934146e+00 5.127887e+00 -1.084115e+00 3.004874e+00 -1.512927e-01 1.299856e-01 5.411326e-01 5.460693e-01 3.579887e-01 1.062749e+00 1.448674e+00 8.368828e-02 3.552571e-01 -1.150164e+00 -1.035063e-01 -2.213526e+00 -1.488818e+00 6.468773e-04 
-3.744161e+00 7.301650e+00 5.355003e+00 1.005747e+01 1.318072e+01 4.890186e+00 1.722729e-01 7.036376e-01 -5.217059e-01 4.193769e+00 -5.268338e+00 -2.048780e+00 -1.512927e-01 2.541260e-01 4.646520e-01 2.824739e-01 5.115895e-02 -5.377681e-02 6.118798e-01 3.572326e-01 2.234320e+00 4.142940e-02 -5.771496e-01 -1.829150e+00 -1.644295e+00 9.703159e-04 
-1.904360e+00 9.931850e+00 7.691207e+00 6.835375e+00 8.815414e+00 3.505433e+00 1.392659e+00 5.911420e+00 1.169166e+00 2.400599e+00 -4.357563e+00 -2.352140e+00 -1.480583e-01 4.662360e-01 5.865458e-01 3.009634e-01 -2.127664e-01 -7.016898e-01 -1.577806e-01 5.800337e-02 1.825195e+00 1.609110e-02 -7.247744e-01 -5.636123e-01 -1.101739e+00 9.703159e-04 
