-6.396769e+00 4.992154e+00 3.510138e+00 -1.658608e+00 -4.672776e+00 1.515665e+00 -4.781302e+00 -2.218624e+00 1.654510e+00 5.409229e-02 -5.910852e-01 1.605680e+00 -1.512927e-01 4.403135e-01 5.795074e-01 -7.616226e-02 5.413088e-01 4.088512e-01 9.065313e-01 1.922088e-02 3.842193e-01 2.066652e+00 5.620416e-01 1.608308e+00 1.686203e-01 0.000000e+00 
-5.384239e+00 7.588351e+00 2.686675e+00 2.094173e-02 1.918925e-01 5.932042e+00 -6.774583e+00 1.843880e-01 3.834983e+00 -3.939044e-02 3.961952e+00 9.227517e-01 -1.512927e-01 3.678659e-01 1.940687e-01 -7.424965e-01 5.257269e-01 7.419457e-02 -2.271768e-01 -4.245853e-01 1.404159e-01 1.372002e+00 3.341659e-01 1.062646e+00 2.598615e-01 0.000000e+00 
-4.701466e+00 6.591592e+00 3.541058e+00 2.081618e-01 -5.060854e+00 3.840133e+00 -3.688557e+00 -1.499033e+00 1.089753e+01 2.911042e+00 5.173938e+00 2.790246e+00 -1.512927e-01 5.726509e-02 1.835546e-02 -5.684267e-01 2.216679e-01 -5.495887e-02 -5.719453e-01 5.828066e-02 2.401707e-01 -4.689196e-01 -9.911678e-01 7.067974e-02 1.079475e+00 0.000000e+00 
-5.405090e+00 5.162778e+00 -2.178044e-01 3.664213e-02 -4.107764e+00 -7.824526e-01 -7.450601e+00 -1.876340e+00 3.893007e+00 2.964472e-01 1.839631e+00 2.312705e+00 -1.512927e-01 -8.064880e-02 -2.823227e-01 -9.280950e-02 -2.297546e-01 -5.091844e-01 -6.348349e-01 9.761865e-01 3.310652e-01 -8.521855e-01 -9.557787e-01 -2.849422e-01 8.816814e-01 0.000000e+00 
-6.100018e+00 6.296718e+00 2.120244e+00 -5.581182e-01 -2.797742e+00 2.013186e+00 -4.151890e+00 1.259363e-02 -7.190998e-01 -5.069665e+00 8.234740e-01 6.308079e+00 -1.512927e-01 -5.516167e-02 -1.357135e-01 2.205391e-02 -3.309425e-01 5.612973e-01 5.437444e-01 8.038483e-01 1.818924e-01 -1.047067e+00 1.092457e-01 2.699498e-01 -8.364420e-01 0.000000e+00 
-5.088207e+00 6.324174e+00 2.933035e+00 -7.446914e-01 -3.485585e+00 3.671341e+00 -1.661985e+00 1.083900e+00 5.382372e+00 -8.279302e-01 4.712474e+00 3.572242e+00 -1.512927e-01 -2.277756e-03 -1.226855e-01 4.399122e-01 -3.395079e-01 -3.698118e-02 6.129468e-01 -1.675770e-01 -6.235794e-01 6.658387e-01 1.236989e+00 1.506444e+00 -1.059955e+00 0.000000e+00 
-5.135715e+00 5.332326e+00 2.075908e+00 -1.055884e+00 -2.565458e+00 4.331958e+00 -2.563624e+00 -2.069691e+00 4.917515e+00 4.019459e+00 5.087266e+00 -2.021733e+00 -1.512927e-01 -1.658094e-01 -4.786733e-01 -7.450113e-02 1.658573e-02 -1.412406e-01 -1.801526e+00 -1.903159e+00 -8.184270e-01 5.901812e-01 2.125327e+00 1.492129e+00 -4.478648e-01 0.000000e+00 
-5.898630e+00 5.031546e+00 2.003925e+00 -1.412015e+00 -4.408813e+00 1.122895e+00 -9.082619e+00 -3.953094e+00 4.403893e+00 1.936830e+00 7.239955e+00 1.177836e+00 -1.512927e-01 -1.522419e-01 -1.413157e-01 7.543854e-02 6.845143e-01 6.991367e-02 -1.193981e+00 -5.739580e-01 1.533113e-01 -3.923855e-02 1.117158e+00 4.421771e-01 1.294246e+00 0.000000e+00 
-6.523853e+00 4.549665e+00 2.212294e+00 -1.415279e-01 -3.042331e+00 -5.720224e+00 -9.957369e+00 -1.561044e+00 2.721046e+00 4.174587e+00 7.020378e+00 5.265959e+00 -1.512927e-01 -6.068802e-02 3.102395e-01 7.249748e-01 8.729004e-01 -1.479768e-01 -2.534428e-01 9.534367e-01 1.634106e+00 4.166685e-01 -4.457368e-01 -3.571344e-01 1.053120e+00 0.000000e+00 
-5.155348e+00 6.008926e+00 3.242035e+00 2.220702e+00 -2.897580e+00 2.727525e+00 -8.349024e-01 1.596133e+00 6.284414e+00 4.680293e+00 5.956803e+00 6.399628e+00 -1.512927e-01 -3.870106e-02 7.518284e-02 4.236259e-01 6.975918e-01 3.398908e-01 9.450075e-01 1.083023e+00 1.181660e+00 4.028391e-01 -3.522158e-01 -8.161856e-01 2.554344e-01 0.000000e+00 
-5.810797e+00 6.394833e+00 5.081727e+00 1.492260e+00 -4.060958e+00 2.262429e+00 -1.920299e+00 3.326223e+00 6.060596e+00 4.190437e-01 3.943170e+00 6.329705e-01 -1.512927e-01 1.154064e-01 1.336547e-01 2.023199e-02 8.927549e-01 4.599115e-01 8.520037e-01 -9.387684e-03 -8.339830e-02 3.760570e-01 -2.574823e-01 1.688526e-01 -2.425328e-01 0.000000e+00 
-6.448664e+00 4.484877e+00 2.687338e+00 1.259051e+00 -2.200046e+00 1.856606e+00 -7.686037e+00 -4.884263e-01 4.748314e+00 2.053523e+00 4.697631e+00 4.771502e+00 -1.512927e-01 -1.396730e-01 2.079514e-02 -5.549563e-01 5.561801e-01 1.190688e+00 -7.472722e-01 -9.837357e-01 -1.546241e+00 -1.112980e-01 1.483535e-01 -3.522584e-01 -4.605935e-01 0.000000e+00 
-5.300163e+00 5.979964e+00 2.590802e+00 4.803072e+00 -1.091541e+00 -1.024746e+00 -6.578740e+00 -9.357556e-01 5.369381e+00 4.200561e+00 8.494227e+00 4.867358e+00 -1.512927e-01 1.001633e-01 2.066472e-01 -4.636564e-01 6.574109e-01 1.170930e+00 1.776402e-01 5.191873e-01 -6.574074e-01 1.122067e-01 -1.992651e-01 -7.676005e-01 6.273572e-01 0.000000e+00 
-6.109030e+00 6.320337e+00 1.712715e+00 3.346196e+00 1.571151e+00 6.347520e-01 -3.424361e+00 -4.004085e+00 6.073532e+00 3.531302e+00 1.919983e+00 1.979467e+00 -1.512927e-01 2.843639e-01 7.541074e-01 5.113733e-01 -2.706223e-01 3.169848e-01 8.785146e-01 1.466771e+00 1.352867e-01 4.388663e-01 1.985955e-02 -9.189255e-01 -5.321028e-02 0.000000e+00 
-5.479797e+00 6.510339e+00 3.250756e+00 3.735741e+00 -9.190404e-02 3.761557e+00 -1.455201e+00 1.797015e+00 5.959022e+00 -1.316172e+00 1.493992e+00 5.165774e+00 -1.512927e-01 -6.101704e-02 4.044789e-01 4.339142e-01 -9.581491e-01 1.282236e-01 9.137764e-01 1.237034e-01 -5.168893e-01 -1.061746e-01 -1.500409e-01 -2.667336e-01 -6.424499e-03 0.000000e+00 
-4.937027e+00 7.990226e+00 4.914227e+00 4.396046e-01 -1.114940e+00 3.856028e+00 -2.913950e+00 -1.178378e+00 6.647825e+00 4.911187e+00 3.603121e+00 4.356243e+00 -1.512927e-01 -2.420433e-01 -3.688645e-02 7.382345e-01 -1.137356e-01 -2.002223e-01 2.628942e-01 -4.958742e-01 -2.947593e-01 -1.133060e+00 -4.297664e-01 8.484980e-01 7.672274e-01 0.000000e+00 
-6.191250e+00 7.167414e+00 3.159617e+00 1.465622e+00 8.926222e-01 1.933498e+00 -6.215428e+00 -4.933055e+00 4.551361e+00 2.760414e+00 6.318990e+00 3.646848e+00 -1.512927e-01 -1.702007e-01 -1.190441e-01 -1.468212e-01 1.571865e-02 -7.879659e-01 -6.032614e-01 -2.769294e-01 -2.430612e-01 -6.782764e-01 -6.963850e-01 2.236065e-01 -3.728983e-01 0.000000e+00 
-6.963520e+00 5.807367e+00 5.449457e+00 3.912577e+00 7.777616e-02 2.863253e+00 -3.523618e+00 -2.112846e+00 1.112063e+00 -6.558226e-01 3.749973e+00 6.575067e+00 -1.512927e-01 -1.858330e-02 -6.219653e-01 -3.838468e-01 7.812610e-01 -6.944626e-01 -9.564077e-01 -1.037475e-01 1.157806e+00 -1.496573e-01 -1.184062e+00 2.137824e-01 -8.071629e-01 0.000000e+00 
-5.317554e+00 7.006547e+00 2.249035e+00 2.077848e+00 -4.628091e+00 1.241639e+00 -2.535013e+00 1.048943e+00 5.335521e+00 -2.014592e+00 2.538598e+00 2.191870e+00 -1.512927e-01 2.954656e-01 -4.237542e-01 -6.887638e-01 -1.128963e-01 -8.368829e-01 -1.705528e-01 1.346321e-01 1.277097e+00 2.271471e-02 -3.927058e-01 -7.383183e-01 -1.710860e+00 0.000000e+00 
-5.466791e+00 4.960832e+00 3.450285e+00 4.039796e+00 -1.826896e+00 -5.800805e-01 -5.272895e+00 1.619654e+00 5.507459e+00 1.378379e+00 6.562229e+00 1.047917e+00 -1.512927e-01 4.418882e-01 -1.099091e+00 1.163503e-01 -2.885174e+00 -9.474000e-01 1.157084e+00 1.426929e+00 3.250734e-01 -1.277061e+00 -3.315570e-02 -2.179458e+00 -7.569287e-01 3.612689e-02 
-5.462286e+00 5.471910e+00 7.153845e-01 8.375313e-01 -2.339456e+00 2.802401e+00 -4.667629e+00 -4.138191e-01 2.467237e+00 -2.202162e-01 1.221271e+00 -2.143876e+00 -1.512927e-01 5.123196e-01 -1.492839e+00 4.799614e-02 -4.303120e+00 -1.171350e-04 2.825152e+00 2.257040e+00 -9.238340e-01 -2.622876e+00 -5.768069e-01 -2.726716e+00 5.564802e-01 4.231061e-02 
-4.681713e+00 1.079231e+00 6.798034e+00 -9.893134e+00 -5.803541e+00 7.868289e+00 4.677333e+00 2.439024e-01 -3.839100e+00 -1.718789e+00 -6.488651e+00 4.958296e+00 2.934176e-02 3.723744e-01 -1.055458e+00 -1.302109e+00 -3.014935e+00 -5.890497e-01 1.832346e+00 2.089475e+00 -8.763862e-02 -2.400344e+00 -1.132687e+00 -1.560300e+00 2.171681e-01 1.212358e-02 
-3.148496e+00 1.483153e+00 8.151410e-01 -1.247129e+01 -2.640355e+00 1.114321e+01 3.775073e+00 -2.882351e+00 -3.105580e+00 -3.350042e+00 -4.569540e+00 3.019082e+00 -3.005683e-02 9.384537e-02 2.170171e-01 -6.220388e-02 1.146870e+00 1.676565e-01 -3.865825e-01 -4.294747e-01 3.647906e-01 6.412691e-01 8.758610e-01 1.388511e+00 3.758597e-01 -1.806344e-02 
-4.761814e+00 1.677922e+00 -3.110136e+00 -4.380469e+00 -4.621696e+00 4.411240e+00 9.531288e-01 2.415727e+00 -3.707855e+00 -2.720144e+00 1.656136e+00 -4.477215e-01 -1.512927e-01 -1.687020e-01 -1.624772e-01 1.888344e-01 4.104094e+00 -2.244878e-01 -2.552814e-01 2.405594e-01 -9.899588e-01 5.907582e-01 1.833820e+00 3.286204e+00 -6.424885e-01 -4.825047e-02 
-4.953009e+00 6.257650e+00 5.358450e+00 3.815550e+00 -2.092097e+00 2.598012e+00 -4.952901e+00 3.242218e-01 5.607960e+00 4.659766e+00 4.091433e+00 2.438432e+00 -1.512927e-01 3.129192e-01 -1.124103e+00 4.475233e-01 3.605264e+00 -5.705190e-02 9.392412e-01 1.314025e+00 -8.712252e-01 -8.533478e-03 9.074281e-01 1.562532e+00 2.623278e-01 -2.424717e-02 
-4.622967e+00 -2.120404e+00 5.470551e+00 2.483917e+00 -7.200109e+00 1.086448e+01 1.024412e+01 -6.309178e+00 -5.242079e+00 3.445408e+00 5.611883e+00 2.036179e+00 -1.512927e-01 1.528081e+00 -1.003297e+00 -4.055050e-01 5.744911e-01 1.002050e+00 2.181888e+00 2.290370e+00 -9.633123e-01 -1.270603e+00 -6.075324e-01 -9.926649e-01 1.229831e+00 0.000000e+00 
-1.653323e+00 -2.238197e+00 -1.237586e+00 2.122839e+00 -1.636407e+00 1.261280e+01 5.699703e+00 -2.876025e+00 -2.381135e+00 -1.895679e+00 1.265247e+00 3.088770e+00 -1.512927e-01 1.070019e+00 -1.679607e+00 -2.266415e+00 -1.058615e+00 1.155989e+00 1.244375e+00 1.216740e+00 5.577309e-01 -1.313730e+00 -1.089803e+00 -6.555172e-01 2.453709e-01 0.000000e+00 
1.228746e+00 9.093587e-01 -1.839643e+00 -6.616579e-01 1.607114e-01 1.031329e+01 7.078674e+00 -8.007116e-01 -6.066322e+00 -2.480084e+00 -1.894095e+00 5.376267e+00 -1.512927e-01 7.694834e-01 6.993040e-01 -5.971075e-01 3.102842e-01 2.223286e+00 6.483372e-01 -1.636018e+00 2.258902e+00 1.865980e+00 1.328234e+00 8.523630e-01 -1.484218e-01 0.000000e+00 
-2.528769e+00 -3.655265e+00 -2.318528e+00 9.526467e-02 7.440537e-03 9.095484e+00 2.713521e+00 3.586429e-01 -5.485678e-01 2.173499e+00 4.566836e+00 1.995242e+00 -1.512927e-01 -2.554620e-01 2.309498e+00 1.107263e+00 7.570085e-01 1.068009e+00 -4.062902e-01 -1.253609e+00 1.716132e+00 2.546677e+00 1.368598e+00 6.782280e-01 3.619113e-02 0.000000e+00 
-3.378267e-01 2.084651e+00 3.025485e+00 5.049126e+00 3.094397e+00 1.586483e+01 3.557116e+00 3.368000e+00 3.171535e+00 8.051990e+00 8.222903e+00 1.840833e+00 -1.512927e-01 -8.358885e-01 2.488596e+00 1.553788e+00 9.849558e-01 2.951872e-01 -2.374528e-01 -1.380756e+00 1.387754e+00 2.699558e+00 -2.775579e-02 2.885714e-01 -1.266014e-01 0.000000e+00 
-2.147346e+00 8.721645e+00 1.866167e+00 3.052490e+00 2.236795e+00 7.805579e+00 1.192435e+00 3.620279e+00 5.733321e+00 -3.187264e-01 -4.021130e-01 5.037443e+00 -1.512927e-01 -7.717406e-01 2.197045e+00 1.861148e+00 2.759898e-02 -2.275999e-02 -6.261335e-01 -1.320836e+00 1.113997e+00 1.302924e+00 -7.039091e-01 3.067049e-01 2.728789e-01 0.000000e+00 
-3.141407e+00 7.163884e+00 3.836949e+00 2.784509e+00 5.219700e-01 9.770977e+00 9.354391e-01 4.507241e+00 4.290524e+00 -1.372750e+00 2.033237e+00 3.222160e+00 -1.512927e-01 -1.161534e+00 3.168398e-01 8.613580e-01 -1.239355e+00 -4.729983e-01 -1.053180e+00 -1.511766e+00 8.772787e-01 4.678779e-01 -1.015152e+00 -3.833016e-01 -2.531790e-01 0.000000e+00 
-4.985682e+00 4.790341e+00 6.581480e+00 1.365568e+00 1.179854e+00 9.011742e+00 -2.579821e+00 5.359005e+00 5.406556e+00 3.366323e+00 9.195194e+00 2.668973e+00 -1.512927e-01 -3.390387e-01 5.459625e-02 1.337612e+00 -4.427492e-01 -7.538253e-02 -3.766719e-01 -6.059314e-01 5.074163e-01 -1.831964e-01 6.169238e-01 7.602103e-01 -1.472524e+00 0.000000e+00 
-4.726328e+00 5.634501e+00 4.974619e+00 -3.041887e-01 1.257876e+00 9.995844e+00 -2.115584e+00 6.885031e+00 5.674307e+00 1.133704e+00 1.507742e+00 1.759173e+00 -1.512927e-01 -2.035563e-01 9.064140e-02 4.250915e-01 -5.422392e-01 -5.432028e-01 -1.078975e+00 -6.904497e-02 -1.018820e+00 -3.276209e-01 9.287770e-01 1.929179e-01 -9.957794e-01 0.000000e+00 
-3.050079e+00 9.759317e+00 7.985394e+00 2.383092e+00 1.491930e+00 5.809786e+00 -3.117104e-01 4.968466e+00 4.125448e+00 1.512665e+00 3.661686e+00 -1.593683e+00 -1.512927e-01 -3.022510e-01 1.643699e-01 -1.015639e+00 -3.333238e-01 -1.357891e+00 -1.166804e+00 7.977621e-01 -1.534088e+00 -1.262357e-01 7.100704e-01 -3.284914e-01 3.632531e-01 0.000000e+00 
-5.126989e+00 5.132603e+00 5.260449e+00 -4.354494e-01 -2.350081e+00 5.977081e+00 -5.438409e-01 -3.915880e-01 3.292974e+00 4.197964e+00 5.764580e+00 3.745912e-01 -1.512927e-01 -3.800974e-01 -3.784555e-01 -1.540656e+00 1.977855e-01 -1.123883e+00 -1.393794e+00 2.596008e-01 -1.268189e+00 -1.897385e-01 1.201507e+00 8.477785e-01 7.999062e-01 0.000000e+00 
-6.296606e+00 5.863140e+00 1.360369e+00 -2.354209e-01 -3.805623e+00 5.187105e+00 6.231182e-01 1.326871e+00 5.966043e+00 5.384545e+00 5.424318e+00 5.177530e+00 -1.512927e-01 7.824711e-01 -1.849174e+00 -2.919197e+00 2.094687e-01 -2.819531e+00 -3.638756e-01 -1.952771e+00 -7.509835e-01 -1.308685e+00 -6.249668e-01 -6.186593e-01 6.803378e-01 3.680797e-02 
-5.003551e+00 5.690313e+00 5.838516e-01 1.993995e+00 -1.712761e+00 3.338213e+00 -1.284994e+00 2.364885e+00 3.805316e+00 5.205299e+00 4.865319e+00 2.373097e+00 -1.512927e-01 2.080956e+00 -1.572678e+00 -2.534799e+00 9.259917e-01 -3.540984e+00 -1.531419e-02 -3.206958e+00 -2.110417e-01 -2.090803e+00 -2.179473e+00 -1.139420e+00 -2.939304e-01 9.537133e-02 
8.005571e-01 2.345915e-01 -4.272291e+00 2.215714e+00 -1.292438e+01 5.309842e+00 -9.704987e+00 -1.646880e-01 -2.674149e+00 -2.115836e+00 1.018020e+00 8.087523e-01 3.274715e-02 2.713509e+00 -2.424884e+00 -1.132170e+00 -8.637391e-01 -1.967221e+00 -6.379343e-01 -1.963538e+00 -1.409854e+00 -2.166260e+00 -2.328798e+00 -1.054857e+00 -8.796781e-01 7.539406e-02 
1.729210e+00 8.348656e-02 -4.597217e+00 2.968942e+00 -1.549562e+01 5.839141e+00 -1.141458e+01 -7.010168e-01 -2.840945e+00 -2.949209e+00 2.270631e+00 1.089328e+00 2.335441e-01 2.040027e+00 -2.123146e+00 -3.270294e-01 -2.286151e+00 -5.752483e-01 -1.174484e+00 -1.367797e-01 -2.050995e+00 -1.069298e+00 -1.634946e+00 -4.607980e-01 -1.345547e-01 6.634559e-02 
3.904560e+00 -3.457865e+00 -1.709945e+00 -5.041590e+00 -6.750298e+00 7.469695e-01 -4.129779e+00 -4.189447e+00 -1.542126e+00 -2.182191e+00 1.447379e+00 1.421024e+00 3.325927e-02 -1.243364e+00 -4.659039e-01 1.227036e+00 -8.819169e-01 2.460862e+00 -1.192318e+00 1.478018e+00 -8.304356e-01 -2.972409e-01 1.273928e-01 7.145367e-01 7.235256e-01 1.545116e-02 
3.644580e+00 -3.079188e+00 -2.332469e+00 -5.808109e+00 -7.676045e+00 -2.527711e-01 -4.756496e+00 -5.877708e+00 -2.107183e+00 -2.936251e+00 2.346649e+00 1.394188e+00 1.801792e-01 -3.144914e+00 6.939516e-02 7.090805e-01 4.770471e-01 1.307884e+00 -7.192780e-01 2.467835e+00 8.207792e-01 -6.599558e-01 2.494310e-01 -5.270784e-01 5.646483e-01 2.225155e-02 
-6.373949e+00 -5.135908e-01 7.305143e-01 2.194655e+00 -4.529862e+00 2.394209e+00 -5.643938e+00 -1.728520e+00 -4.527234e+00 -1.485352e+00 4.552694e+00 4.273951e+00 1.366854e-01 -4.073847e+00 1.451315e+00 1.004347e+00 2.918627e+00 -5.918856e-01 1.319339e+00 1.281207e+00 1.444722e+00 -8.428794e-01 -2.701679e-01 2.518511e-03 5.481175e-01 9.323157e-02 
-8.856106e+00 -1.041675e+00 -2.272044e+00 1.736055e+00 -1.006642e+01 1.419132e+00 1.681676e+00 2.172415e+00 -4.648170e+00 -2.050473e+00 -1.917419e+00 2.486107e+00 2.930887e-01 3.130115e-01 1.442023e+00 -6.154327e-02 5.888408e-01 -9.937786e-01 4.319613e-01 -6.805698e-01 -3.482803e-01 -2.932170e-01 -3.092682e-01 -1.556007e+00 -2.207484e+00 6.979036e-02 
-1.021433e+01 2.779955e+00 3.281579e+00 5.779464e+00 -8.514539e+00 6.507715e+00 -9.428304e-01 -9.908999e-01 -4.486030e+00 -3.975919e+00 3.592006e+00 3.615652e+00 4.429623e-01 5.754683e+00 -2.855414e-01 -2.419806e+00 -2.740033e+00 1.729022e+00 -3.962770e+00 -7.451868e-02 -1.030266e+00 -3.774140e-01 1.727409e-01 -2.072507e+00 -3.544612e+00 1.252883e-01 
7.129829e+00 2.484154e+00 -3.915717e+00 -4.656310e+00 -1.065260e+01 -1.497173e-01 -1.050990e+01 -7.987920e+00 -3.593871e+00 -3.237308e+00 -4.953040e+00 -9.314080e+00 3.759925e-01 6.927928e+00 -2.381124e+00 -3.564749e+00 -4.126251e+00 4.615420e+00 -5.801557e+00 4.561734e-01 -5.138956e-01 -2.446801e-01 7.257915e-01 -1.078149e+00 -3.124509e+00 1.398272e-01 
1.440650e+01 -3.704212e+00 -1.054668e+01 -8.309329e+00 4.408340e+00 -1.663522e+01 7.925606e-02 -1.799681e+00 -6.941454e+00 -2.822971e-02 -4.292031e+00 -7.549017e+00 7.216751e-01 4.916362e+00 -3.655638e+00 -3.970037e+00 -3.975602e+00 5.152727e+00 -5.849482e+00 2.829666e+00 1.149164e+00 -1.637791e-01 3.831776e-01 -9.644321e-01 -2.450816e+00 1.366452e-01 
1.347312e+01 -9.705215e+00 -1.318166e+01 -1.185080e+01 6.549244e+00 -1.601719e+01 3.451499e+00 7.327795e-03 -4.643858e+00 -3.953607e-01 -3.366147e+00 -7.554102e+00 8.528683e-01 6.385686e-01 -3.429370e+00 -1.379964e+00 -9.624922e-01 4.233800e+00 -1.766216e+00 3.975546e+00 2.429454e+00 -1.407020e-01 -3.779747e-01 1.483239e+00 -2.329168e-01 1.242616e-01 
1.119583e+01 -9.403553e+00 -1.193564e+01 -1.050130e+01 8.648173e+00 -1.480596e+01 6.224798e+00 7.572963e-01 -4.779931e+00 -3.481005e+00 -2.023601e+00 -9.518417e+00 8.877506e-01 -6.246980e-01 -1.967047e+00 2.046210e-01 2.626489e-01 1.033505e+00 1.765506e+00 1.231060e+00 1.106285e+00 -7.172516e-01 -7.496577e-01 4.378956e-01 -1.409810e-01 4.790556e-02 
1.192801e+01 -1.181303e+01 -1.012106e+01 -8.372787e+00 8.396484e+00 -9.895424e+00 6.295058e+00 2.880859e+00 -5.378142e+00 -3.400794e+00 1.328939e+00 -9.493964e+00 9.142630e-01 -2.448202e-01 -8.665754e-01 3.405086e-01 8.720417e-01 5.766158e-01 1.158507e+00 7.598999e-01 2.040967e-01 -1.284833e+00 -5.008007e-01 -5.156776e-01 4.871600e-01 2.141191e-02 
1.205556e+01 -1.248554e+01 -1.105387e+01 -8.735093e+00 8.652247e+00 -1.086857e+01 4.812776e+00 2.294981e+00 -1.016057e+01 -2.273802e+00 -4.450096e+00 -7.283991e+00 9.305056e-01 3.357258e-01 -1.022767e+00 9.914579e-02 7.684124e-01 3.849125e-01 4.730898e-01 7.809020e-01 -2.146728e-01 -1.005126e+00 3.531128e-01 -1.221267e+00 1.041285e+00 1.809567e-02 
1.181915e+01 -1.249710e+01 -1.192000e+01 -8.373697e+00 9.430286e+00 -1.219335e+01 7.957010e+00 2.589692e-01 -8.377705e+00 -3.502966e+00 -4.731287e+00 -6.235515e+00 9.385504e-01 -4.540837e-03 -7.574545e-01 -2.753370e-01 4.483210e-01 -2.704071e-01 1.038590e-02 1.357935e-01 -2.792485e-01 -1.215824e+00 5.117140e-01 -1.867965e+00 6.576216e-01 1.421779e-02 
1.292888e+01 -1.417535e+01 -1.054044e+01 -6.658780e+00 1.005583e+01 -1.129155e+01 9.298332e+00 9.948776e-01 -8.305778e+00 -1.664355e+00 -5.099820e+00 -5.941218e+00 9.660853e-01 -4.784876e-01 -3.385597e-01 5.111917e-01 2.252202e-02 1.874601e-01 7.705412e-02 2.635611e-01 -1.333275e-01 -7.674448e-01 8.676060e-01 -9.539734e-01 1.136395e-01 1.137075e-02 
1.146864e+01 -1.475539e+01 -1.175446e+01 -7.169337e+00 6.342655e+00 -9.632006e+00 4.731247e+00 2.134668e+00 -1.238466e+01 -1.146947e+00 -7.686022e+00 -6.877243e+00 9.675621e-01 -1.031749e+00 -2.006685e-01 9.884155e-01 -2.932713e-01 4.709373e-01 3.422604e-02 -2.508544e-01 -5.487887e-01 -9.983131e-01 1.097926e+00 -8.573335e-01 -1.701074e-01 9.477568e-03 
9.838382e+00 -1.304919e+01 -8.580684e+00 -9.224663e+00 1.113336e+01 -1.176397e+01 7.743463e+00 6.904936e-01 -1.199432e+01 8.862191e-01 -7.742596e+00 -6.394929e+00 9.728535e-01 -1.076014e+00 -1.069403e-01 9.591860e-01 -3.059821e-01 6.462730e-01 -1.103319e-01 -1.013606e-01 -1.156366e+00 -4.709350e-01 5.861231e-01 -7.113693e-01 -1.786978e-01 5.343187e-03 
8.205662e+00 -1.406352e+01 -7.957797e+00 -8.557113e+00 1.124621e+01 -1.178601e+01 7.480173e+00 -2.332783e+00 -1.152500e+01 7.113780e-01 -7.696568e+00 -6.859197e+00 9.825541e-01 -8.058416e-01 1.187313e-01 9.562170e-01 3.181874e-01 9.996951e-01 -3.198217e-01 8.486166e-01 -1.553708e+00 5.025252e-01 7.300291e-01 -3.630665e-01 3.983865e-01 4.393679e-03 
9.180305e+00 -1.505599e+01 -7.642840e+00 -7.494803e+00 1.083542e+01 -1.076620e+01 7.417067e+00 -2.553225e+00 -1.109028e+01 3.370980e-01 -8.651394e+00 -6.843730e+00 9.853052e-01 -6.230102e-01 -1.659141e-01 3.555976e-01 7.228547e-01 -1.709097e-01 1.878128e-01 1.934270e-01 -1.074039e+00 4.206715e-01 4.520564e-01 -5.528010e-01 5.370086e-01 5.504358e-03 
7.768472e+00 -1.315834e+01 -7.442297e+00 -6.443330e+00 1.149010e+01 -1.173000e+01 9.137528e+00 -4.012013e+00 -1.032405e+01 2.777759e+00 -9.046955e+00 -4.660910e+00 9.833046e-01 -5.519005e-01 2.293921e-01 1.170142e-01 5.126132e-01 -4.442905e-01 3.217523e-01 2.010250e-01 -7.575361e-01 6.414973e-01 4.969839e-01 -4.736110e-01 5.093691e-01 3.779960e-03 
6.941926e+00 -1.433135e+01 -7.060446e+00 -6.667280e+00 1.015687e+01 -1.085291e+01 7.881920e+00 -3.840085e+00 -1.049143e+01 2.113311e+00 -9.831407e+00 -4.809030e+00 1.000000e+00 -7.260741e-01 1.861330e-01 2.733458e-01 8.080573e-02 -3.493401e-01 2.619908e-01 2.344889e-01 -7.518256e-01 8.913215e-01 4.318615e-01 -2.476756e-01 4.911486e-01 2.924484e-03 
6.565349e+00 -1.327888e+01 -7.663923e+00 -6.407808e+00 9.364033e+00 -1.013389e+01 8.252872e+00 -5.477033e+00 -8.616939e+00 2.308191e+00 -9.474616e+00 -5.329701e+00 9.941065e-01 -2.751681e-01 -1.527300e-01 2.095812e-01 4.073739e-02 -6.573868e-01 4.663122e-01 -5.450096e-02 -5.767218e-01 8.772984e-01 -1.473870e-01 -1.587504e-01 -1.278835e-01 -8.158862e-04 
6.151495e+00 -1.406505e+01 -6.165298e+00 -7.108535e+00 1.015176e+01 -1.025430e+01 9.031839e+00 -5.579844e+00 -7.487231e+00 2.731189e+00 -9.675941e+00 -4.053592e+00 9.945267e-01 6.496882e-02 8.599415e-02 2.463879e-01 4.927135e-01 -6.056854e-01 6.576676e-01 3.475733e-02 -9.812526e-02 6.418540e-01 1.111418e-01 -1.838508e-01 2.721323e-01 -5.856878e-03 
6.787846e+00 -1.405514e+01 -6.841965e+00 -6.019015e+00 8.205723e+00 -9.697742e+00 8.290064e+00 -6.025743e+00 -7.439661e+00 1.731885e+00 -9.918440e+00 -5.678046e+00 9.819618e-01 2.251627e-01 7.668896e-02 1.901359e-01 5.631523e-01 -7.131133e-01 3.657397e-01 -2.848864e-01 1.789470e-01 3.936606e-02 -1.493249e-01 -4.822925e-01 1.896999e-01 -7.217675e-03 
7.155521e+00 -1.351325e+01 -6.239486e+00 -4.398109e+00 7.707597e+00 -7.782651e+00 8.037110e+00 -4.056356e+00 -7.870802e+00 2.957173e+00 -1.052875e+01 -3.274196e+00 9.767879e-01 1.269431e-01 3.645607e-01 -1.824656e-01 7.362419e-01 -9.244919e-01 3.609741e-01 -5.070860e-01 2.533589e-01 -9.003220e-02 -3.649526e-01 -2.292583e-01 4.184675e-02 -6.238651e-03 
7.189149e+00 -1.317133e+01 -6.676150e+00 -4.947259e+00 7.020546e+00 -9.541021e+00 7.325804e+00 -5.344042e+00 -8.228323e+00 1.448575e+00 -1.145967e+01 -4.770900e+00 9.668875e-01 -1.751092e-01 6.012012e-01 -5.421171e-02 4.064313e-01 -3.958661e-01 -3.008270e-02 -1.283670e-01 2.177841e-01 1.771173e-02 -4.405446e-01 -1.703920e-01 3.129233e-01 -3.421330e-03 
6.585559e+00 -1.268415e+01 -7.160534e+00 -3.963204e+00 6.121886e+00 -8.527792e+00 6.978539e+00 -4.653900e+00 -7.543061e+00 1.048081e+00 -1.005162e+01 -4.297931e+00 9.708706e-01 -2.339651e-01 2.498906e-01 -6.817589e-02 -1.348360e-01 -5.220522e-01 -5.939099e-01 -1.109147e-01 -2.316695e-01 -2.666588e-02 -9.553353e-01 -3.790770e-01 -1.967186e-01 -2.430975e-03 
6.197281e+00 -1.146368e+01 -6.652499e+00 -4.204312e+00 7.019248e+00 -9.475586e+00 8.177514e+00 -4.638051e+00 -7.514973e+00 4.837080e-01 -1.100897e+01 -3.601562e+00 9.678138e-01 -2.259317e-01 3.814697e-05 -3.001267e-01 1.937922e-01 -9.242185e-01 -3.396716e-01 -1.319872e-01 2.428219e-02 -2.289953e-01 -8.441669e-01 -6.307532e-01 -9.941802e-02 -3.660798e-04 
6.481630e+00 -1.311763e+01 -6.592191e+00 -5.443763e+00 5.097985e+00 -1.078492e+01 7.056682e+00 -5.567698e+00 -8.360806e+00 -1.337070e+00 -1.264949e+01 -4.842458e+00 9.641699e-01 2.283787e-01 -9.536085e-02 -1.637188e-01 1.196354e-01 -9.050175e-01 -6.759677e-01 2.403625e-01 3.006555e-01 -3.040028e-03 -1.002853e+00 -6.364290e-01 -3.508221e-01 -5.795020e-03 
6.111455e+00 -1.295440e+01 -8.460956e+00 -3.238019e+00 2.911404e+00 -1.011082e+01 6.626797e+00 -4.765731e+00 -8.964427e+00 -1.579685e+00 -1.331450e+01 -4.995727e+00 9.684075e-01 6.863132e-01 -3.053902e-01 -1.916078e-01 4.065921e-01 -1.195844e+00 -5.269895e-01 -1.917530e-01 7.974993e-01 -1.445189e-01 -6.849324e-01 -5.187457e-01 -1.034199e-01 -9.293169e-03 
7.770366e+00 -1.241559e+01 -7.074900e+00 -3.848173e+00 3.650720e+00 -1.159002e+01 8.955710e+00 -3.086782e+00 -6.833534e+00 -2.934486e+00 -1.208099e+01 -5.354959e+00 9.415987e-01 7.394413e-01 2.517715e-01 4.145144e-01 7.004827e-01 -9.359590e-01 -5.407094e-01 3.964885e-01 1.392628e+00 8.153875e-01 -8.246880e-01 1.641866e-01 5.811468e-01 -1.646030e-02 
8.984479e+00 -1.334165e+01 -7.369184e+00 -2.969146e+00 1.763658e+00 -1.170798e+01 6.269235e+00 -1.891013e+00 -9.001204e+00 -2.142246e+00 -1.388694e+01 -3.862411e+00 9.326336e-01 3.542266e-01 7.849541e-01 8.187083e-01 4.860752e-01 -1.109577e+00 -8.955334e-01 2.655011e-01 1.442646e+00 8.988266e-01 -1.053099e+00 2.020472e-01 1.038146e+00 -1.909924e-02 
8.742325e+00 -1.166515e+01 -5.065505e+00 -2.075785e+00 9.920622e-01 -1.268988e+01 9.217905e+00 -4.191893e-02 -4.265481e+00 -5.179229e+00 -1.154234e+01 -2.503381e+00 8.997553e-01 -5.785301e-02 8.869332e-01 8.947107e-01 6.238388e-01 -1.733586e+00 -5.955259e-01 -3.286217e-01 1.517669e+00 7.555460e-01 -1.024487e+00 3.974568e-01 9.263718e-01 -1.797926e-02 
7.396608e+00 -9.404860e+00 -5.372111e+00 -1.693837e+00 -1.307151e+00 -1.403855e+01 7.823205e+00 9.250659e-01 -5.754321e+00 -5.722810e+00 -1.257360e+01 -1.230787e+00 8.938330e-01 1.247040e-01 7.337446e-01 1.222961e+00 2.342923e-01 -1.354541e+00 -8.131374e-01 -5.730082e-01 1.426222e+00 9.609166e-01 -1.118637e+00 6.870109e-01 5.731140e-01 -2.136521e-02 
8.275036e+00 -9.949324e+00 -3.599882e+00 -1.366634e+00 -3.481805e+00 -1.340236e+01 6.535617e+00 3.093521e+00 -4.679245e+00 -6.266642e+00 -1.075038e+01 -2.038912e+00 8.711027e-01 7.149115e-01 5.308844e-01 7.808844e-01 3.489148e-01 -1.325934e+00 -8.581377e-01 -1.262628e+00 1.038557e+00 5.445626e-01 -6.824327e-01 4.359934e-01 1.648815e-01 -2.819439e-02 
9.841644e+00 -1.053084e+01 -1.987192e+00 -2.152261e+00 -2.772115e+00 -1.541743e+01 4.745337e+00 3.672376e+00 -3.989738e+00 -7.191725e+00 -1.084787e+01 -1.229076e+00 8.401338e-01 1.100543e+00 7.110095e-01 6.706393e-01 3.552761e-01 -1.056092e+00 -6.555691e-01 -1.525326e+00 1.025626e+00 7.305837e-01 -4.764630e-01 5.753959e-01 3.665341e-01 -4.138066e-02 
1.109437e+01 -8.447735e+00 -2.853543e+00 -1.019997e-01 -4.905125e+00 -1.629113e+01 4.443700e+00 3.777210e+00 -2.424959e+00 -7.856936e+00 -1.022523e+01 -1.679829e+00 7.856329e-01 1.130134e+00 1.251189e+00 2.419714e-01 6.235471e-01 -1.086296e+00 -2.564257e-01 -2.330758e+00 8.098423e-01 9.219458e-01 -8.278828e-01 1.090981e+00 7.710798e-02 -4.694857e-02 
1.148966e+01 -6.600606e+00 -2.392085e+00 -5.497738e-01 -5.875949e+00 -1.587201e+01 1.242536e+00 5.711354e+00 -3.228546e+00 -7.309979e+00 -9.959190e+00 4.223424e-01 7.296646e-01 9.347439e-01 1.530063e+00 -4.631909e-01 1.055014e+00 -9.964663e-01 -5.942898e-02 -2.767420e+00 2.770064e-01 1.210602e+00 -4.620637e-01 1.333617e+00 -1.458308e-01 -4.563363e-02 
1.310170e+01 -5.658494e+00 -2.187579e+00 9.498578e-01 -7.361369e+00 -1.445720e+01 -3.366773e+00 6.123244e+00 -4.501131e-01 -1.034693e+01 -5.739813e+00 -2.479082e+00 6.915945e-01 8.266563e-01 1.817866e+00 -5.422357e-01 1.072103e+00 2.614586e-01 7.720719e-02 -3.210293e+00 -9.909660e-01 1.757405e+00 -2.563939e-01 1.219263e+00 -4.003199e-01 -5.826715e-02 
1.351170e+01 -4.275145e+00 -4.636128e+00 2.596883e+00 -6.526325e+00 -1.663154e+01 -5.186525e+00 3.884391e+00 1.075851e+00 -8.257047e+00 -6.422493e+00 -1.558603e+00 6.589849e-01 -9.845884e-02 2.432600e+00 1.461668e+00 1.952696e-02 1.602052e+00 1.665505e+00 -3.621851e+00 -1.379490e+00 8.571972e-01 3.935689e-01 1.712719e+00 -1.434724e+00 -9.383637e-02 
1.421663e+01 -5.211363e-01 -4.442699e+00 3.685187e+00 -3.272645e+00 -1.552533e+01 -8.393233e+00 -2.641391e-01 4.209868e+00 -8.665371e+00 -5.897269e+00 -2.690956e+00 5.296370e-01 -2.870129e+00 3.934587e+00 3.522980e+00 -4.077229e-01 3.204211e+00 2.234025e+00 -8.057291e-01 -2.829316e+00 -7.108437e-01 1.670415e+00 7.441577e-01 -1.391453e+00 -1.060222e-01 
1.043990e+01 2.993717e+00 6.043817e+00 -1.819803e+00 8.994973e-02 -7.010423e+00 -1.435349e+01 2.007597e+00 -1.272550e+00 -6.182913e+00 -1.316867e+00 -6.645341e+00 3.414615e-01 -5.050835e+00 2.559501e+00 3.429673e+00 9.514384e-01 2.051623e+00 5.173134e+00 3.357028e+00 -2.486642e+00 -9.336801e-02 1.602213e+00 1.120424e+00 -1.155050e+00 -8.377396e-02 
2.869530e-01 1.038001e+01 1.008735e+01 1.119587e+00 5.351548e+00 -8.097633e+00 -2.811936e+00 -7.084942e+00 -2.830131e+00 -3.031920e+00 -4.571837e+00 -6.892975e+00 3.202451e-01 -5.708932e+00 -3.608335e-01 1.187221e+00 1.501702e+00 -3.838972e-01 4.379650e+00 4.462433e+00 2.924714e-01 9.801165e-01 2.495987e+00 1.171418e+00 3.389487e-01 -3.937010e-02 
-4.777639e+00 3.071788e+00 5.247213e+00 8.636875e+00 -5.803042e-01 5.520282e+00 8.807967e+00 -5.138420e+00 4.129010e+00 -3.062708e+00 -1.483089e+00 -5.232844e+00 3.448110e-01 -3.803582e+00 -2.120968e+00 -1.549044e+00 2.224581e+00 -8.624911e-01 4.461980e+00 3.170087e+00 8.372472e-01 2.922359e+00 3.427826e+00 6.113140e-01 2.338522e+00 -7.283503e-03 
-6.719267e+00 -2.364339e+00 1.891706e+00 5.965358e+00 -4.857003e+00 1.075690e-01 2.338204e+00 4.771227e+00 6.409670e+00 2.254462e+00 4.293036e-02 -1.702461e+00 3.311117e-01 -1.489158e+00 -2.307051e+00 -1.684927e+00 2.013321e+00 8.218357e-01 3.205353e+00 -8.667462e-01 2.001236e+00 2.385450e+00 3.371072e+00 2.294306e+00 2.642906e+00 -1.158429e-02 
-5.074900e+00 -1.238950e+00 2.396420e+00 6.880217e+00 8.817697e-01 1.119687e+01 -1.078125e+00 2.657491e-01 8.719345e+00 8.313025e+00 -5.676813e-01 2.452011e+00 2.996107e-01 -7.178558e-01 -5.346105e-01 -5.251156e-01 -4.717788e-01 1.700618e+00 1.405687e-01 -2.436854e+00 2.184861e+00 4.233329e-01 1.878976e+00 2.477628e+00 2.034371e+00 -8.957922e-03 
-7.010206e+00 1.000125e+00 3.088114e+00 1.206452e+01 8.729690e+00 5.090833e+00 -2.202621e+00 2.191550e-01 6.801952e+00 8.135575e+00 6.441991e+00 2.479129e+00 2.849239e-01 -5.633945e-01 3.534268e-01 -1.137107e-01 -1.906672e+00 3.109933e-01 -8.648812e-01 -1.111768e+00 1.115276e+00 -1.095500e+00 -6.437886e-01 2.082932e+00 7.691830e-01 8.836210e-04 
-8.221449e+00 -1.283496e+00 2.023431e+00 3.228399e+00 1.129440e+00 3.731493e+00 -1.105889e+00 8.061923e+00 6.049534e+00 3.391618e+00 7.705519e+00 2.848215e+00 3.231153e-01 -5.267884e-01 1.624602e-01 3.822460e-01 -2.301619e+00 -1.121908e+00 -1.807777e+00 -2.568033e-01 1.843293e+00 -1.818819e+00 -3.433125e+00 -4.328136e-01 -2.977869e-01 8.927464e-03 
-7.962965e+00 -5.749326e-01 1.509647e+00 -1.742093e+00 -3.425872e+00 -4.841456e-01 -3.206755e+00 6.449522e+00 2.267073e+00 1.496223e+00 6.320991e+00 1.945353e+00 3.237775e-01 -5.467377e-02 -2.569506e-01 7.571519e-01 -1.681487e+00 -7.862033e-01 5.639969e-01 7.254442e-01 9.451475e-01 -1.098332e+00 -3.888335e+00 -2.529367e+00 1.260817e-01 1.236254e-03 
-7.232462e+00 3.608799e-01 5.096883e+00 2.275429e+00 1.350010e+00 4.945478e+00 -1.860075e+00 6.367029e+00 1.892687e+00 -5.532923e+00 -2.671249e+00 1.229964e+00 3.248212e-01 -4.882412e-02 -2.279269e-01 1.327433e+00 3.845843e-01 8.813082e-01 1.322400e+00 4.965173e-01 -1.313818e+00 3.854098e-01 -1.770255e+00 -9.169086e-01 1.576856e+00 -1.151573e-02 
-7.778069e+00 -1.106816e+00 5.337148e+00 4.133571e+00 4.688388e+00 7.303825e+00 1.801693e+00 5.792339e+00 3.388717e+00 -6.843828e+00 -1.016462e+00 3.918663e+00 2.902522e-01 4.621220e-02 -5.723788e-01 1.465408e+00 6.231018e-01 2.015410e-01 2.417003e+00 5.734898e-01 -2.365146e+00 5.642313e-01 -1.415889e-01 2.252336e-01 1.165177e+00 -2.191420e-02 
-8.558018e+00 -2.157189e+00 6.746843e+00 2.213489e+00 1.478851e+00 6.449509e+00 -1.127527e+00 1.821422e+00 7.415761e+00 -1.289631e+00 6.789701e+00 9.745840e+00 2.822993e-01 1.811260e-01 -5.999811e-01 1.722247e+00 6.776574e-01 -1.621076e+00 -4.115846e-02 -9.460045e-01 -2.433511e+00 8.594198e-01 1.547247e+00 1.237892e-01 -5.555099e-01 -2.038577e-02 
-7.069126e+00 -2.177792e+00 8.011705e+00 1.404387e+00 -2.482588e+00 1.084885e+01 -7.055800e-01 -3.103404e+00 2.326693e+00 -1.333368e+00 2.716683e+00 3.513299e+00 2.354674e-01 5.589972e-01 -2.573625e-01 1.618950e+00 1.644430e+00 -7.255025e-01 -4.906511e-02 4.963068e-01 -6.735673e-01 -8.497834e-03 1.169372e+00 -1.487919e+00 -2.959396e+00 -3.173174e-02 
-6.681303e+00 -2.103538e+00 1.237084e+01 7.028308e+00 -3.169881e+00 2.967172e+00 -5.336461e+00 -1.352656e+00 6.720798e+00 -5.519186e-01 -3.918876e+00 -1.344903e+00 2.502847e-01 7.076298e-01 -4.198783e-01 -1.121926e-01 1.590977e+00 1.450211e-01 -4.041634e-01 7.595432e-01 5.562534e-01 -1.162073e+00 1.338081e+00 -1.199689e+00 -3.385332e+00 -4.294705e-02 
-5.921440e+00 -2.420455e+00 1.061990e+01 9.948309e+00 3.385242e+00 8.799667e+00 6.387694e+00 4.011542e+00 3.693709e+00 -1.365824e+00 -3.101766e+00 -5.332949e+00 1.476008e-01 8.723739e-01 -1.493735e-01 -1.416511e+00 1.235091e+00 -1.854843e-01 -6.880472e-01 -1.698545e-01 1.623976e+00 -1.870998e+00 1.050954e+00 1.009053e+00 -1.384054e+00 -4.380330e-02 
-5.593712e+00 -4.135250e+00 4.881783e+00 5.896414e+00 -7.299586e-01 5.453284e+00 -8.764479e-01 1.045216e+00 9.218878e-01 5.417003e+00 3.700484e+00 -2.757696e+00 1.114974e-01 1.240831e+00 4.957270e-01 -2.473680e+00 -7.872481e-01 -1.759611e+00 -9.577489e-01 -1.180162e+00 8.952238e-01 -2.065800e+00 1.550606e+00 2.888635e+00 3.583196e-01 -6.539364e-02 
-3.251052e+00 -1.908803e+00 4.673680e+00 8.145790e+00 -4.629971e+00 6.165560e+00 -3.784859e+00 3.817539e+00 -4.128844e+00 9.369394e-01 3.952271e+00 -2.700575e+00 8.584458e-02 1.127050e+00 1.628545e+00 -2.329337e+00 -1.422885e+00 -2.874007e+00 -1.802996e+00 -2.750309e+00 -1.885599e+00 -5.425745e-01 6.186166e-01 2.246268e+00 3.686277e-01 -7.229710e-02 
-1.812344e+00 1.192718e-01 2.975551e+00 3.993327e+00 -7.960330e+00 -5.045187e-01 -6.150993e+00 3.220464e+00 3.030765e-01 6.049732e+00 6.997283e+00 -8.694917e-01 -4.580534e-02 9.173762e-01 2.290663e+00 -1.781438e+00 -8.916790e-01 -1.320795e+00 -3.547791e-01 -9.739852e-01 -2.159935e+00 2.355251e-01 -1.412813e+00 -1.002740e-01 -2.087657e-01 -7.283752e-02 
-2.176872e+00 3.595009e+00 -7.366943e-02 3.785426e+00 -7.369609e+00 2.763590e+00 -4.726577e+00 -6.504076e+00 1.290242e+00 1.410895e+00 6.481173e+00 -4.433912e+00 -1.352333e-01 5.876490e-01 1.496346e+00 -1.315522e+00 -1.804090e+00 4.011773e-01 8.897812e-01 9.542313e-01 -1.435813e+00 1.174834e+00 -1.536299e+00 -1.506046e+00 1.551649e-01 -5.706204e-02 
-1.543921e+00 4.566161e+00 -1.651733e+00 3.618201e+00 -5.964114e+00 5.380374e+00 -5.275515e+00 -4.593649e+00 -6.100297e-01 -1.884039e+00 1.934663e+00 -2.934855e+00 -1.421512e-01 4.747453e-01 9.915682e-01 -3.213229e-02 -1.252965e+00 8.284498e-01 1.160598e+00 1.011744e+00 -1.709033e-01 7.288550e-01 -1.107707e+00 -3.042186e+00 -2.236579e-01 -2.270341e-02 
-4.470186e-01 3.349485e+00 4.097142e-01 -6.870974e-01 -3.622192e+00 7.672019e+00 5.485580e-01 5.455337e-01 2.201881e+00 -2.777672e+00 -1.046648e+00 -8.920683e-01 -1.512927e-01 -3.806391e-02 4.562690e-01 1.153269e+00 -1.005706e+00 6.898265e-01 -3.040757e-01 8.869091e-01 1.802792e+00 1.591042e-01 -2.390682e-01 -1.644661e+00 1.397947e+00 -4.126024e-03 
-3.035440e-01 5.199875e+00 2.573197e+00 -3.523612e-02 -5.691790e+00 2.844255e+00 -3.729842e+00 -1.158857e+00 3.491532e+00 2.605481e+00 -4.449734e+00 -3.758703e+00 -1.512927e-01 -3.742243e-01 7.042553e-01 8.296627e-01 -5.619305e-02 2.425727e-01 -1.822034e+00 1.217333e-01 8.654052e-01 7.286328e-01 -2.427741e-01 1.213644e+00 1.110900e+00 -1.828289e-03 
-2.987380e+00 5.559497e+00 3.580209e+00 5.836151e-01 -4.056639e+00 2.511271e+00 -1.064868e+00 7.924888e-01 3.498244e-02 -2.029207e+00 1.450068e+00 2.967744e+00 -1.512927e-01 -5.319325e-01 1.543470e+00 7.314636e-01 5.602087e-01 3.548530e-01 -1.115287e+00 -8.804893e-01 2.569201e-01 1.514309e+00 5.604233e-01 2.380748e+00 1.203933e+00 0.000000e+00 
-2.144861e+00 6.982432e+00 9.113331e-01 2.701879e+00 -4.534027e+00 -1.149424e+00 -3.860135e+00 -3.901002e-01 4.116584e+00 -3.472142e+00 6.754524e+00 6.897396e-01 -1.512927e-01 -3.732479e-01 9.703453e-01 2.729109e-01 1.002896e+00 8.840119e-01 2.072284e-01 2.240086e-02 1.447783e+00 1.944433e+00 6.106911e-01 2.208671e+00 1.534351e+00 0.000000e+00 
-2.186023e+00 1.017555e+01 4.897964e+00 7.453884e-01 -2.426808e+00 4.092422e+00 -3.788742e+00 1.445756e+00 9.460899e+00 3.063256e+00 5.254961e+00 2.903377e+00 -1.512927e-01 3.972292e-02 8.168295e-01 4.342084e-01 1.001987e+00 5.395111e-01 -1.483518e-01 7.702430e-02 1.043410e+00 1.349267e+00 2.207255e+00 4.755180e-01 3.928826e-01 0.000000e+00 
-2.570462e+00 7.743573e+00 3.278874e+00 4.898357e+00 -2.086646e+00 3.089821e+00 -2.255901e+00 5.753423e+00 8.500740e+00 3.112705e+00 4.691172e+00 3.945234e+00 -1.512927e-01 4.347191e-02 5.982279e-01 3.458008e-01 3.187035e-01 2.017632e-01 7.631105e-01 2.053440e-01 8.330871e-01 -1.514496e-01 1.267972e+00 -4.021624e-01 8.515436e-01 0.000000e+00 
-2.575965e+00 9.263075e+00 4.567480e+00 4.495311e+00 -2.582774e+00 -3.501105e-01 -1.481863e+00 2.937778e+00 4.589241e+00 5.714643e+00 4.859333e+00 3.304410e+00 -1.512927e-01 -2.785991e-01 2.012001e-01 -3.688181e-01 -6.655677e-02 2.802012e-01 7.584047e-01 -3.940507e-01 -1.124047e+00 -1.199618e+00 -4.083135e-01 1.818422e-01 1.492626e-01 0.000000e+00 
-1.732531e+00 1.042981e+01 2.805579e+00 2.420436e+00 -3.447228e+00 4.887395e+00 -3.986854e+00 3.029324e+00 5.795165e+00 1.542026e+00 4.941525e+00 4.746941e+00 -1.512927e-01 -3.475951e-01 1.518416e-01 -2.455715e-01 -7.055615e-01 8.580282e-01 1.180943e+00 -1.329385e-01 -9.542612e-01 -1.280872e-01 3.501666e-01 4.501449e-01 3.621243e-01 0.000000e+00 
-3.997984e+00 9.838435e+00 3.290522e+00 1.651565e+00 -3.455110e-01 6.985659e+00 -4.893519e+00 -2.812430e+00 4.815596e+00 1.807028e+00 6.038995e+00 3.248836e+00 -1.512927e-01 -1.247308e-01 -9.394503e-02 -3.363285e-01 -2.363677e-01 8.972059e-01 1.698316e+00 4.243627e-01 1.416992e-01 -2.502701e-01 -5.627928e-02 6.498135e-01 -3.164726e-01 0.000000e+00 
-3.597428e+00 8.215101e+00 2.689496e+00 2.792422e+00 1.084863e+00 5.326653e+00 -1.214766e+00 3.857221e+00 7.747127e+00 6.817345e+00 6.352066e+00 5.783642e+00 -1.512927e-01 1.356430e-02 4.342280e-02 4.976355e-01 2.907436e-01 8.609296e-01 3.083426e-01 1.222140e+00 5.796674e-01 -1.123696e+00 2.535058e-01 6.053580e-01 -1.163745e+00 0.000000e+00 
-2.267170e+00 9.900704e+00 2.943879e+00 3.127479e+00 -3.627907e-01 7.921839e+00 -7.460941e-01 3.232326e+00 2.361909e+00 2.795587e+00 7.403131e+00 1.203697e+00 -1.512927e-01 2.591528e-01 -5.975194e-02 1.835918e-01 -3.895395e-01 -3.406158e-01 -1.346168e+00 -3.656218e-01 2.784466e-01 -1.270321e+00 -1.180691e+00 -5.546619e-01 -8.180401e-01 0.000000e+00 
-2.530116e+00 1.061579e+01 5.467078e+00 3.136197e+00 8.660595e-01 5.961019e+00 5.013537e-02 2.905283e+00 1.403529e+00 2.315276e+00 7.286248e+00 -4.921389e-02 -1.512927e-01 3.705069e-01 2.088408e-01 3.931612e-01 -3.272667e-01 -8.399204e-01 -9.252670e-01 -8.769745e-01 -7.216582e-01 -2.045778e-01 -1.865202e+00 -1.287569e+00 -7.463655e-01 0.000000e+00 
-3.235876e+00 8.339331e+00 2.819689e+00 -4.680199e-01 -1.939188e+00 -6.236458e-02 -7.354078e+00 -9.442283e-01 1.635788e+00 -1.845394e+00 2.798595e+00 2.075064e+00 -1.512927e-01 2.592941e-01 -2.969635e-01 -6.925589e-01 -1.076365e+00 -9.888712e-01 -6.232948e-01 -1.183651e+00 -7.115093e-01 -6.448216e-01 -1.877589e+00 -2.134135e+00 1.266187e+00 0.000000e+00 
-1.260541e+00 1.003999e+01 4.717397e+00 2.953838e+00 -2.326540e+00 4.692420e+00 -2.295646e+00 2.337208e+00 7.087298e+00 -1.881729e-01 2.216490e+00 1.616132e+00 -1.512927e-01 5.181257e-01 -9.757777e-02 -1.453276e+00 -1.028915e+00 -7.733043e-01 7.041102e-01 3.692845e-01 -5.021598e-01 -1.110826e+00 -1.551373e+00 -1.284646e+00 1.717418e+00 0.000000e+00 
-1.605487e+00 8.703786e+00 -1.440744e-01 -2.163167e+00 -3.710847e+00 5.439664e+00 -5.491457e+00 -4.118329e-02 -3.704084e+00 -5.340632e+00 -7.326663e-01 6.701958e+00 -1.512927e-01 4.158860e-01 2.888999e-02 -6.393235e-01 -3.525389e-01 7.058843e-01 2.646875e+00 2.492075e+00 -2.808235e-01 -8.775190e-01 -5.250289e-01 7.778929e-01 8.289419e-01 0.000000e+00 
-7.546825e-01 9.945674e+00 -3.174210e-01 -1.160805e+00 -2.114633e+00 6.730555e+00 9.652474e-01 -5.703878e-02 -1.480664e+00 -3.693971e+00 2.628651e+00 6.224429e+00 -1.512927e-01 4.533596e-02 -5.531384e-01 -5.542980e-01 5.405917e-01 2.711456e+00 1.812010e+00 9.492630e-01 -6.441115e-01 4.129052e-02 1.339689e+00 2.312047e+00 3.323950e-01 0.000000e+00 
-1.409375e+00 8.530939e+00 2.140481e+00 -1.733931e-01 1.484280e+00 1.215294e+01 3.475852e+00 -1.151223e+00 1.532174e+00 -2.717640e+00 6.481979e+00 3.915625e+00 -1.512927e-01 2.829070e-01 -8.107901e-04 1.198497e+00 2.523065e+00 3.790445e+00 2.142561e+00 1.240704e+00 5.554732e-02 2.088999e+00 2.950236e+00 1.555075e+00 -1.427681e+00 0.000000e+00 
-1.131917e+00 7.360723e+00 8.036292e-01 4.661910e+00 8.633178e+00 1.039583e+01 -2.032985e+00 -3.283299e-01 4.675622e+00 5.198776e+00 1.016940e+01 4.671273e+00 -1.512927e-01 4.235377e-01 1.110947e-01 8.712681e-01 2.404999e+00 3.690010e+00 5.890716e-01 -3.257431e-01 1.144095e+00 1.703367e+00 2.706424e+00 2.162592e+00 -4.909781e-01 0.000000e+00 
-2.334595e-03 9.992208e+00 5.287887e+00 7.540801e+00 9.867472e+00 1.431983e+01 2.211178e+00 3.721988e-01 3.662770e+00 4.964174e+00 3.272330e+00 3.401293e-01 -1.512927e-01 2.549526e-01 3.426767e-01 2.572992e-01 1.847852e+00 2.057779e+00 -6.302630e-01 -1.602101e-01 6.458262e-01 4.236927e-01 1.828549e+00 1.019085e+00 -2.778613e-01 0.000000e+00 
6.594858e-01 9.770514e+00 2.465217e+00 7.007096e+00 1.214382e+01 8.592468e+00 -3.113151e-02 4.901723e+00 5.970870e+00 5.997241e+00 1.504644e+01 5.557287e+00 -1.512927e-01 -6.047767e-01 -7.666408e-01 -3.462063e-01 -4.095370e-01 -9.983505e-01 -9.521180e-01 1.322467e-01 -5.211099e-01 -8.994746e-01 -2.531279e-01 8.646746e-02 -7.632173e-01 0.000000e+00 
-1.030313e+00 9.039428e+00 2.596183e+00 7.893275e+00 1.001786e+01 9.903309e+00 1.673874e+00 -5.371181e-01 3.003013e+00 6.025873e+00 9.138885e+00 2.083312e+00 -1.512927e-01 -1.158025e+00 -1.774320e+00 -1.178564e+00 -1.477473e+00 -2.118006e+00 -1.370162e+00 -7.700524e-01 -1.308378e+00 -1.177203e+00 -5.718728e-01 1.414295e-01 -6.286756e-01 0.000000e+00 
-3.641811e+00 4.003909e+00 4.184494e-01 2.437988e+00 3.566233e+00 7.843503e+00 -1.103100e+00 -2.479221e+00 5.081272e-01 3.402287e+00 7.668465e+00 -1.640379e-02 -1.512927e-01 -1.121409e+00 -1.656873e+00 -6.271268e-01 -1.459350e+00 -2.360680e+00 -3.557738e-01 -4.920911e-01 -1.670399e+00 -1.342037e+00 -7.813495e-01 -1.622637e+00 -1.324710e+00 0.000000e+00 
