-2.702513e+00 5.826205e+00 -2.000037e+00 2.233457e+00 1.464826e+00 1.008551e+01 -4.487333e+00 1.837542e+00 4.863269e+00 7.156736e+00 3.789030e+00 3.790504e+00 -1.512926e-01 -4.408593e-01 5.809356e-01 1.295637e+00 1.052047e-01 -6.561778e-02 -1.382195e+00 2.527950e-01 7.602852e-01 -5.536086e-01 -1.351957e+00 5.615522e-01 -1.696472e-01 0.000000e+00 
-3.426835e+00 8.025993e+00 9.096668e-01 4.288816e+00 9.541018e-01 7.229612e+00 -3.107636e+00 4.446974e+00 1.835390e+00 -7.037455e-01 6.547735e+00 7.116599e+00 -1.512926e-01 -2.650294e-01 5.247359e-01 1.526145e+00 1.385161e-01 -1.557033e-01 -1.486769e+00 2.616565e-01 -1.039230e-01 -1.681471e+00 -1.553816e+00 9.265060e-01 -2.228036e-01 0.000000e+00 
-4.544648e+00 7.630988e+00 3.023297e+00 1.731801e+00 1.392099e+00 4.602477e+00 -3.913208e+00 4.334251e+00 3.609165e+00 4.327189e+00 5.217439e+00 1.279220e+00 -1.512926e-01 -3.038650e-01 2.889014e-02 1.267253e+00 5.074112e-01 7.848617e-02 -3.314846e-01 9.692057e-01 -4.545681e-01 -1.935223e+00 -1.565607e+00 1.800212e-01 -1.108292e+00 0.000000e+00 
-3.106592e+00 7.547493e+00 3.119021e+00 3.176866e+00 7.226726e-01 5.393176e+00 -3.466114e+00 6.957173e-02 -2.917036e+00 8.024291e-01 7.707356e+00 3.932127e+00 -1.512926e-01 -1.987267e-03 -4.305553e-01 6.274006e-01 7.321476e-01 3.479117e-01 2.482289e-01 3.416214e-01 -7.877842e-01 -9.206333e-01 4.516063e-01 -3.311401e-01 -1.419176e+00 0.000000e+00 
-4.381959e+00 6.209906e+00 3.231549e+00 5.326488e+00 1.972971e+00 9.346302e+00 5.379336e-01 1.753402e+00 -2.436633e+00 -1.424389e+00 4.109325e+00 -1.587212e-01 -1.512926e-01 3.119791e-01 -5.583217e-02 4.833397e-01 4.297801e-01 8.704939e-02 4.119676e-01 -9.572879e-02 -3.954120e-01 -4.684376e-01 -7.184920e-01 -7.783989e-01 -6.029791e-01 0.000000e+00 
-3.518116e+00 6.583758e+00 3.942544e+00 6.152211e+00 2.403224e+00 6.098844e+00 -3.625100e+00 1.798478e+00 2.551221e-01 4.430075e+00 5.446092e+00 7.396916e-01 -1.512926e-01 1.312881e-01 5.669546e-01 5.486113e-01 -2.085174e-01 -4.104826e-01 -9.302660e-01 -9.391084e-01 1.159289e-01 1.180662e+00 7.842100e-01 -4.941317e-01 -7.277585e-01 0.000000e+00 
-2.778991e+00 7.833694e+00 5.028234e+00 2.393028e+00 9.870698e-01 6.309481e+00 -4.312359e+00 1.492738e+00 -3.191017e-01 -1.079094e+00 2.456077e+00 -1.394583e-01 -1.512926e-01 -9.218168e-02 6.439161e-01 2.719278e-01 -1.119595e+00 -7.940249e-01 -1.820567e+00 -8.646297e-01 1.815434e-01 1.025514e+00 1.267753e+00 7.296494e-01 1.015015e-01 0.000000e+00 
-3.251636e+00 9.570372e+00 4.963735e+00 3.601008e+00 -8.367897e-01 2.260256e+00 -5.736510e+00 7.795484e-01 1.927509e+00 4.550832e+00 6.063323e+00 2.837033e-01 -1.512926e-01 -2.767233e-01 3.888195e-01 1.767868e-01 -4.490184e-01 -5.195357e-01 -7.655424e-01 8.451895e-02 2.699596e-01 3.227722e-01 6.626860e-01 1.749862e-01 -8.605262e-02 0.000000e+00 
-4.976108e+00 7.936180e+00 4.080593e+00 1.004115e+00 -3.771465e-01 2.162763e+00 -2.729510e+00 3.170584e+00 1.854743e+00 4.853997e+00 7.448956e+00 5.767803e-01 -1.512926e-01 -4.094408e-01 -2.917424e-01 -2.726729e-01 8.762684e-02 -1.170796e-01 -1.742298e+00 -7.544798e-01 6.542326e-01 4.400591e-01 6.128283e-01 4.244576e-01 8.152111e-01 0.000000e+00 
-3.803174e+00 8.476613e+00 5.300299e+00 4.601576e+00 4.876540e-01 4.344491e+00 -3.993929e+00 2.309353e+00 7.820606e-01 4.776960e+00 3.824583e+00 -4.869080e-02 -1.512926e-01 -8.366547e-02 -7.612312e-02 -3.442730e-01 -1.476045e-01 3.258907e-02 2.070054e-01 -3.600321e-01 6.723107e-01 8.945893e-01 -3.208651e-01 8.532076e-02 1.520309e+00 0.000000e+00 
-4.550426e+00 6.921862e+00 3.496588e+00 2.330879e+00 -2.605501e-01 -3.444129e+00 -8.956048e+00 3.998999e+00 2.453918e+00 1.871984e+00 5.697735e+00 4.102794e+00 -1.512926e-01 7.296391e-02 8.229323e-02 -1.322279e-01 -1.405051e-01 -4.721693e-01 2.992969e-01 3.591197e-01 2.861148e-01 8.442833e-01 5.072240e-01 -2.306704e-01 1.377888e+00 0.000000e+00 
-3.882804e+00 9.696915e+00 3.534372e+00 2.199603e+00 -7.321426e-01 6.098729e+00 -4.423402e+00 3.726894e+00 6.100868e+00 4.437513e+00 7.365538e+00 6.122241e+00 -1.512926e-01 2.261034e-01 2.108712e-01 -8.824108e-01 -9.667554e-01 -5.855678e-01 6.209739e-01 1.112747e+00 1.406562e+00 8.440815e-01 1.408112e+00 1.104727e-01 -5.730801e-02 0.000000e+00 
-4.571473e+00 7.737495e+00 4.302417e+00 1.502575e+00 -2.128095e+00 2.782128e+00 -7.191756e-01 3.892386e+00 3.416756e+00 7.559840e+00 4.525127e+00 4.380756e+00 -1.512926e-01 1.279814e-01 -1.428708e+00 -1.632882e+00 2.214875e-02 3.974047e-01 1.507546e+00 1.327386e+00 1.604228e-02 4.829291e-01 1.828637e+00 2.963059e-02 -7.126130e-01 0.000000e+00 
-2.662133e+00 9.123152e+00 4.853303e-01 1.819510e-01 -1.506412e+00 4.336232e+00 -2.548629e+00 9.395469e+00 4.521049e+00 8.973592e+00 4.963250e+00 -4.742119e-01 -1.512926e-01 -7.974949e-02 -1.515338e+00 -1.327282e+00 -4.207652e-01 -1.467010e-01 -6.588501e-01 -8.300608e-01 -1.173664e+00 -2.486901e-01 -1.764156e-01 1.274107e-01 -9.825345e-01 0.000000e+00 
-4.520854e+00 6.520128e-02 -3.143299e+00 3.450449e+00 2.113608e+00 4.974850e+00 -3.256506e+00 1.244923e+00 5.658473e+00 8.747127e+00 7.047031e+00 3.837955e+00 -1.512926e-01 3.052025e-02 -2.176173e-01 -2.950833e-01 -4.056750e-01 -1.973450e-01 1.314499e-01 -1.148794e+00 -1.681965e+00 8.091879e-03 -1.235959e+00 3.446652e-01 -4.147897e-02 0.000000e+00 
-4.306861e+00 5.956373e+00 6.208177e-01 -8.781598e-01 -3.586499e+00 1.708117e+00 -7.305041e+00 -8.176954e-01 3.736558e+00 2.961791e+00 6.741639e+00 1.480969e+00 -1.512926e-01 -5.267609e-01 2.960314e-01 9.426757e-01 -6.021782e-01 -1.405151e+00 -5.050977e-01 -8.659407e-01 -2.122579e+00 -4.485078e-01 -1.870035e+00 -5.148953e-01 -2.747489e-01 0.000000e+00 
-3.596508e+00 8.232798e+00 2.759256e+00 4.255295e-03 -2.074777e+00 4.753435e+00 -4.084940e+00 5.891442e-01 3.849461e+00 4.385947e+00 5.359259e+00 3.195771e+00 -1.512926e-01 -1.008646e-01 1.694591e+00 1.397391e+00 -1.457481e-01 -1.635912e+00 -1.603802e-01 -8.058880e-01 -2.123266e-01 -1.203351e+00 -1.824688e+00 -9.575796e-02 -5.506448e-01 0.000000e+00 
-5.758111e+00 6.519510e+00 2.247431e+00 -1.105843e+00 -6.437976e+00 1.921451e+00 -6.464116e+00 -8.895366e-01 3.183016e+00 1.804009e+00 3.232660e+00 -1.526864e+00 -1.512926e-01 -2.921279e-01 4.021879e-02 2.049600e-01 4.525594e-01 1.724630e-01 -1.173812e-01 3.259069e-01 6.888544e-01 -5.851170e-01 -1.455773e+00 -7.906141e-01 -8.057535e-01 0.000000e+00 
-4.299552e+00 8.256588e+00 3.030347e+00 2.835550e+00 -4.640211e+00 4.066282e+00 -7.706408e+00 2.192106e-01 -8.151162e-02 2.025780e-01 8.322731e+00 2.588648e+00 -1.512926e-01 -7.822819e-02 -1.472265e+00 5.322989e-01 3.463850e-01 3.940643e-01 1.788192e+00 4.298123e-01 -3.805890e-01 -3.274601e-02 -1.255090e+00 -1.234091e+00 -3.294215e-01 0.000000e+00 
-5.415978e+00 6.145573e+00 1.510072e+00 -3.101045e-02 -1.441467e+00 1.464788e+00 -3.864772e+00 2.811543e+00 2.776460e+00 -2.225390e+00 1.306832e+00 -2.244237e+00 -1.512926e-01 5.688492e-01 -3.216028e+00 1.566424e+00 -5.151085e-01 4.150940e-01 3.431255e+00 8.367521e-01 -1.483673e+00 1.026627e+00 -5.816058e-01 -1.671895e+00 1.073833e+00 1.890209e-02 
-4.158715e+00 1.058440e+00 5.789430e+00 1.198764e+00 -2.602710e+00 1.392273e+01 -3.235550e+00 -3.164341e+00 3.889009e+00 1.251974e-01 1.517160e-01 1.907350e+00 -1.512926e-01 2.850316e-01 -2.222334e+00 1.706047e+00 -3.382459e-01 2.840948e-03 3.243768e+00 6.605893e-01 -1.355090e+00 1.602188e+00 9.033143e-01 -9.009059e-02 1.314284e+00 9.451044e-03 
-2.984283e+00 -5.961557e+00 8.700007e+00 -2.862992e+00 -5.381257e+00 1.414950e+01 -4.515784e+00 -6.616126e+00 6.330891e+00 -1.065329e+00 -1.041307e+00 4.182950e+00 -5.678213e-02 2.575806e-01 -1.619345e-01 -2.931774e-02 -2.080229e-01 -2.660174e-01 3.375435e-01 -6.431977e-01 6.577346e-01 9.059976e-01 2.058450e+00 1.507828e+00 9.321064e-01 0.000000e+00 
-4.090241e+00 3.198482e+00 7.965615e+00 2.560312e+00 -2.656111e+00 1.394276e+01 -4.077956e+00 -1.842403e+00 6.152215e+00 4.139120e+00 9.046348e+00 5.946476e+00 -1.512926e-01 -3.437734e-01 2.346623e+00 -1.305540e+00 6.317099e-02 1.334799e+00 -3.078510e+00 -3.374337e-01 1.530088e+00 -1.055297e+00 3.132638e-01 1.008319e+00 -1.040507e-01 -9.451044e-03 
-4.162313e+00 4.265880e+00 2.753911e-01 -1.751899e+00 -2.744853e+00 3.142487e+00 -6.659558e+00 5.439248e+00 6.174845e+00 6.059897e+00 4.398655e+00 3.967317e-01 -1.512926e-01 -3.823400e-01 3.447119e+00 -9.953023e-01 6.205471e-01 1.287315e+00 -2.341158e+00 -2.840690e-01 1.467542e+00 -1.110311e+00 2.015816e-01 1.671401e-01 -5.571405e-01 -1.890209e-02 
-5.288568e+00 7.677838e+00 3.474037e+00 9.590723e-01 2.753085e+00 4.033684e+00 -3.850832e+00 -1.541588e+00 -1.309453e+00 -1.871097e+00 2.473330e+00 3.280206e+00 -1.512926e-01 2.722240e-01 2.705559e-01 6.078367e-01 -1.537241e+00 -6.442415e-01 -9.514227e-01 -1.040627e+00 -2.118731e-01 -2.679258e-01 -4.427245e-01 -1.746478e+00 2.816682e-02 0.000000e+00 
-4.296821e+00 9.034361e+00 5.969285e+00 1.040363e+00 -1.649280e+00 7.398254e+00 -6.049691e+00 5.711781e-01 4.510171e+00 2.947687e+00 3.080902e+00 2.730383e+00 -1.512926e-01 3.860799e-01 3.897532e-01 1.799204e+00 3.558986e-01 -3.952827e-01 3.384443e-01 -1.149993e+00 -8.306419e-01 2.657050e-01 -2.305751e-01 -2.213718e-01 1.242303e+00 0.000000e+00 
-2.661867e+00 2.167021e+00 8.157852e+00 -6.522026e+00 -6.425105e+00 7.057767e+00 -9.586023e+00 -4.677341e-01 5.644923e+00 3.481602e+00 9.728339e-01 4.920485e+00 -1.512926e-01 6.176556e-01 2.086407e-01 -2.739370e-03 1.080277e+00 6.269217e-03 -9.090611e-01 -4.871821e-01 9.967632e-01 9.150307e-02 1.087698e+00 7.885559e-01 -6.639704e-01 0.000000e+00 
-3.545263e+00 8.970055e+00 6.929502e+00 3.768143e+00 -1.321718e-01 3.322667e+00 -9.541925e+00 7.491109e-01 4.026183e+00 2.230672e+00 4.042045e+00 5.788105e+00 -1.512926e-01 1.376320e+00 -8.434420e-01 -2.606441e+00 2.667883e-01 1.982477e+00 -1.564645e+00 4.022957e-01 1.088700e+00 -1.155959e+00 -6.796873e-01 6.006581e-01 -5.082130e-02 0.000000e+00 
-2.576068e+00 8.753195e+00 2.980232e+00 4.996566e+00 2.025877e+00 1.526173e+00 -4.540626e+00 3.353261e+00 -6.099433e-01 3.925902e+00 5.935539e+00 -1.568508e+00 -1.512926e-01 3.288937e+00 -2.499357e+00 -3.762955e+00 3.163833e-01 1.157669e+00 -4.439360e-01 -3.207597e-01 1.378419e+00 -1.142313e+00 -1.795359e+00 5.108020e-01 2.390070e-01 3.426663e-02 
2.541878e+00 1.524064e+00 -4.474108e+00 -3.384992e+00 4.037616e+00 2.340826e+00 -6.560912e+00 4.104177e+00 1.857809e+00 -6.728997e-01 3.602840e+00 5.720772e+00 -1.512926e-01 3.344443e+00 -4.843554e+00 -2.361228e+00 -6.833971e-01 -1.851381e+00 2.664919e-01 9.078833e-01 -7.767876e-01 2.928872e-02 -6.544958e-01 -6.737941e-01 8.248207e-01 3.529249e-02 
1.073925e+01 -6.606767e+00 -4.955119e+00 -1.363542e+00 -2.721652e+00 5.329008e+00 -1.268033e+01 4.746829e+00 1.017546e+00 -4.043407e+00 3.746446e+00 6.149186e+00 2.004057e-02 1.342127e+00 -3.128627e+00 -5.279216e-01 5.436308e-01 -2.500973e+00 2.000171e-01 7.814437e-01 -1.724498e+00 2.403128e-01 2.583469e-01 -5.188130e-01 8.124119e-01 9.079588e-03 
6.519294e+00 -7.567736e+00 -9.089627e-01 3.531212e+00 -7.015311e+00 2.753709e+00 -9.326563e-01 -3.831611e+00 3.358882e+00 2.942848e+00 1.767621e+00 6.053361e+00 -6.049669e-02 -2.093582e+00 1.097560e+00 2.101627e+00 1.934098e+00 -1.450443e+00 -3.839468e-01 1.249668e+00 -6.555352e-01 -2.232173e-01 2.038183e+00 1.505321e+00 -1.971575e-01 -1.713331e-02 
2.145859e+00 -2.344040e+00 -1.441948e+00 4.256618e+00 -4.952525e+00 2.319817e+00 -3.447535e+00 -1.301335e+00 -1.589155e-01 3.409763e+00 4.259084e+00 2.327257e+00 -1.512926e-01 -3.896178e+00 3.497824e+00 2.469854e+00 9.068659e-01 1.248797e+00 -7.740680e-02 7.971304e-01 4.687253e-01 2.402970e-01 1.536027e+00 1.283508e+00 -3.336787e-01 -4.334622e-02 
-3.629340e+00 4.880499e+00 4.277444e+00 3.475415e+00 -2.099162e+00 1.925687e+00 -4.928969e+00 3.850584e+00 1.329953e+00 5.791430e+00 1.087312e+01 6.645949e+00 -1.512926e-01 -2.888019e+00 3.046191e+00 1.928096e+00 2.367077e-01 1.424869e+00 4.597202e-01 -1.783653e+00 1.331358e+00 5.553567e-02 -1.763941e-01 1.236942e+00 -1.189343e+00 -1.815918e-02 
-3.667329e+00 4.658237e+00 4.800946e+00 3.198686e+00 1.064260e+00 5.355985e+00 -6.696520e+00 3.249357e+00 3.233495e+00 2.212437e+00 5.611233e+00 4.184499e+00 -1.512926e-01 -2.314154e-01 2.700662e-01 1.629599e-01 -1.016111e+00 -8.743821e-01 -1.814477e-01 -5.175382e-01 -1.935346e-01 -6.511983e-01 -1.029646e+00 -1.345499e+00 -8.613042e-01 0.000000e+00 
-5.014209e+00 4.162081e+00 5.610070e+00 5.243717e+00 -2.899358e+00 3.534226e+00 -8.226429e+00 5.498331e-01 1.940355e+00 2.659540e+00 7.276255e+00 -8.219740e-01 -1.512926e-01 2.147017e+00 -1.931572e+00 -1.586283e+00 -1.880143e+00 -2.386992e+00 -8.227139e-01 1.717152e-01 -1.471481e+00 -1.655040e+00 -1.623870e+00 -2.933244e+00 -1.337169e+00 6.576441e-02 
1.681216e+00 -6.345005e-01 -1.293462e+00 -1.708089e+00 -8.924337e+00 6.083088e-01 -4.386496e+00 -6.186330e-01 -3.720108e+00 -1.725237e-01 -6.699779e-01 1.754698e+00 -1.512926e-01 1.661604e+00 -7.130662e-01 -9.331579e-01 -1.136217e+00 -2.126036e+00 -4.728709e-01 2.918683e-01 -5.813310e-01 -1.889600e+00 -1.467631e+00 -2.127636e+00 -1.024026e+00 8.229054e-02 
4.431474e+00 -2.130993e+00 -6.067672e-01 -3.471912e+00 -9.039825e+00 1.859560e-01 -5.225406e+00 -1.572827e+00 -3.468447e+00 -1.135440e+00 -6.524918e-01 1.175004e+00 1.775295e-01 3.312095e+00 3.029674e-01 -1.894513e+00 -2.005558e+00 -1.102897e-01 -1.495762e+00 -4.360800e-02 -1.703489e+00 -1.408928e+00 -1.008970e+00 -1.988345e+00 -1.075802e+00 1.223339e-01 
-8.214951e-02 4.239443e+00 3.243575e+00 1.875417e+00 -6.495686e+00 4.665765e+00 -6.737690e+00 1.404033e+00 -3.510107e+00 -3.228229e+00 -1.062577e+00 -1.934120e+00 9.574908e-02 2.946082e+00 -2.362845e-01 -2.564186e+00 -1.960344e+00 2.382003e+00 -3.676185e+00 5.699921e-01 -2.290092e+00 2.372044e-01 -6.353502e-01 -4.293652e-02 -2.108953e+00 1.765385e-01 
1.242795e+01 3.239946e+00 -6.131013e+00 -6.575828e+00 -4.665133e+00 -5.973310e+00 -7.268871e+00 -8.978943e+00 -5.209287e+00 -8.574587e-01 -2.469171e+00 -4.356575e+00 3.368559e-01 2.470677e+00 -1.723727e+00 -3.673775e+00 -2.397444e+00 3.408061e+00 -4.408365e+00 2.774315e+00 -1.554812e+00 8.331952e-01 -2.065081e-01 2.138060e-01 -1.775475e+00 1.783899e-01 
1.241339e+01 -4.501393e+00 -1.135227e+01 -9.957850e+00 7.983323e-01 -1.469298e+01 -5.148028e-01 -8.366035e+00 -1.663666e+00 -3.488266e+00 2.367902e-02 -6.024275e+00 6.517366e-01 1.661667e+00 -3.388033e+00 -3.885738e+00 -2.754670e+00 3.048364e+00 -3.868201e+00 3.609536e+00 -8.699072e-01 5.421311e-01 -2.344856e-01 -4.259669e-01 -1.114759e+00 1.954532e-01 
1.053709e+01 -6.379210e+00 -1.167772e+01 -9.542500e+00 4.353470e+00 -1.217649e+01 5.534725e+00 -4.461853e+00 -2.256910e-01 -2.037963e+00 -1.265898e-01 -5.657290e+00 7.914852e-01 -1.080782e+00 -2.435442e+00 -1.623221e+00 -5.667337e-01 2.453077e+00 -3.793457e-01 3.478146e+00 1.305493e+00 7.201513e-01 -4.385202e-01 -1.014372e+00 -6.847255e-01 1.286526e-01 
9.171617e+00 -7.891146e+00 -1.341176e+01 -1.041460e+01 4.236831e+00 -1.157365e+01 4.908192e+00 -5.204048e+00 -3.291249e+00 -3.810405e+00 -4.363702e+00 -6.857559e+00 8.457003e-01 -1.312108e+00 -1.198854e+00 -4.966204e-01 6.959315e-02 1.070954e+00 1.168808e+00 1.711788e+00 6.483316e-01 -1.391402e-01 -2.667971e-01 -1.809177e+00 -9.461935e-01 6.447718e-02 
8.644924e+00 -7.242390e+00 -1.321737e+01 -9.181123e+00 5.881002e+00 -9.429706e+00 7.410360e+00 -4.032471e+00 -7.947382e-01 -2.888990e+00 -5.347342e+00 -7.363560e+00 8.831373e-01 -1.247060e+00 -1.386182e+00 -8.451748e-02 -9.402780e-02 5.082793e-01 3.252381e-01 3.120671e-01 -4.873528e-01 -7.077736e-01 -6.857285e-01 -1.446151e+00 -1.611743e+00 4.265026e-02 
6.798931e+00 -1.006408e+01 -1.306554e+01 -9.790573e+00 5.389337e+00 -1.022233e+01 7.106319e+00 -5.339069e+00 -2.074843e+00 -4.396738e+00 -6.411830e+00 -9.902107e+00 9.282964e-01 -1.168900e+00 -1.208879e+00 5.612661e-01 3.410185e-01 1.228401e+00 2.626452e-01 6.226761e-01 -3.774885e-01 -4.019917e-01 2.488770e-01 1.166145e-01 -1.146365e+00 3.622503e-02 
5.488132e+00 -1.222366e+01 -1.227342e+01 -1.032465e+01 6.318614e+00 -1.122596e+01 5.995997e+00 -6.831107e+00 -4.372762e+00 -5.173439e+00 -6.333281e+00 -1.219373e+01 9.634384e-01 -1.176436e+00 -1.211343e+00 4.104532e-01 -1.357319e-01 1.351568e+00 -4.922763e-01 1.499159e-01 -1.197315e+00 -1.434562e+00 1.760558e-01 1.433493e-01 -9.261324e-01 2.732546e-02 
4.905510e+00 -1.144491e+01 -1.107741e+01 -8.137741e+00 1.016003e+01 -9.362293e+00 8.728754e+00 -5.692173e+00 -3.512196e+00 -1.423796e+00 -3.287659e+00 -1.017430e+01 9.866749e-01 -9.543106e-01 -6.049826e-01 2.175755e-01 -3.238796e-01 1.436232e+00 -4.073654e-01 9.024248e-02 -1.431054e+00 -1.516190e+00 3.712334e-01 -2.437017e-01 -3.239284e-01 1.551645e-02 
3.709455e+00 -1.260868e+01 -1.215917e+01 -1.068620e+01 1.025349e+01 -1.232111e+01 7.348722e+00 -9.842493e+00 -7.248870e+00 -3.495182e+00 -6.192680e+00 -1.185812e+01 9.905754e-01 -4.461688e-01 7.168408e-02 5.451622e-01 3.220091e-02 1.531623e+00 4.991547e-01 7.378747e-01 -7.927559e-01 -3.512869e-01 1.085359e+00 1.500397e-02 8.250791e-01 5.939162e-03 
2.916717e+00 -1.289647e+01 -1.203479e+01 -1.122920e+01 1.060306e+01 -1.171159e+01 6.881169e+00 -1.098865e+01 -8.217738e+00 -3.379699e+00 -7.700639e+00 -1.168955e+01 9.923102e-01 -2.446775e-01 6.960640e-02 7.925051e-01 -5.496311e-03 1.102675e+00 8.550447e-01 9.035527e-01 -6.524019e-01 2.022744e-01 1.023717e+00 5.100203e-02 9.122992e-01 2.639133e-03 
4.251685e+00 -1.113945e+01 -9.068916e+00 -8.617918e+00 1.375521e+01 -7.555539e+00 1.060916e+01 -8.146650e+00 -3.776425e+00 1.231308e+00 -4.051771e+00 -7.310709e+00 9.903166e-01 -1.897224e-01 -1.216606e-01 8.506275e-01 1.882933e-01 7.809725e-01 9.190807e-01 1.037606e+00 -5.950316e-01 6.060470e-01 8.026406e-01 2.983161e-01 5.107371e-01 1.719868e-03 
3.411008e+00 -1.183149e+01 -8.660010e+00 -9.199363e+00 1.392255e+01 -7.469854e+00 1.161630e+01 -9.802103e+00 -4.237046e+00 1.331545e+00 -4.103104e+00 -7.886514e+00 1.000000e+00 1.195845e-01 1.511940e-01 1.001558e+00 5.973436e-01 9.014883e-01 8.973491e-01 1.456649e+00 -3.444396e-01 8.927460e-01 7.974962e-01 6.083993e-01 4.800495e-01 2.915204e-04 
2.513698e+00 -1.374948e+01 -9.593423e+00 -1.075965e+01 1.249861e+01 -9.846571e+00 1.016919e+01 -1.341092e+01 -6.208981e+00 -1.837601e+00 -6.499867e+00 -1.120596e+01 9.953299e-01 -1.007501e-01 -3.039917e-01 2.191780e-01 -8.933544e-03 -3.510857e-02 -6.816368e-02 4.864843e-01 -8.831908e-01 -1.444706e-01 -1.337404e-01 -6.213950e-01 -2.098378e-01 -1.668716e-03 
4.383633e+00 -1.083549e+01 -6.764747e+00 -7.171614e+00 1.573880e+01 -6.079327e+00 1.438440e+01 -1.007871e+01 -2.537731e+00 2.142236e+00 -3.434594e+00 -7.341679e+00 9.912611e-01 1.915432e-01 1.626358e-02 -2.150412e-02 4.420776e-01 -3.078215e-01 2.113874e-01 1.908747e-01 -5.251400e-01 1.905883e-01 -8.025732e-02 -4.495448e-01 8.147154e-02 -5.769312e-03 
3.261622e+00 -1.315741e+01 -8.920658e+00 -9.676460e+00 1.267154e+01 -8.591621e+00 1.165753e+01 -1.242430e+01 -5.348436e+00 1.572602e-01 -7.493001e+00 -8.632315e+00 9.863424e-01 1.517049e-01 2.677960e-01 -3.044018e-01 8.339386e-01 -6.303254e-01 6.400417e-01 -1.548727e-01 -1.593524e-01 2.770182e-01 -1.155686e-03 -4.208648e-01 7.172863e-01 -7.404107e-03 
3.994761e+00 -1.204621e+01 -9.103913e+00 -7.530570e+00 1.229697e+01 -7.040392e+00 1.182650e+01 -1.292111e+01 -3.714377e+00 -6.717260e-02 -5.854261e+00 -8.765978e+00 9.756472e-01 -1.779871e-02 -2.411329e-01 -6.268409e-01 5.624207e-01 -1.346548e+00 -1.426411e-03 -9.998161e-01 -5.935535e-01 -2.214582e-01 -9.600773e-01 -9.382170e-01 3.655713e-01 -7.839191e-03 
3.466658e+00 -1.180514e+01 -9.945848e+00 -6.410479e+00 1.106790e+01 -6.165830e+00 1.067378e+01 -1.278648e+01 -4.235566e+00 -7.386747e-01 -7.394358e+00 -6.907378e+00 9.661163e-01 2.529704e-01 -9.970474e-02 -2.254109e-01 8.381724e-01 -1.271126e+00 1.559742e-01 -1.032877e+00 1.302106e-01 -4.230898e-01 -7.202105e-01 -1.075947e+00 9.631101e-01 -7.820314e-03 
4.192122e+00 -1.271729e+01 -9.386356e+00 -5.992502e+00 9.807884e+00 -7.299355e+00 9.877197e+00 -1.286539e+01 -4.201457e+00 -2.210182e+00 -8.175001e+00 -6.376291e+00 9.621782e-01 1.995418e-01 -2.784286e-01 -1.974618e-01 5.800589e-01 -1.427168e+00 -3.405071e-01 -1.060847e+00 4.649310e-01 -7.522057e-01 -7.792314e-01 -1.559495e+00 1.208075e+00 -7.753551e-03 
4.427794e+00 -1.332039e+01 -9.906491e+00 -6.254632e+00 7.560458e+00 -7.682269e+00 7.467797e+00 -1.180111e+01 -7.220345e+00 -2.372288e+00 -1.171237e+01 -5.011608e+00 9.539753e-01 1.840195e-01 -1.649366e-01 -1.252485e-01 5.784491e-01 -1.320252e+00 -6.173140e-01 -7.180696e-01 5.535917e-01 -3.674733e-01 -7.208394e-01 -1.289662e+00 1.022592e+00 -8.708715e-03 
4.511902e+00 -1.268072e+01 -1.011090e+01 -4.708198e+00 6.914855e+00 -7.984708e+00 8.125250e+00 -1.108914e+01 -5.983016e+00 -3.146523e+00 -1.149273e+01 -3.673487e+00 9.429499e-01 1.955001e-01 3.255005e-02 -7.070179e-02 7.563564e-01 -1.201530e+00 -4.385573e-01 -5.968488e-01 8.862437e-01 -4.489746e-02 -3.453359e-01 -1.208286e+00 9.686636e-01 -8.677679e-03 
4.226865e+00 -1.264811e+01 -1.020982e+01 -4.160386e+00 5.913155e+00 -8.909723e+00 7.959402e+00 -1.090664e+01 -5.182153e+00 -3.874701e+00 -1.218380e+01 -3.145822e+00 9.321869e-01 2.289867e-01 2.472422e-01 4.685724e-01 9.685709e-01 -7.029096e-01 -2.573325e-01 -8.209400e-02 1.195088e+00 7.019383e-01 6.327279e-02 -6.258848e-01 9.876641e-01 -9.323108e-03 
5.270087e+00 -1.289069e+01 -9.588202e+00 -3.257843e+00 4.623887e+00 -8.878414e+00 6.647151e+00 -8.881401e+00 -5.445040e+00 -3.185655e+00 -1.398071e+01 -2.465866e+00 9.296840e-01 2.435251e-01 5.573717e-01 5.469549e-01 1.046962e+00 -1.111767e+00 3.172445e-02 -1.801651e-01 1.552806e+00 3.661308e-01 7.552743e-03 -5.519022e-01 9.523789e-01 -1.577786e-02 
5.193635e+00 -1.197920e+01 -7.824979e+00 -2.136955e+00 5.191393e+00 -8.522079e+00 7.796377e+00 -6.929541e+00 -3.979642e+00 -2.036358e+00 -1.359780e+01 -6.770978e-01 9.139927e-01 1.867222e-01 9.544144e-01 7.291296e-01 9.638127e-01 -1.369265e+00 1.453515e-01 1.988773e-01 1.792742e+00 1.729190e-01 -3.154984e-01 -7.756271e-02 1.063300e+00 -2.446294e-02 
5.246142e+00 -1.022832e+01 -8.568546e+00 -4.851038e-01 1.716901e+00 -8.019908e+00 7.305937e+00 -5.313662e+00 -4.753617e+00 -4.027931e+00 -1.354524e+01 -1.459546e-01 8.731577e-01 4.896045e-02 1.370565e+00 8.667490e-01 8.705968e-01 -1.325596e+00 7.711802e-02 4.421576e-01 1.916239e+00 5.116865e-01 -7.964453e-01 4.922186e-01 1.277879e+00 -2.851472e-02 
5.172448e+00 -9.207220e+00 -7.073998e+00 -7.276914e-01 5.203228e-01 -8.612219e+00 8.624395e+00 -3.726802e+00 -4.663269e+00 -5.031054e+00 -1.278935e+01 1.010722e+00 8.381354e-01 -6.009064e-02 1.133819e+00 1.027785e+00 4.314533e-01 -1.502835e+00 -7.076430e-01 3.881621e-01 1.456361e+00 6.083849e-01 -1.119818e+00 6.756989e-01 8.611474e-01 -2.696987e-02 
5.525483e+00 -7.423851e+00 -5.629947e+00 3.905089e-01 3.314428e-01 -8.447754e+00 8.443930e+00 -9.015763e-01 -2.544794e+00 -5.670533e+00 -1.192385e+01 3.079617e+00 8.250391e-01 -1.511341e-01 8.483579e-01 1.334557e+00 9.961694e-02 -1.064025e+00 -1.355711e+00 5.069664e-01 1.102275e+00 9.545345e-01 -5.473453e-01 1.033136e+00 6.260881e-01 -2.173855e-02 
4.753512e+00 -7.712341e+00 -4.155353e+00 -4.174950e-01 -1.630052e+00 -1.184637e+01 9.168192e+00 -1.853779e+00 -2.042129e+00 -6.814146e+00 -1.103000e+01 2.015853e+00 8.032026e-01 -1.015417e-01 6.728268e-01 1.092487e+00 1.380735e-01 -1.516125e+00 -1.748720e+00 2.374415e-01 7.481718e-01 1.188282e+00 -4.812778e-01 1.340055e+00 -1.830272e-01 -2.071486e-02 
4.699940e+00 -6.733968e+00 -3.355086e+00 -1.421173e-01 -2.528037e+00 -1.318139e+01 9.568871e+00 -7.387969e-01 -1.291515e+00 -5.873112e+00 -9.259237e+00 2.481920e+00 7.819313e-01 3.789623e-01 3.973192e-01 8.122021e-01 1.415000e-01 -2.064801e+00 -1.665033e+00 1.348000e-02 3.150456e-01 1.327814e+00 -3.311223e-01 1.525485e+00 -7.762324e-01 -2.980986e-02 
5.077511e+00 -6.188028e+00 -2.748996e+00 2.289894e-01 -5.630561e+00 -1.498900e+01 9.249132e+00 -6.733298e-02 6.515015e-01 -7.336154e+00 -7.421380e+00 3.944345e-01 7.561150e-01 1.065392e+00 3.814327e-01 7.360857e-01 3.041332e-01 -1.903226e+00 -8.858362e-01 -9.226783e-01 9.522574e-02 1.578546e+00 -2.813995e-01 1.619274e+00 -6.180035e-01 -3.801698e-02 
7.258295e+00 -6.199411e+00 -2.272115e+00 7.747666e-01 -7.992305e+00 -1.520160e+01 8.470860e+00 -2.195716e-01 2.747460e+00 -7.065141e+00 -6.100734e+00 9.164214e-03 6.995336e-01 1.273498e+00 4.924595e-01 4.265513e-01 5.677672e-01 -1.617672e+00 -7.745100e-01 -1.582179e+00 -6.676319e-01 1.530015e+00 -4.023117e-01 1.488953e+00 -5.594171e-01 -4.103457e-02 
8.801292e+00 -6.072456e+00 -1.016410e+00 6.447290e-01 -8.414046e+00 -1.526544e+01 5.103806e+00 -1.637263e+00 3.831116e+00 -7.625129e+00 -4.512884e+00 1.622135e-01 6.543165e-01 1.233681e+00 9.416812e-01 2.818465e-02 1.061617e+00 -8.195580e-01 4.738636e-02 -2.826325e+00 -9.241509e-01 1.276814e+00 -1.485667e-01 8.872522e-01 -4.297756e-02 -4.822503e-02 
9.205541e+00 -4.329457e+00 -2.088623e+00 2.488849e+00 -9.224653e+00 -1.691571e+01 3.730637e+00 -3.291991e+00 4.768752e+00 -7.740183e+00 -3.268721e+00 -1.990548e-01 6.276577e-01 1.156702e+00 1.498087e+00 3.884469e-01 1.820973e+00 1.517925e-01 1.317572e+00 -3.138142e+00 -4.575083e-01 2.119307e-01 -3.018958e-01 1.021868e+00 -2.068130e-01 -8.204769e-02 
1.027230e+01 -2.414599e+00 -2.699819e+00 4.680033e+00 -9.112178e+00 -1.389501e+01 -2.512383e+00 -3.151878e+00 6.024923e+00 -7.741466e+00 -4.401125e+00 2.836562e-01 5.509278e-01 3.284616e-02 2.988030e+00 1.986574e+00 1.630206e+00 2.498285e+00 2.969672e+00 -2.615928e+00 2.463368e-01 -2.308677e+00 -5.195985e-02 -1.047190e-01 -3.910533e-01 -1.360948e-01 
1.230630e+01 -5.379062e-01 5.118244e-01 7.861978e+00 -6.884277e+00 -9.298955e+00 -3.411756e+00 -1.749806e+00 2.710210e+00 -8.516452e+00 -1.047272e+00 -1.085622e+00 3.409896e-01 -2.815909e+00 3.941542e+00 3.379646e+00 2.340542e+00 3.779950e+00 4.110327e+00 -5.319709e-01 6.181051e-01 -3.295874e+00 1.072109e+00 -2.794398e-01 -1.017653e+00 -1.393263e-01 
7.415143e+00 6.971920e+00 7.616236e+00 6.109192e+00 2.907191e+00 -4.225464e+00 -4.404636e+00 -1.176672e+00 -6.683000e+00 -7.496794e+00 -6.147203e+00 -1.349769e+00 1.171764e-01 -5.235413e+00 2.515520e+00 1.895999e+00 1.666343e+00 2.650031e+00 4.614764e+00 6.321187e-01 1.075413e+00 -2.684580e+00 4.905972e-01 -9.234957e-01 -4.864461e-01 -8.163797e-02 
-3.445429e+00 1.068499e+01 9.651577e+00 1.347698e+01 3.665414e+00 -1.198853e+00 2.016910e+00 -1.189069e+00 -5.356655e+00 -2.501972e+00 -3.792881e+00 -4.470606e+00 1.479021e-01 -5.645126e+00 5.652311e-02 3.193038e-01 1.214099e-01 6.322472e-01 3.524484e+00 8.660631e-01 1.550717e+00 3.044819e-01 1.911987e+00 -2.596725e-01 1.036241e+00 -1.965583e-02 
-8.028903e+00 4.551549e+00 2.210301e+00 1.020425e+01 -1.136866e+00 5.128756e+00 -2.066122e+00 1.944819e+00 -3.364545e+00 -8.295720e+00 -7.645800e+00 -4.560825e-01 2.392817e-01 -3.546322e+00 -2.175492e+00 -2.072608e+00 -9.953705e-01 -1.560927e+00 2.088944e+00 -6.958483e-01 1.108721e+00 1.882839e+00 1.871072e+00 1.010624e+00 1.784077e+00 2.244652e-02 
-8.197305e+00 9.548950e-01 4.811311e+00 6.421501e+00 -1.701012e+00 3.646354e+00 -2.506974e-01 4.443036e+00 2.573393e+00 1.442948e+00 -1.596336e+00 3.648740e+00 1.816578e-01 -1.078798e+00 -2.577191e+00 -1.966321e+00 -2.380337e+00 -1.183828e+00 1.374691e+00 -1.738775e+00 7.699356e-01 1.246934e+00 1.299443e+00 1.473049e+00 2.226609e+00 1.238495e-02 
-7.940528e+00 9.595089e-01 -3.266687e-01 4.660080e+00 -2.214231e+00 3.796653e+00 -6.750074e+00 1.550882e+00 -1.233829e+00 -1.138938e-01 -2.192355e+00 3.510943e+00 2.125311e-01 2.880527e-01 -9.310404e-01 -9.919392e-01 -1.999952e+00 -1.032530e+00 -9.378992e-01 -1.353763e+00 -1.954155e-01 1.426322e-01 1.527557e+00 1.128007e+00 6.055171e-01 -4.893470e-03 
-8.883607e+00 -4.049411e-01 1.088457e+00 4.347379e+00 -1.715042e+00 6.340653e+00 -4.334989e+00 2.857578e+00 -1.873413e-01 -9.567092e-02 8.456433e-01 4.678928e+00 2.232021e-01 2.260527e-01 -3.544889e-01 -5.351986e-01 -8.309603e-01 -4.018153e-01 -3.905831e-01 -2.441451e-01 2.379459e-01 -5.803683e-01 6.420849e-01 7.671939e-01 -5.584947e-01 8.236343e-03 
-6.245488e+00 5.762649e-01 -8.879676e-01 1.241549e+00 -6.292501e+00 -9.078894e-01 -6.792794e+00 1.760471e+00 -1.271017e+00 1.113747e-01 -3.226754e+00 2.056409e+00 1.940422e-01 3.528234e-01 2.752104e-02 1.578592e-02 -4.339698e-01 3.201123e-01 -3.012131e-01 1.934077e+00 7.483672e-01 5.848714e-01 1.699307e+00 1.739508e+00 3.033176e-01 5.995518e-03 
-7.914561e+00 -6.259274e-01 2.415967e+00 3.975965e+00 -1.670953e+00 4.045710e+00 -1.450063e+00 5.527971e+00 -3.098553e-01 4.540739e+00 2.756833e+00 1.583533e+00 2.320840e-01 6.364710e-01 3.560742e-01 -5.858378e-01 -5.719195e-02 1.569762e+00 3.126201e-01 1.468832e+00 1.461087e+00 8.457302e-01 5.721983e-01 6.470675e-01 4.075221e-01 4.541701e-03 
-6.660933e+00 1.207607e+00 -9.114943e-01 2.675938e+00 -6.357137e-01 3.438059e+00 1.477849e+00 3.957522e+00 1.751784e+00 6.064436e+00 5.549592e+00 6.575228e+00 2.380678e-01 4.818550e-01 5.975101e-01 -2.785254e-01 6.633675e-01 2.326439e+00 1.970558e+00 1.301151e+00 1.382039e+00 6.586666e-01 -1.510262e+00 -8.379059e-01 6.178448e-01 8.930808e-03 
-5.493529e+00 1.059759e+00 -1.828969e+00 3.344224e+00 3.305375e+00 5.730779e+00 -1.126150e+00 9.064486e+00 2.529909e+00 -2.112100e-01 -3.071921e-01 4.457129e+00 2.238978e-01 4.205494e-01 8.060387e-01 -5.363872e-02 2.072217e-01 1.932841e+00 7.647748e-01 9.315640e-01 2.079127e+00 3.717294e-02 -1.577053e+00 -1.574181e+00 7.694993e-02 -6.454456e-03 
-5.046729e+00 2.720972e+00 -1.581268e-01 4.874256e+00 2.851532e+00 8.102367e+00 -4.489959e-01 6.902408e+00 6.024337e-01 -5.063959e+00 -5.884272e+00 3.708834e+00 2.427893e-01 -1.194822e-01 -4.936415e-01 4.726605e-01 -8.763995e-01 9.367319e-01 6.815604e-01 -2.929033e-01 1.779833e+00 8.774881e-02 -8.684220e-01 -3.351796e-01 -7.690736e-01 -2.380188e-02 
-6.618917e+00 2.647584e+00 1.771090e+00 3.912915e+00 6.249628e+00 5.537430e+00 4.171179e+00 1.445116e+01 4.506847e-01 2.219672e+00 6.028583e-01 3.401480e+00 1.974509e-01 -2.213196e-01 -8.294183e-01 1.037167e+00 -1.761323e+00 -5.638585e-01 2.111630e-01 -5.489223e-02 -2.413804e-01 3.783982e-01 -1.436138e-01 2.057875e+00 -5.507408e-01 -4.080254e-02 
-6.695651e+00 -2.054513e+00 -3.482208e-01 -1.990405e+00 2.575819e+00 6.942536e+00 -2.635332e+00 1.016335e+01 3.230140e+00 5.068844e-01 3.418669e+00 3.257685e+00 1.322818e-01 2.728104e-01 -1.225104e+00 9.594496e-01 -1.837721e+00 -1.933015e+00 -1.324851e+00 -2.034628e+00 -1.521852e+00 1.359579e+00 7.449292e-01 2.930856e+00 -8.237950e-01 -5.980869e-02 
-5.775666e+00 -6.995902e-01 3.451913e+00 -2.030061e+00 6.239381e-01 7.366509e+00 -3.074436e-01 6.227113e+00 3.108047e+00 -3.714701e+00 5.330713e+00 1.929000e+00 7.513887e-02 1.010630e+00 -1.236226e+00 5.035401e-01 -1.521318e+00 -2.321293e+00 -1.173372e+00 -1.966639e+00 -2.850650e+00 -4.899780e-01 -1.212576e+00 4.285820e-01 -1.144085e+00 -6.127977e-02 
-4.104302e+00 -1.730960e+00 3.798710e+00 -1.342862e+00 -4.000699e+00 5.635719e-01 -8.382825e+00 3.405174e+00 6.071648e+00 1.627874e+00 6.406079e+00 3.260993e-01 4.901886e-03 1.325109e+00 7.268648e-02 5.445493e-01 -3.222489e-01 -1.307314e+00 -1.892532e+00 6.378299e-01 -5.954404e-01 -1.661727e+00 1.795517e-01 -1.735666e-02 -3.810314e-01 -5.413561e-02 
-2.861441e+00 -3.695324e+00 2.215325e+00 -4.017447e+00 -2.068580e+00 2.860051e+00 -2.788270e+00 3.576999e+00 -3.419960e+00 -4.403702e+00 1.252063e+00 -8.531519e-01 -4.525793e-02 1.315230e+00 2.109288e-01 1.686295e-01 3.973235e-01 -2.831737e-01 -1.189585e+00 9.530147e-01 4.917045e-01 -1.318499e+00 7.601112e-01 -1.430668e+00 2.150677e-01 -4.288902e-02 
-1.527219e+00 -1.932135e-01 2.992820e+00 -2.607956e+00 -2.614493e+00 -2.668958e-01 1.794230e+00 8.511204e+00 -1.814492e+00 1.749144e+00 5.371211e+00 2.743604e+00 -7.819784e-02 7.041521e-01 6.161819e-01 2.122401e-01 1.836866e-01 -9.179887e-01 -7.547866e-01 9.274241e-01 -5.440091e-01 -1.129774e+00 -3.832151e-01 -1.990349e+00 1.064812e+00 -2.863458e-02 
-4.880600e-01 -4.138193e-01 4.698006e+00 5.891035e-01 -1.485033e+00 1.833819e+00 -6.308978e-01 6.132620e+00 4.586228e-01 2.522020e-02 -1.305191e+00 1.795586e+00 -9.775639e-02 2.780193e-01 1.006352e+00 1.034054e+00 5.319522e-01 -1.139636e+00 6.390585e-01 1.819707e-01 1.692817e-01 1.177712e+00 8.372585e-01 -1.075748e+00 7.598665e-01 -2.188125e-02 
-1.770232e+00 -2.908030e-01 3.618570e+00 -2.727705e+00 -8.882416e+00 -2.697245e+00 -4.824390e+00 -5.926824e-01 -1.516512e+00 -2.502663e+00 -2.267040e+00 4.325789e+00 -1.120218e-01 -1.489884e-01 6.202344e-01 1.223452e+00 4.452192e-01 -8.228449e-01 1.324685e+00 -2.942970e-01 -1.194999e+00 6.415722e-01 4.228840e-01 2.830532e-01 1.448156e-01 -1.787893e-02 
-1.349837e+00 1.385231e+00 7.072721e+00 -1.297812e+00 -4.632799e+00 7.270518e+00 1.430894e+00 8.975350e+00 2.319611e+00 1.908493e+00 -3.075535e-01 2.155088e+00 -1.377522e-01 -1.505885e-01 6.734030e-01 7.211567e-01 2.099362e-01 -1.058036e+00 9.457649e-01 1.238564e+00 -8.075534e-02 1.944115e-01 7.705195e-01 1.836021e+00 -7.773016e-01 -1.426451e-02 
-1.841272e+00 2.008434e+00 7.922720e+00 5.615980e-01 -5.154835e+00 3.638178e+00 -7.081507e-01 1.114843e+00 4.628749e-01 2.921927e+00 6.287659e+00 3.287931e+00 -1.475946e-01 1.258080e-01 2.410152e-01 2.416866e-01 1.014791e+00 -5.654965e-02 3.566843e-01 1.987975e+00 7.216732e-01 -3.770363e-02 7.868651e-01 8.792108e-01 -1.229795e+00 -9.208190e-03 
-1.205482e+00 1.803577e+00 6.151714e+00 -5.866826e-03 -8.639002e+00 3.394932e+00 3.503803e+00 4.875081e+00 4.409869e-01 1.165523e+00 3.597563e+00 -1.571993e+00 -1.512926e-01 7.932492e-02 -5.607101e-01 -6.642389e-01 5.501357e-01 3.931359e-01 -1.256575e+00 1.363289e-01 1.754262e-01 6.375163e-01 1.224170e+00 9.285414e-01 -6.984914e-01 -3.077877e-03 
-1.213369e+00 7.051001e-01 5.287506e+00 1.700278e+00 -7.162062e+00 1.023970e+00 4.079032e+00 5.065818e+00 -7.657179e-01 1.803148e+00 1.764557e-01 4.035503e-02 -1.512926e-01 5.111965e-01 -5.709990e-01 -9.380218e-01 -2.476182e-01 1.482282e+00 -9.529881e-02 -8.140284e-01 1.592482e+00 8.965260e-01 1.009204e+00 -9.736538e-03 -1.279519e-01 -7.395983e-04 
-1.267164e+00 -7.666531e-01 5.069134e+00 8.835259e-01 -1.663505e+00 2.294746e+00 -2.810526e-01 7.876994e+00 6.121489e+00 8.588735e+00 7.390755e+00 2.864189e-01 -1.512926e-01 3.068438e-01 3.931693e-01 3.129224e-01 1.637812e-01 1.697850e+00 7.587488e-01 -1.715993e+00 -2.102855e-01 2.007838e-01 4.200532e-01 1.975969e-01 4.352394e-01 0.000000e+00 
7.455511e-01 4.385538e-01 3.773901e+00 -1.121189e+00 -1.231172e+00 3.711777e+00 -2.885865e+00 7.576299e+00 2.105253e+00 4.256341e+00 4.342380e+00 1.718966e+00 -1.512926e-01 5.605917e-02 1.010310e+00 1.017046e+00 1.692137e-01 1.498058e+00 1.563769e+00 -7.724908e-01 -8.431648e-01 7.389088e-02 -1.335137e+00 -7.011958e-01 -3.159217e-01 0.000000e+00 
-6.507235e-01 3.902697e+00 8.473129e+00 2.223773e+00 -3.115197e+00 5.844773e+00 -1.593714e+00 2.568413e+00 9.420037e-03 2.039192e+00 2.502585e+00 -2.351017e-01 -1.512926e-01 -3.032930e-01 1.135708e+00 1.617183e+00 1.217198e+00 9.810616e-01 1.199638e+00 7.967238e-01 -1.293401e+00 -4.376680e-01 -1.272679e+00 -5.477105e-01 2.338554e-01 0.000000e+00 
-1.241294e+00 3.421975e+00 8.670736e+00 1.876223e+00 1.054073e+00 7.067800e+00 8.729091e-01 3.504284e+00 2.659771e+00 -1.597764e+00 -8.854387e-01 -1.278493e+00 -1.512926e-01 -2.456441e-01 3.432863e-01 8.519079e-01 1.970574e+00 1.149622e+00 6.868299e-01 8.632156e-01 -7.297815e-01 8.336253e-02 -1.576546e-01 1.033738e+00 4.234963e-02 0.000000e+00 
-1.790207e+00 3.420178e+00 1.070663e+01 5.470808e+00 2.099180e+00 6.614925e+00 1.823180e+00 3.445994e+00 3.655890e+00 5.152392e+00 7.266111e+00 2.954425e+00 -1.512926e-01 2.785405e-01 4.287090e-01 -1.926112e-01 1.246492e+00 9.553939e-01 7.803952e-01 1.338365e+00 1.131336e+00 -9.054623e-02 -4.000294e-01 3.027781e-01 -1.182071e+00 0.000000e+00 
8.707237e-02 2.396245e+00 6.916689e+00 7.108164e+00 1.909748e+00 6.760850e+00 -2.782335e-01 3.488600e+00 6.988310e-01 1.911468e+00 7.129305e+00 3.359503e-01 -1.512926e-01 2.820592e-01 8.500954e-01 -4.190131e-01 8.156241e-01 -9.901894e-01 -2.895639e-01 -2.185053e-01 -1.027574e-01 -1.731824e+00 -8.440914e-01 -7.201085e-01 -2.030119e-01 0.000000e+00 
7.779598e-02 6.559107e+00 8.387096e+00 5.840262e+00 1.233935e+00 9.900224e+00 5.673684e+00 8.232934e+00 5.371590e-01 -1.715570e+00 9.103537e-03 -6.952680e+00 -1.512926e-01 1.066387e-01 8.078533e-01 -1.531214e+00 6.621449e-01 -1.705475e+00 -9.000158e-02 -1.096521e+00 -1.244499e+00 -1.109859e+00 -1.408149e-01 -1.645144e+00 1.385285e-01 0.000000e+00 
-7.649994e-01 6.102987e+00 7.735439e+00 5.769616e+00 -3.464252e+00 3.977331e+00 -2.144869e+00 5.970273e-01 -4.439981e+00 -2.384240e+00 -8.574772e-01 2.660000e+00 -1.512926e-01 -4.045931e-01 8.553957e-01 -7.064639e-01 -4.930314e-01 -2.066856e+00 -1.191504e+00 -6.071857e-01 -3.049842e-01 1.700631e-02 5.642442e-01 -4.207540e-01 7.220544e-01 0.000000e+00 
-8.309774e-01 5.606074e+00 2.641187e+00 9.450807e+00 -3.741196e+00 7.556677e+00 -2.726107e+00 -1.330713e+00 6.760000e-01 6.596171e+00 3.033784e+00 2.485043e+00 -1.512926e-01 -3.122579e-01 4.486198e-01 -4.458017e-01 -7.085044e-01 -7.997141e-01 -1.036931e+00 3.636820e-02 -2.310874e-01 1.133748e+00 1.609511e+00 1.802073e+00 9.264096e-01 0.000000e+00 
-1.481506e+00 7.149740e+00 6.257324e+00 2.837735e+00 -5.936967e+00 1.975106e+00 8.857334e-01 6.745503e+00 7.144420e-01 5.768176e-01 3.513195e+00 -7.726393e-01 -1.512926e-01 -1.755134e-01 8.430660e-01 -1.980147e-01 -1.257173e+00 5.513838e-01 7.668833e-01 8.574691e-01 1.127932e+00 1.066147e+00 1.468169e+00 1.488452e+00 -2.787890e-01 0.000000e+00 
-1.125240e+00 8.278830e+00 6.897146e+00 3.763681e+00 -1.528278e+00 5.716681e+00 4.340223e+00 4.003259e+00 3.628690e+00 4.851455e+00 6.834132e+00 -6.043118e-01 -1.512926e-01 -1.404334e-01 6.148006e-01 4.281982e-01 -1.228307e+00 6.081375e-01 -2.370287e-01 3.244659e-01 1.595026e+00 2.939237e-01 -5.770035e-02 4.444691e-01 2.672413e-01 0.000000e+00 
-1.495435e+00 8.981939e+00 4.617386e+00 2.327312e+00 -1.813792e+00 8.731746e+00 -1.390689e+00 3.569703e+00 -5.855898e-01 5.828964e+00 4.684609e+00 2.810732e+00 -1.512926e-01 1.998743e-01 -1.958932e-01 -6.762999e-01 -7.032849e-01 6.175702e-01 7.488146e-01 -7.265332e-01 -4.504366e-02 -3.038488e-01 -2.872582e-01 -6.501927e-01 6.353171e-01 0.000000e+00 
-1.526180e+00 7.763977e+00 5.602147e+00 3.564483e+00 -2.762095e+00 2.993214e+00 3.443384e-02 8.232316e+00 2.795634e+00 3.681596e+00 4.670423e+00 2.029564e+00 -1.512926e-01 4.387943e-01 -1.701670e-01 -1.169305e+00 -8.833910e-01 -1.127951e+00 -5.316503e-01 -2.021897e+00 5.777137e-01 -1.011313e+00 -1.928803e+00 -1.378571e+00 7.740496e-01 0.000000e+00 
-2.816648e-01 6.427701e+00 3.523324e+00 -5.790904e-01 -2.232207e+00 7.080912e+00 -5.940378e-01 4.405757e+00 -3.882743e-01 -2.745441e-01 1.344086e+00 1.087008e+00 -1.512926e-01 3.540616e-01 3.855807e-01 -7.324746e-01 -4.539630e-01 -4.371341e-01 -8.182505e-01 -1.290186e+00 -5.951167e-01 -1.051864e+00 -2.220369e+00 -4.336822e-01 -3.483451e-01 0.000000e+00 
4.618464e-01 8.705114e+00 1.597653e+00 7.999272e-01 -6.958824e+00 3.883846e+00 -6.167586e+00 6.473801e+00 -1.526534e+00 -1.740805e+00 1.611538e+00 4.127798e+00 -1.512926e-01 -2.562843e-01 7.011495e-01 -4.756669e-01 1.899650e-02 3.488345e-01 -3.456005e-01 -1.229141e+00 -1.380702e+00 -8.030447e-01 -9.735788e-01 -7.562096e-02 3.559976e-01 0.000000e+00 
-7.191401e-01 1.043927e+01 2.957260e+00 1.439775e+00 -1.901098e+00 4.195177e+00 -4.740608e+00 1.473377e+00 -3.683827e+00 -2.561678e+00 4.045640e+00 1.989007e-02 -1.512926e-01 -7.665110e-01 6.231298e-01 1.876232e-01 8.308353e-01 7.872804e-01 -9.921433e-01 -4.758301e-01 -6.900334e-01 3.587645e-01 2.161700e-01 4.524911e-01 6.727518e-01 0.000000e+00 
-2.588864e+00 9.263938e+00 3.506844e+00 2.650033e+00 -1.183478e+00 2.708079e+00 -4.037987e+00 2.794993e+00 4.281875e-01 -4.273085e-02 2.941540e+00 4.343111e+00 -1.512926e-01 -7.971146e-01 -5.768943e-03 4.367967e-01 4.910470e-01 1.226831e+00 -3.838633e-01 4.961818e-01 -6.035998e-01 8.021458e-01 5.915095e-01 1.555905e-01 4.753847e-01 0.000000e+00 
