1.774321e-01 -2.719638e+00 -1.015929e+01 -1.716840e-02 1.421851e+01 5.982656e+00 -1.181648e+00 6.209030e-01 6.777048e+00 8.354473e+00 -1.477002e+00 7.278141e+00 -1.512926e-01 5.043168e-01 -9.704892e-02 -6.517634e-01 -7.857501e-01 -7.542281e-01 8.460974e-01 -7.696323e-02 -4.563010e-02 -5.901695e-01 -2.514049e+00 -1.443895e+00 -1.981993e+00 0.000000e+00 
2.153280e+00 -2.778149e+00 -1.138818e+01 -2.895133e+00 9.445767e+00 5.406378e+00 -4.815284e+00 -9.592578e-01 8.047415e+00 3.106022e+00 -7.771444e+00 -1.553193e+00 -1.512926e-01 3.151109e-01 -3.574211e-01 -4.901635e-01 -1.973501e-01 -8.873684e-01 1.311744e+00 -8.512543e-01 -2.980025e-01 -1.701370e+00 -2.678132e+00 -7.900926e-01 -1.544037e+00 0.000000e+00 
1.711092e+00 -3.175627e+00 -1.280366e+01 -2.506936e+00 1.283374e+01 1.050128e+01 2.503529e-01 1.182833e+00 3.191017e+00 -1.591547e+00 -5.549255e+00 1.783843e+00 -1.512926e-01 2.004986e-01 -1.160988e-01 2.005685e-01 6.012758e-01 -8.666805e-01 1.223354e-02 -7.436634e-01 1.570251e+00 -4.351324e-01 -1.412737e+00 3.017790e-01 -9.657391e-01 0.000000e+00 
9.861565e-01 -4.278749e+00 -1.128792e+01 2.409649e-01 1.047405e+01 1.028206e+01 -6.153920e+00 -1.150075e+00 6.321478e-02 -6.317568e-02 -3.391338e+00 2.305107e+00 -1.512926e-01 -1.905270e-01 -1.412439e-03 1.319397e+00 1.432928e+00 2.940261e-01 4.926233e-02 5.882651e-01 2.052890e+00 8.170362e-02 2.576776e-01 2.119520e+00 5.466462e-01 0.000000e+00 
1.763487e+00 -2.549832e+00 -9.206574e+00 1.421161e+00 9.370964e+00 3.605982e+00 -4.230647e+00 8.567566e+00 8.593486e+00 2.875387e+00 -2.158159e+00 5.202956e-01 -1.512926e-01 7.501622e-02 7.202409e-01 9.980863e-01 1.721574e-01 -1.289092e+00 -1.802332e+00 -1.025031e+00 1.313721e+00 8.230134e-01 -2.163208e-01 1.080369e+00 9.774090e-01 0.000000e+00 
1.174448e+00 -3.098109e+00 -6.589734e+00 2.305456e+00 1.264729e+01 9.100340e+00 3.665423e-01 5.612824e+00 5.754699e+00 2.160943e+00 1.130609e+00 1.811812e+00 -1.512926e-01 -1.399633e-01 1.125264e+00 -1.177447e-01 -1.373286e+00 -2.125044e+00 -2.257071e+00 1.831547e-01 5.957672e-01 -7.117466e-01 -5.648685e-01 2.914786e-01 8.614071e-01 0.000000e+00 
1.992027e+00 -1.647431e-01 -1.016232e+01 -2.678394e+00 5.301663e+00 2.080483e+00 -8.135035e+00 4.369987e+00 4.460342e+00 -3.785211e+00 -2.408383e+00 6.917536e+00 -1.512926e-01 -2.278048e-01 1.323767e+00 1.873100e-01 -1.140155e+00 -1.635313e+00 7.339287e-02 1.434645e+00 -4.193140e-01 -1.811011e+00 -1.640072e+00 -1.293627e+00 9.172271e-01 0.000000e+00 
1.720695e-01 1.550260e-01 -1.139877e+01 -4.575687e+00 1.883482e+00 -2.405443e-01 -3.285953e+00 3.927551e+00 -1.428947e+00 4.427809e-01 -1.808833e+00 3.413522e+00 -1.512926e-01 1.000809e-01 1.297758e+00 -3.201773e-01 -6.369689e-01 -1.615517e+00 9.584122e-01 2.340319e+00 1.892041e+00 -9.463453e-02 -1.153414e+00 -1.496732e+00 1.454769e+00 0.000000e+00 
1.125652e+00 2.442435e+00 -5.865507e+00 -8.390411e-01 6.576302e+00 8.643389e+00 4.768825e+00 7.313633e+00 3.130251e+00 -4.465894e+00 -7.156575e+00 4.305576e+00 -1.512926e-01 -2.173285e-01 7.362705e-01 5.633210e-01 8.984901e-01 4.621037e-01 2.566651e+00 3.857047e+00 2.507999e+00 2.928219e-02 -1.633232e+00 -1.053758e+00 4.341655e-02 0.000000e+00 
2.108040e+00 2.087094e+00 -1.033903e+01 -1.799066e+00 3.932379e+00 1.061095e+01 5.616206e+00 1.360121e+01 5.946571e+00 -3.265786e+00 -3.978953e+00 1.039164e+01 -1.512926e-01 4.203320e-01 2.316982e+00 2.939052e+00 2.903547e+00 2.598390e+00 1.692813e+00 9.514849e-01 1.004019e+00 1.463552e-01 -1.753184e+00 -1.005991e+00 -1.555434e+00 0.000000e+00 
-6.260014e-02 2.550575e+00 -7.875589e+00 4.257454e-01 6.587733e+00 9.487992e+00 6.699121e+00 1.207315e+01 9.189943e-01 -1.009709e+01 -6.592113e+00 3.645562e+00 -1.512926e-01 2.589850e-01 2.430983e+00 3.202192e+00 3.001916e+00 2.105610e+00 -1.252634e+00 -2.055135e+00 -1.114016e+00 -6.913574e-01 4.875166e-01 8.768629e-01 -2.643732e+00 0.000000e+00 
2.867856e+00 1.168587e+01 4.301532e+00 9.309654e+00 1.486972e+01 7.801217e+00 5.063232e-01 6.567885e+00 4.084579e-01 -5.507542e+00 -7.121021e+00 -4.033639e+00 -1.512926e-01 -8.890575e-01 1.097539e+00 2.863372e+00 2.699615e+00 1.851015e+00 -1.273855e+00 -2.454355e+00 -2.658641e+00 1.853631e-01 2.642767e+00 2.509905e+00 -2.105454e+00 0.000000e+00 
2.040669e+00 9.797962e+00 2.825171e+00 8.616177e+00 1.163568e+01 3.785084e+00 -2.951912e+00 5.260216e+00 2.442521e+00 -9.074329e-01 -1.201227e+00 -1.700444e+00 -1.512926e-01 -1.137526e+00 -2.478715e-01 6.202716e-01 8.684728e-01 -7.001727e-01 -8.780571e-01 -2.282776e+00 -1.934267e+00 1.070027e+00 4.485551e+00 2.652238e+00 1.177699e+00 0.000000e+00 
-3.388883e+00 3.951094e+00 -1.372549e+00 7.603793e+00 1.066348e+01 7.093125e+00 -1.830052e+00 3.714472e+00 6.111624e+00 5.353223e+00 5.875126e+00 2.537369e+00 -1.512926e-01 -2.214732e+00 -2.467726e+00 -2.227627e+00 -1.633495e+00 -2.938016e+00 -1.080694e+00 -8.772305e-01 -3.916833e-01 4.030812e-01 2.403585e+00 5.460187e-01 1.891120e+00 0.000000e+00 
-2.621861e+00 5.178604e+00 -1.937191e+00 5.621040e+00 5.189988e+00 5.451753e+00 -3.546574e+00 3.828523e+00 3.417546e+00 6.900283e+00 1.710033e-01 6.248552e+00 -1.512926e-01 -1.526293e+00 -1.613901e+00 -1.383735e+00 -1.806363e+00 -1.722949e+00 2.946382e-02 1.158219e+00 -4.247656e-02 -5.150136e-01 9.686014e-01 -7.971503e-01 -5.435925e-02 0.000000e+00 
-5.874539e+00 1.656915e+00 -4.455421e+00 2.639748e+00 3.402486e+00 1.564415e+00 -3.582498e+00 5.325315e+00 1.936352e+00 2.606525e+00 -5.077043e+00 1.447462e+00 -1.512926e-01 -3.765982e-01 -4.728350e-01 -5.782993e-01 -1.613644e+00 -7.320398e-01 -3.966969e-01 7.509511e-01 -1.708187e-01 -1.284151e+00 -6.360413e-01 -1.349613e+00 -1.549084e+00 0.000000e+00 
-4.347968e+00 2.875545e+00 -2.552066e+00 2.066384e+00 6.651433e+00 6.696759e+00 3.715406e+00 4.242411e+00 1.955089e+00 5.308923e+00 2.891066e-01 -1.427286e+00 -1.512926e-01 -3.975353e-02 4.202785e-02 -2.111107e-01 -1.478161e+00 -9.713288e-02 3.412423e-02 1.390059e-01 2.983279e-01 -1.203829e-01 -1.196840e+00 1.088235e-01 -1.530795e+00 0.000000e+00 
-4.408820e+00 2.738449e+00 -3.956608e+00 1.312900e+00 6.272560e+00 4.487138e+00 -1.706287e+00 2.653434e+00 4.220990e-01 2.968696e+00 -9.319897e-01 -1.370134e+00 -1.512926e-01 8.814695e-01 9.034693e-01 3.586266e-01 -5.583817e-01 3.616457e-02 9.103352e-01 7.046948e-01 5.768993e-01 4.466926e-01 -6.677368e-01 1.133882e+00 2.041447e-01 0.000000e+00 
-3.553489e+00 4.847977e+00 -3.242151e+00 -1.106342e+00 3.269287e+00 4.161012e+00 -3.789650e+00 6.656103e+00 3.572758e+00 7.349981e-01 -1.357406e+00 3.372625e-03 -1.512926e-01 8.138946e-01 6.212590e-01 -1.252883e-01 -6.253816e-01 -4.306245e-01 -2.153698e-01 -1.625602e-01 1.207905e+00 6.941233e-01 -3.210815e-01 1.234858e-01 9.683285e-01 0.000000e+00 
-1.864431e+00 5.188046e+00 -2.317246e+00 1.434203e+00 5.274382e+00 7.383964e+00 3.693504e+00 7.002966e+00 3.360980e+00 1.554803e+00 1.415621e+00 1.752856e+00 -1.512926e-01 2.289208e+00 -1.019826e+00 1.350534e+00 -1.180329e+00 -1.878756e+00 -3.017903e+00 3.681357e+00 -1.666835e+00 5.542797e-02 -5.063825e-01 -1.348456e+00 5.370703e-02 1.093354e-01 
-1.550690e+00 4.757041e+00 -3.998189e+00 -1.121175e+00 4.997400e+00 4.171497e+00 2.027098e-01 8.107169e+00 3.956265e+00 4.410462e+00 -2.672698e-01 1.852861e+00 -1.512926e-01 2.691630e+00 -2.829899e+00 1.834604e+00 -1.570241e+00 -3.527456e+00 -4.923220e+00 4.162133e+00 -3.484496e+00 -4.397464e-01 -1.161266e+00 -1.097031e+00 -1.206149e+00 2.196322e-01 
6.035819e+00 -2.315212e+00 3.174081e+00 -4.581327e+00 -3.985276e+00 -1.060762e+01 1.470432e+01 -6.406276e+00 5.074855e-01 -1.400948e+00 -8.219336e+00 -2.026343e+00 3.953844e-01 1.379261e+00 -4.370866e+00 2.343134e+00 -2.557626e+00 -4.965496e+00 -5.787641e+00 2.081120e+00 -3.437965e+00 2.293773e-01 -2.047872e+00 -3.911166e-02 -2.401614e+00 2.917425e-01 
5.954537e+00 -5.549891e+00 3.185207e+00 -5.949782e+00 -9.738166e+00 -1.145930e+01 1.151561e+01 -4.061757e+00 2.800773e+00 -3.593455e+00 -2.025083e+00 -4.137775e+00 6.735300e-01 -6.111932e-02 -3.936508e+00 2.268340e+00 -1.559180e+00 -4.423632e+00 -3.500483e+00 8.659267e-01 -1.899678e+00 4.273112e-01 -2.050461e+00 1.246998e+00 -2.066020e+00 2.708457e-01 
1.279261e+00 -1.151282e+01 5.806728e+00 -8.939626e+00 -1.218531e+01 -1.373884e+01 8.442656e+00 -4.102397e+00 5.085612e+00 -4.682597e+00 2.098969e+00 -7.259894e+00 8.950084e-01 -1.348070e+00 -2.263491e+00 5.034100e-01 -5.566052e-01 -2.624918e+00 -3.946531e-01 -2.262292e+00 5.666381e-01 8.727316e-02 -8.712404e-01 1.403734e+00 -1.005234e+00 1.399277e-01 
5.219927e-01 -1.032670e+01 6.027187e+00 -6.737925e+00 -1.302074e+01 -1.176531e+01 7.663176e+00 -2.543162e+00 3.803757e+00 -4.201017e+00 8.085661e-01 -5.860463e+00 9.531237e-01 -1.830874e-01 -1.344890e+00 3.450092e-01 -8.103247e-02 -1.371623e+00 3.741550e-02 -1.386354e+00 -6.495132e-02 -1.056075e+00 -4.299565e-01 -5.107093e-01 -2.054741e-01 5.862109e-02 
2.011741e+00 -1.124426e+01 4.270141e+00 -6.970282e+00 -1.546858e+01 -1.242788e+01 5.319074e+00 -4.332383e+00 4.423592e-01 -5.453369e+00 -2.617488e+00 -6.191172e+00 9.552259e-01 1.400968e+00 -5.395181e-01 -1.910374e-01 5.392137e-01 -9.307579e-01 7.863458e-01 -8.709861e-01 -4.280202e-01 -1.407494e+00 -5.608650e-01 -8.398216e-01 5.944405e-02 5.496979e-03 
4.672860e+00 -1.240862e+01 5.678546e+00 -7.339617e+00 -1.495465e+01 -1.192770e+01 6.145626e+00 -4.271521e+00 -1.579738e-01 -5.357852e+00 -2.220401e+00 -5.699507e+00 9.365267e-01 1.495427e+00 -8.350207e-01 -3.243761e-01 2.130090e-01 -9.287737e-01 4.337946e-01 -7.554401e-01 -9.590902e-01 -1.468644e+00 -6.137105e-01 -4.875697e-01 -3.175165e-01 -3.971195e-03 
6.208667e+00 -1.316945e+01 5.025862e+00 -5.942711e+00 -1.587215e+01 -9.725916e+00 4.846499e+00 -5.378319e+00 2.900958e-02 -6.908505e+00 -5.856552e-01 -7.043152e+00 9.307919e-01 6.395059e-01 -2.897488e-01 -3.011972e-01 5.300439e-01 -6.645361e-01 4.912682e-01 -3.628778e-01 -7.756298e-01 -1.186849e+00 -2.061362e-01 2.294170e-01 -2.225976e-01 2.983284e-03 
5.900667e+00 -1.353920e+01 4.027447e+00 -6.186665e+00 -1.746283e+01 -1.094732e+01 4.122262e+00 -6.815645e+00 -3.332789e+00 -6.542002e+00 -2.645199e+00 -7.022055e+00 9.454848e-01 -4.440918e-01 7.308712e-02 -2.336353e-01 3.761872e-01 -7.893274e-01 3.879719e-01 -9.519812e-01 -5.267251e-01 -1.620451e+00 -2.796378e-02 2.600431e-01 -1.421001e-01 1.491308e-02 
4.595366e+00 -1.212771e+01 3.589705e+00 -4.896538e+00 -1.753717e+01 -1.046173e+01 4.516367e+00 -6.938470e+00 -3.904478e+00 -5.891975e+00 -1.258004e+00 -6.642886e+00 9.656633e-01 -1.158156e+00 2.872095e-01 4.427343e-01 -3.840237e-01 -1.908188e-01 -4.154209e-01 -9.434563e-01 -5.778027e-01 -1.863401e+00 2.034917e-01 2.923787e-01 9.637966e-02 1.865879e-02 
3.259051e+00 -1.256405e+01 5.228448e+00 -5.981767e+00 -1.806878e+01 -9.619932e+00 1.550786e+00 -6.125071e+00 -6.293484e+00 -6.005936e+00 -5.840108e-01 -6.610140e+00 9.936563e-01 -1.373923e+00 6.015097e-01 8.021471e-01 -7.845203e-01 7.050075e-02 -7.603819e-01 -1.198415e+00 -8.472085e-01 -1.677221e+00 3.022413e-02 7.092817e-01 -3.480377e-02 9.240925e-03 
1.738695e+00 -1.222098e+01 6.639032e+00 -7.965279e+00 -1.652327e+01 -1.246671e+01 1.414956e+00 -8.612619e+00 -7.807648e+00 -6.159080e+00 -1.543560e-01 -6.767211e+00 1.000000e+00 -8.169730e-01 1.087314e+00 1.109560e+00 -6.373206e-01 6.392473e-01 -4.846826e-01 -6.083125e-01 -6.539599e-01 -1.017471e+00 3.843022e-01 1.111009e+00 3.840719e-01 -1.493476e-02 
4.593887e-01 -1.048502e+01 6.513518e+00 -8.574896e+00 -1.761728e+01 -1.374673e+01 -3.191071e-01 -1.021461e+01 -9.767311e+00 -6.257329e+00 3.493857e-01 -7.133912e+00 9.745210e-01 -2.294127e-01 1.664603e+00 9.438564e-01 4.846134e-02 7.259706e-01 -3.295492e-01 1.164919e-02 -7.371843e-01 -2.773362e-01 5.164233e-01 1.257103e+00 6.040280e-01 -3.458376e-02 
1.910333e+00 -7.730658e+00 8.494970e+00 -6.786577e+00 -1.456669e+01 -1.082174e+01 2.409751e+00 -8.163498e+00 -7.254920e+00 -3.844768e+00 3.830344e+00 -4.460641e+00 9.005572e-01 1.768530e-01 1.710827e+00 1.065561e+00 8.637129e-01 4.649504e-01 4.416057e-01 2.153189e-01 -2.639143e-01 1.975892e-01 6.409594e-01 1.456460e+00 8.393030e-01 -3.326349e-02 
2.026169e+00 -6.486196e+00 9.019761e+00 -6.328811e+00 -1.541721e+01 -1.209016e+01 1.111635e+00 -1.003555e+01 -7.956529e+00 -4.580975e+00 3.709154e+00 -4.743285e+00 8.704590e-01 4.036312e-02 1.025199e+00 9.361408e-01 9.588230e-01 -9.104157e-03 2.568901e-01 -1.213590e-01 -4.866810e-01 -4.442785e-01 1.569441e-01 8.204365e-01 2.303921e-01 -1.929681e-02 
1.839570e+00 -5.666258e+00 1.071372e+01 -4.769757e+00 -1.529855e+01 -1.108697e+01 1.776180e+00 -1.002172e+01 -7.725093e+00 -3.792460e+00 5.448060e+00 -3.766009e+00 8.857136e-01 -2.225497e-01 3.372881e-01 7.006122e-01 8.341271e-01 -4.946567e-01 1.589966e-01 -8.840515e-01 -8.000826e-01 -1.224602e+00 -2.284704e-01 -4.156714e-02 -6.016029e-01 -9.070128e-03 
6.965857e-01 -6.391228e+00 1.008485e+01 -4.789191e+00 -1.729686e+01 -1.232967e+01 -6.091163e-01 -1.171891e+01 -1.175362e+01 -5.498763e+00 3.642710e+00 -6.329267e+00 8.854588e-01 4.192419e-02 -2.176274e-01 8.563064e-01 6.988408e-01 1.487259e-01 6.377621e-01 -5.497047e-01 -5.478908e-01 -1.262008e+00 -1.376305e-01 -3.786064e-01 -1.131577e+00 -9.937125e-03 
1.462376e+00 -6.091701e+00 1.146549e+01 -3.385752e+00 -1.610014e+01 -9.907005e+00 -1.150131e+00 -1.132223e+01 -1.147939e+01 -4.528226e+00 3.655730e+00 -6.675664e+00 8.477066e-01 7.042333e-01 2.071817e-01 4.572980e-01 1.138487e+00 4.655811e-01 5.750632e-01 -1.505201e-01 -9.985029e-01 -6.554001e-01 -1.267142e-01 -2.541674e-01 -1.285979e+00 -3.381319e-02 
2.424387e+00 -7.361611e+00 1.292541e+01 -3.526609e+00 -1.427279e+01 -9.491337e+00 -1.737330e-01 -1.212475e+01 -1.238942e+01 -4.901245e+00 2.712286e+00 -8.946344e+00 8.397768e-01 1.125072e+00 1.306041e+00 6.288475e-01 1.263643e+00 6.232050e-01 4.790059e-01 -7.132125e-03 -2.875007e-01 1.354852e-01 1.311062e+00 1.126176e+00 -5.281293e-01 -5.252067e-02 
4.496836e+00 -4.145158e+00 1.157993e+01 2.913883e-01 -1.448268e+01 -9.630821e+00 8.058874e-01 -1.481131e+01 -1.068419e+01 -4.724790e+00 4.642435e+00 -8.887363e+00 7.394886e-01 3.598166e-02 2.111771e+00 2.503311e-01 1.026742e+00 8.435138e-01 -9.186393e-01 3.777693e-01 -1.345951e+00 1.500278e-01 1.212554e+00 1.766574e+00 2.934786e-01 -5.409302e-02 
4.804713e+00 -8.342947e-01 1.317187e+01 -3.095474e-01 -1.498957e+01 -1.007273e+01 -1.622786e+00 -1.141187e+01 -1.147379e+01 1.154832e+00 8.780239e+00 -7.864064e+00 6.769644e-01 -8.419173e-01 2.589902e+00 7.552206e-01 1.050644e+00 4.134073e-01 -2.066731e+00 5.521418e-01 -1.804322e+00 -4.820480e-01 1.540297e+00 2.834171e+00 1.176142e+00 -8.360907e-02 
4.521208e-01 1.203496e+00 1.259391e+01 1.394266e-01 -1.152418e+01 -1.420950e+01 1.463242e+00 -1.840843e+01 -1.118707e+01 -1.493492e+00 9.454622e+00 -5.749412e+00 6.586477e-01 -7.527743e-02 2.404089e+00 -8.027790e-01 1.795513e+00 6.337040e-01 -2.027349e+00 -5.203866e-01 1.521138e-01 -1.223255e+00 8.135794e-01 1.706365e+00 2.803715e+00 -1.772519e-01 
2.371578e-01 2.913570e+00 1.619452e+01 1.802593e+00 -1.368500e+01 -1.753565e+01 2.258299e+00 -1.934781e+01 -1.454823e+01 1.184590e+00 1.447705e+01 -4.634609e+00 4.621519e-01 3.967351e-01 2.557418e+00 -3.053010e+00 1.013745e+00 2.598297e+00 1.610855e+00 -2.164087e+00 2.321678e+00 6.391596e-01 -1.491168e-01 -9.162549e-01 4.280166e+00 -2.354527e-01 
6.404226e+00 6.001356e+00 6.054707e+00 8.212882e+00 -1.196645e+01 -1.603611e+01 -3.736588e+00 -1.008278e+01 -1.526325e+01 -6.717721e-01 1.032585e+01 3.516483e+00 -3.936481e-02 5.416676e-01 1.607733e+00 -4.078269e+00 4.952500e-02 3.384970e+00 4.720489e+00 -3.056015e+00 5.213557e+00 3.026537e+00 7.841842e-02 -3.031294e+00 3.749560e+00 -2.233325e-01 
3.812336e+00 9.553864e+00 1.176419e+00 7.224479e-01 -1.776955e+00 -1.105153e+00 -9.843307e+00 -3.966307e+00 -6.239902e+00 -1.612544e-03 3.763349e+00 8.903820e+00 -1.512926e-01 -5.789747e-01 7.893987e-01 -4.077575e+00 -8.568372e-01 4.626520e+00 5.799165e+00 -1.895036e+00 5.248322e+00 4.943706e+00 7.957851e-01 -3.939393e+00 2.168350e+00 -1.338817e-01 
1.372869e+00 5.922013e+00 -2.883785e-01 9.271241e-01 -5.533524e-01 1.177690e+00 -7.766028e+00 -3.139281e-02 -2.085402e-01 -5.082991e-01 -3.449988e-01 6.229174e+00 -1.512926e-01 -2.058528e+00 -4.889582e-01 -1.627677e+00 -1.521119e+00 3.113956e+00 3.670260e+00 6.909513e-02 2.686013e+00 4.560784e+00 9.284931e-01 -2.271270e+00 -4.693287e-01 -2.238555e-02 
-1.420374e-01 6.900236e+00 -1.021812e+00 1.161286e+00 3.741053e+00 2.853275e+00 -5.202161e+00 1.868111e+00 2.642949e+00 5.081779e+00 1.155119e-01 4.850793e+00 -1.512926e-01 -1.112112e+00 -1.714095e+00 -6.288471e-01 4.801472e-01 1.837806e+00 1.457796e+00 8.357331e-01 5.382021e-01 1.382409e+00 5.553768e-01 -3.614619e-01 -1.600446e+00 0.000000e+00 
-1.911227e+00 4.883379e+00 -9.845603e-01 3.878704e-01 8.443303e-01 3.359742e-01 -5.711686e+00 4.300797e-01 3.099247e+00 1.428997e+00 7.934217e-01 3.196353e+00 -1.512926e-01 2.178248e-01 -6.633640e-01 -4.166273e-01 4.997929e-01 1.828732e+00 1.408452e+00 1.245873e-01 -2.725410e-02 -3.451877e-01 3.324969e-02 5.183983e-02 -1.231085e+00 0.000000e+00 
-1.061764e-01 1.502707e+00 -1.619726e+00 3.392811e+00 6.713233e+00 6.604687e+00 -6.691813e+00 -1.506033e+00 -9.817483e-01 1.806623e+00 1.386829e+00 2.417998e+00 -1.512926e-01 1.779456e-01 -2.261051e-01 -4.917287e-01 3.301231e-01 1.316452e+00 9.285681e-01 -3.123130e-01 -1.165550e+00 -9.080614e-01 -5.498851e-01 -2.392145e-01 -1.298718e+00 0.000000e+00 
2.444063e+00 5.303957e+00 -2.072558e+00 2.310326e+00 7.104218e+00 6.344246e+00 -6.398266e+00 1.519408e+00 -1.221302e-01 1.295527e+00 -7.214584e-01 1.290145e+00 -1.512926e-01 -4.259321e-01 -8.642473e-02 -3.982562e-01 7.815012e-01 1.431061e+00 5.095806e-01 1.441174e-01 -3.029360e-01 -2.646739e-01 1.011994e-01 -2.470867e-01 -6.662027e-01 0.000000e+00 
-1.429955e+00 5.559422e+00 -2.936457e+00 1.850674e+00 7.193368e+00 4.491979e+00 -6.420436e+00 -4.504306e+00 -2.866693e-01 2.399089e+00 -3.231206e-01 -6.896935e-01 -1.512926e-01 -1.215265e+00 2.217702e-01 3.662748e-01 7.894223e-01 5.648233e-01 -4.809907e-01 1.680834e+00 9.210339e-01 7.460550e-01 2.504767e-01 4.267603e-01 6.550435e-01 0.000000e+00 
-3.378999e+00 2.422899e+00 -2.317476e+00 5.066444e+00 7.759566e+00 3.940231e+00 -5.126787e+00 4.145360e-01 1.428338e+00 1.638762e+00 4.129634e-01 1.419185e+00 -1.512926e-01 -1.377898e+00 -1.989853e-01 3.984744e-01 4.636491e-01 3.836224e-01 3.815833e-02 1.883456e+00 1.951779e+00 2.272848e-01 -6.670682e-01 -8.503447e-01 1.289311e+00 0.000000e+00 
-3.270970e+00 4.052087e+00 3.341075e-01 5.961863e+00 9.209676e+00 5.401741e+00 1.076619e+00 3.651573e+00 1.973293e+00 2.887389e+00 2.953420e+00 5.628695e+00 -1.512926e-01 -4.585525e-01 3.717761e-02 4.683153e-01 1.433440e-01 -9.002713e-02 6.537959e-01 2.379889e+00 2.738104e+00 9.026390e-01 -3.025350e-01 -9.608525e-01 1.289445e+00 0.000000e+00 
-3.524917e+00 5.062697e+00 -1.715468e+00 2.572977e+00 8.014176e+00 6.080157e+00 -7.295125e-01 7.200365e+00 -1.156874e-01 -2.283964e+00 -6.611452e+00 4.577507e+00 -1.512926e-01 -1.223202e-01 3.973746e-01 -2.525304e-01 -5.237063e-01 -1.643712e-01 1.030419e+00 1.263357e+00 5.228599e-01 1.280045e+00 5.429132e-01 -3.432823e-01 -2.281425e-02 0.000000e+00 
-3.649758e+00 4.425410e+00 -8.958841e-01 3.814127e+00 6.615927e+00 6.690996e+00 3.280374e+00 5.793300e+00 4.998538e+00 2.847777e+00 -1.615175e+00 4.178371e+00 -1.512926e-01 -2.702158e-01 -2.953435e-01 -6.208829e-01 -6.873609e-01 -2.362946e-01 6.824899e-02 -2.327768e-01 1.497913e-01 1.391964e+00 -6.724153e-02 -4.836131e-01 -1.182006e+00 0.000000e+00 
-3.801206e+00 4.223110e+00 -2.965132e+00 3.521781e+00 8.234585e+00 8.447699e+00 8.811986e-02 1.957972e+00 6.315939e+00 4.373134e+00 9.808493e-01 2.030276e+00 -1.512926e-01 4.834938e-02 -5.876643e-01 -4.810192e-01 -5.466020e-01 -3.021781e-01 -8.558992e-01 -1.660229e-01 -3.694217e-02 3.564317e-01 7.406724e-01 1.765509e+00 -2.432780e-01 0.000000e+00 
-4.483905e+00 2.995163e+00 -2.145475e+00 2.050656e+00 7.917999e+00 4.559215e+00 -4.960808e-01 7.021726e+00 5.717299e+00 -7.773677e-01 -3.260797e+00 9.922808e-01 -1.512926e-01 2.233756e-01 -2.807813e-01 -5.246679e-01 -1.257437e+00 -4.581668e-01 -1.362788e+00 -1.028682e+00 4.193801e-01 -1.217137e+00 1.169124e-01 -1.372976e-01 -6.209117e-01 0.000000e+00 
-2.866096e+00 2.839499e+00 -3.495769e+00 7.217031e-01 5.852250e+00 2.866551e+00 3.286001e-01 6.401441e+00 1.307091e+00 3.231970e+00 3.038904e+00 4.954163e+00 -1.512926e-01 2.445399e-01 -6.923914e-04 2.348476e-01 -6.863385e-01 -7.883722e-01 -8.300570e-01 -3.652848e-02 1.141248e+00 -7.515212e-01 -9.742642e-03 -1.135918e+00 -8.264542e-02 0.000000e+00 
-3.000435e+00 3.713309e+00 -3.253905e+00 -1.073019e+00 5.516260e+00 2.667629e+00 -1.983276e+00 5.668467e+00 1.417278e+00 4.002921e+00 -3.330690e+00 -3.881304e-01 -1.512926e-01 3.605819e-01 3.296452e-01 9.428849e-02 8.814804e-01 -3.283548e-03 5.474082e-01 4.548678e-01 7.522944e-01 -2.454148e-01 6.398768e-01 -4.460487e-01 2.242136e-01 0.000000e+00 
-3.320241e+00 3.860575e+00 -1.236679e+00 1.651926e+00 5.493593e+00 5.243207e+00 6.490750e-01 8.340842e+00 4.708343e+00 1.934277e+00 -4.663794e+00 2.307255e+00 -1.512926e-01 1.320696e-02 2.029131e-01 1.483469e-01 1.442218e+00 7.256933e-01 1.075919e+00 3.211152e-01 -4.977332e-01 8.099620e-01 -3.983071e-02 7.700886e-02 -3.784327e-01 0.000000e+00 
-2.453923e+00 4.132851e+00 -2.803577e+00 5.992947e+00 8.080910e+00 6.107927e+00 1.618021e+00 9.813498e+00 2.789599e+00 3.070863e+00 -1.639692e+00 3.436803e+00 -1.512926e-01 -2.019001e-01 2.691824e-01 2.934457e-01 1.280574e+00 2.974522e-02 6.712203e-01 5.749585e-01 -9.922367e-01 1.067073e+00 7.894359e-01 1.994746e+00 9.072983e-01 0.000000e+00 
-3.073318e+00 3.644294e+00 -2.979198e+00 4.399811e+00 8.198392e+00 6.525998e+00 1.335275e-01 1.840259e+00 4.670741e+00 3.498845e+00 2.578449e+00 1.149533e+00 -1.512926e-01 -1.452301e-01 1.366985e-02 -3.530323e-01 4.043927e-01 6.637691e-01 5.251629e-01 -8.990972e-02 -1.552923e+00 4.477105e-02 1.654244e+00 1.346604e+00 2.704300e-01 0.000000e+00 
-4.133397e+00 5.167362e+00 -9.154166e-01 3.955909e+00 4.312587e+00 5.382335e+00 1.149290e+00 3.957574e+00 6.771445e+00 7.167816e+00 3.021917e+00 4.727222e+00 -1.512926e-01 -8.738327e-02 -2.661422e-01 -1.955727e-01 -4.125087e-01 3.126206e-01 8.851627e-01 -7.046891e-01 -1.796735e-01 1.018260e+00 1.141684e+00 3.744873e-01 1.254459e+00 0.000000e+00 
-3.206655e+00 3.411669e+00 -3.945921e+00 4.692408e+00 1.069660e+01 8.231817e+00 4.338917e-01 3.504187e+00 2.941275e+00 8.157021e+00 -2.615800e-01 3.014195e+00 -1.512926e-01 1.275405e-01 -1.887324e-02 -1.506315e-01 -1.537661e-01 2.995543e-01 7.791911e-01 -1.856798e-01 2.435208e+00 -7.941383e-01 -1.359813e+00 -7.504054e-01 1.056811e+00 0.000000e+00 
-2.824171e+00 2.918452e+00 -3.298080e+00 3.784105e+00 8.394909e+00 9.680831e+00 -2.055607e+00 8.083166e+00 8.745632e+00 6.450197e+00 1.652759e+00 8.776767e+00 -1.512926e-01 3.671654e-01 2.173732e-01 -3.245100e-01 -4.186534e-01 2.063811e-01 5.190045e-01 3.452075e-01 8.820356e-01 -1.023092e+00 -2.248576e+00 -1.466878e+00 -8.354633e-01 0.000000e+00 
-3.090228e+00 4.674383e+00 -2.541024e+00 3.716883e+00 7.655003e+00 8.272705e+00 8.075773e-01 1.195350e+01 -2.870438e-01 -2.941411e+00 -4.889996e-01 4.408817e+00 -1.512926e-01 -1.155819e-01 2.546714e-01 3.509255e-01 -6.656538e-01 -1.422623e+00 -6.321135e-01 3.102772e-01 -7.117376e-01 -7.226373e-01 -1.195353e+00 2.809781e-01 -1.251652e+00 0.000000e+00 
-2.355783e+00 5.622871e+00 -3.240415e+00 2.350405e+00 6.865291e+00 7.956913e+00 2.688485e+00 4.143095e+00 3.270146e+00 1.474154e+00 -4.198762e+00 -1.474049e-01 -1.512926e-01 -7.743111e-02 4.252901e-02 -1.150279e-01 -6.297311e-01 -7.398146e-01 -8.125464e-01 2.033174e-01 -1.067186e+00 -7.143488e-01 2.652988e-01 2.387047e-03 -1.548234e+00 0.000000e+00 
-4.018758e+00 3.332817e+00 -2.220126e+00 2.080989e+00 4.348294e+00 5.933209e+00 -3.867686e-01 1.915535e+00 2.065831e+00 4.668280e+00 4.069071e+00 1.218020e+00 -1.512926e-01 -2.211156e-01 -2.387420e-01 -4.032055e-01 -5.478991e-01 -2.027945e-01 -3.782330e-01 -8.990618e-01 -1.585431e+00 9.961067e-01 2.669219e+00 9.441503e-01 -1.521502e-01 0.000000e+00 
-2.747062e+00 3.801880e+00 -4.033669e+00 1.453396e+00 6.349190e+00 6.787847e+00 -4.418468e-01 7.766222e+00 3.997451e+00 3.971846e+00 -6.143413e-01 2.630996e+00 -1.512926e-01 3.067503e-01 2.986102e-01 3.262807e-02 4.972781e-01 2.531881e-01 -3.673006e-01 -1.499642e+00 -1.425636e-01 3.713816e-02 7.592942e-01 -1.492655e-03 4.199403e-01 0.000000e+00 
-4.000167e+00 4.391168e+00 -4.160425e+00 1.425891e+00 6.899081e+00 6.966074e+00 -2.122565e+00 2.214784e+00 4.329838e+00 9.155836e+00 2.439541e+00 2.258866e+00 -1.512926e-01 8.290595e-01 9.292727e-01 2.152545e-01 9.877659e-01 5.521737e-01 -1.842330e-01 -1.061009e+00 -1.755335e-01 -1.157611e-01 -4.227868e-01 -1.769818e+00 -7.714154e-02 0.000000e+00 
-8.313274e-01 6.586747e+00 -2.107125e+00 5.164344e+00 6.855838e+00 5.603979e+00 -3.941824e+00 3.280652e+00 2.323834e+00 3.026846e+00 -3.391460e+00 1.431873e+00 -1.512926e-01 7.000308e-01 7.765311e-01 5.906387e-01 1.116035e+00 9.700541e-02 -3.729832e-01 -8.819212e-01 -7.905272e-01 -5.353238e-01 -8.018990e-01 -1.138524e+00 -3.225238e-01 0.000000e+00 
