-8.130762e+00 -2.987154e+00 -1.419194e+00 6.621040e+00 -7.481190e+00 -1.583057e+01 -2.549408e+00 3.471452e+00 -7.339278e+00 -6.608357e+00 8.822068e+00 -3.059895e-01 3.564793e-02 9.111081e-01 1.984581e+00 5.556590e-02 -8.208744e-01 1.659899e+00 2.818364e+00 8.215114e-01 -1.658177e+00 -4.312263e-02 6.818663e-01 -2.781930e+00 -1.533335e-01 -1.585510e-02 
-5.680993e+00 9.376080e-01 -1.734547e+00 4.119604e+00 -2.624175e+00 -5.449124e+00 -1.370616e+00 -1.470506e+00 -8.370735e+00 -1.080803e+01 1.747168e+00 2.902700e-01 -1.424992e-02 9.363924e-01 2.243877e+00 2.675626e-01 -1.007010e+00 9.645578e-01 3.521707e+00 1.836498e+00 -1.068136e+00 6.526923e-02 2.554722e+00 -1.956206e+00 -8.225445e-01 -1.149779e-02 
-4.800106e+00 4.973368e+00 -9.836872e-01 3.767386e+00 -1.610201e+00 -6.929475e+00 9.687538e-01 -2.348456e+00 -7.039163e+00 -1.099189e+00 -1.550130e+00 -1.370787e+00 -1.867867e-02 6.459155e-01 7.860880e-01 2.318294e-01 -1.536301e-01 4.680856e-01 3.160233e+00 1.842966e+00 6.323099e-03 2.926309e-01 3.229760e+00 -1.065263e+00 -2.057262e-01 -3.064841e-03 
-5.114128e+00 4.251967e+00 -2.991337e-01 3.012817e+00 -5.593895e+00 -2.672583e+00 4.874002e+00 1.040726e+00 -7.162990e+00 3.410666e+00 4.227137e+00 -3.886313e+00 5.322278e-03 8.727630e-01 -9.174467e-01 -8.272142e-01 2.321577e-01 -7.056737e-03 1.512733e+00 1.518919e+00 9.745554e-01 5.556375e-01 1.973695e+00 1.237883e-01 -1.779837e-01 1.201112e-02 
-5.184617e+00 -7.138937e-01 -9.777534e-01 6.406283e+00 -3.655902e+00 -1.417677e+00 3.543115e+00 2.247451e+00 -6.479996e+00 2.431092e+00 2.255770e+00 7.536709e-01 1.053762e-02 1.070235e+00 -2.160642e+00 -1.357407e+00 -1.796176e-01 2.088952e-02 1.203160e+00 3.389164e-01 1.277276e+00 1.502800e-01 -1.425887e+00 -2.591412e-01 1.896028e-01 2.186125e-02 
-1.124923e+00 -8.059947e-01 -5.873586e+00 3.960944e+00 -1.636608e+00 -6.413601e-01 4.936798e+00 1.104318e+00 -5.872130e+00 -2.704698e+00 4.631593e-01 -1.661877e+00 3.119755e-02 4.840665e-01 -1.358241e+00 -9.122757e-01 4.278178e-02 6.642922e-01 -9.619865e-01 -2.093253e+00 -2.894162e-01 3.303153e-01 -2.324385e+00 -6.100122e-01 9.065757e-01 1.088241e-02 
-1.443535e+00 -3.300859e+00 -4.983497e+00 2.395235e+00 -3.484397e+00 -1.929285e+00 2.631938e+00 4.006129e+00 -6.933193e+00 -5.170941e+00 -9.638474e-01 -1.534991e+00 7.768995e-02 -4.238181e-01 8.632303e-01 2.187950e-01 -7.050041e-01 -6.771116e-01 -2.039495e+00 -2.176994e+00 -1.195859e+00 -1.614612e-01 -1.101517e+00 -7.820954e-01 -1.028235e-01 -8.243918e-05 
-4.564337e+00 -1.245756e+00 -2.857641e+00 5.232251e+00 -2.358187e+00 -7.226711e+00 -5.136675e+00 -1.285694e+00 -5.284815e+00 -4.410241e+00 2.786884e+00 1.790896e+00 2.615815e-02 -1.270540e+00 1.915854e+00 1.454590e+00 -3.353139e-01 -4.930340e-01 -1.611663e+00 -1.982245e+00 -1.235928e+00 3.290824e-01 4.068174e-01 -2.563115e-01 1.326281e+00 -1.611924e-02 
-5.584001e+00 3.822139e+00 -1.391751e+00 2.245610e+00 -6.680671e+00 -8.322474e+00 -2.305119e+00 -2.536839e+00 -7.580960e+00 -2.223722e+00 -2.816570e+00 -1.486833e+00 1.264513e-02 -9.709262e-01 2.310492e+00 1.215317e+00 -4.132544e-01 3.702225e-01 4.169944e-01 6.606513e-01 -3.101083e-01 1.655121e+00 2.105357e+00 2.701592e-01 7.225649e-02 -2.488694e-02 
-5.407388e+00 5.211777e+00 -3.965069e-01 2.359187e+00 -2.503641e+00 -5.503082e+00 -2.505901e+00 -1.803838e+00 -3.902835e+00 -2.144220e+00 1.079631e-01 4.945447e+00 -1.687622e-02 -4.308612e-01 1.586885e+00 5.618774e-01 -4.568871e-01 1.365350e-01 1.238924e+00 1.942559e+00 7.469501e-01 1.146452e+00 9.351309e-01 -3.245298e-01 -5.807356e-01 -1.175275e-02 
-5.876640e+00 5.022835e+00 -1.374786e-01 1.765494e+00 -1.560557e+00 -7.061278e-01 4.619807e+00 2.714660e+00 6.514230e-01 4.222836e+00 1.726409e+00 -2.750984e+00 -2.522755e-02 -1.208724e-01 8.058612e-01 -1.210797e-01 2.698547e-01 5.729533e-01 1.382664e+00 8.662831e-01 -1.360935e-01 1.007275e+00 -4.592310e-01 6.613939e-01 -1.321043e-01 1.090157e-03 
-6.572323e+00 6.088323e+00 -6.753894e-01 3.187873e+00 -4.235569e+00 -4.840262e+00 1.113658e+00 -1.766920e-01 -3.668744e+00 -2.957866e+00 -1.107254e+00 -4.807061e-01 -1.366925e-02 -4.288274e-01 2.976115e-01 -3.655927e-01 -7.773330e-02 -6.857375e-01 3.012478e-01 6.423941e-02 -6.600826e-01 2.275820e-02 1.695386e-01 7.856850e-02 -1.306336e+00 8.338863e-03 
-5.605895e+00 7.413171e+00 -1.857708e+00 3.180541e+00 -2.949940e+00 -1.740564e+00 2.165170e-01 -4.030879e+00 -2.661628e+00 -4.113055e+00 1.098009e+00 5.657217e-01 1.649243e-02 -6.778351e-01 -3.853819e-01 3.755129e-01 2.640683e-01 3.888280e-01 6.730011e-01 1.975797e-02 -6.400090e-01 4.652963e-01 8.924296e-01 -1.560157e-01 4.751248e-01 2.078474e-03 
-7.686897e+00 5.504666e+00 -1.364356e+00 1.262998e+00 -5.237637e+00 -3.479625e+00 1.694131e-02 -1.731482e+00 -2.132518e+00 2.871418e+00 8.150060e-01 -3.244586e+00 3.958106e-03 -8.737464e-01 -8.835981e-01 5.852442e-01 2.796644e-01 1.445962e+00 9.535807e-01 1.025208e+00 1.353727e-01 1.163522e+00 2.005224e+00 3.360583e-01 -5.575373e-02 -4.530853e-03 
-8.708529e+00 3.387754e+00 2.084569e+00 4.048274e+00 8.846167e-01 1.978559e+00 5.266955e+00 2.920097e-01 2.209791e+00 5.770342e+00 -1.479936e-02 1.006580e+00 -2.364886e-02 -8.427441e-01 -9.150815e-01 7.799237e-01 7.993123e-01 1.213146e+00 -5.450981e-01 1.450645e+00 2.062067e+00 6.194494e-01 2.045502e+00 2.524819e-01 -4.121163e-01 -8.784974e-03 
-9.389738e+00 3.683041e+00 2.796927e-01 4.152328e+00 1.076962e+00 -1.931921e+00 3.714480e+00 -1.661273e+00 -2.868435e-01 2.126553e+00 1.129441e+00 -9.799041e-01 -1.625288e-02 -1.735901e+00 6.047639e-01 3.960295e-01 1.616568e-01 1.163469e+00 -3.486167e-01 1.583903e+00 6.478661e-01 4.871224e-01 -2.341735e-03 6.946869e-01 9.728909e-01 5.796092e-02 
-8.968195e+00 3.748576e+00 1.219886e+00 5.732437e+00 -4.150844e-02 -5.239907e+00 5.620972e+00 6.244350e+00 -4.872184e-01 6.486889e+00 2.203200e+00 -2.627201e+00 -1.732695e-02 -2.784162e+00 1.921192e+00 -1.661058e-01 -4.482729e-01 2.515622e-01 -1.108501e+00 3.422164e-01 -7.900623e-01 1.461290e-01 -6.739661e-01 9.853801e-01 5.754303e-01 1.228081e-01 
-1.623657e+01 8.348075e+00 1.048133e+00 1.229200e+00 1.042773e+00 -1.613476e+00 7.759448e+00 -1.468321e+00 1.651598e+00 2.501436e+00 3.179441e+00 3.436759e+00 2.906017e-01 -1.580654e+00 6.609679e-01 -6.969849e-01 1.123239e+00 2.445093e-01 -5.162116e-01 -1.454286e+00 -1.065940e+00 -9.111991e-01 -4.231485e-01 -8.386738e-01 3.433741e-01 8.339848e-02 
-1.920592e+01 1.066120e+01 8.698196e-01 3.268474e+00 2.159522e+00 -3.723168e+00 4.955554e+00 -3.754778e+00 1.971216e+00 2.213071e+00 3.887101e+00 1.675400e+00 4.369644e-01 -1.163125e+00 3.044761e-01 2.132016e-01 -8.967757e-01 5.137126e-01 5.864159e-01 -2.172433e+00 -3.297931e-01 -1.797110e+00 2.900052e-02 -1.435980e+00 -5.787143e-01 5.687761e-02 
-1.217414e+01 3.531570e+00 -3.030199e+00 1.100051e+01 1.198993e+00 -5.271348e+00 -3.224241e+00 -1.991410e+00 -6.072056e+00 2.147719e+00 -3.905878e+00 -1.414334e+00 1.735939e-01 4.538212e-01 -2.178752e+00 1.152134e-03 -1.118883e+00 1.721107e+00 2.900694e-01 -2.306843e+00 2.188974e+00 -2.042868e+00 -8.190346e-03 -3.068123e-01 1.594929e-01 1.763909e-02 
-1.681503e+01 7.679209e+00 4.325060e+00 -3.637095e+00 2.448944e+00 -4.788910e-01 2.506485e-01 4.856929e+00 -5.610944e+00 6.808750e+00 -1.434040e+00 -3.095225e+00 3.255650e-01 1.178497e+00 -4.401591e+00 -7.454833e-01 -1.093541e-01 1.936025e+00 2.074479e+00 -1.862820e+00 1.528106e+00 7.076397e-01 -2.142814e+00 1.835821e+00 1.725843e+00 4.576237e-02 
-1.516291e+01 -1.054690e+00 -6.737261e-01 -9.124311e-01 9.503598e+00 -1.785267e+00 -1.422316e+00 5.170694e+00 -4.771662e+00 1.626445e-01 4.305950e+00 6.619537e+00 4.344969e-01 2.622883e+00 -3.774377e+00 -6.451689e-01 -1.475637e-01 -3.349783e-01 1.643601e+00 -2.792076e+00 -2.347575e-01 3.856686e+00 -3.518139e+00 3.185693e+00 1.059337e+00 7.054758e-02 
-1.181906e+01 -9.053628e+00 -4.035833e+00 8.678172e+00 7.687344e+00 4.906188e+00 -5.259510e+00 3.047026e-01 4.859217e+00 -7.508461e+00 8.960292e+00 6.287678e+00 5.353248e-01 5.182942e+00 -3.293461e+00 -1.731800e+00 2.984614e+00 -2.088198e+00 -1.594076e-01 -3.345563e+00 -2.067572e+00 3.703461e+00 -2.326301e+00 6.248268e-01 4.749175e-01 -6.293523e-03 
-1.557714e+00 -6.973897e+00 -2.075597e+00 4.105053e+00 -3.095098e+00 2.541186e-01 -1.442954e+01 -8.890840e-01 7.976294e+00 -8.284371e+00 6.825422e+00 -8.091001e-01 4.214519e-01 3.714959e+00 -2.438220e-01 1.150650e-01 9.312404e-01 -4.170676e+00 -1.202920e+00 -1.760331e+00 -1.408685e+00 2.047221e+00 7.082707e-01 -2.635143e-01 -3.542864e-01 -5.735177e-02 
2.297085e+00 -5.828494e+00 -3.633006e+00 8.777232e+00 -1.692698e+00 -2.295622e+00 -9.973558e+00 -2.451043e+00 6.532384e+00 -5.992488e-01 4.303577e-01 2.993680e+00 3.006199e-01 1.142520e+00 1.578324e+00 1.209614e+00 -1.159031e+00 -4.214454e+00 -2.400532e+00 1.397917e+00 -3.410320e-01 -6.918273e-01 2.709169e+00 -4.874261e-01 -2.750789e-01 -4.338305e-02 
-3.646184e+00 -3.886367e+00 -2.998147e-01 3.694241e+00 -6.659758e+00 -4.198964e+00 -7.866944e+00 -4.948564e-01 4.627857e+00 2.493922e-01 7.253345e+00 6.495104e+00 2.650905e-01 -1.518055e+00 1.271174e+00 9.009172e-01 -3.355046e-01 -1.282395e+00 3.800066e-01 4.427328e+00 5.683666e-01 -2.985511e+00 2.462677e+00 3.071723e-01 -4.529051e-01 2.254580e-02 
-5.062222e+00 -2.705772e+00 1.124346e+00 3.088425e+00 -1.160259e+01 -4.869932e+00 -1.551224e+00 -1.597571e+00 3.074299e+00 1.770500e+00 6.309199e+00 1.260182e+00 3.965902e-01 -2.071605e+00 8.141420e-01 1.220962e-01 -3.588648e-01 2.641068e-01 1.558499e+00 1.715235e+00 7.049271e-01 -3.970739e+00 6.174893e-01 -5.033145e-01 -2.423557e+00 8.242302e-02 
-5.468333e+00 -2.179390e+00 5.031335e-02 5.271935e+00 -4.552126e+00 3.441307e+00 3.495934e+00 1.526013e+00 -5.222219e+00 2.844136e+00 5.421863e+00 -2.206876e+00 4.861957e-01 -1.980296e+00 -1.315601e+00 -2.389165e+00 -7.113254e-02 3.863923e-01 3.455592e-01 -9.975290e-01 2.068688e-01 -2.934123e+00 1.236799e+00 -2.316476e+00 -2.166643e+00 9.787288e-02 
-7.149864e+00 -2.611273e+00 -3.197589e+00 6.194061e+00 -1.425980e+00 1.676736e+00 -7.078820e+00 6.315726e-02 -8.396274e+00 1.190826e+00 -1.170473e+00 -4.773112e+00 6.021824e-01 -1.572494e+00 -1.464655e+00 -2.810715e+00 2.848627e-01 4.503739e-01 1.181591e-01 -6.335148e-01 1.917422e-01 -1.422674e+00 9.472214e-01 -8.341099e-01 3.797121e-01 8.300151e-02 
-1.250385e+01 -1.051162e+01 -1.008467e+01 1.785760e+00 -9.816103e+00 -5.744502e+00 -1.009079e+01 -2.908765e-01 -4.307472e+00 6.723221e+00 -5.892007e-01 -1.321466e+00 6.516588e-01 -7.277285e-01 -7.428431e-01 -1.053488e+00 1.265102e+00 7.449350e-01 -9.476959e-01 1.075232e+00 -4.983157e-01 4.661186e-01 1.730842e+00 5.532391e-01 9.177967e-01 4.483334e-02 
-9.406937e+00 -5.862927e+00 -7.861739e+00 6.255825e+00 -6.718736e+00 3.137682e-01 2.074565e+00 2.695850e-01 -4.496442e+00 4.567065e+00 5.144182e+00 2.716037e+00 7.288663e-01 1.865690e+00 9.922012e-01 2.207962e+00 2.097220e+00 2.326461e+00 3.359861e-02 3.687758e+00 -2.128422e-01 6.722580e-01 6.836953e-02 1.371417e+00 1.031908e+00 -4.032156e-02 
-7.978439e+00 -4.267777e+00 -2.885050e+00 1.156656e+01 1.818927e+00 -6.156884e-01 4.295403e+00 -1.068779e+00 -4.841542e+00 9.810229e+00 5.030730e+00 -1.362467e+00 6.470205e-01 5.699018e+00 2.965477e+00 3.453532e+00 -8.486730e-01 2.577259e+00 9.838092e-01 3.423344e+00 -1.484658e+00 1.717720e+00 -2.587573e+00 5.519623e-01 1.563316e+00 -3.084476e-02 
-8.411789e-02 -7.721896e-01 4.242408e+00 1.178976e+01 4.388810e+00 -7.196773e-01 4.166871e+00 -6.121024e-01 -4.767949e+00 -1.083028e-02 2.876647e+00 4.069285e-01 4.028937e-01 5.981700e+00 9.240106e-01 1.770552e+00 -5.601797e+00 -6.543493e-03 -6.491967e-01 6.558487e-01 -1.934847e+00 2.839352e+00 -2.972555e+00 1.534917e-01 2.424897e+00 4.891687e-02 
1.132983e+01 1.770391e+00 1.130911e+00 -5.224573e+00 -2.483583e+00 -3.087338e-01 5.979779e+00 -7.273320e+00 4.416880e+00 -3.925695e+00 3.304378e+00 7.649670e+00 6.604213e-01 5.277053e+00 -2.048637e-01 -1.614168e-01 -8.417564e+00 -1.824206e+00 -3.578601e-01 -5.669261e-01 -8.139824e-01 2.707771e+00 -3.131703e+00 1.138523e+00 2.681748e+00 1.231300e-01 
1.084743e+01 -4.261959e+00 -1.016958e+00 -1.335759e+01 -4.600198e+00 -3.085693e+00 4.511620e+00 -6.302379e+00 5.071109e+00 -3.427750e+00 6.774817e+00 1.033445e+01 9.667503e-01 2.520764e+00 -5.116604e-01 -1.444364e+00 -7.242298e+00 -1.084877e+00 -6.685978e-01 -9.026344e-01 -8.950777e-02 2.125775e+00 -2.499007e-01 1.274233e+00 1.081353e+00 1.431524e-01 
1.294105e+01 -3.547211e+00 -1.062450e+00 -1.794759e+01 -2.807601e+00 -1.221981e+00 1.288398e+00 -2.293552e+00 3.777783e+00 -4.139824e+00 8.774261e+00 7.082512e+00 9.807425e-01 4.389474e-01 -5.474992e-01 -9.281633e-01 -2.575786e+00 6.800703e-01 -9.853004e-01 -6.026517e-01 1.673650e+00 -7.067918e-01 1.427362e+00 -6.824981e-01 -2.243431e-01 5.835386e-02 
1.171409e+01 -6.716905e-01 -1.882732e+00 -1.806022e+01 -8.735683e-01 -3.606042e+00 1.999389e+00 -3.549525e+00 6.180477e+00 -1.153269e+00 6.512870e+00 6.097273e+00 9.584950e-01 1.066360e-01 3.299288e-01 -5.628865e-01 -2.758823e-01 7.328246e-01 1.183662e-02 -4.959880e-01 2.077320e+00 -1.286918e+00 1.389436e+00 -1.962695e+00 -7.868571e-01 -7.637203e-04 
1.309124e+01 -2.762239e+00 -3.077019e+00 -1.575219e+01 -9.465464e-01 -4.975061e+00 4.222637e+00 -2.814962e-01 3.282377e-01 2.073875e+00 2.286100e-02 8.646545e+00 9.563182e-01 -2.972087e-01 4.628336e-02 -5.346335e-01 4.193746e-01 7.227051e-01 6.012043e-01 -4.972246e-01 1.825876e+00 -1.330970e+00 9.706200e-01 -1.885083e+00 -7.066637e-01 -1.516038e-03 
1.130552e+01 -3.004801e+00 -2.824106e+00 -1.583470e+01 -1.866602e+00 -1.149970e+00 5.645609e-01 3.078191e+00 3.612933e-01 4.125811e-01 1.337044e+00 5.618152e+00 9.751438e-01 -1.759295e-01 -4.036480e-01 -3.765689e-01 -4.781666e-02 1.516164e+00 1.512470e+00 -8.739948e-04 1.206344e+00 -1.137051e+00 -4.361933e-01 -1.143230e+00 -1.364339e+00 2.125692e-03 
1.165930e+01 -2.149239e+00 -3.264930e+00 -1.696347e+01 1.302442e+00 5.560041e-01 -4.803112e-01 3.521967e+00 3.252637e-02 -6.964910e-02 1.936760e+00 3.788754e+00 9.648378e-01 -7.244135e-01 -3.881078e-01 -2.238022e-01 3.596264e-01 1.258758e+00 1.930958e+00 4.830109e-01 -3.026116e-01 -3.069068e-01 -4.371400e-01 -8.975908e-01 -1.778335e+00 3.920919e-03 
1.155042e+01 -2.996431e+00 -3.671620e+00 -1.769366e+01 5.582759e+00 1.190774e+00 4.346493e+00 5.804626e-01 6.430752e-01 -2.262473e+00 -1.602316e-01 1.704474e+00 9.648636e-01 -9.900503e-01 -6.766418e-01 -1.778740e-01 1.140521e+00 9.482095e-01 1.089880e+00 1.472554e+00 -1.605101e+00 -3.159932e-01 5.205494e-01 -1.764866e+00 -9.137627e-01 6.432361e-03 
9.346722e+00 -4.706964e+00 -3.772273e+00 -1.302457e+01 1.622563e+00 3.509359e+00 4.746725e+00 -5.456899e-01 -1.347187e+00 1.225703e+00 -3.716455e+00 1.711709e+00 9.810629e-01 -1.248028e+00 -8.918396e-01 9.776421e-02 1.286435e+00 1.939782e-01 5.955396e-01 1.233145e+00 -1.713533e+00 -9.469172e-02 8.547375e-01 -1.896882e+00 -2.791293e-01 1.046538e-02 
7.511552e+00 -5.109148e+00 -3.459805e+00 -1.210155e+01 2.714385e+00 2.822753e+00 5.313813e+00 -2.913488e+00 -5.288161e-01 2.367652e+00 -4.660677e+00 2.087861e+00 9.991931e-01 -8.962566e-01 -7.151767e-01 4.592479e-01 6.189538e-01 -5.947735e-02 1.844650e-01 9.637059e-02 -1.035914e+00 7.537460e-03 8.635810e-01 -1.013053e+00 -1.349402e-01 6.062794e-03 
7.438589e+00 -5.552078e+00 -2.882017e+00 -1.332736e+01 3.706520e+00 2.717712e+00 5.201755e+00 -3.298725e+00 1.450135e-01 1.888976e+00 -5.297430e+00 2.201414e+00 1.000000e+00 1.243268e-01 -5.568234e-01 9.822691e-01 -9.096738e-01 9.090994e-01 -5.481181e-01 1.737841e-01 -7.329887e-01 8.816374e-02 -5.890258e-02 1.153717e-01 -4.516443e-01 -8.319074e-03 
8.023198e+00 -6.149756e+00 -1.820509e+00 -1.444750e+01 4.243394e+00 2.508922e+00 4.600832e+00 -3.222590e+00 -6.533790e-02 1.723796e+00 -4.435008e+00 7.849211e-01 9.857090e-01 9.500819e-01 -6.767341e-01 1.107714e+00 -1.103467e+00 3.799867e-01 -1.133155e-01 -3.862699e-01 4.437739e-01 -6.480594e-01 -2.352742e-01 2.000430e-01 -3.435289e-01 -2.142536e-02 
9.712532e+00 -6.970776e+00 3.194241e-01 -1.639997e+01 5.403555e+00 9.256840e-01 5.972136e+00 -4.056082e+00 -1.138108e+00 1.253118e+00 -3.252431e+00 1.049575e-01 9.462095e-01 1.089195e+00 -4.694643e-01 6.016888e-01 -2.071721e-01 -4.575276e-01 4.479856e-01 -9.630916e-01 9.170101e-01 -7.947131e-01 -2.569496e-01 3.386927e-01 -5.139566e-01 -2.648250e-02 
1.112499e+01 -7.783469e+00 4.780463e-01 -1.608257e+01 3.765800e+00 3.152190e+00 2.997272e+00 -3.159398e-01 -3.127552e+00 1.509210e+00 -4.682961e+00 1.418444e+00 9.189615e-01 7.731042e-01 -1.329467e-01 -1.106370e-01 4.890607e-01 -5.854431e-01 3.445354e-01 -1.010606e+00 8.363241e-01 -3.894552e-01 -3.470383e-01 6.593513e-03 -1.254418e-01 -2.255885e-02 
1.133367e+01 -7.082543e+00 -1.022851e+00 -1.354568e+01 1.657679e+00 4.636006e+00 1.188076e+00 -1.669995e-01 -2.297445e+00 7.115204e-01 -3.479990e+00 -6.851307e-01 9.009612e-01 3.126331e-01 1.201036e-01 -6.156745e-01 8.427334e-01 -3.457017e-01 5.236480e-02 -1.155587e+00 9.492123e-01 -2.194242e-01 -1.135373e-01 -1.675072e-02 -3.588796e-01 -1.271966e-02 
1.107815e+01 -6.758606e+00 -1.702557e+00 -1.342934e+01 3.189116e+00 2.376438e+00 1.939832e+00 -9.855112e-01 -1.432945e+00 2.594028e-01 -4.288261e+00 5.527562e-01 8.955389e-01 1.290560e-01 2.265448e-01 -4.690878e-01 5.415387e-01 1.452029e-01 -4.159514e-01 -8.740705e-01 5.024139e-01 1.451858e-01 -7.688087e-03 -1.273685e-01 -3.897804e-01 -7.942188e-03 
1.129912e+01 -6.882689e+00 -1.668647e+00 -1.351291e+01 3.963388e+00 1.575384e+00 7.229221e-01 1.024765e+00 -3.082532e+00 1.310335e+00 -3.533534e+00 -1.256596e+00 8.943226e-01 5.358670e-02 1.975043e-01 4.212465e-02 -7.323189e-02 6.867755e-01 -7.646034e-01 -4.308355e-01 3.840207e-01 2.761556e-02 3.938643e-01 -5.679334e-01 -1.323549e-01 -6.051409e-03 
1.178755e+01 -6.750672e+00 -1.544495e+00 -1.339126e+01 3.338960e+00 2.602744e+00 -1.140503e+00 1.600247e+00 -2.009079e+00 1.171362e+00 -5.293032e+00 -2.447246e-01 8.825699e-01 -1.576595e-02 2.864389e-01 3.107453e-01 1.535184e-01 2.406017e-01 -3.622811e-01 -3.945553e-01 2.380512e-01 2.737521e-01 3.720419e-01 -5.184435e-01 -2.359296e-01 -7.577330e-03 
1.124690e+01 -6.098989e+00 -8.912582e-01 -1.393088e+01 5.016634e+00 6.998363e-01 5.740669e-01 4.602248e-01 -1.871300e+00 2.224862e+00 -5.817272e+00 -9.481645e-01 8.771887e-01 -1.306461e-01 2.306773e-01 6.080507e-01 5.554447e-01 -1.686901e-01 -1.750610e-01 -4.247618e-01 3.028222e-02 8.052548e-01 9.426694e-02 -6.534303e-01 1.177203e-02 -8.672494e-03 
1.102543e+01 -5.718262e+00 -5.375245e-01 -1.245277e+01 3.865502e+00 1.002806e+00 4.148340e-02 4.870148e-01 -6.698014e-01 1.662349e+00 -5.738610e+00 -7.811078e-01 8.662192e-01 -2.819794e-01 1.179831e-01 9.290409e-01 7.263862e-01 -1.822019e-01 -3.541796e-01 -5.948371e-01 2.298983e-01 9.379370e-01 5.413604e-02 -5.004630e-01 -2.223612e-01 -8.217448e-03 
1.102695e+01 -6.245508e+00 8.681218e-01 -1.120494e+01 2.856667e+00 1.500048e+00 -1.991880e+00 1.732792e+00 2.741030e-01 1.536177e+00 -6.577897e+00 -9.295446e-01 8.591354e-01 -3.112497e-01 9.100256e-02 1.083125e+00 8.608214e-01 -2.658439e-01 -4.094300e-01 -1.156095e+00 5.929276e-01 1.071538e+00 -3.192913e-01 -4.120928e-01 -3.320042e-01 -9.272033e-03 
1.048763e+01 -6.087497e+00 2.221020e+00 -1.112230e+01 3.507934e+00 4.317399e-01 -2.831715e+00 2.113455e+00 1.607904e+00 1.786385e+00 -7.415034e+00 -1.365841e+00 8.505093e-01 -2.282336e-01 1.260860e-01 9.222845e-01 1.337546e+00 -4.555307e-01 -5.442083e-01 -1.633444e+00 9.195766e-01 1.273221e+00 -8.562192e-01 3.797597e-01 -1.191018e+00 -1.145902e-02 
9.959556e+00 -5.459358e+00 3.145093e+00 -1.029200e+01 3.866199e+00 -1.061781e+00 -3.769810e+00 2.611643e+00 2.347539e+00 5.663877e-01 -7.039524e+00 -2.315819e+00 8.386835e-01 -5.327806e-01 6.627294e-01 7.172828e-01 1.641096e+00 -6.107690e-01 -1.197356e+00 -8.910660e-01 5.517038e-01 1.819809e+00 -1.508134e+00 6.566139e-01 -1.032012e+00 -1.428993e-02 
1.041795e+01 -5.480906e+00 2.935412e+00 -6.221506e+00 1.083083e+00 -4.373215e-01 -7.236772e+00 4.645473e+00 4.659586e+00 -2.133852e+00 -3.608998e+00 -6.043058e+00 8.191501e-01 -3.625948e-01 8.012028e-01 5.632294e-01 2.196078e+00 -1.040093e+00 -1.262766e+00 -4.772819e-01 1.039190e-01 2.261384e+00 -2.163974e+00 1.004701e+00 -6.313934e-01 -1.982520e-02 
8.397879e+00 -3.235156e+00 4.097340e+00 -5.449860e+00 1.015248e+00 -4.052202e+00 -4.244681e+00 3.225302e+00 7.847305e+00 -4.044374e+00 -5.197845e+00 -3.750996e+00 8.033654e-01 -9.655967e-02 8.878912e-01 4.136666e-01 2.230439e+00 -9.983495e-01 -9.541771e-01 -2.050349e-01 -4.567219e-01 2.314937e+00 -1.937806e+00 1.065237e+00 -1.415133e-01 -2.463200e-02 
9.455492e+00 -3.193584e+00 4.561043e+00 -2.562987e+00 -2.670557e-01 -4.386878e+00 -4.980688e+00 2.326220e+00 1.016494e+01 -6.728106e+00 -3.312369e+00 -3.805219e+00 7.690423e-01 2.686071e-01 8.619102e-01 6.815288e-01 1.674612e+00 -4.070912e-01 -6.497501e-01 -4.668884e-02 -2.469821e-01 1.254208e+00 -1.350295e+00 7.869176e-01 9.411042e-01 -3.375361e-02 
9.957989e+00 -2.163563e+00 4.400610e+00 -9.690672e-01 -4.504799e-01 -3.857888e+00 -5.923026e+00 1.487660e+00 1.116955e+01 -6.825514e+00 -1.861655e+00 -4.142305e+00 7.405774e-01 5.161729e-01 1.170039e+00 9.978521e-02 2.352753e+00 -2.357964e-01 6.776100e-01 -1.220102e+00 4.155416e-01 5.016030e-01 -9.274837e-01 1.066555e+00 1.194577e+00 -4.672765e-02 
1.098094e+01 -1.707152e+00 6.191422e+00 -8.884096e-02 -2.195094e-01 -3.783229e+00 -6.631043e+00 4.279384e+00 9.269505e+00 -7.494758e+00 -1.342505e+00 -1.141883e+00 6.817760e-01 1.072922e-01 2.039713e+00 -6.072791e-01 2.523705e+00 1.289089e+00 1.454698e+00 -7.110288e-01 3.004406e-01 -1.133536e-01 -4.067017e-01 5.203159e-01 1.107310e+00 -6.921362e-02 
1.021602e+01 1.871824e+00 3.781077e+00 5.076834e+00 -1.875074e-01 -9.659774e-01 -9.520012e+00 4.326428e+00 1.080304e+01 -8.298467e+00 -8.500040e-01 8.902186e-01 6.133603e-01 -6.241144e-01 2.242289e+00 1.670451e-01 2.346059e+00 1.656632e+00 2.590922e+00 8.319507e-01 -1.318165e+00 -7.066315e-01 1.845178e+00 -8.424236e-01 -6.959292e-01 -9.907977e-02 
9.862937e+00 4.987287e+00 1.834414e+00 7.032585e+00 6.046904e+00 1.440659e+00 -6.737339e+00 2.409039e+00 9.781427e+00 -8.025138e+00 -1.216614e+00 -7.849314e-01 4.865828e-01 -2.258611e+00 8.820032e-01 1.135349e+00 2.566803e+00 5.236112e-01 2.942052e+00 2.639390e+00 -1.482300e+00 4.496956e-03 3.271863e+00 -8.884922e-01 -1.063508e+00 -1.012498e-01 
7.396416e+00 5.700663e+00 7.414339e+00 7.200516e+00 4.699471e+00 6.484778e+00 -1.710125e+00 -4.167993e+00 7.380429e+00 2.665565e+00 -6.136719e+00 -7.800426e+00 3.427752e-01 -3.308061e+00 -8.956848e-01 1.576842e+00 1.728540e+00 -1.315134e+00 9.672806e-01 3.669229e+00 -2.943434e-01 -1.056521e+00 2.123821e+00 -9.307445e-01 -1.358224e+00 -7.999139e-02 
1.097685e+00 7.884448e-01 1.005153e+01 1.168333e+01 -4.494280e-02 7.201652e+00 2.660965e+00 1.115095e+00 1.100329e+01 3.382542e+00 -3.141609e+00 -2.114100e+00 3.108198e-01 -3.831717e+00 -2.710358e+00 5.664548e-01 -2.651506e-01 -3.203974e+00 -8.773290e-01 1.074047e+00 3.731325e-01 -1.259487e+00 1.722275e+00 9.771601e-01 6.794536e-01 -3.976552e-02 
-1.941658e+00 -5.071795e-01 7.556727e+00 1.139416e+01 -3.717253e+00 9.899291e-01 4.126981e+00 3.501683e+00 4.909499e+00 -3.383203e+00 -4.541229e+00 -5.236315e+00 3.012848e-01 -2.940713e+00 -2.879601e+00 -1.665063e+00 -2.126125e+00 -2.622997e+00 -2.099843e+00 -2.016486e+00 6.804694e-01 -2.587809e+00 -5.117959e-01 2.660504e+00 1.575781e+00 -1.335003e-02 
-4.626612e+00 -5.460585e+00 4.595494e+00 3.610012e+00 -5.764603e+00 -1.985618e-01 -4.285658e+00 4.398634e-01 4.719459e+00 3.610622e+00 2.871441e+00 1.330281e+00 3.085003e-01 -2.916437e-01 -1.595002e+00 -2.684960e+00 -2.631439e+00 -7.741711e-01 -1.084362e+00 -1.170707e+00 3.448457e-01 -2.286991e+00 -6.308764e-01 2.308053e+00 1.076754e+00 -2.557268e-02 
-4.445001e+00 -5.572828e+00 1.817044e+00 6.065549e-01 -5.555685e+00 -3.143298e-01 -8.319244e+00 -4.280294e-01 -2.416698e+00 -7.454038e-03 4.159278e+00 -1.643713e+00 2.771848e-01 1.435145e+00 -7.615038e-01 -1.957648e+00 -4.538069e-01 1.528441e+00 9.523824e-01 7.902685e-01 -1.175001e-01 -1.261182e+00 -3.933180e-01 1.830179e+00 1.147781e+00 -3.311359e-02 
8.911376e-01 -4.653742e+00 -5.034232e-01 3.919939e+00 -2.996583e+00 2.431972e+00 3.030543e+00 4.804180e+00 3.231439e+00 -1.459714e+00 4.048404e+00 1.473369e+00 1.950064e-01 1.990819e+00 2.971222e-01 -2.008969e+00 1.236198e+00 2.652311e+00 1.333072e+00 2.012056e+00 6.342642e-01 -1.282828e-01 -5.376148e-01 -6.927145e-01 -2.706799e-02 -3.545855e-02 
2.475190e+00 -4.718120e+00 3.179449e-01 8.970160e+00 2.540940e+00 4.436575e+00 4.420223e+00 7.320242e-01 -6.523992e-01 -2.814624e+00 4.021184e+00 4.310472e-01 1.924639e-01 1.138047e+00 8.647333e-01 -1.937886e+00 2.510006e-01 1.885850e+00 1.501008e+00 6.335907e-01 -3.040523e-01 9.880878e-01 -2.455502e-01 -2.490087e+00 -8.748399e-01 -3.132395e-02 
1.867390e+00 -4.402328e+00 -4.699803e+00 5.609199e+00 3.448639e+00 4.091347e+00 -5.951111e-01 3.031157e+00 3.195895e+00 2.326134e+00 -5.230839e-01 1.575604e-01 1.735681e-01 -1.005708e+00 2.151863e+00 -1.262514e+00 -8.454533e-01 6.166421e-01 1.421426e+00 -1.774023e+00 -2.627660e+00 7.530476e-01 3.041983e-03 -1.762383e+00 -1.202127e+00 -7.472515e-03 
7.571096e-01 -1.374868e+00 -5.774195e+00 1.016928e+00 6.509554e-01 6.361024e+00 -3.338464e+00 -1.061779e+00 2.541513e+00 -3.128129e+00 -6.005413e+00 -5.360009e+00 1.312842e-01 -1.521079e+00 2.889967e+00 -6.854831e-01 -7.666028e-01 4.520690e-01 1.072323e+00 -1.958018e+00 -3.060496e+00 1.800334e+00 -1.689259e-01 -2.008875e+00 -6.223031e-01 -9.930921e-03 
-3.278364e+00 4.433946e+00 -3.769925e+00 3.669288e+00 1.031620e+00 8.576878e+00 -1.960229e+00 -7.437216e+00 5.399721e+00 -1.287752e+00 2.497854e-01 -1.641736e+00 1.882337e-01 -7.504811e-01 2.507413e+00 1.737330e-01 3.744766e-01 1.028764e+00 1.095318e+00 4.003261e-01 -9.727249e-01 -5.687714e-04 -7.012599e-01 -1.814945e+00 -5.843462e-01 -2.460419e-02 
-2.557327e+00 5.313578e+00 -3.574410e+00 6.107100e+00 6.009795e+00 7.555426e+00 -4.687305e+00 -9.336270e+00 7.247360e+00 -1.852311e+00 -6.409625e+00 -1.780820e+00 1.354765e-01 -1.308751e-01 9.763227e-01 1.544714e-01 7.067031e-01 1.434470e+00 -8.903179e-02 7.213012e-01 1.180018e+00 -6.913671e-01 1.236079e+00 -4.394690e-01 -5.662450e-01 -3.858332e-02 
-2.277975e-01 4.790514e+00 -4.931031e+00 4.936496e+00 5.913039e+00 8.970735e+00 2.080940e+00 2.304778e+00 8.401282e-01 -1.818075e+00 -9.395700e+00 -4.553765e+00 4.845101e-02 1.800303e-01 -8.570876e-02 4.911519e-01 9.002269e-01 5.386688e-01 -9.647724e-01 1.202737e+00 2.797001e+00 -1.516045e+00 6.889797e-01 1.067915e-02 2.268933e-01 -5.188978e-02 
-1.422549e+00 3.328460e+00 -4.421285e+00 3.916840e+00 5.382594e+00 5.718936e+00 -1.752542e+00 -3.268774e-02 1.364474e+00 3.317429e+00 -3.380015e+00 -6.735219e+00 8.258998e-03 -3.198429e-01 6.732079e-01 9.756082e-01 4.059315e-01 -7.677526e-01 -1.247317e+00 1.027138e+00 1.037995e+00 -2.575316e+00 3.585083e-01 2.150412e+00 2.746657e-01 -3.353830e-02 
-2.945601e+00 4.997960e+00 -8.907285e-01 9.265553e+00 4.038564e+00 4.671260e+00 2.586075e+00 1.895999e+00 7.609365e-01 -4.277231e-01 -1.211624e+00 1.969930e+00 -7.606506e-03 -1.198887e+00 1.002274e+00 1.584082e+00 7.121559e-01 -1.023017e+00 -1.712667e+00 4.809639e-01 -8.814923e-01 -1.714640e+00 5.077261e-01 2.193443e+00 1.348517e+00 -1.117525e-02 
-2.797640e+00 8.575893e+00 -7.165195e-01 5.972229e+00 3.108269e+00 3.468579e+00 1.958184e-01 -3.941905e+00 -5.589624e+00 -7.549454e-01 2.503946e-01 -3.669339e+00 -4.186273e-03 -8.519695e-01 1.018265e+00 1.565205e+00 4.025341e-01 -9.018979e-01 -5.147936e-01 1.170899e+00 4.048866e-01 3.583185e-01 7.096136e-01 1.629982e+00 1.170087e+00 -4.128945e-03 
-5.534686e+00 7.178168e+00 1.136996e+00 7.469580e+00 1.935118e+00 1.532580e+00 3.511579e+00 -1.480739e-01 -4.256025e+00 2.756743e+00 -2.436912e-01 6.558797e-01 -1.202583e-03 -4.239587e-01 -3.567462e-02 1.444962e-02 -8.366476e-01 -1.289446e+00 -9.145174e-02 -4.682577e-01 -5.427896e-01 6.333488e-01 1.993472e+00 9.495289e-01 -6.550251e-01 9.129083e-03 
-4.387855e+00 7.329680e+00 2.390876e+00 6.827497e+00 1.924828e+00 4.714308e+00 3.639201e+00 3.013782e+00 5.664547e+00 5.273264e+00 4.285931e+00 -2.277605e-01 -1.558769e-02 -1.498611e-01 -2.223966e-02 6.676215e-01 -5.455309e-01 -7.649947e-01 -4.593861e-02 -2.517514e-02 4.030651e-01 1.655627e+00 1.543278e+00 3.964210e-01 4.543336e-01 1.790291e-03 
-4.270288e+00 5.442694e+00 -2.372178e+00 4.654681e+00 -1.816947e+00 3.591137e+00 -1.476905e+00 -4.295793e+00 -1.699405e+00 6.525530e+00 1.518253e+00 -3.025984e+00 4.373962e-02 2.341320e-01 9.693130e-01 1.443604e+00 -2.818891e-01 -9.215758e-01 3.152532e-01 3.438153e-01 -7.997965e-01 -2.790895e-01 4.983619e-01 9.041600e-01 6.100626e-02 2.477574e-03 
-4.179145e+00 9.332433e+00 4.376175e+00 4.652024e+00 1.159328e+00 2.209607e+00 2.564185e+00 1.472798e-01 1.410202e+00 5.077051e+00 1.351527e+00 4.432608e-01 -1.770592e-02 -1.995798e-01 3.598155e-01 1.501500e+00 3.221072e-01 -5.138971e-01 -5.146409e-01 1.094890e+00 8.058441e-02 -1.736046e+00 -1.538512e+00 -1.544641e-01 2.535630e-01 -3.413331e-03 
-4.468381e+00 1.102336e+01 7.362369e+00 7.147871e+00 -2.290011e+00 4.361197e+00 5.768163e+00 -2.713805e+00 -3.524300e+00 5.346660e+00 5.744310e+00 6.254003e-01 1.224440e-02 -2.940660e-01 4.393134e-02 1.009890e+00 1.237749e-01 5.557828e-01 -5.973784e-01 1.008732e+00 1.388013e+00 1.751233e-01 -1.948417e+00 -5.456730e-02 1.165958e-01 -9.137904e-03 
-5.286707e+00 6.338427e+00 5.031102e+00 7.191438e+00 -4.081258e-01 1.756074e+00 5.491118e+00 2.625710e+00 -2.103237e+00 -1.829860e+00 1.400581e+00 -7.856376e-01 -1.690674e-02 -4.771617e-01 -1.154815e+00 2.281666e-03 5.897987e-01 -6.444552e-01 3.300270e-01 -1.801952e+00 5.389795e-01 1.765635e-01 -1.146603e+00 -1.662064e+00 -2.297812e-02 2.901769e-02 
-5.186836e+00 7.159353e+00 2.349807e+00 4.003849e+00 1.745694e+00 8.310118e-01 2.103287e+00 1.405057e+00 9.329300e-01 2.369013e-01 1.220889e+00 -1.828556e+00 -2.349496e-03 -2.915379e-01 -1.315654e+00 -1.081890e-01 4.338725e-01 -1.043194e+00 2.230716e-02 -3.542894e+00 -2.572510e-02 7.279078e-01 2.694138e-01 -2.264302e+00 3.763674e-01 3.905789e-02 
-6.205726e+00 5.490357e+00 6.893865e+00 9.173029e+00 -4.080801e+00 5.624835e+00 -4.613138e+00 7.827460e-01 6.440389e-02 1.898913e+00 -4.697083e+00 1.555348e+00 1.346795e-01 3.416667e-01 -3.058491e-01 -9.369564e-02 1.126939e+00 -8.702965e-01 -1.358302e+00 -2.893480e+00 -1.117810e+00 -5.009556e-01 9.860008e-01 -1.038175e+00 -1.374514e-01 2.309397e-02 
-5.466561e+00 4.869123e+00 5.890042e+00 8.326438e+00 -5.669646e+00 2.538352e+00 -6.894179e+00 -1.920949e+00 -9.685819e-01 4.829342e+00 -2.528369e+00 1.336744e+00 1.317407e-01 3.169959e-01 -2.028752e-01 -8.943211e-01 6.353310e-01 -1.424590e-01 -1.842108e+00 2.898246e-01 -2.444655e-01 -2.437282e+00 -6.783708e-01 8.342260e-01 -2.864356e-01 -8.062345e-03 
-3.438511e+00 5.954296e+00 2.792506e+00 1.066484e+01 -1.051939e+00 -5.889107e+00 -4.477548e+00 -1.300336e+00 -3.657259e+00 8.039237e-01 -1.915663e+00 -3.055545e+00 3.151798e-02 -3.492641e-03 -1.445728e-01 -1.470908e+00 -1.354064e+00 9.111446e-01 -1.528960e+00 2.527849e+00 3.354517e-01 -1.318265e+00 -6.310205e-01 2.699855e+00 -8.713696e-02 -4.076717e-02 
-4.985464e+00 5.913009e+00 -7.111955e-02 6.434598e+00 -4.810321e-01 -2.622560e+00 3.484615e+00 1.224270e+00 -9.392647e+00 -2.607458e+00 4.001310e+00 -9.552874e-01 8.919537e-03 -1.455891e-01 6.314842e-01 1.649191e-01 -6.161711e-01 1.900923e+00 5.765265e-01 3.135931e+00 1.107194e+00 -7.254108e-01 -1.592431e+00 1.276969e+00 2.167295e-01 -2.897446e-02 
-6.463737e+00 4.245551e+00 2.519903e+00 3.348627e+00 -2.119384e+00 5.604910e-01 2.836710e+00 8.873948e-01 -2.314888e+00 2.462210e+00 5.537351e+00 2.265680e+00 -7.745743e-03 -2.183194e-01 8.821148e-01 1.503893e+00 -1.053209e-01 1.569099e+00 2.098933e+00 2.085552e+00 8.939866e-01 9.067011e-02 -1.088626e+00 2.199275e-02 6.345717e-01 -5.245459e-03 
-4.681893e+00 8.880916e+00 6.850939e+00 8.903689e+00 4.368692e+00 2.196185e+00 5.128345e+00 2.521155e+00 -5.266821e+00 -3.961957e+00 1.299703e-01 -2.402204e-01 6.500304e-03 2.388986e-01 1.057118e+00 1.817515e+00 1.049325e+00 1.618753e+00 1.127319e+00 5.579093e-01 4.227529e-01 5.299718e-01 -9.133166e-01 -1.315006e+00 -1.075766e-01 9.407580e-04 
