-9.757648e+00 7.503198e+00 5.439820e+00 3.108139e+00 8.373536e+00 3.846000e+00 8.402541e+00 6.749851e+00 4.639221e+00 1.781981e+01 1.270971e+01 4.834112e+00 3.487164e-02 1.574383e-02 -4.636284e-01 -1.318648e+00 -1.017925e+00 -6.005102e-02 -1.322573e+00 -1.255221e+00 2.194872e-01 5.372948e-01 -3.863362e-01 -4.079760e-01 8.892563e-01 -4.909694e-04 
-8.568345e+00 5.861107e+00 2.790154e+00 -4.991171e-01 1.004326e+01 7.539143e-01 6.643221e+00 4.096242e+00 6.192399e+00 1.811303e+01 1.208916e+01 8.066592e+00 1.385915e-02 -2.146318e-01 -1.070528e-01 -1.018078e+00 -1.138322e+00 -5.691983e-01 -5.371858e-01 -9.237766e-01 2.776654e-01 1.590594e-01 -1.395495e-01 -5.041282e-01 8.149793e-02 4.119503e-03 
-1.027358e+01 6.006101e+00 1.714144e-01 -1.778595e-01 7.238419e+00 -1.220821e+00 3.006094e+00 9.174091e+00 6.549106e+00 1.574152e+01 1.098010e+01 7.664154e+00 4.292303e-02 -4.179499e-01 2.751916e-01 -2.362060e-02 -2.207906e-01 -3.004184e-01 -3.493910e-01 -1.233364e+00 8.448760e-02 2.671875e-01 1.107519e-01 -2.741390e-01 -5.869365e-01 2.874422e-03 
-1.057284e+01 7.716482e+00 2.983632e+00 -9.404738e-01 6.095104e+00 3.693482e+00 6.481882e+00 6.926058e+00 4.479575e+00 1.816121e+01 1.105387e+01 3.826581e+00 5.144346e-02 -3.180861e-01 4.374788e-01 4.511424e-01 7.537320e-01 1.243448e-01 1.084541e+00 2.336333e-01 -2.410531e-01 -1.006018e+00 -9.241461e-01 7.274470e-02 7.942515e-01 4.340685e-03 
-1.084515e+01 7.951468e+00 5.224978e+00 2.224864e+00 8.845523e+00 6.292615e-01 2.316392e+00 5.757381e+00 6.831571e+00 1.834948e+01 1.185666e+01 4.019435e+00 3.045160e-02 -9.168377e-02 1.809171e-01 6.443052e-01 1.133593e+00 1.144915e+00 6.962303e-01 3.483727e-02 -8.895460e-01 -1.046685e+00 -1.414814e-02 1.139067e+00 1.512468e+00 3.668994e-03 
-9.872991e+00 7.075817e+00 2.519084e+00 2.068181e+00 9.861434e+00 5.251575e+00 8.156239e+00 4.599332e+00 1.021074e+00 1.218832e+01 1.201460e+01 1.386021e+01 4.179829e-02 -4.357376e-02 -2.113492e-01 -3.366191e-01 1.328891e-01 1.333227e+00 2.179873e-01 -7.051947e-01 -3.696299e-01 -3.699072e-01 -2.720385e-02 1.687655e-01 8.822929e-01 2.858108e-03 
-1.108192e+01 7.231019e+00 3.625215e+00 3.985776e+00 1.107983e+01 1.481284e+00 2.343102e+00 5.889724e+00 3.044929e+00 1.865722e+01 1.619507e+01 1.020968e+01 6.609058e-02 3.876877e-03 -8.524346e-02 -7.226815e-01 -1.435208e+00 -4.816559e-01 -3.298451e-01 2.284723e-01 -6.859663e-01 -1.385125e+00 -2.591796e-01 -1.281266e+00 -8.630654e-01 4.885084e-03 
-1.067232e+01 7.019960e+00 2.100419e+00 -1.156484e+00 1.164409e+01 4.357408e+00 2.942554e+00 5.011737e+00 4.523360e+00 1.787132e+01 9.728489e+00 5.142923e+00 4.791451e-02 1.098829e-01 -3.599260e-02 -5.032194e-01 -1.519585e+00 -1.107185e+00 -2.161824e+00 -1.525052e+00 -2.183155e+00 -2.522442e+00 -1.439425e+00 -2.581091e+00 -2.854092e+00 -3.451645e-04 
-1.042610e+01 7.553179e+00 1.820903e+00 -3.338844e+00 5.545916e+00 -5.728798e-01 6.065596e+00 2.121347e+00 -1.845198e+00 1.421208e+01 6.593386e+00 4.062751e+00 5.181891e-02 6.361839e-01 3.307193e-01 7.876641e-02 -1.334193e+00 -1.690802e+00 -1.984183e+00 -4.310070e-01 -2.264941e+00 -3.294583e+00 -3.566667e+00 -3.275836e+00 -1.237796e+00 -5.176556e-03 
-9.651488e+00 6.734774e+00 9.051430e-01 -1.867432e+00 7.092465e+00 -4.530460e+00 -1.330267e+00 -4.432254e+00 -9.146074e+00 7.213765e+00 3.909991e+00 2.663212e+00 4.720831e-02 6.893719e-01 -1.914449e-02 5.606015e-01 1.033351e+00 -2.158651e-01 -1.040894e+00 4.238720e-01 -1.561728e-01 -2.809179e+00 -3.076001e+00 -1.083338e+00 7.924796e-01 -9.332419e-04 
-8.411421e+00 9.027208e+00 4.616684e+00 -2.329717e+00 4.901627e+00 -3.995695e+00 2.324477e+00 -7.129827e-01 -6.593271e+00 6.152666e+00 2.725137e+00 5.260555e+00 4.056090e-02 6.792573e-01 -1.482689e-01 4.349075e-01 1.636605e+00 9.475679e-01 1.099200e+00 6.236790e-01 1.102010e+00 -1.061973e+00 -2.297971e+00 1.727310e-01 1.767697e-01 3.326279e-03 
-8.232801e+00 6.187223e+00 3.505536e+00 3.505705e+00 1.088691e+01 8.643433e-01 6.932473e+00 5.648037e+00 -7.148499e+00 6.521027e+00 6.245923e+00 8.506419e+00 4.887730e-02 4.154100e-01 -1.661083e-01 2.192805e-01 1.545719e+00 6.063313e-01 2.344446e-02 7.336802e-01 1.959567e+00 -1.985703e-01 -2.618421e+00 -4.577795e-01 -6.760383e-01 6.940532e-03 
-7.739156e+00 7.085610e+00 2.695245e+00 2.157614e+00 8.386535e+00 2.225718e+00 5.052621e+00 2.591253e+00 -8.153852e+00 3.068598e+00 6.289075e+00 2.024996e+00 6.761581e-02 2.819112e-01 -4.913934e-01 -4.346244e-01 4.504353e-01 -5.929587e-01 -1.713793e+00 -1.134007e+00 7.227633e-01 -6.630797e-01 -2.747697e+00 -1.822919e-01 -5.747036e-01 3.618193e-03 
-7.910571e+00 6.875031e+00 2.962265e+00 3.617496e+00 8.381668e+00 -7.523945e+00 9.740624e-01 3.713461e+00 -9.358635e+00 -4.336308e+00 -1.608753e-01 9.007998e-01 6.838351e-02 1.105713e-01 -1.376412e-01 -4.660078e-01 -9.482614e-01 -2.478047e+00 -1.691031e+00 -1.479653e+00 -1.008252e+00 -1.566090e-01 1.475144e-01 9.721769e-01 2.276540e-01 -8.853674e-04 
-7.162980e+00 6.226337e+00 2.715198e+00 -1.334358e-01 3.189453e+00 -8.370515e+00 -3.663502e-01 3.868122e+00 -8.803602e+00 -2.157152e+00 5.017076e+00 6.189847e+00 4.889876e-02 1.379676e-01 -6.771674e-02 1.793018e-01 -1.180813e-01 -1.550836e+00 -1.162566e+00 5.082493e-02 1.240507e+00 5.736644e-01 1.175210e+00 2.030148e+00 1.472122e+00 -4.875600e-03 
-7.968033e+00 5.928654e+00 1.165520e+00 -9.007740e-02 1.095215e+00 -2.292695e+00 2.243695e+00 -3.165770e-02 -7.606669e+00 9.871473e+00 1.174281e+01 7.562263e+00 5.380899e-02 6.367494e-01 1.945835e-02 -5.367338e-01 4.186369e-01 -6.423463e-01 2.073060e-01 8.525696e-01 3.214569e-01 1.578732e-01 1.710291e+00 1.665008e+00 1.562345e+00 2.705294e-03 
-7.020587e+00 7.220215e+00 4.490127e+00 3.420994e+00 4.275579e+00 -6.202739e+00 4.671929e+00 1.066635e+01 -6.161513e+00 1.840755e+00 1.048797e+01 6.054874e+00 5.052507e-02 9.416350e-01 8.582946e-02 -9.900979e-01 8.461178e-01 3.144818e-01 -4.296803e-01 4.533934e-01 8.148055e-02 1.152309e-01 -4.639378e-01 -7.267169e-01 -2.528245e-01 1.303602e-02 
-4.798020e+00 6.475385e+00 -6.088681e-01 3.933466e+00 4.626874e+00 -7.571303e+00 2.717770e+00 1.921633e+00 -9.890312e+00 2.216195e+00 5.428715e+00 8.780012e+00 8.109683e-02 1.629297e+00 6.812921e-01 -5.394778e-02 6.147799e-01 2.024492e-01 -1.192466e+00 -3.955412e-02 8.301432e-01 2.164831e-01 -3.145627e+00 -2.398361e+00 -4.208374e-02 1.986678e-02 
-4.039811e+00 6.382120e+00 -1.348098e+00 2.085381e+00 2.996033e+00 -7.879612e+00 1.663579e+00 3.298880e+00 -7.085625e+00 -6.492023e-01 4.540538e+00 4.316851e+00 1.004350e-01 1.910992e+00 8.814924e-01 8.777161e-01 8.604901e-01 1.594608e-01 6.757422e-02 -3.347835e-01 -7.061293e-01 -3.287342e-01 -2.904311e+00 -3.387294e+00 -1.452417e+00 4.643378e-02 
-1.311938e+00 9.754162e+00 3.814893e+00 3.651628e+00 2.747235e+00 -7.416589e+00 3.550099e+00 7.802792e+00 -6.062197e+00 -4.611681e+00 2.724717e+00 8.220857e+00 1.281880e-01 2.326925e+00 2.230887e+00 2.606807e+00 1.557391e+00 6.198176e-01 -5.105940e-01 -7.374653e-01 -6.108807e-01 -9.379514e-01 -3.623357e+00 -2.647903e+00 -3.034813e+00 1.025540e-01 
7.913303e-01 9.988289e+00 6.666826e+00 7.864363e+00 6.012703e+00 -5.942225e+00 2.581847e+00 4.195122e+00 -9.719242e+00 -9.266859e+00 -5.096500e+00 -9.276314e-01 2.591484e-01 2.881526e+00 2.638148e+00 2.407290e+00 2.274631e+00 1.956392e-01 -2.369798e+00 -1.594831e+00 -5.303026e-01 -2.062935e+00 -3.484877e+00 -2.582125e+00 -1.824794e+00 1.540927e-01 
4.421031e+00 1.582673e+01 8.417704e+00 8.830931e+00 6.217627e+00 -1.109297e+01 -1.428690e+00 -1.580892e+00 -1.326326e+01 -1.159176e+01 -2.992284e+00 -3.771813e+00 5.145103e-01 2.468426e+00 6.119429e-01 9.090580e-01 2.004573e+00 -1.412287e+00 -3.702271e+00 -2.265677e+00 -1.430016e-01 -2.554327e+00 -3.406528e+00 -2.097459e+00 -2.812383e+00 1.643017e-01 
7.501332e+00 1.653657e+01 8.386950e+00 1.086889e+01 2.239033e+00 -1.789042e+01 -3.821179e+00 5.339209e+00 -1.379977e+01 -1.458355e+01 -5.511585e+00 1.189216e+00 6.777374e-01 1.904978e+00 -2.035481e+00 2.028788e-01 -1.461104e+00 -3.825961e+00 -1.557242e+00 -2.675826e+00 1.621394e+00 1.259253e+00 -8.436792e-01 -1.465243e+00 -2.324047e+00 1.260104e-01 
7.675189e+00 9.539736e+00 7.500121e+00 1.217223e+01 -2.427364e+00 -1.995385e+01 -4.576771e+00 6.515741e+00 -1.679357e+01 -1.898598e+01 -7.555037e+00 -6.899481e+00 7.404019e-01 6.876957e-01 -4.990486e+00 -1.726529e+00 -3.674077e+00 -3.514531e+00 1.667125e+00 -1.049544e+00 4.717163e-01 4.775454e+00 1.175593e+00 -3.096384e+00 -2.854491e+00 7.503034e-02 
8.689143e+00 2.954381e+00 8.140012e+00 -1.111808e+00 -8.794609e+00 -9.297993e+00 -9.223241e+00 8.253778e+00 -1.657825e+00 -9.788147e+00 -1.014134e+01 -1.098403e+01 7.762547e-01 1.126000e-01 -6.483942e+00 -3.707047e+00 -4.022056e+00 -2.226917e+00 4.483607e+00 4.316103e-01 -2.457736e+00 5.981554e+00 2.343151e+00 -3.213800e+00 -2.931568e+00 5.890136e-02 
7.265604e+00 -2.334599e+00 -9.147358e-02 -3.549106e+00 -5.838207e+00 -7.053555e+00 -3.975381e+00 -6.795955e-01 4.543036e+00 -8.111498e+00 -1.615933e+01 -1.195764e+01 8.404034e-01 1.040865e-01 -4.989448e+00 -4.446086e+00 -2.293116e+00 4.513522e-01 4.756910e+00 1.018215e+00 -3.486991e+00 5.405931e+00 3.071904e+00 -1.714542e+00 1.366563e-01 5.158247e-02 
8.269125e+00 -9.945971e+00 -6.352487e+00 -1.380723e+00 -7.190131e+00 -1.922528e+00 -1.963823e+00 -3.351801e+00 5.439697e+00 -8.305033e+00 -1.727844e+01 -1.093954e+01 9.222434e-01 3.121980e-01 -3.241223e+00 -3.944571e+00 9.789633e-01 2.930624e+00 3.252222e+00 1.607561e+00 -3.770171e+00 2.302766e+00 1.858833e+00 3.159721e-01 1.903102e+00 4.205557e-02 
8.405631e+00 -8.957325e+00 -7.484059e+00 8.411117e-01 -9.728422e-01 1.429704e-01 -3.115405e+00 -5.116427e+00 6.687327e+00 -4.368017e+00 -1.255919e+01 -6.238444e+00 9.253199e-01 7.437843e-01 -1.711967e+00 -1.990591e+00 1.352631e+00 2.493444e+00 3.137898e+00 7.571552e-01 -3.229773e+00 8.542309e-01 1.574555e+00 1.754184e+00 2.210029e+00 2.397295e-02 
9.680120e+00 -9.940372e+00 -7.886550e+00 1.587900e+00 3.425827e+00 3.364853e+00 -1.615425e+00 -8.378658e+00 8.783861e+00 -2.365725e+00 -1.036154e+01 -4.328119e+00 9.440743e-01 3.461098e-01 -4.526044e-01 -9.499655e-01 3.712829e-01 2.318913e+00 2.272955e+00 -9.249687e-02 -3.372092e+00 6.015702e-01 1.424102e+00 1.046064e+00 1.237659e+00 1.246701e-02 
1.027903e+01 -1.089723e+01 -9.277396e+00 1.729737e+00 1.321033e+00 5.992245e+00 -3.638039e-01 -1.431503e+01 7.142107e+00 -3.208378e+00 -1.084685e+01 -4.213209e+00 9.493527e-01 1.368144e-01 -4.515269e-01 -8.778113e-01 -3.532116e-01 8.081291e-01 1.694353e+00 5.014353e-01 -3.734215e+00 6.447045e-01 1.023786e+00 -8.626625e-01 5.492398e-01 1.086103e-02 
9.062975e+00 -1.123904e+01 -1.020565e+01 3.137922e-02 3.257499e+00 6.517610e+00 -3.802108e+00 -1.561296e+01 8.220158e+00 -1.764342e+00 -1.290429e+01 -5.763866e+00 9.725620e-01 -1.992353e-01 -5.420942e-02 -6.124226e-01 -8.951825e-01 6.905629e-01 4.806209e-01 2.507834e-01 -2.643992e+00 2.694063e-01 6.619568e-01 -1.606004e+00 6.393603e-01 5.495680e-03 
9.398275e+00 -1.056563e+01 -1.071357e+01 -1.466863e-01 3.151967e+00 7.038355e+00 4.851131e-01 -2.017035e+01 1.019270e+01 4.502239e-01 -1.560113e+01 -2.774372e+00 9.653811e-01 -1.658621e-01 2.762263e-01 -2.207336e-01 -8.066134e-01 1.241294e+00 5.392339e-02 4.208169e-02 -1.029897e+00 3.655189e-01 1.007843e+00 -1.501880e+00 6.847603e-01 -1.621723e-04 
9.124320e+00 -1.037722e+01 -1.023058e+01 -1.949801e+00 5.963174e+00 5.244903e+00 -7.859664e-01 -1.867096e+01 8.605597e+00 -8.852415e-01 -1.601442e+01 -1.850736e+00 9.635385e-01 8.657058e-02 1.710188e-01 1.440312e-01 -2.476442e-01 5.744818e-01 4.190995e-01 -5.757270e-01 -2.545763e-01 3.953468e-01 2.370521e-01 -4.156494e-01 5.688064e-01 -3.638643e-03 
9.419045e+00 -9.947008e+00 -1.036860e+01 -1.312740e+00 6.174664e+00 6.898215e+00 -1.661466e+00 -1.793552e+01 8.776983e+00 1.391286e+00 -1.680119e+01 -2.745972e+00 9.530537e-01 1.812143e-02 -1.498280e-02 2.120775e-01 -2.699592e-02 -2.038035e-01 1.025099e+00 -1.293894e+00 5.221529e-01 4.683214e-01 -9.551468e-01 7.777230e-01 -7.852598e-02 -7.410944e-04 
9.485443e+00 -1.069325e+01 -9.657974e+00 -6.238149e-01 4.618560e+00 8.683177e+00 -5.607453e+00 -1.800326e+01 1.090475e+01 -1.049613e+00 -1.438251e+01 -2.934034e+00 9.605325e-01 2.879903e-02 -2.213120e-01 3.694178e-01 -2.869739e-01 -2.416404e-01 9.108952e-01 -7.935470e-01 4.543158e-01 2.900880e-01 -6.798873e-01 1.142801e+00 -1.428402e-01 1.478905e-03 
9.308321e+00 -1.048252e+01 -9.939482e+00 -9.446591e-01 2.805257e+00 1.044471e+01 -3.573612e+00 -1.789344e+01 1.138473e+01 -4.243324e+00 -1.252847e+01 -2.625352e+00 9.631786e-01 -1.627753e-01 -2.017994e-01 -5.546026e-02 -5.987813e-01 1.294155e-02 -5.679059e-02 -8.387924e-01 2.210859e-01 -1.428589e-01 -1.145741e+00 9.675270e-01 -1.110997e-01 3.902614e-03 
9.323677e+00 -1.121602e+01 -8.598046e+00 -3.568712e+00 6.439676e+00 8.026130e+00 -3.797628e+00 -1.642042e+01 8.752162e+00 -1.467373e+00 -1.243677e+01 -2.625247e+00 9.658705e-01 -1.270314e-01 2.422342e-02 -2.596403e-01 -2.776754e-01 1.435756e-01 -2.367083e-01 -3.593865e-01 4.943646e-01 -7.400331e-01 -2.979805e-01 6.886553e-01 -5.236359e-02 2.619111e-03 
8.686052e+00 -1.069462e+01 -1.117586e+01 -2.834198e+00 5.328814e+00 6.942786e+00 -6.760341e+00 -1.762151e+01 9.138983e+00 -4.128540e+00 -1.293642e+01 -3.455864e+00 9.698977e-01 -4.365666e-02 -1.096430e-01 -2.824049e-01 -6.009812e-02 2.877827e-01 -3.329957e-01 -8.082903e-01 1.501636e-02 -3.976541e-01 -6.957350e-02 6.827887e-01 9.971356e-02 3.701442e-03 
9.161421e+00 -1.046609e+01 -1.033799e+01 -1.067422e+00 4.074659e+00 9.250600e+00 -5.811022e+00 -1.566740e+01 8.327459e+00 -2.596908e+00 -1.073526e+01 -2.780596e+00 9.702685e-01 -4.447750e-02 6.384411e-02 -1.097057e-01 3.058566e-01 -2.469314e-01 3.968272e-01 -1.766148e-01 -6.931381e-02 3.058574e-01 -6.136211e-01 1.331551e+00 1.289478e-01 2.167189e-03 
9.171166e+00 -1.140571e+01 -1.048154e+01 -2.495794e+00 5.426679e+00 8.167500e+00 -6.608367e+00 -1.819487e+01 9.608811e+00 -4.026424e+00 -9.965288e+00 -2.049110e+00 9.794868e-01 -6.476867e-02 -6.934261e-03 1.531753e-01 1.464573e-01 -1.985213e-01 5.024467e-02 2.792767e-01 -1.119640e-01 8.851485e-02 -2.035840e-01 9.638913e-01 1.812344e-01 8.146107e-04 
8.858732e+00 -1.054126e+01 -9.493738e+00 -2.208630e+00 5.156087e+00 9.397908e+00 -4.756689e+00 -1.648031e+01 1.004653e+01 -4.586536e+00 -7.264586e+00 -2.683885e+00 9.719119e-01 -1.661934e-01 -2.287048e-01 9.226103e-02 2.947990e-01 -4.647362e-01 -3.136996e-01 -2.610914e-01 2.339659e-01 -2.638656e-01 -9.470081e-02 -5.339203e-02 -9.921455e-02 1.035935e-03 
8.513553e+00 -1.069171e+01 -1.083211e+01 -1.531308e+00 3.795494e+00 7.120356e+00 -5.891124e+00 -1.777487e+01 8.722019e+00 -4.151646e+00 -9.852301e+00 -2.598048e+00 9.731491e-01 -5.613085e-02 -2.256764e-01 4.391949e-01 6.805423e-01 -5.077807e-01 -1.032976e-01 -1.448688e-01 1.299482e+00 -5.718699e-01 6.692194e-01 -4.634166e-01 -2.463529e-01 -1.127648e-03 
8.659261e+00 -1.196661e+01 -9.701393e+00 -7.567036e-02 2.566571e+00 8.205674e+00 -7.475101e+00 -1.470757e+01 7.451528e+00 -3.007801e+00 -1.105871e+01 -3.002200e+00 9.786171e-01 -1.356795e-01 -4.167359e-01 4.220306e-01 8.023502e-01 -9.435471e-01 -5.311994e-01 -5.123214e-01 1.411712e+00 -7.018846e-01 1.675042e-01 -6.459190e-01 -3.944241e-01 -1.939237e-03 
8.990248e+00 -1.182141e+01 -8.181735e+00 -1.595628e-01 4.182533e+00 8.247129e+00 -5.973505e+00 -1.258383e+01 8.046966e+00 -1.469695e+00 -1.038531e+01 -3.121717e+00 9.704960e-01 -1.312765e-01 -9.954929e-02 8.789394e-01 8.838686e-01 -5.070549e-01 -5.432956e-01 1.795312e-01 2.327567e+00 -3.226576e-01 -2.654829e-01 2.894779e-01 1.728439e-02 -2.370256e-03 
7.941987e+00 -1.206009e+01 -8.708773e+00 1.117248e+00 2.448320e-01 6.178524e+00 -7.277105e+00 -1.201727e+01 6.874639e+00 -5.089991e+00 -1.022768e+01 -4.394170e+00 9.635423e-01 -3.011379e-01 -1.605022e-01 7.576545e-01 9.235457e-01 -1.197652e+00 -7.676792e-01 3.680869e-01 2.169448e+00 -6.994815e-01 -8.103997e-01 1.478094e-01 7.124266e-01 4.110509e-03 
8.215807e+00 -1.114272e+01 -6.933723e+00 2.291576e+00 2.421089e+00 5.417453e+00 -5.092465e+00 -7.482188e+00 7.397176e+00 -4.437965e+00 -8.820429e+00 -1.815640e+00 9.688352e-01 -5.798573e-01 -6.362793e-01 5.723763e-01 4.290989e-01 -2.207929e+00 -1.150366e+00 5.616894e-02 1.130095e+00 -1.914268e+00 -1.396225e+00 4.392822e-01 1.057396e-01 7.633251e-03 
7.540792e+00 -1.310847e+01 -6.537127e+00 3.316489e+00 -2.540969e+00 5.782117e+00 -6.075186e+00 -6.411146e+00 4.279015e+00 -5.575665e+00 -1.110211e+01 -9.310484e-02 1.000000e+00 -5.642872e-01 -4.621511e-01 9.918388e-01 1.526694e-01 -1.813493e+00 -8.530092e-01 1.210871e+00 4.877266e-01 -1.538362e+00 -7.593639e-01 1.510367e+00 4.334544e-01 5.490333e-03 
6.291559e+00 -1.447862e+01 -6.405677e+00 8.863113e-01 -5.464212e+00 2.693502e+00 -6.293620e+00 -9.736418e+00 -2.265632e-01 -8.207981e+00 -7.751682e+00 -4.743552e+00 9.904334e-01 -6.838765e-01 -2.744202e-01 1.107031e+00 -1.605817e-01 -2.703372e+00 -8.243176e-01 1.380601e+00 -1.618332e-01 -1.343621e+00 -1.116232e+00 2.195383e+00 -3.951167e-01 -1.810998e-03 
6.082675e+00 -1.270289e+01 -4.013602e+00 2.583228e+00 -4.879984e+00 3.275453e+00 -6.221724e-01 -8.451521e+00 2.994700e+00 -7.001802e+00 -3.210217e+00 -7.629428e-01 9.801949e-01 -5.176975e-01 1.148567e-01 1.413861e+00 -6.665322e-01 -2.545662e+00 -1.030860e+00 1.418069e+00 5.611736e-01 -1.020782e+00 -1.370344e+00 2.742947e+00 -1.266593e+00 -7.280821e-03 
5.525482e+00 -1.271761e+01 -2.660331e+00 1.855298e+00 -9.926264e+00 2.549197e+00 -9.159684e-01 -7.271166e+00 1.321229e+00 -9.306057e+00 -1.789459e+00 -3.456305e+00 9.696828e-01 -2.878382e-01 2.016321e-01 1.480312e+00 -7.472209e-01 -2.762685e+00 -5.244157e-01 1.058994e+00 1.544037e+00 -7.805067e-01 -1.042217e+00 1.814480e+00 -1.436355e+00 -2.567136e-03 
5.335343e+00 -1.341469e+01 -1.340494e+00 -5.006652e-01 -1.303825e+01 6.999683e-01 -1.673668e+00 -4.837903e+00 -1.598790e+00 -1.187835e+01 -3.684807e-01 -7.069691e+00 9.739712e-01 -1.015943e+00 7.892946e-01 1.356701e+00 -2.217785e+00 -1.653196e+00 -1.670361e+00 1.569618e+00 1.174012e+00 -1.639127e+00 2.286488e-01 -2.664661e-01 -1.228104e+00 -4.779458e-04 
5.226034e+00 -1.311456e+01 -3.406727e-01 -1.307847e+00 -1.519850e+01 1.359167e+00 -4.729028e-01 -3.823041e+00 -1.832352e+00 -1.098079e+01 -1.001492e-01 -8.771954e+00 9.807096e-01 -1.099725e+00 1.017914e+00 1.138961e+00 -2.545809e+00 -9.062508e-01 -1.867369e+00 2.072669e+00 1.147139e-01 -1.346570e+00 1.193671e+00 -1.480788e+00 -9.643807e-01 6.202459e-05 
1.152682e+00 -8.557945e+00 1.610071e+00 -6.924126e+00 -1.050984e+01 -4.481339e+00 7.004384e+00 -4.305521e+00 -3.624146e+00 -5.021191e+00 -5.387203e+00 -4.245637e+00 9.722918e-01 -4.907159e-01 8.918561e-01 1.254911e+00 -1.241201e+00 -2.162969e+00 1.777505e-01 1.179802e+00 3.127634e-01 -3.616201e-01 8.931516e-01 -5.526274e-01 -1.559291e+00 4.392922e-04 
2.118186e+00 -1.005641e+01 1.559190e+00 -7.662018e+00 -1.572172e+01 -4.196993e+00 5.108348e+00 -6.963789e+00 -4.398946e+00 -6.766279e+00 -6.684036e+00 -9.690235e+00 9.708326e-01 1.124696e-01 6.134408e-01 1.662859e+00 1.944310e-01 -3.268651e+00 1.947773e+00 -2.584279e-01 7.363731e-01 2.760621e-01 -5.190468e-02 1.175894e+00 -2.351386e+00 3.856289e-03 
4.435687e+00 -1.048448e+01 3.984127e+00 -3.529584e+00 -2.359149e+01 4.366801e+00 1.434715e+00 -1.703713e+00 -2.123594e+00 -9.519844e+00 1.603260e-01 -1.440701e+01 9.811061e-01 6.685403e-01 4.585830e-01 1.978937e+00 1.588971e+00 -3.916028e+00 3.515579e+00 -1.678238e+00 1.192023e+00 4.932948e-01 -8.495314e-01 2.530256e+00 -2.398734e+00 6.393326e-03 
4.146879e+00 -9.084082e+00 6.786593e+00 -2.032963e+00 -2.500094e+01 6.673960e+00 1.019792e+00 -1.442080e+00 -1.202317e+00 -8.990990e+00 3.005554e+00 -1.544820e+01 9.955838e-01 2.748511e-01 1.000621e+00 2.488994e+00 1.035039e+00 -1.635452e+00 2.778638e+00 -1.297549e+00 1.338666e+00 1.889311e-01 -1.412466e-01 2.579018e+00 -7.737063e-01 2.558631e-03 
3.481037e+00 -6.751195e+00 8.891052e+00 -1.793800e+00 -2.545038e+01 7.661077e+00 6.574736e-01 -1.106262e+00 -2.755986e+00 -8.156492e+00 2.419283e+00 -1.336033e+01 9.918828e-01 7.911301e-02 7.208617e-01 2.148263e+00 -2.994472e-01 -9.988632e-02 8.517231e-01 -2.050087e+00 8.435848e-01 -1.771553e+00 7.070692e-01 8.683953e-01 -3.112602e-03 -8.062196e-03 
3.969767e+00 -6.919953e+00 1.155070e+01 -3.354715e+00 -2.296953e+01 8.049061e+00 -9.907784e-01 -5.691838e-01 -3.138094e+00 -8.154188e+00 5.081573e+00 -1.408211e+01 9.782375e-01 8.649601e-01 3.878689e-01 1.290106e+00 -3.737265e-01 9.060780e-01 -8.188581e-01 -2.177623e+00 8.189577e-01 -3.035339e+00 4.542034e-01 5.140629e-02 9.752209e-01 -3.346922e-02 
4.919808e+00 -7.962240e+00 1.234339e+01 -4.365944e+00 -2.510662e+01 7.937866e+00 -7.810434e+00 2.077763e+00 -1.001347e+01 -6.402899e+00 3.464293e+00 -1.510561e+01 9.494683e-01 1.657733e+00 2.288509e+00 -6.970798e-01 8.092621e-01 3.554332e+00 -3.763078e+00 -8.897430e-01 1.477201e+00 -3.836248e+00 -1.231920e+00 5.052534e-01 2.891972e+00 -5.008005e-02 
7.752294e+00 -6.539215e+00 1.151096e+01 -2.615523e+00 -2.064243e+01 2.441274e+00 -5.634368e+00 1.060696e+00 -1.275027e+01 -7.596769e+00 2.740080e+00 -9.699450e+00 8.494450e-01 1.772082e+00 4.323382e+00 -2.618507e+00 2.077506e+00 4.496864e+00 -5.818057e+00 6.203850e-01 2.365718e+00 -4.120498e+00 -2.014950e+00 5.420462e-01 4.264234e+00 -4.937305e-02 
9.878439e+00 4.500982e+00 5.425524e+00 1.882914e+00 -8.842270e+00 -8.350418e+00 -1.469447e+00 5.464805e+00 -1.713114e+01 -1.459480e+01 6.116297e+00 -1.091796e+00 8.058788e-01 1.185104e+00 4.444608e+00 -3.249273e+00 1.430119e+00 4.190501e+00 -6.519170e+00 7.897670e-01 1.836172e+00 -4.164664e+00 -2.374861e+00 8.084097e-01 3.104150e+00 -3.602527e-02 
1.035086e+01 8.465349e+00 1.917096e+00 3.908386e+00 -8.617386e+00 -1.289708e+01 -1.059347e+00 9.565887e+00 -2.018175e+01 -1.413298e+01 6.465802e+00 2.321529e-01 8.031670e-01 1.149124e-01 2.961428e+00 -2.956810e+00 -1.595257e-01 1.085811e+00 -4.289680e+00 -7.595243e-01 4.237586e-01 -3.708467e+00 -2.400036e+00 3.782058e-01 5.393256e-01 -1.611531e-02 
9.546044e+00 6.758515e+00 8.939502e-01 -4.773055e-01 -1.016663e+01 -1.698881e+01 -6.149110e+00 7.006030e+00 -2.712105e+01 -1.500909e+01 5.643480e+00 -4.550667e+00 7.924809e-01 -4.936876e-01 7.038671e-01 -1.201475e+00 -1.181176e+00 -1.523310e+00 -1.132196e+00 -8.357953e-01 -1.264642e+00 -1.894601e+00 -1.332683e+00 -3.683255e-01 -1.023341e+00 -1.223243e-02 
8.493052e+00 7.139160e+00 -1.007307e+00 -2.233042e+00 -1.455119e+01 -1.468793e+01 -7.092158e+00 2.408877e+00 -2.629765e+01 -1.938980e+01 4.867517e+00 -5.273386e+00 7.755674e-01 -5.374308e-01 -1.659131e-02 -2.314694e-01 -6.251614e-01 -1.271875e+00 3.758718e-01 -2.425974e-01 -2.296818e+00 3.749485e-01 -9.222500e-01 -1.044027e+00 -2.031414e-01 -1.572348e-02 
8.338904e+00 8.683413e+00 8.803527e-01 -9.522517e-01 -1.349192e+01 -1.311597e+01 -2.632018e+00 2.720099e+00 -2.354619e+01 -1.862981e+01 5.073812e+00 -3.455730e+00 7.585164e-01 -6.980726e-01 5.311806e-01 4.611258e-01 6.284186e-01 -1.224497e-01 8.306580e-01 8.267882e-01 -1.437120e+00 1.976468e+00 -3.421078e-02 -1.669062e+00 2.205927e+00 -1.788965e-02 
8.267276e+00 7.419945e+00 7.665479e-01 1.020052e+00 -1.331412e+01 -1.295413e+01 -4.030880e+00 2.247615e-01 -2.009444e+01 -1.693388e+01 1.530500e+00 -1.331022e+00 7.415318e-01 -9.141644e-01 5.065206e-01 1.293867e+00 1.206844e+00 1.627512e+00 -3.817701e-01 5.075800e-01 -9.369233e-01 1.553105e+00 6.098434e-01 -1.869063e+00 2.067858e+00 -2.104946e-02 
6.168570e+00 9.274026e+00 2.312652e+00 1.038240e+00 -1.139742e+01 -1.370241e+01 -3.545808e+00 9.124875e-01 -2.034032e+01 -1.640811e+01 -1.033320e+00 4.507788e+00 7.200505e-01 -1.445491e+00 2.825981e-01 1.159915e+00 1.576468e+00 2.052851e+00 -1.234794e+00 -1.261236e+00 -1.264986e+00 3.916058e-01 6.859921e-01 -1.049306e+00 1.100620e+00 -2.798783e-02 
5.007398e+00 9.376456e+00 4.745879e+00 2.805931e+00 -7.460880e+00 -1.630356e+01 -4.097363e+00 -1.371934e+00 -2.013506e+01 -1.745144e+01 -1.424230e+00 1.084145e+00 6.895530e-01 -1.577186e+00 4.505466e-01 9.170200e-01 1.529351e+00 1.989550e+00 -8.561045e-01 -2.431121e+00 -8.735989e-01 9.727907e-01 6.989559e-01 5.639614e-01 -2.559617e-01 -4.054736e-02 
2.741390e+00 9.118147e+00 4.690264e+00 6.037147e+00 -6.154279e+00 -1.761523e+01 -8.904958e+00 -2.806482e+00 -2.156785e+01 -1.494107e+01 1.304648e+00 8.397849e-01 6.445667e-01 -1.406383e+00 -1.832759e+00 8.991092e-01 -4.759846e-02 1.620387e+00 1.965890e+00 -2.526326e+00 1.193980e+00 2.480865e+00 2.664691e+00 1.674798e+00 -9.189152e-01 -4.608541e-02 
2.094937e+00 9.750617e+00 4.162842e+00 6.167351e+00 -5.987936e+00 -1.527825e+01 -1.350691e+01 -2.283748e+00 -1.461672e+01 -1.417262e+01 3.181324e+00 -7.768292e-01 5.765369e-01 -1.497014e+00 -2.702922e+00 -4.802682e-02 -1.129518e+00 -4.581317e-01 4.025820e+00 -9.692357e-01 1.960896e+00 5.709972e+00 3.811584e+00 4.984590e-01 3.300056e-01 -4.501725e-02 
5.928836e-01 -7.685137e-02 7.099716e+00 -8.804622e-01 -4.031952e+00 -4.385617e+00 -1.147267e+01 7.338296e+00 -1.069517e+01 -4.724066e+00 5.037894e+00 8.436990e-01 5.461315e-01 -1.233208e+00 -3.558514e+00 -7.473820e-01 -2.660549e-01 -3.429903e-01 6.213149e+00 3.023292e+00 2.378137e+00 7.206044e+00 2.494908e+00 -1.768793e+00 2.289273e-01 -3.581930e-02 
-1.403417e+00 4.593468e-01 3.301018e+00 6.171436e-01 -1.081270e+01 -2.789269e+00 -7.659687e+00 3.360158e+00 2.978460e+00 -3.502016e+00 -7.985573e-01 2.732216e+00 5.136844e-01 -1.053272e+00 -3.397155e+00 -1.154907e+00 -1.419283e-01 1.347795e-01 5.438927e+00 4.159111e+00 1.423442e+00 5.601147e+00 1.137515e+00 -3.228083e+00 3.200666e-01 -3.646851e-02 
-1.675473e+00 -4.028785e+00 1.384265e+00 7.481976e+00 -5.456847e+00 7.206024e+00 3.287891e+00 6.262250e+00 5.664782e+00 -7.801830e+00 -5.549377e+00 2.298989e-01 4.968964e-01 -7.267564e-01 -1.298903e+00 -1.144992e+00 -2.108107e-01 6.218275e-01 3.841042e+00 4.482945e+00 5.565346e-01 3.395535e+00 2.284222e-01 -3.466564e+00 -3.194919e-01 -3.787123e-02 
-2.037246e+00 -5.259191e+00 1.246035e+00 1.276491e+00 -4.601591e+00 6.120566e+00 -9.163189e-02 5.371486e+00 5.209045e+00 -6.946161e+00 -7.665455e+00 1.130404e+00 4.188119e-01 -6.882764e-01 -1.253467e+00 -4.719456e-01 -1.468672e+00 1.810002e+00 2.532690e+00 1.743370e+00 5.552331e-01 1.633624e+00 1.385289e+00 -5.875778e-03 1.063175e+00 -3.901793e-02 
-2.723984e+00 -3.712095e+00 2.402247e+00 -2.264189e+00 -4.028370e+00 1.036467e+01 7.158032e+00 9.115305e+00 5.167218e+00 -1.859882e+00 -8.861477e+00 4.714537e-02 4.042116e-01 -5.115491e-01 -3.750342e-01 9.073277e-02 -2.184654e+00 1.326349e+00 9.268953e-01 -3.368015e-01 6.722867e-01 2.882564e+00 1.927555e+00 1.283328e+00 2.891927e+00 -3.174878e-02 
-4.320543e+00 -5.966333e+00 4.322994e-01 -1.853136e+00 -2.476933e+00 8.294858e+00 -8.779087e-01 4.709795e+00 1.139536e+01 4.534550e-01 8.281136e-01 8.139468e+00 3.649372e-01 -9.514351e-02 -1.005153e-01 -4.893938e-01 -9.707000e-01 1.214123e+00 1.043055e-01 -9.239531e-02 5.767617e-01 1.671021e+00 1.098912e+00 1.426154e+00 2.040272e+00 -3.500224e-02 
-3.091570e+00 -5.550385e+00 2.244796e+00 -1.876483e+00 1.125698e-01 1.075336e+01 1.997022e+00 9.954529e+00 1.698444e+01 -1.863863e+00 -3.379522e+00 1.118501e+01 3.650899e-01 5.664272e-02 2.461896e-01 -9.948737e-01 -8.781892e-01 1.139613e+00 -2.040212e+00 -1.251298e+00 2.390524e-01 1.977034e-01 -1.885559e-01 4.584053e-01 3.768954e-01 -4.796256e-02 
-2.329170e+00 -4.842622e+00 -1.122209e+00 -3.770863e+00 -6.014452e-01 6.447752e+00 2.026897e+00 7.835683e+00 7.655537e+00 -1.449610e+00 -3.275660e+00 5.762837e+00 2.633615e-01 1.881630e-01 1.388888e+00 -1.193245e+00 -1.419179e+00 1.143439e+00 -1.731135e+00 -3.207356e-01 -4.284359e-02 -2.357625e+00 -1.075757e+00 -2.183067e+00 -1.990661e+00 -5.499353e-02 
-3.436457e+00 -3.043002e+00 -1.794868e+00 -5.696272e+00 7.319527e-01 1.087162e+00 -5.508623e-01 8.747623e+00 8.025648e+00 -1.851130e+00 -4.517564e+00 3.119938e+00 2.151866e-01 -3.800194e-01 1.963269e+00 -1.430759e+00 -7.767215e-02 2.537875e+00 -1.877097e+00 -3.324034e-01 -8.232619e-01 -1.889042e+00 9.655718e-01 -1.052776e+00 -2.929053e+00 -6.004599e-02 
-3.207285e+00 -2.755833e-01 -3.514091e+00 -7.039135e+00 2.930571e+00 4.472277e+00 -1.207644e+00 5.099030e+00 4.086632e+00 -4.931698e+00 -9.518202e+00 2.218695e+00 1.649212e-01 -7.763066e-01 1.931902e+00 -4.903558e-01 1.167708e+00 2.435684e+00 -1.326953e+00 4.574524e-01 -4.562956e-01 -9.624450e-01 2.021255e+00 2.863454e-01 -2.190579e+00 -4.898702e-02 
-4.552609e+00 1.982437e+00 -3.713059e+00 -6.307074e-01 1.103594e+01 2.355607e+00 1.952276e+00 7.206547e+00 9.323685e+00 4.705040e+00 -5.522129e+00 -1.688191e+00 1.140801e-01 -5.323489e-01 9.904855e-01 -4.621063e-01 1.421084e+00 2.389700e+00 5.349386e-01 1.075023e+00 -5.468087e-01 1.169102e+00 4.541027e+00 2.374192e+00 -7.550107e-01 -3.543367e-02 
-5.652627e+00 2.304166e+00 -2.614892e+00 -4.651061e-01 6.424984e+00 -8.212337e-01 3.062589e+00 6.324743e+00 2.194293e+00 5.378582e+00 -1.341650e+00 -2.785994e+00 6.897962e-02 -7.100825e-01 5.915370e-01 3.209592e-01 1.088781e+00 1.517483e+00 8.928275e-02 1.252391e+00 5.466523e-02 1.094354e+00 4.919939e+00 2.984431e+00 -3.954731e-01 -2.553256e-02 
-4.875530e+00 6.195512e-01 -4.554998e+00 -1.877868e+00 1.093325e+01 6.408610e+00 2.689137e+00 5.400723e+00 1.481733e+01 1.569887e+01 3.265121e+00 1.847229e+00 8.598900e-02 -6.117846e-01 1.358341e+00 9.766634e-01 -6.559851e-01 -1.197425e-01 5.501257e-01 7.443032e-01 1.937498e-01 -4.003626e-01 1.882809e+00 2.175083e+00 1.398816e+00 -1.427441e-02 
-6.596237e+00 3.363545e+00 -1.488326e+00 -9.716502e-01 1.056933e+01 2.892189e+00 4.685881e+00 6.275268e+00 6.811583e+00 1.417108e+01 1.010325e+00 -1.526381e+00 5.130392e-02 -7.389342e-01 1.894170e+00 1.720566e+00 -5.125151e-01 -5.255964e-01 -4.722547e-01 4.315813e-01 9.398710e-01 -5.486916e-01 4.801520e-01 1.508005e+00 1.223150e+00 -6.862849e-03 
-7.139728e+00 8.244453e+00 6.069748e-01 -3.657361e+00 8.365051e+00 3.249524e+00 4.862146e+00 8.200033e+00 5.013227e+00 9.722837e+00 4.177297e+00 4.676081e+00 5.154592e-02 -1.049405e+00 1.604618e+00 1.753007e+00 -1.113120e-01 -1.303253e+00 -6.548904e-01 9.411252e-01 9.491013e-01 -1.908174e+00 -5.370121e-01 1.948754e+00 1.677354e+00 -7.759243e-03 
-8.215199e+00 7.962565e+00 3.406953e+00 -2.137936e+00 5.081099e+00 -1.602963e+00 4.133991e+00 9.624443e+00 4.352885e+00 1.076736e+01 5.742285e+00 1.915332e+00 5.188692e-02 -9.641497e-01 2.980369e-01 5.861185e-01 -8.063295e-01 -1.298731e+00 -1.846032e-01 9.283299e-01 5.874211e-01 8.166866e-01 1.341294e+00 2.620247e+00 1.373326e+00 -5.661249e-05 
-9.313075e+00 6.343132e+00 1.762397e+00 -1.851286e+00 7.161099e+00 5.381735e+00 7.670708e+00 8.471642e+00 6.505806e+00 1.471567e+01 1.064291e+01 8.513140e+00 4.690129e-02 -5.070465e-01 -2.531410e-01 1.326757e-01 1.702476e-01 -8.633499e-02 -6.730390e-01 1.407427e+00 3.461593e-01 8.450564e-01 2.267761e+00 2.739892e+00 7.050810e-01 -4.928100e-03 
-1.033031e+01 5.804390e+00 8.645558e-01 -5.906335e+00 4.677654e+00 9.030669e-01 7.923250e+00 9.076569e+00 1.014873e+01 1.838113e+01 1.087876e+01 3.421718e+00 5.334318e-02 -1.879070e-01 1.253066e-01 3.207327e-01 1.354162e+00 1.602785e+00 -3.977188e-01 6.640958e-01 -1.103969e+00 2.652961e-01 1.791181e+00 2.054047e+00 7.295024e-01 -4.120356e-03 
-8.617404e+00 8.057837e+00 2.541552e+00 -9.219229e-01 8.135098e+00 -1.368686e+00 1.000465e+01 1.020477e+01 6.340588e+00 1.725476e+01 1.530852e+01 7.448293e+00 2.617729e-02 -8.484440e-02 2.181084e-01 1.879033e-01 1.179579e+00 1.240264e+00 -6.602403e-01 -8.600632e-01 -9.698182e-01 -4.716072e-01 3.053766e-01 6.683136e-01 3.194829e-01 -5.598980e-03 
-9.502570e+00 7.731746e+00 4.621038e+00 4.168190e+00 1.260802e+01 -2.163470e-01 6.287498e+00 3.238036e+00 5.761974e+00 1.845372e+01 1.367972e+01 6.095267e+00 4.164714e-02 -4.268990e-02 8.207627e-02 -6.152026e-02 1.047969e+00 2.421674e-01 2.591816e-01 -1.691186e+00 -1.175850e+00 -4.374904e-01 -9.255953e-01 -5.900489e-01 4.960310e-01 6.361604e-04 
-1.015117e+01 6.469996e+00 8.236721e-01 -9.906523e-01 9.397233e+00 2.640240e+00 4.188267e+00 6.541818e+00 6.341146e+00 1.620626e+01 1.258400e+01 8.773780e+00 2.475441e-02 -1.515665e-01 2.598114e-01 3.582104e-01 3.869010e-01 -6.013728e-01 3.140378e-01 -1.283317e+00 1.110294e+00 4.552485e-01 -1.290652e+00 -1.517994e+00 -7.216588e-01 5.766344e-03 
-9.776879e+00 7.008692e+00 1.415895e+00 -6.321256e-01 5.257424e+00 1.945114e-01 2.375514e+00 5.028796e+00 7.960995e+00 1.427741e+01 9.290772e+00 5.239129e+00 5.723542e-02 -7.678757e-02 4.619313e-01 1.428874e-01 -9.550800e-01 -8.718358e-01 1.775940e-01 4.892471e-01 1.983530e+00 -8.012909e-01 -1.603255e+00 -1.097630e+00 -1.022141e+00 4.544592e-03 
-9.238082e+00 9.718420e+00 5.935176e+00 3.412740e+00 8.803535e+00 -3.926158e-03 5.544059e+00 1.486086e+01 7.517320e+00 1.288966e+01 9.913025e+00 4.268068e+00 4.721487e-02 7.381725e-02 3.555538e-01 4.013045e-01 -1.243589e-01 -2.843416e-01 -8.035617e-01 7.876779e-01 5.242217e-01 -7.108728e-01 -3.959448e-01 -1.862264e-01 -1.266820e+00 1.564574e-03 
-1.034305e+01 8.417191e+00 2.779723e+00 -2.808906e+00 8.545694e+00 1.993706e+00 8.055839e+00 8.996165e+00 1.167433e+00 1.209575e+01 9.527054e+00 3.237419e+00 5.313987e-02 2.728271e-02 -1.846512e-01 -4.357588e-01 -4.458711e-01 6.848738e-02 -1.163016e-01 1.215561e+00 -7.241262e-01 -9.201442e-01 1.551487e+00 -4.852919e-01 -7.434216e-01 -3.843748e-03 
-9.498996e+00 7.543516e+00 2.148280e+00 -5.240564e-01 6.331389e+00 -2.277166e+00 5.286494e+00 7.179241e+00 6.183563e+00 1.531736e+01 1.153473e+01 3.440537e+00 3.462505e-02 -2.298725e-01 -1.066813e+00 -9.807719e-01 -1.162435e+00 -1.112883e+00 3.420625e-01 -2.997029e-01 -1.686733e+00 -8.903640e-01 1.724667e+00 -1.985876e-01 4.636774e-01 -1.966357e-04 
-9.510009e+00 7.172888e+00 1.130548e+00 -8.930827e-01 6.835933e+00 7.496231e-01 8.582100e+00 5.248972e+00 4.027153e+00 2.082099e+01 6.053462e+00 1.935787e+00 4.431158e-02 -2.855755e-01 -5.722260e-01 -5.122806e-01 -3.087158e-02 -5.230814e-02 2.888279e-02 -7.649524e-01 3.660369e-02 7.872742e-01 9.548190e-01 7.836941e-01 1.807351e+00 2.183151e-03 
-1.080397e+01 5.006505e+00 1.855904e+00 -3.357346e+00 4.093998e+00 2.328428e+00 3.782413e+00 8.300788e+00 1.635640e+00 1.715037e+01 1.065688e+01 7.237271e+00 5.064583e-02 -2.564581e-01 2.672834e-02 4.258896e-01 -7.115702e-01 5.290180e-01 1.007074e+00 -1.827971e-01 2.503764e-01 4.802132e-01 -1.323392e+00 9.672481e-01 1.564389e+00 3.970981e-03 
-1.111844e+01 6.824565e+00 3.645084e-01 -1.546619e+00 9.402849e+00 -1.646767e-01 4.983117e+00 8.618410e+00 7.377766e+00 1.595334e+01 1.388445e+01 1.037580e+01 5.604523e-02 -1.072235e-02 4.201675e-01 9.865245e-01 -6.121907e-01 5.313200e-01 5.818389e-01 -2.430614e-01 1.440480e-01 1.103802e+00 -2.538966e+00 1.460262e+00 1.001858e+00 6.570399e-04 
-9.977069e+00 7.851319e+00 4.660748e+00 -3.755140e+00 7.693021e+00 3.215354e+00 6.172000e+00 6.746404e+00 6.909323e+00 1.113423e+01 1.245548e+01 7.042475e+00 4.861313e-02 2.795168e-01 6.716381e-01 9.905930e-01 -3.004108e-01 5.488219e-01 5.153884e-01 5.968056e-01 -4.980775e-01 1.007892e+00 -1.685139e+00 2.168217e-01 -3.722925e-01 -1.149750e-03 
