-1.103592e+01 5.218734e+00 3.805272e+00 -3.195390e+00 4.149810e+00 3.505310e+00 1.646240e+00 1.453686e+00 -3.906152e+00 7.500507e-01 6.528270e+00 4.467119e-01 -4.464054e-02 2.651903e-01 4.984317e-01 -4.705107e-01 5.459483e-01 -1.770316e-01 -1.053556e+00 -3.647328e-01 -1.721754e-01 -4.153441e-01 2.817245e-01 3.166467e-01 5.707981e-02 3.680110e-03 
-1.050054e+01 5.290676e+00 2.782685e+00 1.006547e-01 8.025624e+00 3.526284e+00 1.602468e+00 6.244786e-01 -4.671596e+00 3.346504e+00 6.984877e+00 1.624543e+00 -4.178047e-02 3.453102e-02 -1.869435e-02 -4.669481e-01 6.970647e-01 -4.815065e-01 -1.342006e+00 -1.403579e-01 -6.740144e-03 -1.184073e+00 -1.197877e+00 -4.208121e-01 -2.068895e-01 4.975307e-03 
-9.977665e+00 7.674921e+00 1.964012e+00 -2.113670e+00 1.326745e+00 -1.772955e+00 -1.555376e-01 1.007413e+00 -5.600150e+00 8.604466e-01 7.883200e+00 1.431954e-01 -2.767003e-02 -3.504448e-02 -4.922093e-01 2.044819e-01 9.053274e-01 3.003734e-01 -1.687581e+00 1.043927e-01 8.730427e-01 5.276912e-01 -4.482480e-01 -5.149816e-01 -1.121460e-01 2.790070e-03 
-1.139240e+01 3.897168e+00 2.391162e+00 -2.509260e-01 3.153810e+00 -5.655861e-01 1.845340e+00 1.643122e+00 -8.979517e+00 -5.294530e+00 3.746745e+00 -4.359774e-01 -2.824926e-02 -1.873455e-02 -4.703980e-02 1.149503e+00 6.899103e-01 3.378290e-01 -9.905226e-01 -1.705975e-01 5.847481e-01 9.735899e-01 5.709577e-01 -2.899733e-01 -2.333922e-01 -3.704798e-03 
-1.076521e+01 3.454441e+00 5.023443e+00 1.507038e+00 8.087584e+00 -2.886660e+00 2.046768e+00 5.309578e+00 8.862648e-01 2.829328e+00 5.572429e+00 9.162420e-01 -3.745580e-02 7.621765e-04 -2.394433e-02 1.378626e+00 7.294885e-01 1.423028e+00 7.269176e-02 -7.015955e-01 2.689256e-01 2.047370e+00 2.398033e+00 2.476224e-01 6.452821e-01 -7.097006e-03 
-1.020043e+01 7.165717e+00 7.000484e+00 1.739852e+00 6.334350e+00 -8.694772e-01 -3.516719e-01 1.397137e+00 -3.046854e+00 5.216852e+00 6.690396e+00 7.105887e-02 -5.541158e-02 6.942463e-02 5.278981e-01 1.856509e-01 -9.224665e-01 -5.667578e-02 -2.210669e-01 -5.302219e-01 -1.037655e-02 1.355383e+00 2.964353e+00 6.944870e-01 -2.438720e-01 -2.165842e-03 
-1.056984e+01 5.920924e+00 6.552484e+00 5.383834e-01 6.851614e+00 -1.257550e+00 -2.565009e+00 2.475033e+00 1.670370e+00 7.594920e+00 7.649487e+00 3.116088e+00 -4.957390e-02 -1.052206e-01 1.008601e-02 -5.224180e-01 -1.207530e+00 -1.237753e+00 -4.677001e-01 -3.337536e-01 -5.087662e-01 -1.073519e+00 -9.284792e-01 -7.347237e-01 -1.068627e+00 2.826750e-03 
-1.114296e+01 5.303417e+00 2.554896e+00 -4.378931e+00 3.488417e+00 -2.485475e+00 1.500119e+00 3.008512e+00 -2.594655e+00 7.144438e+00 6.180651e+00 -2.755260e+00 -3.301942e-02 -1.016827e-01 -5.456241e-01 -9.045086e-01 -3.493302e-01 -1.260859e+00 -8.305044e-01 -2.424666e-01 -5.440330e-01 -6.951443e-01 -1.763722e+00 -1.018095e+00 -1.262156e+00 6.676114e-03 
-1.082005e+01 4.436021e+00 4.634147e+00 -1.471220e+00 3.321785e+00 -4.417161e+00 -5.478954e-01 1.960060e+00 -4.707428e+00 -2.776862e+00 2.153683e+00 -3.013731e+00 -3.451812e-02 8.763828e-02 -3.792545e-01 -8.986301e-01 4.921083e-01 -6.157890e-01 2.145678e-01 9.436326e-02 6.075735e-02 -1.029398e+00 -2.470364e+00 -1.521265e+00 -1.360528e+00 2.262771e-03 
-1.058374e+01 5.180048e+00 3.437109e+00 9.980029e-01 1.794967e+00 -3.442194e+00 -2.572562e+00 -1.065541e+00 -3.333676e+00 1.584131e+00 4.347822e+00 -3.174814e+00 -2.955890e-02 1.597868e-01 -3.246669e-01 3.667493e-01 1.365802e+00 9.879487e-01 1.004811e+00 -7.017817e-02 4.717835e-01 3.952336e-01 -9.664483e-01 -3.884561e-01 8.066581e-01 -1.223516e-03 
-1.041126e+01 4.086336e+00 1.618226e+00 3.104578e-01 4.619393e+00 2.936479e-01 -5.685258e-02 4.815846e+00 -3.107108e+00 -1.976747e+00 9.595766e-01 -3.476776e+00 -3.999031e-02 3.049995e-01 -2.124352e-01 -2.060783e-01 5.661155e-02 1.093023e+00 7.584707e-01 4.729126e-01 4.964260e-01 5.537080e-01 7.457744e-01 1.325139e+00 1.212739e+00 -2.257705e-04 
-1.054843e+01 3.854925e+00 5.896603e+00 1.559239e+00 7.779356e+00 1.831733e-01 9.037069e-01 3.939536e+00 -1.418646e+00 1.912139e+00 4.835423e+00 1.509553e+00 -3.640091e-02 5.827556e-01 3.991495e-01 3.383346e-01 -3.963255e-01 9.435354e-01 9.390767e-01 1.548201e+00 8.766850e-01 2.225555e-02 2.990691e-01 3.656897e-01 5.934411e-01 -7.195234e-04 
-9.312711e+00 4.036407e+00 2.374008e+00 -1.468781e+00 5.794703e+00 -2.437491e+00 7.853317e-02 1.939651e+00 -2.896403e+00 7.880062e-01 8.535577e+00 7.077782e-01 -3.222597e-02 6.185975e-01 3.766956e-01 -6.934660e-01 -1.258065e+00 -5.577445e-02 1.383640e+00 1.574690e+00 8.743566e-01 3.212524e-01 3.256247e-01 -1.076473e+00 -1.579736e+00 4.131675e-03 
-8.219234e+00 7.200760e+00 4.750891e+00 -9.400558e-02 5.924989e+00 2.618759e+00 5.100751e+00 4.755981e+00 -3.327751e+00 1.697100e+00 2.388270e+00 -2.299885e+00 -3.703868e-02 9.193689e-01 -2.468051e-01 -1.853574e+00 -1.489054e+00 -1.318299e+00 1.686441e+00 1.764026e+00 1.284261e+00 6.028351e-01 -7.551379e-01 -2.736325e+00 -3.207468e+00 2.615976e-03 
-8.482866e+00 4.296896e+00 -1.276248e+00 -5.153247e+00 5.267705e+00 5.994056e+00 5.718073e+00 8.779408e+00 -5.462933e-01 -2.411040e-01 -3.199210e+00 -9.470737e+00 -1.901305e-02 7.922361e-01 -8.130905e-01 -1.493204e+00 -9.708608e-01 -1.273882e+00 8.295640e-01 1.313112e+00 1.468082e+00 1.032936e+00 -1.246911e+00 -2.354859e+00 -2.648787e+00 1.474500e-04 
-6.366506e+00 2.490655e+00 -1.546136e+00 -4.043797e+00 1.451362e+00 4.399602e+00 6.904065e+00 6.940962e+00 4.204745e-01 -1.348996e+00 -2.978807e+00 -9.438528e+00 -2.992749e-02 -4.857934e-01 -1.096533e+00 -9.910892e-01 -1.157498e+00 -1.410086e+00 -1.414177e+00 -3.421151e-01 2.346805e-01 2.007304e-01 -8.687285e-01 -1.343022e-01 -7.593986e-01 3.463250e-02 
-6.277894e+00 2.326007e+00 -1.943499e+00 -4.348189e+00 1.662106e+00 8.199070e-01 5.742435e+00 8.187572e+00 3.941622e-01 -3.923500e+00 -5.551777e-01 -8.966836e+00 -3.504431e-02 3.355426e-01 -2.921399e-01 -3.701852e-01 2.044860e-01 -1.815125e-01 -1.880115e+00 -1.755796e+00 -1.573600e+00 -8.877133e-01 -6.443628e-01 4.367521e-01 8.482920e-01 2.341602e-02 
-1.175069e+01 2.703539e+00 1.290703e-01 -6.284026e+00 6.773562e-01 -1.865052e+00 3.377995e+00 6.225302e+00 -2.794327e+00 -8.053447e-01 3.947432e-01 -6.348829e+00 1.441395e-01 6.660343e-01 1.113790e-01 -1.088332e+00 8.482828e-01 5.651674e-01 -9.034455e-01 -3.268975e+00 -1.665847e+00 -2.143702e+00 -3.146396e-01 6.721705e-01 7.517263e-01 2.429406e-02 
-4.113063e+00 2.729754e+00 -3.964777e+00 -3.010703e+00 4.747145e+00 -2.741913e-01 -1.297871e+00 1.269235e+00 -3.377459e+00 -3.734744e+00 -2.702224e+00 -6.774127e+00 1.103359e-02 1.910663e+00 -1.819465e+00 -1.316037e+00 1.349624e+00 9.956064e-01 3.600531e-02 -2.684152e+00 -2.670213e+00 -9.517456e-01 2.142953e-01 6.520009e-01 1.913411e+00 3.573035e-02 
-4.118750e+00 2.845676e+00 -5.977159e+00 -4.711263e-01 2.734679e+00 4.294240e-01 -5.920657e+00 2.070893e+00 -8.412222e+00 -3.016572e+00 1.455569e+00 -6.776251e+00 6.850386e-02 2.835642e+00 -3.292214e+00 -1.015897e+00 1.313572e+00 1.147934e+00 3.911034e-01 -2.095847e+00 -2.683263e+00 7.730250e-01 2.663340e-01 8.950359e-01 2.594362e+00 6.853803e-02 
-5.405483e-01 -6.842386e+00 -5.470571e+00 -5.065203e-01 5.611477e+00 -1.473044e-01 -3.029001e+00 -3.086289e+00 -1.555618e+00 -1.746410e+00 2.174414e+00 8.139305e-01 1.814253e-01 1.006185e+00 -2.053610e+00 -1.246170e-01 1.266320e+00 7.488273e-01 -5.327723e-02 -9.389607e-01 -1.782549e+00 2.084580e+00 1.717059e+00 1.316261e+00 1.721597e+00 5.192118e-02 
6.412673e-01 -8.971459e+00 -4.197515e+00 -9.682593e-01 5.984860e+00 2.702211e-02 -6.235674e+00 -5.013250e+00 1.598780e-01 -4.678416e-01 2.431604e+00 2.828954e+00 4.016337e-01 8.296080e-02 -4.152833e-01 -2.740135e-01 1.161567e+00 1.335738e+00 2.338429e-01 6.103071e-01 3.234773e-01 2.254138e+00 9.873472e-01 3.655992e-01 9.601437e-01 -9.363282e-03 
-1.462148e+00 -1.629726e+00 -5.477683e+00 3.569466e+00 6.866191e+00 -3.393765e-01 -5.835166e+00 -4.101438e+00 2.759390e+00 3.576188e+00 3.391062e+00 -2.968745e+00 1.040745e-01 -8.044212e-01 1.299218e+00 -4.580074e-01 9.690536e-01 8.053911e-01 -5.647985e-01 1.752700e-01 2.570631e+00 1.527680e+00 7.754367e-01 -4.677888e-02 -5.636711e-01 -5.002797e-02 
-3.243146e+00 -1.837070e+00 -7.343670e+00 3.298718e+00 8.786014e+00 1.694674e+00 -1.466039e+00 4.195854e+00 7.009664e-01 -7.411350e-01 2.675241e+00 -8.419520e-02 6.036282e-02 -7.541327e-01 7.582708e-01 -4.229616e-01 2.656759e-01 -5.036458e-02 -7.370225e-01 9.621652e-01 2.020531e+00 1.305319e-01 1.876905e-02 -7.850270e-01 -1.468941e+00 -5.870963e-02 
-2.620448e+00 -3.913492e+00 -6.187531e+00 2.205259e+00 8.237856e+00 -3.805123e+00 -4.537468e+00 5.162312e+00 5.812237e+00 2.267420e+00 1.818701e+00 -5.478503e-01 1.019209e-01 8.572292e-02 -1.266513e+00 1.829989e-01 -2.915444e-01 -7.119445e-01 3.158044e-01 1.029889e+00 1.688156e+00 -7.982678e-01 -1.055846e+00 -8.405457e-01 -3.666402e-01 1.353388e-02 
-2.550246e+00 -4.038223e+00 -5.957400e+00 1.042223e+00 5.047205e+00 -1.925217e+00 -2.073697e+00 4.575303e-01 -7.138860e-01 2.803875e-01 -7.073512e-01 -5.726197e+00 1.091624e-01 3.302689e-02 -1.474859e+00 1.640455e-01 4.309622e-01 -2.925501e-01 -4.065809e-02 -7.806651e-01 -2.834680e-01 -1.401566e+00 -1.133724e+00 -1.254170e+00 -1.254339e+00 2.550400e-02 
-1.379983e+00 -6.861715e+00 -5.255823e+00 3.239991e+00 5.175873e+00 3.049591e+00 -3.818922e-01 6.208503e+00 -5.245233e-01 -2.213803e+00 8.796293e-01 -1.980945e+00 1.473442e-01 -3.391492e-01 -1.361355e+00 -3.629723e-01 5.378308e-01 -9.861574e-02 2.712956e-01 -9.684466e-01 -3.950058e-02 -1.548624e+00 -1.729181e+00 -8.118223e-01 1.667813e-01 2.342048e-02 
-3.698244e+00 -7.737252e+00 -6.989296e+00 4.936163e+00 8.854254e+00 -1.935973e+00 -7.447152e+00 2.255418e+00 -3.138485e+00 -4.169143e+00 -3.126072e+00 -5.639345e+00 1.651712e-01 -2.274463e-01 -1.187347e+00 -6.088936e-01 1.916164e-01 -4.923008e-01 -1.086637e+00 -2.003711e+00 7.467449e-02 3.796668e-01 -2.023180e+00 -1.071659e+00 2.632934e-01 2.438920e-02 
-3.742195e+00 -8.870751e+00 -7.486444e+00 2.947443e+00 5.841252e+00 -2.443267e+00 -6.692973e+00 4.065865e+00 -7.185853e-01 -4.153721e+00 -1.031049e+00 2.426298e-01 1.910189e-01 -3.045225e-02 -3.609501e-01 -1.122181e+00 -8.623389e-01 -1.294987e+00 -1.657200e+00 -1.381018e+00 -1.384481e+00 1.060544e+00 -2.112547e+00 -2.121936e+00 -1.040874e+00 1.335884e-02 
-2.506371e+00 -8.970439e+00 -7.886558e+00 2.146580e+00 2.253011e+00 -4.611974e+00 -8.936714e+00 1.902222e+00 1.281479e+00 -8.865552e+00 -5.110308e+00 -5.521517e+00 2.092710e-01 4.119031e-01 1.224886e-01 -8.137401e-01 -1.342585e+00 -1.515465e+00 4.174985e-01 3.875566e-01 -5.503539e-01 2.050710e+00 -2.905529e-01 -5.196212e-01 -1.974880e-01 4.631347e-03 
-2.128181e+00 -8.049872e+00 -1.041810e+01 3.230885e-01 2.001559e+00 -3.898410e+00 -6.542201e+00 -5.373052e-01 2.568214e+00 -1.042834e+01 -8.737932e+00 -7.244227e+00 1.920885e-01 -6.741223e-01 1.778380e+00 -7.465279e-01 -3.879347e-01 3.639373e-01 2.607048e-01 1.322761e-01 -6.444259e-01 2.448591e+00 2.198491e+00 9.767672e-01 7.226974e-02 1.835750e-02 
-2.445736e+00 -7.535249e+00 -9.592170e+00 -4.645829e-01 3.196774e+00 8.790905e-01 -5.584755e+00 1.805234e+00 5.471663e+00 -2.484601e+00 -1.870737e+00 -2.883356e+00 1.877931e-01 -1.119136e+00 2.247774e+00 7.632933e-02 8.792011e-01 1.301018e+00 2.084628e-01 6.214199e-02 -1.333255e-01 1.501786e+00 3.905061e+00 2.135976e+00 1.059553e+00 1.435990e-02 
-7.143125e+00 -6.964481e-01 -1.036628e+01 2.313351e+00 7.189058e+00 -3.885275e+00 -7.707572e+00 8.922296e-01 9.429279e+00 3.648256e+00 2.233001e+00 -7.151020e-01 2.935453e-01 -1.303145e+00 2.397508e+00 5.354625e-01 1.054547e+00 8.513067e-01 3.323432e-01 -7.344649e-01 6.917459e-01 -5.162107e-01 3.163215e+00 2.510842e+00 1.362988e+00 2.602747e-02 
-5.594579e+00 -1.408283e+00 -7.530821e+00 5.547454e+00 6.164351e+00 -3.576228e+00 -8.043319e+00 5.208267e-01 5.359878e+00 3.621454e+00 8.410716e-02 -3.488317e+00 2.303421e-01 -1.792068e-02 1.184190e+00 5.585012e-01 -4.806842e-01 -1.109133e-02 -8.650770e-01 -8.727871e-01 2.119033e-01 -2.304799e+00 6.742082e-01 3.301053e-01 -1.331175e-01 -8.761579e-03 
-7.069484e+00 8.741838e-01 -8.771460e+00 2.589807e+00 4.774305e+00 -9.034757e-03 -8.985244e+00 3.563628e+00 4.305363e-02 2.334712e+00 2.838853e+00 -1.268044e-01 3.009514e-01 1.360382e+00 -1.103734e-01 1.031961e-01 -1.656772e+00 -6.126088e-01 6.113089e-01 9.800236e-01 7.720722e-01 -2.852144e+00 -3.780676e-01 -1.335908e+00 -1.004624e+00 -4.886221e-02 
-2.572160e+00 -2.399617e+00 -7.597073e+00 -3.006232e+00 4.348694e+00 -5.384415e+00 -9.309855e+00 1.529051e+00 -1.359216e+00 1.543213e+00 -5.231364e-01 -3.843092e+00 1.402822e-01 1.004868e+00 -6.444649e-01 -2.725798e-01 -1.744805e+00 6.156706e-01 1.194510e+00 1.035859e+00 6.238813e-01 -2.239077e-01 2.860247e-01 -7.407585e-01 -1.190229e+00 -4.981159e-02 
-1.852422e+00 -7.526484e-01 -9.817171e+00 -1.693667e+00 5.033842e+00 7.536349e-02 -2.174186e+00 4.248478e+00 -1.471893e+00 2.797039e+00 -4.142916e+00 -5.560834e+00 9.426421e-02 1.067992e+00 -4.442957e-01 -5.763903e-02 -1.007401e-01 1.158919e+00 6.666911e-01 1.979107e+00 9.113424e-02 2.020169e+00 7.771931e-01 -8.296725e-01 -1.144434e+00 -4.656430e-02 
-3.178770e+00 -3.817192e+00 -8.370864e+00 -1.034833e+00 9.112934e+00 2.354124e+00 -6.269555e+00 3.297808e+00 4.997813e+00 4.820415e+00 -1.288006e-01 -6.722448e+00 8.462769e-02 2.008458e-01 7.697756e-01 -3.156297e-01 4.510345e-01 5.631911e-01 1.602425e+00 2.358448e+00 -7.054455e-01 1.353266e+00 -4.959536e-03 2.235027e-01 1.186691e+00 -1.374893e-02 
-1.426218e+00 -6.385074e-01 -8.672759e+00 1.100407e+00 8.186781e+00 -5.448487e-01 -6.098576e-01 3.134921e+00 6.965387e+00 4.582077e+00 -1.506677e+00 -4.409297e+00 9.595710e-02 7.807159e-02 7.328146e-01 -2.581569e-01 -1.188586e+00 -3.151964e-01 6.751966e-01 2.331009e+00 -3.525919e-01 -1.814045e-01 2.959923e-01 2.030265e+00 3.190325e+00 -7.163125e-03 
-1.781033e+00 1.392191e+00 -9.747427e+00 -2.148096e+00 5.588180e+00 2.937816e+00 1.700221e+00 -1.441397e+00 1.188474e+00 6.258961e-01 -7.237425e-01 1.514592e+00 7.069111e-02 -4.228205e-01 1.558117e+00 -7.357740e-02 -2.137254e+00 -1.677275e+00 9.920880e-01 3.409114e+00 2.927963e-01 -3.280637e+00 -1.439467e+00 1.406644e+00 3.031002e+00 -8.988047e-03 
-2.160933e+00 3.067334e-01 -1.041967e+01 -7.079967e+00 5.220238e+00 3.159501e+00 5.495969e+00 4.855122e+00 -4.742463e-01 6.374260e+00 6.305878e+00 6.272273e+00 6.541687e-02 -1.550575e+00 9.354969e-01 6.746090e-01 -2.753309e+00 -2.250065e+00 5.476944e-01 3.317490e+00 1.246328e+00 -2.945815e+00 -1.499995e+00 2.054488e+00 2.398543e+00 -2.534766e-02 
-4.925515e+00 3.500771e+00 -7.865294e+00 -7.630917e+00 2.209831e+00 5.462389e+00 7.723100e+00 3.901689e+00 -7.685558e+00 -3.273011e+00 2.998144e+00 3.091774e+00 5.495757e-02 -1.842412e+00 1.048969e+00 2.179650e+00 -8.348814e-01 -1.338756e+00 -6.915032e-01 2.066615e+00 2.444901e+00 -9.442272e-01 -1.973285e+00 2.932910e-01 -3.967051e-01 -2.565015e-02 
-7.606852e+00 2.984687e+00 -6.240781e+00 -9.924729e+00 -1.374370e+00 9.313369e-01 1.296615e+01 6.695016e+00 -3.326673e+00 -9.684446e-01 6.904820e+00 6.794825e+00 -2.291441e-02 -1.966412e+00 9.563837e-01 3.239552e+00 1.350353e+00 -2.926106e-01 -7.505454e-01 -4.295914e-01 -2.846877e-01 -5.300245e-02 -1.505443e+00 -1.418645e+00 -1.120674e+00 -2.480413e-02 
-8.270134e+00 5.298059e+00 -9.386237e-01 -4.900122e+00 2.191703e+00 5.943819e-01 8.298203e+00 9.863162e+00 -2.106449e+00 -5.569178e+00 4.432414e-01 -7.302094e-01 -1.339400e-02 -1.669152e+00 1.610459e-01 3.057439e+00 2.515213e+00 1.767137e+00 -9.082235e-01 -2.346052e+00 -3.526462e-01 1.554369e+00 1.115883e+00 4.782991e-02 -1.101975e+00 -1.594837e-02 
-1.032068e+01 4.190008e+00 2.314753e+00 -1.693599e+00 3.766249e+00 1.840777e+00 3.060460e+00 4.509468e-01 -3.528813e+00 -4.870176e-03 4.901066e-01 2.579894e+00 -2.442801e-02 -8.347042e-01 1.834089e-01 2.586896e+00 2.715999e+00 1.477448e+00 -1.561261e-01 -2.839753e+00 -6.021814e-02 7.536182e-01 9.112034e-01 2.282969e-01 -1.162967e+00 -2.134013e-03 
-1.191436e+01 3.703340e+00 3.144134e+00 8.295864e-01 8.475204e+00 4.665513e-01 9.456838e-01 5.260493e+00 1.873591e-01 1.824619e+00 6.444651e+00 -3.106372e-01 -2.402747e-02 -1.899437e-01 2.088430e-01 1.104091e+00 1.036565e+00 1.192637e-01 -7.474789e-01 -1.899421e+00 -7.547693e-02 -5.698060e-01 9.861870e-01 1.714438e+00 4.945758e-01 -4.109001e-03 
-9.958260e+00 4.699091e+00 4.652324e+00 7.904102e-01 2.871118e+00 2.146215e-01 2.443647e+00 8.695260e+00 -7.054856e-01 -1.093264e-01 5.045600e+00 7.702050e-01 -2.826774e-02 5.398260e-01 5.127754e-01 -1.659522e-01 2.431470e-02 -2.894624e-01 -8.965694e-01 -7.001663e-01 7.383204e-01 -4.156211e-01 -4.357962e-01 7.657881e-01 3.883717e-01 -3.523028e-03 
-9.401064e+00 6.087732e+00 3.413043e+00 -9.593022e-01 3.235587e+00 -2.329935e+00 -8.904951e-01 5.363620e+00 -6.367143e+00 -5.860149e-01 6.737683e+00 2.647514e+00 -3.201914e-02 6.634407e-01 4.379899e-01 -2.426168e-01 -1.219280e-01 -1.367664e+00 -1.329998e+00 -4.128297e-01 -1.002428e+00 7.462083e-02 1.062413e-01 -1.339529e-01 1.030093e+00 -3.354943e-03 
-8.878201e+00 5.561689e+00 1.350537e+00 -6.775813e-01 4.938745e+00 -1.243827e+00 4.777181e-01 4.090985e+00 -2.329668e+00 -9.785337e-01 4.172531e+00 3.042677e+00 -3.804731e-02 4.067793e-01 4.230686e-01 -8.203621e-02 -9.322099e-02 -8.109361e-01 -3.841504e-01 -4.138652e-01 -3.366213e-01 1.653185e+00 8.607001e-01 -2.839745e-01 9.025971e-01 9.478319e-03 
-9.137186e+00 5.461991e+00 3.581943e+00 9.539419e-01 6.030703e-01 -5.454216e+00 -1.355007e-01 2.550492e+00 1.372554e+00 2.790430e+00 6.211421e+00 3.703590e+00 -3.591239e-02 3.304959e-01 5.060755e-01 2.710250e-01 1.643781e-01 -4.239224e-01 -1.831101e-02 -7.397602e-02 -5.503307e-01 1.698958e+00 1.130994e+00 -8.229829e-01 7.439186e-02 9.885383e-03 
-8.056302e+00 7.127305e+00 4.157693e+00 -6.323168e-01 1.326957e-01 -1.439902e-01 -3.176689e-03 8.418717e+00 3.690590e+00 2.505952e+00 3.888859e+00 4.755152e+00 2.107048e-02 8.973947e-01 1.167393e+00 7.128062e-01 4.238538e-01 4.201538e-02 8.841625e-01 -1.091552e-01 3.670081e-01 4.731889e-01 7.454588e-01 -1.016159e+00 -6.028116e-01 1.130124e-02 
-8.159534e+00 7.835302e+00 3.364590e+00 -1.600440e-01 3.519000e+00 -2.971408e+00 -1.019928e+00 4.481007e-01 -8.824835e-01 3.326712e+00 2.764605e+00 2.163236e+00 -1.215112e-02 2.316547e+00 2.795732e+00 1.956777e+00 1.180822e+00 1.453493e+00 1.903597e+00 -1.527415e-01 -7.725286e-01 -1.795736e+00 -6.539463e-01 -1.673370e+00 -2.130330e+00 2.386165e-02 
-4.880054e+00 1.021200e+01 5.023244e+00 1.998680e+00 3.690858e+00 1.935582e+00 3.741555e-01 6.977221e+00 1.163796e+00 2.480619e+00 8.151455e-01 7.987957e-01 6.578267e-03 5.002257e+00 2.897883e+00 2.825877e+00 4.827352e-01 -1.843485e+00 -1.412901e+00 -1.778034e-01 -2.905311e+00 -2.120750e+00 -8.824497e-01 -1.314989e+00 -1.565539e+00 1.028382e-01 
8.574233e-01 1.789830e+01 1.293305e+01 5.542554e+00 6.091453e+00 3.023982e+00 -1.087874e+00 -5.914029e-01 -6.342729e+00 -4.666353e-01 -6.185713e-01 -4.969882e+00 9.064198e-02 6.086989e+00 1.903917e+00 3.146458e+00 -4.739035e-01 -5.501894e+00 -3.539968e+00 -7.860326e-01 -2.297647e+00 -9.467394e-01 -7.100341e-01 -1.977118e+00 -5.580467e-01 1.671060e-01 
1.244651e+01 1.658522e+01 1.350285e+01 -1.069940e+00 -1.037096e+01 -1.020619e+01 -8.582201e-01 -5.588087e+00 -4.183037e+00 -9.623051e-03 -9.944985e-01 4.940159e-01 4.838648e-01 5.291346e+00 -1.602983e-01 2.007581e+00 -9.808502e-01 -7.386927e+00 -5.291492e+00 -3.709970e-01 -3.044620e+00 6.148467e-02 -1.876453e-01 -2.174952e+00 6.973044e-01 1.795575e-01 
1.361213e+01 1.416828e+01 1.485708e+01 -9.952511e-01 -1.695956e+01 -1.460036e+01 -4.333902e+00 -4.757480e+00 -2.942764e+00 1.021663e+00 -6.216162e+00 -4.746078e-01 5.847354e-01 3.249444e+00 -2.350698e+00 -7.990675e-02 -9.515660e-01 -7.309525e+00 -4.333832e+00 6.514101e-01 -1.297242e+00 1.726185e+00 7.903148e-01 -2.353128e+00 2.084399e+00 1.444984e-01 
1.519932e+01 1.127552e+01 1.409913e+01 3.633319e-01 -2.171827e+01 -1.570970e+01 1.421845e-01 -6.162841e+00 -2.287633e-01 7.982439e-01 -7.260816e+00 2.037681e+00 6.573193e-01 1.108524e+00 -2.637197e+00 -1.011024e+00 3.759993e-01 -4.263565e+00 -1.139735e+00 1.754390e+00 -4.422733e-01 1.473722e+00 1.184558e+00 -2.630037e+00 1.587371e+00 7.784685e-02 
1.572823e+01 8.799662e+00 1.223537e+01 6.808817e-02 -2.478251e+01 -1.589342e+01 1.668974e+00 -6.790238e+00 3.110614e-01 3.081005e+00 -9.251055e+00 4.680280e+00 7.264067e-01 8.712943e-01 -2.858870e+00 -1.675923e+00 -5.512764e-01 -2.756785e+00 -1.552213e-01 3.091805e+00 -3.022152e-01 1.443657e+00 1.153371e+00 -1.404959e+00 1.469611e+00 7.349093e-02 
1.693108e+01 6.083541e+00 9.758580e+00 2.783874e-01 -2.777731e+01 -1.525834e+01 4.912292e+00 -6.783075e+00 1.558660e+00 4.883496e+00 -1.262724e+01 5.853428e+00 8.022634e-01 5.231168e-01 -2.871882e+00 -2.186020e+00 -1.191873e+00 -2.142733e+00 4.086507e-01 3.771964e+00 1.826582e-01 1.281970e+00 1.257004e+00 -1.672907e+00 1.741496e+00 6.908490e-02 
1.710272e+01 2.469915e+00 8.647743e+00 -3.709161e+00 -2.771397e+01 -1.560215e+01 8.740066e+00 -5.958439e+00 3.381809e+00 4.745893e+00 -1.055775e+01 4.965574e+00 8.797180e-01 2.930184e-01 -2.965613e+00 -2.304014e+00 -1.004143e+00 -1.634592e+00 1.822796e+00 3.957592e+00 1.029934e+00 4.381780e-01 1.035246e+00 -1.991901e+00 2.134932e+00 5.775000e-02 
1.712766e+01 8.098245e-02 4.962850e+00 -3.707407e+00 -3.096621e+01 -1.381208e+01 1.546646e+01 -5.665449e+00 4.645712e+00 6.250820e+00 -1.497200e+01 1.060252e+01 9.260882e-01 -1.390786e-01 -2.782213e+00 -2.109526e+00 -1.146007e+00 -5.656189e-01 3.143386e+00 2.967196e+00 1.523373e+00 -2.572379e-01 3.046466e-01 -1.335295e+00 1.612547e+00 4.471813e-02 
1.709503e+01 -3.027124e+00 3.113172e+00 -2.959728e+00 -3.136103e+01 -7.502566e+00 1.617985e+01 -2.199381e+00 9.584250e-01 7.573574e+00 -1.803818e+01 1.298040e+01 9.532443e-01 -3.017186e-01 -2.504758e+00 -1.172265e+00 -1.734482e+00 1.085730e+00 4.270391e+00 1.506015e+00 1.113757e+00 -4.203139e-01 -2.260540e-01 -1.002551e+00 2.770192e-01 3.035668e-02 
1.623953e+01 -5.079002e+00 1.978234e+00 -5.826366e+00 -2.878188e+01 -3.591201e+00 1.602838e+01 -1.045738e+00 1.484163e+00 4.992888e+00 -1.556350e+01 9.908751e+00 9.890909e-01 -4.137967e-01 -2.041766e+00 -1.967172e-01 -2.477735e+00 2.807101e+00 4.296660e+00 -3.429524e-01 3.500904e-01 -1.723198e-01 -1.107042e+00 -6.296349e-03 -1.101905e+00 1.727154e-02 
1.603820e+01 -7.473882e+00 4.278728e+00 -1.132209e+01 -2.337748e+01 6.393635e-01 1.598918e+01 -2.699510e+00 2.861014e+00 4.244588e+00 -1.527475e+01 6.697553e+00 1.000000e+00 -4.567865e-01 -1.369185e+00 2.227395e-01 -2.547002e+00 3.431158e+00 3.222443e+00 -9.653241e-01 -1.163260e+00 7.766980e-01 -1.484380e+00 5.425360e-01 -1.099602e+00 6.337643e-03 
1.558710e+01 -7.904470e+00 3.396486e+00 -1.191490e+01 -2.092247e+01 3.600252e+00 1.384703e+01 -3.664933e+00 2.832819e+00 2.380101e+00 -1.638520e+01 8.234415e+00 9.890680e-01 -2.362669e-01 -9.903620e-01 3.854673e-02 -1.646531e+00 3.047421e+00 2.646187e+00 -1.246610e+00 -1.892892e+00 8.513845e-01 -1.377309e+00 3.269764e-01 -8.192186e-02 3.648043e-04 
1.513732e+01 -8.460316e+00 3.517744e+00 -1.265047e+01 -1.813494e+01 5.013922e+00 1.244390e+01 -6.706086e+00 4.167587e+00 1.458070e+00 -1.491465e+01 8.319557e+00 9.849440e-01 -1.753086e-01 -6.500242e-01 -4.592890e-01 -3.987235e-01 2.174196e+00 1.932268e+00 -1.275393e+00 -1.952807e+00 7.939858e-01 -1.497958e+00 6.023952e-01 5.186186e-01 -1.402408e-03 
1.550863e+01 -9.537596e+00 2.551459e+00 -1.339483e+01 -1.616604e+01 7.452456e+00 1.156797e+01 -8.506907e+00 5.087799e+00 -5.003982e-01 -1.410867e+01 8.688139e+00 9.984429e-01 -2.561477e-01 -4.378761e-01 -7.156594e-01 4.146662e-01 1.501086e+00 1.694393e+00 -1.161662e+00 -1.789697e+00 7.237645e-01 -1.263125e+00 1.260698e+00 -1.738333e-01 -6.467998e-04 
1.520088e+01 -9.907440e+00 2.404796e+00 -1.257574e+01 -1.488472e+01 8.374602e+00 1.075175e+01 -1.004256e+01 5.703454e+00 -1.804954e+00 -1.340104e+01 9.063784e+00 9.883005e-01 -3.314250e-01 -3.201984e-01 -1.154977e+00 1.208555e+00 9.662315e-01 1.848184e+00 -1.300630e+00 -1.306706e+00 2.853683e-01 -1.227402e+00 1.859414e+00 -7.021992e-01 -1.460761e-03 
1.427457e+01 -9.370289e+00 3.746626e-01 -9.878933e+00 -1.504215e+01 1.039188e+01 8.884800e+00 -1.094518e+01 5.683708e+00 -2.304012e+00 -1.083851e+01 6.993135e+00 9.841558e-01 -3.161954e-01 -3.342057e-01 -1.157591e+00 1.534086e+00 8.043888e-01 1.262620e+00 -9.908649e-01 -1.137430e+00 1.827031e-01 -1.019532e+00 2.558648e+00 -1.248000e+00 -5.308527e-03 
1.409722e+01 -1.014496e+01 -1.168744e+00 -8.365643e+00 -1.386572e+01 1.278513e+01 7.282337e+00 -1.202048e+01 5.296474e+00 -3.777134e+00 -7.252656e+00 5.656063e+00 9.847838e-01 3.008785e-02 -7.652558e-01 -1.109298e+00 1.491589e+00 9.141111e-01 6.846300e-01 -6.738735e-01 -1.291673e+00 1.382182e-01 -6.444643e-01 3.065063e+00 -1.232857e+00 -5.200112e-03 
1.447949e+01 -1.108986e+01 -1.449723e+00 -7.829454e+00 -1.265360e+01 1.156029e+01 8.348347e+00 -1.320510e+01 6.204804e+00 -4.611969e+00 -4.389623e+00 4.151998e+00 9.736587e-01 -1.059207e-01 -5.318044e-01 -1.330593e+00 1.717004e+00 8.941917e-01 -4.157925e-02 -8.083803e-01 -6.725433e-01 -2.738380e-03 3.213288e-01 2.100859e+00 -5.728939e-01 -1.142378e-02 
1.524887e+01 -1.287393e+01 -2.229503e+00 -6.142541e+00 -1.150844e+01 1.121354e+01 7.650606e+00 -1.537097e+01 6.133996e+00 -3.873297e+00 -1.300169e+00 4.320067e+00 9.675485e-01 -1.754103e-01 -4.534709e-01 -1.227507e+00 1.900270e+00 1.031197e+00 -9.407245e-01 -9.356111e-01 -2.236810e-01 -1.403920e-01 1.154236e+00 1.390090e+00 -7.245922e-03 -1.542077e-02 
1.316915e+01 -1.066483e+01 -5.747921e+00 -2.405463e+00 -1.174984e+01 1.096977e+01 4.658764e+00 -1.263266e+01 5.251255e+00 -6.492866e-01 -3.310461e+00 4.796664e+00 9.356545e-01 -5.663056e-02 -8.265386e-01 -6.082162e-01 2.133514e+00 4.829177e-01 -1.002177e+00 -1.100093e+00 -5.938915e-01 4.939970e-01 1.088963e+00 1.049579e+00 3.158323e-01 -1.803242e-02 
1.387534e+01 -1.262484e+01 -5.157179e+00 -1.576289e+00 -9.161619e+00 8.376768e+00 4.449073e+00 -1.342510e+01 5.071289e+00 1.270604e-02 -8.417850e-01 5.297500e+00 9.266820e-01 7.443619e-02 -8.078462e-01 -1.459858e-01 2.348659e+00 -7.160759e-02 -1.597188e+00 -9.540571e-01 -5.296575e-01 9.337655e-01 9.241998e-01 5.330554e-01 5.202565e-02 -2.508793e-02 
1.488310e+01 -1.534711e+01 -3.026966e+00 5.549878e-01 -1.141242e+01 7.967795e+00 4.448650e+00 -1.714749e+01 9.206142e+00 -1.110157e+00 6.290791e-01 5.242443e+00 9.039298e-01 5.455771e-01 -2.871249e-01 7.844142e-01 2.213911e+00 -5.874351e-01 -2.153312e+00 -1.179151e+00 4.151527e-01 7.356539e-01 1.242083e+00 3.430728e-01 -5.222231e-01 -4.664267e-02 
1.476407e+01 -1.457202e+01 -4.319909e+00 4.120529e+00 -1.203519e+01 4.728593e+00 2.985377e+00 -1.576184e+01 8.825380e+00 9.781369e-01 -6.046624e-01 4.357306e+00 8.579712e-01 -9.550848e-01 1.770919e+00 1.058457e+00 2.073759e+00 3.254173e-01 -2.572884e+00 -9.214676e-01 2.468791e+00 -3.892170e-01 2.448447e+00 4.219394e-01 -1.763491e+00 -9.472479e-02 
1.545267e+01 -1.112686e+01 -2.244485e+00 5.815681e+00 -1.325023e+01 2.027300e+00 -5.051425e-01 -9.388525e+00 7.052478e+00 5.078412e+00 -1.713658e+00 2.655646e+00 7.367966e-01 -1.537315e+00 1.482384e+00 1.393375e+00 9.725593e-01 8.211111e-01 -2.732831e+00 -1.444633e+00 3.570246e+00 -2.137001e+00 2.733849e+00 -5.454979e-02 -2.211320e+00 -5.717695e-02 
8.815132e+00 -5.880363e+00 -2.561324e-01 6.162157e+00 -6.615630e+00 -1.517405e+00 2.318631e+00 -4.960633e+00 4.202036e+00 9.160654e+00 2.439281e+00 -2.226554e+00 5.366247e-01 -3.074090e+00 1.445926e+00 1.848539e+00 -1.460156e+00 2.569670e+00 -3.141400e+00 -2.700244e+00 3.772868e+00 -2.006529e+00 2.847494e+00 9.780616e-01 -3.054085e+00 -6.550849e-02 
1.017100e+01 -1.228101e+01 1.908021e+00 4.396970e+00 -1.001664e+01 -2.573358e+00 -2.441143e+00 -4.696860e+00 8.328090e-01 8.467830e+00 -1.165641e+00 -2.522230e+00 7.787184e-01 -4.369214e+00 2.903343e+00 1.886057e+00 -1.023456e+00 4.313519e+00 -3.417552e-01 -1.633026e+00 1.945342e+00 7.801630e-01 -1.667766e-01 1.033317e+00 3.289357e-01 -1.126029e-01 
2.034461e+00 -6.765313e+00 2.846535e+00 -2.470894e+00 -8.036261e-01 -8.678076e+00 -9.547845e+00 7.566720e-01 1.902569e+00 1.352090e+01 4.011638e+00 -8.324181e+00 5.094678e-01 -1.086276e+00 1.904951e+00 7.897838e-01 5.992994e-01 2.100014e+00 4.846095e-01 -1.339307e+00 4.551918e-01 1.024359e-01 -4.276379e+00 8.254485e-02 2.276330e+00 -6.806720e-02 
-3.003065e+00 3.832335e+00 5.634469e+00 5.014925e+00 5.411369e+00 3.898859e+00 -2.737037e+00 -2.520469e+00 1.210303e+01 2.064407e+00 2.666748e+00 7.349137e+00 1.873606e-01 8.492413e-01 1.321351e+00 5.273876e-02 2.002867e+00 8.316196e-01 9.933428e-01 -6.461861e-01 -5.152158e-01 -1.000979e+00 -6.430638e+00 5.771277e-01 2.599111e+00 -5.204803e-02 
9.970783e+00 -4.412284e+00 1.829563e+00 8.849677e+00 -3.829566e+00 -2.330466e+00 -4.229957e+00 -3.772870e+00 -9.208937e-01 -9.019527e+00 9.358103e-01 4.219410e+00 4.919676e-01 1.221501e+00 3.554690e-01 -3.152345e-01 2.316368e+00 -3.959413e-01 8.141222e-01 -1.150051e+00 -1.100442e+00 -2.605906e+00 -5.879709e+00 -2.742944e-01 2.807559e+00 -3.178287e-02 
1.044904e+01 -6.850774e+00 2.680201e+00 8.751018e+00 -4.345576e+00 -7.804484e-01 -8.331017e+00 -5.008168e+00 -2.760354e+00 -1.241515e+01 3.257910e+00 4.201528e+00 5.272284e-01 -7.378411e-01 1.308494e+00 2.669335e-01 4.197589e-01 6.746842e-01 2.335023e-01 -1.919962e+00 1.282959e+00 -2.884108e+00 -2.359019e+00 -1.761545e-01 -7.193769e-01 -4.949765e-02 
1.415915e+00 3.535862e-01 2.747497e+00 7.242896e+00 2.095140e+00 -2.267811e+00 -1.250111e+01 -3.501687e+00 -3.695270e+00 -8.637870e+00 2.344584e+00 7.287417e+00 1.806196e-01 -2.024607e+00 2.498360e+00 7.481760e-01 4.414833e-01 2.647736e+00 9.697134e-01 2.046988e-01 1.579437e+00 -9.732995e-01 1.064718e+00 -2.541197e-01 -8.904927e-01 -9.218145e-02 
-2.414837e+00 7.991869e+00 6.510170e+00 7.917109e+00 5.822437e+00 5.035043e+00 -8.201272e+00 3.758737e+00 -9.303248e-01 -9.921515e+00 1.081588e+00 2.218250e+00 9.554631e-02 8.129898e-01 -3.370836e-01 6.458607e-01 1.239165e+00 6.691486e-01 4.626192e-01 1.328828e+00 1.145825e-02 -1.268799e+00 1.016902e+00 -9.253038e-01 -1.536968e+00 1.716813e-02 
6.279685e+00 6.581957e-01 3.655458e+00 1.147405e+01 4.325109e+00 -3.896447e-01 -3.271335e+00 -2.591385e-01 -6.702406e+00 -4.942755e+00 7.533731e-01 7.585858e-01 2.469013e-01 2.207312e+00 -2.505044e+00 1.449616e-01 1.551667e+00 -8.013973e-02 4.864509e-01 1.664604e+00 -2.222533e+00 -1.901490e+00 -5.213348e-01 -6.188775e-01 -1.180619e+00 8.148089e-02 
1.208211e+01 -8.688497e+00 5.455523e+00 1.283127e+01 -2.114817e+00 5.935643e-01 -6.301764e+00 -6.572151e+00 -7.600780e+00 -9.178197e+00 -5.730028e-01 -2.188956e-01 5.799282e-01 2.129900e+00 -1.409219e+00 -6.564738e-01 -7.182579e-02 6.877220e-02 -9.521914e-03 -2.960415e-01 -1.226745e+00 -1.452232e+00 9.490957e-02 3.368564e-01 -1.418964e-01 5.856197e-02 
5.204005e+00 -3.831453e+00 3.999628e+00 1.254415e+01 5.663069e+00 2.385183e+00 -5.127840e+00 -9.448908e+00 -9.867491e+00 -1.161620e+01 7.749248e-02 2.602897e+00 3.458331e-01 2.395351e-01 1.657305e+00 -6.221820e-01 -1.424672e+00 9.005219e-01 1.722470e+00 -2.540591e+00 9.055496e-01 -5.657899e-02 -5.616175e-01 -5.332384e-02 5.125071e-01 8.253366e-03 
8.772501e+00 3.190598e+00 3.055716e+00 7.022927e+00 5.497318e+00 3.600020e+00 -8.753227e+00 2.219897e+00 -6.608943e+00 -6.110243e+00 3.103810e+00 5.866119e-01 3.388903e-01 -7.504243e-01 3.381655e+00 1.390984e-01 -4.265910e-01 2.218531e+00 1.280063e+00 -9.376217e-01 2.668275e+00 1.108226e+00 9.814672e-01 5.256200e-01 -2.892568e-01 -4.559694e-02 
9.132162e+00 3.005173e+00 1.744452e+00 7.254856e+00 5.021651e+00 6.719478e+00 -1.474856e+01 -1.274139e-01 -7.481220e+00 -9.284820e+00 -1.351653e+00 2.918368e+00 4.086871e-01 1.890578e-01 1.468971e+00 1.080911e+00 6.261359e-01 9.966674e-01 4.370448e-01 -4.373171e-01 1.410223e+00 9.506612e-01 1.218882e+00 1.085524e-01 -1.845355e+00 -1.227278e-03 
6.365905e+00 4.801465e+00 7.278604e+00 1.334296e+01 9.298549e+00 4.826733e+00 -6.179514e+00 2.108477e+00 -3.252787e+00 -5.436553e+00 2.769670e+00 -1.822915e+00 3.205165e-01 -1.770690e+00 -3.097155e-01 1.413074e+00 1.437742e+00 2.036061e+00 2.731674e-02 1.249772e+00 -6.942322e-01 1.426569e+00 1.451654e+00 1.005226e+00 -1.457012e+00 -3.759690e-02 
7.352592e+00 2.707970e+00 7.292741e+00 1.251482e+01 8.745790e+00 3.957050e+00 -8.601282e+00 -2.342083e+00 -6.792263e+00 -5.858639e+00 7.873249e-01 -5.419117e+00 3.488836e-01 -2.350601e+00 -6.096074e-01 1.385999e+00 9.490758e-01 2.072469e+00 -7.403516e-01 2.416686e+00 1.105015e+00 3.029702e+00 1.901139e+00 1.236085e+00 -1.273556e+00 -5.610677e-02 
8.088360e-01 1.790622e+00 7.346941e+00 1.158166e+01 1.381555e+01 5.117817e+00 -5.578007e+00 -1.439295e-01 1.794221e-01 -5.650635e-01 7.060453e+00 -2.529704e+00 1.808075e-01 -2.002289e+00 -1.305368e+00 -5.944705e-01 -7.509699e-02 1.457116e+00 -2.868080e-02 1.831223e+00 1.778078e+00 2.873977e+00 1.273270e+00 6.195828e-01 -2.046939e-01 -4.690842e-02 
1.576929e-01 1.462557e+00 8.640278e+00 1.288089e+01 1.312550e+01 2.872179e+00 -2.965882e+00 6.523865e+00 5.951184e+00 -2.214868e+00 2.683381e+00 -3.096015e+00 1.980078e-01 -1.999926e+00 -9.529730e-01 -9.737347e-01 -2.805234e-01 8.445987e-01 3.249118e-01 2.450825e+00 2.979872e+00 2.210164e+00 1.098534e+00 -2.035296e-01 -1.253158e-01 -4.945361e-02 
-4.808855e-02 -1.102671e+00 3.632482e+00 1.278444e+01 1.439428e+01 5.225765e+00 1.589005e-01 6.565892e+00 4.745376e+00 -8.920864e-01 4.919556e+00 -4.007935e+00 1.614123e-01 -7.899517e-01 -1.018765e+00 -1.495518e+00 -3.282279e+00 -3.251403e+00 -1.559397e+00 1.098343e-01 -1.560186e+00 7.785286e-01 -1.492030e+00 -2.873234e-01 1.086001e+00 1.688617e-02 
-2.218574e+00 -6.102486e-01 4.281297e+00 1.051081e+01 1.267942e+01 5.527635e+00 7.843871e-01 9.202365e+00 1.975578e+00 -2.024559e-01 8.401253e-01 -5.306581e+00 1.113132e-01 -5.473884e-01 -6.303164e-01 -1.187946e+00 -4.761238e+00 -4.525017e+00 -2.460025e+00 -2.008539e+00 -4.357486e+00 4.871160e-01 -2.061930e+00 3.612059e-01 2.221369e+00 3.183305e-02 
-1.952789e+00 -2.266801e+00 2.048842e+00 -3.644696e+00 -2.218429e+00 -4.006897e+00 -6.903970e+00 -9.284109e+00 6.059867e+00 -9.031421e+00 6.545464e+00 4.005581e+00 3.085856e-01 -5.202357e-01 -7.629164e-01 -1.785340e+00 -3.264678e+00 -3.024803e+00 -2.860745e+00 -1.937646e+00 -2.020033e+00 9.786773e-02 8.715801e-01 2.705956e-01 1.173696e+00 1.225587e-02 
-1.626899e+00 -1.106960e+00 3.492371e+00 -2.710737e+00 -1.193234e+00 -4.811614e+00 -9.477143e+00 -7.338563e+00 7.729518e+00 -8.454852e+00 3.676456e+00 4.004072e+00 2.835863e-01 -2.073311e-01 -1.051400e+00 -2.677084e+00 -6.770390e-01 -6.864520e-01 -1.094446e+00 1.583268e-01 2.669571e-01 -4.713330e-01 3.645832e+00 1.697436e+00 -2.251938e-01 -1.570162e-02 
-2.945105e+00 -4.668898e+00 -4.899757e+00 3.071824e+00 6.206589e+00 -3.908335e+00 -4.398565e+00 4.736192e+00 2.357745e+00 7.592011e+00 4.854368e+00 -2.794782e+00 1.365551e-01 -3.966897e-01 -2.215746e-01 -2.445642e+00 1.584318e+00 2.261737e+00 1.119868e+00 1.833248e+00 3.789056e+00 -1.574020e+00 5.505452e+00 1.241711e+00 -1.602070e+00 -6.378653e-02 
-2.759071e+00 -4.666202e+00 -5.629824e+00 3.767354e+00 5.034652e+00 6.122961e-03 3.233187e-01 3.526999e+00 1.469975e+00 9.714986e+00 1.017285e+01 -3.032368e+00 1.188204e-01 -2.728519e-01 4.346897e-01 -2.069889e+00 2.455283e-01 6.399721e-01 1.495766e+00 1.144010e+00 2.005661e+00 -1.497285e+00 3.273191e+00 5.668203e-01 -9.443823e-01 -5.297114e-02 
-3.370152e+00 -1.595053e+00 -5.618274e+00 1.037849e+00 5.976314e+00 -8.164278e-01 -2.637960e+00 4.228391e+00 1.319538e+00 9.410920e+00 9.505821e+00 -4.865510e-01 7.203597e-02 -1.155125e-01 1.069170e+00 -2.038108e-01 -8.916079e-01 -2.587178e-01 4.799064e-01 -5.215126e-01 -1.459921e+00 -1.518409e+00 -1.620656e+00 -8.386977e-01 2.070266e-01 -2.882802e-02 
-2.778635e+00 -4.704337e-01 -6.497815e+00 -4.661086e-01 2.121764e+00 1.121262e+00 -4.637398e+00 2.943640e+00 7.621946e-01 7.001651e+00 4.184831e+00 -1.871955e+00 5.099016e-02 -2.971751e-01 1.084028e+00 7.060766e-02 -1.554814e+00 1.393618e+00 -3.368136e-01 -1.396868e+00 -8.737322e-01 -4.563586e-01 -1.155112e+00 -2.265898e+00 -3.032032e-01 -1.992538e-02 
-3.512885e+00 -1.420933e+00 -5.484816e+00 7.305156e-01 6.369444e+00 -2.066373e+00 -4.525770e+00 -2.271733e+00 -4.880408e+00 8.453974e-01 3.654891e+00 -2.339856e+00 2.633005e-02 -3.545151e-01 9.010658e-01 -7.339096e-03 -7.639784e-01 1.446884e+00 3.498432e-01 3.561163e-03 -8.319949e-01 -5.980989e-01 -8.631310e-01 -2.512706e+00 -2.145440e+00 -9.806651e-03 
-4.173580e+00 6.668805e-01 -5.343514e+00 -3.853046e+00 1.180618e+01 -1.052973e+00 -5.717115e+00 2.408401e+00 2.288155e+00 8.222189e+00 1.768831e+00 -3.621731e+00 4.204643e-02 -2.767428e-01 8.260066e-01 8.786879e-02 2.661761e-01 1.167593e+00 6.094302e-01 1.127498e+00 -4.469365e-01 1.364624e-01 4.663229e-01 -5.426086e-01 -6.267997e-01 -6.475818e-03 
-4.445254e+00 2.341619e+00 -6.232120e+00 -1.088573e+00 8.368528e+00 2.019906e+00 -2.080295e+00 3.360358e-01 -2.433937e+00 4.484996e+00 -1.849706e+00 -1.033886e+01 2.747458e-02 3.775949e-02 4.193557e-01 -3.485302e-01 -4.204124e-01 -4.916467e-01 1.344136e+00 1.162447e+00 3.320769e-01 8.628130e-01 7.219876e-01 -4.512463e-01 -3.695977e-01 -4.961771e-03 
-3.696164e+00 1.778323e+00 -5.684819e+00 1.774317e+00 6.960185e+00 2.125274e+00 -2.226460e-01 -5.949270e-01 2.212710e-01 7.513466e+00 4.224087e+00 -1.006450e+00 1.803881e-02 -1.321487e-01 -1.564411e-01 2.571192e-02 -2.528447e-01 -1.234434e+00 2.593435e-01 1.966308e+00 6.532310e-01 -7.074980e-01 -1.961565e+00 -6.512296e-01 -8.328685e-01 -3.965241e-03 
-3.562796e+00 1.201236e-01 -7.056814e+00 -4.185228e+00 6.334207e+00 3.065186e+00 -1.460771e+00 8.903151e-01 4.670987e-01 4.809697e+00 1.710317e-01 -5.495485e+00 1.352501e-02 -3.697866e-01 3.140982e-02 3.579430e-01 -9.358273e-01 -2.572011e-01 -1.162786e+00 5.745326e-01 1.484204e+00 -2.141180e-01 -2.326856e+00 -6.231128e-01 4.201549e-01 -5.699086e-03 
-5.275553e+00 9.954225e-01 -4.802608e+00 -3.568943e+00 6.651167e+00 -2.788952e-01 3.804663e+00 5.397416e+00 -2.699853e+00 -1.747986e+00 -2.497685e+00 -1.020776e+01 2.919501e-02 -4.921302e-01 9.132689e-01 9.731194e-01 -7.099831e-01 -6.832123e-01 -1.099761e+00 3.773534e-01 1.599267e+00 -1.013125e+00 -2.526751e+00 -1.601736e+00 -1.230596e-01 -4.981470e-03 
-5.504493e+00 2.890118e+00 -4.883511e+00 -3.096080e+00 7.237032e+00 -2.591940e+00 -1.221287e+00 4.760886e+00 -2.043965e+00 -2.518557e+00 -1.604384e+00 -3.637432e+00 -6.598949e-03 -6.936499e-01 9.130272e-01 1.128163e+00 1.592338e-01 -4.056649e-01 6.789390e-01 1.024664e+00 1.308986e+00 -1.799781e-01 -1.173106e+00 4.529128e-01 4.447574e-01 -8.550560e-03 
-5.185966e+00 4.959670e+00 -1.905874e+00 -2.320173e+00 3.092711e+00 -5.449662e-01 1.544379e+00 5.466125e+00 -3.588822e+00 -1.456164e+00 -2.896884e+00 -2.550775e+00 3.193438e-03 -2.094357e-01 7.646001e-01 1.025898e+00 -1.067507e-01 -1.031709e+00 1.284413e+00 1.008449e+00 4.292326e-01 1.947602e-01 -3.624473e-01 1.041983e+00 1.371217e+00 -1.586176e-02 
-7.075838e+00 2.703136e+00 -2.864365e+00 -4.013443e+00 6.085110e+00 6.592916e+00 4.792692e+00 7.400892e+00 1.169300e-02 -1.201743e+00 2.635195e+00 -7.100192e+00 -1.622701e-02 -3.684730e-01 5.368996e-01 1.030977e+00 -2.178058e-01 -1.111835e+00 2.728025e-01 9.743268e-01 -9.647505e-02 2.394489e-01 7.390773e-02 8.651289e-01 1.531091e-01 -8.990055e-03 
-5.537059e+00 4.911914e+00 -6.826885e-01 -3.644014e+00 2.068581e+00 1.550744e+00 5.839917e+00 6.223576e+00 -2.753881e+00 -4.218629e+00 5.924425e-01 -1.620298e+00 -4.529977e-02 -7.772321e-01 3.609018e-01 3.691133e-01 -1.074132e+00 -4.559838e-01 -1.451233e+00 -1.102844e+00 -1.126127e+00 3.127135e-01 2.751723e-01 1.277776e+00 3.680678e-01 -6.608534e-03 
-7.171311e+00 5.598495e+00 -3.402205e-01 -3.523188e+00 2.189919e+00 -2.275783e+00 1.502578e+00 3.899785e+00 -1.264191e+00 -7.677857e-01 9.765972e-01 -3.337125e+00 -2.730262e-02 -5.124866e-01 8.093859e-01 1.350354e+00 1.141200e-01 -4.166279e-02 -1.546833e+00 -1.143164e+00 -7.526739e-01 -1.112662e+00 -4.143772e-01 -2.776227e-02 1.012486e+00 -4.354942e-03 
-9.024390e+00 5.316500e+00 -1.322380e+00 -7.935960e+00 2.760387e+00 -3.366782e+00 -2.324786e+00 1.586043e+00 -1.387313e+00 -2.972815e-01 4.321293e+00 -2.591969e+00 -2.431142e-02 -4.325099e-01 2.043241e-01 4.596868e-01 3.749856e-01 7.255562e-01 1.053676e-01 -1.269791e+00 8.840110e-02 -1.069119e+00 -2.472883e-01 4.639920e-01 3.495835e-01 -1.110268e-03 
-7.894606e+00 6.547773e+00 4.207253e+00 -1.296871e+00 5.530893e+00 1.317515e+00 3.159225e+00 5.956289e+00 -6.234901e+00 -5.234303e+00 6.319585e-01 -1.551924e+00 -4.849589e-02 1.353129e-01 -1.368017e-02 2.884722e-03 6.335601e-01 4.937399e-01 8.761145e-01 -4.692450e-01 7.526376e-01 -1.292667e+00 -7.832583e-01 2.979678e-01 6.971275e-01 -4.184675e-03 
-7.337961e+00 5.458896e+00 -6.579912e-01 -2.882245e+00 4.025875e+00 2.809326e-01 -1.337360e+00 5.637330e+00 -5.614122e+00 -3.221812e+00 3.084722e+00 -7.649814e-01 -4.025447e-02 3.929502e-01 -8.040855e-02 -3.536466e-01 8.522056e-01 1.025958e-01 6.258847e-01 -2.521734e-01 7.783614e-01 -7.832838e-01 -3.836569e-01 -2.037931e-03 4.440919e-01 -2.364469e-03 
