-1.662097e+00 5.960382e+00 -4.859924e-01 9.300586e-01 2.900759e+00 3.215659e+00 5.697651e+00 4.202153e+00 4.645332e+00 -3.172874e-03 1.596414e+00 2.850817e-01 -1.512927e-01 1.040333e-01 3.752594e-02 8.140136e-01 1.317058e-01 -3.031926e-01 3.158175e-02 -5.990289e-01 3.193035e-02 -1.688625e+00 -4.207771e-01 -1.301606e+00 -5.653514e-01 0.000000e+00 
-1.186488e+00 6.615228e+00 2.614814e+00 1.820469e+00 -3.467628e-01 3.171680e+00 5.382053e+00 1.393357e+00 -3.188651e+00 -4.471431e+00 -4.932963e+00 -2.199321e+00 -1.512927e-01 1.266802e-01 2.089446e-02 2.580478e-01 -2.799724e-01 3.293564e-01 -1.453029e-01 -1.742657e+00 -1.080465e+00 -2.142169e+00 -7.457684e-01 -1.298570e-01 4.119691e-01 0.000000e+00 
-1.379735e+00 5.820589e+00 2.033672e+00 1.143382e+00 3.008556e+00 3.395558e+00 2.860305e+00 5.766203e+00 1.191986e-01 1.270705e-01 -1.646926e+00 -1.299474e+00 -1.512927e-01 -4.801006e-02 1.737647e-01 -1.112199e-01 -5.151955e-01 -4.556450e-01 -1.706339e-01 -1.062693e+00 -1.138714e+00 -1.481855e+00 -8.573110e-01 8.605474e-01 1.322843e+00 0.000000e+00 
-1.169877e+00 6.134750e+00 -4.555858e-01 -5.764654e-01 4.493642e+00 2.399196e+00 -1.596962e+00 -1.982195e+00 -3.802446e+00 -3.797136e+00 2.568799e+00 3.137205e+00 -1.512927e-01 -2.767172e-01 -3.914328e-02 -8.963531e-01 -6.680270e-01 -3.983877e-01 -8.617293e-01 -7.134054e-02 -9.928147e-01 -4.670207e-01 5.639070e-01 1.345613e+00 1.062256e+00 0.000000e+00 
-1.910453e+00 7.069444e+00 4.931077e-01 -4.474521e-01 -1.797669e+00 2.748732e+00 3.873695e+00 1.963590e-01 -2.457044e+00 -4.626875e+00 2.148270e+00 4.231032e+00 -1.512927e-01 -2.986908e-01 -1.463279e-01 -6.070371e-02 2.175090e-01 -9.420557e-01 -6.632413e-01 1.102474e+00 -2.005567e+00 -5.859002e-01 7.171540e-02 -6.668504e-01 3.272316e-01 0.000000e+00 
-2.304715e+00 5.795084e+00 -1.096670e+00 -7.242488e-01 6.441116e-02 -8.135538e-01 4.518656e+00 -7.857940e-01 -4.235633e+00 7.250766e-01 -1.024973e-01 3.467050e-01 -1.512927e-01 -5.242195e-02 -3.457080e-01 7.798826e-01 7.047815e-01 -4.993538e-01 -7.479728e-01 1.488803e+00 5.097881e-01 4.086232e-01 7.007391e-01 -7.994637e-01 -6.152840e-01 0.000000e+00 
-2.305770e+00 5.258782e+00 2.050696e+00 2.304819e+00 5.128931e-01 1.685726e+00 5.314866e+00 -4.859832e+00 -2.593709e+00 -1.775459e+00 -3.645530e+00 1.731934e+00 -1.512927e-01 2.298109e-01 -3.204628e-01 4.659742e-01 5.034534e-01 8.155296e-01 -2.978142e-01 5.782148e-01 8.191892e-01 1.230161e-01 8.923316e-03 -1.096131e-01 -4.580280e-01 0.000000e+00 
-1.234328e+00 5.311542e+00 2.665033e+00 1.571307e+00 8.415917e-01 -8.091655e-01 5.126469e+00 3.094841e+00 -1.690998e+00 -1.719149e+00 1.468380e+00 1.310334e+00 -1.512927e-01 -1.543617e-02 2.077906e-02 2.572680e-01 3.312356e-01 7.972460e-01 4.480808e-01 1.559405e-01 2.778693e-01 -7.460715e-01 -8.108417e-01 1.190571e-01 -7.531237e-01 0.000000e+00 
-1.296592e+00 5.708900e+00 9.421276e-01 9.220366e-01 1.891389e+00 1.257467e+00 6.460862e+00 2.351987e+00 -3.114281e+00 -3.360146e+00 8.147658e-01 1.459077e+00 -1.512927e-01 4.640961e-02 1.534684e-01 -8.102013e-01 -1.322598e-01 5.138651e-01 2.856252e-01 -6.988374e-01 8.875009e-01 -1.055687e-01 8.875143e-01 1.030525e+00 -2.911345e-01 0.000000e+00 
-2.886485e+00 5.673920e+00 7.439543e-01 1.623320e+00 3.361393e+00 1.640980e+00 4.725360e+00 -3.002357e+00 -7.705704e+00 -2.536789e+00 -1.737360e+00 -3.282485e+00 -1.512927e-01 -2.357801e-01 2.000313e-02 -1.779940e-02 2.591764e-01 4.654902e-01 5.745185e-01 -1.820503e+00 -9.632195e-01 5.496786e-01 2.076345e+00 5.687310e-01 2.534198e-01 0.000000e+00 
-1.247643e+00 5.844935e+00 -1.039772e+00 1.617513e+00 1.822318e+00 1.888779e+00 2.021233e+00 2.626272e+00 -1.141999e-01 3.070933e+00 3.109965e+00 2.572671e+00 -1.512927e-01 -3.129011e-01 -4.623178e-01 8.913480e-02 -3.065386e-01 -6.867951e-01 5.524007e-02 -1.504318e+00 -3.781044e-01 1.444516e+00 1.432671e+00 7.392299e-01 2.595004e-01 0.000000e+00 
-2.437703e+00 5.343540e+00 3.566986e+00 2.519451e+00 3.203578e+00 1.747771e+00 -1.756233e+00 -1.858399e+00 -4.426455e-01 5.447037e+00 3.164435e+00 2.020636e+00 -1.512927e-01 -8.682366e-02 -5.640690e-01 3.198889e-01 -7.907047e-02 -4.699454e-01 8.778747e-02 3.010766e-01 2.817276e-01 1.888365e-01 -6.527697e-01 4.411863e-01 8.080498e-01 0.000000e+00 
-3.085488e+00 3.562502e+00 -2.371407e-02 -1.058722e+00 -1.463678e+00 1.480272e+00 2.180066e+00 -1.105141e-01 4.767678e-01 -1.887039e-01 2.060018e+00 1.050186e-01 -1.512927e-01 -2.734703e-01 -2.903083e-01 1.799457e-01 2.676856e-01 2.587228e-01 -7.412922e-02 7.150806e-01 -1.216698e+00 -2.119619e+00 -1.356161e+00 -4.966405e-01 -2.951516e-01 0.000000e+00 
-2.401681e+00 3.994791e+00 1.835370e+00 2.566085e+00 2.654664e+00 2.284171e+00 6.151326e+00 -2.253264e-01 -7.057006e+00 -4.170819e+00 9.935453e-01 1.991590e+00 -1.512927e-01 1.265490e-01 1.219021e-02 -7.476178e-01 2.194736e-02 9.058841e-02 -2.832811e-01 3.753639e-01 -4.268941e-01 -1.042625e+00 -1.035088e+00 -1.617782e-01 -1.337322e-01 0.000000e+00 
-2.633006e+00 5.067768e+00 7.257643e-01 2.932624e+00 3.390389e+00 1.249933e+00 1.642857e+00 -4.273756e+00 -7.405115e+00 1.099057e+00 1.712207e+00 1.111436e+00 -1.512927e-01 2.435369e-01 4.297767e-01 2.238059e-01 8.853748e-01 4.081182e-01 4.703693e-01 7.565737e-03 1.760002e-01 -7.113643e-01 7.777441e-01 -6.614937e-01 3.861353e-01 0.000000e+00 
-2.031199e+00 4.651858e+00 -5.458423e-01 6.335149e-01 1.229486e+00 4.465346e-01 3.891916e-01 -1.911248e+00 -1.714829e+00 -3.722853e-01 2.529449e+00 8.487663e-01 -1.512927e-01 3.532812e-01 4.871936e-01 -1.673090e-02 -5.979924e-01 -1.142620e+00 -3.840313e-02 -1.802024e-01 1.408940e+00 1.304285e+00 4.327682e-01 -3.531546e-01 -2.766313e-01 0.000000e+00 
-2.053044e+00 5.382852e+00 2.285921e+00 4.334437e+00 1.289502e+00 4.750937e+00 5.098962e+00 1.612448e+00 -5.751142e+00 1.800749e+00 -2.015403e+00 2.607107e+00 -1.512927e-01 5.617535e-01 2.327452e-01 -1.216596e-01 -1.437001e+00 -1.561057e+00 8.514661e-01 2.263431e+00 2.811015e+00 1.347378e+00 -1.200984e-01 -1.006600e+00 -1.104470e-01 0.000000e+00 
-9.252558e-01 6.273217e+00 9.716368e-01 -1.124783e+00 -2.007992e+00 3.416533e-01 3.522262e+00 3.876272e+00 -1.362568e+00 -2.357825e+00 1.091577e+00 -1.394013e-01 -1.512927e-01 1.168890e+00 1.930186e-02 -7.109846e-01 -1.472185e+00 -8.274055e-01 1.281092e+00 2.527872e+00 3.199121e+00 1.057116e+00 4.547550e-01 -1.751317e-01 2.715203e-01 4.390716e-04 
-3.772106e-01 5.420815e+00 -6.412734e-01 -3.373234e+00 -2.796156e+00 5.559704e+00 1.139348e+01 6.887560e+00 -8.443587e-01 1.491335e+00 -2.601856e+00 1.053285e+00 -1.512927e-01 2.970546e-01 -9.225459e-01 -1.096692e+00 -1.198902e+00 6.103333e-01 -5.034543e-01 -2.357192e-02 1.099117e+00 5.619409e-02 9.964156e-02 8.241134e-01 -4.705701e-01 4.792316e-02 
2.975336e+00 4.729386e+00 -2.637168e+00 -2.873576e+00 -8.647119e-01 6.447609e+00 9.881292e+00 1.144680e+01 1.117357e+00 2.056197e+00 1.947018e+00 2.983279e+00 -1.490973e-01 -1.000550e+00 1.255879e-01 1.379087e-01 -1.666830e-01 1.650176e+00 -8.909346e-01 -2.216478e+00 -9.263654e-01 -1.369532e+00 3.921235e-01 8.526150e-01 3.225464e-01 1.235585e-01 
-2.518067e+00 1.542038e+00 -1.393139e+00 -7.856755e-01 3.769528e+00 -8.193126e-01 1.801587e+00 3.322768e+00 -6.710134e+00 9.194624e-02 1.677444e+00 -1.307084e+00 8.722544e-02 -1.459710e+00 1.680869e+00 1.285282e+00 -3.583150e-01 6.164618e-01 -2.246881e+00 -3.544947e+00 -3.332193e+00 -1.286650e+00 -1.174444e-01 1.395395e+00 -1.971854e+00 1.693719e-01 
-4.857577e+00 8.840545e+00 2.037113e+00 -3.251978e+00 2.960044e+00 -9.235115e-01 -2.764181e+00 1.026841e+00 -5.277340e+00 3.024869e-01 3.215002e+00 2.653515e+00 3.472406e-01 -3.437645e+00 1.334858e+00 1.388038e+00 -1.796917e+00 -9.189115e-02 -2.794169e-01 -1.509379e+00 -2.273828e+00 8.533825e-01 -4.824587e-01 3.641827e-01 -1.031601e+00 1.696462e-01 
-3.759303e+00 1.176958e+01 3.447998e+00 -4.975608e+00 -1.626226e+00 -1.989139e+00 -8.524418e-03 -4.563423e+00 -4.080261e+00 1.780968e+00 3.741129e+00 -8.641102e+00 4.473977e-01 -3.587695e+00 3.292250e-01 6.799061e-01 -1.655526e+00 5.305375e-01 1.739819e+00 6.744740e-01 -3.680315e-01 1.970958e+00 -1.303788e+00 -2.670400e-01 -2.573248e-01 1.161401e-01 
-1.359227e+01 6.289903e+00 1.882454e+00 -9.763194e+00 1.373710e+00 5.635438e+00 3.239452e+00 4.020756e+00 4.069333e+00 -1.200607e+00 2.736089e+00 1.492285e+00 5.190474e-01 -3.371974e+00 -1.907786e+00 -8.727373e-01 -1.583309e+00 8.126040e-01 3.006399e-01 2.215501e-01 -6.200583e-01 1.442259e+00 -1.502190e+00 -1.283731e-01 6.380812e-01 7.361349e-02 
-1.608919e+01 4.463484e+00 2.083721e+00 -5.807700e+00 7.215384e+00 4.600307e+00 2.172141e+00 -1.434749e-02 -1.528681e+00 -5.675447e+00 5.817009e-01 -2.013093e+00 5.820225e-01 -2.597782e+00 -2.059282e+00 -6.453235e-01 -7.518362e-01 1.488071e+00 9.838098e-01 2.625869e-01 -6.681984e-01 -3.699145e-01 -1.253835e+00 2.136991e-01 2.104224e+00 6.132091e-02 
-1.555250e+01 2.954664e+00 -1.644436e+00 -1.075248e+01 2.602260e+00 -2.715034e+00 -2.746763e+00 -4.347989e+00 6.581631e-01 -3.480256e+00 4.152850e+00 2.529916e+00 6.479957e-01 -7.885363e-01 -9.196532e-01 4.670677e-02 1.594028e-01 8.309990e-01 -4.305847e-01 7.433059e-01 -1.535468e+00 -2.470550e+00 -6.967769e-01 -9.028950e-02 2.983841e-01 5.397279e-02 
-1.576810e+01 3.140792e+00 1.984825e+00 -8.240148e+00 5.199852e+00 7.105146e+00 4.297518e+00 -3.720043e+00 -4.224249e+00 -3.348382e+00 4.101244e+00 1.361201e+00 6.895282e-01 -4.086073e-01 -5.837013e-01 6.697397e-01 1.098286e-01 4.778952e-01 6.122785e-02 8.519661e-01 -5.087121e-01 -1.281701e+00 -6.888805e-01 5.216306e-01 6.135558e-02 4.198175e-02 
-1.769550e+01 2.352983e+00 2.165436e+00 -7.749957e+00 6.536470e+00 2.230094e+00 5.893293e+00 -1.803736e+00 -6.935635e+00 -5.848024e+00 5.248702e-01 1.297059e+00 7.351586e-01 -8.312002e-01 -2.443654e-01 1.020178e+00 3.708169e-01 2.774508e-01 -2.559605e-02 9.315037e-01 6.305975e-01 -7.639990e-01 -8.907028e-01 -6.394987e-01 -1.512847e+00 3.107849e-02 
-1.706073e+01 1.845819e+00 3.527483e+00 -6.759817e+00 7.637754e+00 2.433881e+00 2.111943e+00 -3.830034e+00 -4.140285e+00 -7.935966e+00 5.003844e+00 -1.089886e+00 7.483498e-01 -5.304085e-01 -2.323806e-01 -1.955996e-01 -6.837288e-01 -1.261107e+00 -1.150875e+00 2.693432e-01 -9.007724e-02 -1.255275e-01 -2.606538e-01 1.975452e-01 -1.497550e+00 2.090418e-02 
-1.906219e+01 2.380324e+00 2.685125e+00 -9.638557e+00 2.770563e+00 -5.073822e-01 3.003543e+00 -1.140006e+00 -3.203814e+00 -5.639978e+00 5.040567e-01 -3.808777e+00 7.739773e-01 2.064320e-01 1.178343e-01 -8.458223e-02 -1.236797e+00 -1.398114e+00 -4.571901e-01 -1.055670e-01 3.387655e-01 4.624964e-01 3.881756e-01 4.268356e-01 -6.204522e-01 1.092151e-02 
-1.773679e+01 1.965219e+00 7.469826e-01 -1.071449e+01 7.772712e-01 2.719511e+00 7.089108e+00 -4.502295e+00 -6.717796e+00 -4.755674e+00 5.099377e+00 -3.573629e+00 7.746397e-01 2.298030e+00 1.517112e+00 2.070160e+00 -8.325586e-02 -1.406986e+00 -1.259313e+00 -7.865348e-01 1.272800e+00 2.981250e-01 7.195159e-01 1.022049e-01 9.399875e-01 -9.179574e-03 
-1.632531e+01 2.882454e+00 3.132775e+00 -1.195660e+01 2.976141e+00 -1.986711e-01 2.876875e+00 2.262212e-01 -3.334397e+00 -5.497292e+00 2.611282e+00 -5.633305e-01 7.766212e-01 6.826979e+00 2.762456e-02 2.629589e+00 3.792478e+00 -1.034137e+00 -2.737565e+00 -1.954759e+00 -5.118498e-01 4.394374e-02 1.561932e+00 -1.450242e-01 9.325325e-01 -3.295274e-02 
-6.939019e+00 9.180312e+00 1.365446e+01 -6.017073e+00 5.000365e-01 -4.017037e+00 -1.757398e+00 1.850853e+00 -2.584369e+00 -4.409729e+00 4.461256e+00 1.987329e+00 7.011300e-01 9.579864e+00 -3.061665e+00 2.346939e+00 6.737559e+00 -3.868305e+00 -2.595927e+00 -3.610385e+00 -1.403362e+00 5.946974e-01 2.173938e+00 -1.894078e+00 1.448422e+00 6.583631e-04 
9.673822e+00 -1.089100e+00 9.379332e+00 6.975125e+00 -2.261504e+00 -1.082693e+01 -2.346999e+00 -6.875828e+00 -5.050809e+00 1.996710e+00 9.799623e-02 -1.926593e+00 6.459684e-01 9.303369e+00 -5.310133e+00 5.384176e-01 7.451558e+00 -6.666824e+00 -7.374608e-01 -3.233043e+00 -2.215118e+00 4.023485e-01 2.259475e+00 -1.414354e+00 1.273048e+00 4.318600e-02 
1.716296e+01 -1.135733e+01 9.358400e+00 1.350744e+01 -1.594543e+01 -4.945996e+00 -8.350878e+00 -7.968079e+00 -2.886104e+00 2.367014e+00 -3.114372e+00 4.350115e+00 8.432579e-01 5.910017e+00 -6.115731e+00 -1.236327e+00 4.560452e+00 -6.497912e+00 -5.614071e-02 -1.910148e+00 -1.452532e+00 7.987827e-01 1.625515e+00 -1.128390e+00 1.124326e+00 8.163621e-02 
1.814054e+01 -1.339939e+01 7.972893e+00 1.553893e+01 -2.213525e+01 -3.421495e+00 -9.991601e+00 -5.939903e+00 -1.171787e+00 2.411714e+00 -6.726738e-01 4.620515e+00 9.214872e-01 1.778457e+00 -3.313458e+00 -7.551103e-01 1.540787e+00 -5.300200e+00 1.012713e+00 -1.179559e+00 6.799811e-01 1.104089e+00 8.823673e-01 2.367535e-01 1.048404e+00 8.265993e-02 
1.837770e+01 -1.524320e+01 8.176044e+00 1.250328e+01 -2.205266e+01 -8.000459e+00 -7.485837e+00 -5.879772e+00 -5.299664e-01 3.510345e+00 -7.953576e-01 4.335403e+00 9.715517e-01 1.100784e-01 -1.318638e+00 -7.846483e-01 5.174536e-01 -2.058825e+00 -7.318611e-02 4.298515e-01 1.234305e+00 3.951860e-01 1.384142e+00 2.671378e-01 -1.263188e-01 3.631825e-02 
1.795873e+01 -1.571346e+01 6.194958e+00 1.518113e+01 -2.570889e+01 -4.236134e+00 -8.677314e+00 -4.520077e+00 -7.084310e-01 5.836881e+00 1.222569e-01 3.322782e+00 9.951212e-01 2.186663e-01 -1.390236e+00 -3.476600e-01 3.089159e-01 -9.669539e-01 2.838907e-02 6.972702e-01 1.141188e+00 2.260334e-01 1.506281e+00 -7.782517e-02 -6.430331e-01 1.735060e-02 
1.780426e+01 -1.679349e+01 6.324126e+00 1.627360e+01 -2.445274e+01 -4.904608e+00 -6.858764e+00 -2.506465e+00 -1.141852e+00 7.575139e+00 -2.176148e+00 4.367387e+00 9.880322e-01 3.240034e-01 -1.078670e+00 -9.226683e-01 1.044796e+00 -1.399543e+00 8.014126e-01 5.715760e-01 1.321516e+00 9.275692e-01 9.713249e-01 1.425868e-01 -1.055859e+00 2.721423e-03 
1.952060e+01 -1.957542e+01 7.160552e+00 1.519835e+01 -2.576998e+01 -4.827476e+00 -6.818787e+00 -1.920615e+00 2.643230e-01 7.910722e+00 -3.714046e-01 1.389357e+00 1.000000e+00 -2.589045e-01 3.776289e-01 -2.690755e+00 6.660175e-01 4.290438e-01 -1.510008e+00 2.529402e+00 -1.346277e-01 2.018100e+00 -7.963086e-03 6.461634e-01 -2.089393e+00 -1.053951e-02 
1.921679e+01 -1.870556e+01 3.079905e+00 1.771865e+01 -2.901983e+01 -3.697725e+00 -5.557220e+00 -5.719219e-01 3.621502e+00 7.330050e+00 1.644070e-01 2.282077e-02 9.827194e-01 -4.248456e-01 1.074797e+00 -2.903048e+00 4.325138e-01 5.862490e-01 -1.556292e+00 2.612985e+00 -1.408933e+00 3.146439e+00 -8.232559e-01 6.533145e-01 -1.709242e+00 -2.626669e-02 
1.595795e+01 -1.286927e+01 -5.636708e+00 1.778869e+01 -2.128013e+01 -1.238962e+01 3.318923e+00 -6.160487e+00 7.000391e+00 5.919611e+00 2.182796e+00 -4.951901e+00 9.450800e-01 -2.753196e-01 1.313052e+00 -1.257300e+00 4.083771e-01 7.026619e-01 -1.383609e+00 1.745547e+00 -8.049039e-01 3.146559e+00 5.771253e-01 -8.995725e-01 4.708165e-01 -5.580950e-02 
1.746135e+01 -1.477257e+01 -1.792484e+00 1.714100e+01 -2.376642e+01 -8.904999e+00 1.137306e+00 -7.431193e+00 1.122231e+01 4.454415e+00 -1.866757e-01 -1.008193e+00 8.841587e-01 5.038680e-01 -3.695385e-01 -8.137064e-02 1.785131e-01 1.167770e+00 -8.628755e-01 1.483939e+00 -1.094344e+00 2.085105e+00 -3.285229e-01 -1.248851e+00 1.542636e+00 -3.819124e-02 
1.902172e+01 -1.497666e+01 3.310247e+00 1.752906e+01 -2.488337e+01 -9.141886e+00 -1.438313e+00 -2.515499e+00 1.219672e+01 1.223417e+01 -4.693726e+00 4.258947e+00 7.702329e-01 8.236319e-01 -1.978484e+00 7.860190e-01 1.191021e-01 -1.276285e-01 -7.766975e-01 1.323763e-01 -2.294253e-01 1.772287e+00 5.862279e-02 -1.039829e+00 1.772105e+00 -2.038191e-02 
2.020424e+01 -1.949957e+01 -1.800425e+00 1.874104e+01 -2.137935e+01 -9.635967e+00 4.241091e+00 -7.866138e+00 1.144887e+01 2.530158e+00 -2.641588e+00 3.130577e+00 8.791868e-01 -1.086244e+00 1.087883e+00 8.384596e-01 -1.309178e+00 1.892986e+00 -3.407068e-01 -1.729712e+00 1.112938e+00 2.250380e+00 -3.481918e-01 -7.498832e-02 1.479684e+00 -8.264197e-02 
1.870466e+01 -2.039820e+01 -1.702642e+00 1.758419e+01 -2.311180e+01 -1.590762e+01 2.428913e+00 -7.090141e+00 1.574855e+01 7.174853e+00 -1.788894e+00 1.839237e+00 8.456564e-01 -1.382003e+00 4.381140e+00 1.061267e+00 -1.904801e+00 3.006692e+00 9.102018e-01 -1.677536e+00 -3.172487e-01 -2.982725e-01 -2.830768e+00 7.517135e-01 7.358518e-01 -1.396677e-01 
1.218866e+01 -6.622390e+00 4.906259e+00 1.056755e+01 -1.518727e+01 -7.225666e+00 -9.444869e+00 4.208167e-01 2.069830e+01 5.243112e+00 -2.014033e+00 7.600080e+00 4.332371e-01 -6.834028e-01 5.480986e+00 2.296522e+00 -1.726973e+00 1.902218e+00 8.149701e-01 -3.071164e+00 -1.548969e-01 -2.426873e+00 -1.453439e+00 3.478937e-01 1.450005e+00 -1.633951e-01 
1.611949e+01 4.904563e-01 5.263243e+00 1.209181e+01 -1.294595e+01 -5.796027e+00 -2.983013e+00 -8.245220e+00 6.080639e+00 -3.276153e+00 -1.248936e+00 5.703454e+00 2.948689e-01 -9.698801e-01 3.413562e+00 8.355182e-01 -9.672030e-01 3.026510e+00 -3.571068e-01 -3.419851e+00 1.390011e-01 -3.121822e+00 -3.074040e+00 -6.379123e-01 1.966320e+00 -1.285345e-01 
1.807981e+01 -2.538963e+00 6.199242e+00 1.285236e+01 -1.695119e+01 -1.061691e+01 -8.408766e+00 -8.063083e+00 4.148458e+00 4.884644e-01 -1.172099e+00 8.448491e+00 3.376049e-01 -1.146165e+00 9.330972e-01 -1.013292e+00 -1.581007e-01 3.149660e+00 -1.778291e+00 -2.355685e+00 1.376428e+00 -2.061865e+00 -4.496211e+00 -5.718735e-01 4.072669e-01 -6.460764e-02 
1.090968e+01 -5.372102e+00 1.828458e+00 1.160577e+01 -7.097294e+00 -1.599753e+01 -1.518839e+01 -2.153186e+00 8.414359e+00 -5.818022e+00 -5.399423e+00 1.124663e+01 2.508002e-01 -3.835955e+00 1.147800e+00 -1.416156e+00 -1.588753e+00 4.314163e+00 5.519258e-01 -1.333014e+00 3.053766e+00 -8.009670e-01 -1.553568e+00 5.218075e-01 9.317160e-02 -1.071492e-01 
9.062744e+00 9.743750e-01 1.557190e+00 1.002006e+01 -2.363302e+00 -1.101637e+01 -1.512061e+01 4.256940e+00 9.222112e+00 -1.596701e+01 -2.798157e+00 6.864825e+00 1.322333e-01 -4.568620e+00 3.053856e+00 -8.954072e-01 -2.643504e+00 4.155435e+00 4.148980e+00 3.742741e+00 1.789160e+00 -2.204826e+00 1.122211e-01 1.183836e+00 -1.077578e+00 -1.366787e-01 
1.448250e+00 4.472788e+00 5.034894e-01 5.564190e+00 1.330921e+00 -2.836671e+00 -6.292166e+00 8.635973e-01 -4.610229e-01 -2.816257e+00 2.173131e+00 6.961145e+00 -1.381912e-01 -3.334281e+00 3.479386e+00 1.085173e-01 -2.671513e+00 1.881167e+00 5.503520e+00 6.284530e+00 2.708793e-01 -3.411002e+00 2.899764e+00 1.972366e+00 -2.070647e+00 -1.087712e-01 
-3.257179e-02 7.807871e+00 2.384690e+00 2.655630e+00 -3.881198e-01 3.547560e+00 5.856829e+00 -6.256728e-01 -2.437984e+00 -4.513133e-01 9.608055e-01 5.203347e+00 -1.512927e-01 -2.499316e+00 1.627903e+00 5.496869e-01 -1.923430e+00 1.276533e+00 3.753230e+00 5.015049e+00 -1.220517e+00 -2.848715e+00 3.703238e+00 1.560913e+00 -1.818434e+00 -5.801535e-02 
-1.214063e+00 8.608080e+00 1.957295e+00 1.930416e+00 1.320949e+00 4.238110e+00 5.745542e+00 1.642517e+00 -2.810606e+00 9.229480e-01 2.582927e+00 1.724141e+00 -1.512927e-01 -6.747945e-01 1.351549e-01 3.194530e-01 -2.098813e-01 4.473050e-01 1.264121e+00 1.868011e+00 -3.651659e-01 3.525333e-01 1.947028e+00 6.008083e-01 -1.995212e+00 -2.620292e-03 
-2.102681e+00 7.046243e+00 3.578722e+00 2.219800e+00 4.024350e+00 4.212392e+00 3.935787e+00 -2.235106e+00 -3.846674e+00 6.795824e-01 4.801512e+00 3.911556e-01 -1.512927e-01 -5.635797e-01 -1.366732e+00 -1.051492e-01 1.604713e+00 4.486337e+00 -2.100662e-01 -2.222758e+00 -1.044614e+00 5.198706e-01 6.344623e-01 -6.876445e-01 -2.990664e+00 2.802694e-02 
-8.906679e-01 5.529377e+00 1.503738e+00 4.732699e+00 1.361211e+00 3.151518e+00 4.008410e+00 -1.575153e-01 2.005989e+00 6.353437e+00 3.256819e+00 -6.088168e-01 -1.512927e-01 2.001342e+00 -3.273546e+00 -2.454250e+00 -1.398550e+00 3.830053e+00 -1.867809e+00 -2.114474e+00 -2.399275e+00 -2.856874e-01 5.368261e-01 -1.259209e+00 -1.447517e+00 8.781523e-02 
-3.012168e+00 2.513562e+00 2.085722e+00 9.278055e+00 2.202344e+01 3.040525e+00 -4.388395e+00 -4.948727e+00 -2.246928e+00 5.753875e-03 -2.814363e+00 -8.583494e+00 -1.115799e-02 3.269321e+00 -3.250827e+00 -3.793355e+00 -3.180989e+00 2.991973e+00 -2.069733e+00 -1.775201e+00 -1.853286e+00 -1.362439e+00 1.322568e+00 -1.529460e+00 6.749654e-02 1.235386e-01 
9.247391e+00 -5.493308e+00 -9.567456e+00 -8.591461e+00 1.147167e+01 -4.514999e+00 -6.647363e-01 -8.997047e+00 -5.038916e+00 3.943993e+00 9.482121e-02 -1.026119e+00 2.177161e-01 2.552137e+00 -9.937449e-01 -2.828576e+00 -4.365610e+00 1.628500e+00 -1.139832e+00 -1.555346e+00 -7.584413e-01 -2.330704e+00 9.483002e-01 2.612383e-02 5.101401e-01 1.294785e-01 
9.174897e+00 -3.696548e+00 -9.852457e+00 -7.023066e+00 1.392899e+01 -2.303014e+00 -2.603645e+00 -7.081771e+00 -7.136419e+00 8.497146e+00 -1.264789e+00 9.372892e-01 2.818958e-01 -1.269087e+00 -9.335518e-03 -7.058645e-01 -3.480438e+00 -1.294369e+00 -7.040136e-01 -1.498747e+00 8.623165e-01 -1.002086e-01 1.950074e+00 1.944044e+00 1.815921e+00 1.239164e-01 
5.776484e+00 3.665708e+00 -6.670053e+00 -8.944789e+00 1.355094e+01 1.241271e-01 -4.660698e+00 -2.883200e+00 -7.202785e+00 6.849242e+00 2.612651e+00 -2.818508e+00 3.495727e-01 -5.649441e+00 8.357010e-01 2.361769e+00 3.575303e-01 5.732008e-01 6.888813e-01 -1.599401e+00 1.966794e+00 2.236935e+00 -1.481947e-01 4.355709e-01 3.356605e-01 1.068314e-01 
-7.622149e+00 -2.112623e+00 -2.892302e+00 -7.947469e+00 1.451196e+01 -2.799106e+00 -9.884150e+00 -3.694068e+00 -1.666036e+00 8.303498e+00 5.646941e+00 1.392306e+00 5.424960e-01 -5.996196e+00 -5.563642e-01 2.270471e+00 9.390057e-01 -3.988869e-01 -1.688464e-01 -8.263668e-01 2.078173e+00 2.811336e+00 -1.326919e+00 -2.471198e-01 -5.555784e-01 1.048656e-01 
-1.060129e+01 -2.106766e+00 -1.238690e+00 -6.341609e+00 1.404619e+01 -8.225465e-01 -5.021488e+00 -8.569273e-01 3.410568e+00 3.299843e+00 -1.183189e+00 4.246758e-01 6.215732e-01 -4.360844e+00 -1.867409e+00 6.432136e-01 4.509300e-01 -9.779961e-01 -7.663749e-01 -6.062950e-01 1.267354e+00 2.791027e+00 -1.742109e+00 -1.305813e+00 -9.340808e-01 8.092028e-02 
-1.261720e+01 -3.592133e+00 -1.215782e+00 -3.629628e+00 1.168693e+01 -2.673910e+00 -6.555084e+00 2.295959e+00 1.613585e+00 3.637248e+00 -6.024677e-01 -3.462194e+00 6.702236e-01 -1.181458e+00 -3.064965e-01 -2.113423e-01 -2.302527e-01 -1.824668e+00 -2.042843e-01 7.836695e-02 1.158545e+00 2.449100e+00 -1.122187e+00 -1.311744e+00 -2.043409e+00 3.505304e-02 
-1.353021e+01 -4.931585e+00 -4.292245e+00 -8.849059e+00 1.007347e+01 -3.770346e+00 -9.356706e+00 4.585569e-01 5.112539e+00 4.718239e-01 -7.917080e-01 -5.061662e+00 6.903102e-01 -2.820423e-01 1.498778e-01 4.987252e-02 -5.568628e-01 -2.262792e+00 -4.240113e-01 6.558422e-01 7.854548e-01 9.131441e-02 -8.402172e-01 -1.201909e-01 -8.859128e-01 7.814872e-03 
-1.206498e+01 -2.232696e+00 -2.422236e+00 -7.845007e+00 7.374977e+00 -2.346628e+00 -7.324706e+00 1.440916e+00 9.728479e+00 4.106574e+00 -1.107519e+00 -6.081570e+00 6.833926e-01 3.352219e-01 4.818625e-01 -9.142337e-02 -2.003304e+00 -2.496449e+00 -1.140505e+00 6.050559e-01 -3.588372e-01 -3.515721e-01 -8.672826e-01 -1.734501e-01 8.426287e-01 -8.461237e-04 
-1.228761e+01 -2.037095e+00 -3.861008e-01 -7.018234e+00 4.888203e+00 -3.106244e+00 -1.357466e+00 3.497868e+00 -1.903071e-01 -1.135906e+00 -1.531618e+00 -2.695200e+00 6.540630e-01 4.588787e-01 1.010476e+00 9.661958e-01 -1.107828e+00 -1.466670e+00 -7.483432e-01 8.473897e-01 -8.974409e-01 -1.535959e+00 -1.841297e-01 8.183787e-01 2.492049e+00 1.019180e-03 
-1.156239e+01 -2.630066e+00 -3.625971e+00 -1.456156e+01 1.797316e+00 -8.708487e+00 -7.529425e+00 -1.017883e+00 2.507148e+00 1.046999e-01 -1.099763e+00 -4.322816e-01 6.841166e-01 2.392273e-01 6.145770e-01 1.067270e+00 -4.070897e-01 6.051527e-01 2.811351e-01 5.189500e-01 -2.585748e-01 -1.671242e+00 -5.194986e-01 8.562528e-01 1.922927e+00 7.973492e-03 
-1.148711e+01 3.194807e-01 1.140601e+00 -1.102992e+01 5.528955e+00 -4.331132e+00 -5.017398e+00 -2.799248e+00 1.043412e+00 1.552112e+00 3.296307e+00 4.573938e+00 6.950442e-01 2.863960e-02 -1.840404e-01 1.236256e+00 -1.107638e-01 8.037294e-01 1.326776e+00 -6.861849e-02 9.425613e-01 -1.367893e-02 -7.728710e-01 1.429445e+00 1.422577e+00 1.174602e-02 
-1.126909e+01 -3.380988e-01 2.150764e+00 -7.874611e+00 1.008036e+01 -3.285084e-01 -2.899990e+00 3.296600e+00 7.554078e-01 1.650717e-01 7.597823e-01 -1.015066e-01 7.027695e-01 -3.606796e-04 -2.245764e-01 1.308477e+00 1.106759e-01 -3.380899e-01 1.762775e+00 1.252809e+00 1.600335e+00 -3.231840e-01 -1.141268e+00 -1.943454e-01 -8.172132e-01 -9.397077e-03 
-1.229106e+01 -4.103281e+00 2.906813e+00 -1.091553e+01 4.765326e+00 -6.623552e-01 -4.015276e+00 6.053433e+00 6.171684e-01 -5.030447e+00 4.685836e+00 4.252295e+00 7.034667e-01 -8.818607e-02 -7.790664e-01 4.411796e-01 -1.699969e+00 -1.799717e+00 2.287075e-01 5.285708e-01 1.800488e+00 -1.763201e-01 -6.033862e-01 -1.839955e+00 -1.658847e+00 -1.318081e-02 
-1.116222e+01 -1.541567e+00 2.033308e+00 -1.406538e+01 4.886807e-01 -1.728998e+00 -1.766443e+00 2.557451e+00 1.104350e+00 -2.310360e+00 -2.766255e+00 -4.357526e+00 6.329200e-01 1.436577e-02 -3.382229e-01 1.006818e+00 -1.360190e+00 -1.216228e+00 5.603279e-01 -3.487539e-02 6.447007e-01 -6.933713e-03 5.647458e-01 -1.598897e+00 -8.182623e-01 -1.501482e-02 
-1.198148e+01 -2.974117e+00 3.405227e+00 -1.643438e+01 1.326211e+00 -2.487350e+00 -2.941318e+00 6.572765e+00 -1.265931e-02 -2.271026e-01 -4.140450e+00 -1.592285e+00 6.640649e-01 9.416790e-02 1.079327e-01 4.277345e-01 -7.754895e-01 -5.946360e-02 3.402982e-01 -6.492736e-01 -1.006940e+00 1.506710e-02 1.135510e+00 -1.043418e+00 -3.005537e-01 -1.608167e-02 
-1.135205e+01 -2.593795e+00 6.935645e+00 -1.191613e+01 5.718783e+00 3.385628e+00 -3.611346e+00 6.260437e+00 1.035653e+00 5.871288e-01 -2.821560e+00 -1.270528e+00 6.473963e-01 1.129189e-01 -2.275157e-01 2.864611e-01 -1.647552e-01 5.388316e-01 -1.741084e-01 -7.868346e-01 -7.355813e-01 -7.660945e-02 -9.454595e-01 8.099559e-01 1.317162e+00 -1.052610e-02 
-1.172530e+01 -3.037503e+00 2.594317e+00 -1.586760e+01 1.852956e+00 -1.518178e+00 -6.339192e+00 -8.327591e-01 7.268524e-01 -8.016398e-01 -5.036025e-01 1.206028e+00 6.158201e-01 4.429695e-01 -3.571936e-01 4.930193e-02 -8.559275e-02 -9.152593e-02 -4.968406e-01 -5.828622e-01 -1.015452e+00 -1.162497e+00 -2.864017e+00 6.492409e-01 8.042735e-01 -1.365268e-02 
-1.072571e+01 -2.647453e+00 3.871068e+00 -1.517255e+01 2.919466e+00 -3.084126e+00 -4.001678e+00 2.582306e+00 3.515470e-01 -6.750389e+00 -5.348989e-01 8.291280e-01 6.044118e-01 6.817314e-01 1.408148e-02 -3.969198e-01 -2.279461e-01 4.946616e-02 -6.565197e-01 -9.649534e-01 -1.547231e+00 -1.774054e+00 -2.581990e+00 1.414895e-01 3.705765e-02 -1.875381e-02 
-1.007980e+01 -4.733256e+00 5.184025e+00 -1.523414e+01 2.268240e+00 -1.736676e+00 -5.660462e+00 3.334572e+00 -5.483089e+00 -1.087843e+01 -2.037576e+00 1.379254e+00 6.172937e-01 1.068042e+00 9.570966e-02 -1.905847e-03 1.391033e-01 7.875338e-01 9.370772e-01 -7.207302e-01 -8.494499e-01 5.170283e-02 -6.656439e-01 -5.871669e-01 6.676285e-02 -3.037285e-02 
-8.766147e+00 -1.675511e+00 3.656192e+00 -1.337259e+01 5.758472e+00 2.122793e-01 -8.775478e+00 -3.559386e+00 -4.729644e+00 -7.284427e+00 -1.347125e+00 -1.171853e+00 5.528905e-01 1.875255e+00 -2.524537e-01 -3.935928e-01 8.627301e-01 1.209295e+00 2.138852e+00 -1.135004e+00 -4.231126e-01 3.262003e+00 2.999166e+00 1.237559e-01 3.666043e-01 -4.827840e-02 
-7.364877e+00 -3.044926e+00 2.692226e+00 -1.607206e+01 4.371122e+00 1.519006e+00 -7.555943e+00 -2.009163e+00 3.525962e+00 -3.862840e+00 -3.033324e+00 2.540333e+00 4.897165e-01 3.409192e+00 9.113607e-01 -3.482930e-01 1.529228e+00 1.483657e+00 2.432186e+00 -4.936155e-01 9.385375e-01 3.966077e+00 3.928253e+00 5.052109e-01 -6.955803e-01 -8.191715e-02 
-2.706901e+00 -4.753886e+00 3.149004e+00 -1.043994e+01 7.914500e+00 5.982291e+00 -8.728958e+00 3.138611e+00 1.215704e+01 4.737647e+00 5.817549e-01 2.081610e+00 4.268084e-01 3.944144e+00 1.685487e-01 -1.526919e+00 2.141129e+00 8.106415e-01 3.024044e+00 -1.140578e-01 1.027033e+00 2.270012e+00 1.802510e+00 -6.449275e-02 -6.446320e-01 -1.278335e-01 
3.936531e+00 1.362735e+00 3.696154e+00 -9.054329e+00 8.608514e+00 7.539246e+00 -8.151800e+00 4.678262e+00 5.903955e+00 2.751799e+00 -4.759613e-01 -3.725379e+00 2.707490e-01 3.356515e+00 6.480356e-01 -2.660173e+00 2.940471e+00 -8.495725e-01 1.506781e+00 1.027598e+00 -1.441951e-01 -1.471485e+00 -7.279412e-01 -7.618808e-01 -1.336186e+00 -1.632582e-01 
5.303870e+00 -3.036598e+00 -4.480368e+00 -6.175814e+00 7.692984e+00 1.232238e+01 -9.047839e+00 -1.767931e+00 5.431419e+00 -1.579195e+00 -2.948270e+00 -1.262157e+00 2.320653e-02 1.476232e+00 3.960196e-01 -4.361073e+00 2.026347e+00 -1.867850e+00 -6.931337e-01 1.812740e+00 -1.140310e+00 -3.711393e+00 -2.170202e+00 -1.770218e-01 -6.911038e-01 -1.503592e-01 
5.412312e+00 -6.633923e-01 -6.793953e+00 -3.501764e+00 2.340175e-01 5.882870e+00 -2.258515e+00 -2.768674e-01 -4.686539e-01 -4.344125e+00 -5.077715e+00 -2.468715e+00 -1.247735e-01 -4.044035e-01 -2.034874e-01 -3.278025e+00 2.479336e+00 -8.926901e-01 -1.515491e+00 2.948997e+00 -4.757097e-01 -2.411642e+00 -3.880019e-01 1.509626e+00 4.454644e-01 -9.945159e-02 
3.936368e+00 -1.760725e+00 -1.341131e+01 -3.084486e+00 2.762497e+00 3.344811e+00 -2.611901e+00 -8.537319e-02 -3.213624e+00 -2.565402e+00 1.997523e+00 -2.002240e+00 -1.272261e-01 -9.983021e-01 9.706451e-01 -3.611013e-01 1.428615e+00 -4.425388e-01 -2.501122e+00 2.827347e+00 2.550511e-01 -1.785380e+00 2.096496e+00 2.130432e+00 -2.203167e-01 -3.755176e-02 
2.598265e+00 -2.926388e-01 -8.228504e+00 1.796685e+00 6.610307e+00 4.450573e+00 3.375215e+00 1.458434e+00 -1.831733e+00 1.304892e+00 4.599272e+00 -1.128015e+00 -1.512927e-01 -9.747285e-01 4.326946e-01 1.077651e+00 5.179226e-01 -1.051010e-02 -4.015604e-01 3.263596e+00 1.247314e+00 2.588352e-01 1.985854e+00 6.085427e-01 -9.100673e-02 -7.710493e-03 
1.719383e+00 1.631251e+00 -5.568599e+00 -1.681962e+00 2.292145e+00 5.329132e-01 2.272028e+00 -1.360327e+00 -2.813940e+00 6.078776e+00 2.865394e+00 -3.034091e+00 -1.512927e-01 -5.983955e-01 8.558649e-01 1.987756e+00 4.670623e-01 -1.537591e+00 -4.929085e-01 2.475510e+00 1.483777e+00 1.265314e+00 8.659986e-02 -1.545035e+00 -5.088236e-01 -4.813313e-03 
1.647161e+00 -1.959074e-01 -5.327052e+00 -1.613413e+00 4.166428e-01 5.281016e+00 1.161750e+01 6.597181e+00 6.256802e-01 1.263058e+00 -2.468937e+00 -2.407823e+00 -1.512927e-01 -3.003635e-01 1.016924e+00 1.092415e+00 1.940954e-02 -1.874450e+00 -5.667630e-01 5.417842e-01 1.133889e+00 9.052145e-01 -7.084681e-01 -1.542867e+00 -1.683262e-01 0.000000e+00 
1.419942e+00 2.470234e+00 -4.923253e+00 9.558743e-01 -1.828627e+00 4.650469e-01 5.644503e+00 4.764136e+00 1.884240e+00 -2.111485e+00 -2.193549e+00 -3.906454e+00 -1.512927e-01 -2.432835e-01 1.202676e+00 1.390662e+00 1.081764e+00 1.326979e-01 1.300274e-01 -5.114826e-01 -1.161667e-01 -3.187571e-01 -2.194196e+00 -5.137730e-01 1.890265e-01 0.000000e+00 
1.246168e+00 4.372491e+00 -3.089100e+00 5.748146e-01 -7.015594e-01 1.650692e+00 4.397898e+00 4.065647e+00 3.452494e-01 1.857682e+00 -5.855944e-01 -1.533464e+00 -1.512927e-01 -8.683214e-02 1.094969e+00 1.385245e+00 4.968443e-01 3.071662e-01 -5.675920e-01 -1.223751e+00 -1.017547e+00 -1.368183e+00 -6.044775e-01 1.478605e+00 7.878343e-01 0.000000e+00 
7.034626e-01 5.360433e+00 2.657377e-01 2.632747e+00 3.514736e+00 2.998213e+00 3.324417e+00 -6.753930e-01 -4.267510e+00 -5.189519e+00 -6.451426e-01 -2.526137e+00 -1.512927e-01 1.323102e-01 2.367685e-01 8.720546e-01 5.451764e-01 1.294351e+00 6.481478e-01 2.611662e-01 -5.103298e-01 1.756480e-02 -5.133163e-01 6.405306e-03 1.058519e+00 0.000000e+00 
1.571240e+00 3.833840e+00 -9.953216e-01 3.237247e-02 -7.192076e-01 1.176473e+00 6.658788e+00 4.229213e+00 -3.139358e+00 -2.203130e-01 4.149885e+00 8.411899e-01 -1.512927e-01 -2.312622e-02 -2.418133e-01 2.230647e-01 6.609408e-01 8.354713e-01 -4.500712e-02 6.394715e-01 7.860793e-01 1.776043e+00 -6.202430e-01 -6.284339e-01 7.978327e-01 0.000000e+00 
1.918957e+00 3.923402e+00 -1.609869e+00 3.952977e+00 4.651954e+00 3.942895e+00 5.819889e+00 2.130704e+00 3.714368e+00 -3.639069e+00 -4.529263e+00 1.988129e-01 -1.512927e-01 1.969641e-01 -1.075232e-01 -5.262055e-01 6.227654e-01 1.006686e-01 3.465912e-01 5.406862e-01 2.001666e+00 1.862371e+00 2.045128e+00 4.001856e-01 6.886542e-01 1.204491e-03 
5.227900e-01 3.881940e+00 -1.035973e+00 3.219403e+00 2.907188e+00 9.533148e-01 6.347520e+00 6.592995e+00 5.234525e+00 -2.018758e+00 -1.785704e+00 1.093224e+00 -1.512927e-01 4.593372e-03 -2.213588e-01 -4.101736e-01 7.480564e-01 5.805978e-01 1.213430e+00 -2.883516e-01 1.015212e+00 3.965702e-01 1.285778e+00 2.797787e-01 2.444329e-01 6.022453e-04 
2.212508e+00 4.798767e+00 -2.344965e+00 4.153058e+00 2.204881e+00 4.842748e+00 6.183483e+00 8.151046e+00 8.574045e-01 5.935343e+00 4.323580e+00 7.911166e-01 -1.452702e-01 1.660871e-01 -5.015787e-01 -5.246493e-01 2.300031e-01 -1.641496e-01 7.420025e-01 -5.318087e-01 1.011220e-01 -1.389008e+00 7.084700e-01 -7.844534e-02 1.370191e-02 7.722378e-05 
1.447432e+00 2.289363e+00 -2.678642e+00 3.672614e+00 3.407317e+00 6.793695e+00 5.035233e+00 6.295103e+00 2.719746e-01 1.421370e+00 1.122357e+00 1.767202e+00 -1.512927e-01 8.595155e-01 -4.489908e-01 -1.067892e+00 -6.707014e-01 -5.438620e-01 7.223562e-02 -1.149639e+00 -1.895287e+00 -7.270266e-01 1.003750e-01 -5.563382e-01 -1.496624e+00 -5.636335e-04 
2.287071e+00 2.211797e+00 -3.411781e+00 4.876387e+00 3.581141e+00 4.732718e+00 3.816989e+00 2.785260e+00 -7.493989e-01 -1.816783e+00 -6.375520e+00 -6.966662e-02 -1.509066e-01 5.214576e-01 -8.031769e-01 -8.477257e-01 -1.151075e+00 -3.948751e-01 -1.346364e+00 -8.980771e-01 -2.195271e+00 6.841197e-01 -1.268929e+00 -1.632190e+00 -1.824218e+00 -1.204491e-03 
4.783086e+00 2.930470e+00 -5.842025e+00 -4.957678e-01 -5.002519e-01 1.369508e+00 1.782571e+00 -2.005459e-01 2.402793e+00 2.359180e+00 7.821555e-01 -5.959506e+00 -1.512927e-01 2.569140e-01 -4.960386e-01 -4.731545e-01 3.403183e-01 5.964442e-01 -6.250694e-01 -2.696044e-02 -8.756838e-01 3.642203e-01 -4.553696e-01 1.269562e-01 -8.758842e-01 -3.861189e-05 
3.151969e+00 4.623291e-01 -5.001901e+00 4.818758e-01 2.184290e+00 8.230240e-01 3.319428e+00 4.225170e-01 3.212594e+00 -8.782072e-01 -3.667268e+00 -4.466621e+00 -1.512927e-01 -7.735014e-02 -3.731157e-01 -5.352249e-01 5.088043e-03 1.162063e+00 8.706766e-01 1.345622e+00 5.799553e-01 -4.076297e-02 1.198072e-01 9.220179e-01 3.670486e-01 -7.722378e-05 
2.299553e+00 6.839042e-01 -4.249355e+00 7.571461e+00 7.087964e+00 5.623196e+00 5.149211e+00 3.098055e+00 1.120799e-01 -1.324765e+00 4.030121e-01 -4.137409e-01 -1.512927e-01 -3.777981e-02 -1.042392e-01 -4.377719e-01 2.934880e-01 6.990059e-01 1.423596e+00 1.720728e+00 1.490263e+00 -6.046785e-01 -7.534888e-01 -3.695221e-02 3.232411e-01 0.000000e+00 
3.142087e+00 1.469501e+00 -6.884241e+00 8.682127e-01 5.597346e+00 6.959257e+00 8.861778e+00 4.035736e+00 1.921430e-01 6.242259e-01 -1.575858e+00 -1.007306e+00 -1.512927e-01 4.012712e-01 4.962278e-01 -6.283618e-01 -3.982115e-03 -2.188413e-01 9.267605e-01 2.657706e-01 1.421008e+00 -7.776600e-01 -5.046594e-01 -3.814159e-01 -1.440090e+00 5.146218e-03 
4.599128e+00 1.905689e+00 -7.089715e+00 7.785038e-01 1.288249e+00 5.419371e+00 7.615036e+00 5.444161e+00 8.896263e-01 -2.159481e+00 -4.483104e-01 -6.072958e+00 -1.512927e-01 3.865449e-01 6.808950e-01 -2.705598e-01 -9.480671e-01 -8.651823e-01 -4.058722e-01 -7.986242e-01 3.382033e-01 2.713748e-01 -1.325781e-02 -8.250574e-01 -8.027887e-01 2.573109e-03 
4.008537e+00 2.332576e+00 -6.723530e+00 3.858444e+00 3.989941e+00 5.558739e+00 3.415369e+00 6.354504e+00 -1.064480e+00 -2.984147e+00 -5.148686e+00 -8.837462e+00 -1.255616e-01 1.455805e-01 4.511607e-01 4.615246e-01 9.096736e-01 5.987608e-01 -8.724902e-01 -1.761758e+00 -4.167374e-01 -9.627328e-01 -4.102905e-01 -1.711253e-01 3.726773e-01 0.000000e+00 
3.799052e+00 3.656842e+00 -5.682509e+00 1.336010e+00 3.565755e+00 4.294094e+00 3.879295e+00 3.629688e+00 2.097265e+00 4.131320e-01 -1.935861e+00 -5.126066e-01 -1.512927e-01 -2.081804e-01 -1.155629e-02 3.432099e-01 1.165950e+00 1.124441e+00 -2.282838e-01 -7.862274e-01 -1.215083e+00 -2.209568e+00 -5.110952e-01 -1.251677e-01 4.152033e-01 -2.573109e-03 
4.270027e+00 2.849728e+00 -5.280221e+00 5.137827e+00 7.452398e+00 3.159444e+00 1.920856e+00 2.859286e+00 -5.225340e+00 -2.713533e+00 -1.687709e+00 -1.924095e+00 -1.512927e-01 -4.149466e-01 -6.644047e-01 1.475802e-01 8.285868e-01 2.380486e-01 -4.430016e-01 -2.386471e-02 -2.313898e+00 -1.596599e+00 6.328521e-01 1.502640e+00 6.169109e-01 -4.250145e-03 
3.427481e+00 1.589331e+00 -6.095320e+00 5.968561e+00 5.179225e+00 5.477599e+00 4.431155e+00 1.116352e+00 -8.077784e+00 -4.850264e+00 -2.804637e+00 -7.453625e+00 -1.512927e-01 -2.473716e-01 -9.127366e-01 -5.020918e-01 -3.480988e-01 -1.314588e+00 -7.758836e-01 -1.089917e-01 -2.175004e+00 -1.312932e+00 7.233232e-01 1.141704e+00 -2.529308e-01 4.480362e-04 
2.119590e+00 4.430795e-02 -5.779223e+00 5.685102e+00 4.373448e+00 2.751979e+00 3.020115e+00 -3.958318e+00 -3.959950e+00 2.811812e+00 2.798900e+00 -2.282399e+00 -1.468123e-01 -7.510567e-02 2.922893e-01 7.207748e-01 -2.061912e+00 -2.501175e+00 -1.103675e+00 -1.305870e-01 -6.957691e-01 1.334850e+00 2.035123e+00 7.693869e-01 2.476758e-01 0.000000e+00 
3.637413e+00 4.958692e-01 -7.943467e+00 -6.781216e-01 -1.467708e+00 6.184082e-01 2.784706e+00 -3.836532e+00 -5.100089e+00 1.267075e+00 1.529356e+00 -1.598109e+00 -1.512927e-01 4.487173e-01 1.179714e+00 1.641473e+00 -7.067140e-01 -9.302064e-01 -3.315640e-01 2.530065e-01 2.299425e-01 1.387043e+00 1.227369e+00 -6.215744e-01 1.713329e-01 3.468037e-04 
3.789533e+00 4.857905e+00 -7.522737e-01 -1.848390e+00 -1.730013e+00 7.066655e-02 2.091146e+00 1.856882e+00 -3.993559e-02 4.403411e+00 -7.771611e-03 -3.613474e+00 -1.512927e-01 6.631695e-01 1.465882e+00 1.829763e+00 7.913128e-01 3.460584e-01 9.358938e-01 9.657081e-01 9.828562e-01 3.712255e-01 -5.418355e-01 -2.065468e+00 -1.163136e+00 2.961874e-04 
4.836096e+00 5.081103e+00 -4.014277e-01 6.201737e+00 3.579924e+00 5.160435e+00 6.160673e+00 -6.415358e-01 -3.102578e+00 4.907812e-01 -4.509173e+00 -5.931422e+00 -1.473185e-01 3.443929e-01 9.393665e-01 1.543493e+00 2.180984e+00 1.540520e+00 1.417382e+00 1.082146e+00 3.891575e-01 9.323797e-02 -5.465218e-01 -1.657846e+00 -1.098458e+00 1.192260e-03 
