1.058346e+00 1.399335e+00 -9.676139e+00 -9.125504e-01 1.126576e+01 3.574385e+00 -1.872210e+00 6.445044e+00 2.276031e+00 -5.592752e+00 -8.478893e+00 -1.260674e-01 -7.011998e-02 -2.337484e-01 -4.541872e-01 -3.981702e-01 -1.216940e+00 -1.023772e+00 -2.396421e+00 2.781891e-01 1.546500e-01 1.270267e+00 7.108607e-01 1.642755e+00 2.755551e-01 -5.910575e-03 
-3.804913e-01 -6.868794e-01 -1.257145e+01 -5.941886e+00 9.542955e+00 -2.154880e-01 1.799442e+00 8.661756e+00 4.282696e+00 -5.874525e+00 -5.153351e+00 -1.291319e+00 -8.429432e-02 1.786243e-01 4.287189e-01 3.583230e-01 -6.483275e-01 -1.562558e+00 -1.685532e+00 4.419126e-02 -2.499397e-01 1.125864e+00 4.105445e-01 1.757633e+00 1.829107e-01 -8.872080e-03 
6.090221e-01 1.715066e-01 -1.021934e+01 -4.482584e+00 7.008304e+00 -6.512782e+00 -2.317091e+00 6.109938e+00 7.624033e+00 -1.897561e+00 -1.927888e+00 1.834334e+00 -9.258568e-02 -4.111414e-02 9.023451e-01 5.697221e-01 -5.007343e-01 -2.299963e+00 -7.208358e-01 4.104145e-01 8.264426e-01 -2.342687e-02 1.134911e+00 1.502858e+00 5.078800e-01 1.756999e-02 
2.176129e+00 4.156844e+00 -7.612925e+00 -2.369171e+00 5.581704e+00 1.903100e-01 -1.428813e+00 5.362898e+00 5.231350e+00 -5.387624e+00 -2.966230e+00 -1.917143e-01 -1.032475e-01 -2.884506e-01 1.166687e+00 5.991642e-01 -3.751228e-02 -2.845765e+00 1.646506e-01 -2.291383e-01 1.614952e+00 -1.970355e+00 9.312016e-01 5.102004e-01 1.405650e-01 4.504445e-02 
-4.255352e-01 3.489199e+00 -9.306788e+00 -5.202579e+00 1.746571e+00 -2.326927e-01 1.793990e+00 1.222669e+01 1.684570e+00 -1.616476e-01 -2.058166e+00 1.863530e+00 2.720660e-02 -7.806628e-01 2.920463e-01 1.107133e-01 -1.193920e+00 -2.116913e+00 2.719963e-01 1.107476e+00 7.696603e-01 -1.222158e+00 1.366935e+00 1.217086e+00 -3.985051e-01 1.336006e-02 
-1.305466e+00 3.487709e+00 -1.003190e+01 -5.769450e+00 -2.055004e+00 -2.532279e+00 -1.401790e+00 1.367814e+01 -2.599346e+00 -2.086474e+00 -2.537210e+00 -6.030921e-01 8.103180e-02 -6.968503e-01 -4.899344e-01 -3.345717e-01 -1.521467e+00 -3.920487e-01 1.633188e-01 1.357571e+00 -3.887113e-01 -6.025679e-01 1.354907e+00 1.484723e+00 -6.196793e-01 -1.723223e-02 
-1.553494e+00 1.966306e+00 -8.456284e+00 -8.752044e+00 2.420921e-01 -3.791506e+00 3.206777e+00 5.800616e+00 5.428592e+00 3.286540e+00 3.943032e+00 4.749703e-02 -1.179250e-01 -4.417395e-01 -7.531322e-01 1.674397e-01 -9.186950e-01 3.132240e-01 -2.375355e-02 6.506837e-01 -1.256019e+00 1.441781e+00 1.108656e-01 1.278822e+00 -5.212627e-01 -5.138033e-02 
-7.441425e-01 2.468619e+00 -9.711036e+00 -8.201775e+00 4.373700e+00 2.786311e+00 4.652647e+00 6.632376e+00 3.464990e-01 -3.371802e-01 1.456787e+00 -2.382094e+00 -1.168429e-01 -2.870359e-01 -5.540219e-01 4.799969e-01 -4.034761e-01 1.008034e+00 -3.374004e-03 3.181542e-01 -1.037927e+00 2.279845e+00 1.144390e+00 1.851387e-01 3.875615e-01 -4.460747e-02 
-2.914894e+00 2.330837e-01 -8.630021e+00 -8.579892e+00 9.833908e-02 -3.010756e+00 2.020190e+00 9.469476e+00 7.420550e+00 -4.819661e-01 2.338947e+00 1.467180e-01 -1.307577e-01 -7.277881e-01 5.394130e-01 8.228800e-01 8.373313e-01 1.590617e+00 5.444575e-01 -1.269004e+00 6.068195e-01 9.781876e-01 2.704821e-02 -1.684218e+00 6.608021e-02 -5.670690e-03 
-2.059945e+00 1.584211e+00 -7.545045e+00 -7.872907e+00 3.057043e+00 -2.939525e+00 7.822752e-01 6.654081e+00 7.803900e+00 5.519730e+00 -8.094738e-01 1.285105e+00 -1.355892e-01 -1.241068e+00 5.690091e-01 1.543304e+00 1.306517e+00 2.173127e+00 1.042211e+00 -1.048656e+00 -1.276264e+00 1.723577e-01 -3.130518e-01 -5.607619e-01 2.006504e-02 -7.072425e-03 
-4.534534e+00 5.105575e+00 -5.424880e+00 -4.729821e+00 8.853507e+00 1.793699e+00 -1.203054e+00 8.823861e+00 6.590830e+00 4.933259e-01 -3.344930e+00 -1.455701e+00 -1.369053e-01 -3.701986e-01 1.685951e+00 1.915583e+00 1.392381e+00 2.389747e+00 2.496328e+00 3.078522e-01 -2.805869e+00 -2.378302e+00 -9.264838e-01 2.016176e-01 -1.870552e-01 -4.549956e-03 
-6.139665e+00 2.877419e+00 -3.597087e+00 -3.594224e+00 1.086175e+01 5.595138e+00 1.020988e+00 5.738631e-01 1.623148e+00 -2.390085e+00 1.494916e+00 -1.480559e+00 -1.491312e-01 -6.107963e-01 5.733337e-01 1.328261e+00 1.264159e+00 1.301513e+00 1.909251e+00 1.150620e+00 -2.014145e+00 -2.387233e+00 -1.181626e+00 6.502206e-01 -5.648857e-01 -2.278829e-03 
-2.726027e+00 8.016233e+00 -1.026084e+00 -3.757329e+00 8.144719e+00 5.203554e+00 3.440094e+00 -1.519761e+00 -1.380585e+00 -1.159478e+00 2.194840e+00 5.942738e-01 -1.467365e-01 -8.135435e-01 -4.312817e-01 7.009117e-01 7.630207e-02 -9.848177e-01 3.072303e-01 1.357165e+00 -1.684243e+00 -1.783220e+00 -2.419730e-01 5.238172e-02 -1.098011e+00 1.843500e-03 
-6.018180e+00 2.995550e+00 -3.103137e+00 -2.038356e+00 9.919002e+00 4.901805e+00 4.213802e+00 1.755168e+00 -1.465565e-01 4.380021e-01 -3.282558e-01 -2.564312e+00 -1.420678e-01 -6.401917e-01 -8.663321e-03 4.078342e-02 -2.396716e-01 -1.324296e+00 -8.569483e-01 9.615646e-02 -8.071496e-02 -5.731777e-01 3.932300e-02 -8.853222e-01 -1.047444e+00 1.119399e-03 
-8.662993e+00 2.890101e+00 -2.167296e+00 -5.126245e+00 4.400794e+00 3.676517e+00 3.986364e+00 -1.880061e-01 -1.440416e+00 -2.130583e+00 -2.171435e+00 -6.403878e+00 -1.312195e-01 -5.991503e-01 -5.894887e-01 -3.063551e-01 -3.335102e-01 -3.367494e-01 4.247848e-01 9.581303e-03 3.137623e-01 -4.311299e-03 5.139156e-01 -6.001261e-01 -1.209933e+00 -1.833725e-03 
-6.372140e+00 5.397168e+00 -2.822564e+00 -4.108124e+00 6.112233e+00 2.073915e+00 1.228635e+00 -4.955891e-01 -1.212825e+00 -1.707918e+00 -7.485576e-01 -3.218704e+00 -1.512927e-01 2.229839e-01 6.055028e-01 1.255134e-01 -4.867675e-01 -4.425293e-01 9.177231e-01 -5.017258e-01 -9.291247e-01 -7.279848e-01 -2.859006e-02 3.710303e-01 4.381265e-01 -3.307462e-03 
-5.544799e+00 3.867981e+00 -2.698146e+00 -4.389996e+00 8.364357e+00 8.741423e+00 4.980585e+00 1.174429e+00 -8.690072e-01 2.483060e+00 -5.956392e-01 -5.128196e+00 -1.512927e-01 3.949615e-01 3.646453e-01 3.365121e-01 7.918620e-01 2.167987e-01 4.828229e-01 -8.482007e-01 -1.214139e+00 -8.063510e-01 8.437196e-01 9.801025e-01 2.065687e+00 -2.284002e-03 
-6.462358e+00 5.534124e+00 -2.210145e+00 -4.840318e+00 5.724574e+00 6.957968e+00 1.208063e+00 -3.571673e+00 -4.072185e+00 -2.011770e+00 7.389975e-01 -1.011520e+00 -1.485685e-01 -2.995491e-02 -1.092492e-01 -6.153436e-02 -1.867428e-01 4.396504e-01 -9.204392e-02 -6.357013e-01 -6.208125e-01 4.409681e-02 7.929427e-01 1.723154e-01 4.998014e-01 7.291079e-04 
-6.643077e+00 4.644850e+00 -7.909445e-01 -8.008380e-01 5.678617e+00 3.648606e+00 -2.443533e-01 -4.720660e+00 -4.042491e+00 2.239942e+00 1.985300e+00 2.820966e+00 -1.440016e-01 5.736620e-01 -1.965652e+00 1.387959e-01 3.656788e-01 -1.695544e+00 -2.637677e+00 4.913492e-01 8.549881e-01 8.974309e-01 4.710697e-01 1.108447e-01 5.082604e-01 1.960921e-02 
-5.972775e+00 4.462488e+00 -4.083836e+00 -6.836417e+00 9.653356e+00 4.160104e+00 6.625972e-01 -6.521071e-01 5.944006e-01 2.378355e+00 -1.177450e+00 -4.694278e+00 -1.512927e-01 3.100642e+00 -3.459556e+00 1.128663e+00 5.943638e-01 -2.422551e+00 -4.569133e+00 1.453422e+00 -4.317843e-01 2.253500e+00 2.562138e+00 -2.080285e+00 1.033584e-01 1.342458e-01 
-2.921280e+00 -5.424462e+00 -1.067320e+00 -1.563553e+00 -2.077752e+00 -3.048028e+00 7.710063e+00 3.989587e+00 1.284855e+00 2.643346e+00 9.168079e-01 -7.455151e-01 -5.188453e-02 4.063781e+00 -3.439599e+00 1.587697e+00 1.079061e+00 -3.956817e+00 -4.863616e+00 5.797892e-01 -1.372164e+00 3.640597e+00 3.055388e+00 -1.827472e+00 -2.208754e-01 2.047701e-01 
7.179954e+00 -6.729000e+00 3.571360e+00 -1.487142e+00 -2.509998e+00 -1.253938e+01 4.497967e+00 -1.008572e+01 4.531642e+00 1.059722e+01 -9.128183e+00 1.288512e+00 4.766021e-01 2.702034e+00 -8.946151e-01 1.203620e+00 1.093081e+00 -2.976894e+00 -4.272082e+00 9.028784e-01 -1.867496e+00 1.940407e+00 1.926090e+00 2.507694e-01 -9.345020e-01 2.272353e-01 
7.099462e+00 -6.957401e+00 3.319942e+00 1.919831e+00 -8.023791e+00 -1.231973e+01 7.369077e-01 -6.864675e+00 1.219187e+01 1.340745e+01 -3.176694e+00 -1.274806e+00 5.659016e-01 1.077792e+00 6.206749e-01 8.064327e-01 -3.693202e-01 -1.826087e+00 -1.476106e+00 -1.113266e-01 -1.278857e+00 2.813232e+00 8.410730e-02 1.066542e+00 -1.159813e+00 1.765796e-01 
2.527025e+00 7.558815e-01 -2.593654e-01 -3.112702e+00 -2.258096e+00 -1.256446e+01 8.663567e+00 -4.562454e+00 4.842927e+00 6.626753e+00 2.123148e+00 -9.102142e+00 6.759907e-01 8.991789e-01 -1.204584e+00 3.269796e-01 5.727970e-01 -3.318563e+00 2.877531e+00 -1.019090e+00 1.824822e+00 8.060996e-01 -1.653175e+00 1.979378e+00 -2.293835e-01 7.437067e-02 
4.794145e+00 -6.063529e+00 4.880205e+00 -2.597374e+00 -1.133414e+01 -1.041602e+01 5.070631e+00 -5.166331e+00 1.519537e+01 5.049116e+00 6.238528e-01 -1.349251e+00 7.313191e-01 2.696675e+00 -3.825336e+00 7.245100e-01 1.464585e+00 -4.474704e+00 4.061067e+00 -2.901678e+00 1.630964e+00 -6.640912e-01 -1.339667e+00 1.600447e-01 1.187364e+00 8.060846e-02 
1.282851e+01 -1.319885e+01 4.426126e+00 3.635446e+00 -1.744764e+01 8.964195e-01 -2.764346e+00 -1.810777e+00 7.060391e+00 6.510512e+00 -1.131568e+00 1.788168e-01 7.657467e-01 3.473180e+00 -4.841001e+00 4.926081e-01 2.587214e+00 -3.831196e+00 2.428406e+00 -4.372302e+00 1.253832e+00 -7.095057e-01 4.765271e-01 -9.924716e-01 2.192455e+00 7.056247e-02 
1.543210e+01 -1.910671e+01 4.599746e+00 5.868681e+00 -2.280254e+01 1.255163e+00 -8.057526e+00 -8.569574e-02 7.762686e+00 6.767235e+00 -7.491131e-01 2.153301e-02 9.240659e-01 1.946096e+00 -2.699633e+00 -2.039530e-01 2.730759e+00 -1.614103e+00 2.220986e-01 -2.544905e+00 6.317486e-01 -2.911931e+00 7.755284e-01 -5.478547e-01 7.169751e-01 7.040447e-02 
1.457395e+01 -1.692753e+01 2.343904e+00 5.590343e+00 -1.567988e+01 -6.258014e+00 -6.633863e+00 -8.336136e-01 5.011742e+00 8.150330e+00 -2.152727e+00 1.174738e+00 9.324297e-01 -3.449638e-01 -3.282349e-01 5.845568e-01 1.718774e+00 -9.208025e-01 -1.419374e+00 -4.424595e-01 -2.924163e-01 -2.137603e+00 -2.186680e-01 1.888692e-01 1.050129e+00 5.303812e-02 
1.365191e+01 -1.769736e+01 4.901551e+00 1.007897e+01 -2.028853e+01 -5.728310e+00 -5.719139e+00 -2.496170e+00 1.660042e+00 8.106850e+00 -1.604841e+00 1.737664e+00 1.000000e+00 -1.059932e+00 1.206720e+00 9.876280e-01 1.289887e+00 2.899031e-01 -1.091920e+00 6.234832e-01 -9.358673e-01 -2.225648e+00 -7.757381e-01 -5.866289e-03 1.473459e+00 1.071581e-02 
1.199378e+01 -1.554471e+01 7.198008e+00 1.012417e+01 -2.330865e+01 -2.708713e+00 -6.145836e+00 -2.067622e+00 -5.763036e-01 4.747365e+00 2.406425e-01 4.571398e+00 9.929703e-01 -9.269888e-01 1.141304e+00 9.495506e-01 1.035291e+00 2.939653e-01 -1.062607e-01 6.854600e-01 -7.855548e-01 -1.652837e+00 -1.453429e+00 5.619545e-02 1.342338e+00 -7.376361e-03 
1.142252e+01 -1.376453e+01 7.110834e+00 1.005120e+01 -1.753864e+01 -5.979090e+00 -5.184123e+00 -4.148028e+00 -5.715309e-01 4.590026e+00 -1.975129e+00 5.690499e+00 9.473747e-01 -3.811777e-01 1.102049e+00 6.258749e-01 9.540609e-01 1.006462e-01 1.261066e+00 -6.673291e-01 -3.714030e-01 -5.701196e-01 -2.459967e+00 9.429958e-02 6.041919e-01 -2.926741e-02 
1.105370e+01 -1.318743e+01 5.987016e+00 1.078069e+01 -1.558500e+01 -6.663927e+00 -3.474071e+00 -3.935458e+00 -2.136658e+00 2.641594e+00 -1.686605e+00 5.910010e+00 9.218605e-01 -6.008001e-02 8.117374e-01 4.571182e-01 1.264939e+00 -9.084759e-02 9.499881e-01 -3.244846e-01 -7.811979e-01 -5.939916e-01 -1.643059e+00 -1.083555e+00 5.382644e-01 -3.030441e-02 
1.221606e+01 -1.336575e+01 8.636421e+00 1.452102e+01 -2.364713e+01 2.554626e+00 -1.039167e+01 -3.419267e+00 -4.103792e-01 -3.140099e+00 -1.697193e-01 4.089317e+00 8.892179e-01 -3.211201e-01 9.996899e-01 7.331655e-01 1.335982e+00 -1.014192e+00 1.362724e+00 -4.116880e-01 -5.481393e-01 -1.054427e+00 -1.170803e+00 -1.237293e+00 7.427161e-01 -2.763447e-02 
1.129661e+01 -1.168541e+01 8.720805e+00 1.421396e+01 -2.070864e+01 -2.225631e+00 -5.164487e+00 -6.337992e+00 -3.626838e+00 3.971318e-01 -6.079840e+00 8.063311e+00 8.705267e-01 -3.471330e-01 9.462840e-01 1.463431e+00 7.189692e-01 -4.194277e-01 6.263906e-01 2.803437e-01 -1.008880e+00 -7.374016e-01 -9.704661e-01 -1.101355e+00 6.993731e-01 -3.002030e-02 
9.695461e+00 -9.517087e+00 9.409767e+00 1.501448e+01 -2.004777e+01 -1.384617e+00 -6.397355e+00 -5.687458e+00 -5.098577e+00 -1.417575e-01 -5.964979e+00 8.327430e+00 8.348693e-01 -3.035024e-01 1.106411e+00 1.254102e+00 1.076151e-01 8.981279e-01 -4.912909e-01 1.219836e+00 -9.784778e-01 -3.934918e-01 -1.130903e+00 -3.514421e-02 2.206158e-01 -4.243047e-02 
1.057833e+01 -1.038034e+01 1.291750e+01 1.412880e+01 -1.948182e+01 -1.562352e+00 -4.069509e+00 -7.845761e+00 -3.479567e+00 -3.709907e+00 -4.295752e+00 7.287820e+00 7.989333e-01 8.098327e-02 1.140604e+00 9.650728e-01 6.468678e-01 3.405609e-02 2.502460e-01 4.622700e-01 -4.981589e-01 2.117577e-01 -1.824101e+00 1.019419e+00 -6.482562e-01 -5.715534e-02 
1.105769e+01 -8.486232e+00 1.280858e+01 1.510167e+01 -1.976991e+01 -2.334676e-01 -4.839979e+00 -7.557772e+00 -2.451474e+00 -6.741095e+00 -1.237484e+00 5.580141e+00 7.128622e-01 8.984146e-02 1.292593e+00 3.869675e-01 8.459362e-01 -7.489166e-02 -6.620973e-01 5.984858e-01 -6.440287e-01 1.179920e-01 -1.082389e+00 7.619544e-01 -6.571010e-01 -6.293966e-02 
1.102042e+01 -6.497817e+00 1.184676e+01 1.740470e+01 -2.067730e+01 -1.549976e+00 -3.631825e+00 -7.893630e+00 -3.891601e+00 -5.423706e+00 -3.346491e+00 6.195674e+00 6.457535e-01 -1.129169e-01 1.721013e+00 -4.487348e-01 2.716665e-01 8.078213e-01 -1.502025e+00 1.038327e+00 -8.568171e-01 -4.392842e-01 -1.175324e-01 -8.672476e-02 2.567932e-01 -6.174893e-02 
9.923626e+00 -4.995384e+00 1.187997e+01 1.760621e+01 -1.982449e+01 -4.701292e+00 -3.623767e+00 -8.883667e+00 -4.302600e+00 -4.696805e+00 -2.629838e+00 5.587997e+00 5.967609e-01 -2.493021e+00 3.483627e+00 -1.162726e+00 -2.555754e+00 4.596080e+00 -3.606618e+00 7.250192e-01 1.067810e+00 -1.915092e+00 2.353308e-01 4.509238e-01 -4.109792e-01 -3.031234e-02 
1.058078e+01 -3.520699e+00 1.113813e+01 1.423487e+01 -1.541542e+01 -6.838566e+00 5.140219e-01 -1.146690e+01 -4.750425e+00 -5.319714e+00 -4.033199e+00 8.567858e+00 5.482394e-01 -3.906161e+00 4.892206e+00 3.885831e-01 -3.276453e+00 5.697093e+00 -3.968082e+00 1.094062e+00 2.983673e+00 -2.782570e+00 -1.826364e-01 1.939104e+00 -4.176455e-01 -3.446292e-02 
-1.187598e+00 7.443345e+00 7.349266e+00 3.907815e+00 5.795584e-01 -1.562226e+01 -3.287807e+00 -4.320858e-01 -1.159752e+01 -5.616437e+00 1.360488e+00 2.339154e+00 6.100576e-01 -1.800596e+00 4.189233e+00 9.550015e-01 -2.283267e+00 3.813159e+00 -3.140282e+00 3.040500e-01 2.559484e+00 -8.890317e-01 -1.375674e-01 1.293310e+00 -7.479227e-01 -5.638982e-02 
-2.954775e+00 1.174385e+01 1.605503e+01 7.871628e+00 -2.393854e+00 -1.592990e+01 1.670506e+00 2.798943e+00 -1.415699e+01 -5.877072e+00 4.353864e+00 5.731869e+00 4.667906e-01 -2.924501e-01 3.392989e+00 -9.203434e-03 -9.899343e-01 1.469468e+00 -3.860088e-01 -1.876241e+00 -5.004032e-01 -1.844007e-01 -7.244403e-01 1.561428e+00 -6.976005e-01 -9.859056e-02 
7.688426e+00 8.318507e+00 1.419653e+01 9.371492e+00 -7.269476e+00 -1.585703e+01 -2.681759e+00 -3.219165e+00 -4.044476e+00 -5.105963e+00 -3.568196e-01 3.266379e+00 3.555362e-01 1.200252e+00 -2.939139e-01 -3.111392e+00 -1.378773e+00 6.142998e-03 2.264982e+00 -3.115684e+00 -2.891632e+00 1.085039e+00 -2.328087e-01 -1.077279e-02 -1.785318e-01 -1.636916e-01 
4.680515e+00 1.300666e+01 7.668481e+00 6.553358e+00 -4.143559e+00 -8.651224e+00 -9.170206e+00 -1.257538e+01 -9.448953e+00 -9.197152e+00 4.632596e+00 4.616242e+00 1.825473e-01 -8.430387e-01 -1.805593e+00 -5.933853e+00 -4.585931e+00 1.360229e+00 3.855516e+00 -2.719045e+00 -1.588927e+00 1.858794e+00 9.406685e-01 4.925125e-01 -1.193631e+00 -1.554741e-01 
9.960184e-01 5.342368e+00 -4.014420e+00 -2.326915e+00 1.485126e+00 -7.936688e+00 -1.344587e+01 -7.203087e+00 -8.526344e+00 -5.120440e+00 1.167259e+00 2.004308e+00 -6.627870e-02 -3.513910e+00 -1.327177e+00 -3.740770e+00 -3.685088e+00 3.146826e+00 3.801100e+00 1.751605e+00 1.608711e+00 1.314417e+00 1.240938e+00 1.360622e+00 9.691200e-02 -1.274140e-01 
-3.823765e+00 4.203949e+00 -4.508761e+00 -9.208826e+00 2.999020e-02 -6.124945e-01 -6.542665e+00 -3.153730e+00 -2.622086e+00 -1.166491e+00 6.054388e+00 3.947484e-01 -9.967256e-02 -4.293975e+00 -2.615870e+00 2.839370e-01 -1.528230e+00 3.952579e+00 2.107191e+00 2.695129e+00 5.776625e+00 3.567532e+00 -3.116561e-01 9.779570e-01 -8.117281e-01 -2.288387e-02 
-5.628986e+00 6.083981e+00 1.581300e+00 -1.172856e+00 6.377878e+00 -8.709002e-01 4.762494e+00 1.135681e-01 -8.858258e-01 -2.916604e+00 5.735393e+00 5.861686e+00 -1.404240e-01 -4.085713e+00 -9.881258e-01 3.298851e+00 7.970619e-02 4.248705e+00 2.585476e+00 9.669754e-01 4.574796e+00 4.468008e+00 -1.158420e+00 1.427715e+00 -1.525134e+00 7.068653e-02 
-1.347686e+01 -4.434915e-01 6.290306e+00 -1.664820e+00 1.317296e+01 -1.648163e+00 -4.798742e+00 1.264942e+01 4.568448e+00 -1.185735e+01 7.238314e+00 -1.371087e+00 1.052006e-01 -1.462495e+00 -1.929454e-01 1.188900e+00 9.700072e-01 3.127937e+00 1.585555e+00 7.152176e-02 1.568288e+00 1.459853e+00 2.719408e-01 1.548890e-01 -1.741726e+00 2.515380e-02 
-1.460600e+01 2.725459e+00 7.080301e+00 -5.700387e+00 1.615717e+01 5.508527e+00 -9.482952e+00 7.769317e+00 1.021843e+01 -5.567111e+00 7.713870e+00 -4.738446e+00 1.847174e-01 3.993364e-01 3.206517e-01 -1.169401e+00 -4.876489e-01 3.694522e-02 1.846401e+00 1.430318e-01 -1.590175e+00 3.117735e-01 3.288604e+00 -9.977436e-02 -1.025354e+00 -2.501883e-02 
-6.647735e+00 4.918483e+00 -1.313763e+00 -2.095024e+00 1.078003e+01 4.125566e+00 9.376674e-01 8.598334e-01 -8.749478e-01 1.518466e+00 5.839594e+00 -3.013815e+00 -1.364743e-01 1.991670e+00 1.335701e+00 -2.381947e+00 -2.777321e-01 -2.070308e+00 1.494245e+00 3.002331e+00 -3.807486e+00 -2.730407e+00 4.311475e+00 -3.580284e-03 1.021195e+00 -8.423846e-02 
-7.046866e+00 5.006252e+00 -4.636701e-01 -3.395998e+00 7.759070e+00 5.474242e+00 2.609448e+00 -1.942514e+00 3.394739e+00 6.838509e+00 5.935881e+00 1.556279e+00 -1.446807e-01 1.501931e+00 5.848293e-01 -1.597139e+00 9.188137e-02 -1.943867e+00 1.974218e-01 2.421228e+00 -1.573418e+00 -3.842247e+00 9.130794e-01 -4.269254e-01 1.438824e+00 -6.868385e-02 
-7.298076e+00 5.094616e+00 -1.847441e+00 -4.205675e+00 7.020469e+00 5.840204e+00 4.166714e+00 -1.532094e+00 -5.671742e+00 3.497214e+00 8.109407e+00 5.875261e-01 -1.512927e-01 -4.164238e-02 3.462100e-02 4.156128e-01 -1.962747e-01 -3.450126e-01 8.742622e-01 6.627681e-01 4.863870e-01 -1.260121e+00 1.898786e-01 2.337565e-01 1.064072e+00 -3.624880e-03 
-6.771171e+00 5.561540e+00 -6.385549e-01 -4.185655e+00 8.317613e+00 5.638316e+00 1.008662e+00 1.098191e+00 -6.594410e+00 -1.991087e+00 4.444337e+00 6.550040e-01 -1.512927e-01 1.444239e-01 -3.171251e-01 -6.030903e-02 9.110860e-02 9.546518e-01 1.784482e-01 -6.262744e-02 1.319015e+00 -2.382094e-01 -1.725610e-01 -6.055642e-01 -4.454218e-01 -1.322389e-03 
-6.993794e+00 4.813945e+00 8.517433e-01 -2.681569e+00 8.775697e+00 8.414841e+00 5.051902e+00 1.771415e+00 -2.180976e+00 6.882657e+00 7.754148e+00 2.757182e+00 -1.512927e-01 2.855444e-01 -2.453157e-01 -1.651244e-01 -7.448510e-02 4.786430e-01 3.066333e-01 -6.773923e-02 1.618349e+00 2.543511e+00 1.971717e-01 -1.022668e+00 -5.556166e-02 0.000000e+00 
-6.476888e+00 3.560962e+00 -2.114807e+00 -3.702508e+00 1.165472e+01 5.079165e+00 1.853718e+00 3.000807e+00 4.583092e-01 4.282982e+00 3.085689e+00 -1.755658e+00 -1.512927e-01 1.815281e-01 -2.409163e-01 -7.274542e-01 2.599092e-01 -6.361157e-01 -1.636057e-01 -4.021768e-01 2.220025e-02 1.941813e+00 2.695283e-01 -9.574999e-01 -1.329436e+00 0.000000e+00 
-6.017495e+00 4.868326e+00 -1.934937e+00 -4.819674e+00 7.745132e+00 7.652946e+00 3.405490e+00 5.608343e+00 3.519451e+00 1.346038e+00 3.675394e+00 1.515049e+00 -1.512927e-01 -1.635189e-02 1.386211e-01 -7.551566e-01 -3.053091e-01 -8.612696e-01 -1.089507e+00 -8.536518e-01 -1.894933e-01 -5.259854e-01 -1.686025e+00 -1.850745e+00 -1.697809e+00 1.398063e-03 
-6.351680e+00 4.329767e+00 -2.882486e+00 -1.817057e+00 5.652316e+00 5.201235e+00 -1.790164e-01 -7.092709e-01 2.644434e-01 2.124864e+00 1.696215e+00 -5.371107e+00 -1.512927e-01 -1.556580e-01 5.586406e-01 -3.075468e-01 -1.426005e-01 -2.168615e-01 -5.218599e-01 -3.120821e-01 1.698903e-01 -9.577018e-01 -1.201963e+00 -1.529517e+00 -5.478719e-01 2.890575e-03 
-7.138158e+00 5.122647e+00 -2.540200e+00 -5.150841e+00 7.470548e+00 2.906272e+00 1.800009e+00 2.678988e+00 -4.713969e+00 -4.684085e-01 -8.048396e-01 -3.924136e+00 -1.443024e-01 -2.052654e-01 -3.382123e-02 1.643455e-01 1.078742e-01 3.534154e-01 -6.403466e-01 1.760959e-01 -1.282659e-02 -7.560164e-01 -5.262790e-01 -7.922131e-01 -4.537816e-01 1.095772e-03 
-6.694846e+00 6.227004e+00 -3.349909e+00 -4.249928e+00 1.070770e+01 4.843203e+00 1.096047e+00 5.314936e+00 -2.134889e-01 -8.196077e-01 -2.321779e+00 -1.775425e+00 -1.403350e-01 -1.113735e-01 -2.224749e-01 7.316420e-01 -1.711968e-01 -7.839341e-02 1.924942e-02 1.292834e+00 8.385952e-01 9.132441e-01 5.576153e-01 4.878081e-01 2.568064e-01 8.346677e-04 
-6.872239e+00 3.750601e+00 -8.794975e-01 -3.063868e+00 6.984517e+00 4.630229e+00 3.648438e+00 2.532106e+00 -2.166414e-02 1.868782e-01 1.723325e+00 -2.551701e+00 -1.512927e-01 2.245445e-01 -4.023450e-01 -3.736896e-02 2.566040e-01 -5.815777e-01 -1.035003e+00 -1.048594e-01 -3.695207e-01 8.189758e-01 8.410234e-01 1.294955e-01 -2.547188e-01 -1.726985e-03 
-7.041507e+00 3.903416e+00 -5.462742e-02 -3.716527e+00 5.503365e+00 4.435503e+00 5.360939e+00 3.557146e+00 2.484511e+00 4.585297e+00 2.871172e+00 -4.773293e+00 -1.436242e-01 3.930111e-02 -6.644952e-01 -7.548811e-01 -2.076209e-01 -8.156585e-01 -1.241271e+00 -8.686525e-01 -1.901465e+00 -8.626493e-01 -2.186623e-01 -3.582125e-01 -5.711731e-01 7.978201e-04 
-5.842105e+00 4.272717e+00 -4.374686e+00 -4.134521e+00 7.164827e+00 -2.064895e+00 -8.567333e-01 1.710280e+00 -1.968090e+00 1.034256e+00 -2.753838e+00 -3.698796e+00 -1.512927e-01 7.249489e-02 1.879951e-02 -1.453283e+00 -4.134914e-01 5.019795e-01 -5.614953e-01 -3.388014e-01 -1.311355e+00 -9.017423e-01 -6.015693e-01 -5.786354e-01 -5.762439e-02 4.842556e-03 
-7.013408e+00 2.643471e+00 -5.376720e+00 -4.752706e+00 6.539253e+00 1.984408e+00 -9.946294e-01 -3.781476e+00 -3.553523e+00 -2.336608e+00 -1.874260e+00 -4.057743e+00 -1.363459e-01 -1.424831e-01 -1.197328e-01 -1.835599e-01 -1.195330e-01 5.764717e-01 -5.929772e-01 -2.322021e-01 -1.175678e+00 -7.489915e-01 -8.924092e-01 -4.152404e-01 5.036921e-01 5.236625e-04 
-6.523814e+00 4.474571e+00 -5.484865e+00 -4.613236e+00 8.976470e+00 3.048301e+00 5.132215e+00 -3.553585e-01 -1.511359e+00 6.399847e-01 1.202865e+00 -3.197598e+00 -1.307191e-01 1.008183e+00 -5.817137e-01 5.581170e-01 -2.856091e-01 -2.467171e-01 6.609391e-01 9.230530e-01 -6.569629e-01 3.431427e-01 7.082888e-01 7.431446e-01 1.275124e+00 5.275214e-03 
-7.413068e+00 3.203825e+00 -4.173375e-01 -4.074834e+00 7.479901e+00 -1.085980e+00 1.205454e+00 -1.288427e+00 -1.488812e+00 3.203866e-01 -1.183381e+00 -2.505432e+00 -1.512927e-01 3.304319e+00 -9.607849e-01 9.295470e-01 3.654877e-01 -1.323060e+00 1.361876e+00 3.976165e-01 -2.144614e-01 3.435863e-01 1.459323e-01 3.061147e-01 5.331455e-01 3.167487e-02 
-6.013594e-01 1.083971e+00 -4.063793e+00 -5.901502e+00 5.460917e+00 2.774995e+00 2.658490e+00 -2.821059e+00 -1.284731e+00 3.247203e+00 6.164457e-01 1.900668e+00 -1.174432e-01 2.763680e+00 -6.402136e-01 5.302133e-01 8.118427e-01 -6.358801e-01 1.790257e+00 -5.040990e-01 -1.427226e+00 -8.529938e-01 -7.602292e-01 -3.149052e-01 -4.347392e-01 2.415619e-02 
6.546962e+00 -4.651539e-01 -1.439521e+00 -2.281134e+00 1.681731e+00 8.930441e+00 2.230316e+00 -3.620933e+00 -1.948905e+00 -2.910556e+00 -5.047679e-02 -3.941148e+00 1.539057e-02 1.141720e+00 -6.691772e-01 -1.866276e+00 1.074336e+00 1.582176e+00 2.621465e+00 9.692014e-01 8.409016e-02 -7.121091e-01 -9.710113e-01 -9.599166e-01 -1.740461e+00 2.203476e-02 
3.145733e-01 3.107993e+00 -2.322706e+00 -1.450872e+00 8.696156e+00 6.991374e+00 2.099289e+00 -6.325236e+00 -5.546282e+00 -1.545690e+00 -9.381137e-01 -4.653436e+00 -9.327972e-02 -8.600961e-01 -2.372036e-01 -1.696428e+00 3.700190e-01 2.213490e+00 1.842172e+00 1.494510e+00 2.114045e+00 -8.665852e-02 -1.795337e+00 -1.039746e+00 -2.079556e+00 4.214704e-04 
-2.162434e+00 -1.154072e+00 -1.061926e+01 -9.284678e-01 1.377316e+01 9.913155e+00 6.331061e+00 8.841119e-01 -2.918582e+00 -2.138224e+00 -5.205684e+00 -7.930683e+00 -5.320060e-02 -1.092051e+00 8.546740e-01 -1.307399e+00 -8.492430e-01 1.288446e+00 1.331980e+00 1.893283e+00 3.117299e+00 1.763046e+00 -3.619889e-01 -9.194418e-01 -8.499074e-01 -1.792539e-02 
-5.471420e-01 2.424124e-01 -7.956063e+00 -4.727739e+00 1.048265e+01 1.149450e+01 8.080667e+00 5.496643e+00 -1.233185e+00 -6.115647e+00 -2.004682e+00 -6.502346e+00 -8.104026e-02 6.085987e-01 1.066110e+00 -2.148371e-02 -1.083653e+00 -9.473335e-01 1.612043e+00 1.558848e+00 2.993023e+00 2.814048e+00 -2.076963e-01 -5.261294e-01 -4.561133e-01 -1.308322e-04 
1.517567e+00 5.241006e+00 -5.159837e+00 -4.888916e+00 7.230713e+00 1.333878e+01 8.706039e+00 6.054624e+00 4.709778e+00 -2.435522e+00 -4.114402e+00 -7.266230e+00 -8.035612e-02 9.424709e-01 1.778875e+00 1.371508e+00 -8.082072e-01 -1.633684e+00 8.695527e-01 5.375327e-01 1.089901e+00 2.119968e+00 3.085528e-01 7.284403e-03 5.650248e-02 -5.362689e-03 
