-1.013367e+01 -1.526649e+00 2.936648e+00 3.286136e-01 4.728044e+00 -3.335739e+00 4.595631e+00 2.144184e+00 -5.643135e-01 7.493217e+00 -1.065893e+00 3.533493e+00 -1.706576e-02 -3.937475e-01 1.778250e-01 1.033468e-01 3.052753e-01 -2.473340e-01 9.989619e-01 2.999282e-01 9.778281e-02 1.121057e-01 -4.800785e-02 4.562482e-01 9.228622e-01 5.777478e-03 
-1.331692e+01 -1.917292e+00 5.735860e+00 -8.670878e-01 -1.782727e-01 -2.680017e+00 2.930211e+00 2.394511e+00 -5.585547e+00 6.540056e+00 -7.507508e-01 5.156920e+00 8.608913e-02 -7.222328e-02 4.402428e-01 2.623467e-01 6.079323e-01 4.996274e-01 1.230242e+00 1.528538e+00 -4.652839e-01 2.263509e-01 -7.305397e-01 1.392887e+00 5.277724e-01 -1.677675e-02 
-1.051078e+01 -4.422032e-01 2.053776e+00 2.452841e+00 5.944532e+00 1.331209e+00 6.927982e+00 2.507935e+00 2.506832e+00 7.729759e+00 1.057777e+00 7.336090e+00 -3.975582e-02 -1.114527e-01 5.415699e-01 -3.527587e-01 1.364011e+00 -2.610175e-01 1.114467e+00 8.767177e-01 -9.556767e-01 -2.596828e-01 -1.026601e+00 1.358812e+00 1.767787e-02 -6.882310e-04 
-1.030623e+01 1.323416e-01 4.689818e+00 2.306162e+00 6.617937e+00 4.819973e-01 1.107215e+01 -3.641101e-01 -9.681320e-01 3.722248e+00 4.836705e+00 4.271056e+00 -8.960450e-02 9.160729e-02 2.009598e-01 -5.729595e-01 8.558958e-01 -5.464339e-01 -1.472109e+00 -1.089548e+00 -1.412710e+00 3.880351e-01 -8.987447e-01 8.173116e-01 -1.909197e+00 -1.912861e-02 
-1.219628e+01 1.563838e-01 1.695876e+00 5.562042e+00 2.485180e-02 6.555874e-01 4.908251e+00 -1.254888e+00 -4.171435e+00 3.769117e+00 2.934438e+00 4.064814e+00 6.733990e-02 -5.528824e-01 -2.814286e-02 1.667180e-01 8.582652e-02 -1.457065e+00 -2.632365e+00 -1.748249e+00 -1.087032e+00 1.938585e-02 -7.459967e-01 -1.067501e+00 -2.719312e+00 -3.546584e-03 
-1.201614e+01 -1.211786e+00 3.050013e+00 1.857791e+00 4.939795e-02 -9.702751e+00 -1.507664e+00 -2.787626e+00 -3.062376e-01 4.026653e+00 2.397476e+00 -2.753425e+00 -6.310177e-02 -6.526882e-01 -3.509296e-01 -1.455665e-01 5.739047e-02 -3.188687e-01 -1.921577e+00 -1.307617e+00 3.953508e-01 1.472682e+00 -6.361033e-01 -2.285007e+00 -1.741204e+00 7.078195e-03 
-1.242023e+01 8.914638e-02 3.707268e+00 3.106159e+00 1.943475e+00 -6.738242e+00 4.476645e+00 -1.715468e+00 2.272814e+00 3.847573e+00 -3.060111e+00 -2.748230e+00 -7.074010e-02 -1.462448e-01 -3.444234e-01 3.225919e-01 -1.564513e-01 1.236586e+00 -1.419272e-01 8.067220e-01 1.090007e+00 1.443547e+00 -2.929794e-01 -9.130296e-01 -3.193931e-01 -1.500786e-02 
-1.345769e+01 -1.588688e+00 2.956289e+00 3.821056e+00 4.064282e+00 -5.428975e+00 4.749863e+00 1.842933e+00 3.173152e+00 5.025032e-01 -3.591054e+00 -1.028442e+00 1.482648e-02 4.840032e-01 9.661136e-02 9.103098e-02 7.838280e-01 1.576977e+00 2.217969e+00 1.834033e+00 8.325034e-01 -2.102010e-01 2.400229e-01 3.857123e-01 2.534980e+00 4.786694e-03 
-1.220672e+01 -1.377282e+00 3.355697e+00 3.798153e+00 4.200340e+00 -2.190937e+00 5.813097e+00 1.879865e+00 1.306604e+00 4.066295e+00 1.363556e+00 1.605357e+00 -4.666352e-02 1.078093e+00 4.615746e-01 -5.012274e-03 7.947241e-01 2.178339e-01 1.515201e+00 8.515140e-01 -1.140001e-01 -1.479801e+00 8.437141e-01 2.298584e+00 3.126062e+00 6.488854e-03 
-9.702875e+00 4.485130e-03 3.680954e+00 5.430933e+00 6.805850e+00 -8.865557e-01 6.994274e+00 -4.227757e-01 -8.741375e-01 5.117407e+00 2.114204e+00 7.744681e+00 -5.120659e-02 8.097048e-01 3.125877e-01 5.852368e-02 2.403555e-01 -7.824816e-01 9.438802e-01 6.686642e-01 -2.615830e-01 1.299561e-01 1.986432e+00 2.147965e+00 1.617778e+00 -5.213797e-03 
-8.907177e+00 1.600433e+00 3.319875e+00 6.274841e+00 1.661860e+00 -1.433449e+00 7.612010e+00 -1.152614e+00 -3.102546e+00 5.758692e+00 5.580178e+00 8.495520e+00 -5.279303e-03 2.252222e-01 6.851663e-02 -5.517193e-01 -8.543410e-02 -3.007937e-01 6.914916e-01 -1.718667e-01 4.821946e-01 1.202527e+00 9.478738e-01 1.692813e+00 3.249313e-01 9.802544e-03 
-1.105894e+01 -1.514607e+00 3.266819e+00 3.784490e+00 1.421114e+00 -1.088318e+00 7.193727e+00 2.051258e+00 6.027508e+00 9.588465e+00 5.040460e+00 3.615368e+00 -3.193462e-02 -4.353127e-01 4.929888e-02 -7.544686e-01 -9.799505e-01 -1.275565e+00 5.749528e-01 -1.144615e+00 1.229371e+00 1.689781e+00 4.713717e-01 1.316054e+00 -7.786781e-01 2.350534e-02 
-1.040258e+01 -2.751532e-01 8.041677e-01 4.194205e+00 5.388739e+00 1.367402e+00 4.854037e+00 3.053822e+00 3.868417e+00 6.570135e+00 8.364491e+00 5.294670e+00 -7.286787e-03 -5.838730e-01 -1.518314e-01 -7.307390e-01 -8.409077e-01 -3.683657e-01 2.999251e-02 -9.690362e-01 1.249305e+00 1.528475e+00 2.832018e-01 -7.997983e-01 -1.371902e+00 2.834526e-02 
-1.113174e+01 1.188773e+00 1.166464e+00 1.571499e+00 -1.435414e+00 5.877831e-01 2.650185e+00 3.620860e+00 4.089284e+00 7.068544e+00 7.302318e+00 5.451715e+00 6.732386e-02 -3.383459e-01 -9.588559e-02 -4.952984e-01 -3.715967e-01 -8.407246e-01 -2.270986e-01 -5.572716e-01 -3.014842e-01 -5.452690e-01 -3.541109e-01 -1.541913e+00 -4.407766e-01 4.672567e-02 
-1.179014e+01 -5.104136e-01 7.163572e-01 3.176798e+00 1.248296e+00 -2.121537e+00 5.038600e+00 4.309111e+00 5.508938e+00 8.434661e+00 4.502573e-01 7.178338e-01 8.681774e-02 -6.871967e-01 -8.825613e-01 -3.766100e-01 1.001599e+00 -7.005012e-01 -2.059729e-01 -2.426837e-01 -1.880300e+00 -2.008177e+00 -2.788251e-01 -1.583242e+00 -2.724422e-01 7.807533e-02 
-1.205689e+01 -1.876405e+00 8.342319e-01 2.435210e+00 -7.122879e-01 -4.793417e-01 4.315088e+00 -8.380747e-02 2.480902e+00 6.885647e+00 1.288011e+00 3.699903e+00 1.546414e-01 4.397410e-01 -1.654401e+00 -2.197089e+00 7.289466e-01 -7.348708e-01 -1.166620e+00 -8.235544e-01 -2.186001e+00 -2.873737e+00 -1.519676e+00 -1.235967e+00 -1.068663e-01 1.138748e-01 
-1.337599e+01 -3.155371e+00 -9.127665e-01 8.770344e+00 1.524670e+00 8.711002e-01 2.808167e+00 -4.495342e+00 -5.368279e+00 5.267457e+00 3.455434e+00 4.808365e+00 3.394311e-01 2.056700e+00 -2.519420e+00 -2.342985e+00 -8.219908e-01 -1.518096e+00 -2.068785e+00 -1.515609e+00 -2.251906e+00 -2.733627e+00 -1.898984e+00 -1.874933e-01 2.483912e-01 1.300314e-01 
-8.140110e+00 -5.760756e+00 -9.004417e+00 2.419459e+00 -5.247955e+00 -6.741637e+00 -3.523703e-01 -2.906917e+00 -4.840791e+00 1.053767e+00 -3.801038e-01 2.872118e+00 5.103914e-01 5.005612e+00 -8.755514e-01 -2.404109e+00 -4.581435e+00 -4.310255e+00 -8.552575e-01 -1.518878e+00 -2.456271e+00 -2.691718e+00 -2.966227e+00 -1.590502e+00 -1.612338e+00 1.334698e-01 
-3.465032e+00 -1.116534e+01 -6.079243e+00 -9.252809e-01 -4.074350e+00 -9.334316e+00 -2.057157e-01 -5.538865e+00 -4.498350e+00 1.855683e+00 3.468480e-01 2.373682e+00 5.590998e-01 6.205638e+00 -4.314013e-01 -1.024283e+00 -7.752336e+00 -5.645985e+00 2.041950e+00 -9.987770e-01 -2.158879e+00 -2.096324e+00 -2.150143e+00 -1.123007e+00 -2.616248e+00 1.458207e-01 
8.015696e+00 -2.249178e+00 -8.603077e+00 -1.562415e+01 -1.946405e+01 3.470786e-01 -1.772361e+00 -1.184340e+01 -1.141265e+01 -6.239598e+00 -5.110208e+00 -3.144446e+00 7.121560e-01 4.500718e+00 -8.281503e-02 6.486139e-01 -6.834989e+00 -4.626187e+00 4.246602e+00 -7.173163e-01 -2.265927e+00 -2.549702e+00 -1.159968e+00 -5.406639e-01 -2.855584e+00 1.341806e-01 
9.574304e+00 -7.068167e+00 -6.234852e+00 -2.096953e+01 -1.959721e+01 7.536493e+00 -1.475723e+00 -1.082150e+01 -1.256397e+01 -1.836576e+00 2.054508e-01 -5.264595e+00 9.676523e-01 2.374893e+00 -1.651707e-01 1.129794e+00 -5.271379e+00 -2.769812e+00 3.660533e+00 -1.304998e-01 -8.280638e-01 -1.478817e+00 -3.309408e-01 -1.258627e-01 -2.228072e+00 1.130667e-01 
7.843814e+00 -8.223416e+00 -5.683543e+00 -2.173336e+01 -2.061746e+01 6.055968e+00 -3.303948e+00 -1.159524e+01 -1.355649e+01 -2.899944e+00 -3.012725e+00 -7.586665e+00 9.770182e-01 -1.046076e-01 -1.768337e+00 1.743000e+00 -2.424400e+00 -9.091149e-02 9.738161e-01 -1.315504e-01 2.321946e-01 -3.728657e-02 4.382602e-01 3.102907e-01 -1.715132e+00 5.884881e-02 
8.495374e+00 -9.004072e+00 -1.890038e+00 -2.422757e+01 -1.734671e+01 6.113904e+00 -9.242105e-02 -9.803267e+00 -1.082051e+01 -1.468848e+00 -1.331207e+00 -6.545570e+00 9.920021e-01 1.383750e-01 -5.497304e-01 1.533395e+00 -8.723577e-01 -1.202621e-02 -3.249273e-02 3.745244e-01 7.736174e-01 9.312797e-01 -2.417078e-01 -2.130421e-01 -8.180075e-01 7.285762e-03 
8.032123e+00 -1.012291e+01 -2.060485e+00 -2.611713e+01 -2.104386e+01 5.927454e+00 -3.121764e+00 -1.119154e+01 -1.247081e+01 -4.232162e+00 -2.790426e+00 -1.107962e+01 9.942251e-01 4.958341e-01 -2.566532e-01 1.202029e+00 -1.009026e+00 -5.622721e-01 4.795246e-02 4.248128e-02 1.061350e+00 3.355293e-01 -3.529965e-01 -3.813785e-01 -6.440300e-01 4.542601e-03 
1.017202e+01 -8.867072e+00 -3.794062e-01 -2.313943e+01 -1.944414e+01 7.438287e+00 3.058071e-01 -7.155255e+00 -8.450409e+00 -2.379006e+00 -9.709091e-01 -7.608154e+00 9.954777e-01 5.519541e-01 3.496828e-01 5.839163e-01 -7.786377e-01 -1.032985e+00 1.893415e-01 -6.021298e-01 1.138957e+00 1.819041e-01 -9.467676e-01 -6.699575e-01 -5.824785e-01 1.924944e-03 
9.484659e+00 -9.575182e+00 -4.287126e-01 -2.732256e+01 -2.238011e+01 5.633539e+00 -3.290656e+00 -7.612492e+00 -1.306390e+01 -4.209847e+00 -5.099766e+00 -1.027552e+01 9.979935e-01 8.973309e-01 8.834457e-01 1.101990e+00 -4.941225e-01 -1.030693e-01 8.905498e-01 -1.495279e-01 2.197515e+00 1.048730e+00 -1.193050e-01 -5.581393e-01 1.216558e+00 1.581472e-03 
1.052888e+01 -7.529521e+00 2.136576e-01 -2.751805e+01 -2.184351e+01 7.207569e+00 -3.018624e+00 -5.898009e+00 -9.614452e+00 -6.213843e+00 -3.526324e+00 -9.860012e+00 9.997427e-01 7.255560e-01 1.004420e+00 9.164853e-01 -4.528891e-01 -7.106180e-01 1.324762e+00 -1.006665e+00 2.300128e+00 9.883986e-01 -1.222254e-01 -1.178022e+00 1.554761e+00 -1.218438e-04 
1.234035e+01 -6.374454e+00 3.152934e+00 -2.639844e+01 -2.035952e+01 1.049556e+01 -2.207188e+00 -8.325927e-01 -6.645141e+00 -2.911268e+00 -4.303414e+00 -3.870901e+00 1.000000e+00 6.583667e-01 1.167944e+00 -3.402076e-02 7.044970e-01 -1.180731e+00 1.208079e+00 -9.474390e-01 1.850545e+00 1.264961e+00 -4.268122e-01 -1.068941e+00 1.714167e+00 -3.101671e-03 
1.237196e+01 -5.445337e+00 2.412197e+00 -2.586594e+01 -2.400752e+01 1.163109e+01 -5.269253e+00 9.554319e-01 -6.717794e+00 -3.639423e+00 -7.259193e+00 -3.036661e+00 9.938652e-01 2.747336e-01 9.026257e-01 -1.080797e+00 1.540913e+00 -1.394984e+00 1.184928e+00 -1.187721e+00 1.296604e+00 1.357019e-01 -3.732008e-01 -4.128444e-01 1.077661e+00 -6.037933e-03 
1.185495e+01 -4.777553e+00 -1.698086e+00 -2.462613e+01 -2.720175e+01 9.462177e+00 -6.902536e+00 -1.786489e+00 -8.187419e+00 -7.631119e+00 -8.578036e+00 -5.116361e+00 9.854239e-01 -1.159447e-01 8.281879e-01 -2.466663e+00 2.248266e+00 -7.893673e-01 3.535016e-01 -9.334449e-01 -1.185836e-01 -7.315206e-01 -9.941126e-01 1.015818e+00 -3.755095e-01 -1.425089e-02 
1.214524e+01 -3.814843e+00 -2.764817e+00 -2.069964e+01 -2.539731e+01 1.364890e+01 -6.609553e+00 1.061961e+00 -8.164804e+00 -5.719922e+00 -3.453235e+00 -3.848976e+00 9.768411e-01 -2.307513e-01 8.140827e-01 -2.658815e+00 3.157084e+00 3.502552e-01 -4.041662e-01 -2.019301e-01 -4.634275e-01 -7.411144e-01 -1.238350e+00 3.739393e+00 -1.058810e+00 -2.721502e-02 
1.187399e+01 -3.048762e+00 -6.591873e+00 -1.774026e+01 -2.361146e+01 1.125416e+01 -6.204262e+00 -1.478775e+00 -9.579239e+00 -6.841581e+00 -1.127304e+00 -5.342290e+00 9.372576e-01 -1.646670e-01 6.870829e-01 -2.812846e+00 3.690624e+00 1.367608e+00 -1.270031e+00 7.268076e-01 -9.455686e-01 -1.727055e-01 -1.914294e+00 5.401195e+00 -4.850009e-01 -3.279127e-02 
1.120868e+01 -2.239319e+00 -8.434985e+00 -1.352345e+01 -2.405139e+01 8.714263e+00 -6.628041e+00 -1.515562e+00 -9.727456e+00 -1.022594e+01 7.712406e+00 -8.217747e+00 8.818733e-01 -1.574173e-01 3.792788e-01 -3.133769e+00 3.379781e+00 2.273795e+00 -2.458883e+00 4.991628e-01 -1.384613e+00 4.317161e-01 -2.602423e+00 5.169578e+00 -2.029655e-01 -2.996876e-02 
1.149990e+01 -2.129901e+00 -1.292723e+01 -9.761101e+00 -2.103667e+01 5.579341e+00 -3.259254e+00 -5.225570e+00 -8.269620e+00 -1.494958e+01 1.284512e+01 -5.356981e+00 8.689514e-01 -1.182760e-01 -4.425395e-02 -2.618994e+00 2.683310e+00 3.276314e+00 -2.619408e+00 -1.313730e+00 -1.012523e-01 6.871496e-01 -1.323515e+00 3.521173e+00 3.842646e-01 -1.993049e-02 
1.154520e+01 -2.377880e+00 -1.526598e+01 -7.790314e+00 -1.531573e+01 4.191897e+00 -5.586243e+00 -3.987705e+00 -6.661033e+00 -1.467804e+01 1.540844e+01 -4.856458e+00 8.611504e-01 6.309376e-02 -4.088916e-01 -2.357472e+00 1.671435e+00 4.859937e+00 -2.863444e+00 -2.533176e+00 2.696020e-01 9.692202e-01 7.189447e-01 1.090897e+00 2.667107e-01 -4.302430e-03 
1.111435e+01 -3.200751e+00 -1.627135e+01 -7.190279e+00 -1.159772e+01 4.183047e-01 -1.329381e+01 -7.489657e-01 -7.676703e+00 -1.123311e+01 1.263054e+01 -5.101612e+00 8.479666e-01 1.774812e-01 -3.529045e-01 -1.997776e+00 1.280030e+00 4.762721e+00 -2.728462e+00 -3.998806e+00 1.260105e+00 1.487278e+00 2.041917e+00 -6.259135e-01 -8.592647e-01 -4.954529e-03 
1.171693e+01 -3.748352e+00 -1.855029e+01 -6.451687e+00 -4.471186e+00 -3.022441e+00 -1.427664e+01 -2.405854e+00 -5.177814e+00 -8.489454e+00 1.327418e+01 -7.011878e+00 8.708535e-01 2.910822e-01 -2.078437e-01 -1.670070e+00 1.121753e+00 3.393004e+00 -2.468555e+00 -3.657628e+00 1.272338e+00 2.274197e+00 1.774969e+00 -1.603822e+00 -1.491202e+00 -9.855175e-03 
1.230144e+01 -3.209187e+00 -2.127396e+01 -4.030263e+00 -2.645339e+00 -4.455798e+00 -1.890808e+01 2.840276e-01 -1.574839e+00 -7.834291e+00 1.078268e+01 -8.575594e+00 8.393272e-01 4.595913e-01 -4.558954e-02 -1.324235e+00 7.975617e-01 2.724324e+00 -1.954379e+00 -2.291391e+00 8.324099e-01 2.937446e+00 1.267778e+00 -1.560235e+00 -1.900926e+00 -1.267146e-02 
1.240707e+01 -3.412880e+00 -2.111502e+01 -3.761556e+00 -2.826905e+00 -5.713826e+00 -2.106725e+01 1.857489e+00 1.659018e+00 -7.502600e+00 8.313262e+00 -1.057548e+01 8.161942e-01 2.399155e-01 4.330563e-03 -9.832700e-01 5.907488e-01 2.104382e+00 -1.187124e+00 -1.733902e+00 1.478282e+00 2.325874e+00 7.182813e-01 -2.266646e+00 -1.882940e+00 -1.933924e-02 
1.306723e+01 -3.596434e+00 -2.161015e+01 -4.547536e+00 1.201764e+00 -8.007899e+00 -2.135546e+01 1.281411e+00 3.592110e+00 -5.387644e+00 7.309827e+00 -1.282444e+01 8.119389e-01 5.112267e-02 -1.307726e-04 -1.348244e-01 3.552113e-02 2.513168e+00 -5.392649e-01 -1.052930e+00 1.479874e+00 8.681593e-01 9.821588e-01 -2.427238e+00 -1.472181e+00 -2.286614e-02 
1.253361e+01 -3.533075e+00 -2.329854e+01 -3.239306e+00 4.127173e+00 -7.182008e+00 -2.172247e+01 4.486862e+00 3.868083e+00 -6.121371e+00 3.677379e+00 -1.430215e+01 7.878515e-01 -1.656980e-01 5.638753e-01 5.488432e-01 3.771883e-01 2.127506e+00 -3.646936e-01 1.153738e-01 1.441624e+00 -2.248627e-01 7.406808e-01 -2.866663e+00 -2.943742e-01 -3.829758e-02 
1.249378e+01 -3.149744e+00 -2.085632e+01 -4.113782e+00 6.443461e+00 -6.418032e+00 -2.384513e+01 6.368711e+00 1.661425e+00 -3.614110e+00 9.644343e-01 -1.407316e+01 7.391679e-01 -2.702449e-01 7.344278e-01 1.435465e+00 1.598328e+00 9.235877e-01 -9.455755e-02 8.172449e-01 9.708220e-01 6.356486e-01 9.855356e-02 -4.188414e+00 1.183908e+00 -5.571461e-02 
1.186530e+01 -8.168491e-01 -1.874772e+01 -2.092492e+00 5.189776e+00 -8.332228e+00 -1.924555e+01 6.521960e+00 1.500047e+00 -4.685963e+00 -2.847359e+00 -1.142299e+01 6.610918e-01 -5.893710e-01 6.021566e-01 3.598084e+00 3.212348e+00 1.296423e+00 -6.153097e-02 1.875740e+00 2.623019e-02 1.311305e-01 1.972804e-01 -4.718808e+00 1.276029e+00 -7.037134e-02 
1.205016e+01 -1.282408e+00 -1.670824e+01 2.870698e+00 5.288401e+00 -7.905577e+00 -1.850770e+01 5.117972e+00 7.954370e+00 -5.612580e+00 -1.036987e+01 -8.344486e+00 5.967457e-01 -1.209039e+00 -2.837320e-01 4.149311e+00 4.420979e+00 2.049272e+00 8.931397e-01 3.963329e+00 2.398609e-01 7.839921e-01 -8.484740e-01 -3.988201e+00 1.271478e+00 -7.047657e-02 
9.808563e+00 -1.455960e+00 -7.382161e+00 9.330190e+00 1.118682e+01 -6.745890e+00 -1.501248e+01 5.243382e+00 1.377262e+00 -4.135735e+00 -1.424951e+01 -1.078635e+01 5.072058e-01 -1.898563e+00 -1.181949e+00 3.961122e+00 3.263520e+00 1.661967e+00 2.159430e+00 3.719129e+00 1.611954e+00 1.525849e+00 -5.259641e-01 -3.004615e+00 1.743830e+00 -6.566110e-02 
7.476956e+00 -4.248848e+00 -5.792549e+00 1.227977e+01 1.369130e+01 -2.745502e+00 -6.145012e+00 8.207305e+00 5.642777e+00 -8.131595e+00 -1.327549e+01 -8.034092e+00 4.637280e-01 -2.643538e+00 -1.351558e+00 3.250260e+00 1.420166e+00 2.131515e-01 2.414221e+00 2.785494e+00 1.131140e+00 -2.144137e-01 -5.122519e-01 -1.031859e+00 3.770901e+00 -6.107821e-02 
4.659093e+00 -5.243376e+00 -4.399958e+00 9.520575e+00 9.298159e+00 -1.151142e-01 -6.831241e+00 1.303707e+01 1.028509e+01 -6.056276e+00 -1.641762e+01 -2.859033e+00 3.992952e-01 -2.897528e+00 -2.205439e+00 1.371718e+00 -1.914797e-01 -1.357715e+00 2.537850e+00 3.285915e+00 1.452468e+00 3.592879e-01 1.069291e-01 -1.920893e-01 4.619714e+00 -4.446186e-02 
1.407207e+00 -6.146490e+00 -1.948041e+00 9.876336e+00 7.298487e+00 8.501413e-01 -8.670845e+00 6.876834e+00 2.428390e+00 -7.213569e+00 -1.444511e+01 6.546362e+00 3.453100e-01 -3.942873e+00 -3.579273e-01 1.021521e+00 -1.251273e-01 -3.879595e-01 1.981465e-01 3.437916e+00 -2.349658e+00 1.152977e+00 6.115342e-01 2.178319e+00 2.386930e+00 -1.427363e-02 
-1.644203e+00 -1.153433e+01 -2.445826e+00 9.574508e+00 7.594650e+00 4.145538e+00 2.680010e+00 1.317096e+01 4.780895e+00 -4.060102e+00 -1.462515e+01 5.021996e+00 3.441055e-01 -3.362974e+00 1.126203e+00 5.524990e-01 8.293689e-01 1.829861e+00 -1.343420e-01 5.315361e+00 -3.119320e+00 2.829327e+00 -2.799703e-01 3.024040e+00 -6.206622e-02 -1.319736e-03 
-9.085764e+00 -2.893006e+00 -1.662009e+00 1.162717e+01 1.260326e+01 -3.885096e+00 6.288941e+00 -3.607933e+00 1.415976e+01 -6.072011e+00 -3.280136e+00 -3.995323e-02 4.199547e-01 -1.314773e+00 3.682319e-01 1.362112e+00 5.352983e-01 1.171294e+00 -8.405306e-01 3.120633e+00 -8.421918e-01 3.188370e+00 2.391116e+00 2.892591e+00 -5.929350e-01 -3.034060e-02 
-6.909294e+00 -1.239103e+00 -1.780479e+00 1.279200e+01 1.579508e+01 1.580794e+00 1.226567e+01 2.682850e+00 1.856604e+01 -8.026907e+00 -6.879912e+00 1.237936e-01 3.553742e-01 3.175095e-01 2.615241e-01 1.542909e+00 -1.829578e-01 -1.352034e-02 -7.958218e-02 -8.903518e-02 -1.702896e+00 7.605518e-01 3.125566e+00 3.623326e+00 8.326954e-01 -6.163842e-02 
-2.534114e+00 -9.452946e+00 4.529848e+00 1.094408e+01 9.054745e+00 -2.070139e+00 2.139491e+00 7.909929e+00 1.147767e+01 6.725415e+00 -3.854772e+00 6.030788e+00 1.879727e-01 1.065994e+00 1.537757e-01 1.284552e-02 -1.138914e+00 -2.144719e+00 1.462104e+00 -2.283664e+00 5.086476e-01 -2.292860e+00 3.042067e+00 1.811173e+00 2.549727e+00 -4.359246e-02 
-3.332480e+00 -6.946742e+00 2.172793e+00 9.001262e+00 9.301305e+00 2.840149e+00 4.309559e+00 -1.102451e+00 9.924700e+00 5.169014e+00 3.778800e+00 6.150102e+00 1.519044e-01 -5.698131e-01 1.427005e+00 -1.379123e+00 -1.169360e+00 -2.365704e+00 9.545299e-01 -2.917213e+00 2.177462e-01 -2.278469e+00 2.995579e+00 2.111428e+00 3.166068e+00 2.226437e-02 
-5.544200e+00 7.296922e-01 -3.574417e+00 7.827969e+00 5.126550e+00 2.795748e+00 -1.151322e+00 8.279552e-01 7.016128e+00 2.540365e+00 4.463730e-01 9.695528e+00 3.037272e-01 -1.360720e-01 2.732474e+00 -9.438300e-01 -8.485640e-01 -1.105858e+00 3.561179e-01 5.408085e-01 -6.696218e-01 -1.580397e+00 -8.706844e-01 4.386710e-01 1.731423e-01 -1.112449e-02 
-8.253317e+00 8.046007e-01 -4.623962e+00 8.503262e+00 5.930655e+00 3.920500e+00 -6.749887e-01 7.312568e+00 9.404466e+00 9.043511e+00 1.526654e+00 1.412176e+01 4.088188e-01 9.006044e-01 1.893570e+00 1.511950e+00 5.779562e-02 -4.338010e-01 -6.087533e-01 1.757812e+00 1.142600e+00 -1.743568e+00 -1.329485e+00 -5.927670e-02 1.730824e-01 -5.897025e-02 
-7.540560e-01 3.337543e-01 3.209075e+00 6.950259e+00 5.210781e+00 -8.297253e-01 7.335807e+00 3.543110e-01 3.835801e+00 4.347441e-01 -5.353439e-01 2.910670e+00 3.893077e-03 1.396813e+00 6.363437e-01 3.001454e+00 -1.885400e-01 -5.130679e-01 -9.659172e-01 3.047925e+00 1.347725e-01 -1.119655e+00 -7.257833e-01 6.045930e-01 -8.946066e-01 -1.029241e-01 
-1.224530e+00 2.719078e+00 6.340796e+00 9.729095e+00 7.090184e+00 1.609119e+00 8.855053e+00 4.847370e+00 2.797025e+00 -4.256008e-01 3.973274e+00 1.040794e+01 6.970227e-03 1.135281e+00 1.447855e+00 2.817266e+00 -5.638102e-01 -1.537331e-01 -1.354326e+00 1.231276e+00 -1.400052e+00 -1.073094e+00 -9.402803e-01 -2.296857e-01 -2.083597e+00 -8.193834e-02 
-2.074528e+00 2.954172e+00 5.950476e+00 6.272352e+00 1.981446e+00 -8.781478e-01 9.323284e+00 2.734416e+00 4.721574e+00 3.646005e+00 2.246027e+00 7.079404e+00 -9.968996e-03 -1.577162e+00 1.067149e+00 2.079981e+00 -2.290271e+00 1.601181e-01 -1.490536e+00 -7.067870e-01 -2.118792e+00 4.393170e-01 -7.725911e-01 -9.204634e-01 -8.275704e-01 3.507034e-02 
-1.916673e+00 6.733666e+00 8.091665e+00 6.023164e+00 6.776658e+00 -2.826919e+00 4.487651e+00 -8.777434e-01 3.596106e+00 2.736480e+00 -1.012460e+00 1.619412e+00 6.058097e-03 -9.722563e-01 4.009775e-01 1.169654e+00 -1.991153e+00 8.143584e-01 -1.612065e+00 -6.854271e-01 -2.053365e+00 7.312654e-01 -3.229842e-01 -1.971480e+00 -1.179335e+00 2.746632e-02 
-8.293793e+00 3.662205e+00 1.273355e+01 -2.648130e+00 6.168135e+00 -6.064386e+00 5.985573e+00 -7.377090e+00 5.632845e+00 -5.009252e+00 -2.644794e+00 3.167083e+00 1.797009e-01 3.211412e-01 5.444456e-01 4.644655e-01 1.928277e-01 2.123260e+00 -2.796288e-01 -6.280697e-01 -2.212077e-01 -6.794926e-01 4.557795e-01 -6.144685e-01 -1.147847e+00 9.403760e-03 
-2.976179e+00 4.369948e+00 8.797532e+00 4.233568e+00 9.068631e+00 -3.858085e+00 7.096774e+00 -3.636990e-01 5.997716e+00 2.287107e+00 -3.438715e+00 6.467429e+00 4.946691e-02 1.227573e+00 4.174608e-01 -4.797696e-01 1.199525e+00 5.414346e-01 -1.914155e-01 -2.572410e-01 9.562477e-01 -6.744044e-01 2.222299e+00 1.690989e+00 2.482323e-01 -1.986260e-02 
6.093025e-02 6.858259e+00 7.919870e+00 8.131289e+00 1.145176e+01 -1.760709e+00 4.878375e+00 1.371356e+00 1.233064e-01 6.149589e+00 3.868122e-01 -1.083839e+00 1.534539e-02 1.505395e+00 1.032814e+00 -4.402370e-02 2.904205e+00 -3.722861e-02 1.769558e-01 -4.427911e-01 1.530520e+00 -1.223633e+00 1.733144e+00 1.666949e+00 9.497916e-01 -4.575985e-02 
4.382944e-02 7.222943e+00 8.099656e+00 6.631077e+00 6.842018e+00 -5.935835e+00 3.755046e+00 -4.707273e-01 2.978853e+00 8.268557e+00 5.926683e+00 4.986034e+00 -1.107717e-02 -1.116274e-01 7.315291e-01 8.918087e-01 1.166332e+00 -1.012864e+00 6.733500e-01 -1.699572e-01 2.598594e-01 1.277235e-01 -3.609236e-01 3.585314e-01 -1.101651e-01 -1.817542e-02 
-2.276822e+00 7.399780e+00 1.286237e+01 1.067414e+01 7.095299e+00 -4.140732e+00 5.442482e+00 3.290246e-01 1.024110e+00 6.657426e-01 1.007249e+00 8.656738e+00 -1.882637e-02 -4.407489e-01 1.048140e+00 8.408167e-01 4.447079e-01 -3.117758e-01 1.480865e+00 5.087388e-01 -5.792128e-01 1.932948e-01 -1.059190e+00 -1.648178e-01 5.593040e-02 -1.346159e-03 
-2.365440e+00 7.756834e+00 1.078533e+01 8.793801e+00 6.182542e+00 6.986759e-01 5.964934e+00 1.456764e+00 6.185932e+00 3.224411e+00 -1.956276e+00 1.046315e+00 -2.432430e-02 -1.577528e-01 3.932265e-01 6.104169e-02 4.713514e-01 5.733034e-01 2.678070e+00 1.237737e+00 4.245831e-01 -5.365869e-01 -4.058820e-01 -3.818334e-01 -5.174176e-01 7.038546e-03 
-9.381795e-01 1.183201e+01 1.078112e+01 9.273466e+00 1.022262e+01 2.326360e+00 6.317125e+00 -2.488454e+00 -5.137591e-01 3.375712e+00 3.504203e+00 1.165673e+00 1.523817e-02 4.886893e-01 2.951160e-01 -5.568060e-01 -6.488696e-01 -4.684631e-01 1.078960e+00 5.173720e-01 -4.549932e-01 -6.221648e-01 -2.190849e-01 1.214431e+00 -4.044813e-01 5.150914e-03 
-1.414256e+00 6.972960e+00 9.445489e+00 9.688172e+00 8.144875e+00 4.220970e+00 9.506411e+00 3.060928e+00 1.064853e+00 4.884162e+00 2.769040e+00 6.144479e+00 7.083297e-03 5.155866e-01 5.723429e-02 2.219402e-01 -2.793158e-01 -7.096767e-01 -1.106426e+00 -1.689392e-01 -4.130552e-01 -2.188515e+00 -1.375450e+00 4.813738e-01 3.876874e-01 4.454625e-03 
-3.089671e-01 9.267298e+00 1.074826e+01 6.982608e+00 3.771817e+00 -5.070786e-01 6.258603e+00 -2.748023e+00 4.738257e-01 -1.259557e+00 4.716746e+00 4.085249e+00 -8.775592e-03 3.309221e-02 -4.732723e-01 8.929291e-02 -2.769650e-01 -3.897839e-01 -1.205324e+00 -2.645645e-01 1.119557e+00 6.402121e-02 -5.539738e-01 -9.758939e-01 -5.789617e-01 -3.366429e-03 
-1.021132e-01 9.325363e+00 1.191146e+01 8.542651e+00 5.859560e+00 -3.416733e+00 5.149499e+00 -4.787277e-01 -5.250436e+00 -1.335207e+00 -1.556792e-01 1.524964e+00 9.955704e-03 3.365212e-02 5.517302e-01 2.970756e-01 -1.419341e-01 3.251491e-01 -6.732010e-01 6.524004e-02 5.470566e-01 8.515378e-01 1.327397e+00 -2.184188e+00 -1.668880e+00 1.117969e-03 
-1.428790e+00 8.289450e+00 9.994597e+00 8.461402e+00 9.416357e+00 1.185918e-01 7.172758e+00 4.879158e+00 2.963991e+00 3.715528e+00 8.709288e-02 5.806220e-01 -3.030181e-03 -2.163085e-01 -1.087997e-01 -7.099620e-01 1.315918e-01 1.182470e+00 1.070406e+00 1.147524e+00 8.094848e-01 1.288135e+00 2.088520e+00 -2.333990e+00 -1.996319e+00 -2.798754e-03 
-6.860838e-01 1.022053e+01 1.130770e+01 8.239105e+00 6.948350e+00 5.421302e-01 9.375533e+00 1.982620e+00 4.077459e+00 9.033605e+00 -5.837071e+00 -4.476101e-01 9.800434e-03 -4.019237e-01 3.453913e-02 -7.124358e-01 -7.583956e-01 4.816484e-01 9.927103e-01 -9.322667e-02 -1.260907e+00 4.874986e-01 1.062696e+00 -3.828363e-02 -2.546175e-01 -7.258153e-03 
-1.098525e+00 8.275714e+00 7.500328e+00 7.792340e+00 9.139772e+00 2.865520e+00 9.883205e+00 6.872702e-02 2.250553e+00 3.998638e+00 -4.112507e+00 -4.910058e+00 -2.269173e-02 -3.082629e-01 -8.677225e-02 -5.001301e-01 -8.729014e-01 2.410477e-01 -6.584360e-02 -7.050567e-01 -1.232901e+00 -8.103730e-01 -3.213535e-01 6.894364e-01 9.872292e-01 -5.491662e-03 
-2.276865e+00 9.504927e+00 9.596415e+00 5.085204e+00 8.406095e+00 1.733541e-01 3.328142e+00 -4.378049e+00 -2.456223e+00 3.836719e+00 1.752702e+00 2.997216e+00 -1.650429e-02 -5.526860e-01 -6.807095e-01 -6.114264e-01 -3.872630e-01 3.031608e-01 1.997223e-01 8.596182e-03 1.597291e+00 5.372661e-01 -1.234033e+00 1.164746e+00 2.375161e+00 -7.633591e-03 
-2.174714e+00 8.213392e+00 8.349587e+00 5.673845e+00 9.892723e+00 -2.623820e-02 6.671170e+00 1.894989e+00 2.178967e+00 4.707203e+00 -2.606117e-01 3.794354e+00 -1.733613e-02 -1.845140e-01 -7.463884e-02 6.436610e-02 4.376151e-01 -3.604892e-01 -6.909835e-01 -9.365961e-01 1.291908e+00 1.081641e+00 -5.533768e-01 3.941925e-01 1.929417e+00 -2.969611e-03 
-2.911419e+00 6.848147e+00 7.825934e+00 7.362038e+00 8.087679e+00 2.986621e+00 1.102453e+01 9.055945e+00 6.799582e+00 2.509158e+00 -1.939288e+00 7.075990e+00 -3.104532e-02 -2.432489e-02 -8.603420e-02 -6.888504e-02 9.360054e-01 -9.262667e-01 -1.397745e+00 -1.308033e+00 1.255476e-02 -3.434760e-01 -8.677654e-01 -5.803977e-01 1.858428e-01 -2.868760e-03 
-1.703817e+00 9.230909e+00 8.707398e+00 8.841999e+00 7.496534e+00 -1.996031e+00 1.352030e+00 -1.887294e-01 3.030853e+00 1.895534e+00 -2.955487e-01 2.697639e+00 -3.026927e-02 -4.394855e-01 -3.041458e-03 6.587987e-02 5.308045e-01 -5.817724e-01 -1.722461e+00 -1.509838e+00 -1.722370e+00 -1.435268e+00 -1.233124e+00 -6.712024e-02 -7.694332e-01 -6.064487e-03 
-2.633937e+00 8.565997e+00 9.073084e+00 8.181154e+00 4.972856e+00 -5.830475e+00 -5.524554e-01 -3.273416e+00 -4.599546e+00 9.037266e-01 -1.131818e+00 4.474788e+00 -2.438152e-02 -5.234677e-01 5.989037e-02 3.581029e-01 2.766290e-01 6.821792e-01 -5.677202e-01 -1.405483e+00 -2.367387e+00 -1.182700e+00 -5.637439e-01 6.984404e-01 -1.034589e-01 -4.691410e-03 
-4.510882e+00 7.339260e+00 8.055412e+00 7.918309e+00 8.541273e+00 -4.229992e+00 4.910476e+00 -5.521781e-01 7.021922e-01 -6.557028e-01 -9.999483e-01 1.247789e+00 -5.099046e-02 -5.365834e-01 -4.409057e-01 3.667874e-02 -3.218947e-01 7.454993e-01 1.341927e+00 7.412625e-01 -1.153765e-01 1.047180e+00 1.408285e+00 1.303307e+00 1.254972e+00 -5.285800e-03 
-4.125226e+00 8.093424e+00 9.942442e+00 9.207027e+00 1.097621e+01 1.265001e+00 2.217892e+00 -2.599267e+00 2.050413e+00 9.660573e-01 1.905114e+00 7.283620e+00 -4.414177e-02 4.570188e-01 1.251657e-01 3.768247e-01 -6.694565e-01 4.120979e-01 1.826042e+00 4.326129e-01 -5.382670e-01 1.334908e+00 1.989105e+00 9.879000e-01 1.108339e+00 1.039028e-03 
-3.641090e+00 7.262668e+00 8.456114e+00 6.719589e+00 8.222356e+00 1.165868e+00 3.673168e+00 -1.102686e+00 4.941774e+00 8.905795e+00 4.702520e+00 7.568083e+00 -4.681814e-02 5.416307e-01 6.408386e-02 -6.834884e-02 -6.320087e-01 -8.878850e-01 6.605803e-01 7.802486e-03 3.771196e-01 -4.461211e-01 1.431419e+00 2.319324e-01 7.805205e-01 6.585586e-03 
-7.837396e-01 9.230122e+00 1.075686e+01 5.433232e+00 7.192803e+00 6.018045e-01 2.229263e+00 -5.689497e+00 -4.479921e-02 6.068501e+00 9.564481e-01 6.856337e+00 -2.127254e-02 1.471128e-01 -2.175524e-01 -6.421615e-01 -5.198153e-01 -1.219412e+00 -5.482348e-01 6.722457e-01 1.493682e+00 -1.048502e+00 1.012607e-01 -6.610608e-01 -6.043223e-01 4.661024e-03 
-3.473471e+00 7.091331e+00 7.306460e+00 6.645164e+00 5.993549e+00 -5.954926e-01 4.943803e+00 2.878535e+00 -4.808072e-01 3.950172e+00 6.340466e-01 5.364034e+00 -2.949715e-02 -2.354494e-01 -2.481465e-01 -5.749702e-01 1.063081e-01 -5.656868e-01 -4.720019e-01 5.255810e-01 1.653047e+00 -1.128117e+00 -1.202958e+00 -8.459349e-01 -5.900402e-01 2.641737e-03 
