-6.291800e+00 6.684022e+00 -2.787149e-02 5.400933e+00 3.274808e+00 -8.636693e+00 -6.100417e+00 -9.008590e-01 -2.078306e+00 2.791271e+00 -2.815833e+00 -4.412270e+00 -1.512927e-01 -5.273170e-02 -3.261202e-01 1.025849e-01 -1.168621e+00 -6.508915e-01 1.429228e+00 1.640501e+00 1.653551e+00 2.408435e-01 1.769156e-01 2.232604e+00 3.653910e+00 0.000000e+00 
-6.747736e+00 5.862633e+00 3.359547e-01 1.123405e+00 9.704134e-01 -1.757356e+00 -1.582802e+00 5.613367e+00 2.871094e+00 4.361071e+00 3.945561e+00 8.122428e+00 -1.512927e-01 5.075836e-03 -3.250128e-01 1.643712e-02 -8.943893e-01 -6.655461e-01 1.723428e+00 1.440789e+00 5.794886e-01 3.384660e-01 -4.435755e-01 1.205946e+00 2.323612e+00 0.000000e+00 
-6.327490e+00 5.464115e+00 3.031400e-01 1.696593e+00 1.172547e+00 -4.930221e+00 -1.567203e-01 4.109782e+00 -3.348788e+00 2.890950e+00 4.966491e+00 7.589933e+00 -1.512927e-01 1.737213e-02 -3.584587e-01 -2.734233e-01 -4.817168e-01 -6.645292e-01 9.771917e-01 1.758953e+00 5.664318e-01 2.971328e-01 -5.218164e-01 -6.298879e-01 5.954316e-01 0.000000e+00 
-6.248575e+00 5.668911e+00 -1.111916e-01 2.781157e+00 9.982078e-01 -1.872789e+00 -1.868321e+00 -5.087364e-01 2.492652e-01 5.235549e-01 -6.772637e-01 1.204687e+00 -1.512927e-01 -6.702767e-02 -2.988085e-01 3.601729e-02 9.329799e-01 3.420846e-01 -5.612335e-01 -2.708860e-01 -1.058608e+00 -7.781125e-01 -2.011081e-01 -1.745528e+00 -2.611336e+00 0.000000e+00 
-6.454519e+00 4.988589e+00 -1.171415e+00 2.163473e+00 -6.173539e-02 -3.693017e+00 2.837106e+00 4.992352e+00 7.182722e-01 2.100948e+00 -3.653859e+00 2.023759e+00 -1.512927e-01 -3.867703e-02 -2.195974e-01 -2.021695e-01 3.172379e-01 3.105729e-01 3.523937e-01 -1.076066e+00 -9.548753e-01 1.624330e-01 8.853482e-01 -7.077050e-01 -1.293391e+00 0.000000e+00 
-7.019360e+00 4.606353e+00 1.253318e+00 5.554865e+00 3.297978e+00 -5.182125e+00 -4.434145e+00 -1.209598e-01 -3.052999e+00 3.750531e+00 -4.719038e-01 -2.151165e+00 -1.512927e-01 2.556858e-02 -1.747926e-01 -1.558298e-01 -1.716185e-01 8.567407e-01 -1.441307e-01 -2.346491e-01 -6.991702e-01 -6.844229e-01 9.411999e-01 1.277668e+00 1.216857e+00 0.000000e+00 
-6.135483e+00 4.897407e+00 -1.389963e+00 1.895929e+00 1.575527e+00 -1.513585e+00 -4.254138e+00 -8.584828e-01 -8.854902e-01 5.704203e+00 1.325286e+00 2.800907e+00 -1.512927e-01 1.683346e-01 1.721028e-01 2.020469e-01 5.117693e-02 7.317929e-01 -1.087044e-01 -5.412068e-01 -9.419904e-01 -4.018658e-01 -1.133706e-01 2.302926e-01 5.312268e-01 0.000000e+00 
-6.280251e+00 4.840539e+00 -7.810664e-01 2.056837e+00 4.463280e+00 -3.683159e+00 5.040557e-01 -1.079170e+00 -2.370968e+00 3.427927e+00 3.221502e+00 6.900400e+00 -1.512927e-01 3.110144e-01 3.499003e-01 -3.256793e-02 3.939455e-01 1.100302e-01 4.008554e-01 1.495178e+00 1.165898e+00 8.916525e-01 2.533883e-01 -1.413971e+00 1.410024e-02 0.000000e+00 
-5.982401e+00 5.732010e+00 8.560120e-01 4.168372e+00 3.014578e+00 -4.986023e+00 -2.338028e+00 7.615052e-01 -1.632072e+00 1.695397e+00 -4.349100e+00 1.541103e-01 -1.512927e-01 5.186386e-02 -8.170085e-01 6.279535e-01 1.286587e+00 -8.829631e-01 1.652458e+00 2.653081e+00 5.076543e-01 -6.880625e-01 -8.598389e-02 -5.845221e-01 5.191352e-01 0.000000e+00 
-5.540829e+00 5.938553e+00 -3.250861e-02 6.388371e+00 3.128603e+00 -1.441629e+00 2.083689e+00 4.898538e+00 1.778554e+00 7.021875e+00 -4.704567e+00 -7.572660e-01 -1.512927e-01 1.504555e-01 -1.110756e+00 2.924422e-01 4.648271e-01 -2.062841e+00 2.117431e+00 2.161011e+00 1.353667e-01 -6.763998e-01 6.845790e-01 9.019917e-01 2.828016e-01 0.000000e+00 
-6.245874e+00 2.633579e-01 1.375526e+00 6.163097e+00 -2.171950e+00 5.627941e+00 8.221452e+00 -1.309065e+00 -6.400564e+00 3.477309e+00 2.365711e+00 9.225416e+00 -1.512927e-01 -8.618126e-02 -1.523715e-01 -4.063565e-01 -4.632989e-01 -7.595624e-01 7.133682e-01 1.045978e+00 -1.968854e-01 -5.785463e-01 4.930182e-01 7.750058e-01 1.145403e-01 0.000000e+00 
-5.396236e+00 2.021085e+00 4.213874e-01 3.383610e+00 -3.257659e+00 1.597014e+00 6.029369e+00 6.329488e-01 -3.368721e+00 5.959866e+00 4.374055e+00 3.778755e+00 -1.512927e-01 1.958275e-03 1.146189e+00 -2.045710e-02 -1.000463e-01 3.816736e-01 -1.153234e+00 -1.665977e+00 -1.275403e-01 2.130743e-01 1.126627e-02 7.814531e-02 -1.217140e+00 0.000000e+00 
-6.485603e+00 6.928886e+00 -1.402719e+00 3.354258e+00 2.409897e+00 -2.938503e+00 9.190214e-01 1.909873e+00 -1.951166e+00 4.691493e+00 -5.013381e+00 -1.541199e+00 -1.512927e-01 1.095333e-02 1.729407e+00 6.667909e-01 9.021648e-01 1.881282e+00 -2.235762e+00 -1.931915e+00 1.698891e+00 1.574281e+00 -2.200201e-01 -1.054494e+00 -1.264954e+00 0.000000e+00 
-5.411173e+00 8.336736e+00 1.254328e+00 7.292559e+00 2.746047e+00 -2.924577e+00 -2.594979e+00 2.651367e+00 6.192269e-01 6.471115e+00 -6.242943e-01 -1.459658e+00 -1.512927e-01 1.144379e-01 6.528684e-01 5.726842e-01 1.092992e+00 1.570750e+00 -8.567327e-01 -9.200522e-01 8.140003e-01 5.675513e-01 -5.814731e-01 -1.347734e+00 6.693382e-01 0.000000e+00 
-6.183640e+00 5.752566e+00 4.293011e+00 8.719446e+00 4.232607e+00 -3.290073e+00 2.874049e+00 6.176180e+00 -5.231326e-01 2.121583e+00 -4.075861e-01 5.519853e+00 -1.512927e-01 2.147413e-01 -2.743563e-01 5.315152e-01 1.001563e+00 2.574940e-01 -3.070176e-01 -1.901424e-01 3.984967e-01 2.093769e-01 -1.788143e-01 -3.720727e-02 7.150553e-01 0.000000e+00 
-4.975029e+00 5.873588e+00 4.369437e-01 6.165976e+00 3.684734e+00 -2.510865e+00 4.515941e-01 2.569797e+00 -1.244982e+00 4.337455e+00 -4.667513e+00 3.594920e+00 -1.512927e-01 -2.480068e-02 -3.666182e-01 6.357243e-02 -4.509910e-01 -1.469742e-01 -4.659573e-02 9.580288e-02 4.849167e-02 8.065390e-03 -4.498219e-01 -1.071776e+00 4.038207e-01 0.000000e+00 
-5.629969e+00 6.788679e+00 1.663550e+00 8.925364e+00 3.228024e+00 -4.680448e+00 -1.554977e+00 3.943141e+00 2.782249e-02 4.864251e+00 -3.177808e+00 -4.932121e-01 -1.512927e-01 2.020500e-01 1.638633e-01 -5.588738e-01 -5.079303e-01 -2.949831e-01 7.429425e-01 6.491461e-01 5.779787e-01 5.152718e-01 -4.021289e-01 -6.272885e-01 -7.543687e-01 0.000000e+00 
-5.812012e+00 5.985588e+00 2.886920e+00 4.934645e+00 2.513468e+00 -2.462368e+00 9.854859e-02 4.010345e+00 3.840764e-01 2.850671e+00 -4.598064e+00 3.565977e+00 -1.512927e-01 -9.694080e-02 -9.700074e-02 -4.256476e-01 -9.822991e-01 -3.207540e-01 1.131693e+00 1.774289e+00 1.717880e+00 9.292158e-01 -5.474363e-01 -4.851706e-01 -5.401426e-01 0.000000e+00 
-4.754898e+00 6.515882e+00 2.736527e-01 6.795461e+00 3.343324e+00 4.003916e-01 6.296303e+00 8.345798e+00 1.238697e+00 8.543307e-01 -3.578753e+00 1.762481e+00 -1.512927e-01 2.307207e-01 4.124273e-01 -5.882354e-01 -1.180282e+00 -5.793245e-01 8.707525e-01 1.211352e+00 9.987782e-01 3.102129e-01 1.164556e+00 6.393935e-01 1.015995e+00 0.000000e+00 
-5.897268e+00 5.524982e+00 -9.963458e-01 2.319432e+00 2.023314e+00 6.071818e-01 5.397400e+00 8.957866e+00 2.795660e+00 3.605234e+00 -6.892894e+00 -2.336389e-01 -1.512927e-01 -8.243933e-01 6.697066e-01 -2.828929e-01 8.022688e-01 -3.683117e-01 5.563726e-02 -9.474596e-01 -2.386600e-01 -5.812012e-01 1.281128e+00 1.165238e+00 -2.269672e-01 1.592162e-02 
-4.433737e+00 9.081119e+00 6.640062e-01 4.331562e+00 5.764787e-01 -1.861461e+00 1.852358e+00 6.463272e+00 3.730950e-01 1.030975e+01 1.166574e+00 6.486569e+00 -1.512927e-01 -1.470171e+00 5.447280e-01 8.815677e-02 9.177365e-01 -5.029892e-01 -9.997352e-01 -2.871316e+00 -2.024672e+00 -1.892010e+00 -1.340294e-01 7.719556e-01 -7.086204e-02 2.198993e-02 
-1.009456e+01 8.051502e+00 1.277279e+00 1.017794e+01 2.055332e+00 -1.053256e+00 -2.416777e+00 3.758308e+00 -2.089128e+00 4.528600e+00 -1.144541e+00 6.909707e-02 -7.168460e-02 -4.040430e-01 5.528548e-02 -2.939355e-01 7.477167e-01 3.160127e-01 -1.602170e+00 -2.602434e+00 -2.157383e+00 -1.643024e+00 -1.894445e+00 8.493462e-01 4.793805e-01 7.014561e-03 
-1.000711e+01 7.976262e+00 -4.223759e-01 7.454890e+00 8.123691e-01 -3.768066e+00 -4.153188e+00 8.222190e-01 -5.778960e+00 -2.774993e-01 -2.593152e+00 1.256803e+00 -8.114707e-02 4.701546e-01 -1.431529e-01 -1.024517e+00 -1.445627e+00 1.133538e+00 -8.225262e-01 -1.894580e-01 -3.210614e-01 -2.427587e-01 -2.296762e+00 -5.025703e-01 -8.476631e-01 -7.960808e-03 
-5.130798e+00 6.353838e+00 -1.922832e+00 4.496351e+00 3.485432e+00 -6.450368e+00 -4.611996e+00 9.914775e-01 -2.343433e+00 -5.733663e-01 -7.663007e-01 4.778147e+00 -1.512927e-01 1.226847e+00 1.504645e-01 -2.976798e-01 -2.485837e+00 8.749541e-01 2.084866e-01 6.500599e-01 6.597542e-01 8.678095e-01 -9.091212e-01 5.833757e-01 6.404317e-01 -2.293618e-02 
-4.564844e+00 9.214186e+00 -2.858522e+00 -5.578160e-02 5.529119e+00 -3.275536e+00 2.002677e+00 6.241381e+00 -7.135460e-01 1.376921e+00 -1.535397e+00 -1.062717e-01 -1.512927e-01 -1.984436e-01 -2.008992e+00 2.904507e+00 -1.790478e+00 -1.287769e+00 3.542175e+00 -8.789083e-01 2.387629e-01 1.898113e+00 -1.340811e+00 1.145040e+00 7.707432e-01 2.582904e-02 
-6.681454e+00 8.184863e+00 1.006953e+00 1.504088e+00 4.071728e+00 -2.570884e-01 -2.244410e+00 4.347499e+00 -2.827883e-01 -8.442167e-01 1.243461e+00 3.952793e+00 -1.512927e-01 -9.566520e-01 -2.608398e+00 3.562896e+00 9.606892e-01 -2.626922e+00 2.740984e+00 -1.243524e+00 5.003319e-01 2.368908e+00 -1.356058e+00 -8.500202e-02 6.676964e-01 3.555744e-02 
-1.022400e+01 -2.984211e+00 1.263527e+01 -1.368284e-03 -5.919622e+00 1.084617e+01 -9.731523e+00 3.380228e-01 2.681282e+00 -6.846130e+00 2.127169e+00 5.523196e+00 4.799813e-02 -7.812990e-01 -2.112790e+00 1.670267e+00 3.643030e+00 -2.173552e+00 1.357164e+00 -3.238235e-01 -1.475426e+00 2.953533e+00 -7.441824e-01 -2.312665e+00 3.540128e-01 4.693437e-02 
-7.084482e+00 -5.889506e-01 8.144754e+00 9.272591e+00 -3.924809e+00 1.936996e-01 -4.962516e+00 6.444816e+00 7.803695e+00 -3.242130e+00 -3.022594e+00 5.301896e+00 -7.315087e-02 -2.703037e-02 -7.709020e-01 -4.998540e-01 1.736040e+00 1.030614e+00 9.760616e-01 1.146855e+00 -2.759854e+00 1.668887e+00 1.811423e+00 -3.402123e+00 -4.368475e-01 3.334606e-03 
-8.269825e+00 3.037141e+00 1.923915e+00 1.427512e+01 -1.340373e+00 3.284892e+00 1.742613e+00 -2.184411e+00 1.001088e+01 -1.145034e+00 -1.096569e+01 9.892410e-01 4.430825e-02 1.137427e+00 1.191993e+00 -2.587988e+00 -1.460731e+00 2.204493e+00 2.893027e-01 1.468588e+00 -2.993233e+00 6.609945e-02 2.956420e+00 -2.223177e+00 4.239098e-01 -4.247630e-02 
-7.793692e+00 1.319677e+00 3.863359e+00 3.046045e+00 6.935174e+00 8.403860e+00 -2.247203e+00 -8.190556e+00 4.396849e+00 5.362349e+00 -9.220723e+00 4.035532e+00 -1.327747e-01 3.268485e+00 1.113246e+00 -2.793556e+00 -4.078692e+00 7.674972e-01 2.857827e-01 -2.860738e-01 -7.306255e-01 -2.920696e+00 2.075905e+00 1.049320e+00 1.624443e+00 -1.772968e-02 
-4.182257e+00 2.021440e+00 1.836024e+00 -4.191749e+00 -3.271470e-01 8.187606e+00 -3.746241e+00 -7.310458e+00 4.715202e+00 3.633733e+00 -5.889654e+00 8.275926e+00 -1.345714e-01 3.832912e+00 1.236300e+00 -2.097031e+00 -3.303025e+00 4.975608e-01 -1.476581e+00 -1.214362e+00 2.250466e+00 -2.888615e+00 2.613790e+00 4.099701e+00 2.241896e+00 -3.307866e-02 
7.214155e+00 5.485132e+00 -5.779079e+00 -1.887434e+00 -5.939355e-01 -8.287435e-01 -3.648458e+00 5.354712e+00 -4.151947e+00 4.748013e+00 -3.140154e-01 9.780766e+00 -7.235944e-02 1.436750e+00 1.223395e+00 -1.014226e+00 1.269215e+00 -1.717416e-01 -3.113945e+00 7.269222e-01 2.681668e+00 -1.743919e+00 6.421205e-01 2.925997e+00 1.937780e-01 -5.375719e-03 
3.390813e+00 7.135915e+00 -3.740021e+00 2.267323e-01 4.911986e+00 5.182893e-01 -3.628571e+00 2.295286e+00 -1.578019e-01 1.223108e+01 5.079458e+00 9.326104e+00 -1.512927e-01 -1.704548e+00 4.658074e-01 -5.475945e-01 3.279973e+00 1.017930e+00 -1.631273e-01 2.434844e+00 1.124463e+00 2.950939e-01 -2.806928e-01 2.181557e+00 -1.262562e+00 3.003740e-03 
-4.396478e+00 4.879414e+00 1.580250e+00 7.182880e+00 3.456899e+00 -3.331209e+00 1.328573e+00 4.149119e-01 -1.886245e+00 4.274277e+00 -7.529521e-02 4.479333e+00 -1.512927e-01 -2.611268e+00 -2.188662e+00 -1.025595e+00 1.516945e+00 -1.809642e-01 6.600574e-01 1.043693e-01 -1.470677e+00 1.155957e+00 -1.863010e+00 -7.353655e-01 -1.546235e+00 3.766701e-02 
-6.899681e+00 4.653336e+00 -4.581613e+00 7.672960e+00 2.737086e+00 8.623202e+00 5.939460e+00 7.817600e-01 5.057821e+00 2.467137e+00 4.898771e+00 4.613835e+00 -8.008611e-02 -5.147287e-01 -3.360788e+00 -2.377513e+00 -6.219566e-01 -1.059849e+00 -9.329395e-01 -1.324932e+00 -1.665287e+00 4.200038e-01 -2.923992e+00 -1.376565e+00 -8.829101e-01 1.024538e-01 
-6.969357e-01 -4.216890e+00 -1.048626e+01 1.974178e+00 -4.113064e-01 -1.580913e+00 -7.910627e+00 -1.241911e+00 -9.799746e-01 3.149371e-01 -3.900499e+00 4.405724e+00 8.037233e-02 -1.309729e-02 -1.744498e+00 -1.060941e+00 -8.164283e-01 -7.669165e-01 -1.191352e+00 -9.746655e-01 -1.613982e+00 -7.893720e-01 -6.497620e-01 -8.213568e-03 -4.730305e-01 8.662830e-02 
-1.032601e+00 -5.119873e+00 -9.594331e+00 -2.786994e-01 1.546846e+00 -5.021557e+00 -5.633632e+00 -5.202736e+00 1.489082e+00 -4.092101e-01 1.092334e-01 4.948359e+00 2.451436e-01 -1.373166e+00 -1.883596e-01 1.070542e+00 1.050436e+00 -2.086571e-01 -1.889823e+00 1.587048e+00 -1.789931e+00 -1.740712e+00 -7.453245e-01 -3.507121e-01 -1.126098e+00 5.913951e-02 
-7.395504e+00 1.043528e+00 -1.218097e+00 7.076569e+00 2.174363e-01 -2.465592e+00 2.241792e+00 -4.662750e+00 -4.048735e+00 2.463640e+00 2.278406e+00 1.946919e+00 1.192340e-01 -3.228959e+00 1.988147e+00 1.987075e+00 3.246370e+00 1.277384e+00 5.780334e-01 4.397887e+00 -4.333557e-01 -1.535901e-01 -8.990623e-01 3.404817e-01 -1.776398e-01 1.562359e-02 
-1.041623e+01 1.081329e+00 -3.862985e+00 1.037395e+01 1.379429e+00 -3.835738e-01 8.798491e+00 -6.457474e+00 -2.111361e+00 -2.333837e+00 5.575800e-02 2.127462e-01 1.961806e-01 -2.510090e+00 2.284326e+00 8.350084e-01 2.912857e+00 5.335888e-01 -3.162422e-02 1.955477e+00 -1.715531e-01 4.465778e-01 -9.064468e-01 -1.390288e+00 8.635932e-01 -4.084653e-03 
-1.214992e+01 2.623245e+00 -3.416558e+00 1.287970e+01 6.059320e+00 -1.009737e+00 6.862744e+00 -2.781321e+00 5.229616e-02 -3.218061e+00 -2.171353e+00 5.885331e+00 1.829718e-01 -1.094507e+00 1.127698e+00 -1.093420e+00 4.316970e-01 4.816294e-01 -4.011522e-01 -7.489300e-02 3.590121e-01 6.286542e-01 -1.052694e+00 -1.471173e+00 6.392984e-01 2.233638e-02 
-1.120584e+01 5.511897e+00 -4.320058e+00 1.138402e+01 1.293848e+00 -5.907605e+00 1.833279e+00 -7.001216e+00 1.671456e+00 -2.100593e+00 -4.617329e+00 7.297118e+00 1.928514e-01 -6.611469e-01 6.067575e-01 -6.108290e-01 -4.120287e-01 -6.759170e-01 4.125971e-01 -9.490929e-01 1.564126e+00 1.002328e+00 1.778870e-02 2.431315e-01 -7.852298e-01 2.079350e-02 
-1.247323e+01 4.466734e+00 -6.456661e+00 8.730019e+00 2.668374e+00 -1.709337e+00 5.349932e+00 -2.595819e+00 -2.796872e+00 -2.916452e+00 -2.740913e+00 1.601225e+00 2.325805e-01 5.659882e-01 -8.446339e-01 -1.396263e+00 -1.975809e+00 -2.054664e+00 -5.428994e-01 -1.526283e+00 9.126455e-01 -5.973824e-01 -3.615116e-01 4.821312e-01 -1.680663e+00 3.221088e-02 
-1.356030e+01 3.193372e+00 -5.397078e+00 1.038865e+01 -3.046827e-01 2.029212e+00 4.809433e+00 1.270404e+00 4.324864e+00 -2.395698e+00 1.556196e+00 -1.571350e+00 2.753438e-01 2.803053e+00 -1.754744e+00 -1.285652e+00 -2.159854e+00 -6.121198e-01 -4.558591e-01 -1.567546e+00 7.486668e-01 -1.118505e+00 7.820352e-01 9.264714e-01 -2.129985e+00 3.504656e-02 
-8.142746e+00 -4.406624e-01 -9.859362e+00 3.498345e+00 -3.414733e+00 -7.692642e+00 -2.256749e+00 -2.353903e+00 -4.261320e+00 -4.878067e+00 -2.847460e+00 1.916248e+00 3.027800e-01 6.818460e+00 -6.609090e-01 7.587162e-01 -4.077652e+00 -2.095172e+00 1.437838e+00 -1.623043e+00 4.328323e-01 -1.514204e+00 2.076939e-01 1.747891e+00 -4.738527e-01 4.860901e-02 
6.441803e-01 -8.081226e-01 -9.046970e+00 3.200585e+00 1.274802e+00 -5.195248e+00 -2.201110e+00 -3.378840e+00 -3.188845e+00 2.790390e+00 6.830072e-02 -3.510317e+00 3.329844e-01 7.994523e+00 -1.021643e+00 2.108508e+00 -5.796337e+00 -2.336094e+00 3.119784e+00 -7.062519e-01 1.575791e-01 -2.166838e+00 -1.699605e-01 2.236128e+00 6.597451e-01 9.914647e-02 
1.451683e+01 3.162936e+00 -8.381341e-01 -8.064212e+00 -8.597227e+00 9.092085e+00 7.399899e-01 1.892965e+00 -6.611035e+00 -4.471026e+00 6.742491e+00 2.014449e-01 4.468052e-01 5.784393e+00 -1.329805e+00 2.819148e+00 -5.794394e+00 -2.017934e+00 5.006223e+00 1.833585e+00 6.709352e-01 -3.956119e-01 -4.766278e-01 2.283624e+00 5.108148e-01 1.365141e-01 
1.508252e+01 -3.716642e+00 6.348495e-01 -1.281176e+01 -9.393906e+00 9.235766e+00 -2.201964e-01 -6.513464e-02 -5.334467e+00 -3.449020e+00 7.941861e+00 2.584777e+00 6.990635e-01 2.426408e+00 -2.130815e+00 1.708182e+00 -4.920094e+00 -1.888859e+00 2.889529e+00 2.948283e+00 -1.994459e-01 -4.151685e-02 -1.018325e+00 1.706923e-01 7.899792e-01 1.382382e-01 
1.356005e+01 -5.635427e+00 -6.045332e-01 -1.746745e+01 -8.170052e+00 1.012297e+01 5.920719e+00 -6.560798e-01 -5.166569e+00 -4.141500e+00 4.633881e+00 1.422775e+00 8.023111e-01 -3.335343e-01 -3.236436e+00 9.800420e-02 -2.157381e+00 4.139752e-01 6.435254e-01 2.831734e+00 -1.537956e+00 6.994168e-01 1.886849e-01 -1.601475e+00 -2.921972e-01 1.028090e-01 
1.325461e+01 -7.063014e+00 -6.228609e-01 -1.669827e+01 -8.383080e+00 8.736954e+00 9.949941e+00 -3.101548e+00 -4.118663e+00 -2.466000e+00 1.976067e+00 -1.710859e-01 8.464226e-01 -4.090380e-01 -1.899637e+00 -1.747993e-01 -1.128484e+00 1.233399e+00 1.122329e+00 2.651016e+00 -1.829105e+00 4.602891e-01 1.132212e-02 -1.492253e+00 -9.662746e-01 4.967244e-02 
1.376311e+01 -1.134606e+01 2.807422e-01 -1.690786e+01 -7.032764e+00 1.255912e+01 9.813594e+00 -4.278609e+00 -3.721854e+00 -4.019113e+00 1.718015e+00 1.183905e-01 8.871704e-01 -1.553435e-01 -1.200804e+00 8.020876e-02 -1.009627e+00 1.718851e+00 1.099903e+00 9.951626e-01 -1.684069e+00 3.294669e-01 -5.758286e-03 -8.080689e-01 -8.815948e-01 2.794820e-02 
1.293580e+01 -1.035951e+01 -6.817846e-01 -1.873398e+01 -3.795553e+00 1.362934e+01 1.108845e+01 -7.399393e+00 -3.755379e+00 -3.453604e+00 1.938528e+00 -1.594403e+00 9.049961e-01 -1.890830e-01 2.575169e-02 -5.847746e-01 -7.176806e-01 1.834840e+00 6.424162e-01 -7.989273e-02 -6.969775e-01 3.602811e-01 -3.032804e-01 -4.175358e-01 -6.657143e-01 9.567362e-03 
1.294273e+01 -9.991198e+00 -1.740276e-01 -2.149773e+01 -1.869562e+00 1.317629e+01 1.032728e+01 -6.927503e+00 -3.700876e+00 -3.676490e+00 6.123061e-01 -2.273540e+00 9.127653e-01 -2.974540e-01 4.420380e-01 -5.276053e-01 3.216698e-01 1.463195e-01 4.883692e-01 -6.470210e-01 3.583614e-01 -4.567974e-02 2.765088e-01 -4.226943e-01 -9.037305e-01 4.167676e-04 
1.271939e+01 -7.611685e+00 -3.319349e+00 -1.799174e+01 -1.790481e+00 1.164045e+01 9.293634e+00 -5.261988e+00 -2.327746e+00 -4.153713e+00 4.412427e-01 -2.303692e+00 8.814619e-01 -5.670033e-01 -2.085179e-01 3.144112e-01 6.492071e-01 -8.382365e-01 7.280601e-01 -8.528627e-01 7.316111e-01 1.379338e-01 5.934668e-03 4.646683e-02 -1.154833e+00 5.298191e-03 
1.238405e+01 -1.050978e+01 -1.038502e+00 -1.567063e+01 -7.303703e+00 1.599541e+01 7.475894e+00 -3.555504e+00 -4.664069e+00 -2.286514e+00 3.531861e-01 -4.045618e+00 9.010214e-01 -5.485666e-01 -5.686682e-01 5.166197e-01 6.256727e-01 -9.426359e-01 1.110338e+00 -8.985337e-01 7.639037e-01 -4.925632e-01 5.293403e-01 -1.163750e-01 -5.011252e-01 9.378660e-03 
1.038013e+01 -1.114281e+01 1.322509e+00 -1.840149e+01 -5.269665e+00 1.586008e+01 8.249825e+00 -5.427337e+00 -2.584114e+00 -4.118918e+00 2.300422e+00 -6.482527e+00 9.373590e-01 -4.747192e-01 -6.784953e-01 8.312711e-01 -2.359335e-01 -6.285287e-01 1.037914e+00 -3.756470e-01 1.344729e-01 -9.705467e-01 7.977431e-01 -2.649800e-01 1.150114e-01 1.613542e-02 
1.136953e+01 -1.106898e+01 8.814216e-02 -1.816449e+01 -4.843149e+00 1.661816e+01 6.356515e+00 -3.025311e+00 -6.035508e+00 -1.047186e+00 -8.991585e-01 -2.689749e+00 9.317101e-01 -8.714199e-02 -1.493652e-01 -1.296449e-01 -2.510740e-01 7.438549e-01 -1.154592e-01 -3.451611e-01 1.540717e-01 -3.072334e-01 -7.315934e-02 9.439814e-02 -3.494181e-02 9.858251e-03 
1.085305e+01 -1.072456e+01 2.736840e-01 -1.792448e+01 -6.163401e+00 1.651864e+01 7.975089e+00 -4.854721e+00 -6.494760e+00 -7.846617e-01 -2.574852e-01 -2.406569e+00 9.467947e-01 2.649343e-01 -8.505373e-02 -4.648902e-01 1.224955e-01 2.992643e-01 -2.212830e-01 -2.599090e-01 8.907614e-02 1.158893e-01 -3.193668e-01 -3.391218e-03 1.171919e-01 4.462057e-03 
1.171188e+01 -1.146573e+01 -1.162314e+00 -1.716451e+01 -3.137560e+00 1.508883e+01 5.887457e+00 -3.071454e+00 -4.244913e+00 -4.319439e+00 2.104130e+00 -6.258306e+00 9.455948e-01 1.422443e-01 -1.851869e-01 -6.819068e-01 4.936544e-01 1.773704e-01 -6.791516e-02 -1.734398e-01 -1.009896e-01 6.275085e-01 -7.808591e-01 6.078566e-01 -9.312969e-01 6.688803e-03 
1.153363e+01 -1.136970e+01 -3.767145e-01 -1.828900e+01 -4.626138e+00 1.551833e+01 7.184809e+00 -4.958884e+00 -2.899965e+00 -4.079626e+00 7.818213e-01 -4.112289e+00 9.527270e-01 5.700752e-03 -4.279070e-02 -5.638936e-01 3.003527e-01 5.445611e-01 -1.375080e-01 -1.838042e-01 3.441451e-01 2.827089e-01 -3.199816e-02 -1.248073e-01 -3.475660e-01 3.310853e-03 
1.174046e+01 -1.167234e+01 -2.996192e+00 -1.551395e+01 -4.724928e+00 1.677874e+01 5.884457e+00 -3.478177e+00 -4.695364e+00 -3.303999e+00 1.620471e+00 -6.493373e+00 9.621879e-01 -2.903181e-01 3.213186e-01 -2.085856e-01 2.004414e-01 -3.760087e-01 5.200937e-01 -2.735008e-01 3.415866e-01 -6.252456e-01 5.672661e-01 -3.635225e-01 3.866813e-01 2.560580e-03 
1.086726e+01 -1.083521e+01 -1.628845e+00 -1.724799e+01 -2.646912e+00 1.498614e+01 7.057568e+00 -2.930634e+00 -4.855990e+00 -1.452372e+00 -6.396921e-01 -4.026865e+00 9.550524e-01 -2.038061e-01 1.215497e-01 1.442456e-02 1.975359e-01 -1.309214e-02 3.754551e-01 -3.731659e-01 2.705352e-01 -2.157941e-01 -3.684430e-02 1.239952e-01 5.140004e-02 6.548703e-04 
1.059347e+01 -1.012638e+01 -1.579177e+00 -1.668281e+01 -6.007217e+00 1.795539e+01 4.583573e+00 -2.377646e+00 -6.393128e+00 -2.796735e+00 9.972744e-01 -4.367611e+00 9.572350e-01 -1.173309e-01 -9.259615e-02 7.236370e-01 -4.933622e-01 -7.038379e-02 8.503532e-03 2.129745e-03 -4.883051e-01 5.119339e-01 -5.961951e-01 5.439504e-01 -1.652176e-01 1.113301e-03 
1.108809e+01 -1.153493e+01 -1.013099e+00 -1.671690e+01 -4.050455e+00 1.680728e+01 5.969421e+00 -4.156474e+00 -3.130053e+00 -4.517479e+00 1.713396e+00 -4.918170e+00 9.584778e-01 1.278185e-01 -4.842709e-01 4.492389e-01 -2.934322e-01 2.357194e-01 -2.072802e-01 5.026826e-01 -1.040824e+00 8.042009e-01 -8.635439e-01 8.391706e-01 -7.859926e-01 4.083341e-03 
1.104339e+01 -1.178546e+01 3.141197e-01 -1.824631e+01 -4.375076e+00 1.591069e+01 6.439179e+00 -5.306782e+00 -2.998662e+00 -4.752421e+00 3.163680e+00 -6.873809e+00 9.660417e-01 2.240813e-02 -3.096870e-01 -5.111525e-02 -3.591429e-01 1.187549e+00 -9.297436e-01 5.246415e-01 -7.886682e-01 8.032430e-01 -7.407781e-01 5.647634e-01 -8.064606e-01 5.260980e-03 
1.128139e+01 -1.242703e+01 -3.292990e-01 -1.793340e+01 -2.284385e+00 1.497209e+01 8.643178e+00 -6.670187e+00 -2.532218e+00 -4.792249e+00 2.472958e+00 -6.703730e+00 9.710657e-01 -6.151208e-02 1.520485e-01 -6.078695e-01 1.546978e-01 8.114067e-01 -9.681656e-01 2.766266e-01 -3.029118e-01 -1.061336e-01 -8.744903e-02 2.554750e-01 -2.022254e-01 4.193002e-03 
1.060886e+01 -1.122877e+01 -2.176653e+00 -1.787027e+01 -9.525070e-01 1.422427e+01 5.869902e+00 -5.064130e+00 -2.675830e+00 -6.363241e+00 3.441310e+00 -7.507134e+00 9.772459e-01 -6.194425e-02 6.898002e-02 -5.786246e-01 1.754648e-01 7.801408e-01 -3.945202e-01 -5.812993e-02 -3.941430e-01 1.670273e-01 6.015163e-02 2.881332e-01 -5.142269e-02 5.183584e-03 
1.099780e+01 -1.105304e+01 -2.807060e+00 -1.613143e+01 -1.704705e+00 1.280967e+01 7.637192e+00 -5.792359e+00 -3.822137e+00 -4.149314e+00 2.851955e+00 -5.612635e+00 9.738407e-01 1.230932e-02 -3.424748e-01 -6.496958e-02 2.790516e-01 4.862905e-01 -5.974897e-01 -1.813293e-01 -1.740975e-01 3.480600e-01 1.416690e-01 5.905811e-01 -1.950202e-01 4.960710e-03 
1.087547e+01 -1.212756e+01 -1.340123e+00 -1.826998e+01 -7.642117e-01 1.501930e+01 6.651522e+00 -7.716411e+00 -1.518566e+00 -4.773130e+00 4.414847e+00 -7.676470e+00 9.905722e-01 1.586824e-02 -7.444153e-01 1.839310e-01 5.442718e-01 7.938030e-01 -9.058706e-01 3.349074e-01 -6.549243e-01 5.464073e-01 4.949040e-01 4.290842e-01 -1.308522e-01 6.087357e-03 
1.120963e+01 -1.369001e+01 -1.072412e+00 -1.633829e+01 5.291986e-02 1.158712e+01 7.345722e+00 -6.214534e+00 -1.370550e+00 -4.878959e+00 4.939095e+00 -7.594163e+00 9.892061e-01 -2.229716e-01 -5.407480e-01 -4.126911e-02 7.199043e-01 1.295761e+00 -1.305398e+00 -1.581624e-01 -4.647571e-01 8.718940e-01 -2.825599e-02 4.107724e-01 -1.172573e-01 4.257637e-03 
1.058228e+01 -1.363236e+01 -2.124322e+00 -1.504548e+01 2.137695e+00 1.030619e+01 7.690174e+00 -8.127665e+00 -1.169587e+00 -3.523899e+00 4.543162e+00 -7.170631e+00 1.000000e+00 -4.511825e-01 -3.745125e-01 -9.225700e-02 1.242117e+00 1.379255e+00 -2.259350e+00 1.140248e-01 -3.303196e-01 6.511819e-01 2.748475e-02 7.642289e-02 1.800810e-01 -4.118681e-06 
1.002953e+01 -1.300437e+01 -2.621306e+00 -1.414415e+01 3.323146e+00 8.639235e+00 6.327054e+00 -7.910518e+00 3.628433e-01 -4.915210e+00 4.841660e+00 -6.451840e+00 9.904150e-01 -4.962633e-01 4.747581e-02 -2.431130e-02 1.660862e+00 6.663453e-01 -1.661119e+00 -5.691424e-01 -1.736414e-01 9.317809e-01 1.778184e-01 -1.770901e-01 -1.549582e-01 -8.282739e-03 
9.209608e+00 -1.434294e+01 -1.026961e+00 -1.315646e+01 4.496949e+00 5.196497e+00 7.730980e+00 -8.520018e+00 8.706462e-01 -4.617581e+00 4.845679e+00 -7.347226e+00 9.899471e-01 -9.617433e-02 -2.558518e-03 2.724332e-01 1.813950e+00 2.903818e-01 -2.064423e+00 -9.186934e-01 4.538697e-01 1.380370e+00 2.657088e-01 -4.838758e-01 -4.605563e-01 -1.535823e-02 
9.414656e+00 -1.309734e+01 -1.742650e+00 -8.978489e+00 2.205019e+00 5.836375e+00 4.479607e+00 -6.886565e+00 2.268237e+00 -3.443026e+00 3.902386e+00 -8.280657e+00 9.528189e-01 1.606322e-01 8.005486e-02 1.606994e-01 2.080175e+00 -2.447124e-01 -2.276130e+00 -1.147286e+00 7.293185e-01 1.819964e+00 6.907040e-01 -8.134102e-01 -8.328518e-01 -1.477948e-02 
1.040885e+01 -1.359867e+01 -1.201484e+00 -8.558564e+00 4.148667e+00 1.385500e+00 4.020431e+00 -6.370292e+00 4.779566e+00 -2.931447e+00 2.593420e+00 -8.559005e+00 9.420069e-01 2.299055e-01 2.621868e-01 1.877421e-01 1.877365e+00 -6.063686e-01 -2.561147e+00 -1.512220e+00 1.179332e+00 2.294573e+00 6.639678e-01 -9.458258e-01 -6.848145e-01 -1.214514e-02 
1.023307e+01 -1.297623e+01 -1.730547e+00 -6.042230e+00 2.273725e+00 -8.359157e-01 2.445896e+00 -5.338788e+00 7.508202e+00 -2.304757e+00 1.900739e+00 -1.001021e+01 9.404877e-01 -5.741221e-02 3.734028e-01 3.571408e-01 1.634311e+00 -1.017633e+00 -2.889337e+00 -1.460966e+00 1.698388e+00 2.251901e+00 4.902134e-01 -9.202841e-01 -6.162664e-01 -8.107513e-03 
9.949927e+00 -1.309256e+01 -9.430146e-02 -5.237768e+00 1.430754e+00 -4.273091e+00 1.186734e+00 -3.397243e+00 9.723531e+00 -1.866876e+00 1.117374e+00 -9.906522e+00 9.353870e-01 -3.171765e-01 7.787703e-01 4.470776e-01 1.710387e+00 -1.709422e+00 -2.393035e+00 -1.436692e+00 1.834443e+00 1.956750e+00 -3.127742e-01 -7.510618e-01 -3.456387e-01 -1.170226e-02 
9.357056e+00 -1.148338e+01 -5.105369e-01 -2.467330e+00 -1.524187e+00 -5.781013e+00 -1.408376e+00 1.188492e-01 1.105576e+01 -1.524244e+00 3.898835e-02 -1.068823e+01 9.155912e-01 -3.757455e-01 9.066983e-01 5.270272e-01 1.850571e+00 -1.872178e+00 -2.271802e+00 -1.101096e+00 1.915703e+00 9.331368e-01 -7.772161e-01 -4.500564e-01 4.988085e-01 -1.664170e-02 
9.260975e+00 -1.045124e+01 4.238981e-01 -1.794077e+00 -2.499485e+00 -8.107127e+00 -1.235894e+00 7.310367e-02 1.278953e+01 -4.885575e+00 -2.310143e-01 -9.948188e+00 8.959438e-01 -4.622566e-01 1.344269e+00 5.006427e-01 2.099706e+00 -1.797271e+00 -2.298227e+00 -6.704494e-01 8.437277e-01 1.886978e-01 -9.220449e-01 4.770686e-01 1.323871e+00 -2.291570e-02 
8.698820e+00 -9.763398e+00 6.454889e-01 1.488782e+00 -5.122045e+00 -1.027791e+01 -1.848269e+00 2.504552e+00 1.064088e+01 -4.681488e+00 3.246508e-01 -7.495335e+00 8.770008e-01 -3.987906e-01 1.517311e+00 9.121442e-01 1.813716e+00 -1.550280e+00 -2.260614e+00 -5.837160e-01 -5.270176e-02 -8.878050e-02 -1.129487e+00 1.227145e+00 1.908085e+00 -2.613919e-02 
7.967762e+00 -7.231204e+00 1.830899e+00 3.282705e+00 -5.756671e+00 -1.351578e+01 -1.945566e+00 -3.714557e-01 1.087446e+01 -4.898479e+00 3.359886e+00 -4.883615e+00 8.401037e-01 -4.496948e-01 1.818555e+00 1.162775e+00 1.191966e+00 -1.120073e+00 -2.276423e+00 -9.605615e-01 -2.280971e-01 -1.645670e-01 -4.232652e-01 9.610151e-01 2.190934e+00 -2.779939e-02 
8.009709e+00 -5.506848e+00 3.346684e+00 4.062859e+00 -7.646991e+00 -1.437976e+01 -3.972120e+00 7.762003e-02 1.156940e+01 -7.165229e+00 4.379261e+00 -3.680089e+00 8.128153e-01 -2.258608e-01 1.883712e+00 1.042573e+00 8.457412e-01 -9.603111e-01 -1.824721e+00 -1.275545e+00 -4.276770e-01 -2.063463e-01 -4.787492e-01 7.750460e-01 1.641540e+00 -2.680601e-02 
7.357057e+00 -3.486742e+00 4.887174e+00 2.878714e+00 -6.837375e+00 -1.743832e+01 -4.976776e+00 1.460842e-01 1.150244e+01 -5.760030e+00 2.546756e+00 -9.011388e-01 7.890396e-01 -4.500120e-02 1.405223e+00 9.870030e-01 8.290221e-01 -6.121594e-01 -1.027726e+00 -1.447872e+00 -3.297876e-01 -7.207069e-01 -6.404525e-01 1.914482e-01 1.429043e+00 -2.643952e-02 
7.874869e+00 -2.217070e+00 4.330216e+00 5.919483e+00 -9.383249e+00 -1.744024e+01 -6.710388e+00 1.073975e-01 9.295159e+00 -6.644458e+00 4.606446e+00 -1.278872e+00 7.685028e-01 4.355538e-02 1.249032e+00 5.107338e-01 1.164510e+00 7.471769e-01 -6.501303e-01 -9.618940e-01 -9.576235e-01 -1.538094e+00 -7.473111e-01 -2.866499e-01 1.189117e+00 -3.482208e-02 
7.810176e+00 -1.849978e+00 6.274147e+00 6.499503e+00 -7.949339e+00 -1.712417e+01 -7.815792e+00 -2.035282e+00 8.408042e+00 -8.361127e+00 4.203535e+00 1.060989e+00 7.300624e-01 2.552086e-01 9.343012e-01 2.000236e-01 1.944633e+00 7.961192e-01 4.343316e-01 -8.446452e-01 -1.312349e+00 -1.941885e+00 -7.572940e-01 -5.381504e-01 9.759878e-01 -4.411246e-02 
8.000927e+00 -8.007288e-02 5.206866e+00 8.075017e+00 -3.355124e+00 -1.778749e+01 -7.362082e+00 -3.619814e+00 5.426126e+00 -9.601237e+00 2.117622e+00 1.284430e+00 6.681935e-01 2.197089e-01 9.771422e-01 1.168864e-01 1.812448e+00 1.504748e+00 7.726582e-01 -1.109497e+00 -1.197548e+00 -1.654678e+00 -3.460973e-01 -7.077668e-01 1.113465e+00 -5.598884e-02 
8.570070e+00 1.162653e-01 5.448967e+00 1.152412e+01 -5.870842e+00 -1.509304e+01 -8.874155e+00 -4.552056e+00 3.727536e+00 -8.068111e+00 1.100416e+00 2.697150e+00 6.186320e-01 3.146725e-01 1.180395e+00 -8.563650e-02 1.472797e+00 1.347374e+00 1.663137e+00 -1.314843e+00 -1.454641e-01 -1.898965e+00 3.023996e-01 -2.937586e-01 5.187348e-01 -7.019340e-02 
8.593466e+00 1.685519e+00 5.327239e+00 1.246942e+01 -2.898760e+00 -1.459251e+01 -1.172869e+01 -4.621953e+00 3.362023e+00 -8.521453e+00 2.619171e+00 3.470372e+00 5.442739e-01 1.195718e-01 1.507601e+00 -7.045649e-01 1.425065e+00 1.122080e+00 1.728729e+00 -4.683898e-01 9.378169e-01 -2.180817e+00 1.216492e+00 -8.919621e-03 -5.161493e-01 -8.280025e-02 
9.087269e+00 3.169201e+00 5.785779e+00 1.166629e+01 -1.440653e+00 -1.040597e+01 -1.220670e+01 -2.261533e+00 -5.473113e-02 -7.389020e+00 2.483967e+00 2.561692e+00 4.410552e-01 -6.309764e-01 1.980949e+00 -6.067850e-01 7.467858e-01 2.303993e+00 9.006243e-01 7.776559e-01 1.469401e+00 -2.240003e+00 1.886825e+00 -7.083751e-01 -9.510557e-01 -8.934225e-02 
8.340187e+00 5.931466e+00 1.515636e+00 1.512926e+01 4.018283e-02 -1.148738e+01 -8.037758e+00 -7.599115e-02 -3.586823e+00 -3.858320e+00 1.381248e+00 -1.228588e+00 3.429807e-01 -1.612473e+00 2.000008e+00 3.829219e-02 4.492435e-01 2.038811e+00 1.840047e+00 1.167553e+00 8.704756e-01 -1.474486e+00 2.595396e+00 -5.358739e-01 -1.348610e+00 -8.125474e-02 
5.541828e+00 7.898039e+00 4.320843e+00 1.392813e+01 4.179653e+00 -1.214248e+01 -6.831344e+00 5.219685e-01 -3.998054e+00 -9.655532e-01 -1.822498e+00 2.913508e-01 2.725673e-01 -2.709515e+00 1.740597e+00 7.369707e-01 3.741676e-01 1.913039e+00 2.392698e+00 1.519003e+00 5.664700e-01 -6.571501e-01 1.597374e+00 -1.157328e+00 -2.696846e-01 -5.529761e-02 
2.303821e+00 9.321142e+00 6.251167e+00 1.358471e+01 4.485141e+00 -4.524016e+00 -8.578607e+00 -1.661326e+00 -2.038746e+00 1.243793e+00 2.093034e+00 -2.137506e+00 2.222441e-01 -3.441126e+00 6.891528e-01 1.217389e+00 -5.132972e-01 1.675084e+00 3.461252e+00 1.631399e+00 9.880559e-01 2.244341e-01 4.918873e-02 -1.418203e+00 -4.447579e-01 -2.489436e-02 
-1.442122e+00 1.017735e+01 7.102866e+00 1.430939e+01 5.902062e+00 -1.924156e+00 -4.341262e+00 1.363484e+00 -4.114520e+00 -1.953206e+00 -3.658568e+00 1.667728e+00 2.249354e-01 -3.514907e+00 -8.264003e-01 -5.942225e-01 -1.509986e+00 -8.442209e-01 2.808139e+00 2.095092e+00 2.074695e+00 1.841990e+00 6.428165e-01 -1.026087e+00 -5.607573e-01 -1.460767e-03 
-5.373468e+00 8.237576e+00 6.211569e+00 1.237214e+01 7.554397e+00 7.097197e-01 -1.125805e+00 4.443530e+00 -2.406420e+00 -3.118550e+00 -4.791734e+00 -4.140566e+00 2.423248e-01 -3.362538e+00 -2.443727e+00 -2.100771e+00 -2.322476e+00 -1.913143e+00 -2.433169e-01 6.730371e-01 1.139543e+00 1.051473e+00 3.533886e-01 -2.453667e-01 1.141709e+00 1.779705e-02 
-8.194065e+00 4.307821e+00 1.369530e+00 6.984487e+00 -1.576080e+00 -7.186556e-01 -8.228254e-02 7.843014e+00 5.395735e+00 4.429701e+00 -3.510547e+00 -1.510906e+00 2.552231e-01 -3.052317e+00 -3.735168e+00 -3.351816e+00 -1.810655e+00 -2.719918e+00 -2.424756e+00 -1.611298e+00 -2.029097e+00 7.720022e-01 6.165458e-01 1.041962e+00 2.220381e+00 1.817066e-02 
-1.113290e+01 3.727007e-02 -1.386022e+00 5.634787e+00 -1.341501e+00 -6.343351e+00 -7.342911e+00 7.966226e-01 -1.536507e+00 -1.807172e-01 7.921906e-01 5.160355e+00 2.960855e-01 -1.473762e+00 -2.989540e+00 -2.494107e+00 -1.648087e+00 -1.865380e+00 -1.572636e+00 -1.868929e+00 -2.142654e+00 -7.035511e-01 -4.724371e-01 5.240600e-01 1.692171e+00 6.386918e-03 
-1.382399e+01 -4.398342e+00 -5.857418e+00 8.624793e+00 -3.249582e+00 -1.052140e+01 -9.289199e+00 -6.958548e+00 -6.894650e-01 -3.393933e-01 -1.240719e+00 8.119175e+00 2.889084e-01 2.483984e-01 -1.155887e+00 -2.969366e-01 -6.731278e-01 3.297734e-01 2.257504e-01 -1.125431e+00 2.531753e-02 -5.478708e-01 -1.702309e-03 1.403958e-01 4.870214e-02 -1.943403e-02 
-9.927315e+00 -2.357045e+00 -2.645494e+00 3.311545e+00 -9.357519e-01 -2.252087e+00 -5.866993e+00 1.131042e+00 -2.881575e+00 -3.096188e+00 -3.306348e+00 -4.947500e-01 2.574168e-01 1.636236e+00 -1.378771e-01 9.425839e-01 -8.425538e-01 7.770246e-01 1.695255e+00 6.911668e-01 2.501494e+00 6.149091e-01 1.832480e+00 2.677602e-01 -2.440369e+00 -4.744988e-02 
-7.554865e+00 -2.744579e-01 5.145828e-01 4.780469e+00 -1.300874e-01 -1.635536e+00 -6.447395e+00 7.802392e+00 3.328915e+00 5.878925e+00 -7.592986e-01 1.560157e+00 1.773873e-01 2.196186e+00 6.512969e-01 1.316952e+00 -1.051522e+00 1.451688e+00 1.758053e+00 3.994640e-01 2.810431e+00 1.053468e+00 3.519855e+00 1.833135e+00 -1.835858e+00 -6.506439e-02 
-6.086281e+00 -2.714057e+00 1.408978e-01 3.344180e+00 9.838746e-01 -2.310008e+00 -5.307979e+00 5.923625e+00 -4.711521e-01 5.872523e+00 1.890281e+00 -3.761983e+00 1.145967e-01 1.416063e+00 1.181749e-01 -1.416913e-01 3.563763e-01 1.246967e+00 -1.294812e-01 3.671818e-01 5.703975e-01 1.550609e+00 2.244370e+00 5.461158e-01 4.304944e-01 -7.460885e-02 
-4.763582e+00 -9.633517e-01 -6.658554e-01 3.350863e+00 3.049044e+00 -1.702171e+00 -7.571386e+00 4.697316e+00 3.372663e+00 1.277553e+01 5.326643e+00 5.735003e-01 3.499651e-02 1.024207e+00 3.367883e-01 -1.016493e+00 -5.990662e-02 -1.624902e-01 -1.448056e+00 1.192048e+00 -6.088986e-02 1.093176e+00 -6.617065e-01 -1.283728e+00 2.220558e-01 -7.993453e-02 
-4.242640e+00 -1.421724e+00 -2.763731e+00 5.808230e+00 3.709517e+00 -2.866176e+00 -3.469089e+00 5.535568e+00 4.849598e+00 4.677360e+00 -3.618740e+00 2.151050e+00 -4.443204e-02 1.172275e+00 1.475565e+00 -1.173275e+00 -3.205146e-01 -5.206182e-01 -1.300618e+00 1.564056e+00 1.145724e+00 1.701488e+00 -1.817227e+00 -3.109939e+00 -3.815857e-01 -7.095462e-02 
-3.355649e+00 7.633166e-01 -3.115567e+00 3.248911e+00 -2.305359e+00 -8.597732e+00 -1.406599e+00 7.691971e+00 6.134418e+00 3.167974e+00 -4.423428e+00 -2.860802e-01 -1.427710e-01 8.514415e-01 1.257460e+00 -8.862072e-01 -1.698052e+00 -1.482415e+00 -1.135312e+00 7.309988e-01 2.831842e-01 -3.932802e-01 -2.491498e+00 -2.835559e+00 -1.228083e+00 -4.794390e-02 
-9.288721e-01 3.800435e+00 -4.500619e+00 1.792583e+00 1.057985e+00 -5.365317e+00 -5.700923e-01 1.015492e+01 6.655409e+00 1.590165e+00 -8.784377e+00 -5.240121e+00 -1.512927e-01 2.968460e-01 1.160605e+00 1.043225e-01 -1.345100e+00 -6.638600e-01 3.331670e-01 3.090620e-02 1.956304e-01 -8.785995e-01 -8.590699e-01 -1.694489e-01 -8.030173e-01 -2.222430e-02 
-2.163259e+00 2.712867e+00 -4.228447e+00 -3.131575e+00 -3.037265e+00 -6.129162e+00 -5.365891e+00 3.803563e+00 5.033560e-01 1.861637e+00 -6.268332e+00 -1.871328e+00 -1.512927e-01 2.665688e-01 1.286388e+00 7.860572e-01 -9.852348e-02 4.435583e-01 1.469481e+00 -2.118869e-01 -6.408872e-01 -1.418351e+00 2.211332e-01 6.854855e-01 8.535714e-01 -1.704335e-03 
-3.354605e+00 3.406525e+00 -1.685678e+00 2.272971e+00 7.561696e-01 -2.434626e+00 -1.334912e+00 8.457924e+00 3.272131e+00 1.035179e+00 -3.543532e+00 -1.071412e+00 -1.512927e-01 -3.129481e-01 9.957526e-01 1.174271e+00 8.236685e-01 1.568413e-03 5.520390e-01 9.592958e-02 -1.541745e+00 -2.045157e+00 4.100587e-01 1.343572e+00 2.405940e+00 0.000000e+00 
-8.099384e-01 7.392212e+00 -5.927515e-01 2.516100e+00 6.334019e-02 -2.715672e+00 -2.083624e+00 5.336031e+00 7.343016e-01 4.551133e+00 -3.616422e+00 1.897422e+00 -1.512927e-01 -3.663567e-01 1.146251e+00 9.153422e-01 1.504141e+00 2.559417e-01 8.253483e-02 4.469684e-01 -1.182928e+00 -5.931618e-01 4.397172e-01 2.004534e+00 2.035181e+00 0.000000e+00 
-3.170273e+00 6.439526e+00 -4.471121e-01 3.087088e+00 -4.844751e-01 -4.311867e+00 -1.731578e+00 1.679955e+00 -3.685849e+00 2.295710e+00 -3.392472e+00 4.905202e+00 -1.512927e-01 -1.159574e+00 1.012441e+00 -3.223521e-01 1.101852e+00 -1.219764e+00 -1.650987e+00 -5.227867e-01 -1.319146e+00 7.366650e-02 5.481707e-01 1.387811e+00 -2.064689e-01 1.316700e-02 
-4.087208e+00 6.927620e+00 -2.710195e-01 3.982070e+00 -1.137234e+00 -4.777867e+00 -2.932716e+00 1.277907e+00 1.016537e+00 3.429957e+00 3.678810e+00 5.316267e+00 -1.512927e-01 -1.112603e+00 3.433123e-01 -6.541320e-01 6.075622e-01 -3.685273e-01 -2.825274e-01 -1.005044e-01 5.925503e-01 6.794037e-01 2.102559e-01 1.303696e+00 3.470691e-01 6.583500e-03 
-7.513838e+00 8.701025e+00 -3.458305e+00 7.049246e+00 -4.742365e+00 -9.658465e+00 -3.524300e+00 3.891259e+00 3.499346e+00 4.336621e+00 -2.520928e-01 -3.813179e+00 -8.545768e-02 -8.689968e-01 8.879857e-01 -6.581217e-01 6.428605e-02 1.192987e+00 -2.438493e-01 9.473952e-01 -4.880703e-01 1.781617e+00 -1.223811e-01 4.575506e-01 7.513009e-01 1.657858e-02 
-4.201172e+00 7.978024e+00 -2.357815e+00 3.572832e+00 3.496490e-01 -1.455010e+00 -1.689785e+00 7.193131e+00 5.387228e-01 4.581957e+00 1.331871e+00 7.991958e+00 -1.512927e-01 -7.857794e-01 -1.086998e-02 1.737915e+00 -1.087612e+00 2.268441e+00 1.071224e+00 1.513610e-01 1.041972e+00 -8.911837e-01 -2.707657e+00 1.545177e-01 5.691233e-01 2.509165e-02 
-7.458275e+00 1.035425e+01 -2.694323e+00 3.613138e+00 4.737017e+00 -7.192542e+00 2.383933e+00 -3.718009e+00 5.461142e+00 1.107805e+00 6.875086e-02 7.323862e+00 -6.839979e-02 -6.524035e-01 -8.583595e-01 3.358960e+00 -1.819723e+00 2.651453e+00 1.251049e+00 -1.010253e+00 1.458157e+00 -2.302819e+00 -3.799921e+00 1.074417e+00 3.798843e-01 1.723528e-02 
-8.043886e+00 6.046657e+00 8.036564e+00 2.620656e-01 5.465281e+00 -6.547085e-01 -5.130027e+00 1.029240e+01 -4.420280e+00 -8.493919e+00 4.290976e+00 2.593364e+00 -3.436339e-02 -5.054815e-01 -5.508121e-01 1.798319e+00 -5.595430e-01 1.108001e+00 3.825420e-01 -8.245754e-01 4.617157e-02 -1.336714e+00 -1.194922e-01 2.193867e-01 -2.024336e+00 1.065385e-03 
-8.854498e+00 5.374912e+00 8.139303e+00 -3.939843e-01 5.957083e+00 -3.803369e+00 -6.855445e+00 9.632408e+00 -5.535250e+00 -8.125044e+00 3.640439e+00 7.855402e-01 -5.774593e-02 5.385733e-01 -4.090118e-01 1.926689e-01 2.893788e-01 -5.873464e-01 3.671807e-01 -8.443380e-03 9.778216e-01 -7.781227e-01 2.368779e+00 -5.954343e-01 -1.078909e+00 -2.827151e-02 
-6.030468e+00 7.713634e+00 1.216965e+00 2.778677e+00 5.279620e+00 -1.236886e+00 -1.192973e+00 7.487806e-01 -6.466537e-01 8.600920e+00 6.429601e-01 1.139436e+00 -1.512927e-01 6.267420e-01 3.753386e-01 -1.536136e+00 1.412642e+00 -1.264701e-01 -4.741143e-01 1.942080e+00 -2.277202e+00 3.883855e-01 4.340080e+00 -9.076021e-01 7.283016e-01 -3.274053e-02 
-5.772118e+00 7.475704e+00 1.678822e+00 3.801726e+00 1.893115e+00 -5.065549e+00 3.731894e-01 5.942909e+00 -3.162849e-01 4.404277e+00 -1.084413e+00 2.656283e+00 -1.512927e-01 3.719734e-01 3.324834e-01 -8.937685e-01 1.733613e+00 -1.045695e-01 8.190044e-01 1.664374e+00 -2.039375e+00 -1.262022e-01 2.348289e+00 -1.706403e+00 -8.132505e-02 -1.870935e-02 
-6.451366e+00 6.872953e+00 3.586124e+00 5.227419e+00 6.864915e+00 -2.394190e+00 9.660571e-01 7.511364e-01 -5.087835e+00 6.941822e+00 2.115391e+00 5.299500e+00 -1.512927e-01 3.172360e-02 1.203132e-01 5.182682e-01 8.569438e-01 -2.634238e-01 9.226826e-01 -3.951051e-01 -1.078721e+00 -1.079143e+00 -3.579354e-01 -5.933733e-01 -9.715402e-01 0.000000e+00 
-6.784182e+00 7.457669e+00 2.485882e+00 7.049710e+00 4.641588e+00 8.703046e-01 3.869094e-01 -5.656446e-01 -3.945670e+00 4.445949e+00 -5.627790e+00 -1.701117e+00 -1.512927e-01 1.948765e-01 -3.054636e-02 2.733436e-01 8.509214e-02 -1.789606e-01 1.024654e+00 -9.252311e-01 -6.901873e-01 -2.708180e-01 -3.317919e-01 -6.122158e-01 -1.044070e+00 0.000000e+00 
-5.365818e+00 8.324217e+00 3.404776e+00 5.439404e+00 2.588265e+00 4.085996e-01 -3.175358e+00 -1.390548e+00 -4.227677e+00 6.790408e+00 -5.221748e-02 -1.539564e+00 -1.512927e-01 3.971470e-01 -7.262919e-02 -5.692784e-01 -8.404400e-01 -1.180914e+00 -7.212324e-01 -8.313791e-01 1.315224e+00 1.703117e+00 -1.366369e+00 -2.015375e+00 -3.725367e-01 0.000000e+00 
-5.340509e+00 6.597341e+00 3.136214e+00 4.121194e+00 3.136637e+00 -1.343675e+00 -2.182258e+00 3.562814e+00 -2.100454e+00 2.821025e+00 -3.061687e+00 8.554673e-01 -1.512927e-01 1.346495e-01 -1.951462e-01 -3.303552e-01 -1.325676e+00 -3.882765e-01 -1.743007e+00 -4.223031e-02 2.199432e+00 1.421247e+00 -8.385358e-02 3.069410e-01 1.186321e+00 0.000000e+00 
-5.187468e+00 6.939972e+00 4.145668e-01 2.489477e+00 1.712818e+00 -4.893362e+00 -1.906254e+00 5.263028e+00 2.505144e+00 9.224385e-01 -9.244534e+00 2.158525e+00 -1.512927e-01 -4.104431e-01 -3.784738e-01 -3.157071e-01 -3.993881e-01 8.384188e-01 -5.609509e-01 2.840552e-01 7.177702e-01 2.138685e-01 3.641137e-01 1.394913e-01 9.300022e-01 0.000000e+00 
-6.200109e+00 7.174060e+00 2.329210e+00 1.896294e+00 3.137928e+00 -5.193751e+00 -4.587942e-01 7.104728e+00 -2.058470e-01 6.960665e+00 5.030727e-01 2.381441e+00 -1.512927e-01 -3.665680e-01 -3.072727e-01 -3.052837e-01 2.087261e-01 6.898535e-01 2.306433e-01 -1.436335e-01 -1.292628e+00 -1.876218e+00 1.843055e-01 1.141336e+00 3.501952e-01 0.000000e+00 
-6.988234e+00 6.143488e+00 2.229742e+00 4.554914e+00 6.779713e+00 -4.711165e-01 -2.616815e+00 4.273468e-01 -4.105638e+00 6.541156e+00 -1.137141e+00 2.347460e+00 -1.512927e-01 -2.276352e-01 -3.448732e-01 1.812041e-03 4.602387e-01 2.238712e-02 6.538699e-01 -3.253399e-01 -1.542334e+00 -1.588022e+00 1.710007e-01 1.757022e+00 -6.924888e-01 0.000000e+00 
-6.272966e+00 5.459219e+00 7.022074e-01 4.132106e+00 4.052457e+00 -2.401581e+00 -2.545146e+00 -4.824861e-01 -8.176153e+00 9.331934e-01 -1.408705e+00 2.511976e+00 -1.512927e-01 2.413809e-01 -1.565990e-01 -6.395680e-01 7.490441e-01 -3.815712e-01 4.591799e-01 -8.441198e-01 -1.196792e+00 1.988608e-01 -4.330750e-01 -2.667390e-01 -1.107880e+00 0.000000e+00 
-6.289215e+00 6.073026e+00 1.237128e+00 3.672765e+00 1.367490e+00 -3.020097e+00 -2.489778e+00 1.344963e+00 -1.449814e+00 4.791178e+00 4.964662e-01 -1.369186e+00 -1.512927e-01 4.221291e-01 1.532694e-01 -6.278661e-01 5.005835e-01 -5.803332e-01 -1.526269e-01 -6.449960e-01 1.613671e-01 1.476906e+00 2.995332e-01 -1.259290e-01 -1.110581e+00 0.000000e+00 
-5.342714e+00 6.426296e+00 -3.723230e-01 6.082590e+00 3.936183e+00 -1.623361e+00 -4.742911e+00 6.619596e-01 -5.394552e-01 5.670279e+00 -1.647426e+00 -1.299639e+00 -1.512927e-01 2.807005e-01 2.287425e-01 -3.758512e-01 6.310791e-01 2.336147e-01 2.953177e-01 -6.648665e-01 1.605888e-01 1.618375e+00 1.035327e+00 -2.621334e-01 -7.553681e-01 0.000000e+00 
