-6.532301e+00 5.964644e+00 -1.452586e+00 1.543768e+00 8.819141e+00 -1.367433e+00 1.625781e-01 -5.848429e-01 -1.681509e+00 -2.105781e+00 -2.306411e+00 -1.607312e+00 -1.512927e-01 1.629692e-01 2.937173e-01 3.788631e-01 -1.507560e+00 -8.462868e-01 1.096234e-01 5.385134e-01 5.489374e-01 -4.629773e-01 1.171179e+00 5.089582e-01 1.618313e-01 0.000000e+00 
-7.026125e+00 7.344142e+00 -1.178550e+00 -3.462953e+00 5.735429e+00 -8.617709e-01 5.570937e+00 3.531765e+00 -1.658242e+00 4.534834e+00 1.868285e+00 -5.728534e-01 -1.512927e-01 4.970837e-02 4.424869e-01 5.496618e-01 -1.670939e+00 -1.270259e+00 -6.405543e-01 3.302295e-01 6.288899e-01 4.318122e-01 1.743669e+00 5.252661e-01 7.289671e-01 0.000000e+00 
-5.470543e+00 6.743482e+00 3.047105e-01 -3.490673e+00 6.129564e+00 -1.072147e+00 1.509657e-01 1.015403e-01 -4.008030e+00 4.298050e-01 -1.848968e+00 -1.315384e+00 -1.512927e-01 -3.265106e-01 -2.169581e-01 2.292975e-02 -1.676889e+00 -1.315348e+00 -8.292359e-01 1.478322e-01 9.555639e-01 3.371051e-01 1.227171e+00 5.533940e-01 9.033465e-02 0.000000e+00 
-6.814638e+00 7.787660e+00 4.170742e-01 -4.293707e+00 3.812638e+00 -4.717848e+00 1.819532e+00 2.216415e+00 1.640812e+00 5.344769e+00 9.119785e-02 1.891560e+00 -1.512927e-01 -1.500164e-01 -5.379375e-01 -5.115991e-01 -1.079953e-01 -6.348594e-01 -2.765415e-01 -5.222613e-01 -1.001866e+00 -6.688480e-01 -6.193511e-01 4.984032e-01 1.029329e-01 0.000000e+00 
-8.270597e+00 4.658095e+00 -2.135750e+00 -6.425302e+00 3.203798e+00 -3.585575e+00 2.777442e+00 4.850652e+00 -1.645511e+00 3.625106e+00 1.349102e+00 -2.387845e+00 -1.512927e-01 -3.953992e-01 -2.491930e-01 -4.835186e-01 -5.730826e-01 -1.107737e+00 -1.609015e-02 9.367105e-01 3.217614e-01 4.408927e-01 -9.920052e-01 3.414617e-01 -6.516832e-02 0.000000e+00 
-6.376180e+00 5.697148e+00 -2.516315e+00 -2.535615e+00 4.024014e+00 -9.877648e-01 1.646393e+00 -3.852122e+00 -6.183742e+00 -1.595723e-01 2.761266e+00 4.780415e-01 -1.512927e-01 -1.707439e-01 -3.464950e-01 -4.593914e-01 -3.118973e-01 -7.455966e-01 -3.402840e-01 -2.034331e-01 -4.574297e-02 -4.621544e-01 -1.541242e+00 -1.731040e-01 -3.214835e-01 0.000000e+00 
-7.666768e+00 6.542772e+00 -6.461879e-01 -7.235131e+00 4.851890e-01 -3.017640e+00 4.921088e+00 4.744615e+00 2.108710e+00 -1.778051e+00 -1.476693e+00 -9.344667e-01 -1.512927e-01 1.131291e-01 1.999808e-01 -3.685980e-01 7.414882e-02 -4.958348e-02 -1.640912e-01 3.108441e-01 -2.552657e-02 2.337370e-01 -7.361175e-01 1.862848e-01 1.081093e+00 0.000000e+00 
-7.970272e+00 5.112846e+00 -2.624664e+00 -5.448279e+00 1.443960e+00 -6.703236e+00 -2.694569e-01 2.040719e+00 -2.547070e+00 3.401364e-01 6.385754e-01 -4.425471e-01 -1.512927e-01 -3.971032e-01 -1.157620e-01 1.210633e-01 -6.402960e-01 -1.270096e-01 -7.793530e-01 -1.282222e-01 2.338520e-01 -2.689547e-01 2.602535e-01 8.464705e-01 1.636968e-01 0.000000e+00 
-6.907906e+00 5.950150e+00 -3.924565e+00 -4.598226e+00 4.245908e+00 -1.548295e+00 5.289587e+00 1.776599e+00 -2.295161e+00 -3.053355e-01 3.341872e+00 3.477913e+00 -1.512927e-01 2.477497e-01 -7.774153e-02 1.302929e-02 4.179536e-02 9.486278e-01 3.894312e-01 3.961261e-01 -7.419589e-01 -1.309436e+00 8.335815e-03 1.276147e+00 2.222375e-02 0.000000e+00 
-8.741127e+00 5.414649e+00 -2.718095e-01 -7.055549e+00 1.508607e+00 -5.619202e+00 8.210320e-01 -1.198854e+00 -5.326579e+00 4.053375e-01 4.584335e+00 -9.096643e-01 -1.512927e-01 3.329486e-01 3.131072e-01 5.199002e-01 1.129054e-01 7.132488e-01 1.349319e+00 1.155671e+00 1.161836e+00 1.289472e+00 -1.106408e-01 -1.731682e-01 -7.337492e-01 0.000000e+00 
-6.042592e+00 6.003163e+00 -1.757469e+00 -6.222520e+00 5.196004e+00 -1.612500e+00 6.356474e+00 2.654607e+00 -3.048713e+00 -1.768972e+00 2.931164e+00 -5.897893e-01 -1.512927e-01 2.496181e-01 4.211514e-02 3.502572e-01 6.583289e-01 2.467387e-01 7.579296e-01 6.814142e-01 1.856900e+00 1.653721e+00 -1.187059e-01 -4.483823e-01 -9.707273e-01 0.000000e+00 
-6.738186e+00 6.651875e+00 -1.108711e+00 -4.071605e+00 4.535155e+00 7.546139e-02 4.975453e+00 7.410893e+00 4.277067e+00 5.187509e-01 -2.191174e-02 -2.077442e+00 -1.512927e-01 2.913030e-01 1.274798e-01 2.584729e-01 6.819345e-01 -2.153107e-01 1.608874e+00 1.862991e+00 2.432934e+00 1.983135e+00 4.943577e-01 -5.124705e-01 -4.239393e-02 0.000000e+00 
-6.661285e+00 5.542112e+00 -1.754829e+00 -2.798553e+00 3.966327e+00 -6.059788e-01 6.619448e+00 6.756226e+00 1.171623e+00 -9.555717e-01 3.403083e+00 -7.918354e-01 -1.512927e-01 -2.396206e-01 3.163345e-02 4.818642e-01 6.389129e-01 1.007364e-01 2.489263e-01 1.160517e-01 3.451511e-01 3.041246e-01 9.796707e-01 3.308494e-01 7.274865e-01 0.000000e+00 
-6.975266e+00 6.282574e+00 1.019235e+00 -5.357860e+00 1.046892e+00 1.921906e+00 1.000450e+01 8.915007e+00 2.478925e+00 2.470426e+00 1.786023e+00 -1.020611e+00 -1.512927e-01 -3.430834e-02 6.051836e-02 1.821244e-02 -1.198111e-01 4.835025e-01 -1.133335e+00 -4.007056e-01 -2.042422e-01 -6.928999e-01 8.587996e-01 -1.809822e-01 6.674626e-01 0.000000e+00 
-7.122155e+00 6.345982e+00 -4.121211e-01 -2.384828e+00 7.443818e+00 -1.291092e+00 4.422210e+00 3.628306e+00 -6.290194e-01 2.153544e+00 3.681443e+00 2.519228e+00 -1.512927e-01 -8.417740e-02 5.942597e-01 -2.494503e-01 1.360669e-01 1.137038e+00 -7.042645e-01 -1.505765e+00 -5.320773e-01 -6.679338e-01 -7.749557e-03 -1.075418e+00 4.730391e-01 0.000000e+00 
-6.679293e+00 6.552533e+00 -1.689003e+00 -4.877523e+00 5.213923e+00 -5.248656e+00 4.070544e+00 7.953643e+00 1.712889e+00 3.258191e+00 -1.066002e+00 -3.956604e-01 -1.512927e-01 -2.163847e-01 -2.662659e-01 -1.570007e-01 6.691100e-01 6.387616e-01 -9.961491e-01 -2.282603e+00 -8.936020e-01 -2.940007e-01 -2.385425e-01 -6.529411e-01 -3.944463e-01 0.000000e+00 
-7.230159e+00 8.378431e+00 -1.647961e+00 -2.358387e+00 7.568004e+00 -5.420203e-01 2.057603e+00 4.576522e+00 -1.785027e+00 -1.388202e+00 -5.479940e-01 1.260885e+00 -1.512927e-01 -4.384211e-01 -7.212789e-01 4.284258e-02 1.413441e-03 -4.722377e-01 6.134957e-01 -3.482038e-01 4.195371e-01 7.965984e-01 -2.583006e-01 -1.081517e+00 -8.029660e-01 0.000000e+00 
-8.003187e+00 3.935019e+00 8.521514e-01 -2.025530e+00 4.178607e+00 -3.433374e+00 -2.262096e-01 3.972888e+00 1.586925e+00 3.048587e+00 6.360356e-01 -2.363671e+00 -1.512927e-01 -4.546347e-02 -1.731250e+00 -7.000703e-01 2.743996e-02 -5.339393e-01 1.110222e+00 1.043502e-01 -2.073669e-02 8.604819e-01 2.213500e-01 3.290439e-03 -7.042224e-01 0.000000e+00 
-8.652313e+00 4.048344e+00 -1.468485e+00 -3.803757e+00 5.600287e+00 8.687461e-01 4.829568e+00 7.716368e+00 3.416954e+00 9.668431e-01 -2.577162e+00 -5.115967e-01 -1.512927e-01 9.417521e-01 -1.677756e+00 -1.311519e+00 -8.857474e-01 -1.825449e+00 2.979838e-01 -3.088799e-01 -7.770076e-01 -4.078582e-01 -6.914771e-02 8.531981e-01 2.573028e-01 2.352991e-02 
-6.195533e+00 6.132936e-02 -5.279092e+00 -4.017638e+00 3.528084e+00 -4.029282e-01 3.206313e+00 6.280036e+00 3.414307e+00 3.187418e+00 -3.496635e-02 -3.030532e+00 -1.512927e-01 1.414381e+00 -4.335775e-01 -1.463176e+00 -3.757661e-01 -1.543933e+00 7.270606e-01 -1.592574e+00 -2.466115e+00 -2.562052e+00 -1.089560e+00 1.389227e+00 1.836793e+00 6.159123e-02 
-3.425225e+00 1.926498e+00 -5.139933e+00 -5.791070e+00 -1.233979e+00 -5.673243e-01 -1.203058e+00 -4.620903e-01 -4.738009e+00 -1.803356e+00 4.053497e+00 2.880829e+00 -3.364313e-02 5.478034e-01 -1.168118e+00 8.121150e-01 1.713234e+00 -7.154300e-02 3.864890e-01 -2.454917e+00 -4.087642e+00 -3.022719e+00 -1.190368e+00 7.720171e-01 6.514093e-01 4.679460e-02 
-3.544825e+00 2.828054e+00 -4.628006e+00 -2.910704e+00 -1.239247e-01 9.199637e-01 -5.172770e+00 -4.268458e+00 -7.145852e+00 -1.014115e+00 4.266840e+00 5.124079e+00 9.783870e-02 -1.729371e+00 -3.347823e+00 6.903763e-01 2.239906e+00 2.935474e+00 7.330356e-01 -2.393020e+00 -3.278907e+00 5.104699e-01 5.229180e-01 -7.573184e-01 -5.120195e-01 7.130840e-02 
-7.238650e+00 -3.175606e+00 2.266546e+00 4.208944e+00 7.068577e+00 2.139745e+00 -3.255477e+00 -7.447596e+00 -6.416563e+00 -2.884229e+00 -8.679796e-01 -1.331856e+00 -4.188538e-02 -2.306137e+00 -3.477036e+00 5.511423e-01 2.759359e+00 5.361231e+00 7.043800e-01 -1.744784e+00 -6.544487e-01 4.956593e+00 2.784928e+00 -2.308802e+00 -2.257035e+00 2.418572e-02 
-1.293567e+01 -1.412673e+01 -5.530450e+00 2.181884e+00 1.405418e+01 1.908715e+00 -7.732575e+00 -6.621744e+00 6.805933e+00 6.342444e+00 -1.360820e+00 -3.484287e+00 2.093704e-01 -1.147778e+00 -2.154836e-01 -1.046176e-01 4.932049e-01 2.529303e+00 -7.507096e-01 1.546211e+00 2.721702e+00 4.470967e+00 2.133426e+00 -9.378607e-01 -1.399163e+00 -4.248578e-02 
-1.026048e+01 -6.981291e+00 -1.932999e+00 5.459431e+00 1.848313e+01 2.460200e+00 -8.647074e+00 -2.557691e+00 1.306906e+01 8.443004e+00 -4.676683e+00 -4.100164e+00 3.151959e-02 1.879541e-01 3.263402e+00 -1.076926e+00 -1.859967e+00 -2.052252e-01 -9.677683e-01 2.945140e+00 5.055292e+00 1.123652e+00 1.175922e+00 1.672844e+00 8.571099e-01 -5.794777e-02 
-7.772799e+00 3.653479e+00 -3.051321e+00 -1.069923e+00 6.815317e+00 -2.993812e+00 5.254082e+00 6.895101e+00 5.466169e+00 3.989399e+00 1.481889e+00 -4.875793e-01 -1.512927e-01 9.977701e-01 4.993511e+00 -2.004090e-01 -2.545018e+00 -2.498236e+00 -5.713700e-01 3.698635e+00 3.482949e+00 -2.436676e+00 -1.228508e+00 3.004316e+00 1.501125e+00 -9.041385e-02 
-8.880318e+00 4.251297e+00 -4.357650e+00 -3.464987e+00 9.661880e+00 -2.478331e-01 4.976895e+00 1.107044e+01 -1.284202e-01 4.171902e+00 6.074883e+00 1.455340e+00 -1.512927e-01 2.629395e-01 2.830174e+00 -3.348175e-01 -2.148111e+00 -1.684991e+00 7.084298e-03 2.751612e+00 6.428182e-01 -2.234877e+00 -1.167158e+00 2.329091e+00 7.789347e-01 -3.656245e-02 
-8.636908e+00 5.224531e+00 -5.320170e+00 -6.080997e+00 5.973618e+00 4.058812e-01 3.948614e+00 3.978936e+00 1.221294e+00 2.335458e+00 8.284974e+00 1.243585e+00 -1.512927e-01 7.477494e-02 -1.755100e-01 -1.706119e-01 1.234191e-01 7.244525e-01 1.342445e+00 6.949725e-01 -3.964944e-01 5.962996e-01 8.230261e-01 -1.811423e-01 1.700904e-02 0.000000e+00 
-8.513733e+00 6.384055e+00 -2.472662e+00 -2.775589e+00 1.047902e+01 7.957753e-01 5.763722e+00 2.114483e+00 4.017115e+00 3.434185e+00 3.567229e+00 -1.071073e+00 -1.512927e-01 5.681877e-02 1.285954e+00 -1.059667e+00 2.661997e+00 -1.080711e+00 6.635196e-01 -4.080233e-01 -4.815706e-01 1.428102e+00 7.272336e-01 -1.502103e+00 7.760346e-02 6.240331e-02 
-7.582216e+00 1.709549e+00 -4.846874e+00 -7.975273e-01 1.002901e+01 3.196610e+00 8.335531e+00 9.390607e+00 6.374900e+00 8.473388e+00 1.830005e+00 8.606721e-01 -1.512927e-01 6.063669e-01 1.692696e+00 -1.524568e+00 4.265609e+00 -1.983682e+00 -8.841847e-01 -1.561314e+00 4.624101e-01 -8.665158e-01 2.569590e-01 -1.123428e+00 8.682340e-01 9.053654e-02 
-9.123569e+00 1.243856e+01 -9.892635e+00 7.203264e+00 2.230631e+00 1.674400e+00 7.433205e-01 5.956750e+00 4.435289e+00 4.739105e+00 1.791852e+00 2.034813e+00 1.607239e-01 6.438401e-01 1.125049e+00 -1.151260e+00 1.294370e+00 -3.546585e+00 -4.907239e-01 -4.706610e-01 -2.850645e-01 -2.013845e+00 -2.224190e+00 -4.331534e-02 6.000341e-01 4.420470e-02 
-5.300155e+00 1.066076e+01 -9.233025e+00 1.025762e+01 1.794019e-01 -4.454354e+00 -1.347754e+00 4.369853e+00 -3.320372e+00 2.967793e+00 3.555523e+00 4.031812e+00 1.453817e-01 9.428470e-01 -1.037228e+00 1.316609e+00 -1.241140e+00 -2.709058e+00 1.237185e-01 -1.224697e+00 -1.860297e+00 -1.352154e+00 -3.637062e+00 -7.499147e-02 -9.485891e-02 -8.709520e-03 
-6.435563e+00 7.533693e+00 -6.035886e+00 -1.831314e+00 -2.329099e+00 2.167638e+00 8.252060e+00 3.199537e+00 -1.204474e+00 -4.933968e+00 2.487893e+00 3.435277e-01 -7.860637e-02 8.635608e-01 -4.807946e+00 3.126381e+00 -3.931960e+00 -9.541668e-01 4.682182e-01 -4.807381e-01 -2.051137e+00 -2.179680e+00 -3.405855e+00 -1.302599e+00 -6.867434e-01 -4.934549e-02 
-4.211985e+00 -1.024156e+00 -1.922021e-01 -2.485939e+00 -1.236416e+00 3.568583e+00 -1.542321e+00 1.467729e+00 2.434010e+00 -4.875385e+00 1.107027e+00 1.232020e+00 -7.517517e-02 1.138227e-01 -2.920993e+00 2.560045e+00 -2.209737e+00 5.660625e-01 1.565125e+00 -7.065954e-01 -1.459480e+00 -1.941846e+00 -1.519429e+00 -1.252741e+00 -9.947440e-01 -2.758668e-02 
-5.349851e+00 -5.758713e+00 1.218858e+00 -6.084756e+00 -1.832294e+00 4.022241e-03 -1.563087e+00 -2.847872e+00 -9.340304e+00 -8.368580e+00 -3.496893e+00 9.919405e-04 2.427489e-02 -2.386402e-01 -1.659988e+00 -5.795817e-01 1.924454e+00 -7.379365e-02 1.643411e+00 -2.116621e+00 1.371008e-01 -1.578377e+00 8.663963e-01 -3.115668e-01 -7.953732e-01 6.364413e-02 
-5.273897e+00 2.701995e+00 -6.017256e-02 1.335656e+00 2.761312e+00 4.453077e+00 2.684212e-02 9.615564e-02 -8.961687e+00 -2.912049e+00 2.842091e-01 -7.706407e-01 -4.399228e-02 -1.009153e+00 1.325938e+00 -1.623344e+00 1.563228e+00 7.705801e-01 5.072974e-01 6.828885e-01 1.259735e+00 -1.792315e-01 2.560336e+00 7.707267e-02 1.069466e-01 8.696097e-03 
-7.097808e+00 -2.629321e+00 -8.999809e+00 5.880162e+00 -4.696931e+00 9.942447e+00 -3.115627e+00 4.570827e+00 -3.398512e+00 -1.583655e+00 1.341468e+00 -2.632008e+00 2.240229e-01 -9.319029e-01 2.141752e+00 -1.570731e+00 8.074541e-01 1.922194e+00 -4.827192e-01 1.499719e+00 2.863585e+00 3.686470e+00 3.695539e+00 1.230783e+00 8.237296e-01 -4.387115e-02 
-8.383772e+00 4.040837e+00 -3.199590e+00 -6.522598e-01 4.048802e+00 1.135858e+00 2.648391e+00 4.057054e+00 -1.433044e+00 4.533830e+00 -9.267904e-01 3.083253e+00 -1.315687e-01 -8.068320e-01 1.186873e+00 1.107474e-01 -6.833831e-01 2.381366e+00 -1.716265e+00 2.404173e+00 2.243225e+00 4.000984e+00 3.032830e+00 1.803432e+00 8.400381e-01 -5.899163e-02 
-8.454428e+00 4.280623e+00 -5.065085e+00 -1.053527e+00 7.134932e+00 -7.509649e-01 4.624732e+00 9.489605e+00 5.327725e+00 6.386175e+00 3.262523e+00 2.192693e+00 -1.512927e-01 1.118526e-02 1.600452e+00 1.069387e+00 -7.808093e-01 2.322592e+00 -1.933026e+00 2.075695e+00 3.558624e-01 2.446934e+00 1.058332e+00 1.637540e+00 8.896888e-01 -7.703551e-02 
-8.629747e+00 5.181388e+00 -1.473798e+00 1.385585e+00 8.752212e+00 1.218458e+00 8.177528e+00 8.852889e+00 6.680113e+00 8.267183e+00 8.340844e+00 1.017199e+00 -1.512927e-01 -4.327625e-01 -1.628561e+00 -4.820851e-01 -1.396722e-01 -4.029337e-01 -4.554214e-01 -2.419177e-01 -1.075423e+00 8.219702e-01 -1.908883e+00 2.900671e-01 -1.060215e+00 9.878989e-02 
-6.918894e+00 4.802664e+00 -4.515769e+00 9.571929e-01 4.564327e+00 2.360164e-01 4.498280e+00 3.952222e+00 4.779580e+00 1.841331e+00 4.895350e+00 2.849464e+00 -1.512927e-01 2.172838e-01 -1.442126e+00 -6.582171e-01 -5.790259e-01 -2.729508e+00 -5.955038e-01 -1.980626e-01 -1.499776e+00 -1.584662e+00 -1.942775e+00 -1.013694e+00 -1.225373e+00 1.965833e-01 
-1.131535e+01 -4.362988e+00 -5.884674e+00 -2.355981e+00 3.319437e+00 -1.634739e+00 1.502029e+00 1.448630e+00 2.950880e+00 -2.738165e+00 -2.928683e-01 -2.546210e+00 3.623808e-01 5.991588e-01 -7.267236e-01 -1.894786e-01 -3.196705e-01 -2.929178e+00 -1.335085e+00 -4.492001e-01 -4.157035e-01 -2.194952e+00 -9.326161e-01 -1.174674e+00 -1.819193e+00 2.266663e-01 
-6.025207e+00 1.842180e+00 -6.150733e+00 -2.077873e+00 -3.796222e+00 -2.301886e+00 6.972168e+00 5.692855e+00 -7.309661e-01 2.174972e+00 2.510910e+00 -2.152469e+00 5.747871e-01 2.255747e+00 2.009651e-01 1.800247e+00 7.951931e-01 7.788291e-02 -1.386297e-01 -4.928538e-01 1.681969e+00 -9.580038e-01 -7.941297e-01 2.889630e-01 -5.859405e-01 1.535911e-01 
-6.080797e+00 3.028012e+00 -1.603709e+00 1.304766e+00 -1.713406e+00 -4.188017e+00 4.694584e+00 5.904055e+00 -1.539372e+00 3.437282e+00 3.659696e+00 -5.577799e+00 6.189990e-01 5.232065e+00 2.440540e-01 1.649980e+00 1.312831e+00 1.540618e+00 9.098158e-01 -1.417969e+00 2.522837e-01 9.918455e-01 1.089849e-01 5.034473e-02 1.957390e+00 3.750324e-02 
1.742563e+00 2.111990e+00 2.344985e+00 3.102785e+00 7.470163e+00 8.195070e-01 4.377327e-01 1.013436e+01 2.234687e+00 -5.217041e+00 4.363883e+00 1.435556e+00 4.883538e-01 5.832818e+00 -1.820038e+00 4.008860e-01 1.847292e-01 1.500748e+00 8.887617e-01 -2.235533e+00 -2.231538e+00 1.362874e+00 -4.993614e-01 -1.686841e+00 2.194412e+00 8.401489e-03 
1.096109e+01 -3.277623e+00 -1.882634e+00 1.617844e+00 5.389336e+00 1.353643e+00 -2.320596e+00 4.892986e-01 6.427280e+00 1.502766e+00 -9.676315e-01 5.446729e+00 5.931137e-01 6.370671e+00 -2.543884e+00 -1.656409e+00 -2.068870e+00 -2.173288e-01 2.092139e+00 -2.032896e+00 -4.094948e+00 7.385845e-01 -2.623605e-01 -2.674293e+00 1.402415e+00 2.914231e-02 
1.461794e+01 -4.105191e+00 -4.006840e+00 -1.310766e+00 1.561446e-01 -6.289076e-01 -6.979065e-01 -2.757456e+00 2.100076e+00 6.454234e-01 -3.609630e+00 3.307325e+00 6.297373e-01 4.767463e+00 -2.129570e+00 -2.481053e+00 -3.499654e+00 -2.096041e+00 3.281212e+00 -2.193154e+00 -5.156235e+00 -9.317046e-01 5.369297e-01 -1.668401e+00 -5.333253e-01 5.936140e-02 
1.933487e+01 -6.582819e+00 -6.709843e+00 -6.832807e+00 8.569589e-01 6.996885e+00 -4.902076e+00 -8.124780e+00 2.220856e+00 -8.057528e-01 -5.725014e+00 4.983908e-01 6.940188e-01 2.929570e+00 -9.438305e-01 -1.978823e+00 -3.145888e+00 -1.770156e+00 4.195599e+00 -2.690773e+00 -3.617446e+00 -1.880023e+00 -3.703057e-01 3.329374e-01 -1.048473e+00 4.202422e-02 
2.139299e+01 -6.883261e+00 -7.646674e+00 -1.017016e+01 -7.438531e-01 1.440394e+01 -9.237296e+00 -1.133978e+01 -3.206236e-01 -1.378133e+00 -1.599429e+00 1.243099e+00 7.347082e-01 1.798486e+00 -2.045597e-01 -1.664349e+00 -2.189930e+00 -1.616954e+00 4.246958e+00 -2.173986e+00 -2.928088e+00 -1.360691e+00 1.939675e-01 1.390333e+00 -6.604273e-01 3.319312e-02 
2.222142e+01 -6.607740e+00 -9.956834e+00 -9.681898e+00 -3.011446e+00 1.481521e+01 -1.150477e+01 -1.330677e+01 -1.762485e+00 6.630152e-01 -3.080448e-01 1.236479e+00 7.507493e-01 6.841693e-01 4.028898e-01 -8.607517e-01 -1.240988e+00 -1.958438e+00 2.873687e+00 -1.116394e+00 -1.388809e+00 -1.683596e+00 1.063658e+00 1.608505e+00 -6.160300e-01 2.343836e-02 
2.216710e+01 -5.115529e+00 -1.070509e+01 -1.083587e+01 -5.994421e+00 1.669672e+01 -8.266494e+00 -1.480690e+01 -2.711709e+00 8.808769e-01 6.335511e-01 -3.638557e-01 7.673376e-01 1.081810e-01 4.642296e-02 -2.617155e-01 -9.107933e-01 -1.229045e+00 1.517293e+00 -6.953623e-01 -4.547960e-01 -1.451704e+00 1.753077e+00 3.605645e-01 -8.731028e-01 2.334064e-02 
2.236866e+01 -5.452236e+00 -9.484392e+00 -1.270489e+01 -6.309948e+00 2.021894e+01 -1.096945e+01 -1.333527e+01 -5.001582e+00 3.383033e+00 1.201018e+00 -1.778282e+00 7.948959e-01 -3.741301e-01 -3.916844e-01 1.192281e-01 -9.792475e-01 1.418734e-01 5.653750e-01 -1.029710e+00 -2.643847e-01 -8.054934e-01 1.854772e+00 -2.673602e-01 -8.658571e-01 2.895340e-02 
2.186027e+01 -7.228899e+00 -9.191472e+00 -1.321263e+01 -5.239825e+00 1.928855e+01 -1.298177e+01 -1.359951e+01 -5.959597e+00 6.027242e+00 -5.511376e-01 -1.615034e+00 8.293381e-01 -7.052346e-01 -9.356827e-01 3.890315e-01 -6.125531e-01 1.557559e+00 -1.285758e+00 -1.613500e+00 -4.370554e-01 3.414670e-01 2.221732e+00 -8.660299e-01 -1.168428e-01 3.164794e-02 
2.050418e+01 -7.509477e+00 -1.011750e+01 -1.338976e+01 -2.679377e+00 1.634617e+01 -1.429568e+01 -1.523239e+01 -4.166008e+00 7.363692e+00 -1.052502e+00 -2.467217e+00 8.645161e-01 -8.532966e-01 -1.348368e+00 5.208036e-01 2.690539e-01 1.810523e+00 -2.753589e+00 -1.808465e+00 3.214188e-02 1.084017e+00 1.933687e+00 -1.262800e+00 1.017382e-01 3.109172e-02 
1.957317e+01 -8.765322e+00 -8.443378e+00 -1.355620e+01 -2.190924e-02 1.220431e+01 -1.467088e+01 -1.604362e+01 -1.422161e+00 9.999207e+00 -2.569839e+00 -6.036019e-01 8.907673e-01 -9.350065e-01 -1.416477e+00 8.178686e-01 1.250564e+00 1.737325e+00 -3.685543e+00 -1.413431e+00 6.486735e-01 2.034219e+00 1.524940e+00 -1.235795e+00 -3.054965e-02 2.814987e-02 
1.924573e+01 -1.142587e+01 -7.254421e+00 -1.118784e+01 1.337109e-01 9.993109e+00 -1.916722e+01 -1.195251e+01 -1.850214e+00 1.106549e+01 -4.103632e+00 -1.775307e+00 9.196399e-01 -1.055755e+00 -1.440137e+00 1.222078e+00 2.274238e+00 5.579413e-01 -3.869159e+00 -1.077508e+00 1.259027e+00 1.970268e+00 1.325896e+00 -1.385901e+00 -3.296493e-02 2.287193e-02 
1.781446e+01 -1.235309e+01 -6.533670e+00 -8.060772e+00 2.040258e+00 4.037362e+00 -1.761315e+01 -1.199609e+01 3.053603e+00 1.180104e+01 -5.204548e+00 -2.113738e+00 9.425255e-01 -1.291867e+00 -1.286292e+00 1.197063e+00 3.303317e+00 -6.315402e-01 -4.324487e+00 -3.390072e-01 1.142707e+00 2.170379e+00 5.263170e-01 -1.668297e+00 3.151575e-02 2.030554e-02 
1.610476e+01 -1.291628e+01 -4.961968e+00 -4.766280e+00 -9.207540e-01 1.083851e+00 -1.821208e+01 -1.096102e+01 3.447448e+00 1.309225e+01 -6.664650e+00 -1.876974e+00 9.529966e-01 -1.405199e+00 -9.658870e-01 1.440737e+00 3.734921e+00 -1.975256e+00 -4.288086e+00 1.175833e+00 3.883705e-02 2.553539e+00 2.801952e-02 -2.020531e+00 3.681914e-01 1.917570e-02 
1.468432e+01 -1.445158e+01 -3.604289e+00 -2.503963e-01 -2.652378e+00 -4.963498e+00 -1.684348e+01 -1.082583e+01 6.780902e+00 1.161741e+01 -9.630815e+00 -3.951896e-01 9.756166e-01 -1.258606e+00 -9.522501e-01 2.003075e+00 3.574689e+00 -2.945228e+00 -3.433675e+00 1.304356e+00 3.832663e-01 1.953247e+00 -1.224896e+00 -1.583386e+00 5.758877e-01 1.547958e-02 
1.378481e+01 -1.520606e+01 -1.515426e+00 3.581580e+00 -7.396250e+00 -6.946890e+00 -1.367289e+01 -1.234345e+01 9.053829e+00 1.129740e+01 -1.199316e+01 -7.936239e-01 9.989729e-01 -1.265230e+00 -7.015421e-01 2.500247e+00 2.650385e+00 -2.517738e+00 -3.223061e+00 2.125276e+00 1.537805e-01 2.093130e+00 -3.162669e+00 -4.463629e-01 5.757195e-01 1.153254e-02 
1.268140e+01 -1.596945e+01 1.758436e+00 5.638746e+00 -9.448135e+00 -9.115644e+00 -1.336097e+01 -9.388537e+00 1.001665e+01 6.573987e+00 -1.045722e+01 2.240257e-01 9.969352e-01 -1.111059e+00 -3.797278e-01 2.776844e+00 1.728393e+00 -2.374046e+00 -2.195348e+00 2.475827e+00 -1.701627e-01 1.088749e+00 -3.745078e+00 5.869803e-01 3.749627e-01 3.999424e-03 
1.078006e+01 -1.566505e+01 4.857907e+00 5.541075e+00 -1.011156e+01 -1.295538e+01 -9.326955e+00 -1.091076e+01 1.229522e+01 -1.993799e-01 -8.483259e+00 6.920155e-01 1.000000e+00 -8.622228e-01 -9.180374e-02 2.590056e+00 1.414767e+00 -2.042237e+00 -1.293330e+00 2.165097e+00 -1.605828e-01 2.322229e-01 -3.924275e+00 1.029393e+00 4.334725e-01 -4.134196e-03 
1.063139e+01 -1.612072e+01 7.093266e+00 7.411822e+00 -1.316495e+01 -1.293599e+01 -6.637315e+00 -1.239299e+01 1.060395e+01 -1.359590e+00 -8.450861e+00 7.368039e-01 9.951002e-01 -4.788634e-01 3.907377e-01 1.650385e+00 1.987837e+00 -2.562269e+00 5.205704e-01 1.482825e+00 -6.571741e-02 -7.197241e-01 -2.791901e+00 4.033359e-01 2.580898e-01 -1.020576e-02 
1.049870e+01 -1.558944e+01 8.767442e+00 9.768877e+00 -1.574903e+01 -1.150337e+01 -6.209232e+00 -1.164414e+01 9.921293e+00 -4.357187e+00 -7.849374e+00 1.117349e+00 9.792194e-01 -2.196024e-01 9.188198e-01 6.281767e-01 2.578476e+00 -2.718285e+00 1.602393e+00 9.938839e-01 1.426058e-01 -7.174795e-01 -2.209888e+00 -1.925049e-01 4.316095e-01 -1.786678e-02 
1.042777e+01 -1.405357e+01 8.055594e+00 1.346403e+01 -1.944075e+01 -7.238799e+00 -7.505710e+00 -9.350433e+00 7.604994e+00 -5.306618e+00 -8.757488e+00 1.301808e+00 9.562967e-01 -6.563268e-02 1.308376e+00 6.298968e-01 1.180057e+00 -1.120436e+00 4.683557e-01 1.005272e+00 1.246817e-01 1.533244e-01 -2.835263e+00 7.288793e-01 1.652861e-01 -2.885074e-02 
9.783864e+00 -1.210453e+01 7.517626e+00 1.540735e+01 -2.056509e+01 -7.792010e+00 -3.923338e+00 -1.171901e+01 1.020730e+01 -9.275308e+00 -9.292470e+00 2.567561e+00 9.300678e-01 -2.081125e-01 1.367698e+00 1.244304e+00 -5.202320e-01 2.653328e-01 -3.599649e-01 9.598120e-01 8.998072e-01 -2.734913e-01 -2.516462e+00 1.330005e+00 6.166761e-01 -3.551600e-02 
1.066065e+01 -1.132129e+01 1.086766e+01 1.049287e+01 -1.635910e+01 -1.244989e+01 -2.753904e+00 -1.173215e+01 1.122757e+01 -1.307685e+01 -4.084917e+00 8.381287e-01 8.754223e-01 3.613255e-02 1.347916e+00 1.829515e+00 -1.598365e+00 1.143376e+00 -6.876019e-01 6.355281e-01 1.086940e+00 -7.982517e-01 -2.093853e+00 1.704141e+00 1.128117e+00 -4.997737e-02 
9.341698e+00 -1.011709e+01 1.358293e+01 8.653297e+00 -1.596319e+01 -1.069764e+01 -3.786075e+00 -5.954248e+00 6.742551e+00 -1.305438e+01 -3.535633e+00 4.432570e+00 8.420767e-01 1.584271e-01 1.542547e+00 1.565288e+00 -8.772805e-01 3.801456e-01 6.308096e-01 2.774735e-01 1.529615e+00 -2.011429e+00 -7.698709e-01 7.247701e-01 1.287355e+00 -6.038318e-02 
1.082952e+01 -8.307707e+00 1.417052e+01 8.849230e+00 -1.602482e+01 -9.223991e+00 -4.396701e+00 -6.798112e+00 5.346112e+00 -1.388634e+01 -3.115204e+00 6.009890e+00 7.504055e-01 -2.825394e-01 1.714939e+00 8.961712e-01 7.663473e-01 -8.300907e-01 1.737964e+00 4.872489e-01 1.252903e+00 -2.711256e+00 -4.645281e-01 -2.669001e-03 5.365011e-01 -5.666331e-02 
1.049157e+01 -5.898588e+00 1.369263e+01 1.184277e+01 -1.883150e+01 -6.250913e+00 -1.714572e+00 -6.537949e+00 3.090885e+00 -1.271991e+01 -6.153476e+00 6.418457e+00 6.906604e-01 -2.390974e-01 1.347446e+00 8.819086e-01 1.235293e+00 -8.090976e-01 9.484078e-01 5.374266e-01 2.009337e-01 -2.078277e+00 -1.065816e+00 3.791367e-01 -9.611126e-01 -5.478917e-02 
8.673018e+00 -4.855852e+00 1.529366e+01 1.272987e+01 -1.907540e+01 -5.983438e+00 -1.353411e+00 -5.175781e+00 -5.028818e-01 -1.556672e+01 -2.789340e+00 2.527691e+00 6.678139e-01 -3.829684e-01 9.103926e-01 9.388294e-01 6.648645e-01 5.637823e-01 -3.603236e-01 -4.347315e-02 1.809266e+00 -2.794689e+00 -7.409333e-01 1.119892e+00 -1.901648e+00 -4.802352e-02 
9.224460e+00 -5.105787e+00 1.743090e+01 1.288944e+01 -1.848339e+01 -7.575882e+00 -2.620586e+00 -5.760745e+00 -7.243397e-01 -1.754327e+01 -1.802881e+00 1.368106e+00 6.094266e-01 -5.962164e-01 9.631882e-01 1.240309e+00 -7.871456e-02 1.724209e+00 4.524311e-01 3.610377e-02 2.917385e+00 -2.475307e+00 3.747779e-01 1.607319e+00 -1.878004e+00 -6.126456e-02 
9.548226e+00 -4.152144e+00 1.699553e+01 1.165022e+01 -1.337997e+01 -1.036312e+01 -4.161059e+00 1.859618e+00 -6.719718e+00 -1.517933e+01 3.089582e-01 -9.731752e-01 5.509048e-01 -6.741476e-01 6.312873e-01 8.164360e-01 -1.272207e-01 2.917314e-01 1.259696e+00 -8.253784e-02 2.833177e+00 -1.751800e+00 9.689542e-01 -7.021987e-02 -4.279739e-01 -3.981779e-02 
7.072878e+00 -1.434501e+00 1.904325e+01 1.198903e+01 -1.305817e+01 -1.798914e+00 -1.302290e-01 4.531275e+00 -6.177230e+00 -1.103972e+01 3.339678e-01 -1.221132e+00 4.427921e-01 -1.773515e+00 7.229509e-01 -1.326348e+00 -7.952738e-01 2.039773e+00 2.383265e+00 5.241170e-01 1.159858e+00 -2.282001e+00 1.120127e+00 -6.060110e-01 -2.506544e-01 -8.354287e-02 
6.378070e+00 -3.535058e+00 1.856967e+01 1.254398e+01 -2.032935e+01 -2.573442e+00 -3.011279e+00 3.844094e+00 -6.535434e+00 -1.397373e+01 -4.208864e+00 1.682440e+00 5.520422e-01 -3.030761e+00 1.154495e+00 -5.571985e-01 -5.878172e-01 1.201774e+00 1.904188e+00 2.327216e+00 4.201648e-01 -1.160390e+00 1.135903e+00 2.678401e-01 5.178320e-03 -8.779137e-02 
1.941965e+00 -1.799575e+00 1.001209e+01 8.466196e+00 -4.809830e+00 4.456012e-01 -5.748916e-01 -9.536955e-01 -1.222649e+01 -1.254544e+01 -2.574025e+00 -1.212974e+00 1.911436e-01 -2.838847e+00 1.179453e+00 -1.201378e+00 -3.966049e-01 3.185542e+00 -1.076400e-01 3.376797e+00 6.607134e-01 -1.174655e+00 2.652101e+00 2.038865e+00 -6.961900e-01 -1.066933e-01 
-3.040121e+00 1.802866e+00 1.872511e+01 1.047255e+01 -1.149527e+01 -1.964443e+00 7.697351e+00 6.702928e+00 -9.497036e+00 -8.746952e+00 3.102155e+00 -9.513626e-01 2.377722e-01 -1.922847e+00 7.553052e-01 -8.757051e-01 -2.467705e-01 4.804521e+00 5.174530e-01 4.447934e+00 2.181329e+00 -3.519624e-01 3.861170e+00 2.859600e+00 -8.117372e-01 -1.062295e-01 
-2.412260e+00 1.793805e+00 1.295863e+01 1.104172e+01 -1.547503e+00 -2.641614e+00 1.139944e+01 6.405426e+00 -1.056970e+01 -3.926035e-01 6.872785e+00 -3.385180e+00 6.646067e-02 -4.218464e-02 -2.344410e-02 -2.258575e-01 -2.003252e-01 2.344006e+00 7.318211e-03 3.170647e+00 2.762810e+00 4.283012e-01 2.292845e+00 2.205426e+00 -2.688973e-01 -3.765288e-02 
-1.059053e+00 -1.555222e+00 1.271787e+01 1.002236e+01 2.062088e+00 1.557431e+00 1.324123e+01 1.107118e+01 -9.123640e+00 -7.442951e-01 5.365729e+00 -1.290143e+00 8.323622e-02 7.494437e-01 -1.113873e+00 -2.254315e+00 -1.351793e+00 2.095406e+00 -1.426500e-01 -6.439009e-01 1.701481e+00 2.713691e+00 9.599066e-01 1.318889e-02 2.006031e-01 -4.515242e-02 
7.405081e-01 -2.377517e-01 1.188643e+01 7.689661e+00 1.315246e-01 -1.278745e+00 1.250641e+01 1.067623e+01 -1.027168e+01 -5.082543e+00 7.321317e+00 -2.388070e+00 8.014715e-02 2.276217e-01 -1.595254e+00 -2.367759e+00 -9.738607e-01 7.640366e-01 -1.496841e+00 -3.310376e+00 -2.984909e-01 2.746024e+00 -6.410347e-01 -1.792737e+00 1.305409e-01 -1.676103e-02 
-8.692865e-01 -2.750723e+00 7.989642e+00 5.389610e+00 -1.857751e+00 -3.359128e+00 3.924365e+00 1.307493e+01 3.922410e+00 -1.602449e+00 2.943833e+00 -4.469023e-01 5.166829e-03 -2.823052e-01 -1.443425e+00 -4.531910e+00 -7.954527e-01 2.125231e+00 -5.465946e-01 -4.633653e+00 -2.370281e+00 2.626973e+00 9.359483e-02 -2.684002e+00 -1.774320e+00 -2.982217e-02 
-1.369035e+00 -5.584714e+00 3.483953e+00 8.488789e+00 4.232600e+00 -7.667540e+00 -4.940052e-01 3.911095e+00 -3.362609e+00 -3.168700e+00 -8.799547e-01 -3.154096e+00 2.169019e-02 -8.892161e-01 -1.282886e+00 -4.740249e+00 -1.350323e+00 2.119371e+00 -4.915648e-02 -3.562283e+00 -3.820791e+00 1.152940e+00 3.666919e-01 -2.551597e+00 -4.593632e-01 -4.082428e-02 
-1.415808e+00 -6.098866e+00 -5.740441e+00 5.645536e+00 1.063771e+01 2.018855e+00 -3.426836e+00 2.602344e+00 5.566869e-01 -1.233242e+00 -3.953647e+00 -9.778730e+00 -3.664613e-02 -8.438781e-01 9.653419e-01 -2.455907e+00 -1.988990e+00 1.166727e+00 9.649122e-01 3.247182e-01 -2.698052e+00 -1.367273e+00 -4.261775e-01 -5.861387e-01 1.355536e-01 -4.376770e-02 
-3.432312e+00 -4.978108e+00 -4.949775e+00 8.100843e-01 4.480653e+00 -4.213519e+00 -1.629410e+00 -3.191430e+00 -2.824120e+00 -3.433686e+00 -1.987929e+00 -1.897240e-02 -1.030678e-01 -8.898641e-01 2.730293e+00 -4.025108e-01 -2.866015e+00 -7.104543e-01 1.578986e+00 2.433085e+00 2.002527e-01 -2.552433e-02 1.022753e+00 1.126305e+00 1.928848e+00 -4.606123e-02 
-4.057038e+00 1.772684e+00 -7.302856e-02 -7.159886e-01 3.851858e+00 -2.615772e-01 6.115658e+00 3.135936e+00 -3.183201e+00 -3.600843e+00 5.671266e-01 -1.336696e+00 -1.512927e-01 -8.248491e-01 2.862010e+00 1.755781e+00 -1.749087e+00 -1.330052e+00 1.883754e-01 2.633764e+00 1.177834e-01 -6.913875e-01 1.271744e+00 1.782005e+00 2.114297e+00 -2.775180e-02 
-4.497740e+00 4.130974e+00 -1.362308e+00 -2.660527e+00 4.073252e+00 1.367606e+00 6.900173e+00 4.645562e+00 -1.620287e+00 3.128866e+00 2.491184e+00 2.269125e+00 -1.512927e-01 -3.695893e-01 1.653583e+00 3.641661e-01 -7.114587e-01 -3.007864e-01 2.229459e+00 1.875684e+00 1.179629e+00 -1.052550e+00 -4.586097e-01 -1.210881e-01 -4.276059e-01 -9.525681e-03 
-5.007339e+00 3.656642e+00 1.244732e+00 -1.364594e+00 4.191149e+00 1.701699e-01 5.477194e+00 -7.272356e-01 -3.502167e+00 1.844204e+00 2.716822e+00 -3.512909e-01 -1.512927e-01 7.628431e-02 7.625703e-01 -9.353321e-01 -7.853021e-02 1.869719e-02 1.502020e+00 -6.910250e-02 1.084760e+00 1.179001e+00 3.620149e-01 -4.803739e-01 -1.097759e+00 5.965233e-05 
-4.805108e+00 2.347825e+00 -3.787824e+00 -2.422907e+00 2.807076e+00 6.717902e+00 8.068245e+00 4.638298e+00 -7.927388e+00 -8.449259e+00 -3.668217e+00 -2.649704e+00 -1.506962e-01 1.725605e-01 4.559035e-01 -5.808114e-01 -1.477314e-01 -4.015955e-01 3.720914e-01 -7.452239e-01 8.668811e-01 1.857147e+00 9.862765e-01 6.945646e-01 -3.316762e-01 0.000000e+00 
-3.521933e+00 6.477110e+00 -3.536931e+00 -1.227450e+00 4.578432e+00 4.573373e+00 5.186110e+00 8.563367e+00 5.865355e+00 3.998295e+00 1.244958e+00 -4.366078e+00 -1.512927e-01 4.226742e-02 9.797551e-01 5.738484e-01 -5.045559e-01 -4.142165e-01 -3.701535e-01 -7.792672e-01 9.721691e-01 2.019286e+00 1.994673e+00 1.396475e+00 1.019422e+00 -5.965233e-05 
-4.377641e+00 5.000257e+00 -1.875533e+00 -3.467756e+00 1.871633e+00 1.026461e+00 3.319595e+00 4.334666e+00 2.981686e+00 6.983203e+00 6.699940e+00 2.618138e+00 -1.512927e-01 -1.270183e-01 8.546588e-01 1.042880e+00 1.887336e-01 -4.885983e-02 -3.300065e-01 -2.849291e-01 -4.742447e-01 9.510605e-01 2.609264e+00 1.883443e+00 4.521451e-01 1.130438e-03 
-5.009736e+00 7.229201e+00 3.157828e+00 -3.364949e+00 2.587788e+00 1.165123e+00 3.955183e+00 4.285426e+00 1.139725e+00 4.101337e+00 4.515121e+00 2.111899e+00 -1.512927e-01 1.305580e-02 -5.335750e-02 4.717185e-01 7.355440e-01 -5.899900e-01 1.020754e-01 2.343537e-01 -1.802365e+00 -2.595779e+00 -5.731586e-01 -4.208817e-01 3.772835e-01 6.248712e-04 
-4.696298e+00 6.245073e+00 -1.920804e+00 -4.104891e-01 3.558099e+00 6.771995e+00 7.259063e+00 4.406045e+00 -8.092702e-01 4.545543e+00 4.113914e+00 -3.627967e+00 -1.450440e-01 2.657970e-01 4.946434e-01 -3.101496e-01 5.998637e-01 -1.429043e-01 7.561520e-01 -6.403170e-02 -9.201362e-01 -1.784819e+00 -1.489107e+00 -1.215836e+00 -1.035351e+00 0.000000e+00 
-3.297325e+00 5.587914e+00 -1.155703e+00 9.216366e-01 7.852492e-01 2.210983e+00 4.388144e+00 -4.841444e-01 -5.218061e+00 2.351332e+00 4.335624e-01 6.433922e-01 -1.512927e-01 1.121734e-01 -1.851038e-01 -1.088207e+00 -4.157853e-03 1.405804e-01 -1.271092e+00 -8.506563e-01 -3.133879e-01 -4.850633e-01 -5.427311e-01 -2.718879e-01 4.701572e-01 -6.248712e-04 
-3.904861e+00 8.294118e+00 -1.269515e+00 -2.611730e+00 2.058380e+00 4.284290e+00 2.782956e+00 2.118771e+00 -2.763516e+00 4.126728e-01 2.661541e+00 -1.824362e+00 -1.512927e-01 -2.423782e-02 2.130249e-01 -5.362953e-01 -1.294016e-01 1.004999e+00 -1.319552e+00 -7.088388e-01 5.617771e-02 -7.216531e-01 -5.549134e-01 -1.278390e-01 1.327785e+00 3.311229e-03 
-4.844587e+00 5.279160e+00 -2.608853e+00 -2.285118e+00 4.040549e+00 -3.946486e+00 1.939954e+00 3.862124e+00 -3.084679e-01 3.454116e+00 3.881867e+00 3.560883e+00 -1.512927e-01 -2.021919e-01 7.006058e-01 -5.573720e-01 -2.527561e-02 9.558402e-01 -2.467545e-01 2.108177e-01 9.006051e-01 1.310968e-01 6.155366e-01 5.506240e-01 2.804693e-01 3.371227e-03 
-4.043856e+00 7.464575e+00 -3.875706e+00 5.458803e-01 6.955442e+00 3.252968e+00 4.938964e+00 2.513800e+00 -6.872333e+00 1.219583e+00 1.750566e+00 1.552215e+00 -1.284878e-01 -2.418458e-01 2.529101e-01 4.908076e-01 -2.361477e-01 -2.498085e-01 -5.764200e-01 1.107112e-01 -6.868479e-01 9.361045e-02 5.310663e-01 -3.999336e-01 -3.357869e-01 5.453706e-04 
-4.238788e+00 9.505714e+00 -2.639468e+00 -7.835464e-01 3.115919e+00 1.492872e+00 4.364229e+00 3.821366e+00 -2.508169e+00 5.025560e+00 3.642169e+00 3.574504e-01 -1.458390e-01 -3.343403e-01 2.036757e-01 9.532717e-01 -5.059742e-01 -8.694487e-01 -1.887255e-02 6.328416e-02 -1.236221e+00 1.202486e-01 -6.930336e-01 -2.052202e+00 -2.334908e+00 -2.280486e-03 
-5.416990e+00 7.445392e+00 1.199830e+00 -4.543254e+00 1.271652e+00 -1.317488e+00 2.124374e+00 -1.295090e+00 -1.195614e+00 2.282283e+00 7.817217e-01 -1.901581e+00 -1.512927e-01 -1.781142e-01 -1.790680e-01 1.027445e+00 -8.156902e-01 -6.715664e-01 -9.684040e-02 -1.194214e-01 -1.820873e+00 7.498925e-01 4.240454e-01 -8.464316e-01 -1.368579e+00 -5.106342e-03 
-5.829721e+00 6.307131e+00 -3.802625e-01 -2.270422e+00 2.535201e+00 -1.755620e+00 3.663670e+00 -4.145358e-01 -2.545584e+00 -5.424011e-01 -5.894719e+00 -6.386760e+00 -1.512927e-01 -1.277199e-01 -9.731483e-01 -3.381837e-01 -1.225472e-01 -5.165402e-01 6.602329e-01 3.126857e-01 -1.533645e-01 2.708753e-01 -2.040001e-01 -1.157847e+00 1.047023e-01 -1.090741e-03 
-4.138960e+00 8.168528e+00 1.319158e-01 -2.789133e+00 3.887970e+00 4.393012e+00 4.692137e+00 -4.472615e+00 -3.104162e+00 6.123791e+00 2.286853e+00 -1.918574e+00 -1.512927e-01 2.460032e-01 -7.884263e-01 -8.625407e-01 1.694216e-01 -5.771853e-01 -4.806307e-01 -6.824436e-01 4.167703e-01 1.111654e+00 5.119373e-01 1.167511e+00 1.900915e+00 0.000000e+00 
-5.516402e+00 4.278405e+00 -3.796430e+00 -2.273343e+00 -7.749410e-01 1.938786e+00 4.643776e+00 4.643306e+00 -1.995181e-01 2.084805e+00 -2.899631e+00 8.894583e-01 -1.512927e-01 3.576536e-01 -6.075988e-01 -1.858655e-01 4.844786e-01 1.244973e-01 2.621325e-01 -2.182686e-01 1.353910e+00 2.003438e+00 9.783241e-01 1.936687e+00 2.448092e+00 0.000000e+00 
-4.343634e+00 4.517623e+00 -1.404790e+00 -3.694685e+00 4.079628e-02 -5.567845e+00 -1.777897e+00 -1.740160e+00 3.189625e+00 3.528366e+00 5.121731e+00 3.964887e+00 -1.512927e-01 3.893272e-01 6.442567e-02 5.440379e-01 9.133307e-01 1.358122e+00 3.236238e-01 -4.234602e-01 1.199696e+00 -2.307778e-01 -1.715596e+00 3.492848e-01 3.842286e-01 0.000000e+00 
-3.939116e+00 5.094589e+00 -5.412369e-01 6.047473e-01 5.081274e+00 4.535470e+00 5.807344e+00 4.988787e+00 4.324715e+00 5.646932e+00 2.371279e+00 2.911972e+00 -1.512927e-01 6.501524e-01 1.063476e+00 1.428049e+00 5.406235e-01 1.983213e+00 7.824312e-01 8.846588e-01 1.442920e+00 -3.421921e-01 -1.717517e+00 1.110637e+00 -1.743884e-01 0.000000e+00 
-2.980967e+00 8.082563e+00 1.224509e+00 3.384757e-01 7.750473e+00 4.712789e+00 1.993052e+00 1.353126e+00 -6.520168e+00 -4.235254e+00 1.397822e+00 -1.008688e+00 -1.512927e-01 2.473554e-01 4.209312e-01 4.391984e-01 -8.047235e-02 2.606164e-01 1.537108e+00 1.312428e+00 1.390525e+00 -1.475309e+00 -2.442868e+00 -2.476411e-01 -3.068441e-01 0.000000e+00 
-2.946974e+00 7.813316e+00 2.029167e+00 -1.586806e+00 5.286286e+00 7.106252e-01 7.181596e+00 1.031126e+01 2.944418e+00 -2.620969e+00 4.515510e+00 2.504304e+00 -1.512927e-01 5.041504e-03 -2.482995e-01 -1.624036e-01 -1.055178e+00 -1.418890e+00 -1.693378e-01 -1.316390e-01 -3.677017e-01 -1.261958e+00 -2.071468e+00 2.293849e-01 3.088246e-01 0.000000e+00 
-3.602928e+00 5.262916e+00 -4.940002e-01 -3.001271e+00 1.241372e+00 4.030117e+00 4.097116e+00 2.551227e+00 -3.496772e+00 -4.552025e+00 2.811410e+00 2.634501e+00 -1.512927e-01 -1.899877e-01 -8.189697e-01 -5.960186e-01 -8.093957e-01 -1.706311e+00 1.954148e-01 1.123650e-01 -5.363832e-01 -3.943987e-02 -2.564597e-01 1.123075e-01 7.416574e-01 0.000000e+00 
