-9.123761e+00 4.958041e+00 -3.004518e+00 -7.218804e+00 1.130161e+01 6.436224e+00 1.424945e+00 5.114328e+00 2.836989e+00 6.228341e+00 4.901145e+00 9.015963e-01 -1.512927e-01 2.085775e-01 1.978621e-01 -3.839555e-01 1.188181e+00 5.691783e-01 -1.772463e-01 -1.188308e+00 9.994596e-02 7.076616e-01 9.707192e-01 -6.700793e-01 -1.374398e-01 0.000000e+00 
-7.982104e+00 7.005766e+00 -3.114234e+00 -8.908587e-01 1.540493e+01 7.127219e+00 -5.814924e-01 7.010056e+00 2.880969e+00 9.964102e+00 5.310091e+00 2.776273e+00 -1.512927e-01 3.722248e-02 -5.547489e-01 -1.460010e+00 5.673019e-01 -3.512961e-02 -8.780783e-01 -1.297505e+00 2.478017e-01 1.157351e-01 -5.375315e-01 -1.103485e+00 -6.453471e-01 0.000000e+00 
-8.651702e+00 4.923490e+00 -4.869437e+00 -4.441871e+00 1.209585e+01 5.204494e+00 -3.513375e+00 4.666194e+00 6.353308e+00 9.214057e+00 1.346275e+00 -7.229409e-01 -1.512927e-01 -8.394279e-02 -7.587188e-01 -1.368218e+00 -2.446216e-01 -2.757855e-01 -9.649440e-01 -6.800638e-01 -3.082781e-01 -4.841204e-01 -6.409138e-01 -2.956732e-01 -8.570427e-01 0.000000e+00 
-9.173678e+00 2.201572e+00 -9.372108e+00 -5.770761e+00 1.072885e+01 2.661696e+00 -2.593422e+00 6.577404e+00 1.657506e+00 2.047826e+00 1.161154e+00 -1.512870e+00 -1.512927e-01 -2.432571e-01 -7.319530e-01 -9.089414e-01 -1.189891e+00 -7.547325e-01 -3.914877e-01 -6.190270e-01 -1.115319e+00 -7.353689e-01 -1.480220e+00 -5.329127e-01 -7.209148e-01 0.000000e+00 
-8.947688e+00 3.566544e+00 -6.716669e+00 -6.001960e+00 1.226073e+01 3.844265e+00 -9.694098e-01 3.789264e+00 1.028119e+00 6.981911e+00 5.497248e+00 -1.239046e+00 -1.512927e-01 -1.646795e-01 9.526477e-02 2.040226e-01 4.183613e-02 1.195564e-01 -3.744118e-01 -4.500865e-01 -8.052037e-01 -6.826271e-01 -1.358336e+00 2.220444e-02 4.235290e-01 0.000000e+00 
-9.050397e+00 4.024474e+00 -6.735325e+00 -6.060269e+00 1.154883e+01 5.849895e+00 -4.948610e+00 1.871929e+00 1.866719e+00 3.679077e+00 5.700417e-01 -5.702488e-01 -1.512927e-01 2.836933e-02 1.207225e+00 1.210995e+00 1.576235e-01 2.892106e-01 3.226720e-01 -1.078654e+00 -9.487373e-01 4.609104e-01 3.064956e-01 1.988792e-01 -1.368756e-02 0.000000e+00 
-9.536740e+00 4.488362e+00 -5.167716e+00 -4.087936e+00 1.228364e+01 1.738336e+00 -4.586213e+00 2.992913e+00 2.835566e+00 1.606750e+00 1.752854e+00 9.233932e-01 -1.512927e-01 1.732449e-01 9.709122e-01 8.677229e-01 -7.987670e-02 -1.848378e-01 1.194682e+00 7.589803e-01 3.337315e-01 1.025494e+00 9.768427e-01 7.545542e-01 -3.973875e-02 0.000000e+00 
-8.737306e+00 7.776788e+00 -4.091609e+00 -5.939656e+00 1.216345e+01 5.328021e+00 -6.178289e+00 2.231894e+00 3.058335e+00 6.267884e+00 4.027746e+00 -2.662528e+00 -1.512927e-01 4.002573e-01 6.539041e-01 6.399317e-01 1.422675e-01 -4.947850e-01 9.453266e-01 2.739064e+00 6.114790e-01 7.410518e-02 2.168932e+00 1.876255e+00 1.244806e-01 0.000000e+00 
-8.238009e+00 6.544948e+00 -3.699912e+00 -6.461650e+00 1.102923e+01 1.007861e+01 3.440331e+00 5.277939e+00 5.559783e+00 1.057172e+01 7.541166e+00 -3.915999e-01 -1.512927e-01 4.595405e-01 2.093636e-01 1.106352e-01 -4.865340e-01 -5.420245e-01 1.344404e+00 1.867833e+00 5.971234e-01 -2.915985e-01 5.686723e-01 6.982806e-01 2.365616e-01 0.000000e+00 
-7.698476e+00 6.265702e+00 -4.269568e+00 -4.162075e+00 9.702108e+00 6.406390e+00 4.733438e+00 3.786811e+00 8.751363e-01 1.004125e+01 7.057159e+00 7.096510e-01 -1.512927e-01 7.107247e-01 1.413660e-01 4.176305e-02 9.134462e-01 -4.364573e-01 3.187847e-01 7.186583e-01 7.687990e-01 -5.731474e-01 -1.080649e-01 4.395328e-02 1.722841e-01 0.000000e+00 
-7.758452e+00 6.290724e+00 -4.525560e+00 -7.409397e+00 1.080419e+01 7.921169e+00 -7.029119e-01 5.201072e+00 2.469172e+00 2.563428e+00 3.729550e+00 4.201119e-01 -1.512927e-01 2.801004e-01 2.738684e-01 -4.686479e-01 6.651897e-01 2.412346e-01 -2.955485e-01 -2.318311e-01 1.939384e-01 -6.410717e-01 -5.451432e-01 1.294537e-01 9.887376e-02 0.000000e+00 
-5.423461e+00 8.610730e+00 -3.469970e+00 -8.985519e-01 1.009368e+01 8.000666e+00 -5.133761e-01 6.114323e+00 1.737903e+00 9.731706e+00 6.153321e+00 -2.206963e+00 -1.512927e-01 7.459889e-02 -1.664249e-01 -6.448218e-01 3.117995e-02 3.921941e-01 3.733175e-01 6.071895e-01 8.767167e-01 9.046103e-01 -3.902824e-01 -7.343712e-01 -3.730572e-01 0.000000e+00 
-7.975015e+00 6.741776e+00 -6.442950e+00 -4.767463e+00 1.203962e+01 7.803732e+00 4.904583e+00 5.083876e+00 1.923041e+00 8.000777e+00 8.640354e+00 1.561076e+00 -1.512927e-01 -1.270607e-01 -6.789370e-01 -6.085812e-01 -9.085848e-01 -7.812310e-01 -1.237845e+00 9.481966e-01 -2.109651e-01 3.516307e-01 -8.427652e-01 -2.420254e+00 -2.330172e-01 0.000000e+00 
-7.217200e+00 5.208052e+00 -6.534982e+00 -5.327142e+00 1.104536e+01 8.331696e+00 4.965638e+00 8.228992e+00 5.671253e+00 5.371164e+00 9.299011e-01 -1.726117e+00 -1.512927e-01 -6.614744e-01 -1.114527e+00 -5.695834e-01 -1.754298e+00 -2.060117e-01 -1.647886e+00 3.350890e-01 2.879027e-01 -5.284547e-01 -1.796909e+00 -1.788496e+00 -7.242728e-01 0.000000e+00 
-7.496886e+00 4.597378e+00 -6.035960e+00 -9.738026e+00 6.422189e+00 1.566430e+00 1.298564e+00 3.088911e+00 2.260651e+00 5.298727e-01 -5.760012e+00 -9.853970e-01 -1.512927e-01 -3.836250e-01 -6.702086e-01 -9.324048e-02 -1.003439e+00 -1.011490e-01 -7.339677e-01 -8.177748e-01 -1.438163e-01 -1.314983e+00 -4.958829e-01 -7.508103e-01 -1.449995e+00 0.000000e+00 
-8.969897e+00 4.110291e+00 -6.521382e+00 -7.184762e+00 1.187234e+01 2.879889e+00 2.965078e+00 8.551318e+00 -1.073175e+00 4.482613e+00 4.411021e+00 -4.555091e+00 -1.512927e-01 -3.929527e-01 -4.917172e-02 4.202479e-01 -3.867577e-01 4.115902e-01 8.260059e-02 -5.997412e-01 1.178555e-01 -1.431657e+00 4.910263e-01 1.743778e+00 8.245249e-02 0.000000e+00 
-9.016791e+00 3.939613e+00 -6.915953e+00 -8.855849e+00 1.112038e+01 6.859798e+00 1.815989e+00 4.203631e+00 -1.279660e+00 5.965639e+00 3.145742e+00 -4.274413e+00 -1.512927e-01 -4.123074e-01 3.735414e-01 9.219464e-01 4.848849e-01 -5.905523e-01 4.323049e-01 -2.706437e-01 1.692226e-01 1.281091e-01 1.443897e+00 2.722780e+00 1.251944e+00 0.000000e+00 
-8.422011e+00 5.291076e+00 -3.993746e+00 -7.702018e+00 1.075422e+01 6.098014e+00 1.708220e+00 8.260910e+00 2.831242e-01 5.108413e+00 5.195911e+00 3.306537e-01 -1.512927e-01 -3.090668e-02 2.919767e-01 1.344514e+00 1.165260e+00 -1.358782e+00 -2.253574e-01 -1.400909e-02 -1.475917e+00 1.183279e+00 1.855498e-01 1.800869e-01 1.840737e+00 0.000000e+00 
-9.832366e+00 5.874693e+00 -2.690046e+00 -7.054974e+00 4.028487e+00 2.118891e+00 5.737745e-01 4.080229e+00 2.223047e+00 7.436458e+00 7.461445e+00 2.831451e+00 -1.512927e-01 3.011311e-01 -5.491944e-01 2.489623e+00 3.567757e+00 -2.907433e+00 -1.465975e+00 1.595475e+00 -3.916829e-01 2.157081e+00 2.379946e-01 -1.549444e+00 2.275548e+00 1.663940e-02 
-8.716643e+00 4.602635e+00 -1.911766e+00 -2.258901e+00 8.624376e+00 4.123555e+00 3.516140e+00 1.233433e+00 3.091866e+00 4.674952e+00 3.153605e+00 1.095662e+00 -1.512927e-01 2.709163e+00 -7.641641e-01 1.555382e+00 3.920497e+00 -5.314514e+00 -3.444172e+00 6.997108e-01 -1.461733e+00 3.020127e+00 1.642155e-01 -3.892749e+00 1.287748e+00 8.384792e-02 
-7.363820e+00 1.537861e+00 4.491173e+00 6.261378e+00 -2.351860e+00 5.171537e-01 8.889404e+00 5.758955e+00 8.101372e+00 7.372342e+00 -3.580326e+00 6.720821e+00 -6.809568e-02 5.467388e+00 -2.308015e+00 2.037751e-01 3.470366e+00 -5.747152e+00 -4.237068e+00 5.392998e-01 -2.220226e+00 2.041263e+00 1.876417e-01 -3.954152e+00 2.123254e+00 1.906567e-01 
3.889532e+00 3.638671e+00 1.925530e-01 5.242289e+00 -1.262818e+01 -1.032198e+01 1.048959e+00 1.128814e-01 1.244460e+01 5.961548e+00 -8.746950e+00 4.824706e+00 2.263484e-01 5.666372e+00 -3.348001e+00 -3.620742e-01 1.322268e+00 -5.821388e+00 -4.972089e+00 1.622555e-01 -3.384943e+00 1.320217e+00 6.985990e-01 -2.499988e+00 3.032928e+00 2.541122e-01 
1.120149e+01 -5.183400e+00 -2.723330e+00 6.546263e+00 -1.408099e+01 -1.184368e+01 4.503864e+00 -6.460623e+00 7.752996e+00 7.731368e+00 -6.359036e+00 1.158320e+01 6.131701e-01 4.048985e+00 -3.402184e+00 1.314628e-01 -2.773437e-02 -3.913359e+00 -2.729545e+00 -6.235128e-02 -4.490739e+00 2.997368e-01 2.330387e-01 -6.402558e-01 1.850496e+00 2.445017e-01 
1.033256e+01 -8.776739e+00 -1.148853e-01 4.209997e+00 -1.461800e+01 -1.455647e+01 6.520187e+00 -9.581493e+00 9.867139e+00 7.988434e+00 -7.956979e+00 1.382911e+01 7.786352e-01 8.408933e-01 -3.219376e+00 2.178638e+00 -1.374827e-01 -2.207700e+00 1.915222e-01 5.863086e-01 -2.238474e+00 -9.429340e-01 3.435812e-01 3.546251e-01 1.398914e+00 1.710996e-01 
9.659589e+00 -9.265352e+00 5.302207e+00 6.638852e+00 -2.092374e+01 -1.101332e+01 5.842034e+00 -1.184755e+01 1.088879e+01 7.524093e+00 -7.176590e+00 1.147110e+01 8.782696e-01 -6.939911e-01 -1.333384e+00 2.536225e+00 -2.176564e-01 -1.816732e+00 7.385801e-01 7.932544e-02 -1.217167e+00 -2.357912e-01 -5.116051e-01 -2.582154e-01 4.113626e-01 9.274797e-02 
8.864947e+00 -1.041723e+01 7.072975e+00 4.508580e+00 -2.024530e+01 -9.779543e+00 3.311417e+00 -8.386026e+00 6.162034e+00 7.783092e+00 -6.565047e+00 1.187533e+01 9.492968e-01 -3.908790e-01 -4.887547e-01 1.273431e+00 4.457496e-01 -1.804665e+00 1.542665e+00 -1.581267e-01 -1.076586e+00 -4.618576e-01 -1.249740e+00 2.294788e-01 2.312714e-01 5.560393e-02 
8.465341e+00 -1.103008e+01 6.363866e+00 5.308689e+00 -2.035100e+01 -1.053924e+01 6.504876e+00 -1.314419e+01 8.426593e+00 5.276014e+00 -8.346079e+00 1.461691e+01 9.915792e-01 1.642421e-01 -9.187098e-02 8.484135e-02 5.033380e-01 -1.021280e+00 9.565911e-01 3.614720e-01 -1.350688e+00 -3.148284e-01 -1.862606e+00 3.992518e-01 6.337282e-01 2.182196e-02 
8.975293e+00 -1.033815e+01 5.721439e+00 7.103827e+00 -2.392770e+01 -7.080184e+00 5.398133e+00 -1.431610e+01 8.788947e+00 2.863775e+00 -6.224841e+00 1.341256e+01 1.000000e+00 6.131700e-01 6.205239e-01 2.320747e-02 8.622981e-01 -1.156783e+00 9.913001e-01 3.518515e-01 -1.498893e+00 -5.521765e-01 -1.975973e+00 9.683129e-01 2.612890e-01 -1.075472e-02 
1.042563e+01 -9.764248e+00 6.402181e+00 7.857919e+00 -2.418895e+01 -7.580049e+00 6.606036e+00 -1.563595e+01 8.001186e+00 6.707213e-01 -5.350434e+00 1.387112e+01 9.620277e-01 5.011207e-01 6.296626e-01 6.503504e-01 7.689773e-01 -9.119614e-01 1.176843e+00 -9.232975e-01 -5.506691e-01 -8.375055e-01 -1.754480e+00 1.899538e+00 -9.045059e-01 -1.949935e-02 
1.095065e+01 -7.947526e+00 7.169855e+00 7.545456e+00 -2.411024e+01 -6.302640e+00 5.020094e+00 -1.463461e+01 3.613854e+00 2.058752e-01 -3.221305e+00 1.355467e+01 9.102989e-01 -1.922021e-01 3.452082e-01 1.295275e+00 -1.157320e-01 8.845135e-01 1.067088e-01 -1.539415e+00 2.858675e-01 -1.331482e+00 -6.434706e-01 1.561387e+00 -1.637161e+00 -1.343988e-02 
9.983264e+00 -9.077076e+00 8.891411e+00 8.932761e+00 -2.481953e+01 -5.043801e+00 2.077408e+00 -1.573828e+01 6.826612e+00 -2.167435e+00 -3.501556e-01 1.002333e+01 9.389330e-01 -5.080037e-01 -4.750097e-01 1.875226e+00 -4.737965e-01 1.360040e+00 1.417506e-01 -1.664724e+00 5.540133e-01 -8.470473e-01 -7.406702e-01 1.113785e+00 -2.062809e+00 9.229541e-04 
8.235464e+00 -8.955696e+00 1.095320e+01 5.987745e+00 -1.918983e+01 -7.814764e+00 -3.463042e-02 -1.283560e+01 2.718823e+00 1.065500e+00 -9.180460e-01 7.150654e+00 9.443480e-01 -3.583533e-01 -9.935107e-01 1.962908e+00 -5.069285e-02 8.287899e-01 4.773702e-01 -1.187012e+00 5.221890e-01 -4.360323e-02 -1.202613e+00 7.676618e-02 -1.653501e+00 4.987335e-03 
9.243203e+00 -1.163521e+01 1.388664e+01 6.267792e+00 -1.984895e+01 -6.115234e+00 8.097793e-01 -1.376539e+01 4.213465e+00 -3.462442e+00 -9.331369e-01 6.759082e+00 9.496180e-01 1.182528e-01 -6.469332e-01 1.841696e+00 -1.344998e-01 5.110604e-01 9.159433e-01 -7.295797e-01 5.584581e-01 -2.980649e-01 -1.579208e+00 -3.396152e-01 -1.361238e+00 -1.703913e-02 
9.528918e+00 -1.163601e+01 1.448678e+01 8.624476e+00 -2.245159e+01 -3.380073e+00 -2.811515e-01 -1.301011e+01 4.702412e+00 -5.159686e+00 -2.545984e+00 6.919286e+00 9.298931e-01 3.903402e-01 1.490584e-01 1.520088e+00 -1.955769e-01 -2.588961e-01 2.136504e+00 -8.222122e-01 1.285688e+00 -7.160865e-01 -1.872430e+00 -5.010337e-01 -1.086585e+00 -4.703580e-02 
9.927801e+00 -1.097158e+01 1.633310e+01 6.941896e+00 -2.063336e+01 -2.681430e+00 -1.447230e+00 -1.285874e+01 4.344493e+00 -6.950880e+00 -1.234263e+00 3.332822e+00 8.609648e-01 -4.366589e-02 6.445621e-01 1.261504e+00 -3.363104e-01 9.552206e-01 2.824394e+00 -1.956558e+00 2.312158e+00 -1.617359e+00 -1.667136e+00 1.614775e-01 -1.362821e+00 -7.146540e-02 
9.844866e+00 -8.542217e+00 1.733041e+01 4.672809e+00 -2.009211e+01 1.150855e+00 -3.017187e+00 -6.860487e+00 -9.271230e-01 -6.552430e+00 -3.272652e+00 3.430856e+00 7.534956e-01 -3.176774e-01 7.184244e-01 1.670861e+00 2.317855e-01 1.458030e+00 2.742658e+00 -2.306449e+00 2.643086e+00 -2.258152e+00 -1.329657e+00 4.189865e-01 -1.861902e-01 -9.875000e-02 
8.866899e+00 -9.959297e+00 1.877235e+01 6.562074e+00 -1.625259e+01 5.741271e+00 -7.604990e+00 -5.279414e+00 -1.058561e+00 -1.110175e+01 2.375845e-01 1.689192e+00 6.804898e-01 9.518156e-02 7.356648e-01 9.016262e-01 6.802633e-01 1.623864e+00 2.445717e+00 -2.762235e+00 3.026197e+00 -2.385120e+00 -5.534676e-01 4.674435e-03 2.812563e-01 -1.042663e-01 
8.470982e+00 -8.550034e+00 2.162147e+01 9.973315e+00 -1.735183e+01 6.121869e+00 -8.734519e+00 -3.584339e+00 -3.886820e+00 -9.732536e+00 -1.186975e+00 6.810150e+00 5.263807e-01 3.456889e-02 8.948431e-01 7.272921e-01 9.123467e-01 1.407122e+00 1.090358e-01 -2.243974e+00 9.996732e-01 -1.716307e+00 -1.391358e+00 2.007599e-01 -3.543580e-01 -9.832267e-02 
1.109065e+01 -7.289352e+00 1.869570e+01 7.692960e+00 -1.388418e+01 7.061646e+00 -1.239974e+01 6.341741e-01 -6.101259e+00 -8.128165e+00 -2.253729e+00 3.049457e+00 4.531908e-01 -1.158865e+00 4.035313e+00 -3.366844e+00 -1.183179e+00 4.045713e+00 -3.479984e+00 -1.566052e-01 7.157458e-01 -1.895560e+00 -7.954443e-01 -6.347075e-01 -1.062745e+00 -1.797668e-01 
8.905835e+00 -5.402975e+00 2.100519e+01 8.669099e+00 -1.424071e+01 1.035845e+00 -1.183968e+01 -4.818915e+00 -6.987309e+00 -1.499601e+01 -1.023195e+00 9.789340e-01 3.755317e-01 -2.956878e+00 5.606169e+00 -6.412324e+00 -3.545318e+00 6.978563e+00 -2.682230e+00 7.871636e-01 8.642225e-01 -4.002079e-01 2.637491e+00 2.956207e-01 -1.953463e+00 -1.951457e-01 
2.855146e+00 8.643736e+00 2.246265e+00 1.298287e+00 2.420420e+00 -9.115639e+00 -6.835433e+00 -1.083397e+00 -8.986114e+00 -1.244723e+01 -3.017843e+00 -7.089235e-01 -1.429199e-01 -4.349303e+00 5.002672e+00 -5.685767e+00 -3.290327e+00 7.586950e+00 4.055462e-02 6.591274e-01 2.597611e-01 1.835414e+00 4.445487e+00 1.165960e-01 -1.036834e+00 -1.735791e-01 
-2.195658e+00 1.151427e+01 -2.215433e+00 -4.555939e+00 9.388689e+00 7.993612e-01 -7.580853e+00 1.595559e+00 -4.445433e+00 5.614450e+00 6.731853e-01 -1.077976e+00 -1.512927e-01 -3.048284e+00 1.090259e+00 -6.248002e+00 -2.286124e+00 4.410274e+00 2.991287e+00 1.086890e+00 9.962137e-01 1.749014e+00 3.725882e+00 -1.603976e-01 -1.255395e+00 -1.008337e-01 
-5.105119e+00 9.265388e+00 1.877182e+00 -2.146155e+00 1.223587e+01 7.382662e+00 -1.123352e+01 -1.274258e+00 1.804875e+00 3.794041e+00 -2.518939e+00 -1.106255e+00 -1.512927e-01 -4.493847e-02 -3.378001e+00 -2.617123e+00 2.627434e-01 -6.091141e-01 3.936799e+00 6.385327e-01 -4.214590e-01 4.576325e-01 -9.460518e-01 -3.313607e-01 -1.813041e+00 2.875884e-02 
-2.355453e+00 -2.625055e-01 -1.005028e+01 -1.039299e+00 2.902938e+00 7.743129e+00 -4.206195e+00 2.575843e-01 -3.637735e+00 -4.487239e+00 -2.074635e+00 -5.099373e+00 -1.244503e-01 1.637676e+00 -2.287438e+00 -5.100905e-01 8.698185e-01 -1.643226e+00 6.848158e-01 1.241743e+00 -1.980775e-01 -2.180702e+00 -4.138565e+00 -2.744081e-01 -1.097623e+00 1.387458e-02 
2.710352e+00 -2.357883e+00 -6.921926e+00 8.536844e-01 2.617725e+00 7.096473e+00 -5.330099e+00 -2.521705e+00 -7.101800e+00 -1.212665e+01 -3.300736e+00 -7.763433e+00 -1.254690e-02 3.748892e-01 7.200508e-02 5.353279e-01 -8.489973e-01 -1.193192e+00 -7.809806e-01 1.761737e+00 -2.401652e-01 -2.620688e+00 -1.493351e+00 3.877700e-01 3.623284e-01 -2.684236e-03 
2.084986e+00 5.888714e+00 -3.663316e-01 -1.706766e+00 5.981633e+00 4.366535e+00 -4.323845e+00 1.228895e+00 -1.089560e+01 -7.118032e+00 -3.079567e-01 -3.237503e+00 -1.512927e-01 -1.856587e+00 1.908177e+00 1.746089e+00 -2.166846e+00 1.200620e+00 8.222418e-02 7.288411e-01 4.407922e-01 1.183592e+00 1.816432e+00 5.657854e-01 6.663703e-01 -1.924305e-02 
-5.450892e+00 6.549803e+00 -2.881532e-01 -6.057408e+00 4.730565e+00 5.166056e+00 -2.366005e+00 -2.960739e+00 -7.669634e+00 -2.357319e+00 -1.463428e+00 -2.255487e-01 -1.512927e-01 -3.247607e+00 1.271205e+00 -5.839435e-01 -2.374827e+00 1.983731e+00 4.864210e-01 1.851864e+00 2.231812e+00 3.126941e+00 4.006774e+00 2.753993e+00 1.968113e+00 -2.774916e-02 
-7.557765e+00 4.824537e+00 -4.636724e+00 -8.417982e+00 7.849619e+00 9.119459e+00 -2.044037e+00 2.681062e+00 2.564141e+00 -2.897422e-01 -1.643620e-01 -5.536464e+00 -1.512927e-01 -2.174136e+00 -2.213159e-01 -2.088273e+00 -1.513572e+00 2.379918e+00 5.489834e-01 1.271982e+00 1.730267e+00 3.109267e+00 3.069754e+00 1.649319e+00 9.675299e-01 0.000000e+00 
-8.706309e+00 4.530228e+00 -7.706449e+00 -7.664845e+00 1.160239e+01 7.152116e+00 2.789317e+00 7.911269e+00 1.803034e+00 4.493077e+00 1.039743e+01 3.226613e+00 -1.512927e-01 1.273257e+00 -1.208853e+00 -8.792993e-01 1.658618e+00 8.786646e-01 -2.447027e+00 6.841226e-01 1.174013e+00 -1.459238e-01 1.603512e-01 1.201297e+00 -5.828465e-01 0.000000e+00 
-7.157985e+00 5.791922e+00 -7.098547e+00 -8.470905e+00 1.444531e+01 6.118421e+00 -5.415981e-01 4.444225e+00 -8.560264e-02 4.805537e+00 2.008209e+00 -1.259346e-01 -1.512927e-01 3.503246e+00 -2.049859e+00 1.603611e+00 3.660035e+00 -1.249177e+00 -4.012814e+00 -3.656937e-01 -6.439026e-01 -3.713548e+00 -2.517066e+00 2.698326e-03 -1.460355e+00 4.138669e-02 
7.155008e-01 2.184725e-02 -3.453738e+00 2.262141e+00 5.826042e+00 -5.568561e+00 3.033885e-01 2.027744e+00 -7.074381e+00 -4.103203e+00 3.456770e+00 -5.845046e+00 -1.512927e-01 2.756776e+00 -9.568132e-01 1.812704e+00 3.648198e+00 -1.751368e+00 -3.057031e+00 -8.948221e-01 -1.525604e+00 -5.171256e+00 -4.661494e+00 -2.532016e+00 -3.764313e+00 2.069334e-02 
5.247559e+00 -3.170568e+00 1.254976e+00 4.918701e+00 4.491904e+00 -4.584271e+00 -2.629541e+00 2.403312e+00 -1.156489e+01 -8.576933e+00 3.319460e+00 -8.302408e+00 5.564076e-02 5.850344e-02 -6.631884e-01 4.711808e-01 1.212322e+00 -1.556901e+00 -1.113513e+00 1.059425e+00 3.075684e-01 -2.502850e+00 -3.434008e+00 -8.351067e-01 -1.977038e+00 0.000000e+00 
-1.125198e+00 4.227407e+00 -2.819688e+00 3.881344e+00 7.822250e+00 -2.781691e+00 -6.408218e-01 1.303708e+00 -1.831360e+01 -1.212316e+01 -2.918273e+00 -1.150671e+01 -1.512927e-01 -2.428311e+00 7.673188e-02 -1.425791e+00 -2.478632e+00 -8.188349e-01 1.549860e+00 2.281957e+00 2.345761e+00 8.800934e-01 -4.451689e-01 -5.798459e-02 8.552723e-01 -2.069334e-02 
-5.945118e+00 3.731995e-01 -5.059668e+00 -3.218894e+00 5.662702e+00 -8.425803e-01 5.227630e+00 6.344085e+00 -6.980245e+00 -8.354527e+00 1.020197e+00 -7.180292e+00 -1.512927e-01 -1.479333e+00 6.756111e-01 -1.441187e+00 -2.126938e+00 -9.752195e-01 7.446203e-01 2.157855e+00 1.464220e+00 2.633941e+00 1.321539e+00 8.401103e-01 2.063717e+00 -4.138669e-02 
-5.829716e+00 -1.366377e+00 -7.425372e+00 -6.062220e+00 1.146469e+00 3.098941e-01 7.784588e+00 1.178616e+01 -4.966238e+00 -6.440250e+00 4.316479e+00 -2.129743e+00 -1.512927e-01 2.729076e+00 -3.616995e-01 3.840648e-01 -2.937900e-01 -1.042144e+00 -9.050223e-01 1.352322e-01 9.959507e-02 2.695391e+00 2.898901e-01 1.265921e+00 1.379518e+00 3.992057e-02 
2.031517e-01 3.004379e+00 -3.648116e+00 -7.442050e-01 2.953697e+00 -2.406962e+00 3.947028e+00 4.483188e+00 -5.068867e+00 -4.810692e+00 3.902636e+00 -2.672307e+00 -1.512927e-01 3.721357e+00 6.738034e-01 8.345498e-01 1.388964e+00 2.123804e-01 -1.402284e+00 -1.746483e+00 -1.761433e+00 -7.167126e-01 -7.556667e-01 -1.161442e+00 -1.026776e+00 3.118174e-02 
9.446046e+00 1.103320e+00 -1.605140e+00 1.175049e+00 3.966033e+00 -6.524612e+00 6.756400e-01 2.732132e+00 -5.792334e+00 -1.244563e+01 1.970112e+00 -6.863116e+00 4.831016e-02 1.651896e+00 -2.064449e-01 -1.865852e-01 7.775904e-01 3.630093e-01 -1.946710e+00 -1.356893e+00 -2.429357e+00 -1.143049e+00 2.668893e-01 -1.883580e+00 -1.156920e+00 5.610728e-03 
5.023785e+00 2.507368e+00 -3.797035e+00 1.072931e-01 5.314822e+00 -4.436745e+00 4.968703e-02 2.063936e+00 -1.015076e+01 -9.130173e+00 -3.613831e+00 -9.947483e+00 -9.518540e-02 -1.076517e+00 -1.727391e+00 -6.093894e-01 3.695455e-01 -1.474626e-01 -8.286448e-01 -1.217865e+00 -8.714477e-01 -1.214487e+00 4.548225e-01 -1.445670e+00 -1.234639e+00 -1.321924e-02 
1.944923e-02 -2.150096e+00 -8.283838e+00 -2.600017e+00 1.780953e+00 -8.408764e+00 2.948793e+00 8.490009e-01 -8.140536e+00 -2.946064e+00 -1.343188e+00 -4.276756e+00 -1.512927e-01 -1.924200e+00 -1.619353e+00 -1.264272e+00 -9.395666e-02 -1.453286e+00 -5.543370e-01 -2.809784e-01 4.541050e-01 -3.712159e-01 5.569523e-01 -1.112665e+00 -6.571345e-01 -3.054173e-02 
-4.661341e-01 -4.005866e+00 -3.355714e+00 2.991055e+00 3.308924e+00 -5.608110e+00 -3.278873e+00 1.067514e+00 -9.967198e+00 -7.286360e+00 -1.669067e+00 -1.013868e+01 -1.175874e-01 -2.272579e-01 -7.455951e-01 -3.053494e-01 6.954743e-01 -8.270629e-01 -5.464943e-01 2.175127e-01 1.867861e+00 1.951742e+00 2.035363e-01 -1.289143e-01 -2.886085e-01 -4.115224e-03 
2.570005e+00 -3.736826e+00 -8.147161e+00 -7.366157e-01 -2.297446e+00 -8.710615e+00 9.350279e-01 5.500868e+00 -7.740194e+00 -1.058277e+01 -4.565593e+00 -1.005319e+01 -9.319746e-02 4.225349e-01 4.488186e-01 4.879054e-01 5.441233e-01 -1.392974e+00 -6.177261e-01 6.459696e-01 1.443366e+00 2.060800e+00 4.716541e-01 -7.695903e-01 -1.263425e+00 -2.041578e-03 
2.612217e+00 -4.272428e-01 -5.392120e+00 2.652964e+00 3.218707e+00 -7.018291e+00 2.144133e+00 9.077309e+00 -5.922209e-01 -4.294138e+00 -2.647199e+00 -8.502309e+00 -1.448091e-01 7.201771e-01 2.563801e-01 9.287753e-01 7.680587e-01 -1.984218e-01 7.753637e-01 1.952437e+00 7.642056e-01 2.606733e+00 2.127890e+00 -8.900539e-01 -1.758174e-01 1.191978e-02 
5.929480e-01 -1.695315e+00 -4.826108e+00 2.896452e-01 -5.138806e+00 -1.079230e+01 3.467138e+00 4.060933e+00 -2.524025e+00 -2.083904e+00 -4.702073e+00 -1.141207e+01 -1.478897e-01 8.029484e-01 -2.934614e-01 2.741524e+00 2.010779e+00 2.215175e+00 2.524968e+00 1.380675e+00 -3.526481e-01 2.502162e+00 1.785054e+00 -1.126861e+00 -8.191794e-01 3.110883e-02 
4.123280e+00 -3.744721e+00 -3.723640e-01 6.318218e+00 3.737495e+00 -6.904469e-01 5.217256e+00 5.608510e+00 4.583813e-01 -8.963435e-01 -6.051096e+00 -1.033833e+01 -3.064239e-02 7.860409e-01 9.016321e-01 1.392692e+00 3.644087e-01 2.117270e+00 2.464693e+00 2.641587e-01 -9.797238e-01 -4.905219e-02 7.079381e-01 9.869552e-01 7.190424e-01 1.401860e-02 
5.829215e+00 -3.545394e+00 3.050580e+00 7.484653e+00 8.519035e+00 7.503047e-01 6.301843e+00 5.472027e+00 4.245312e+00 -3.356396e+00 -8.497952e+00 -1.323108e+01 5.263329e-03 3.333102e-01 1.949563e+00 -4.290283e-02 -4.981441e-01 3.262469e+00 1.739309e+00 -2.341035e+00 -1.543455e+00 -8.087755e-01 7.089483e-01 2.713067e+00 1.446996e+00 -1.274562e-02 
3.924288e+00 5.005958e+00 -2.367003e+00 8.775034e-01 6.976135e+00 -4.661288e-01 2.047574e+00 3.473143e+00 -4.222151e+00 -1.182013e-01 4.185515e+00 -3.997591e+00 -1.512927e-01 -1.162093e+00 1.886508e+00 -1.898848e+00 -3.064946e+00 1.325684e+00 1.083071e+00 -3.160492e+00 -1.339174e+00 8.494234e-02 2.609429e+00 4.563239e+00 2.414713e+00 -3.978566e-02 
2.358995e+00 3.677163e+00 -4.043303e+00 5.192819e-01 9.554216e+00 -2.207919e+00 -6.653197e+00 -2.588657e+00 -4.227637e+00 1.071767e+00 3.744954e+00 -7.347456e+00 -1.512927e-01 -1.543895e+00 8.314451e-01 -2.269314e+00 -3.241828e+00 5.530763e-01 1.757757e+00 -2.697431e+00 -5.588255e-01 1.109023e+00 3.664115e+00 4.474132e+00 2.684002e+00 -3.131120e-02 
4.792404e-02 2.076540e+00 -6.319662e+00 -5.523825e+00 9.848324e+00 6.204018e+00 -4.107683e+00 2.942980e+00 5.119567e+00 9.936719e+00 1.064364e+01 -1.206573e+00 -1.512927e-01 -1.006380e+00 -7.459458e-01 -1.018168e+00 -1.884576e+00 6.038483e-01 2.175223e+00 -9.764999e-01 4.471313e-01 2.803064e+00 2.897479e+00 1.981495e+00 1.172292e+00 0.000000e+00 
