-1.011296e+01 1.390643e+00 6.892040e+00 4.202252e+00 7.892438e+00 3.290646e-01 2.869232e+00 8.819292e+00 -1.301939e-01 -4.877450e-01 2.329826e+00 -5.004772e-01 -1.512927e-01 7.924690e-02 -2.211347e-01 -4.889230e-01 -2.775401e-01 -1.868852e-01 7.154856e-01 -1.593070e-01 -9.592081e-01 8.931322e-02 9.701400e-01 1.187337e+00 1.239149e+00 0.000000e+00 
-8.688483e+00 7.853115e-01 5.256138e+00 2.501961e+00 1.174880e+01 1.679509e-01 8.049619e-01 9.434998e+00 -4.910004e-01 2.593532e+00 4.163910e+00 -3.916624e-01 -1.512927e-01 1.110977e-01 1.214031e-01 -4.704498e-01 -4.281631e-01 -4.032390e-01 1.448261e+00 6.112195e-01 -1.093981e+00 -5.081350e-01 -2.083726e-01 1.308956e+00 1.666846e+00 0.000000e+00 
-1.042896e+01 5.876358e-01 5.265376e+00 3.664698e+00 5.029830e+00 3.987050e+00 3.104832e+00 3.715399e+00 4.967754e-01 2.822316e+00 7.349467e+00 5.640859e+00 -1.512927e-01 2.759285e-02 9.497497e-02 -8.325639e-01 -4.684310e-01 -6.094553e-01 1.550589e+00 1.146861e-01 -1.361389e+00 -2.398945e+00 -2.231391e+00 9.744045e-01 9.468002e-01 0.000000e+00 
-9.399467e+00 2.399163e+00 5.353123e+00 2.330214e+00 7.307548e+00 5.741380e+00 5.807529e+00 5.901335e+00 -2.984353e+00 -3.184639e+00 6.364785e+00 4.763084e+00 -1.512927e-01 -1.070796e+00 -1.688927e-01 -8.014395e-01 6.009089e-01 -4.190743e-01 1.341869e+00 2.524634e-01 -1.172341e+00 -2.681008e+00 -5.837585e-01 1.228602e+00 -8.951634e-01 1.750429e-02 
-9.619500e+00 1.058593e+00 2.680728e+00 1.945971e+00 7.065789e+00 5.295293e+00 9.413786e-01 3.779181e+00 -1.087824e+01 -8.755615e+00 6.101411e+00 1.656151e+00 -1.512927e-01 -4.430132e-01 -2.138948e+00 -5.961068e-01 -4.214739e-01 -1.364452e-01 2.283358e+00 1.669500e+00 -1.944837e-01 1.154669e-01 1.558771e+00 6.847756e-01 -7.473521e-01 1.228067e-02 
-1.444719e+01 -2.946302e-01 2.541265e+00 6.365869e+00 8.635451e+00 6.223175e+00 3.149006e+00 3.541400e+00 -8.208530e+00 5.463706e+00 1.093095e+01 -2.875126e+00 -6.377125e-02 1.066397e-01 -2.248474e+00 2.517380e-01 -1.172939e-01 -1.148816e+00 2.686843e+00 9.315373e-01 -1.010836e+00 1.611452e+00 2.912118e+00 4.793529e-01 -3.523865e-01 1.764262e-03 
-1.012016e+01 -8.760207e+00 3.690772e+00 -4.604992e-01 3.683651e+00 1.516294e+01 1.278160e+01 3.922948e+00 3.686198e+00 6.292000e+00 8.490264e+00 5.723203e+00 -1.336501e-01 9.576458e-01 2.237177e-03 6.010056e-01 2.735814e-01 -1.274760e+00 8.007328e-01 8.955065e-01 1.904928e+00 3.048341e+00 1.143232e+00 -1.875312e-01 -8.306446e-02 -8.752143e-03 
-8.615937e+00 -3.933805e+00 6.106791e+00 2.946980e+00 3.254538e+00 1.424177e+01 4.545107e+00 7.752697e-01 -2.209317e+00 3.852143e+00 7.567123e+00 9.676257e-01 -1.512927e-01 1.388316e+00 1.374725e+00 5.606568e-01 7.937248e-01 -5.375555e-01 -1.365832e+00 -4.969561e-01 3.087401e+00 2.113910e+00 -2.126097e+00 -8.315094e-01 -2.173831e-01 -1.926855e-02 
-7.746898e+00 2.889366e+00 3.902992e+00 5.023322e+00 3.382445e+00 5.289660e+00 4.720860e+00 1.468689e+01 1.363856e+00 -2.233674e+00 6.845667e+00 -6.805472e-01 -1.512927e-01 -7.883644e-03 1.718922e+00 6.011200e-02 1.873847e+00 2.037447e+00 -3.792084e+00 -2.238486e+00 3.273748e+00 6.395903e-01 -1.710421e+00 6.817822e-02 -2.095454e+00 -3.528523e-03 
-8.692245e+00 7.542099e-01 5.238438e+00 7.592582e+00 6.098277e+00 4.330657e+00 4.694593e+00 1.359644e+01 3.522190e+00 -9.039421e-01 7.595698e+00 -7.601665e-01 -1.512927e-01 -5.878130e-01 -7.015238e-02 1.479220e-01 -2.065590e-01 1.781725e+00 -2.495017e+00 -2.358594e+00 9.542031e-01 1.212263e+00 -6.504470e-01 4.020296e-01 -8.386944e-01 0.000000e+00 
-1.012143e+01 -2.509604e+00 4.425508e+00 6.585937e+00 1.244902e+01 1.158078e+00 1.514422e+00 1.388111e+01 4.018396e+00 1.179371e-01 8.816868e+00 -3.890172e+00 -1.512927e-01 -4.461573e-01 -6.303417e-01 -1.058597e-01 -1.261546e+00 2.097440e+00 -6.611227e-01 -2.459873e+00 -2.331482e+00 -4.751501e-01 1.089023e+00 -1.955739e-01 -1.112431e-01 0.000000e+00 
-1.036774e+01 -1.585082e+00 6.585144e+00 1.132878e+00 7.629875e+00 3.832473e+00 -5.644644e+00 5.949176e+00 2.524725e+00 -5.758975e-01 8.591671e+00 -1.621034e+00 -1.512927e-01 -1.162611e-01 3.364676e-01 -8.981462e-01 -1.254635e+00 1.417725e+00 1.171546e-01 -1.069339e+00 -2.041771e+00 -1.071542e+00 2.020454e-01 -8.911167e-01 7.106398e-01 0.000000e+00 
-9.139937e+00 9.073034e-01 2.700341e+00 1.945442e+00 1.310384e+01 2.233139e+00 -2.408888e+00 6.853106e+00 -5.131624e-01 3.047421e+00 5.369811e+00 -8.063288e-01 -1.512927e-01 2.928227e-01 6.447997e-01 -7.671468e-01 -1.443535e-01 1.008111e+00 9.118746e-01 1.605852e-01 -4.753824e-01 -1.206713e+00 -1.666657e+00 -2.386804e+00 5.148541e-01 0.000000e+00 
-9.764295e+00 7.280944e-01 1.610291e+00 3.639654e+00 1.285949e+01 4.378900e+00 1.309555e+00 6.901581e+00 4.302576e-01 -1.358458e+00 4.863643e+00 1.251111e+00 -1.512927e-01 3.632464e-01 5.145394e-01 -7.434975e-01 1.016292e+00 1.165484e+00 8.555796e-01 1.771851e+00 6.662791e-01 -9.777101e-01 -9.523603e-01 -1.222582e+00 2.236867e-01 0.000000e+00 
-8.959035e+00 -4.421933e-01 3.077201e+00 4.610781e+00 1.487477e+01 5.444238e+00 -1.159752e+00 1.102799e+01 -9.679339e-01 -7.824067e+00 -1.253141e+00 -2.751974e+00 -1.512927e-01 4.384666e-01 4.945229e-01 -2.722495e-02 1.143181e+00 -4.513300e-01 1.129166e+00 6.474814e-01 1.007862e+00 -3.671820e-01 -1.645779e-01 -7.520729e-01 1.494238e-01 0.000000e+00 
-8.641957e+00 1.662363e+00 2.679226e+00 4.881668e+00 1.257183e+01 6.504821e+00 2.590042e+00 7.193130e+00 -2.136440e+00 9.804535e-02 5.790237e+00 4.702226e-01 -1.512927e-01 3.961687e-01 5.011226e-01 4.340974e-01 2.326022e-01 -8.253897e-01 -2.321038e-01 -3.741341e-01 -2.032291e-01 -2.138112e-01 5.376636e-01 6.556829e-01 -3.216984e-01 0.000000e+00 
-7.508773e+00 2.912783e+00 2.029749e+00 7.040339e+00 1.099102e+01 6.816007e+00 1.882761e-01 1.174664e+01 -1.065724e+00 1.496281e+00 1.146150e+00 3.312345e-01 -1.512927e-01 3.546904e-01 5.304664e-01 8.894076e-01 -1.090354e-01 -1.416627e+00 -6.922604e-01 -9.063008e-02 -1.990510e+00 -1.580499e-01 4.936347e-02 9.381914e-01 1.802591e-01 0.000000e+00 
-8.508582e+00 1.556219e+00 4.304504e+00 3.587886e+00 1.067441e+01 2.532496e+00 -1.235129e+00 5.526109e+00 -5.899036e-01 -3.330313e+00 6.942411e+00 -1.898986e+00 -1.512927e-01 1.110922e+00 -7.541943e-01 -5.106468e-02 1.793556e-01 -8.275797e-01 -1.496382e+00 -9.504959e-01 -1.405204e+00 -1.485576e+00 -2.105543e+00 -7.342578e-01 -4.181026e-01 0.000000e+00 
-7.252271e+00 2.263211e+00 6.711600e+00 4.712494e+00 8.740343e+00 3.969098e+00 2.996829e-01 1.908950e+00 -2.531451e+00 -5.863070e+00 2.861729e+00 -6.660750e-01 -1.512927e-01 1.675793e+00 -2.614397e+00 -1.376089e+00 -3.436593e-01 -1.765816e+00 -2.172454e+00 -1.707011e-01 -1.277172e+00 -2.586945e+00 -1.957574e+00 5.145985e-01 -2.262484e-01 2.498689e-02 
-3.215601e+00 -1.783822e+00 8.297753e-02 6.942368e+00 9.559272e+00 4.463634e-01 -2.218142e+00 5.085958e+00 -8.831455e+00 -6.749994e+00 1.261158e+00 -1.121635e+00 -1.512927e-01 1.471288e+00 -3.759028e+00 -1.955057e+00 -9.985695e-02 -2.854243e+00 -1.387200e+00 1.803351e+00 -7.692296e-01 -3.092026e+00 1.160372e+00 7.889586e-01 -4.219778e-01 9.493240e-02 
-1.776299e+00 -8.489181e+00 -2.739935e+00 3.644802e+00 2.719511e+00 -3.003197e+00 -1.737230e-01 5.580856e+00 -9.879675e+00 -6.581749e+00 6.559769e+00 -1.188683e+00 -2.635825e-02 5.633420e-01 -3.251289e+00 -8.613175e-01 -1.385603e-01 -1.371945e+00 6.894533e-01 2.117092e-01 -2.076812e+00 -1.797990e+00 2.317387e+00 5.761433e-02 -1.184500e+00 1.472071e-01 
-3.890126e+00 -1.186272e+01 -7.450123e-01 3.622447e+00 -5.863886e-01 -9.173558e-01 8.018327e+00 -1.559923e-01 -1.237592e+01 2.830884e+00 9.038185e+00 -3.747571e+00 2.609021e-01 -8.345430e-01 -2.481499e-01 1.735748e+00 3.703564e-01 3.851339e-01 2.725316e+00 -9.730686e-01 -1.480789e+00 2.256730e+00 3.899350e-01 -1.628489e+00 -7.395889e-01 1.613159e-01 
-4.098298e+00 -8.953786e+00 2.819007e+00 5.679653e+00 6.953448e+00 8.098225e+00 -3.760005e+00 -5.854137e+00 -9.749167e+00 9.334240e-01 -7.387128e-01 -5.275605e+00 3.786454e-01 -1.887401e+00 1.557911e+00 2.239919e+00 8.822907e-01 2.723432e+00 3.692030e+00 -2.449434e+00 6.021386e-01 5.000247e+00 -1.709947e+00 -5.724098e-01 2.052697e+00 1.365737e-01 
-6.227317e+00 -2.792269e+00 5.982244e+00 7.776724e+00 9.367973e+00 8.522234e+00 -5.290343e+00 3.399508e+00 2.386940e+00 -8.557905e+00 -3.232044e+00 -2.776118e+00 4.527849e-01 -2.130584e+00 1.294052e+00 5.138270e-01 -5.789266e-01 2.402446e+00 1.721825e+00 -3.925492e+00 2.793233e+00 4.741014e+00 -2.305396e+00 1.876759e+00 3.076673e+00 8.203124e-02 
-1.004471e+01 -5.234855e+00 5.096033e+00 5.979116e+00 1.135949e+01 1.073716e+01 -5.766555e+00 6.813799e+00 7.740131e+00 -9.437090e+00 9.832834e+00 8.589075e+00 5.605690e-01 -2.242713e+00 -2.794428e-02 -8.590049e-01 -1.005508e+00 5.033873e-01 -4.633822e-01 -9.124843e-01 2.499756e+00 2.727868e+00 -3.882052e-01 4.129649e+00 2.371726e+00 5.460980e-02 
-1.156984e+01 -7.251926e+00 6.856103e-01 5.780828e-01 9.222818e+00 6.372300e+00 -1.060586e+01 7.476203e+00 2.584500e+00 -3.510840e+00 1.313621e+01 4.703454e+00 5.800965e-01 -1.663870e+00 -6.476144e-01 -1.613443e+00 -1.451139e+00 -4.415314e-01 -9.221040e-01 1.350071e-02 7.880551e-01 6.517438e-01 1.806571e+00 1.448849e+00 1.442014e-01 3.374259e-02 
-1.264060e+01 -6.863678e+00 1.172300e+00 4.251432e+00 9.542962e+00 6.856281e+00 -5.664671e+00 4.606297e+00 3.791394e+00 -3.531135e+00 1.172541e+01 2.843238e+00 5.880386e-01 -9.895920e-01 3.988016e-01 -8.029865e-01 6.498215e-02 -6.052707e-01 -5.570203e-01 6.997253e-01 -6.567826e-01 -1.689706e+00 9.494270e-01 -2.731132e+00 -1.006737e+00 1.953065e-02 
-1.324872e+01 -5.215929e+00 -1.231058e-01 1.384872e+00 8.068581e+00 5.852153e+00 -5.273782e+00 8.443535e+00 7.620028e+00 -2.478027e+00 3.065913e+00 8.178073e-01 6.077631e-01 -7.148506e-01 4.843325e-01 -5.899029e-01 1.246771e+00 -3.817089e-01 -6.114271e-01 5.911065e-01 -1.964171e+00 -1.991384e+00 2.658210e-02 -3.196419e+00 -1.308539e+00 1.678967e-02 
-1.415323e+01 -4.258846e+00 1.485458e+00 5.900632e+00 8.910257e+00 8.212130e+00 -4.933966e+00 3.046220e+00 -3.226161e+00 -5.206361e+00 1.212321e+00 5.498216e+00 6.443890e-01 -6.142138e-01 1.031614e-01 -4.469778e-01 1.327956e+00 -2.285320e-01 -8.140013e-01 3.825909e-01 -1.815748e+00 -2.576897e+00 6.237785e-01 -1.294043e+00 -1.101698e+00 1.183448e-02 
-1.438778e+01 -6.132680e+00 -2.420483e+00 5.987337e+00 7.630626e+00 2.637239e+00 -8.015676e+00 -1.564612e+00 -3.863644e+00 -2.540317e+00 2.410656e+00 -3.166729e+00 6.358696e-01 -5.898832e-01 -4.484021e-01 -2.864212e-01 1.210123e+00 -6.845580e-01 -1.900037e+00 -2.789204e-01 -2.935560e+00 -2.606233e+00 5.431695e-01 1.145469e+00 -2.051028e-01 6.799304e-03 
-1.514214e+01 -5.889495e+00 8.609986e-02 8.589977e+00 8.619279e+00 4.393732e+00 -2.380769e+00 5.316288e-01 -3.351254e+00 -3.810978e-01 5.582824e+00 -6.729860e-01 6.331577e-01 4.822113e-01 -3.443675e-02 1.731679e-01 8.429685e-01 -6.492142e-01 -1.888379e+00 -1.611924e-01 -6.512743e-01 -2.038486e-01 1.562533e+00 5.861197e-01 -6.003181e-01 2.478123e-04 
-1.570368e+01 -6.642614e+00 -8.555326e-01 6.090816e+00 4.791280e+00 -1.738833e+00 -7.944983e+00 -4.976967e+00 -5.348592e+00 -2.174811e+00 6.608007e+00 2.877894e+00 6.473752e-01 1.663603e+00 7.495517e-01 -9.579573e-02 2.285493e-01 -1.803306e+00 -9.265173e-01 3.138403e-01 1.451527e+00 1.382178e+00 1.926786e-01 -6.258010e-01 3.568682e-01 -4.253137e-03 
-1.108422e+01 -4.176063e+00 1.568822e+00 1.006374e+01 7.083859e+00 9.582734e-01 -5.775275e+00 1.496025e+00 -3.502930e+00 2.423549e+00 2.044244e+00 -5.256869e-01 6.398753e-01 2.736397e+00 8.919066e-01 -1.186958e+00 -1.567917e+00 -1.859891e+00 -7.208987e-01 7.658352e-01 1.696403e+00 1.358459e+00 -5.056317e-01 -8.249987e-01 -1.650234e+00 -2.816541e-02 
-8.098723e+00 -3.241639e+00 -3.640823e+00 6.393205e+00 -6.181955e-01 -2.776178e-01 -4.749222e+00 5.210825e+00 3.123084e+00 -2.979247e+00 1.050941e+00 -1.456038e+00 6.112452e-01 3.941702e+00 2.247539e+00 -3.034038e-01 -1.294477e+00 -6.383256e-01 1.121793e+00 9.897156e-01 1.171769e+00 6.270267e-01 -1.332012e+00 -1.317365e+00 -1.924536e+00 -6.252006e-02 
-5.262636e+00 -3.130450e+00 -4.456043e+00 5.991974e-01 2.024561e+00 5.863070e-02 -1.494741e-01 3.919749e+00 -7.947998e-01 -2.507038e+00 4.236362e+00 -6.757192e+00 5.103957e-01 6.055465e+00 2.617321e+00 1.235530e+00 -4.230361e+00 -5.828991e+00 2.294296e-01 2.066552e+00 -2.213066e+00 3.753066e-01 -1.607240e+00 -1.558846e+00 -9.368570e-01 -5.992204e-03 
1.094034e+00 4.072273e+00 6.398809e-01 4.350702e+00 4.129301e+00 4.319955e+00 -5.809305e+00 -3.299863e-01 -3.567524e+00 -6.369576e+00 -1.074878e+00 -3.629033e+00 3.995147e-01 6.705215e+00 1.786669e+00 2.728905e+00 -5.009111e+00 -8.660227e+00 -1.925434e-02 2.870823e+00 -5.216496e+00 -5.684404e-02 -4.223007e-01 -2.495264e+00 3.632670e-01 7.847311e-02 
1.459672e+01 5.253588e+00 5.606122e+00 -1.006682e+01 -2.443484e+01 -1.933652e-01 5.087525e+00 -6.798900e+00 1.718906e+00 -3.917487e+00 -4.687075e+00 -4.123475e+00 7.157795e-01 5.226597e+00 3.958058e-01 2.865622e+00 -4.889982e+00 -9.857498e+00 -7.770225e-01 2.498156e+00 -5.653607e+00 1.377835e+00 1.052443e-01 -2.978528e+00 1.506566e+00 1.361815e-01 
1.549767e+01 1.499689e+00 4.972622e+00 -1.331934e+01 -3.068962e+01 -2.478915e-01 6.986395e+00 -1.551233e+01 1.582011e+00 -4.385526e+00 -6.963659e+00 -9.565609e-01 9.009188e-01 2.215562e+00 -7.736567e-01 1.912223e+00 -4.828413e+00 -7.551111e+00 -2.002009e+00 1.743951e+00 -4.420538e+00 1.844869e+00 1.371972e+00 -1.812491e+00 5.357456e-01 1.342665e-01 
1.366853e+01 1.348705e-01 7.705695e+00 -1.501569e+01 -2.985347e+01 -1.542559e+00 5.943455e+00 -1.675712e+01 3.519608e+00 -2.972842e+00 -7.711884e+00 -5.606001e-01 9.406012e-01 -4.582632e-01 -3.053716e-01 1.575196e+00 -1.669833e+00 -1.636617e+00 -1.128381e+00 -2.210920e+00 -1.883584e+00 1.847979e+00 1.055324e+00 -4.449127e-01 -8.110795e-02 5.424740e-02 
1.263594e+01 2.763348e+00 9.151207e+00 -1.731693e+01 -3.091694e+01 -5.015495e+00 2.482487e+00 -1.745357e+01 4.756473e+00 1.796389e-02 -8.624931e+00 -2.731742e+00 9.584364e-01 -3.994907e-01 1.149514e+00 1.814930e+00 -5.405620e-01 -9.877151e-01 -6.713020e-01 -3.054624e+00 1.808727e-01 2.163523e+00 1.653616e+00 4.542312e-01 -1.333254e+00 1.362055e-02 
1.373627e+01 3.094901e+00 1.139281e+01 -1.641719e+01 -3.250427e+01 -3.451469e+00 -3.715121e+00 -1.524620e+01 9.371571e+00 -8.426116e-01 -6.081003e+00 -3.641424e+00 9.582577e-01 -1.572159e-01 1.524095e+00 5.789775e-01 4.000405e-01 -1.120414e+00 -9.060743e-01 -1.998705e+00 -7.152670e-01 1.502235e+00 1.782841e+00 3.647268e-01 -1.943978e+00 5.010092e-03 
1.346635e+01 5.767243e+00 1.220371e+01 -1.532140e+01 -3.430280e+01 -2.649946e+00 -3.457438e+00 -1.536342e+01 9.473646e+00 2.817436e+00 -5.507944e+00 -6.082420e+00 9.601933e-01 2.808740e-01 1.244418e+00 -3.977563e-01 1.629427e+00 -8.180305e-01 -1.116398e+00 2.945631e-01 -9.605614e-01 1.178812e-01 2.718861e+00 -6.987586e-01 -6.768717e-01 2.114868e-03 
1.246725e+01 6.253399e+00 9.074329e+00 -1.401325e+01 -3.376261e+01 -7.255705e+00 -1.080106e+00 -2.137852e+01 8.672197e+00 4.541627e+00 -7.446743e+00 -8.605151e+00 9.647732e-01 2.930759e-01 7.310301e-01 -1.065627e+00 1.693534e+00 -1.641254e-01 -2.094168e+00 1.058286e+00 -1.081248e+00 -1.371623e+00 2.991124e+00 -1.384061e+00 -5.292886e-01 1.402223e-03 
1.467482e+01 7.406190e+00 8.321667e+00 -1.037176e+01 -3.437793e+01 -8.695366e+00 2.637796e+00 -1.919021e+01 5.695566e+00 1.092015e+01 -1.143585e+01 -3.634237e+00 9.657530e-01 3.820932e-01 2.622922e-01 -9.122595e-01 1.543421e+00 2.142353e-01 -2.122666e+00 1.000909e+00 -2.416231e-01 -1.737497e+00 1.983450e+00 -3.918200e-01 -1.331558e-01 1.339257e-04 
1.459741e+01 5.930578e+00 8.005697e+00 -1.042434e+01 -3.328733e+01 -1.089960e+01 -1.471308e+00 -1.873904e+01 4.402498e+00 1.006165e+01 -1.003735e+01 -7.511958e+00 9.624889e-01 2.971515e-01 1.871091e-01 -3.505455e-01 8.249379e-01 -2.556381e-02 -1.319183e+00 4.306974e-01 8.075758e-01 -1.421058e+00 5.749836e-01 1.097607e+00 -6.710542e-01 -1.929820e-03 
1.431173e+01 7.240115e+00 8.176731e+00 -9.398748e+00 -3.346926e+01 -1.144133e+01 1.742708e+00 -1.789128e+01 2.921009e+00 9.974674e+00 -6.171740e+00 -7.294796e+00 9.620050e-01 -2.086424e-01 3.046940e-01 -5.417494e-01 -7.413016e-02 -5.924034e-02 -1.039076e+00 8.173851e-01 3.782133e-01 -1.125581e+00 -9.624701e-01 2.082622e+00 -1.666399e+00 -5.304253e-03 
1.413455e+01 7.271983e+00 7.394070e+00 -1.037507e+01 -3.434476e+01 -1.247864e+01 1.520924e+00 -1.799011e+01 2.954188e+00 7.889283e+00 -4.590766e+00 -1.013014e+01 9.569981e-01 -3.496575e-01 5.868131e-01 -5.300388e-01 -4.346941e-01 1.984856e-01 -8.223244e-01 1.849756e+00 1.200619e+00 -1.348942e+00 -9.730538e-01 1.514471e+00 -9.296638e-01 -9.212648e-03 
1.386304e+01 8.258958e+00 5.918734e+00 -1.076705e+01 -3.414541e+01 -1.310122e+01 5.228605e+00 -1.767361e+01 7.918148e-01 7.193984e+00 -3.746038e+00 -1.065714e+01 9.419771e-01 -2.910015e-01 -4.114722e-01 -7.132850e-01 -5.418049e-01 5.771160e-01 -6.766499e-01 1.689228e+00 1.434962e+00 -1.217548e+00 -1.718122e+00 5.175612e-01 -3.757373e-01 -9.881860e-03 
1.307347e+01 8.355222e+00 6.484502e+00 -1.191366e+01 -3.195683e+01 -1.418127e+01 6.034523e+00 -1.284478e+01 -1.277614e+00 6.586729e+00 -3.677848e+00 -1.047910e+01 9.264396e-01 -3.567003e-01 -1.324303e+00 -1.276543e+00 -1.336462e-01 8.203369e-01 5.609654e-01 2.110172e+00 2.128560e+00 -1.547882e+00 -2.439171e+00 -1.266098e-01 1.433466e+00 -1.304090e-03 
1.338727e+01 4.641135e+00 5.065090e+00 -1.133848e+01 -3.177765e+01 -1.397326e+01 7.932048e+00 -1.328913e+01 -1.050829e+00 2.035340e+00 -4.040393e+00 -8.999002e+00 9.278749e-01 -3.317344e-01 -1.972534e+00 -1.913152e+00 1.318952e-01 1.043549e+00 1.655983e+00 1.734004e+00 2.487921e+00 -1.112263e+00 -3.674248e+00 -3.598327e-01 3.056449e+00 7.602274e-03 
1.258894e+01 2.459380e+00 1.438176e+00 -1.075759e+01 -3.142696e+01 -9.237795e+00 1.072006e+01 -9.539550e+00 -3.863899e+00 -1.727253e+00 -5.076638e+00 -3.791882e+00 9.575287e-01 -2.988195e-01 -1.891742e+00 -2.383086e+00 6.575845e-01 1.588015e+00 1.121675e+00 1.227061e+00 2.081296e+00 -6.558617e-01 -3.896390e+00 -8.529302e-01 5.041125e+00 1.060146e-02 
1.244664e+01 1.344210e+00 -1.123865e+00 -1.068561e+01 -2.919260e+01 -7.293047e+00 1.155586e+01 -6.886625e+00 -3.476356e+00 -7.020266e+00 -4.845807e+00 1.281493e+00 9.644440e-01 -2.325833e-01 -1.248880e+00 -3.071158e+00 1.057896e+00 2.945862e+00 1.832591e-01 3.791417e-01 2.372054e+00 -5.618989e-01 -2.725524e+00 -1.199673e+00 5.370662e+00 1.478838e-02 
1.204969e+01 5.449716e-01 -2.336450e+00 -8.952171e+00 -2.530927e+01 -1.191300e+01 1.035792e+01 -5.639556e+00 -3.344159e+00 -8.367416e+00 -7.539793e+00 9.586272e+00 9.611624e-01 -3.504827e-02 -5.314521e-01 -3.266557e+00 1.098825e+00 3.917102e+00 -8.426169e-01 -5.857456e-01 1.883125e+00 1.702668e-01 -1.110475e+00 -1.643381e+00 4.096969e+00 6.878084e-03 
1.249397e+01 -6.460628e-01 -8.403389e+00 -6.951705e+00 -2.010718e+01 -1.171936e+01 1.000883e+01 -3.378865e+00 -4.120193e+00 -8.272199e+00 -8.807182e+00 1.116523e+01 1.000000e+00 -4.811366e-02 -2.118535e-01 -3.294279e+00 1.520271e+00 4.424644e+00 -1.438482e-01 -1.392652e+00 1.068892e+00 3.146924e-01 1.021787e+00 -2.314531e+00 2.478575e+00 -4.030532e-03 
1.239003e+01 7.972560e-01 -1.125484e+01 -7.130414e+00 -1.638416e+01 -1.123772e+01 8.564849e+00 -1.877807e+00 -2.690646e+00 -6.653661e+00 -1.131285e+01 1.175109e+01 9.741411e-01 5.774837e-02 -3.207420e-01 -2.875203e+00 1.526127e+00 4.024766e+00 1.269306e+00 -2.053877e+00 5.264406e-02 5.969965e-01 2.147154e+00 -2.145856e+00 1.170392e+00 -8.047735e-03 
1.203590e+01 1.588007e-01 -1.313606e+01 -3.995135e+00 -1.153193e+01 -8.349930e+00 5.489133e+00 -3.423040e+00 -2.229651e+00 -2.768211e+00 -1.453193e+01 1.259196e+01 9.378020e-01 4.425969e-01 -9.955025e-01 -1.663086e+00 9.326269e-01 3.906168e+00 1.470970e+00 -2.497554e+00 -1.501100e+00 1.097595e+00 2.785077e+00 -2.069785e+00 1.346390e+00 -8.405691e-03 
1.256747e+01 -1.461170e+00 -1.434613e+01 -2.799824e+00 -9.473066e+00 -7.251188e+00 2.348382e+00 -5.354248e+00 -1.304448e+00 -3.836396e-01 -1.540670e+01 1.472487e+01 9.520227e-01 8.556641e-01 -1.165570e+00 -1.391397e+00 5.256968e-01 3.584793e+00 7.067356e-01 -2.428106e+00 -1.740652e+00 1.549296e+00 2.980796e+00 -1.661245e+00 6.141201e-01 -4.501522e-03 
1.461824e+01 -4.494362e+00 -1.517318e+01 -4.453866e+00 -4.031888e+00 -6.357779e+00 6.292913e-01 -9.146143e+00 6.746845e-01 2.518175e+00 -1.710918e+01 1.641029e+01 9.690307e-01 1.147290e+00 -5.826007e-01 -1.385595e+00 -1.296560e-01 2.539909e+00 5.262032e-01 -1.950048e+00 -1.078219e+00 1.747967e+00 1.665242e+00 2.689344e-01 -5.008031e-01 -4.570293e-03 
1.537718e+01 -2.704011e+00 -1.719327e+01 -4.272565e+00 -2.210223e+00 -8.700119e+00 -1.145761e+00 -7.719517e+00 3.603665e+00 5.607128e+00 -1.833045e+01 1.291253e+01 9.360191e-01 1.024815e+00 1.797001e-01 -1.652619e+00 -1.829205e-02 2.046746e+00 7.083193e-01 -1.339577e+00 2.746344e-02 8.717923e-02 1.970729e+00 1.005493e+00 -1.822910e+00 -1.290344e-02 
1.636749e+01 -2.132782e+00 -1.864046e+01 -3.907045e+00 -2.463812e+00 -4.994448e+00 -2.514036e+00 -7.631501e+00 4.056126e+00 2.562615e+00 -1.172538e+01 1.099412e+01 9.229523e-01 4.831837e-01 6.430976e-01 -1.371897e+00 2.690726e-01 1.495265e+00 7.572006e-01 -7.946651e-01 2.162885e-01 -4.682711e-01 1.435889e+00 1.660138e+00 -2.573246e+00 -2.358159e-02 
1.681691e+01 -1.743460e+00 -2.087558e+01 -3.164695e+00 -2.337456e-02 -4.391257e+00 -2.777838e+00 -5.974252e+00 -2.559273e+00 9.447783e+00 -1.307113e+01 8.318408e+00 9.105448e-01 2.013870e-01 -1.895416e-01 8.272819e-02 4.742654e-01 1.462886e+00 9.630408e-01 3.193869e-01 -7.384781e-01 2.000719e-01 1.312878e+00 5.603331e-01 -2.213510e+00 -3.804454e-02 
1.631429e+01 -1.759150e+00 -2.019151e+01 -3.662438e+00 2.351014e+00 -4.726207e+00 -2.527996e+00 -8.937333e+00 1.414798e+00 7.777290e+00 -1.143815e+01 5.841121e+00 8.638600e-01 -2.243792e-01 -7.217402e-01 1.439208e+00 7.771745e-01 1.400415e+00 7.020501e-01 6.763062e-01 -1.204579e+00 1.505881e+00 1.611500e+00 -1.024621e+00 -1.861176e+00 -4.983871e-02 
1.641071e+01 -3.838535e+00 -1.600411e+01 -2.023541e+00 2.696793e+00 -4.019036e+00 4.581532e-01 -1.075899e+01 5.924689e+00 9.564180e+00 -1.567240e+01 4.421474e+00 7.753426e-01 -1.791865e-01 -6.737977e-01 1.761095e+00 1.222634e+00 1.050423e+00 1.305720e+00 9.974375e-01 -1.323024e+00 2.541158e+00 -4.537263e-01 -9.337046e-01 -8.553632e-01 -4.932938e-02 
1.544870e+01 -4.693946e+00 -1.388016e+01 -5.917490e-01 3.178181e+00 -1.670308e+00 -7.505009e-01 -1.126202e+01 7.343549e+00 1.056192e+01 -1.554785e+01 3.636705e+00 7.413598e-01 -3.393658e-01 9.934684e-01 1.215733e+00 1.666890e+00 2.291318e+00 9.950829e-01 3.128010e-01 5.306875e-01 1.128224e+00 -7.444280e-01 -7.179257e-01 -1.105624e+00 -7.206572e-02 
1.635378e+01 -3.645050e+00 -1.522578e+01 1.413133e+00 4.815155e+00 6.093934e-01 1.320603e+00 -1.142703e+01 7.182142e+00 5.786838e+00 -1.568481e+01 5.143800e+00 7.251479e-01 -1.128474e+00 1.876870e+00 1.606144e+00 2.244734e+00 4.388047e+00 6.461576e-01 -2.812497e-01 9.737878e-01 -6.470072e-01 -8.428196e-01 1.079006e+00 -2.066411e+00 -1.134201e-01 
1.464593e+01 3.111450e+00 -1.450201e+01 2.953677e+00 1.274842e+01 -2.065008e+00 -1.395216e+00 -5.949878e+00 6.427194e+00 5.943821e+00 -1.502158e+01 -4.816115e-02 5.286287e-01 -1.861879e+00 4.505433e-01 1.313137e+00 1.607167e+00 5.046509e+00 8.317581e-01 5.590684e-01 1.707661e+00 -1.268203e+00 -1.019665e+00 2.283977e+00 -2.464551e+00 -1.283560e-01 
1.116973e+01 1.643115e+00 -7.662466e+00 7.427417e+00 1.985191e+01 -5.908978e-01 -6.257379e-01 -8.546125e+00 3.147830e+00 7.659131e+00 -1.054051e+01 -4.068146e+00 3.146077e-01 -2.410948e+00 -1.822960e+00 5.954684e-01 -2.484237e-01 2.675933e+00 2.051975e-01 -2.763075e-01 1.602385e+00 -1.515609e+00 -9.832638e-01 3.389524e+00 -2.712027e+00 -1.148706e-01 
8.731329e+00 -5.085312e+00 -1.109613e+01 4.436946e+00 2.089235e+01 3.088628e+00 3.018011e+00 -4.164169e+00 3.019689e+00 4.527446e+00 -6.700116e+00 -4.080080e+00 3.048499e-01 -1.892792e+00 -3.766122e+00 -4.079397e-01 -1.029091e+00 -1.076130e+00 9.763511e-01 -7.649208e-01 7.570640e-01 -1.320456e+00 -2.005126e+00 3.327053e+00 -2.214524e+00 -7.478669e-02 
7.256337e+00 -8.661469e+00 -1.395138e+01 -5.706202e-01 1.412286e+01 -9.414370e-01 -2.267548e+00 -4.307956e+00 1.307847e+00 1.578707e+00 -2.897916e+00 -6.400374e+00 2.626844e-01 -1.116223e+00 -2.724585e+00 -1.723188e+00 -2.275224e+00 -4.238616e+00 -6.719916e-01 -1.449484e+00 2.782283e+00 -6.973411e-01 -2.745639e+00 1.250281e+00 -1.702362e+00 -5.960037e-02 
7.138659e+00 -1.056687e+01 -1.339725e+01 1.807240e+00 1.023230e+01 2.992017e+00 -4.398914e+00 -4.283643e+00 7.449064e-01 -1.041595e+00 -2.207608e+00 -9.954669e+00 1.806569e-01 -6.778433e-01 3.632782e-01 6.343689e-02 -7.989210e-01 -2.894199e+00 -9.425419e-01 -2.204413e+00 3.076419e+00 -4.329094e-01 -2.478578e+00 -9.387201e-01 -1.720251e+00 -8.877026e-02 
6.384946e+00 -9.239031e+00 -1.512785e+01 -2.633851e+00 3.988854e+00 -3.902550e+00 -4.164695e+00 5.425027e+00 7.985163e-01 -3.284544e+00 -6.535360e+00 -9.642660e+00 7.870233e-02 -9.656711e-01 2.410101e+00 2.342429e+00 5.353441e-01 -7.350076e-01 -1.003484e+00 -1.376420e+00 3.654308e+00 1.526775e+00 -9.297139e-01 -7.099199e-01 3.729644e-01 -1.049879e-01 
5.777808e+00 -2.980141e+00 -1.019071e+01 1.473957e+00 1.148836e+01 -1.435246e-01 -7.055482e+00 6.351433e+00 1.109807e+00 -5.433818e+00 -9.574995e+00 -1.106019e+01 -4.701030e-02 -1.338349e+00 3.619893e+00 3.506591e+00 9.215050e-01 2.906241e-01 -1.137755e+00 -1.459059e+00 2.095955e+00 2.112787e+00 7.909795e-01 1.178108e+00 3.102452e+00 -8.910229e-02 
3.108408e+00 -4.043263e-01 -3.842500e+00 2.272742e+00 9.819789e+00 -4.391089e+00 -7.821365e+00 8.646045e+00 8.759272e+00 -8.737514e-01 -2.763823e+00 -3.982790e+00 -1.484214e-01 -1.851088e+00 3.209891e+00 4.342261e+00 1.106678e+00 5.739728e-01 1.456577e+00 1.210606e+00 1.030499e+00 6.875206e-01 1.504533e+00 3.886952e+00 2.850534e+00 -5.642724e-02 
2.085186e+00 3.115243e+00 -1.506967e+00 3.961469e+00 8.769949e+00 -2.452489e+00 -9.865874e+00 4.585622e+00 7.328464e+00 1.707906e+00 1.797166e+00 2.727656e+00 -1.512927e-01 -2.233668e+00 1.646812e+00 3.505009e+00 -2.504546e-01 -1.450595e+00 1.466722e+00 3.353463e+00 6.065819e-01 -2.149708e+00 4.817423e-01 4.474124e+00 2.606690e+00 -2.114360e-02 
-1.024184e+00 3.762732e+00 2.241588e+00 1.655785e+00 8.217922e+00 4.534817e+00 3.293529e+00 1.146043e+01 1.126791e+00 6.672602e-01 7.213320e+00 -2.283915e+00 -1.512927e-01 -2.162009e+00 5.896552e-01 1.489446e+00 -6.839307e-01 -1.036071e+00 1.278627e+00 2.990988e+00 2.057268e-01 -3.599155e+00 -2.870192e-01 2.228338e+00 1.175936e+00 -5.742550e-04 
-3.324234e+00 3.170388e+00 4.292290e+00 5.301622e-01 5.036315e+00 2.727131e+00 4.154387e+00 7.977152e+00 -5.822492e+00 -3.795612e+00 7.807056e+00 1.123821e+00 -1.512927e-01 -1.791518e+00 2.413819e-01 9.361265e-01 1.924444e-01 5.118374e-01 1.222872e+00 1.551759e+00 -7.183494e-02 -2.424087e+00 1.217603e+00 9.706980e-01 5.129361e-01 0.000000e+00 
-4.996924e+00 2.516377e+00 7.051017e-01 5.687422e-01 6.506253e+00 -5.877622e-01 1.234462e-01 7.978913e+00 -2.661027e+00 4.429121e-01 5.372920e+00 2.698806e+00 -1.512927e-01 -9.405850e-01 2.331129e-01 2.648075e-01 3.521808e-01 8.391687e-01 1.858130e-02 -1.990423e+00 -1.559692e+00 -6.375316e-01 9.255048e-01 2.353787e-01 1.076119e+00 0.000000e+00 
-4.886034e+00 4.945330e+00 3.941909e+00 5.467212e+00 1.218497e+01 6.223162e+00 -5.220373e-01 5.967204e+00 -2.898063e+00 7.908098e+00 7.570856e+00 2.800976e+00 -1.512927e-01 -5.810748e-01 -1.555209e-01 1.334734e-01 9.064151e-01 8.844793e-01 -6.669067e-01 -2.611275e+00 -1.112709e+00 7.195795e-01 -6.524424e-02 -2.992487e-02 3.224560e-01 0.000000e+00 
-4.946209e+00 4.040826e+00 3.740816e+00 9.481640e-01 8.839438e+00 2.879708e+00 -4.320374e+00 4.666944e+00 -3.523082e+00 -5.570707e-01 8.508313e+00 2.258101e+00 -1.512927e-01 -7.127355e-01 -1.435106e-01 3.397377e-01 7.046024e-01 2.412307e-01 -7.621158e-01 -1.654685e+00 7.096198e-01 1.091197e+00 -7.231342e-01 3.369579e-01 -1.002138e+00 0.000000e+00 
-6.254966e+00 1.630559e+00 3.441800e+00 4.872527e+00 8.292120e+00 -2.341137e+00 -6.680081e+00 4.069590e+00 -1.793567e+00 -3.621842e+00 6.089735e+00 2.956453e+00 -1.512927e-01 -7.839822e-01 -6.323867e-01 -6.656483e-01 1.848225e-01 -8.588451e-01 -1.482477e+00 -5.414626e-01 8.847615e-01 8.338801e-01 -2.003712e+00 -2.597938e-02 -6.932145e-01 0.000000e+00 
-7.876136e+00 3.456209e+00 2.653845e+00 4.389097e+00 9.658832e+00 -1.161921e-01 -5.070957e+00 1.247582e+01 2.242711e+00 2.592211e+00 7.798270e+00 -2.389623e+00 -1.512927e-01 -4.252502e-01 -3.081004e-01 -7.277949e-01 3.811460e-01 -2.100713e-01 -2.895671e-01 5.240501e-01 7.477733e-01 6.525261e-01 6.501524e-01 5.380937e-01 3.624845e-01 0.000000e+00 
-7.340981e+00 2.075704e+00 1.157153e+00 4.670858e+00 7.481049e+00 3.087270e-01 -2.854059e+00 6.486573e+00 -1.611559e+00 -3.685102e+00 7.795980e+00 1.658765e+00 -1.512927e-01 -9.116860e-02 -2.541029e-01 2.537986e-01 -3.802520e-01 -1.666623e-01 7.064983e-01 1.637919e+00 4.892843e-01 1.117479e+00 9.838451e-01 3.362361e-01 1.093471e+00 0.000000e+00 
-6.529452e+00 2.277751e+00 1.244165e+00 2.954728e+00 8.194617e+00 1.069405e-01 -3.613134e+00 7.197319e+00 -3.514555e-01 2.725321e+00 1.034566e+01 4.719367e+00 -1.512927e-01 -1.246939e-01 -4.724004e-01 2.169309e-01 -5.422767e-01 2.434526e-01 6.320237e-01 1.520819e+00 -9.465911e-01 2.566026e-01 9.746215e-01 -7.218192e-01 1.499223e+00 0.000000e+00 
-7.384151e+00 9.492736e-01 5.415633e+00 3.688451e+00 8.190915e+00 1.079788e+00 7.806015e-01 9.155262e+00 5.090909e+00 1.230828e+00 6.497221e+00 4.869315e+00 -1.512927e-01 -3.350477e-01 -5.397107e-01 8.053557e-01 3.281635e-01 6.792575e-01 3.564061e-01 1.949564e-01 -7.186178e-01 -2.972953e-02 1.491259e+00 -9.380495e-01 -3.771397e-01 0.000000e+00 
-8.478021e+00 1.657423e+00 1.609259e+00 2.168917e+00 1.052116e+01 2.658396e+00 7.158067e-01 6.408520e+00 1.744897e-01 5.007353e+00 4.838553e+00 3.501218e+00 -1.512927e-01 -4.733275e-01 -4.389950e-02 6.131825e-01 6.418118e-01 1.039720e+00 6.719941e-01 8.907310e-01 -2.931746e-01 -1.602594e+00 -1.731040e-01 -3.594192e-01 -1.060443e+00 0.000000e+00 
-8.041936e+00 -3.126851e-01 5.001385e+00 6.704581e+00 9.714064e+00 8.150299e-01 -4.043748e+00 3.287884e+00 -2.023179e+00 2.630179e+00 5.859285e+00 3.821409e-01 -1.512927e-01 -1.286064e-01 6.294789e-01 2.206335e-01 -6.238509e-01 1.949970e-01 7.045300e-01 4.085110e-01 1.143041e-01 -1.071155e+00 -7.073283e-01 -7.106266e-02 -7.514538e-01 0.000000e+00 
-8.567197e+00 2.689233e+00 4.517201e+00 4.655722e+00 1.263164e+01 3.599290e+00 3.252695e+00 8.665135e+00 -4.807379e+00 1.160126e+00 8.867531e+00 1.660741e+00 -1.512927e-01 2.109749e-01 2.236487e-01 2.714191e-01 -1.185717e+00 -1.421153e+00 -2.016515e-01 6.909094e-02 2.586874e-01 1.433949e-01 -1.946783e+00 -3.939562e-01 -1.479301e+00 0.000000e+00 
-7.982594e+00 3.580763e+00 5.064830e+00 -6.742066e-01 8.110659e+00 4.131991e+00 1.554713e+00 8.598475e+00 2.226070e+00 -3.821993e-01 4.127419e+00 2.032284e+00 -1.512927e-01 6.500965e-01 6.564583e-01 -4.763255e-01 -1.919176e+00 -1.497329e+00 -3.231658e-01 -9.612573e-01 -6.383290e-01 5.521713e-01 -2.080449e+00 -5.161222e-01 -5.420796e-01 0.000000e+00 
-7.452817e+00 8.289425e-01 2.934632e+00 -7.027483e-02 4.217100e+00 -8.342028e-03 -1.737969e+00 5.046661e+00 -1.233161e+00 -3.220375e+00 3.734706e+00 -4.720357e+00 -1.512927e-01 5.729372e-01 -1.642992e-01 -1.089840e-01 1.402548e-01 -1.141553e+00 -9.044626e-01 -1.930099e+00 -1.797567e+00 -6.775281e-01 -1.768142e+00 -4.515650e-01 -1.366008e-01 0.000000e+00 
-5.348643e+00 3.899752e+00 3.411042e+00 -5.282981e-01 6.434693e+00 1.003017e+00 -6.354702e+00 1.905475e+00 -1.049432e+00 -5.581816e+00 5.845087e+00 8.622919e-01 -1.512927e-01 4.475300e-01 5.793264e-02 -1.359381e-01 9.955887e-01 1.548117e-01 -3.995203e-01 -4.562448e-01 -4.253098e-01 -2.294093e+00 -4.814920e-01 5.585662e-01 -1.534792e-01 0.000000e+00 
-7.019486e+00 1.708243e+00 4.799175e+00 5.284042e+00 7.761862e+00 6.414635e-01 -2.443091e+00 3.023798e+00 -6.557268e+00 -5.080774e+00 5.750872e+00 1.562733e+00 -1.512927e-01 2.295578e-01 4.804441e-01 2.207052e-01 4.921821e-01 7.885004e-01 3.650672e-01 7.439148e-01 1.096548e+00 -9.057847e-01 5.965651e-01 9.225143e-01 5.413066e-01 0.000000e+00 
-5.961610e+00 3.430776e+00 3.452868e+00 1.626578e+00 7.112336e+00 1.809486e+00 -3.739500e-01 7.483356e+00 -6.582339e+00 -1.859460e+00 5.912167e+00 -1.876657e+00 -1.512927e-01 -2.096288e-01 -1.238339e-01 9.558147e-02 3.025742e-01 1.077237e+00 1.252533e+00 1.392073e+00 3.117033e-01 -8.241785e-02 8.723680e-01 1.116068e-01 -1.436735e+00 0.000000e+00 
-5.998545e+00 3.465651e+00 4.017245e+00 1.313197e+00 7.820780e+00 1.413759e+00 -1.008770e+00 7.740462e+00 -2.995631e+00 -2.098728e+00 8.313738e+00 -6.443495e-01 -1.512927e-01 7.362365e-05 2.868790e-01 9.963952e-02 9.394832e-02 1.148971e+00 1.226854e+00 1.060146e-01 -3.278380e-02 1.519953e+00 6.624362e-01 -1.965211e-01 -3.955979e-01 0.000000e+00 
-6.907258e+00 2.401878e+00 4.279914e+00 2.969995e+00 1.179142e+01 6.879536e+00 -1.114969e-01 1.105660e+00 -3.242340e+00 -2.710999e+00 5.121688e+00 -5.217844e+00 -1.512927e-01 -1.952283e-01 1.410476e-01 3.630795e-01 1.424748e+00 1.512478e+00 1.561038e+00 4.219828e-01 4.354914e-01 6.220623e-01 -3.350026e-01 -4.002604e-01 -5.225081e-01 0.000000e+00 
-6.546294e+00 3.657087e+00 4.883850e+00 5.082075e+00 1.116718e+01 4.240707e+00 -2.044245e+00 6.048727e+00 -6.275032e-01 -1.342824e+00 5.163506e+00 1.255337e+00 -1.512927e-01 -2.903501e-01 -6.121874e-03 2.163497e-01 5.425186e-02 2.953372e-02 9.331589e-01 1.165850e+00 1.028509e+00 9.973313e-01 2.394688e-01 -8.941816e-01 -6.560954e-01 0.000000e+00 
-6.663877e+00 4.040296e+00 4.834963e+00 6.865878e+00 1.300153e+01 8.201202e+00 2.253701e+00 1.050668e+01 -4.656092e+00 -3.912425e+00 5.485981e+00 -5.439041e+00 -1.512927e-01 -2.355148e-01 -6.133454e-02 1.020729e-01 -1.211252e+00 -1.265983e+00 -1.743620e-01 1.318089e+00 1.628744e+00 1.520589e+00 5.862808e-01 -4.424832e-01 -2.262333e-01 0.000000e+00 
-7.571986e+00 2.615833e+00 4.821469e+00 -3.634849e-01 7.363394e+00 5.418720e+00 3.637882e+00 8.182495e+00 2.697902e+00 -3.006709e-01 3.660683e+00 -3.814228e+00 -1.512927e-01 -2.959494e-01 -3.506972e-01 -1.382551e-02 -1.812048e+00 -1.324569e+00 -4.264583e-02 1.274843e+00 1.943351e-01 1.400480e+00 5.696059e-01 -4.830943e-01 -8.514317e-01 0.000000e+00 
