-8.727472e+00 7.671983e+00 -2.774644e+00 -4.148911e+00 -9.321406e-01 -1.413397e+00 5.294936e+00 1.618533e-01 2.760491e+00 9.782741e+00 6.074717e+00 9.201357e-01 -1.454930e-01 3.213380e-01 -2.382865e-01 -1.867951e-01 7.288869e-01 1.322262e+00 -5.587788e-01 -3.413691e-01 -1.076843e-01 -9.191685e-01 -1.322965e+00 -1.135518e+00 1.619040e+00 -1.739895e-03 
-8.058767e+00 7.532956e+00 -3.157606e+00 -2.109865e+00 3.643926e+00 -1.980376e+00 6.360014e+00 -1.846712e-01 -1.631769e+00 5.265085e+00 6.466577e+00 7.385445e+00 -1.512927e-01 6.281229e-01 -2.654937e-01 -1.684457e-01 5.821604e-01 2.216221e+00 3.722733e-01 2.854218e-01 1.204364e+00 -7.371475e-01 -1.589948e+00 -1.227998e+00 1.545626e+00 -1.739895e-03 
-7.455136e+00 6.550064e+00 -3.517138e+00 -1.523999e+00 3.391138e+00 -3.923802e+00 3.055551e+00 -2.033057e-01 3.607795e-01 5.426744e+00 2.011971e-01 5.782682e+00 -1.512927e-01 6.249469e-01 -4.881416e-01 1.212650e-01 1.646594e-01 1.532424e+00 1.254404e+00 -4.263454e-01 1.651554e+00 -3.016526e-01 -7.451513e-01 -5.846610e-01 4.283750e-01 -1.159930e-03 
-6.223027e+00 6.905474e+00 -3.245625e+00 -2.550565e+00 7.987325e+00 1.703172e+00 7.841737e+00 6.366252e+00 2.746094e-01 4.011001e+00 2.871483e+00 6.216993e+00 -1.512927e-01 1.998561e-01 -7.304949e-01 4.247528e-01 6.370207e-01 -7.986969e-02 4.720326e-01 -1.104333e+00 1.351323e+00 9.285351e-01 9.020658e-01 -2.187811e-01 -1.770842e+00 0.000000e+00 
-6.520608e+00 5.545015e+00 -2.124309e+00 -3.105264e+00 4.558280e+00 3.016848e+00 2.422347e+00 5.144162e+00 2.990391e-01 6.684026e+00 4.948958e+00 3.646237e+00 -1.512927e-01 6.304884e-02 -1.819098e-02 5.299999e-01 1.237088e+00 -5.251182e-01 6.136614e-01 -1.172985e+00 -3.952347e-01 4.129704e-01 1.054393e+00 6.615070e-01 -1.183763e+00 4.833984e-03 
-7.526750e+00 4.383006e+00 -1.730256e+00 1.865871e+00 2.661007e+00 -3.090538e+00 1.154953e+00 3.898212e+00 3.041776e+00 9.146773e+00 2.998790e+00 -4.005405e-01 -1.512927e-01 -3.729334e-02 1.318798e-01 9.906662e-02 1.108171e+00 -1.146414e+00 -3.219022e-01 -1.996417e+00 -1.866903e+00 6.251817e-01 1.547621e+00 8.790388e-01 -2.535150e-01 2.416992e-03 
-6.488030e+00 7.720343e+00 -1.624823e+00 2.453223e+00 3.428705e+00 1.541359e+00 5.340161e-01 -9.454596e-01 1.042048e+00 8.130823e+00 3.445079e+00 3.172634e+00 -1.271228e-01 2.462873e-01 3.608026e-01 -2.139765e-01 7.995281e-01 -9.333754e-02 -5.358506e-01 -3.763656e-01 -1.127028e+00 -1.602257e-01 5.056139e-01 8.949596e-01 2.107083e-01 0.000000e+00 
-6.425783e+00 6.477209e+00 -3.000035e+00 2.110476e-01 2.820044e+00 8.314053e-01 -1.196183e+00 7.654953e-02 3.029013e+00 1.102571e+01 8.018618e+00 5.186219e+00 -1.512927e-01 3.751240e-02 2.701904e-01 -8.123908e-01 -8.584257e-01 2.728415e-01 2.733568e-01 7.245626e-01 3.325781e-01 -1.108779e+00 4.475828e-01 1.919285e+00 1.973265e+00 3.730273e-03 
-5.839655e+00 6.301927e+00 -2.559302e+00 1.719788e+00 4.012074e+00 -1.623376e+00 1.716087e+00 1.419852e+00 -4.957080e-01 8.272629e+00 6.913843e+00 1.906399e+00 -1.512927e-01 -3.057417e-01 -4.219015e-01 -5.316148e-01 -6.556391e-01 3.099123e-01 4.565540e-01 1.917610e+00 1.044465e+00 -3.518848e-01 -3.539355e-02 1.059393e+00 1.683747e+00 -1.760352e-03 
-7.663375e+00 6.443166e+00 -5.324971e+00 -2.059540e+00 3.733531e+00 -1.413860e-01 4.186730e+00 4.378448e+00 -1.733239e+00 1.131378e+01 1.086083e+01 1.009890e+01 -1.205564e-01 -2.391819e-01 -3.911534e-01 -6.190949e-02 -2.289396e-01 -4.395860e-01 2.231377e-01 1.523350e+00 2.745222e-01 -2.991880e-01 -7.392488e-01 -6.660939e-01 9.668223e-01 3.269005e-03 
-7.397942e+00 5.627857e+00 -3.120430e+00 3.103220e-01 4.521523e+00 4.310525e+00 7.430609e+00 2.125915e+00 1.663751e+00 7.809816e+00 7.320934e+00 9.135028e+00 -1.512927e-01 1.330748e-02 -6.195070e-01 -3.638796e-01 -3.150925e-01 -9.168027e-01 5.273859e-01 4.686956e-01 -1.909672e-01 8.329867e-01 1.944898e-01 -1.390149e+00 -4.234073e-01 6.158948e-04 
-6.842549e+00 4.858477e+00 -3.029019e+00 -2.289174e-01 3.673890e-01 -1.019857e+00 3.563303e+00 1.096129e+00 4.533443e-01 7.560870e+00 4.484602e+00 6.406015e+00 -1.349477e-01 4.430552e-01 -2.657210e-01 6.936661e-01 9.674374e-01 -7.495899e-01 2.892962e-01 -9.356213e-01 -1.019275e-01 1.409947e+00 -9.603918e-02 -1.894869e+00 -2.981619e+00 -5.119753e-03 
-6.183531e+00 3.996736e+00 -5.526676e+00 -7.709852e-01 1.111131e+00 1.452789e+00 4.371279e+00 2.106175e+00 2.575933e+00 1.112154e+01 3.151214e+00 1.635805e+00 -1.410176e-01 2.510812e-01 -1.726349e-01 -1.112007e-01 1.453249e-01 -9.408746e-01 -4.788612e-01 -1.341499e+00 -5.713553e-01 -3.799439e-01 -9.628895e-01 -1.227910e+00 -2.534804e+00 -1.634502e-03 
-6.055305e+00 5.930121e+00 -6.535170e-01 3.318301e+00 1.690777e+00 2.733963e+00 1.038289e+00 3.878680e+00 4.860405e+00 9.177730e+00 3.471350e+00 -1.059581e+00 -1.512927e-01 -2.663723e-01 3.726915e-02 -3.070545e-03 1.577432e-01 2.914732e-01 -2.177526e-01 -1.378129e+00 -1.463456e+00 -9.715352e-01 -3.537799e-01 2.107134e-01 -1.101213e+00 -2.282977e-03 
-6.536158e+00 4.228860e+00 -4.864184e+00 -7.366626e-01 -8.445437e-01 3.930902e-02 1.985623e+00 -2.122138e+00 -2.439499e+00 2.186939e+00 1.688011e+00 1.938058e-01 -1.512927e-01 -4.810460e-01 1.688770e-02 4.275426e-01 -4.614434e-01 1.299024e+00 -1.565713e-01 -1.542985e+00 -1.018861e+00 -8.649763e-01 -5.972797e-01 -6.362278e-01 -9.778582e-01 -1.046228e-03 
-7.998097e+00 4.928761e+00 -3.375618e+00 5.426373e-01 2.802592e+00 -1.401880e+00 -2.134512e+00 -4.106997e+00 -1.896616e+00 1.025927e+01 6.269771e+00 1.620950e+00 -1.412250e-01 -3.580719e-01 -2.279989e-01 -6.741346e-01 -1.807010e+00 2.392484e-01 -3.818582e-01 1.460118e-02 -9.949879e-02 -1.203540e+00 6.935392e-01 2.980038e-01 4.537215e-02 1.054299e-03 
-7.617365e+00 4.581855e+00 -2.027913e+00 -1.690371e+00 7.050342e+00 2.737854e+00 -1.757244e+00 1.004709e+00 1.629562e+00 7.594368e+00 -1.429136e+00 -4.593751e+00 -1.512825e-01 -5.245466e-02 -3.268574e-01 -8.053889e-02 -3.815521e-01 3.656263e-01 -6.630150e-01 -2.944857e-01 1.710862e+00 5.987929e-01 7.756439e-01 2.471194e-01 -2.314427e-01 3.475475e-03 
-7.305061e+00 4.613629e+00 -5.442325e+00 -5.239895e+00 -1.060424e+00 -5.246005e-01 2.982728e+00 1.817763e+00 -3.191825e+00 9.941711e+00 6.519941e+00 1.561058e+00 -1.460263e-01 5.943691e-01 -3.043439e-01 -4.179996e-01 1.807679e-01 -8.418703e-01 -1.026271e+00 1.194676e+00 1.033515e+00 1.336757e-01 1.318530e-01 7.868733e-02 4.251847e-01 -3.675222e-05 
-7.144949e+00 2.752139e+00 -4.233525e+00 2.468429e-01 2.915096e+00 -3.714406e+00 -2.045426e+00 3.469794e+00 1.202070e+00 6.223937e+00 2.798522e+00 -9.334621e-01 -1.315147e-01 -8.109147e-01 3.142661e-01 -4.967637e-01 6.894503e-01 -1.575236e+00 -1.006575e+00 1.313408e+00 -2.829408e-01 4.653946e-01 2.965337e-01 6.616906e-01 7.822598e-01 5.574074e-02 
-5.262459e+00 4.321899e+00 -4.362810e+00 4.778702e-01 6.608639e-01 -3.307102e+00 3.982959e+00 -1.719639e-01 -1.014491e+00 1.160375e+01 4.549378e+00 1.916729e+00 -1.512927e-01 -2.207656e+00 -1.026151e-01 4.415015e-01 2.183034e+00 -4.575662e-01 -6.148669e-01 7.764071e-01 7.515942e-01 2.610385e+00 4.153363e-01 -6.188143e-01 -9.112482e-01 9.945182e-02 
-1.269324e+01 6.299050e+00 -5.051489e+00 -1.102002e+00 -1.686483e+00 -9.037728e-01 4.309682e+00 5.848682e-01 2.867868e+00 8.246017e+00 2.864599e+00 -8.602877e-01 1.300544e-01 -1.352647e+00 -1.490656e+00 1.105137e+00 2.283492e+00 -1.376813e+00 -4.078308e-01 5.310606e-01 1.247564e+00 2.274492e+00 -8.466774e-01 -5.027379e-01 -1.105186e+00 6.405382e-02 
-1.556920e+01 2.327098e+00 -2.825835e+00 6.349700e+00 -1.047466e+00 -5.004251e+00 3.687210e+00 7.018197e+00 9.027202e+00 1.100735e+01 3.392831e+00 -3.031770e+00 2.204483e-01 -2.592021e-01 -5.696868e-01 -2.252886e-01 1.182842e+00 -1.955028e-02 6.496620e-01 5.602564e-01 1.743134e+00 1.068258e+00 -2.137379e+00 -4.144674e-01 -1.668396e-01 1.175395e-02 
-8.754816e+00 -3.703742e+00 5.236712e-01 8.728388e+00 -3.114805e+00 -4.904985e+00 7.577515e-01 6.112535e+00 7.553685e+00 2.288748e+00 8.631063e-01 -3.985140e+00 2.883911e-03 2.137575e+00 -2.455595e-01 -2.314713e-01 4.457512e-01 1.087180e+00 7.856069e-02 -1.608477e-02 -2.103905e-01 -2.353435e+00 -8.265261e-02 3.770973e-01 7.699870e-01 -7.666814e-02 
-8.527681e+00 6.474860e+00 -8.276834e+00 1.476888e+00 1.277273e+00 1.941814e+00 8.560206e+00 5.779874e+00 1.983892e+00 3.895489e+00 3.477787e+00 2.644957e+00 -2.893770e-02 2.219095e+00 1.128071e+00 -2.471275e-01 -1.703582e+00 1.362143e+00 1.369377e+00 1.627454e-01 -9.072941e-01 -2.467833e+00 7.453922e-01 1.049179e+00 1.443799e+00 -8.466206e-02 
-5.526121e+00 2.997372e+00 -3.483346e+00 3.563161e+00 2.587050e+00 -3.984002e+00 1.792760e+00 1.520770e-01 -5.377650e+00 1.138869e+01 4.707607e+00 1.512836e-01 -1.285933e-01 4.347534e-01 1.525967e+00 -3.010330e-02 -1.135179e+00 2.039826e+00 1.915836e+00 6.089672e-01 -1.413040e+00 -2.120886e+00 1.341498e+00 1.260009e+00 9.277943e-01 -3.485972e-02 
-6.088070e+00 4.616895e+00 -2.057964e+00 4.144053e-01 2.912320e+00 1.382142e+00 3.983433e+00 5.461956e+00 3.153705e+00 1.018435e+01 6.716475e+00 2.119011e+00 -1.371233e-01 -9.250593e-02 1.471645e-01 1.168124e+00 -5.612155e-01 6.742886e-01 1.078617e+00 -3.921859e-01 -1.715905e+00 -1.653809e+00 -5.102404e-01 5.344695e-01 -2.810093e-01 -2.004669e-02 
-7.800854e+00 4.855076e+00 -2.736280e+00 3.583735e+00 6.266803e+00 4.954031e+00 6.090974e+00 -7.937040e-01 -3.635649e+00 5.851810e+00 5.543808e+00 9.168037e-01 -1.173218e-01 -9.272604e-01 4.868295e-01 1.952586e-01 -1.804851e+00 -6.149967e-01 1.717889e-01 1.255342e+00 5.558025e-01 -1.307281e+00 -1.713840e+00 -1.075979e-01 5.765812e-01 8.142346e-02 
-7.852845e+00 6.281830e+00 -2.809747e+00 -1.339477e+00 2.808840e+00 2.865883e+00 4.450170e+00 -2.326759e+00 -7.156152e+00 4.112725e+00 5.732035e+00 8.571506e-01 -1.348069e-01 -4.539934e-01 -2.779923e-01 2.607198e-01 -1.874513e+00 -1.430900e+00 -2.341589e+00 1.052823e+00 1.049081e+00 -2.415254e+00 -1.010753e+00 -3.963689e-01 9.326021e-01 1.507249e-01 
-9.280035e+00 4.599051e+00 -2.131162e+00 -4.584154e+00 -4.361928e-01 -3.866928e+00 7.836101e+00 6.825447e+00 -6.759129e+00 5.855297e+00 4.661838e+00 3.665120e+00 2.773657e-01 1.033334e+00 -1.111235e+00 6.114608e-01 -1.811496e+00 -2.180769e+00 -2.897418e+00 9.892360e-01 3.522308e+00 -3.391972e-01 1.145661e+00 1.266139e+00 1.051368e+00 9.976199e-02 
-7.618447e+00 3.354945e+00 -1.056924e+00 -4.874217e+00 -8.906844e-01 -5.915322e+00 8.374987e+00 6.897785e+00 -7.360826e+00 5.128837e+00 5.175615e+00 5.407864e+00 4.191576e-01 9.213184e-01 2.856013e-01 1.425191e-01 -5.716093e-01 -1.073254e+00 -9.732758e-01 1.124387e-01 3.117623e+00 1.492303e-01 1.009322e+00 3.057486e-01 2.148691e+00 1.136470e-02 
-2.751381e+00 7.623429e-01 -5.553874e-01 -3.706377e+00 -2.787283e+00 -5.142457e+00 9.074746e+00 1.220557e+01 -5.229298e+00 1.107206e+01 1.215271e+01 3.898286e+00 1.045059e-01 3.494864e-02 8.852624e-01 6.231741e-01 4.133086e-01 1.575935e-01 5.425283e-01 -2.262310e+00 1.293710e-01 6.135597e-01 -7.746931e-01 7.169882e-01 3.857792e-01 -1.132114e-01 
-6.510580e+00 9.628191e+00 -2.885039e+00 -4.636412e+00 -1.381887e+00 -1.362732e+00 4.393041e+00 1.057130e+01 -7.174915e+00 6.550952e+00 3.515342e+00 1.148402e+01 8.446574e-03 -8.747366e-01 9.505437e-01 3.792118e-01 4.912122e-01 5.488313e-01 1.563515e+00 -1.626549e+00 -9.363653e-01 8.196318e-01 -1.066014e+00 9.420142e-01 3.157638e-02 -1.230590e-01 
-9.659225e+00 5.888741e+00 1.898766e+00 -2.636514e+00 5.973761e-01 -3.430582e+00 -1.484475e+00 5.635545e+00 -3.784286e+00 1.270774e+00 9.076916e+00 2.555938e+00 -8.333576e-02 -9.155124e-01 1.264058e+00 -3.886412e-01 1.205089e+00 1.745089e+00 2.156609e+00 -3.575838e-01 -2.120610e+00 1.930483e+00 -8.451122e-01 -9.768572e-02 -5.181466e-01 -6.041901e-02 
-8.538208e+00 5.544465e+00 -3.879417e-01 -2.953087e+00 1.611426e-01 1.046317e+00 5.521850e+00 5.500968e+00 -3.985174e+00 4.699409e+00 1.142358e+01 6.236920e+00 -1.022164e-01 6.985739e-01 6.614853e-01 -3.113416e-01 1.381705e+00 1.184824e+00 1.715869e+00 1.488258e+00 -1.012561e+00 3.895020e+00 1.679051e+00 -3.451300e-01 -1.960965e+00 -3.309723e-02 
-6.315130e+00 9.124498e+00 -3.747142e+00 1.477406e+00 5.166645e+00 4.436066e+00 6.722422e+00 4.137682e+00 2.828245e+00 7.772269e+00 7.710162e+00 3.931104e+00 -1.422577e-01 1.299398e+00 9.662086e-01 -6.073245e-01 1.417771e+00 3.676760e-01 3.145815e-01 1.471923e+00 6.120220e-01 3.072544e+00 2.184592e+00 -1.994303e+00 4.343424e-01 -1.078687e-02 
-4.689758e+00 1.131774e+01 -1.618793e+00 2.151537e-01 2.257596e+00 3.283289e+00 7.730880e+00 6.257425e+00 8.993917e+00 1.169546e+01 2.473069e+00 9.916144e-01 -1.275786e-01 8.419597e-01 -1.255074e-01 7.878971e-03 2.085257e+00 6.853539e-01 -8.085195e-01 -4.327041e-01 -7.835445e-01 9.138052e-01 -1.724700e-01 -2.233599e+00 -1.317799e+00 -3.040314e-03 
-5.086462e+00 7.833147e+00 -5.224311e-01 2.868220e+00 1.387529e+00 -2.976161e+00 4.770622e+00 8.317427e+00 5.088890e+00 8.695710e+00 3.580657e+00 7.350303e+00 -1.245890e-01 3.194275e-01 -1.629634e+00 7.211427e-01 1.654315e+00 -1.610475e-01 -1.849255e+00 -1.105973e+00 -1.344865e+00 -2.415351e+00 -2.230494e+00 -1.674611e+00 -1.544390e+00 4.421330e-03 
-4.942743e+00 5.562603e+00 -1.960902e+00 6.777792e+00 5.477470e+00 7.098323e-01 4.334229e+00 -5.066264e-01 -5.464700e-01 3.375338e+00 2.320339e+00 -2.061674e+00 -1.262523e-01 -2.354479e-01 -1.856417e+00 7.933277e-01 2.117984e+00 -4.697192e-02 -1.288004e+00 -1.117289e+00 -1.864880e+00 -3.797250e+00 -2.882071e+00 1.271739e-02 -3.753833e-01 5.888927e-03 
-4.591500e+00 3.853898e+00 2.962661e-02 6.467661e+00 2.751471e+00 -3.523479e+00 2.890882e+00 7.953809e-01 -4.478315e+00 7.798610e-01 -5.865293e-01 -2.264202e+00 -1.208142e-01 -2.384878e-01 -1.143092e+00 1.159786e+00 1.125394e+00 -9.339682e-01 1.040448e-01 -1.398237e-02 -1.740331e+00 -1.668937e+00 -1.159166e+00 4.322507e-02 -7.850519e-01 1.130050e-02 
-6.114479e+00 4.025278e+00 2.071817e+00 9.005352e+00 1.340766e+00 -2.883071e+00 3.084303e+00 6.940467e-01 -5.208728e+00 1.243027e+00 4.620249e+00 3.921950e+00 -1.000214e-01 1.521167e+00 1.197275e+00 2.284689e+00 5.837855e-01 -1.862299e+00 -8.883828e-01 -1.045152e+00 -2.384737e+00 -1.464835e+00 8.628193e-01 -5.154151e-01 -7.562125e-02 5.196427e-02 
-5.693034e+00 2.886351e+00 3.260138e+00 7.381408e+00 -1.213959e+00 -6.594851e-01 5.325673e+00 -9.845655e-01 -9.246676e-01 3.966035e+00 2.646828e+00 4.332307e-01 -8.120191e-02 4.032678e+00 1.396786e+00 1.319178e+00 3.795451e-01 -1.883810e+00 -1.102881e+00 -1.971490e+00 -4.374147e+00 -2.496439e+00 2.387815e-01 -1.566506e+00 -1.098976e+00 1.352091e-01 
3.213858e+00 1.203275e+01 7.847291e+00 9.239846e+00 -1.851308e+00 -5.164079e+00 -2.108928e+00 -1.154034e+01 -9.647467e+00 6.096348e+00 -1.873415e+00 -3.788496e+00 1.137629e-01 5.320050e+00 -2.156554e-01 9.432408e-01 -1.392115e-01 -2.930720e+00 -1.525208e+00 -3.577145e+00 -4.541592e+00 -3.349714e+00 -5.359254e-01 -2.005760e+00 -2.721375e+00 1.832180e-01 
1.090772e+01 6.834093e+00 3.737779e+00 8.248139e+00 -5.071541e+00 -7.897378e+00 -4.369951e+00 -1.495816e+01 -1.474114e+01 -4.528918e-01 -5.172229e+00 -3.903856e+00 4.483392e-01 4.483897e+00 -1.209222e+00 8.542202e-01 -1.702174e-01 -2.480181e+00 -1.852081e+00 -3.443785e+00 -3.551231e+00 -2.198007e+00 1.756405e-01 -4.259164e-01 -2.914035e+00 1.751918e-01 
1.218539e+01 9.731300e-01 6.549199e+00 7.875929e+00 -1.138404e+01 -6.890162e+00 -9.953611e+00 -1.502711e+01 -1.504906e+01 7.728639e-01 -1.499024e+00 -7.516384e+00 5.512979e-01 2.041263e+00 -2.696361e+00 2.291162e-01 -4.898258e-01 -2.356465e+00 -1.369497e+00 -1.612228e+00 -1.459045e+00 1.104952e+00 3.435388e-01 6.524986e-01 -2.880845e+00 1.087951e-01 
1.224069e+01 2.370051e+00 8.180284e+00 7.212279e+00 -8.848496e+00 -9.056846e+00 -7.970911e+00 -1.699733e+01 -9.213906e+00 7.505980e+00 3.300509e-01 -1.227300e+01 5.759898e-01 5.943396e-01 -1.352630e+00 7.566369e-01 -1.292900e-01 -1.138744e+00 -1.021221e+00 -1.170551e+00 5.967129e-01 2.706363e+00 8.641154e-01 5.568326e-01 -1.746085e+00 3.576245e-02 
1.275369e+01 7.829690e-01 6.771619e+00 7.308647e+00 -1.174515e+01 -1.143183e+01 -8.369589e+00 -1.781598e+01 -6.886325e+00 3.834605e+00 -1.362062e+00 -1.400815e+01 5.939132e-01 -4.915898e-01 -1.470585e+00 7.471777e-01 -3.377588e+00 -1.115769e-01 4.445581e-01 -9.938934e-01 4.849412e+00 1.773051e+00 -1.914333e+00 -2.111716e+00 1.009805e+00 2.516702e-02 
1.359527e+01 1.660213e-01 7.409754e+00 7.885330e+00 -1.058471e+01 -1.073265e+01 -1.101472e+01 -1.058016e+01 -5.290694e+00 2.336814e+00 -2.456548e+00 -9.388397e+00 6.058438e-01 -1.313453e+00 -2.766668e+00 1.703427e-01 -5.172235e+00 -1.039950e+00 2.421600e+00 -1.352280e+00 7.603822e+00 2.279486e-01 -4.157771e+00 -1.769322e+00 2.486222e+00 5.230076e-02 
9.050152e+00 -5.277783e+00 1.067035e+01 -9.348538e+00 -1.107382e+01 -3.829470e+00 -1.340118e+01 6.011362e+00 -8.145411e+00 -6.214216e+00 -1.066430e+01 -3.909661e+00 6.622061e-01 -1.890117e+00 -3.131099e+00 -1.014685e+00 -5.056352e+00 -6.211693e-01 3.683263e+00 -5.078443e-01 7.471910e+00 4.444700e-01 -4.189363e+00 -4.787572e-01 1.549955e+00 7.618244e-02 
7.525190e+00 -8.432913e+00 7.082631e+00 -1.032030e+01 -1.438391e+01 -7.500281e-01 -1.221652e+01 9.108109e+00 -7.444620e+00 -8.258461e+00 -3.865438e+00 -4.891135e+00 8.033472e-01 -1.831480e+00 -3.000496e+00 -2.323525e+00 -3.087919e+00 -2.824803e-01 3.423231e+00 5.986918e-01 3.283467e+00 1.625662e+00 -3.352399e+00 5.472679e-02 -6.440572e-01 8.355716e-02 
6.338150e+00 -1.057306e+01 1.861757e+00 -8.870295e+00 -1.295140e+01 1.993176e+00 -1.030791e+01 9.699436e+00 -3.587012e+00 -1.181457e+01 -3.051403e+00 -8.507008e+00 8.760737e-01 -7.558837e-01 -2.108889e+00 -2.707206e+00 4.447958e-01 1.405165e+00 1.821928e+00 1.217250e+00 -1.375348e+00 3.330774e+00 -1.055669e+00 7.033339e-01 -1.943178e+00 6.888433e-02 
5.793872e+00 -1.218882e+01 1.964273e-01 -7.793388e+00 -1.105832e+01 3.472180e+00 -9.567890e+00 3.993134e+00 5.584162e-01 -1.162500e+01 -5.989364e+00 -1.031001e+01 9.166958e-01 -3.327374e-01 -1.776936e+00 -1.633466e+00 4.078398e-01 2.626488e+00 1.325979e+00 2.432747e-01 -3.134145e+00 3.759772e+00 1.360493e-01 -1.153619e+00 -1.319009e+00 4.263254e-02 
6.136393e+00 -1.394427e+01 5.774221e-01 -8.388017e+00 -5.710796e+00 3.169066e+00 -8.639242e+00 1.692108e+00 4.506942e+00 -9.809288e+00 -6.085671e+00 -1.091611e+01 9.499534e-01 -5.165411e-02 -1.260302e+00 -9.215422e-01 2.174293e-01 2.732005e+00 9.992306e-01 -8.363886e-01 -3.534870e+00 3.223385e+00 1.511731e+00 -1.575760e+00 1.342672e-01 2.952393e-02 
5.962382e+00 -1.563198e+01 -4.425342e-01 -8.522243e+00 -4.871775e+00 5.291921e+00 -1.183448e+01 -2.558950e+00 7.307262e+00 -8.580858e+00 -8.116396e+00 -1.028163e+01 9.795700e-01 6.816027e-02 -7.335272e-01 -9.029022e-01 2.060854e-01 2.627333e+00 1.125088e+00 -1.112440e+00 -3.023561e+00 2.926184e+00 1.688491e+00 -6.509956e-01 7.031624e-01 2.084916e-02 
5.995625e+00 -1.515299e+01 -2.426473e+00 -7.418720e+00 -2.384644e+00 6.079458e+00 -1.335656e+01 -4.698873e+00 9.155490e+00 -5.777989e+00 -9.866688e+00 -7.849863e+00 9.922562e-01 -3.675686e-02 2.646751e-02 -1.177499e+00 4.657284e-01 2.006562e+00 1.382782e+00 -9.499350e-01 -2.724544e+00 2.301645e+00 1.771173e+00 -2.117776e-01 8.255895e-01 1.203133e-02 
6.205058e+00 -1.525210e+01 -2.816137e+00 -7.247609e+00 4.152699e-01 7.642425e+00 -1.277143e+01 -7.929180e+00 1.286506e+01 -5.198197e+00 -7.353834e+00 -8.327324e+00 9.997902e-01 -1.180556e-01 7.929596e-01 -1.222000e+00 3.829760e-01 2.001047e+00 8.447941e-01 3.020439e-02 -2.638366e+00 1.989252e+00 1.185770e+00 8.159539e-01 7.403252e-01 5.852103e-04 
5.831271e+00 -1.400188e+01 -4.123271e+00 -6.696692e+00 1.678492e+00 8.907726e+00 -1.292044e+01 -9.245499e+00 1.323627e+01 -2.644751e+00 -7.525840e+00 -7.765318e+00 1.000000e+00 -1.661711e-02 9.625645e-01 -8.403438e-01 4.891491e-03 1.718965e+00 8.309825e-01 2.773056e-01 -2.577146e+00 2.240419e+00 -7.642059e-02 1.763423e+00 6.079394e-01 -7.648522e-03 
5.454281e+00 -1.224274e+01 -5.704137e+00 -6.968378e+00 3.101891e+00 8.101757e+00 -1.190152e+01 -1.347747e+01 1.521313e+01 -4.218628e+00 -5.207051e+00 -6.622272e+00 9.786242e-01 4.281815e-02 9.293181e-01 -5.855258e-01 -3.512801e-01 1.376590e+00 3.079767e-01 2.685314e-01 -2.277119e+00 1.917208e+00 -6.790916e-01 1.051324e+00 1.288518e+00 -1.590725e-02 
6.287928e+00 -1.184484e+01 -5.184191e+00 -7.533878e+00 4.866871e+00 1.000470e+01 -1.240499e+01 -1.481046e+01 1.918355e+01 -6.649876e+00 -2.122965e+00 -5.662691e+00 9.645966e-01 8.037765e-02 8.767340e-01 -3.397655e-01 -3.430896e-01 1.249533e+00 -1.212967e-01 6.263269e-01 -1.796561e+00 1.923127e+00 -9.661681e-01 5.482708e-01 1.561079e+00 -2.231098e-02 
6.190820e+00 -1.168403e+01 -5.213305e+00 -8.585416e+00 5.704028e+00 8.633820e+00 -1.168650e+01 -1.653229e+01 1.947746e+01 -6.591093e+00 -4.798649e+00 -2.936048e+00 9.379557e-01 8.320396e-02 8.550200e-01 -5.433636e-02 -3.999372e-01 1.429708e+00 -3.050562e-01 1.092422e+00 -9.956961e-01 1.352659e+00 -6.489307e-01 1.650076e-02 1.589835e+00 -2.536063e-02 
5.864889e+00 -9.897564e+00 -6.067514e+00 -7.603621e+00 6.625087e+00 8.035212e+00 -9.896311e+00 -1.670089e+01 2.071974e+01 -6.289360e+00 -4.988687e+00 -1.803038e+00 9.087793e-01 -1.747440e-01 7.811161e-01 -2.552083e-01 -6.498537e-02 1.102529e+00 -8.767889e-01 1.422907e+00 -4.678308e-01 7.243082e-01 -8.483890e-01 -2.494426e-01 1.060240e+00 -2.610611e-02 
6.081820e+00 -8.941280e+00 -5.534158e+00 -8.933192e+00 9.371325e+00 7.561222e+00 -7.693744e+00 -1.751073e+01 2.120834e+01 -7.643540e+00 -3.691686e+00 -6.029220e-01 8.797296e-01 -1.799246e-01 5.083995e-01 -1.082071e-01 3.887237e-01 6.055228e-01 -4.794825e-01 1.271860e+00 2.567331e-01 3.362673e-01 -1.081476e+00 1.421375e-01 6.207216e-01 -1.595099e-02 
5.468708e+00 -9.310638e+00 -6.299807e+00 -7.684917e+00 8.545866e+00 6.157059e+00 -7.286832e+00 -1.666039e+01 2.193965e+01 -1.036560e+01 -3.923660e+00 -1.528055e+00 8.631790e-01 -1.283133e-01 -2.111665e-01 2.984626e-01 3.725671e-01 4.197524e-01 -6.832927e-01 1.098762e+00 1.044305e+00 -2.920715e-01 -1.485432e+00 -2.830898e-01 3.053023e-01 -1.152241e-03 
5.489287e+00 -9.435493e+00 -5.638195e+00 -6.601150e+00 7.771253e+00 7.175484e+00 -6.631941e+00 -1.526888e+01 2.054884e+01 -9.960356e+00 -4.620475e+00 3.006929e-02 8.810009e-01 -3.005293e-01 -3.943236e-01 7.449487e-01 6.127223e-01 -1.190961e-01 -7.402153e-01 9.768494e-01 2.044798e+00 -5.945568e-01 -1.484419e+00 -6.495301e-01 -1.376317e-02 4.228693e-03 
5.519589e+00 -1.070629e+01 -4.523182e+00 -6.906807e+00 9.523885e+00 4.811618e+00 -4.933401e+00 -1.260029e+01 1.958913e+01 -1.255811e+01 -5.939742e+00 -5.930220e-01 9.023825e-01 -3.822530e-01 -4.600684e-01 1.218299e+00 5.835193e-01 -2.140251e-01 -7.724342e-01 7.380412e-01 3.277360e+00 -1.327360e+00 -1.131465e+00 -9.658511e-01 3.649248e-01 3.515279e-03 
4.553733e+00 -1.021507e+01 -2.697726e+00 -6.258636e+00 8.286835e+00 4.532866e+00 -3.986213e+00 -9.316797e+00 1.941081e+01 -1.396938e+01 -5.931296e+00 -1.139254e+00 8.812714e-01 -6.181387e-01 -5.597930e-01 1.432606e+00 6.474538e-01 -8.637918e-01 -7.342461e-01 5.610666e-01 3.859377e+00 -1.817350e+00 -1.006036e+00 -5.994807e-01 3.120045e-01 -6.263715e-03 
4.025220e+00 -1.122119e+01 -1.678546e+00 -4.938577e+00 7.217949e+00 3.616196e+00 -4.919490e+00 -3.249631e+00 1.587187e+01 -1.401841e+01 -8.097506e+00 8.812310e-01 8.806202e-01 -6.463126e-01 -4.921145e-01 1.675163e+00 5.987190e-01 -1.712762e+00 -3.556466e-01 8.357118e-01 3.801663e+00 -2.642394e+00 -3.133791e-01 -1.453280e-01 7.880344e-01 -1.435412e-02 
3.145778e+00 -1.197701e+01 1.025158e-01 -4.347995e+00 4.605261e+00 4.101964e+00 -3.833563e+00 -6.473184e-01 1.332072e+01 -1.426038e+01 -6.538997e+00 8.529654e-01 8.605635e-01 -1.759761e-01 -7.002436e-01 1.986963e+00 3.186754e-01 -2.195044e+00 -3.411731e-01 2.001658e+00 3.235568e+00 -3.295388e+00 1.172476e-01 6.271054e-01 6.388099e-01 -2.100857e-02 
2.992003e+00 -1.228589e+01 2.452511e+00 -4.868532e+00 2.800864e+00 3.248836e+00 -8.311667e-01 2.073285e+00 9.422207e+00 -1.397950e+01 -6.362531e+00 2.351040e+00 8.409659e-01 2.489606e-01 -5.582895e-01 2.016617e+00 5.861449e-03 -3.111556e+00 9.993220e-03 3.049790e+00 2.242809e+00 -3.452843e+00 4.969202e-01 1.685938e+00 -1.339521e-01 -3.143590e-02 
4.190461e+00 -1.318394e+01 5.171562e+00 -4.700282e+00 -4.798434e-01 3.010681e+00 3.977915e+00 4.199585e+00 6.158703e+00 -1.340259e+01 -3.663256e+00 1.319891e+00 7.960557e-01 7.511563e-01 -4.773895e-01 2.122059e+00 -3.302305e-01 -3.988278e+00 7.590488e-01 3.297605e+00 1.837604e+00 -4.084252e+00 2.144066e+00 1.969675e+00 -1.062275e+00 -3.472093e-02 
4.747682e+00 -1.340917e+01 5.870015e+00 -4.733127e+00 -5.797280e+00 4.211803e+00 6.423718e+00 5.540961e+00 2.188661e+00 -1.196270e+01 -1.105686e+00 -2.199233e-02 7.556946e-01 5.546101e-01 -1.826935e-02 2.177965e+00 -6.835996e-01 -4.525582e+00 2.285633e+00 2.706505e+00 1.383521e+00 -4.769954e+00 3.795178e+00 2.156626e+00 -1.934100e+00 -2.894543e-02 
6.023721e+00 -1.380232e+01 9.004057e+00 -6.066850e+00 -1.103706e+01 7.415724e+00 9.027017e+00 6.806863e+00 -3.483768e+00 -4.548452e+00 6.809559e-01 -3.271895e+00 7.295945e-01 2.507833e-01 5.883631e-01 2.198342e+00 -1.244136e+00 -4.155893e+00 2.828823e+00 2.025541e+00 6.695207e-01 -4.676946e+00 4.019605e+00 1.994841e+00 -2.052315e+00 -1.951341e-02 
4.848424e+00 -1.206805e+01 1.142609e+01 -7.603246e+00 -1.454844e+01 1.247448e+01 1.017681e+01 7.687251e+00 -9.606329e+00 5.693159e-01 2.248492e+00 -5.023569e+00 7.294693e-01 1.459517e-01 1.142135e+00 2.170604e+00 -1.587520e+00 -2.684059e+00 2.455787e+00 1.705734e+00 -2.889422e-01 -3.839060e+00 3.576631e+00 1.294135e+00 -1.405883e+00 -1.824725e-02 
5.394006e+00 -1.091268e+01 1.338523e+01 -9.485900e+00 -1.688373e+01 1.302346e+01 1.222907e+01 6.474045e+00 -1.132853e+01 4.294176e-01 4.633860e+00 -6.440899e+00 7.116013e-01 -1.508608e-01 1.793674e+00 1.391091e+00 -1.330650e+00 -1.038922e+00 1.044508e+00 1.484446e+00 -1.034373e+00 -2.661548e+00 2.167853e+00 9.309328e-01 -7.163205e-01 -2.214914e-02 
5.792298e+00 -9.143316e+00 1.453245e+01 -1.096120e+01 -1.629424e+01 1.368687e+01 1.335136e+01 4.262660e+00 -1.308426e+01 3.431515e+00 3.388536e+00 -5.466905e+00 6.734549e-01 1.261097e-01 1.670450e+00 3.779984e-01 -8.966077e-01 1.396776e-01 -2.599798e-01 6.445677e-01 -7.457680e-01 -1.649005e+00 2.006581e+00 9.820367e-01 -6.001267e-01 -3.392247e-02 
4.797480e+00 -6.296313e+00 1.440634e+01 -1.104112e+01 -1.535877e+01 1.203207e+01 1.486197e+01 3.347294e+00 -1.505254e+01 4.859714e+00 4.765598e+00 -6.631829e+00 6.468560e-01 2.626640e-01 1.097487e+00 -2.283901e-01 -3.736810e-01 1.398865e+00 -7.041374e-01 -6.268243e-01 5.824404e-02 -1.434746e+00 1.792783e+00 1.070943e+00 -1.014209e+00 -4.308195e-02 
5.777236e+00 -6.023985e+00 1.280553e+01 -1.130867e+01 -1.461253e+01 1.167028e+01 1.208320e+01 5.521787e+00 -1.598935e+01 8.387073e+00 7.092807e+00 -7.928737e+00 5.922296e-01 7.203173e-01 9.218264e-01 -1.893334e+00 1.187791e+00 3.468700e+00 -2.367345e+00 -3.393578e+00 1.563905e+00 7.248684e-01 -1.039172e+00 1.335465e+00 -6.745024e-01 -6.896307e-02 
6.714858e+00 -6.984915e+00 1.310674e+01 -1.118057e+01 -1.073026e+01 1.051107e+01 9.729033e+00 6.135702e+00 -1.704971e+01 6.915553e+00 8.136440e+00 -1.028103e+01 5.368042e-01 1.504340e+00 1.428704e+00 -3.904069e+00 3.096340e+00 4.615210e+00 -4.263694e+00 -4.629603e+00 1.885285e+00 2.294074e+00 -2.528203e+00 6.629995e-01 1.637743e-01 -8.105989e-02 
8.435196e+00 -4.189884e+00 5.715574e+00 -4.952527e+00 -1.264991e+00 2.610647e+00 -1.050064e+00 1.068798e+01 -8.461332e+00 -2.792263e+00 8.380440e+00 -7.014819e+00 3.836654e-01 1.655146e+00 2.444752e+00 -4.360685e+00 4.460401e+00 3.833174e+00 -6.007895e+00 -3.253548e+00 -3.515572e-02 2.570320e+00 -2.589591e+00 -8.725508e-01 1.460858e+00 -7.040587e-02 
1.099020e+01 -6.984234e-02 -1.569030e+00 1.262504e+00 1.043508e+00 -4.756584e+00 -1.719416e+00 1.019062e+01 -7.346180e+00 -2.191637e+00 7.436779e+00 -6.269917e+00 3.458386e-01 1.545237e+00 2.818005e+00 -3.559566e+00 5.032269e+00 1.132508e+00 -5.423209e+00 -1.206425e+00 -2.037197e+00 3.029351e+00 -1.260554e+00 -2.875444e+00 3.076156e+00 -4.028904e-02 
1.191529e+01 2.742238e+00 -1.660011e+00 4.771793e+00 -1.333548e+00 -1.073538e+01 1.539686e+00 3.318548e+00 -7.989516e+00 -7.289410e-03 3.079883e+00 -2.630000e+00 3.356830e-01 7.708999e-01 2.428376e+00 -6.001466e-01 3.361878e+00 -9.245539e-01 -3.011027e+00 1.367266e+00 -2.900182e+00 1.179235e+00 1.295994e+00 -3.709327e+00 3.680261e+00 -9.820312e-03 
1.270099e+01 3.639048e+00 -1.003299e+00 9.118612e+00 -5.033441e+00 -9.931967e+00 2.402032e+00 -3.655658e-01 -2.138864e+00 -7.797050e-01 -3.590503e+00 2.907347e+00 3.593502e-01 1.768074e-01 1.379038e+00 6.931266e-01 1.327547e+00 -1.376660e+00 -3.564988e-01 1.058939e+00 -2.765982e+00 7.775988e-01 8.547314e-01 -2.544568e+00 2.753690e+00 -6.478977e-03 
1.143430e+01 6.097552e+00 2.431976e+00 7.928809e+00 -2.849285e+00 -9.856797e+00 3.725540e+00 1.465164e+00 -5.168817e+00 2.981743e+00 -4.652553e+00 6.797854e+00 3.278081e-01 -4.212099e-01 1.314483e+00 1.060159e+00 9.034641e-01 -3.566214e-01 9.803618e-01 -4.308858e-02 -2.246294e+00 6.242652e-01 2.025085e-01 -1.311361e+00 5.019435e-01 -1.194633e-02 
1.211473e+01 5.147691e+00 -1.493904e-01 6.321730e+00 -5.081925e+00 -6.978368e+00 2.482353e+00 -2.712597e+00 -4.868536e+00 5.875044e-01 -1.419845e+00 2.784608e+00 3.173812e-01 -8.955553e-01 1.166665e+00 1.340186e+00 2.178325e-01 6.705261e-01 1.376399e+00 -6.023052e-01 -1.843143e+00 -5.424330e-01 9.118061e-02 4.451390e-01 -1.713617e-01 -1.961916e-02 
1.010237e+01 8.560333e+00 3.213830e+00 1.068756e+01 -3.092413e+00 -7.310367e+00 1.284082e+00 -6.739404e+00 -3.503354e+00 3.216486e-01 -4.562250e+00 -5.891365e-02 2.969359e-01 -1.139838e+00 7.106736e-01 1.667994e+00 7.338547e-01 9.254612e-01 8.693457e-01 -1.248838e+00 -1.904590e+00 -3.821189e-01 -1.141472e+00 -2.314338e-01 -6.853244e-01 -5.648547e-03 
8.889178e+00 8.240982e+00 5.306705e+00 8.828402e+00 -1.559246e+00 -4.323186e+00 6.112347e-01 -5.478996e+00 -5.683760e+00 1.006245e+00 -1.409960e+00 5.478922e+00 2.766905e-01 -1.145927e+00 2.117715e-01 1.898012e+00 8.081714e-01 1.055891e+00 6.032820e-02 -3.092045e-01 4.190047e-01 -1.278954e+00 -2.846523e+00 -1.765117e+00 -1.571901e-02 4.694861e-03 
7.347890e+00 8.104275e+00 8.043900e+00 1.034475e+01 1.668143e-02 -6.837660e+00 -1.583090e+00 -6.674587e+00 -6.671799e+00 -2.934989e+00 -5.814664e+00 2.024075e+00 3.199107e-01 -8.015159e-01 -9.956110e-01 7.928079e-01 5.458794e-01 8.019191e-01 5.982388e-01 6.813460e-01 1.727731e+00 -1.672425e+00 -4.579790e+00 -2.493558e+00 -9.646862e-01 1.081001e-02 
7.762342e+00 6.434578e+00 6.925634e+00 1.053399e+01 -1.357019e+00 -6.913080e+00 2.369916e+00 -6.499822e-01 -9.679085e+00 -1.201679e+01 -9.619225e+00 1.664519e+00 3.293681e-01 -9.257175e-01 -1.345400e+00 4.067405e-01 5.988164e-01 7.390836e-01 7.603449e-01 5.968478e-01 1.850464e+00 -7.522866e-01 -3.933174e+00 -2.615936e+00 -2.158565e+00 -4.281723e-03 
6.658212e+00 4.485480e+00 6.368405e+00 1.256416e+01 8.160689e-01 -3.024225e+00 3.811471e+00 -5.152562e-01 -9.867817e+00 -1.606578e+01 -1.292541e+01 -2.975143e+00 3.246471e-01 -1.131657e+00 -9.934481e-01 -2.790369e-01 2.056622e-01 1.236968e+00 8.414402e-01 -3.563784e-01 7.841046e-01 -8.167496e-02 -1.904927e+00 -5.247270e-01 -4.611301e-01 -4.092662e-02 
4.605430e+00 3.323380e+00 8.178155e+00 1.071278e+01 1.736478e+00 -2.428179e+00 8.981929e-01 6.936609e-01 -7.847184e+00 -1.209423e+01 -1.093427e+01 -2.814292e+00 2.529137e-01 -1.715967e+00 -8.376743e-01 -6.466304e-01 -2.948093e-01 1.622409e+00 -2.235716e-01 -1.976596e+00 5.610332e-01 1.191744e+00 1.088112e+00 1.898518e+00 5.949054e-01 -6.607748e-02 
3.268062e+00 4.692633e+00 6.022456e+00 1.128366e+01 4.654772e+00 -4.872910e+00 -2.629120e+00 -3.425885e+00 -7.996124e+00 -1.242091e+01 -7.780777e+00 1.957831e+00 1.535048e-01 -2.035626e+00 -1.237895e+00 -2.410046e+00 -1.510978e+00 2.663601e-01 -3.819407e-01 -1.216204e+00 1.501706e+00 2.924761e+00 2.893835e+00 2.918803e+00 2.674751e+00 -6.867290e-02 
8.775802e-01 2.142630e+00 3.865457e+00 9.700191e+00 4.835676e+00 -7.106596e+00 -4.292770e+00 3.610498e+00 -4.656209e+00 -8.398666e+00 -2.698948e+00 2.172559e+00 8.455187e-02 -1.709002e+00 -1.419567e+00 -3.056136e+00 -1.314103e+00 -1.181473e+00 -1.277020e+00 -7.981301e-01 2.089099e+00 2.857806e+00 2.961619e+00 2.383428e+00 1.727218e+00 -4.944275e-02 
-1.655996e+00 -1.113621e+00 -3.525474e+00 5.515558e+00 5.982704e-01 -2.594720e+00 3.259325e-01 5.534853e+00 3.160501e+00 -3.444385e+00 -2.449052e+00 7.905187e+00 6.546354e-02 -8.919438e-01 -1.122327e+00 -2.013444e+00 -1.688477e+00 -2.515538e+00 -1.403767e+00 -8.415302e-01 1.696565e+00 2.642682e+00 2.137266e+00 2.287116e-01 2.824554e-01 -2.582034e-02 
-1.477548e+00 -8.713264e-01 -2.328561e+00 7.026315e+00 -2.142639e+00 -9.952373e+00 -4.569984e+00 6.658786e+00 8.635346e-01 -1.774395e+00 -1.682992e+00 2.848119e+00 4.972059e-02 -4.338913e-01 -4.006185e-02 -4.588856e-01 -1.524821e+00 -5.067443e-01 5.274582e-03 3.478846e-01 2.936714e-01 6.177468e-01 2.442638e-01 -1.087569e+00 5.621403e-01 -1.975815e-02 
-1.409292e-02 5.879769e-01 -9.477577e-01 4.178217e+00 -4.433762e+00 -1.046886e+01 -6.698164e+00 3.532797e+00 2.457414e+00 -5.046716e+00 -7.145196e+00 3.032328e+00 4.181880e-02 -1.142838e-01 7.062949e-01 8.495132e-01 -5.185999e-01 1.484122e+00 2.640017e-01 3.710283e-01 -1.510662e-01 -1.033476e+00 -1.044325e+00 -5.472975e-01 -5.427896e-01 -2.396264e-02 
-2.112828e+00 1.091522e+00 2.821707e-01 2.744755e+00 4.817970e+00 -3.143155e+00 9.587016e-01 6.079883e+00 -1.215931e+00 -6.376182e+00 -5.788722e+00 7.419690e+00 -2.416492e-03 -3.706115e-01 7.141647e-01 -2.644395e-01 -9.016803e-01 2.629931e+00 2.332841e+00 1.394666e+00 -3.683186e-01 -1.410495e+00 -1.171849e+00 2.411375e-01 2.578560e-01 -2.652687e-02 
-1.909775e+00 1.436430e+00 -5.832731e-01 5.063338e+00 4.538576e+00 -4.679320e+00 -5.832686e-01 5.068974e+00 -9.671472e-01 -6.365116e+00 -3.132675e+00 2.905452e+00 -2.828109e-02 -5.646529e-01 5.707850e-02 -9.395788e-01 -2.213769e-02 2.884015e+00 3.069240e+00 1.348063e+00 -2.686455e-01 -2.985951e-01 3.973770e-02 1.129614e+00 7.374432e-02 -2.618598e-02 
-2.382764e+00 2.275271e+00 -3.833000e+00 2.075352e+00 6.520845e+00 -1.182936e+00 -6.541014e-01 4.049105e+00 -4.476660e+00 -6.974441e+00 -2.483566e+00 4.200836e+00 -4.786384e-02 -6.830651e-01 -1.753227e-01 -1.174599e+00 -3.634097e-01 -1.440179e-01 4.513469e-01 -9.074239e-01 -7.477456e-01 7.176545e-01 8.880230e-01 1.516305e+00 3.530887e-01 -1.439787e-02 
-2.702389e+00 2.814951e-01 -3.588067e+00 4.402229e+00 9.134876e+00 3.897236e+00 8.485522e-01 3.204959e+00 2.594803e+00 -4.548898e+00 -3.149704e+00 5.010477e+00 -6.638741e-02 -7.030336e-01 1.748840e-01 -1.819127e-01 -1.429138e-01 -2.441698e-01 2.815152e-01 -8.928568e-01 -9.946876e-01 7.632937e-01 1.814012e+00 1.238603e+00 4.651822e-01 -1.217622e-02 
-5.131846e+00 7.923760e-01 -4.088426e+00 1.258261e+00 1.799731e+00 -5.174700e+00 -4.294328e+00 3.273162e+00 5.913664e-01 -2.844176e+00 1.801317e+00 8.132622e+00 -5.535269e-02 -3.104057e-01 5.812520e-01 5.482811e-01 4.332853e-01 2.550597e-01 2.261335e-01 -8.534626e-01 -1.303999e+00 1.129646e+00 1.216936e+00 5.697842e-01 3.113338e-01 -7.845664e-03 
-4.050402e+00 3.052297e+00 -1.365124e+00 4.757315e+00 5.678284e+00 -1.275863e+00 -3.227439e+00 4.835067e-01 3.153079e-01 6.398096e-01 9.178979e-01 3.265471e+00 -8.541775e-02 1.632080e-01 8.979992e-01 2.027253e-02 1.239743e-02 -4.408102e-02 -2.729797e-01 5.737468e-01 3.072982e-01 -2.758649e-01 1.921816e-01 -1.517853e+00 -1.627720e-01 -5.996835e-03 
-3.260787e+00 3.796130e+00 -2.203066e+00 4.064237e+00 9.524440e+00 2.534281e+00 -2.883419e+00 -1.110162e+00 2.311317e+00 -3.484116e+00 -1.668446e+00 6.630008e+00 -7.757699e-02 2.220369e-01 1.277708e-01 -5.921383e-01 5.668542e-01 9.793954e-01 1.624080e+00 1.775558e+00 1.184895e-01 -7.662640e-01 -3.714211e-01 -1.195283e+00 7.639177e-02 -3.176832e-03 
-2.821879e+00 3.269614e+00 -4.429384e+00 3.061229e+00 5.052117e+00 -1.322153e+00 3.011831e+00 6.933112e+00 3.555032e-01 -3.268020e+00 -9.004086e+00 4.947924e+00 -8.525944e-02 -2.427075e-01 1.497837e-01 -9.295486e-01 -4.412976e-01 -1.187642e+00 -2.300901e-01 1.031142e+00 7.990464e-01 -4.136966e-01 -6.351165e-01 -5.714892e-01 4.516937e-01 -6.230712e-04 
-4.635923e+00 1.322572e+00 -5.516987e+00 4.940575e+00 7.009791e+00 2.968847e+00 1.463825e+00 6.408072e-01 -3.260051e+00 -2.747366e+00 7.858961e-01 7.673354e+00 -7.131600e-02 -3.705003e-01 2.590158e-01 -5.715864e-01 -7.801744e-01 -1.553448e+00 -8.583145e-01 6.201246e-01 -5.380340e-01 -7.762349e-01 7.024165e-01 -2.824894e-01 -1.572125e+00 -1.080983e-02 
-4.576372e+00 5.037995e+00 -4.355906e+00 2.112658e+00 9.974000e-01 -2.643596e+00 -2.453532e-01 3.603254e+00 1.032509e+00 -2.904148e+00 -3.166719e+00 5.002266e+00 -9.166360e-02 -2.818977e-01 1.980945e-01 3.508072e-01 4.094229e-02 -4.735344e-02 -4.235080e-01 -9.808559e-01 -2.331708e+00 -8.823385e-02 1.111149e+00 1.957476e+00 -1.503005e+00 -1.342486e-02 
-4.236042e+00 4.207019e+00 -5.097737e+00 6.376500e-01 3.784558e+00 -1.096570e+00 1.845797e+00 -2.135403e+00 -1.908361e+00 -1.539698e-01 -5.999576e+00 -1.257790e+00 -1.284240e-01 -1.162859e-01 2.060981e-01 -1.291103e-01 -1.045638e+00 -3.865189e-02 -2.900510e-01 -8.199471e-01 -6.497785e-01 -8.450673e-02 -5.269046e-02 1.102701e-01 -1.518591e+00 -1.561521e-02 
-4.431308e+00 2.817863e+00 -2.884973e+00 5.417403e+00 6.427966e+00 -1.406985e+00 -2.083435e+00 -3.337323e+00 -7.615113e-01 9.910250e-01 4.176031e+00 1.898469e+00 -1.238297e-01 -3.163233e-01 -6.450881e-01 -3.302948e-01 -4.266484e-01 8.829988e-01 7.275819e-01 -1.861241e-01 -1.648754e-01 -9.695026e-01 5.204243e-01 1.747683e+00 2.333110e-01 -9.414268e-03 
-5.289884e+00 3.463128e+00 -6.898005e+00 -1.939990e+00 4.101249e+00 9.002864e-01 -1.716870e+00 8.622028e-01 -2.785575e+00 -4.958405e+00 -2.334129e+00 1.632298e+00 -1.333090e-01 -3.989809e-01 -4.678403e-01 -2.241291e-01 -2.887996e-01 1.765064e-01 3.587780e-01 2.079201e-02 1.144835e+00 -5.550960e-01 5.617489e-01 1.904004e+00 1.478844e+00 -2.819955e-03 
-5.631067e+00 2.184499e+00 -5.107246e+00 1.268236e+00 5.254048e+00 -4.114628e-03 6.053596e-01 1.280075e+00 -3.376398e+00 2.100192e+00 3.738971e+00 4.723777e+00 -1.362925e-01 -2.740700e-01 -2.545356e-01 -2.653787e-01 -5.090108e-01 -1.195036e-01 1.901339e-01 7.699817e-01 9.652666e-01 -5.820595e-01 9.276930e-01 5.198980e-01 8.742095e-01 -2.790892e-03 
