-7.683646e+00 4.391791e+00 4.950375e+00 5.065161e+00 1.662995e+00 -6.948175e+00 6.932811e+00 -1.851983e+00 1.879454e+00 8.551394e+00 -2.652810e+00 3.397278e+00 -9.625804e-02 -2.517510e-03 -2.594567e-01 9.619333e-02 -7.532839e-01 -8.463605e-01 1.274688e+00 -1.651799e+00 -3.762909e-01 5.457322e-01 -1.285654e+00 5.202869e-01 -2.308011e-04 -1.678979e-03 
-7.619657e+00 2.896253e+00 3.721718e+00 1.935605e+00 -4.064596e-01 -3.115091e+00 5.344240e+00 -3.418645e+00 9.930053e-01 5.152377e+00 -3.610758e-01 4.839144e+00 -8.920860e-02 2.213953e-01 -1.501654e-01 1.446691e-01 -3.389735e-01 -7.799997e-02 4.695767e-01 -1.833554e+00 1.062306e+00 1.039201e+00 -1.025001e+00 6.547973e-01 4.104106e-01 -9.041667e-04 
-7.728229e+00 3.842277e+00 6.045670e+00 2.863519e+00 -1.534080e+00 -2.491278e+00 -5.318995e-01 -2.950107e+00 5.051340e+00 3.822632e+00 -1.197243e+00 2.675191e+00 -1.081777e-01 1.070542e-01 3.528852e-01 6.957901e-01 7.459269e-01 -3.026471e-01 -2.773741e-01 -1.677074e+00 1.055097e+00 1.834218e+00 -6.572439e-01 9.818433e-01 6.402360e-01 2.257252e-03 
-6.554379e+00 3.915721e+00 5.126072e+00 4.471114e+00 2.871533e+00 -6.828740e+00 1.497394e+00 4.008608e+00 5.489519e+00 5.790773e+00 -1.066072e-01 5.810375e+00 -9.481907e-02 -5.714340e-02 -9.051874e-02 -6.697404e-02 1.198220e+00 -1.836293e-01 -6.307625e-01 -1.209830e-01 1.469978e-01 6.567892e-01 4.458330e-02 1.684131e-01 5.369611e-01 -1.371491e-03 
-7.681014e+00 5.646483e+00 7.727147e+00 7.527040e+00 -1.489236e+00 -6.478221e+00 4.708633e-01 -2.901272e-01 8.802286e+00 4.945977e+00 2.129172e+00 6.112843e+00 -8.216655e-02 1.301127e-01 -1.569073e-02 -5.612627e-01 1.389632e+00 1.703460e-01 -9.888969e-02 1.224908e+00 -2.275273e-01 -4.470257e-01 2.205723e-01 3.063052e-01 -3.660983e-01 1.355279e-03 
-7.928981e+00 1.541556e+00 2.546108e+00 5.594944e+00 -1.347028e+00 -4.275432e+00 4.237944e+00 -4.013646e+00 2.401478e+00 4.813622e+00 -1.182218e+00 5.805124e+00 -1.090716e-01 3.689146e-02 3.038080e-01 -5.714711e-01 -9.029190e-02 7.734041e-02 7.749587e-01 6.114784e-01 -5.137845e-01 -8.467507e-02 -3.782904e-02 -4.682829e-01 -1.540498e+00 -4.115594e-03 
-6.390364e+00 4.950906e+00 4.529338e+00 9.249767e+00 1.426931e+00 -4.262380e+00 4.222363e+00 -7.661676e-02 4.360231e+00 5.414069e+00 8.720887e-01 8.473254e-01 -9.427500e-02 1.275703e-01 1.863950e-01 -1.164031e+00 -1.657907e+00 4.056074e-01 2.524607e-02 4.782937e-01 9.204956e-01 1.698804e-01 -5.540080e-01 -7.454292e-01 -1.510775e+00 -5.938637e-03 
-7.015246e+00 5.782549e+00 3.867622e+00 3.158291e+00 1.800151e+00 -4.061867e+00 2.679036e+00 1.332931e+00 7.287170e+00 5.367581e+00 -1.819480e+00 7.406425e-01 -1.093428e-01 -7.827310e-02 3.285168e-01 -7.712413e-01 -2.236180e+00 -6.424788e-01 -2.302963e-01 -7.095534e-01 7.393898e-01 6.228147e-01 -3.359292e-01 -6.602868e-01 -7.191341e-01 -3.587484e-04 
-7.500030e+00 4.457961e+00 1.246236e+00 4.558301e-01 -1.034789e+00 -6.458774e+00 3.641786e+00 1.639062e+00 7.208841e+00 1.898957e+00 -1.279343e+00 1.091206e+00 -1.117241e-01 -3.414148e-01 -6.817437e-01 -1.065493e+00 -2.666142e+00 -1.026561e+00 -4.200657e-01 -1.397174e+00 -7.975084e-01 -4.329529e-01 -1.689845e-01 -9.824414e-01 9.788975e-01 -5.637765e-04 
-7.765513e+00 3.430612e+00 3.314528e-01 -1.188989e+00 -3.328562e+00 -4.328717e+00 9.804659e-01 -1.174537e+00 4.091247e+00 4.891532e+00 -3.407936e+00 2.087513e+00 -1.021408e-01 -5.558167e-02 -3.419221e-01 1.328269e-01 3.138649e-01 -4.244293e-01 -8.565277e-01 -5.953322e-01 -9.779555e-01 -7.155843e-01 6.516860e-02 3.618605e-01 1.604920e+00 1.889491e-03 
-7.722304e+00 2.718156e+00 9.699554e-01 -1.907304e+00 -1.141515e+00 -6.229284e+00 -1.914221e+00 -2.810425e+00 3.793429e+00 4.807172e+00 -3.245891e+00 5.068377e+00 -1.006949e-01 2.311991e-01 5.228513e-01 1.205466e+00 1.300162e+00 3.828203e-01 4.260945e-01 3.242604e-01 -8.650255e-01 -1.403717e-01 5.808003e-01 1.940045e-01 1.017570e+00 4.854250e-03 
-7.182017e+00 4.942842e+00 4.669897e+00 5.909183e+00 -2.686322e-01 -8.459250e+00 2.480379e+00 -1.332103e+00 5.416955e+00 4.239317e+00 9.730964e-01 6.776658e+00 -1.054100e-01 2.649156e-01 8.299688e-01 1.321774e+00 1.115911e+00 4.768847e-01 1.403424e+00 1.439467e+00 3.788565e-01 4.249798e-01 -4.944199e-01 1.185307e+00 1.939100e-01 3.253865e-03 
-6.635782e+00 6.316103e+00 5.104346e+00 3.407553e+00 -6.506524e-01 -2.263034e+00 4.513131e+00 -2.607282e+00 5.844129e+00 5.129066e+00 -2.499836e+00 3.834481e+00 -8.581829e-02 5.878277e-02 6.678499e-01 5.023397e-01 3.010516e-01 1.991520e-01 1.679081e+00 1.260036e+00 8.035793e-01 7.917436e-01 -1.474893e-01 1.643900e+00 -1.684145e-01 3.772473e-03 
-6.984197e+00 5.781483e+00 4.873129e+00 1.733139e+00 -1.189570e+00 7.052796e-01 4.964123e+00 6.181741e-01 5.190796e+00 2.258486e+00 2.145570e+00 3.674011e+00 -9.330976e-02 2.561979e-02 -1.435656e-01 -2.292932e-01 -8.668941e-01 -3.067272e-01 6.425740e-01 -3.497167e-01 7.123606e-01 3.708141e-01 -8.270576e-02 9.616780e-02 -3.844806e-01 6.763100e-04 
-7.527301e+00 5.638085e+00 3.380038e+00 1.685976e+00 3.147140e-01 -2.416143e+00 3.144087e+00 2.323329e-01 7.865228e+00 5.060141e+00 4.387371e+00 5.777628e+00 -8.788264e-02 -3.846292e-01 -8.537939e-01 -6.245787e-01 -7.166458e-01 1.632679e-01 -7.494038e-01 -1.561597e+00 -5.745362e-01 -6.135618e-01 -4.468972e-01 -4.747782e-01 6.946585e-02 2.373063e-03 
-6.608159e+00 4.564023e+00 4.385585e+00 2.435501e+00 -2.284951e+00 -5.169827e+00 1.416317e+00 8.098922e-01 6.260477e+00 3.860251e+00 -1.989668e+00 3.882681e+00 -1.009963e-01 -5.899162e-01 -4.557459e-01 -1.071791e+00 -5.123605e-01 2.866048e-01 -4.238625e-01 -1.311841e+00 -1.817941e+00 -6.482506e-01 -7.259693e-01 7.126818e-02 -5.623255e-01 3.159863e-02 
-8.746947e+00 2.655863e+00 2.225224e+00 -5.268576e-01 7.133778e-01 -3.072500e+00 -1.520949e+00 -5.575822e+00 2.241479e+00 2.093697e+00 -2.806108e+00 4.077476e+00 -7.010972e-02 -1.189148e-01 -4.021277e-01 -2.831061e-01 -2.471714e-01 -6.589408e-01 7.111633e-01 7.465734e-02 -2.540972e-01 -1.195473e+00 -1.276779e+00 3.711787e-01 -3.961737e-01 1.526881e-02 
-9.323955e+00 4.993864e+00 9.158087e-02 2.777529e-01 4.412174e-02 -1.085854e+00 7.374377e-01 -5.567452e+00 4.761417e+00 1.118610e-01 6.098651e+00 1.712460e+00 5.579692e-02 2.651358e-02 1.550467e-01 4.330644e-01 1.313783e+00 6.907207e-01 9.824254e-02 1.064121e+00 2.066139e-01 -3.885215e-01 -5.507013e-01 1.881170e+00 1.097962e+00 -1.290822e-03 
-6.763977e+00 3.412526e+00 4.111509e+00 1.528993e+00 -4.144526e+00 -9.023124e-01 3.856813e+00 2.150519e+00 2.637391e+00 5.504423e-01 2.199106e+00 4.881870e+00 -8.993518e-02 -1.463808e+00 1.094322e+00 4.456142e-01 1.877601e+00 -7.679272e-03 -2.620875e-01 1.235790e+00 9.073305e-01 9.953697e-01 7.310863e-01 6.279274e-01 7.318768e-01 6.297784e-02 
-7.467076e+00 4.960925e+00 5.607764e+00 7.976493e+00 3.597605e+00 -5.763708e+00 4.048042e+00 -2.020209e+00 4.119914e+00 1.878372e+00 4.913575e+00 8.970297e+00 -9.753764e-02 -3.096992e+00 7.913851e-01 -1.147256e-01 1.337083e+00 2.031234e-01 3.717602e-02 6.301427e-01 3.808889e-01 1.443007e+00 1.498980e+00 -1.504268e+00 1.629935e-02 1.300855e-01 
-1.699443e+01 8.143942e+00 1.695204e+00 5.011778e+00 -1.101760e+00 -2.044011e+00 3.002700e+00 -2.812791e+00 7.539080e+00 4.865873e+00 9.260669e-01 4.107941e+00 3.214468e-01 -1.113380e+00 6.413293e-01 -1.068254e+00 1.498616e-01 4.976129e-01 5.253629e-01 -1.478374e-03 -8.664473e-01 -3.078289e-02 9.814516e-01 -8.482751e-01 -1.265662e+00 8.290373e-02 
-1.969369e+01 6.585081e+00 7.261057e-01 5.221777e+00 -4.616446e-01 -3.291247e-01 4.315207e+00 -1.181352e+00 9.525608e+00 5.449046e+00 -7.861714e-01 2.180921e+00 5.005333e-01 1.014354e+00 -7.319641e-01 -2.751506e-01 -2.557887e+00 7.791075e-01 2.157921e+00 -1.615993e+00 -6.418860e-01 -5.332332e-01 -1.893034e+00 -7.145582e-01 -1.769347e+00 -7.366407e-03 
-6.217569e+00 5.807094e+00 1.211066e+00 3.655659e+00 3.731620e-01 -9.927890e-01 3.715839e+00 -2.601146e+00 -2.193712e-01 3.672363e+00 8.076031e-01 1.948248e+00 2.554798e-02 3.053766e+00 -1.182337e+00 1.629625e+00 -2.131757e+00 1.998989e+00 1.662663e+00 -1.986391e+00 -2.628806e-01 -6.989846e-01 -1.820161e+00 1.446349e+00 -1.562031e-01 -1.145369e-01 
-7.783736e+00 2.469529e+00 4.474080e+00 -4.134882e+00 6.755681e+00 4.500287e+00 -4.388492e+00 -5.335462e+00 5.332973e+00 -6.990044e+00 1.400016e+00 1.203409e+00 1.357973e-02 2.263840e+00 -9.005025e-01 1.199231e+00 -1.576158e+00 4.709438e-01 -2.002248e-01 -1.295254e+00 2.944204e-02 -1.655486e+00 -7.541644e-01 1.427976e+00 7.975439e-01 -1.236271e-01 
-7.680570e+00 4.290033e+00 7.969343e+00 -9.686756e-01 5.284521e+00 3.854599e+00 -2.577404e+00 -2.050139e+00 6.140474e+00 1.984614e+00 7.064718e+00 3.815682e+00 -7.761002e-03 -1.410259e-01 -2.390895e-01 4.437904e-01 2.817812e-01 -8.880094e-01 -1.131949e+00 7.258563e-01 4.284292e-01 -5.154334e-01 7.254489e-01 4.656734e-01 1.463343e+00 -3.732797e-02 
-7.642987e+00 2.841100e+00 3.343123e+00 -3.468437e-01 -5.626051e-01 -3.753942e+00 9.855614e-01 -1.309645e+00 -1.931745e+00 2.522099e+00 3.225151e+00 5.234923e+00 -1.009479e-01 2.228283e-01 3.662745e-01 -5.403997e-01 1.926241e+00 -1.910204e+00 -2.623379e+00 2.222547e+00 9.862764e-01 -7.840855e-01 2.305807e+00 -2.742005e-01 7.714902e-01 -3.322729e-02 
-6.993073e+00 4.425861e+00 3.995497e+00 3.170546e+00 -4.077418e-01 -2.525420e+00 4.658093e+00 -2.471908e+00 8.358207e-01 2.543536e+00 2.223402e+00 7.249207e+00 -1.038281e-01 1.213491e-01 3.862485e-01 -7.453586e-01 1.241856e+00 -9.497434e-01 -2.488742e+00 1.776816e+00 3.181351e-02 1.502369e-01 2.126215e+00 -1.377196e-02 1.369473e-02 -1.539671e-02 
-7.013343e+00 4.232987e+00 3.759005e+00 3.426712e+00 5.079508e-02 -5.426597e+00 3.106493e+00 -1.931956e-01 4.064872e+00 4.259531e+00 2.449671e+00 3.344097e+00 -1.045232e-01 -7.365341e-02 -5.102980e-02 -3.115672e-01 7.937050e-01 3.030414e-01 -6.925191e-01 4.316746e-01 -7.999098e-02 1.329461e+00 1.873795e+00 -2.698096e-01 -1.082892e+00 5.100322e-03 
-7.388646e+00 5.525331e+00 4.034610e+00 3.353825e+00 2.291043e-01 -7.752786e+00 5.246211e+00 -2.449297e+00 3.893350e+00 1.174697e+01 7.383598e+00 4.829569e+00 -8.295691e-02 -3.483063e-01 -3.292125e-01 1.060929e-01 -1.191796e-01 -4.537542e-01 -6.007015e-01 -1.494770e+00 -6.047612e-01 -6.316266e-02 7.482477e-01 -6.150761e-01 -6.839408e-01 7.366168e-03 
-7.813468e+00 2.036216e+00 1.765730e+00 3.530042e+00 6.341788e-01 -4.602855e+00 2.849876e+00 -1.720906e+00 3.186796e+00 7.289359e+00 -7.039950e-01 1.030281e+00 -8.588183e-02 1.626811e+00 -1.051153e+00 -6.310878e-02 -1.081610e-01 -1.219965e+00 -1.197977e+00 -1.206685e+00 -7.397518e-02 -1.076014e+00 -2.970218e+00 -2.010450e+00 -5.440915e-01 5.753266e-02 
-8.334542e+00 3.878184e+00 5.522599e+00 2.522983e+00 -2.968204e+00 -5.940799e+00 -2.687449e+00 -4.731859e+00 9.590454e-01 4.769860e+00 7.248547e-01 4.986411e+00 -7.631791e-02 2.393806e+00 -1.882198e+00 6.223853e-02 6.039452e-01 -1.125472e+00 -2.064873e+00 -9.862820e-01 1.468091e+00 -1.109515e+00 -5.901653e+00 -3.447176e+00 -1.272457e+00 9.137250e-02 
1.593662e+00 -1.992035e-01 2.699466e+00 3.301328e+00 -4.450378e+00 -1.232248e+01 1.039899e+00 5.782096e-01 1.519547e-01 -7.103003e+00 -4.273205e+00 5.452185e-01 1.798206e-01 1.510465e+00 -1.932736e+00 6.117584e-01 1.123919e+00 -5.898246e-01 -3.405345e+00 3.196633e-02 3.087541e+00 -2.348330e-01 -4.418130e+00 -5.260231e-01 1.903937e-01 9.808701e-02 
-1.231813e-01 -2.767950e+00 3.878934e+00 6.487907e+00 -2.855979e+00 -1.421734e+01 1.219789e+00 3.741599e+00 -1.368057e-01 -1.056512e+01 -8.067677e+00 -1.290185e+00 2.410544e-01 4.934769e-02 -2.392060e+00 -1.600513e-01 1.219516e+00 5.193392e-01 -3.547326e+00 -1.172000e-01 3.545104e+00 5.231323e-01 -2.423508e+00 7.430524e-01 5.712765e-01 7.649817e-02 
-4.366821e+00 -4.304400e+00 5.646354e+00 7.167173e+00 -2.371057e+00 -1.749131e+01 1.056088e+00 9.480068e+00 2.560557e+00 -7.133803e+00 1.062155e+00 5.120548e+00 2.458671e-01 -1.511153e+00 -1.525807e+00 -6.986717e-01 9.754115e-02 4.719737e-01 1.133094e+00 -7.522234e-01 9.291838e-01 1.201426e+00 1.065812e+00 1.036376e+00 1.958986e+00 -2.392605e-02 
-5.107562e+00 -6.029518e+00 3.248898e+00 6.687642e+00 -1.411169e+00 -2.109301e+01 -3.281544e+00 8.542728e+00 2.370406e+00 -7.332278e+00 1.772437e+00 5.555129e+00 2.731497e-01 -5.374473e-01 -8.888206e-01 -1.142650e+00 -7.179321e-01 2.670227e-01 4.015112e+00 -8.186949e-01 -6.046964e-01 1.458431e+00 1.750489e+00 1.195695e+00 1.644684e+00 -5.713053e-02 
-3.469911e+00 -6.197453e+00 -4.788742e-01 3.689167e+00 -2.812914e+00 -3.219172e+00 -4.705515e-01 2.823564e+00 4.905480e+00 -3.390364e+00 -4.011384e+00 6.917490e+00 4.414272e-02 3.194108e-01 -4.965706e-01 -1.723490e+00 -1.384098e+00 -2.406581e-01 5.211682e+00 3.425211e-01 -7.752675e-01 1.306741e+00 1.525374e+00 -8.528528e-01 2.585547e-01 -6.434527e-02 
-3.258873e+00 -6.265526e+00 1.228297e+00 4.637250e+00 -1.299937e+00 -1.277849e+00 -2.110365e+00 4.046370e+00 5.982888e+00 -3.684391e+00 4.475666e-01 6.034763e+00 5.626392e-02 2.037571e-01 -4.221730e-02 -1.137399e+00 -9.325560e-01 3.174979e-01 4.210723e+00 1.244322e+00 -2.546247e-01 1.681357e+00 1.424731e+00 -2.862639e-01 1.419573e+00 -4.676142e-02 
-3.694112e+00 -6.669249e+00 -1.960795e+00 1.271878e+00 -3.629963e+00 -1.340476e+00 2.183104e+00 7.851910e+00 7.288022e+00 -1.330878e+00 -2.539674e+00 6.173504e+00 3.258359e-02 -8.022519e-01 1.621910e+00 -1.062017e+00 7.446578e-01 7.806738e-02 3.556131e-01 4.671504e-01 -1.276468e+00 8.476416e-01 -1.076165e+00 -3.429050e-01 1.116234e+00 2.870761e-02 
-3.976676e+00 -6.004706e+00 -1.697135e+00 3.233506e+00 5.848451e-01 -9.787430e-01 1.613237e+00 4.755432e+00 9.585921e+00 -1.238368e+00 -3.947380e-01 1.302499e+01 4.512215e-02 -6.040490e-01 9.057289e-01 -1.202563e+00 1.276694e+00 1.200090e-01 -2.563112e-01 2.324894e-01 -1.270878e+00 -5.777469e-02 -2.590930e+00 -2.326476e+00 5.106082e-01 2.382674e-02 
-7.122269e+00 1.781689e+00 -4.326243e+00 8.114327e+00 -3.364969e+00 -1.590659e+00 3.399372e-03 -3.913305e+00 7.342172e+00 -9.994204e+00 -5.304757e+00 9.003549e+00 1.932517e-01 4.969578e-02 9.997264e-01 1.466781e-01 1.760680e+00 2.465537e-01 7.436425e-01 -6.271792e-01 -6.901715e-01 -7.359397e-01 -2.224183e+00 -2.547254e+00 1.002613e+00 8.493972e-03 
-4.565040e+00 -5.962351e+00 -3.601793e+00 7.599493e+00 -8.323898e-01 -2.434314e+00 1.419339e-01 3.574586e+00 5.666940e+00 -1.230738e+01 -9.802270e+00 7.172782e+00 9.506357e-02 5.844086e-01 -6.134131e-02 6.930299e-01 1.170491e+00 1.387944e+00 7.581647e-01 -6.019531e-01 -6.454707e-01 -1.586655e+00 -1.563273e+00 -3.002196e+00 -9.986731e-01 -2.104499e-02 
-3.151451e+00 -1.691794e+00 -2.750754e-01 7.892283e+00 -1.688578e+00 3.105522e+00 -2.171402e-01 4.991476e+00 5.567814e+00 -6.917285e+00 -1.057218e+01 1.411267e+01 5.008274e-02 7.400969e-01 -7.299691e-01 1.654002e+00 -1.056898e+00 2.749073e+00 -2.198122e-01 -2.048873e+00 -8.182724e-01 -2.145552e-01 4.904260e-01 -1.970300e+00 -9.241094e-02 -3.687654e-02 
-3.040042e+00 -4.574671e+00 -2.575693e-01 9.196982e+00 6.686372e+00 4.639900e-01 -1.286258e+00 -2.924312e+00 2.539826e+00 -1.059319e+01 -1.277201e+01 5.477060e+00 1.148164e-02 1.354363e-01 1.069948e+00 8.730999e-01 -9.160379e-01 1.888510e+00 -1.006161e+00 -1.639321e+00 -2.106123e+00 -1.334543e-01 1.944555e+00 2.147724e-01 -8.808361e-01 -2.753112e-02 
-4.184283e+00 -2.561996e+00 2.271656e+00 2.031093e+00 6.621014e+00 -4.138872e+00 -9.526871e+00 -4.755218e+00 7.832952e+00 -8.399168e+00 -1.367139e+01 9.389355e+00 5.065995e-02 -5.348848e-01 1.076870e+00 4.103377e-01 -1.269272e+00 7.808515e-01 -1.907265e+00 4.957438e-01 -8.161747e-01 -5.735423e-01 2.871394e+00 1.723581e+00 -1.375438e+00 -3.167647e-02 
-3.371442e+00 -1.775091e-01 -5.096593e-01 5.949899e+00 4.455364e+00 -3.842925e+00 -3.399804e+00 -2.082681e+00 3.867099e+00 -1.843662e+00 -7.178803e+00 5.130261e+00 -4.288065e-02 -4.982448e-01 2.749155e+00 1.344079e+00 2.870116e-01 2.561219e-01 1.078242e-01 2.238856e+00 1.664705e+00 7.486206e-01 4.933020e+00 4.416595e+00 4.231509e-01 -2.747395e-02 
-5.660175e+00 1.493974e+00 1.902658e+00 3.169464e+00 3.331184e+00 -4.277345e+00 3.318352e+00 4.897864e-01 2.036466e+00 3.064919e+00 -4.750877e+00 7.408885e+00 -8.111846e-02 1.695270e-01 1.515196e+00 6.582541e-01 2.226907e+00 9.205621e-01 1.915691e+00 3.670747e+00 2.671749e+00 1.858837e+00 3.705437e+00 2.192368e+00 -1.514994e+00 -2.119311e-02 
-4.793320e+00 7.143117e+00 6.647323e+00 1.006285e+01 9.611897e+00 1.072348e+00 3.485410e+00 2.776709e+00 9.181171e+00 8.339863e+00 4.850715e+00 8.583050e+00 -5.999887e-02 -3.968357e-01 -4.462894e-01 1.153601e+00 1.440509e+00 2.492813e-01 1.264278e+00 4.800041e-01 1.145337e+00 2.493835e+00 1.635298e+00 6.781314e-01 -2.002311e+00 6.905449e-03 
-2.625710e+00 1.353670e+00 1.984436e+00 1.110915e+01 8.645559e+00 2.981949e+00 5.384259e+00 6.173831e+00 1.447010e+01 5.036256e+00 -8.724310e+00 8.799171e-02 -4.674649e-02 -1.072230e+00 -2.452405e+00 8.530762e-01 -3.732247e-01 -1.646444e+00 8.556368e-01 -2.135324e+00 -6.063022e-01 1.481113e+00 1.345019e+00 4.453612e-01 -2.716898e+00 3.078815e-02 
-6.872853e+00 -2.338805e+00 5.217459e+00 9.182598e+00 3.044583e+00 -1.151183e+00 -2.032737e+00 8.019838e-01 1.011946e+01 5.347161e+00 -1.801430e+00 -1.220849e+00 -2.553940e-02 -1.326755e+00 -2.003691e+00 -3.925430e-01 -2.119073e+00 -3.177696e+00 -1.158716e+00 -1.679443e+00 -2.961381e+00 -1.424341e+00 2.094993e-01 -2.081211e-01 -2.256363e+00 5.376291e-03 
-9.981557e+00 -6.027093e+00 6.882971e+00 1.743469e+00 -1.617382e+00 1.112604e+00 -4.599197e+00 -1.554362e+00 8.972889e+00 1.128637e+01 8.020015e-01 -1.273657e+00 5.559254e-02 -8.782274e-01 1.042252e+00 5.284547e-01 -1.680516e+00 -2.162950e+00 -1.997010e+00 -4.517657e-01 -9.974448e-01 -2.395566e+00 -8.939090e-02 2.077721e+00 3.871427e-01 -1.736417e-02 
-7.749173e+00 8.150437e-01 2.235340e+00 4.150331e+00 -1.145113e+00 -3.786561e+00 7.992315e-02 -8.166101e+00 4.808074e+00 6.262304e+00 -9.530466e-01 -2.017940e+00 -8.428693e-02 3.507378e-01 2.349940e+00 -2.030578e-02 -4.531890e-01 -3.833240e-01 -1.224972e+00 2.517395e+00 6.881874e-01 -2.181039e+00 -1.056865e+00 1.089335e+00 1.874510e+00 -3.368191e-02 
-6.578687e+00 4.988008e+00 6.117769e+00 5.222703e+00 -7.434130e-02 -5.685412e+00 2.069101e+00 5.670650e+00 5.147961e+00 4.131730e+00 1.240102e+00 2.422251e+00 -1.041936e-01 8.821499e-01 2.197232e+00 -6.636416e-01 5.099932e-01 3.083338e-01 3.180022e-01 3.290452e+00 7.594695e-01 -2.186556e+00 -2.280413e+00 5.054538e-01 2.169972e+00 -3.354122e-02 
-6.820600e+00 3.903343e+00 5.498531e+00 5.177036e+00 3.564427e-01 -3.877033e+00 7.220088e+00 6.304147e-01 1.126727e+00 3.640157e+00 3.426194e+00 6.303750e+00 -1.140559e-01 2.722980e-01 7.843613e-01 1.274416e-01 -6.074117e-01 -4.197090e-01 1.032850e+00 1.167490e+00 9.212006e-01 -1.138326e+00 -1.529458e+00 -5.641789e-02 1.537983e+00 -1.947165e-03 
-6.035094e+00 3.414916e+00 1.933167e+00 3.780082e+00 -8.264904e-01 2.747851e+00 8.282978e+00 -2.155273e+00 -1.192201e-01 1.195376e+00 1.139650e+00 5.415359e+00 -9.722912e-02 -2.364579e-01 -4.599629e-01 -1.231108e+00 -8.759901e-01 -4.912523e-01 4.017653e-01 -1.696769e+00 -1.804853e+00 -1.665061e-01 -6.544925e-01 -7.047781e-01 6.468989e-01 4.213893e-03 
-6.659479e+00 5.523396e+00 4.964849e+00 1.834583e+00 -2.867583e+00 -2.838943e+00 2.810434e+00 3.528616e-01 1.750031e+00 8.319163e-02 -1.184910e+00 4.175424e+00 -9.750497e-02 -2.100489e-01 -1.921277e-01 -6.131502e-01 -3.934824e-03 -1.907834e-01 -2.992158e-01 -2.376870e+00 -5.277675e-01 1.284805e+00 9.593450e-01 -4.026499e-01 -5.412745e-01 5.296135e-03 
-7.841537e+00 1.878167e+00 2.290716e-01 2.513979e+00 -9.185901e-01 -4.195631e+00 -4.209918e+00 -3.214841e+00 4.003778e+00 2.637750e+00 2.176332e-02 6.720908e+00 -9.139955e-02 3.061542e+00 -3.593072e+00 -9.784371e-01 -9.911877e-01 6.621044e-01 -2.823244e-02 -2.645763e+00 4.924012e-01 -8.897108e-01 4.324349e-01 9.965689e-01 -4.376992e+00 1.174790e-01 
-6.967623e+00 3.711079e+00 3.284827e+00 5.790414e+00 -5.514245e-01 -1.901372e+00 1.582188e+00 -1.478639e+00 5.489250e+00 7.715695e+00 1.971888e+00 2.944602e+00 -9.048998e-02 5.044965e+00 -5.731351e+00 -1.110916e+00 -3.371986e+00 2.574122e-02 1.876130e+00 -2.104980e+00 1.275240e+00 -3.177711e+00 -1.163142e+00 2.751868e+00 -8.482172e+00 2.494884e-01 
9.426687e+00 -1.364428e+01 -2.119008e+00 -3.153772e+00 1.325952e+00 2.137903e+00 -4.331712e+00 1.222483e+00 -6.437384e+00 -4.587016e-01 4.544096e+00 -1.585419e+01 4.866583e-01 5.419134e+00 -5.458056e+00 -3.339668e-01 -5.749982e+00 -1.534343e+00 2.200762e+00 -2.244190e+00 2.366014e+00 -3.678756e+00 -2.895426e+00 3.782098e+00 -1.034218e+01 3.134197e-01 
9.931231e+00 -1.537213e+01 5.843086e-01 -1.219147e+01 -3.861148e+00 3.374940e+00 -7.653570e+00 4.510401e+00 -8.917941e+00 -4.184291e+00 1.031326e+01 -2.694789e+01 8.609080e-01 3.819234e+00 -3.825528e+00 -1.139873e+00 -5.062557e+00 -2.259486e+00 1.403151e+00 -3.729085e+00 1.031340e+00 -2.473951e+00 -3.340638e+00 2.366473e+00 -6.925927e+00 2.620856e-01 
1.080470e+01 -1.587051e+01 -9.050274e-02 -1.724499e+01 -6.935443e+00 4.170025e+00 -1.081299e+01 5.620711e+00 -7.186408e+00 -5.889389e+00 1.476157e+01 -3.004375e+01 1.000000e+00 3.387024e-01 6.167316e-03 -2.519803e-01 -2.455245e+00 -9.655176e-01 3.495616e-01 -2.517345e+00 -2.858283e-01 1.892294e-01 -5.797024e-01 1.387322e-01 -8.257965e-01 1.104464e-01 
1.143954e+01 -1.430345e+01 -3.428789e+00 -1.247676e+01 -7.718156e+00 4.098322e+00 -1.382260e+01 1.478945e+00 -6.505994e+00 -6.272151e+00 8.695518e+00 -2.459025e+01 9.632675e-01 1.121404e-01 8.867151e-01 -7.369076e-01 -4.067398e-01 -8.286996e-02 8.382054e-02 -9.357361e-01 -1.729676e+00 -1.541066e-01 1.074607e+00 -1.576922e+00 1.808112e+00 1.858519e-02 
1.036605e+01 -1.414779e+01 -1.372360e+00 -1.528736e+01 -1.573132e+00 3.524020e+00 -1.383392e+01 1.309070e+00 -6.697210e+00 -2.313283e+00 6.046630e+00 -2.116199e+01 9.877106e-01 3.961706e-01 1.096444e+00 -8.311685e-01 1.129027e+00 -3.397851e-01 -3.639803e-02 7.977521e-01 -1.249196e+00 -1.165138e+00 1.943869e+00 -1.336397e+00 1.971421e+00 -1.483884e-02 
1.071126e+01 -1.179992e+01 -2.459301e+00 -1.520399e+01 -6.956654e+00 4.117045e+00 -1.082178e+01 -1.982159e+00 -9.933073e+00 -5.993087e-01 6.786121e+00 -2.234821e+01 9.599787e-01 6.796607e-01 1.069621e+00 -1.669019e-01 8.184875e-01 -7.192304e-01 -6.789627e-02 1.558788e+00 1.450810e-01 -1.450727e+00 1.152202e+00 3.583728e-01 1.400433e+00 -2.163212e-02 
1.314969e+01 -1.164005e+01 -4.731090e+00 -1.023624e+01 -9.015120e+00 3.978673e+00 -8.324635e+00 1.105283e+00 -1.129856e+01 9.935334e-01 9.034281e+00 -2.130767e+01 9.274502e-01 9.801522e-01 1.648271e+00 -8.446935e-01 9.587511e-01 -6.982512e-01 1.683660e-01 6.983808e-01 5.001585e-01 -7.890728e-01 -2.227227e-01 9.007341e-01 1.217596e+00 -3.324412e-02 
1.344602e+01 -1.020921e+01 -2.583934e+00 -1.090988e+01 -7.593314e+00 3.531514e+00 -8.783306e+00 2.306244e+00 -1.145896e+01 -2.164551e+00 8.993557e+00 -1.751525e+01 8.852371e-01 9.543453e-01 1.636069e+00 -5.635131e-01 3.077773e-01 6.353139e-01 4.409944e-01 -9.471426e-02 6.789824e-01 -7.697678e-02 -5.984532e-01 8.524183e-01 1.472730e+00 -2.937149e-02 
1.389943e+01 -6.701786e+00 -5.533511e+00 -1.264066e+01 -4.746058e+00 4.658616e+00 -1.136125e+01 1.665660e+00 -9.879632e+00 -2.644276e+00 9.446583e+00 -1.749049e+01 8.588608e-01 5.699364e-01 1.973017e+00 -4.664585e-01 -6.275030e-01 2.209694e-01 1.176569e+00 -9.471028e-01 1.582996e-01 -3.697795e-01 4.500952e-01 -2.890434e-02 1.734036e+00 -2.167623e-02 
1.510812e+01 -6.088705e+00 -4.875655e+00 -1.246290e+01 -5.914615e+00 5.982046e+00 -9.777046e+00 1.132564e+00 -1.102742e+01 -1.772670e+00 1.084206e+01 -1.689315e+01 8.474159e-01 5.625913e-01 1.510977e+00 -5.944168e-01 -4.089743e-01 -5.277292e-01 1.402594e+00 -2.325031e-01 -2.783106e-01 -5.585903e-01 1.986326e+00 2.627420e-01 1.071678e+00 -1.386988e-02 
1.516832e+01 -3.835219e+00 -5.917521e+00 -1.259725e+01 -8.749622e+00 8.636252e+00 -1.256328e+01 2.483621e+00 -1.336322e+01 3.048069e+00 7.965507e+00 -1.294854e+01 8.379796e-01 3.912113e-01 7.788994e-01 -7.844448e-02 4.228058e-02 -9.358439e-01 8.588248e-01 3.684888e-01 -1.352019e-01 -4.631085e-01 2.575421e+00 -2.797861e-02 9.330912e-01 -1.289033e-02 
1.562453e+01 -4.087612e+00 -5.364013e+00 -1.297645e+01 -8.230178e+00 8.555664e+00 -9.344809e+00 5.057104e-01 -1.251011e+01 4.920908e+00 1.104780e+01 -1.442783e+01 8.263283e-01 2.676097e-01 4.764560e-01 1.199206e-01 5.584793e-02 -4.096231e-01 -1.004824e-01 7.199247e-01 7.058635e-02 4.456224e-01 2.041878e+00 -3.961050e-01 7.662641e-01 -1.667257e-02 
1.559728e+01 -3.807836e+00 -5.681555e+00 -1.217247e+01 -8.267496e+00 7.665931e+00 -9.734928e+00 1.303078e+00 -1.145383e+01 6.886037e+00 9.203818e+00 -1.405769e+01 8.049530e-01 2.737113e-01 1.942038e-01 3.485902e-01 2.424021e-02 -4.376640e-02 -1.017850e+00 1.234110e+00 5.253561e-01 7.992829e-01 8.340832e-01 -8.131945e-01 8.430536e-01 -1.951567e-02 
1.623169e+01 -3.720117e+00 -4.394035e+00 -1.239605e+01 -8.203794e+00 5.964795e+00 -7.591598e+00 2.075768e+00 -9.754005e+00 6.517737e+00 8.242381e+00 -1.250725e+01 7.805664e-01 1.908465e-01 4.588380e-01 3.477604e-01 -1.334247e-01 -2.158986e-01 -1.171099e+00 1.368490e+00 8.104383e-01 6.556775e-01 6.758537e-02 -1.115563e+00 1.435137e+00 -1.911423e-02 
1.623330e+01 -3.047947e+00 -4.659559e+00 -1.276625e+01 -8.981647e+00 4.842439e+00 -7.269335e+00 4.325373e+00 -1.074486e+01 6.420070e+00 5.302246e+00 -9.693563e+00 7.632822e-01 1.225486e-01 7.378128e-01 1.715493e-01 -6.514869e-01 -4.056326e-01 -5.378277e-01 1.872979e+00 9.804525e-02 2.709837e-01 -5.736190e-01 -1.940699e-01 1.382985e+00 -1.593682e-02 
1.626075e+01 -2.173366e+00 -4.136209e+00 -1.334669e+01 -8.952596e+00 4.111914e+00 -3.735157e+00 3.046754e+00 -9.586208e+00 5.491819e+00 7.420775e+00 -9.434212e+00 7.515925e-01 1.049242e-01 1.110036e+00 -2.661399e-01 -1.093187e+00 -4.703138e-01 1.041843e+00 1.152342e+00 -5.007823e-01 -3.059462e-01 -2.957136e-01 2.884701e-01 1.091582e+00 -1.563903e-02 
1.619550e+01 -8.921469e-01 -4.952722e+00 -1.495459e+01 -9.921258e+00 5.903233e+00 -2.298252e+00 1.307811e+00 -1.018281e+01 4.530901e+00 8.644272e+00 -8.679290e+00 7.397558e-01 9.882603e-02 1.327266e+00 -3.707126e-01 -1.302764e+00 1.115038e-01 1.650995e+00 6.011975e-01 -9.419460e-01 3.651466e-02 -4.853422e-01 6.349022e-01 9.430279e-01 -1.940146e-02 
1.677521e+01 7.521660e-01 -5.578154e+00 -1.676781e+01 -1.008556e+01 1.064361e+01 -4.315432e+00 1.080637e+00 -1.156476e+01 5.983754e+00 8.013719e+00 -7.556478e+00 7.141345e-01 -2.064894e-01 6.221627e-01 2.667925e-01 -1.263562e+00 4.245322e-01 1.018021e+00 -2.036529e-01 -2.732709e-01 -4.550000e-01 -5.953094e-01 2.001181e-02 9.918085e-01 -2.509973e-02 
1.647020e+01 2.125619e+00 -5.792150e+00 -1.756951e+01 -7.857647e+00 9.831564e+00 -3.973210e+00 5.987015e-01 -9.573011e+00 3.747392e+00 8.180285e+00 -5.917292e+00 6.850039e-01 -5.253139e-01 -1.164856e-01 6.457804e-01 -5.162245e-01 -1.016774e-01 -7.967949e-04 -3.341360e-01 1.252580e-03 -3.886401e-01 -6.125336e-01 1.328377e-01 5.139384e-01 -2.665905e-02 
1.509095e+01 -5.714353e-01 -2.382532e+00 -1.835703e+01 -7.861740e+00 7.237854e+00 -3.915942e+00 2.034954e+00 -1.216611e+01 2.907027e+00 7.752828e+00 -5.856169e+00 6.534698e-01 -3.977582e-01 8.767404e-02 1.988153e-01 -6.818847e-02 -3.161945e-01 -1.335388e+00 4.473487e-01 -2.170802e-01 -4.994219e-01 -5.942801e-01 1.605411e-01 6.971689e-01 -2.293438e-02 
1.441106e+01 -8.127743e-01 -3.321630e+00 -1.674110e+01 -1.154155e+01 7.602128e+00 -4.168677e+00 8.369153e-01 -1.182534e+01 3.006597e+00 9.438906e+00 -6.959752e+00 6.367929e-01 -1.271418e-01 7.895817e-01 -6.752154e-01 -4.545917e-02 -5.289664e-01 -1.305675e+00 1.343311e+00 -5.030639e-01 -1.112639e-01 3.997124e-01 5.389774e-01 1.352169e+00 -2.423781e-02 
1.581599e+01 2.659733e+00 -5.819337e+00 -1.752296e+01 -9.824576e+00 5.081388e+00 -1.980955e+00 -1.238706e-01 -1.293571e+01 3.382751e+00 8.187114e+00 -3.549403e+00 6.235681e-01 2.348662e-01 1.662887e+00 -1.210831e+00 5.163032e-01 -3.283152e-01 -1.221683e+00 1.628954e+00 -1.348879e+00 5.149163e-01 -1.045840e-01 -3.765530e-01 6.801801e-01 -3.443085e-02 
1.547197e+01 4.457943e+00 -7.449824e+00 -1.821384e+01 -9.521061e+00 4.381421e+00 1.775852e+00 -8.372054e-01 -9.744529e+00 5.508092e+00 1.065803e+01 -3.098288e-01 5.787657e-01 9.109063e-02 2.016415e+00 -6.828326e-01 3.778048e-01 3.735577e-01 -1.715556e+00 8.053102e-01 -1.034440e+00 6.114501e-01 -1.711181e+00 -1.950218e+00 3.527796e-01 -4.631805e-02 
1.573483e+01 5.107639e+00 -6.372589e+00 -1.503914e+01 -1.051356e+01 2.739791e+00 1.256564e+00 -3.872381e+00 -1.063193e+01 1.133360e+00 5.260501e+00 -5.780231e+00 5.103291e-01 -3.583642e-01 1.588649e+00 -9.614114e-02 1.858389e-01 6.060886e-03 -1.025180e+00 4.488119e-01 -2.177498e-01 1.176814e+00 -1.969625e+00 -1.247733e+00 -3.060973e-02 -4.076702e-02 
1.490709e+01 8.045345e+00 -6.459167e+00 -1.609398e+01 -9.329272e+00 1.951475e-01 -1.760885e+00 -2.461030e+00 -9.919977e+00 -4.424614e+00 1.151122e+00 -4.080441e+00 4.618221e-01 -2.250690e+00 1.479877e+00 1.397487e+00 2.697185e+00 1.215982e+00 -1.047994e+00 6.013410e-01 1.123438e+00 2.287729e+00 -8.832494e-01 -8.134326e-01 2.192465e+00 -1.035030e-01 
1.430661e+01 8.809276e+00 -6.795371e+00 -1.765370e+01 -9.890166e+00 2.048624e+00 2.031473e+00 -4.007071e-01 -6.963917e+00 -1.499024e+00 6.701904e+00 -1.817146e+00 4.782048e-01 -3.785573e+00 1.404613e+00 3.042140e+00 4.806009e+00 2.946826e+00 -5.796700e-02 2.457905e+00 1.962846e+00 2.968457e+00 8.939029e-01 -8.454579e-01 3.036052e+00 -1.446953e-01 
4.932628e+00 1.000651e+01 -2.509966e-01 -3.420641e+00 -3.752851e+00 -5.129657e-01 4.395103e+00 3.044149e+00 -1.398876e-01 2.408037e+00 5.870165e+00 8.670955e+00 7.731283e-02 -4.326753e+00 5.631832e-01 3.436578e+00 5.873258e+00 3.612659e+00 1.175479e+00 3.326080e+00 1.068198e+00 2.087962e+00 1.280720e+00 -2.004244e+00 1.219485e+00 -1.462587e-01 
1.794192e+00 1.115012e+01 5.734029e+00 2.654230e+00 1.432359e+00 2.804013e+00 1.046810e+01 3.189260e+00 -6.796882e-01 2.186548e+00 -1.326309e+00 3.024330e+00 -2.089274e-02 -2.888908e+00 -7.319410e-01 1.937444e+00 4.392452e+00 4.358882e+00 1.068899e+00 1.625346e+00 9.265862e-01 1.070094e+00 -5.497702e-01 -3.831957e+00 -1.130539e+00 -9.992595e-02 
-4.704638e-01 9.690838e+00 4.459024e+00 3.118345e+00 3.072758e+00 5.694849e+00 1.065120e+01 1.084975e+00 -2.622280e+00 1.361971e-01 -4.855991e+00 -4.037519e-01 -1.992285e-02 -9.405907e-01 -2.601195e+00 -1.329612e+00 8.685259e-01 2.357090e+00 1.145948e+00 6.759470e-01 6.003742e-01 2.494743e-01 -1.019292e+00 -2.277290e+00 -2.274043e+00 -3.997964e-03 
2.563617e+00 5.307405e+00 5.368371e-01 1.039070e+00 8.491442e+00 4.289212e+00 7.030155e+00 5.211811e+00 -3.722473e-01 -3.111956e+00 -7.094804e+00 -2.932487e+00 2.719289e-02 1.212629e+00 -3.884079e+00 -3.753553e+00 3.795050e-01 1.240484e+00 -5.427856e-01 -1.273924e+00 1.213959e-01 -8.367605e-01 -1.424820e+00 -2.448123e-01 -1.060551e+00 5.642508e-02 
-1.550379e-01 -7.810748e-02 -4.300461e+00 1.729568e+00 4.503058e+00 4.474176e+00 9.493809e+00 5.034744e+00 9.537634e-01 -3.917313e-02 -2.632039e+00 2.791504e-01 3.328019e-02 2.092759e+00 -3.236814e+00 -2.546000e+00 6.064565e-01 7.814046e-01 -6.519480e-01 -1.270748e+00 -4.536239e-01 -1.298403e+00 -1.335769e+00 2.346388e-01 9.468623e-02 6.330253e-02 
7.699623e+00 -3.385798e+00 -8.653995e+00 5.246143e+00 6.919630e+00 7.004216e-01 4.677174e+00 1.821354e+00 -6.651513e+00 -4.849864e+00 -3.662347e+00 -2.619876e+00 2.346311e-01 5.686041e-01 -1.603773e+00 -1.124222e+00 1.466480e-01 1.946903e-01 3.469678e-01 -1.798174e+00 -3.257808e+00 -1.418380e+00 -1.031755e+00 -7.034245e-01 -3.437869e-01 2.751759e-02 
7.425329e+00 -2.146629e+00 -3.675560e+00 4.047091e+00 7.765687e+00 4.229505e+00 5.473951e+00 5.120835e-01 -5.974663e+00 -5.673695e+00 -5.399026e+00 -8.662629e-02 1.928707e-01 3.508721e-02 -2.785484e-01 2.554221e-01 1.878870e-01 1.075318e+00 1.421284e+00 -2.008897e+00 -3.260230e+00 -6.140245e-01 -2.205945e+00 -2.312176e+00 -7.687333e-01 -3.218955e-03 
1.616454e+00 -1.677200e+00 -5.396725e+00 6.135490e-01 7.833579e+00 6.146387e+00 4.921627e-02 -8.815899e+00 -3.999932e+00 -5.453471e+00 -9.228433e+00 -4.468534e+00 8.498561e-02 -1.395417e+00 -1.080022e-01 7.593500e-01 1.917676e-01 6.428450e-01 1.061240e+00 -9.327993e-01 -1.332203e+00 1.426034e+00 -1.057181e+00 -8.687376e-01 7.982304e-01 -3.820525e-02 
3.061983e+00 -2.325148e+00 -4.651985e+00 4.985301e+00 9.422672e+00 8.857612e+00 1.763301e+00 -5.947779e+00 -3.442150e+00 -1.076710e+01 -1.140988e+01 -2.640188e+00 9.200817e-02 -1.046072e+00 -9.642323e-01 -1.312349e-01 8.343636e-01 1.146055e+00 -1.461811e-02 -7.630544e-01 1.178502e-01 9.257181e-01 -1.320550e+00 -1.200997e-01 1.595326e+00 -8.449209e-03 
2.904211e+00 -3.836549e+00 -4.369032e+00 5.735876e+00 9.305363e+00 3.692569e+00 1.868503e+00 -1.609728e+00 -7.876003e-01 -7.589067e+00 -5.000610e+00 2.648056e+00 9.403610e-02 -1.944392e-01 -9.372284e-01 4.159271e-01 9.866996e-01 8.213574e-01 -7.563319e-01 -2.818685e-01 2.194042e+00 4.960359e-01 -7.504807e-02 1.306886e+00 1.918849e+00 1.122875e-02 
1.551089e+00 -5.888116e+00 -4.845581e+00 5.657745e+00 1.276007e+01 5.383323e+00 7.490358e-01 -2.501750e+00 -2.952238e+00 -1.120865e+01 -8.113436e+00 4.331711e+00 1.460994e-01 -5.398412e-01 -7.529005e-01 1.619438e-01 3.846305e-01 8.923890e-01 -1.080190e+00 -7.764418e-01 1.936393e+00 1.386091e-01 6.442904e-02 1.840613e+00 1.564419e+00 1.037544e-02 
1.399704e+00 -4.581858e+00 -3.220291e+00 5.210824e+00 1.027167e+01 4.101872e+00 -8.529940e-01 4.312983e-01 -1.764709e+00 -5.607937e+00 -4.342222e+00 1.639761e+00 1.140838e-01 -3.446935e-01 -1.881848e-01 1.956948e-01 3.751452e-01 4.674509e-01 -1.077745e+00 -1.219477e+00 -2.997726e-01 6.152365e-02 -3.907616e-01 6.495551e-01 6.409011e-01 -1.591331e-03 
1.115030e+00 -5.716996e+00 -4.416636e+00 7.170979e+00 1.340146e+01 3.252012e+00 -7.581596e-01 2.713674e+00 -2.260550e+00 -1.143552e+01 -2.536007e+00 5.686057e+00 1.338615e-01 -3.858013e-01 -2.682304e-03 1.563807e-01 1.110296e-01 -4.998006e-01 -8.554980e-01 -8.534719e-01 -1.172585e+00 -4.454905e-01 -2.727065e-02 1.293252e+00 1.211621e+00 -1.488181e-02 
1.398773e+00 -4.863033e+00 -3.605030e+00 6.854985e+00 1.132192e+01 -6.305001e-01 -3.475284e+00 -5.716303e+00 -8.258259e-01 -9.429440e+00 -4.541550e+00 5.175388e+00 9.219837e-02 -1.708044e-01 4.114955e-01 -3.179056e-01 3.132454e-01 -3.930084e-01 -6.305563e-01 -1.837063e-02 -1.748751e+00 -2.313454e-01 -5.588303e-02 -1.653571e-01 1.465226e+00 -1.620403e-02 
-3.774519e-01 -5.760941e+00 -3.871308e+00 5.390813e+00 9.735939e+00 3.472020e+00 -2.207179e+00 -5.290877e+00 -5.649133e+00 -9.434248e+00 -1.547514e+00 8.622001e+00 8.263302e-02 9.827819e-02 6.807908e-01 -1.313988e-01 2.608073e-02 -1.273168e+00 -3.988802e-03 8.884325e-01 -4.847298e-01 3.853005e-01 5.839573e-01 -1.582333e+00 1.840900e-01 -2.189644e-02 
1.291924e+00 -2.502409e+00 -5.082483e+00 7.667134e+00 1.013939e+01 8.390867e-01 -2.203374e-01 -4.310180e+00 -1.227144e+00 -6.887987e+00 -5.663255e+00 7.497920e+00 5.867785e-02 2.003395e-01 8.075197e-01 -1.970513e-01 2.892532e-01 -3.008708e-01 7.763237e-01 1.425214e+00 1.620471e+00 4.099408e-01 3.435486e-01 -1.498380e+00 -3.928099e-01 -1.514990e-02 
1.659845e+00 -3.493354e+00 -4.334904e+00 6.895308e+00 7.626889e+00 2.497274e+00 2.056529e+00 -4.130366e-01 -1.333889e-01 -9.786457e+00 -9.886819e+00 5.445241e+00 4.113960e-02 1.159657e-01 8.707696e-01 4.824972e-02 3.191806e-01 -9.202660e-01 -5.885679e-01 6.486136e-01 1.476179e+00 1.372916e+00 2.897119e-01 -1.365342e+00 -6.046962e-01 -1.736394e-02 
1.381822e+00 -1.959227e+00 -4.358489e+00 7.549004e+00 1.087209e+01 3.738491e+00 1.518932e+00 -5.286741e-02 -1.533994e+00 -7.535592e+00 -7.863799e+00 4.799718e+00 3.719556e-02 -1.055264e+00 -2.231467e-02 4.484805e-01 -8.721014e-01 -1.572380e+00 -8.543693e-01 1.013286e-02 1.375209e+00 1.982449e+00 7.777290e-01 -8.187021e-01 -3.071925e-01 -2.431395e-02 
1.574278e-01 -1.678683e+00 -3.992057e+00 7.045781e+00 4.768260e+00 -9.205219e-01 1.662540e-01 -3.863573e-02 1.368875e+00 -7.661887e+00 -7.273951e+00 6.947620e+00 6.554484e-03 -1.404154e+00 4.066299e-01 7.478115e-01 -7.467004e-01 -1.131386e+00 -1.174348e+00 2.185484e-01 -4.106752e-01 5.330595e-01 9.356411e-01 -4.592955e-01 -7.116255e-01 -2.464719e-02 
-3.233186e+00 -3.521317e+00 -3.011504e+00 3.231390e+00 3.706805e+00 -1.723861e+00 7.754645e-01 2.378664e+00 7.933970e+00 -4.061627e+00 -1.106320e+01 5.210768e+00 -4.559934e-02 -1.113432e+00 6.507913e-01 1.071634e+00 -6.828022e-02 -1.602562e-01 -2.348911e-02 9.740764e-01 -6.519787e-01 -1.940837e-01 3.842619e-01 -2.745090e-01 -1.592365e+00 -2.222950e-02 
-3.053420e+00 -6.791595e-01 -1.269339e+00 5.320613e+00 5.552601e+00 -6.432890e-01 3.521005e+00 -3.682178e+00 -2.202074e+00 -6.845234e+00 -1.058360e+01 1.681590e+00 -4.069889e-02 -6.735343e-01 6.230079e-01 1.192407e+00 5.301713e-01 6.423959e-01 6.954255e-01 1.177291e+00 -9.883815e-01 -9.460131e-01 1.062288e+00 8.554812e-02 -1.457084e+00 -1.952009e-02 
-2.579912e+00 7.949675e-01 -3.616776e-01 8.070187e+00 9.678638e+00 3.482429e+00 4.711938e+00 -1.490990e+00 -7.189381e-01 -6.022608e+00 -7.581521e+00 -5.290895e-01 -5.032527e-02 -2.625972e-01 9.596598e-01 8.707711e-01 5.863420e-01 -2.768099e-02 1.791763e-01 1.066626e+00 -9.646827e-03 2.876844e-02 1.540447e+00 1.425873e+00 3.056431e-01 -1.398377e-02 
-3.536880e+00 -7.217859e-01 6.450658e-01 7.277239e+00 4.994323e+00 -4.653960e-02 4.084470e+00 -3.045716e+00 9.652639e-01 -1.369957e+00 -8.587049e+00 2.532129e+00 -8.868301e-02 -3.276224e-01 8.180439e-01 3.430855e-01 -1.119049e-02 -4.735945e-01 4.087929e-01 3.131189e-01 1.843427e+00 3.473238e+00 2.841376e+00 1.407462e+00 9.232788e-01 -6.722498e-03 
-4.304441e+00 1.298295e+00 3.851485e-01 5.184787e+00 3.847539e+00 -1.126354e+00 5.826860e+00 2.012199e+00 6.494143e+00 9.029688e-01 -4.932106e+00 6.313713e+00 -9.152615e-02 -8.468628e-02 1.228490e+00 2.336392e-02 -3.641692e-01 -6.217019e-01 4.231389e-01 -7.672139e-01 1.023447e+00 2.076709e+00 1.644048e+00 6.904972e-01 1.929147e+00 6.911397e-04 
-3.829268e+00 3.159397e+00 7.267570e-02 6.707361e+00 6.100178e+00 3.705067e+00 4.529139e+00 3.783364e+00 1.155758e+01 3.898855e+00 -4.870996e+00 2.876582e+00 -5.371094e-02 6.199922e-02 1.285459e+00 8.743643e-01 7.042823e-02 -9.655120e-02 6.707304e-01 -9.589658e-02 1.865533e-01 1.116834e-01 3.876707e-01 7.410052e-01 3.403022e-01 4.809010e-03 
-2.857150e+00 4.996828e+00 4.133701e-02 6.534281e+00 6.017200e+00 3.722320e+00 6.535349e-01 2.117064e-01 4.368448e+00 -4.367721e-01 -5.987062e+00 8.944417e+00 -6.435561e-02 1.737098e-01 6.129771e-01 7.384571e-01 7.037606e-02 -1.147230e+00 6.868141e-01 -1.616383e-01 -1.873302e+00 -1.708397e+00 5.793953e-02 8.123954e-02 -8.079824e-01 4.504299e-03 
-3.950530e+00 3.856240e+00 5.188793e+00 6.954634e+00 3.426736e+00 8.827748e-01 6.191650e+00 -1.212703e+00 2.586529e+00 1.238266e+00 -4.354546e+00 2.918288e+00 -7.822323e-02 3.899012e-02 7.286541e-02 4.371437e-01 -3.709909e-01 -1.987323e+00 2.413177e-03 2.850429e-01 -2.234727e+00 -2.017055e+00 2.079442e-02 1.376652e-01 -7.938737e-01 1.531959e-04 
-3.375261e+00 4.014759e+00 1.519375e+00 5.413031e+00 -5.518904e-01 3.718862e+00 4.187413e+00 -4.856278e+00 2.437682e+00 2.522961e+00 -4.784134e+00 2.252948e+00 -5.674851e-02 -4.609537e-02 -1.805621e-01 -7.133405e-02 -3.784102e-01 -1.711681e+00 2.829171e-01 5.063521e-01 -1.377954e+00 -4.010378e-01 7.204159e-01 1.976267e-01 -1.404828e+00 3.668892e-03 
