-8.465488e+00 2.203689e+00 -4.097682e+00 -2.375410e+00 6.992495e+00 -5.842721e-01 2.994684e+00 2.168374e+00 -5.465771e+00 -2.073310e+00 -5.702145e-01 -4.132563e+00 -1.512927e-01 1.142750e-02 3.380786e-01 6.278405e-01 1.083070e-01 -7.086947e-01 -7.643223e-01 -7.378902e-02 -8.630096e-01 1.507917e+00 9.208377e-01 -7.575049e-02 3.614605e-01 6.225348e-04 
-7.179384e+00 2.932368e+00 -1.827299e+00 -3.167843e+00 4.760562e+00 -1.223682e+00 2.797713e+00 8.064204e-01 -5.965878e-01 1.211043e+00 -1.537826e+00 -8.497913e+00 -1.512927e-01 8.633213e-02 6.727527e-01 6.123881e-01 7.717656e-01 -5.632531e-01 3.851456e-01 1.093846e-01 -7.118179e-01 1.703775e+00 1.787711e+00 2.068214e-01 1.208387e+00 5.162513e-03 
-9.051403e+00 3.529742e+00 -2.093670e+00 -1.437659e+00 4.564987e+00 -4.086179e+00 2.724224e+00 -1.465697e+00 -3.607781e-01 8.887025e-01 -4.651614e-01 -1.425855e-01 -1.481800e-01 3.007085e-01 3.012534e-01 2.601401e-01 4.197806e-01 -7.001275e-02 1.206711e+00 3.905627e-01 1.408536e-01 2.135760e+00 1.821755e+00 3.630430e-01 1.426641e+00 2.425623e-03 
-7.740870e+00 4.904426e+00 -2.037747e+00 1.014543e+00 5.389982e+00 3.092409e+00 3.676836e+00 4.263208e-01 5.006094e-01 5.384238e+00 4.113659e-01 -8.561850e-02 -1.270365e-01 3.241702e-01 4.307227e-01 -1.927798e-01 5.280702e-01 5.050466e-01 8.522736e-01 9.529670e-01 9.346653e-01 1.533003e+00 1.920928e+00 2.243205e-02 1.220839e+00 -3.112674e-04 
-6.681203e+00 2.723927e+00 -2.691757e+00 -2.367700e+00 6.327720e+00 3.291238e+00 4.507936e+00 3.062692e+00 4.664433e+00 4.948870e+00 2.704049e-01 -1.205506e+00 -1.512927e-01 3.644122e-01 1.624077e-01 -2.827327e-01 1.458204e-01 1.637771e-01 3.772109e-01 8.812300e-01 7.774216e-01 1.149353e+00 6.854577e-01 -2.638739e-01 -2.117403e-01 -3.048158e-03 
-6.743633e+00 5.488889e+00 -2.492155e+00 -6.247139e-02 6.404428e+00 -6.510220e-01 6.670692e+00 3.215553e+00 4.555823e+00 8.785601e+00 -1.793448e+00 -1.862258e+00 -1.512927e-01 1.642404e-01 1.795690e-01 -3.560573e-01 5.845462e-01 3.244728e-01 -4.622465e-01 -4.088921e-01 -2.507347e-01 -1.141559e-01 -3.368699e-01 4.602077e-01 8.509185e-02 9.943390e-03 
-7.727961e+00 4.049548e+00 -3.280129e+00 -1.700497e-01 4.876650e+00 -3.284086e-01 5.633446e+00 1.026795e+00 3.358380e+00 2.615310e+00 -6.821239e-01 -3.129671e-01 -1.512927e-01 -1.718502e-02 5.913929e-01 -2.159909e-01 7.825865e-01 5.756873e-01 3.336518e-01 -1.364792e+00 -7.481405e-01 -8.617119e-01 -8.304161e-01 -1.750012e-01 1.298017e-01 1.467934e-02 
-6.396290e+00 5.139460e+00 -3.523848e+00 2.838449e+00 7.737882e+00 2.591000e+00 1.069621e+00 1.905957e-01 5.828564e-01 4.866669e+00 3.188669e+00 -1.064286e-01 -7.731950e-02 2.114203e-01 1.225687e-01 -2.272278e-02 2.819080e-01 1.049038e+00 7.379822e-01 -5.118079e-01 1.085170e-01 -1.786790e+00 -9.445623e-01 6.840616e-01 3.529390e-01 3.641009e-03 
-6.940800e+00 5.855606e+00 -3.255865e+00 9.477282e-02 8.539431e+00 3.338487e+00 4.845104e-01 8.344679e-01 2.342357e+00 2.756255e+00 -3.095660e+00 -1.434412e+00 -1.148826e-01 4.791159e-01 1.447930e-01 1.529247e-01 -1.817226e-01 1.972992e-01 6.478476e-01 9.532230e-01 1.123431e+00 -1.972025e+00 -2.925070e-01 -3.788726e-02 -2.720117e-01 -2.980518e-03 
-6.080112e+00 5.198704e+00 -2.617901e+00 1.214657e+00 9.818227e+00 1.205442e+00 6.686121e+00 3.854301e+00 -3.870116e+00 3.992317e+00 2.833628e+00 4.631591e-01 -1.512927e-01 2.123431e-01 -4.771285e-02 -3.338864e-01 -6.661809e-01 -1.333513e+00 -5.792518e-02 2.665163e+00 1.026569e+00 -1.554804e+00 -1.525946e-01 -9.794080e-01 -1.044731e+00 -7.011128e-03 
-5.490470e+00 4.743891e+00 -2.968479e+00 -2.667670e-01 4.822973e+00 3.603609e+00 7.591311e+00 4.812099e+00 -4.275259e+00 1.589951e+00 -6.940397e-01 -1.957819e+00 -1.292087e-01 -1.156874e-02 -1.197395e-02 -5.286673e-01 -7.651683e-01 -9.297221e-01 -3.584724e-01 1.761105e+00 -3.335424e-01 -1.234100e+00 6.608635e-01 3.423964e-01 -5.390128e-01 -2.673960e-03 
-6.059739e+00 5.456753e+00 -5.336973e+00 -3.116860e-01 2.928547e+00 2.168813e+00 1.084203e+01 3.334626e+00 -3.882357e+00 4.686848e+00 -2.909181e+00 -5.068378e+00 -1.052121e-01 -3.335781e-01 3.599578e-01 1.701651e-01 -9.984188e-01 -6.560389e-01 -1.727298e-01 4.445642e-01 -7.171753e-01 4.833248e-01 1.846510e-01 -3.802540e-01 -6.815659e-01 -8.705378e-04 
-7.008830e+00 5.666712e+00 -4.539666e+00 -2.967897e+00 7.335660e+00 1.064439e+00 7.212077e+00 -5.734067e-01 -3.822021e+00 5.713307e+00 1.487727e+00 -1.363707e+00 -1.512927e-01 -2.663371e-01 1.240691e-01 6.227643e-01 -7.592634e-01 6.110388e-01 -2.057367e-01 -9.561940e-02 -1.056226e+00 4.538852e-01 5.492481e-01 7.789822e-01 -6.236808e-01 -8.355928e-03 
-6.988823e+00 6.537082e+00 -9.814823e-01 -2.426872e+00 5.281689e+00 1.611377e+00 9.098558e+00 2.961177e+00 -1.680112e+00 2.853894e+00 -1.585251e-01 -3.241727e+00 -1.446034e-01 4.210625e-02 -7.086983e-02 5.355985e-01 -6.396790e-01 2.355603e-01 1.834884e-01 -6.227165e-01 1.379867e-01 1.272299e-01 -2.474115e-01 9.455467e-01 6.888018e-01 -5.987620e-03 
-6.357614e+00 4.824072e+00 -2.032403e+00 -3.005491e+00 6.701596e+00 2.853643e+00 7.984951e+00 -2.823069e-01 -3.106955e+00 5.252668e+00 1.825543e+00 -5.989549e+00 -1.512927e-01 3.021465e-01 1.050295e-01 3.275187e-02 1.751832e-01 -1.521176e+00 2.068483e-01 -5.683732e-01 1.905503e-01 2.753195e-01 6.184281e-01 -2.915410e-01 9.926285e-01 1.206955e-02 
-6.174816e+00 5.523724e+00 -3.912612e+00 -3.491284e+00 4.423380e+00 2.191653e+00 7.342013e+00 3.879009e+00 -3.603740e+00 3.680110e+00 1.649644e+00 6.885519e-01 -1.351502e-01 1.652410e-01 -2.296264e-01 -1.515213e-01 3.328900e-01 -1.068302e+00 -1.067826e-01 -1.146325e+00 -6.985057e-01 1.925123e-01 1.154615e+00 -8.462200e-02 1.763654e+00 7.406855e-03 
-5.905101e+00 6.698539e+00 -2.910342e+00 -1.559775e+00 1.589351e-01 1.808543e+00 5.248484e+00 -7.957131e-02 -1.483608e+00 8.392340e+00 -8.740631e-01 1.634296e+00 -9.567153e-02 -5.651549e-01 -6.895096e-01 7.104775e-01 9.276863e-01 -5.950686e-01 -1.337334e+00 -1.852125e+00 1.262843e-01 8.518165e-01 3.455083e-02 2.045533e-01 1.524747e+00 2.482927e-03 
-6.388874e+00 4.451717e+00 -1.300119e+00 -1.485280e+00 3.211512e+00 1.600015e+00 4.735168e+00 -6.327188e-01 -1.529223e+00 7.057131e+00 7.681681e-01 1.764622e+00 -1.353797e-01 -1.318880e+00 -2.813810e+00 2.014053e+00 2.102447e+00 1.787524e+00 -2.225664e+00 -2.108109e+00 2.649492e+00 3.707780e-01 -9.241434e-01 7.584217e-01 -9.007462e-01 3.711922e-02 
-9.076359e+00 1.912528e+00 2.137380e-01 6.299386e-01 4.332188e+00 -3.537209e+00 2.774906e-02 2.604979e+00 1.148694e-01 3.736912e+00 3.289048e+00 1.096152e+00 -1.387633e-01 -2.202093e+00 -1.555234e+00 1.432152e+00 2.476102e+00 2.248373e+00 -1.222734e+00 7.679092e-01 2.338139e+00 -2.885366e-01 -2.489645e+00 1.476725e+00 -8.072028e-01 7.864871e-02 
-1.118359e+01 -6.152321e+00 4.595613e+00 5.926093e+00 1.127438e+01 -6.263792e+00 -5.881619e-01 1.578419e+01 -2.549089e+00 1.387107e+00 3.360198e+00 -3.546107e+00 7.199180e-02 -2.066589e+00 -1.507924e+00 -9.152309e-01 1.791121e+00 -2.391715e-02 -7.531508e-01 3.010888e+00 8.293811e-01 -1.072756e+00 -2.603417e+00 7.152230e-01 -5.148827e-01 1.209885e-01 
-1.451821e+01 4.224389e+00 1.302552e+00 7.115051e+00 7.369369e+00 -3.732246e-01 1.174969e+01 3.402670e+00 -2.416359e+00 -1.220876e+00 5.213549e+00 2.536466e-01 1.938863e-01 8.722572e-02 -2.822514e+00 -1.652439e+00 5.663890e-01 -2.079020e+00 3.749765e-01 3.667391e+00 -1.272917e-02 -2.245386e+00 -2.036443e+00 7.083110e-01 -2.267929e-01 1.000729e-01 
-1.400089e+01 -4.243833e+00 -6.420681e+00 4.227767e+00 1.573335e+00 -3.747731e+00 1.392863e+01 3.115341e+00 -5.627389e+00 -3.481058e+00 3.382032e+00 -3.885392e-01 3.032379e-01 1.927529e+00 -1.415490e-01 -1.621035e+00 -4.983101e-01 -2.806796e+00 6.804085e-01 1.739495e+00 -2.037488e+00 -1.958296e+00 -9.259898e-01 -5.985166e-01 -3.140039e-01 -2.770231e-02 
-7.231578e+00 -1.315429e+01 -2.540310e+00 4.311046e+00 -1.212392e+00 -2.920357e+00 1.110631e+01 8.875758e+00 -9.572908e+00 -4.011219e+00 6.819685e+00 -1.616596e+00 2.459784e-01 2.625993e+00 7.506112e-01 2.707050e-01 -8.856492e-01 -1.302918e-01 2.150774e-01 -1.798025e+00 -6.617255e-01 -5.865105e-01 1.279878e+00 -1.020445e+00 -6.666476e-01 -1.086162e-01 
-5.189257e+00 1.829272e+00 -1.588129e+00 4.836545e+00 1.531279e+00 -1.588183e+00 8.431006e+00 2.860207e+00 -8.762295e+00 -1.847671e+00 -4.354534e-01 -4.181005e+00 -9.256577e-02 2.146879e+00 3.910708e+00 7.985844e-02 -2.289186e+00 1.702934e+00 1.287272e+00 -2.047238e+00 -8.568346e-01 1.173374e+00 2.904638e+00 -7.275001e-01 9.038161e-01 -1.242681e-01 
-5.794061e+00 4.940893e+00 2.398012e-01 2.382416e+00 6.738938e+00 -3.776117e-01 5.508381e+00 2.216093e-01 -3.781459e+00 4.361821e+00 2.020068e+00 -1.183358e+00 -1.512927e-01 3.954574e-01 3.982321e+00 -1.170567e+00 -3.399277e+00 1.143347e+00 4.013848e-02 -2.427476e+00 -9.252371e-01 7.884481e-01 1.427648e+00 -1.116467e+00 8.275815e-01 -6.639604e-02 
-3.985253e+00 6.262115e+00 -7.411445e+00 -6.253850e+00 6.112338e+00 1.417256e+00 6.491408e+00 3.158242e+00 -2.656244e+00 6.855613e+00 2.144341e+00 3.913922e+00 -1.194671e-01 -1.429296e-01 -1.347539e-01 -1.749778e+00 -3.619134e+00 -2.850775e-01 -1.060474e+00 -2.253324e+00 1.892138e+00 3.952951e-02 1.253437e-01 8.759815e-01 4.930115e-02 2.612469e-02 
-5.856293e+00 4.540898e+00 -5.481486e+00 -7.140139e+00 2.213816e+00 -4.222384e+00 -6.127262e-02 4.100555e+00 -8.683693e+00 -1.224619e+00 -5.254734e-02 -1.526152e+00 -7.255113e-02 4.349438e-01 -2.311614e-01 -8.724543e-01 -1.361709e+00 -1.027370e+00 -1.616871e+00 -1.876804e+00 7.203467e-01 9.279302e-01 -1.581736e+00 -1.349421e+00 -1.476861e+00 1.253948e-02 
-5.872788e+00 1.355500e+00 -7.476377e+00 -8.497850e+00 2.368453e+00 -4.968167e+00 -5.078650e-02 1.038142e+01 -6.113530e+00 1.572268e+00 4.980762e+00 -3.763102e+00 -1.313090e-03 6.356378e-01 1.643796e-01 8.127345e-01 9.636889e-01 -4.879946e-01 -1.480714e+00 -1.407628e+00 -1.015889e+00 1.305625e+00 -6.642691e-01 -1.230826e+00 -6.640948e-01 -1.083958e-02 
-2.675574e+00 6.238393e+00 -4.090005e+00 -3.304130e+00 3.474030e+00 -5.269253e+00 -6.045437e-01 2.117514e-01 2.586835e+00 -9.051845e-01 -6.145246e+00 -4.729153e+00 -1.476723e-01 1.163666e+00 -5.680209e-01 1.291896e+00 2.826297e-01 -3.879017e-01 -4.941702e-02 3.611139e-01 -1.188883e+00 7.463046e-01 5.254633e-01 -8.078274e-01 1.340435e+00 2.191819e-02 
-2.397424e+00 6.235266e+00 -4.043512e+00 -3.353411e+00 3.042258e+00 -5.462878e+00 -2.750950e-01 2.319708e-02 -1.763382e+00 3.374550e+00 -9.634415e-01 2.194949e+00 -1.361045e-01 1.470920e+00 -1.519294e+00 2.253872e+00 -1.513139e+00 -1.936163e-01 -4.275330e-01 5.365599e-01 -1.466433e+00 -3.761489e-01 3.232163e-01 -1.438564e+00 2.346779e+00 9.030078e-02 
-1.775645e+00 -7.390901e-01 -7.384360e-01 -8.299210e+00 -6.259537e-02 -4.222114e+00 1.856451e+00 3.335253e+00 -7.127244e+00 5.015566e-01 -1.119583e+00 2.196997e+00 1.044355e-01 4.672715e-01 -1.469827e+00 5.634352e-01 -1.288794e+00 -4.285976e-01 -8.689713e-01 -8.898380e-01 5.213186e-01 -3.812121e-01 1.462128e+00 6.622316e-01 1.851692e+00 9.578056e-02 
1.031845e+00 -2.752230e+00 2.117200e+00 -1.356601e+01 3.168684e+00 -7.629402e+00 1.401515e+00 1.487509e+00 -3.137235e+00 2.484978e+00 -4.724887e+00 4.507718e+00 3.241369e-01 -9.146986e-01 -1.077987e+00 -5.589165e-01 -7.336490e-01 6.908875e-01 -1.120647e+00 -6.585768e-01 4.370244e-01 5.920887e-03 4.238935e-01 -7.527866e-01 -6.108649e-01 5.742215e-02 
-2.053851e+00 3.383006e+00 -4.353185e+00 -4.641801e+00 1.267828e+00 -8.530849e+00 -5.892039e+00 2.086189e+00 1.367702e+00 6.850242e+00 -9.533652e-01 3.372924e+00 1.011098e-01 -2.118701e+00 3.974742e-01 -1.073872e+00 7.994527e-01 1.568673e+00 1.680659e-01 -4.937362e-01 1.064967e+00 6.299088e-01 1.554372e+00 -3.914372e-01 -1.082536e+00 -5.790460e-03 
-6.831814e+00 -1.215718e+00 -5.030721e+00 -8.850360e+00 5.831483e+00 -8.911745e+00 3.062658e-01 2.832851e+00 -5.981250e+00 2.319675e+00 -4.810483e+00 -1.447340e+00 1.526691e-01 -2.019836e+00 3.897460e-01 -1.534809e+00 2.469073e-01 6.793306e-01 7.367467e-01 1.399089e+00 2.919048e-01 -6.173884e-01 5.670113e-02 -3.090850e-01 -1.853474e+00 2.942614e-02 
-8.437319e+00 4.800253e-01 -2.533834e+00 -6.659770e+00 6.449369e+00 -2.740613e+00 -6.460524e-02 7.987415e+00 -2.555692e+00 8.356067e+00 -3.033970e+00 -2.381537e-01 1.612171e-01 -6.009790e-01 -2.725332e-01 -4.836839e-01 -1.619967e+00 3.425534e-01 4.494777e-01 2.881667e+00 -6.502308e-01 -8.103747e-01 -8.868523e-01 -8.398489e-01 -1.314463e+00 1.025244e-01 
-5.875603e+00 6.479909e-01 -6.466522e+00 -1.132249e+01 3.974566e+00 -6.840786e+00 5.483241e+00 -3.580570e-03 -4.262480e+00 2.015572e+00 -5.230010e+00 -2.954112e+00 4.412140e-01 -6.516426e-01 1.310846e+00 1.016374e+00 2.075230e-01 7.540499e-01 1.720393e+00 2.035388e+00 -1.398336e+00 -9.775687e-01 -1.228581e+00 -7.564883e-01 -2.338832e-01 3.378215e-02 
-5.536852e+00 1.088485e+00 -6.053703e+00 -1.150558e+01 3.909054e+00 -7.318939e+00 5.927808e+00 2.532505e-01 -3.543557e+00 2.568032e+00 -4.942847e+00 -2.446007e+00 4.694594e-01 -7.898365e-01 1.916405e+00 1.241752e+00 1.555385e+00 1.223364e+00 5.232259e-01 1.088890e+00 -1.283424e+00 -8.038238e-01 -1.246676e+00 -1.121894e-01 -2.830482e-01 -2.772378e-02 
-1.154026e+01 5.034283e+00 1.811086e+00 -5.389843e+00 1.087189e+01 1.979384e+00 7.487000e+00 -2.917468e-01 -1.037516e+01 -9.292135e-01 -7.638487e+00 -1.512829e+00 1.674587e-01 -1.378154e+00 2.184170e+00 2.033548e+00 2.785572e+00 2.316029e+00 1.377406e+00 -2.594713e-01 1.087360e+00 2.033883e-01 1.875909e-01 1.602131e-01 7.962652e-01 -6.240373e-02 
-9.554173e+00 7.868906e+00 -4.638805e-01 -1.849165e+00 9.117526e+00 -4.534568e+00 4.377964e+00 1.714376e+00 -3.518471e+00 3.595078e+00 -2.390679e+00 -2.374036e+00 1.594758e-01 -1.500286e+00 9.842793e-01 1.336889e+00 1.354940e+00 1.650787e+00 7.065015e-01 -3.472652e-01 1.091366e+00 1.054489e+00 8.421193e-01 -1.273573e-01 5.814477e-01 -2.527761e-02 
-1.075771e+01 8.178634e+00 9.063063e-01 -2.222830e+00 1.295047e+01 -1.345938e+00 4.960807e+00 4.702658e+00 -3.258082e+00 2.440003e+00 -5.705028e+00 9.912293e-01 2.841871e-01 -1.245977e+00 -1.697669e+00 -1.865653e-01 -1.310863e-01 -2.496265e-01 -2.882171e-01 8.528293e-01 1.185893e+00 2.026350e+00 2.322567e+00 4.559509e-01 8.559593e-01 4.538551e-02 
-1.342956e+01 4.437706e+00 1.083132e+00 -6.314379e+00 1.112370e+01 -2.123770e+00 5.454579e+00 3.212877e+00 -1.829654e+00 5.094021e+00 -6.546363e+00 -7.907976e-01 2.847071e-01 -1.856531e+00 -3.144920e+00 -1.653126e-01 -9.276296e-01 -1.935536e+00 9.456428e-02 1.068611e+00 2.040218e-01 -2.359148e-01 1.362990e+00 -3.685729e-01 -7.367214e-01 6.108843e-02 
-1.583245e+01 -1.738463e+00 1.047533e-01 -3.812667e+00 8.620671e+00 -6.671003e-01 1.121284e+01 4.888466e+00 -1.087819e+00 9.934148e+00 -3.280890e+00 1.975348e+00 3.317706e-01 -1.579513e+00 -2.457208e+00 -7.727019e-01 -3.658960e-01 -2.046128e+00 -5.468510e-01 -5.953085e-01 -9.820175e-02 -3.647130e-02 7.627326e-01 1.199768e+00 -1.555877e+00 5.588286e-02 
-1.629946e+01 -2.897145e+00 -8.896670e-01 -5.692395e+00 1.604746e+00 -4.401165e+00 6.595005e+00 2.641581e+00 -5.783176e+00 6.662956e+00 -5.445612e+00 -6.549703e+00 4.411262e-01 -4.311875e-01 -2.824252e-01 3.115668e-02 2.736036e-01 -1.594483e+00 -4.840102e-01 -1.020846e+00 -9.038401e-02 -6.085321e-01 -8.064140e-01 4.992608e-01 -2.576166e-01 6.077754e-02 
-1.722033e+01 -4.399806e-01 -1.970804e+00 -4.363303e+00 7.479311e+00 -2.941496e+00 1.414052e+00 4.497297e+00 -1.463677e+00 5.469198e+00 -2.565638e-01 -3.908701e+00 4.853919e-01 2.361244e+00 2.235847e-02 -5.668446e-01 4.441485e-01 3.989277e-01 -8.891014e-01 -1.247043e+00 -1.595050e+00 -1.693619e+00 -1.965902e+00 2.220536e-01 5.301468e-01 8.023175e-02 
-1.489156e+01 2.376339e+00 2.276694e+00 -4.671043e+00 3.721966e+00 -3.406624e+00 5.249741e+00 2.956541e+00 -4.684385e+00 3.294425e+00 -5.562222e+00 8.631442e-01 5.117842e-01 3.280268e+00 -5.168077e-01 -9.066457e-01 1.325588e-01 -1.672186e-01 2.487374e-01 6.189337e-01 -1.277129e+00 5.707260e-01 -8.294871e-01 1.304582e+00 1.446732e+00 7.958042e-02 
-4.730182e+00 -4.263413e+00 -4.312651e+00 -2.102600e+00 9.556700e+00 -5.609879e+00 5.650257e+00 -3.244265e+00 -1.010531e+01 1.788905e+00 -2.112318e+00 9.196589e-01 6.976004e-01 4.225361e+00 2.258581e-01 7.170876e-01 3.166864e-01 -2.359702e+00 3.733251e-01 1.258783e+00 -1.312880e+00 -7.372814e-01 -5.859020e-01 2.371768e+00 4.463714e-01 4.227887e-02 
-6.143190e+00 -3.569468e+00 -4.251972e+00 -6.159952e+00 -2.700415e-01 -1.823287e+00 7.571570e+00 1.267157e-01 1.391271e+00 4.355668e+00 2.005175e+00 -1.730222e+00 7.329241e-01 5.848938e+00 -4.711075e-02 3.431911e-02 2.319968e-01 -2.073210e+00 1.550636e+00 -1.912627e+00 -7.503042e-01 3.033877e-01 -1.070760e+00 2.586045e+00 8.508854e-01 2.675017e-02 
-4.677086e-01 3.662213e+00 4.878967e+00 -2.035416e+00 -2.323197e+00 -1.866539e+00 6.547052e+00 -6.521912e-01 -8.187913e+00 2.009067e+00 7.818579e+00 -3.801609e-01 5.862163e-01 5.695230e+00 -2.509516e-01 4.991249e-01 1.456696e-01 -2.375498e+00 2.436569e+00 -4.144979e+00 -8.689941e-01 1.036327e+00 -1.835511e+00 6.304442e-01 2.639741e+00 1.514488e-02 
1.222189e+01 -1.822028e+00 -2.147520e+00 -3.544651e+00 -7.041392e-01 2.474884e+00 -4.761791e+00 -2.091017e+00 -4.126146e+00 -2.169456e+00 2.402553e+00 5.767481e+00 7.012271e-01 6.102414e+00 -1.703049e+00 -8.097901e-01 3.964937e-01 2.564903e-01 2.277721e+00 -5.599852e+00 -2.551748e+00 8.297333e-01 -2.650008e+00 -1.620633e+00 3.346337e+00 3.296674e-02 
1.456342e+01 -6.391891e+00 -2.869252e+00 -2.681902e+00 -2.103741e+00 4.423880e+00 -8.907955e+00 -6.480369e+00 -2.164971e+00 -4.126088e+00 8.412143e-01 1.036951e+01 7.891733e-01 3.866571e+00 -2.567098e+00 -2.405715e+00 -6.828829e-01 1.429248e+00 2.331161e+00 -4.893917e+00 -3.485265e+00 3.131929e+00 -1.872555e+00 -2.291830e+00 1.587430e+00 5.532527e-02 
1.685331e+01 -7.057662e+00 -4.426814e+00 -3.854240e+00 9.026823e-01 6.420109e+00 -1.270019e+01 -9.717934e+00 2.528466e+00 -5.826794e+00 -2.609307e+00 9.626628e+00 7.962793e-01 1.178568e+00 -5.575426e-01 -1.720322e+00 -9.908189e-01 1.765000e+00 2.351758e+00 -2.636101e+00 -4.422753e+00 2.776800e+00 -9.086741e-01 -4.334887e-01 -8.508526e-01 2.914837e-02 
1.654944e+01 -6.555459e+00 -6.009958e+00 -5.295036e+00 4.019633e+00 7.816652e+00 -1.395333e+01 -1.426506e+01 4.144426e+00 -5.525038e+00 -1.134639e+00 5.627417e+00 8.153166e-01 6.557730e-01 5.060756e-01 -1.763016e+00 -1.270515e+00 1.329165e+00 3.267804e+00 -1.855736e+00 -4.208354e+00 1.741299e+00 -2.618589e-01 6.957906e-01 -1.645543e+00 1.567386e-02 
1.712173e+01 -4.527956e+00 -9.178778e+00 -7.192179e+00 5.059171e+00 1.253729e+01 -1.541961e+01 -2.031244e+01 6.603154e+00 -6.013351e+00 1.223036e+00 3.884264e+00 8.338973e-01 3.196273e-01 6.768435e-01 -1.209772e+00 -1.628693e+00 6.180122e-01 3.552047e+00 -9.540064e-01 -3.896049e+00 5.447643e-01 8.515215e-02 1.785728e+00 -9.829659e-01 1.629383e-02 
1.770808e+01 -5.126366e+00 -9.308352e+00 -7.365507e+00 2.463837e+00 1.770431e+01 -1.682693e+01 -2.222489e+01 4.504180e+00 -5.342103e+00 2.403996e+00 5.012975e+00 8.487336e-01 1.435323e-01 4.962381e-01 -7.824569e-01 -1.294361e+00 3.710446e-01 2.993386e+00 -7.311867e-01 -2.559061e+00 5.579188e-01 -4.894807e-01 1.559743e+00 4.274347e-01 1.652839e-02 
1.787213e+01 -4.387991e+00 -8.826475e+00 -1.096247e+01 4.770641e+00 1.923652e+01 -1.603342e+01 -2.521827e+01 5.072410e+00 -5.492500e+00 4.550013e+00 5.019019e+00 8.610399e-01 -1.238032e-01 1.739579e-01 1.704330e-02 -1.021211e+00 8.238786e-01 1.547004e+00 -5.715658e-01 -1.826510e+00 1.314890e+00 -4.749073e-01 9.054755e-01 5.261983e-01 1.620374e-02 
1.689190e+01 -4.144251e+00 -1.009839e+01 -9.881696e+00 6.019121e+00 1.943397e+01 -1.730236e+01 -2.460745e+01 7.699392e+00 -8.232867e+00 5.000586e+00 7.197213e+00 8.843872e-01 -5.057930e-01 -1.064909e-01 1.439395e-02 3.252460e-01 5.752661e-01 5.026959e-01 -1.212960e+00 -8.127594e-01 2.195455e+00 -3.194021e-01 1.712634e-01 1.664614e-01 1.760347e-02 
1.691080e+01 -4.149224e+00 -8.698540e+00 -1.104014e+01 7.400923e+00 1.940748e+01 -1.803972e+01 -2.825370e+01 1.158000e+01 -6.942506e+00 4.452119e+00 5.423137e+00 8.970892e-01 -3.648520e-01 -8.864616e-01 2.701560e-01 2.046244e+00 -4.515094e-01 -4.040894e-01 -2.330650e+00 3.124960e-01 2.467978e+00 5.785401e-01 -1.007302e+00 -3.728790e-01 1.892845e-02 
1.565978e+01 -5.778204e+00 -9.300349e+00 -5.700440e+00 4.025027e+00 2.013231e+01 -2.188858e+01 -2.477097e+01 1.222766e+01 -6.214110e+00 3.309259e+00 5.643223e+00 9.187263e-01 -8.516988e-01 -1.240567e+00 8.471221e-01 3.231013e+00 -1.739149e+00 -1.561324e+00 -2.628960e+00 9.744166e-01 3.060886e+00 2.594772e-01 -1.271695e+00 -9.865395e-01 2.034959e-02 
1.666393e+01 -8.003323e+00 -7.874718e+00 -2.821874e+00 3.510142e+00 1.686690e+01 -2.539356e+01 -2.357403e+01 1.514817e+01 -3.609178e+00 3.591689e-01 3.931619e+00 9.385126e-01 -9.305474e-01 -1.713122e+00 1.378088e+00 4.128580e+00 -3.020155e+00 -2.675629e+00 -2.604470e+00 2.940956e+00 2.236845e+00 -4.252852e-01 -1.143567e+00 -6.833227e-01 1.946387e-02 
1.275684e+01 -8.420036e+00 -6.274695e+00 2.164237e+00 -7.312346e-01 1.289764e+01 -2.677024e+01 -2.207521e+01 2.121974e+01 -8.602145e+00 6.885878e-01 3.010274e+00 9.654234e-01 -1.256468e+00 -1.643192e+00 2.363192e+00 3.270948e+00 -3.655461e+00 -3.727093e+00 -8.868454e-01 3.522223e+00 1.356075e+00 -1.508672e+00 -4.457650e-02 -8.243556e-01 1.755723e-02 
1.370953e+01 -1.139392e+01 -3.320926e+00 5.670420e+00 -5.321723e+00 9.646667e+00 -2.862124e+01 -1.489680e+01 1.826818e+01 -7.874914e+00 4.461992e-02 3.322998e+00 9.710600e-01 -1.524705e+00 -1.310899e+00 2.892277e+00 2.472712e+00 -4.284593e+00 -3.462952e+00 6.293879e-01 3.860106e+00 -9.004707e-01 -1.110787e+00 9.621185e-01 -5.557935e-01 1.352791e-02 
1.085464e+01 -1.229887e+01 2.387166e-01 6.408153e+00 -9.836346e+00 5.106961e+00 -2.470897e+01 -1.149846e+01 1.744802e+01 -1.162460e+01 3.243651e+00 1.825756e+00 9.902388e-01 -9.111019e-01 -1.375694e+00 3.390373e+00 1.153604e+00 -4.065046e+00 -2.445465e+00 1.466845e+00 3.540522e+00 -3.090497e+00 4.407328e-01 1.043234e+00 -9.812075e-01 9.183770e-03 
9.991505e+00 -1.261840e+01 3.329964e+00 7.419730e+00 -1.336027e+01 3.447479e+00 -2.327726e+01 -9.561868e+00 1.253167e+01 -7.651886e+00 3.892230e+00 1.744911e+00 9.937445e-01 -8.732060e-01 -8.447407e-01 3.269375e+00 3.439515e-01 -3.489891e+00 -1.569241e+00 1.822321e+00 2.407942e+00 -3.515210e+00 1.128516e+00 8.620946e-01 -1.114174e+00 4.712200e-03 
1.006035e+01 -1.468626e+01 7.351723e+00 7.057600e+00 -1.703719e+01 3.769907e+00 -2.210801e+01 -7.040064e+00 8.635511e+00 -6.509995e+00 3.980955e+00 -1.106720e+00 1.000000e+00 -2.495029e-01 -6.583835e-01 2.782378e+00 1.905427e-01 -2.385815e+00 -1.207611e+00 2.042645e+00 1.601394e+00 -3.231915e+00 1.027442e+00 -1.613454e-01 -1.092605e+00 -1.622605e-03 
9.740647e+00 -1.442392e+01 9.469445e+00 7.065454e+00 -1.917075e+01 2.468990e+00 -2.081012e+01 -5.086295e+00 5.098391e+00 -4.789636e+00 3.986441e+00 -7.816323e-01 9.897404e-01 -2.811074e-04 -4.606090e-01 2.170711e+00 6.720390e-02 -1.535710e+00 -1.287066e+00 2.146896e+00 1.218747e+00 -2.236736e+00 3.029566e-02 -4.323502e-01 -8.707817e-01 -8.107537e-03 
9.732550e+00 -1.468803e+01 1.108087e+01 7.538004e+00 -1.886018e+01 -4.418473e-01 -1.572931e+01 -5.729279e+00 5.005090e+00 -7.918520e+00 2.389819e+00 -2.373995e+00 9.841278e-01 1.378366e-01 -2.037002e-01 1.248779e+00 5.499965e-01 -9.676580e-01 -9.760116e-01 1.829380e+00 1.274291e+00 -2.017888e+00 -2.347990e-01 -6.823284e-01 -4.472350e-01 -1.636400e-02 
1.015400e+01 -1.492056e+01 1.231894e+01 7.515547e+00 -2.012733e+01 -8.819718e-01 -1.573212e+01 -4.123523e+00 3.163199e+00 -6.796145e+00 2.526046e+00 -1.975360e+00 9.611429e-01 4.918925e-02 1.256943e-01 3.987437e-01 1.357842e+00 -9.843407e-01 -4.094748e-01 1.168659e+00 1.537083e+00 -2.091402e+00 -6.000507e-01 -4.294504e-01 -5.962089e-01 -2.174114e-02 
1.054285e+01 -1.545644e+01 1.217087e+01 9.582537e+00 -2.139720e+01 5.653297e-01 -1.550010e+01 -1.149993e+00 -4.863299e-01 -6.680736e+00 1.299510e+00 -2.746031e+00 9.324787e-01 -8.646748e-02 4.304014e-01 1.737558e-01 1.621660e+00 -7.858385e-01 -2.211126e-01 7.620298e-01 1.379719e+00 -2.397978e+00 -3.329576e-01 -1.553097e-01 6.368245e-02 -2.790529e-02 
9.581442e+00 -1.341124e+01 1.091817e+01 1.283240e+01 -2.282395e+01 -8.197257e-02 -1.508143e+01 3.094772e-01 -2.612907e+00 -8.408781e+00 2.384344e+00 -3.576659e+00 9.068592e-01 -3.554264e-01 9.886025e-01 -3.371811e-02 1.655237e+00 -3.019655e-01 -5.069314e-01 1.483165e+00 5.682880e-01 -2.282886e+00 -4.851559e-01 -6.034242e-01 6.788342e-01 -3.375917e-02 
9.586490e+00 -1.329068e+01 1.265004e+01 1.298788e+01 -2.144106e+01 -1.947410e+00 -1.224451e+01 -1.047185e+00 -4.096748e+00 -8.776990e+00 1.684121e+00 -1.254933e+00 8.717432e-01 -9.126911e-01 2.154910e+00 -1.567514e-01 7.691801e-01 9.988481e-01 -1.793078e+00 2.288487e+00 -4.160206e-01 -1.703878e+00 -5.209023e-01 -6.132583e-01 1.058577e+00 -4.396502e-02 
8.855047e+00 -1.106043e+01 1.191077e+01 1.408906e+01 -2.161522e+01 -2.160259e+00 -9.944093e+00 -1.333487e+00 -6.446022e+00 -8.173798e+00 -6.833802e-01 6.732624e-01 8.227148e-01 -9.228529e-01 2.696882e+00 -8.309145e-02 -2.098398e-01 1.524697e+00 -3.254005e+00 1.984040e+00 -3.399512e-01 -5.111539e-01 6.305758e-01 2.686114e-01 1.148730e+00 -5.106629e-02 
6.342596e+00 -5.857297e+00 1.089081e+01 1.280010e+01 -1.700732e+01 -7.360918e+00 -6.626329e+00 -2.408613e+00 -7.089163e+00 -9.402739e+00 -2.329195e-01 4.218953e-01 7.547258e-01 -2.980174e-01 3.026306e+00 -7.236419e-01 -5.807174e-01 6.720667e-01 -2.517870e+00 1.649403e+00 9.148234e-01 -1.923151e-01 5.366186e-01 1.389248e+00 8.935809e-01 -5.814269e-02 
6.589124e+00 -3.643523e+00 1.138232e+01 1.187708e+01 -1.741733e+01 -1.364524e+01 -7.970318e+00 -7.095643e-01 -3.672469e+00 -4.943027e+00 4.685921e+00 1.328577e+00 7.100365e-01 3.164479e-01 2.860102e+00 -6.325696e-01 -1.000958e+00 -2.862232e-01 -1.418859e+00 1.841716e+00 1.822158e+00 -4.364516e-01 1.075236e+00 1.642542e+00 2.997777e-01 -5.920004e-02 
9.229364e+00 -1.867604e+00 9.296051e+00 1.119028e+01 -2.017967e+01 -8.794271e+00 -4.984386e+00 3.214971e+00 -6.445100e+00 -7.709282e+00 5.945711e+00 2.885314e+00 6.373689e-01 8.059986e-01 2.346418e+00 -2.365147e-01 -1.258215e+00 -1.876272e+00 1.099342e+00 2.906144e+00 2.262828e+00 -4.580649e-01 1.122626e+00 7.396915e-01 1.445845e-01 -5.593117e-02 
8.993902e+00 1.245232e+00 9.545299e+00 9.889187e+00 -2.146016e+01 -8.537879e+00 -1.556485e+00 4.965508e+00 -8.950312e+00 -3.644346e+00 4.440017e+00 9.404414e-01 5.853931e-01 2.800740e-01 2.927586e+00 3.103498e-01 -1.400497e+00 -2.300586e+00 1.842784e+00 4.553729e+00 2.340444e+00 -1.383774e+00 7.409520e-02 -9.624414e-02 -3.839821e-01 -6.062829e-02 
9.170199e+00 3.430417e+00 1.062675e+01 7.502977e+00 -2.436726e+01 -4.417892e+00 4.697472e+00 6.067989e+00 -6.740567e+00 -4.438951e+00 3.588490e+00 1.338886e+00 5.373917e-01 -5.205552e-01 2.807763e+00 1.553326e+00 -1.323591e+00 -8.603283e-01 3.191500e-02 3.093840e+00 1.588817e+00 6.695366e-02 6.020311e-01 -1.361394e-02 -9.606481e-01 -5.754105e-02 
8.019076e+00 8.345396e+00 1.226872e+01 6.718252e+00 -2.682647e+01 -6.619514e+00 9.957397e+00 9.566145e+00 -1.044360e+01 -6.207718e+00 5.383311e+00 1.818805e-01 4.568836e-01 -5.605100e-01 1.643236e+00 1.281839e+00 -1.020274e+00 1.732775e-01 3.287381e-01 1.785923e+00 7.017255e-01 6.971719e-01 -5.270889e-01 -1.143517e-01 6.861605e-02 -4.957302e-02 
7.114001e+00 8.621129e+00 1.570097e+01 6.157792e+00 -2.179816e+01 -9.593879e+00 4.727874e+00 8.858737e+00 -5.363686e+00 -3.417440e+00 5.405994e+00 -1.538646e+00 4.139184e-01 -5.629005e-01 2.479867e-01 -3.046244e-01 -3.392439e-02 1.476738e+00 9.714146e-02 1.279927e+00 -2.691186e-01 1.156426e+00 1.239972e-01 -1.211700e+00 7.842034e-01 -4.551781e-02 
7.219451e+00 6.866054e+00 1.341738e+01 5.460408e+00 -2.187833e+01 -4.306195e+00 7.357930e+00 7.078763e+00 -6.152892e+00 -6.790545e+00 2.959507e+00 2.722287e+00 3.992646e-01 -8.537775e-01 -1.299192e+00 -9.049094e-01 4.614078e-01 3.348231e+00 7.683038e-01 1.019482e+00 -4.131818e-02 2.232583e+00 4.889525e-01 -1.301128e+00 1.430671e+00 -3.693985e-02 
6.755509e+00 5.410022e+00 8.529296e+00 7.962277e+00 -1.945765e+01 -5.088844e+00 1.239684e+01 5.966087e+00 -3.103792e+00 -3.527550e+00 -1.258107e+00 3.989699e+00 3.386121e-01 -9.981114e-01 -1.755189e+00 -1.380907e+00 2.581338e-01 4.827195e+00 1.210975e+00 2.281076e+00 8.110002e-01 1.401065e+00 -5.759598e-01 -6.534585e-01 1.351446e+00 -2.993538e-02 
3.929435e+00 3.454988e+00 1.133001e+01 8.123049e+00 -1.125557e+01 -5.030512e+00 1.122032e+01 1.080588e+01 -4.106351e-01 -3.707900e+00 2.209721e+00 4.571062e+00 3.098375e-01 -1.189670e+00 -1.127121e+00 -3.329605e-01 -6.247333e-01 5.933700e+00 -1.250873e-01 1.941899e+00 1.741302e+00 1.086466e+00 -7.317894e-01 -6.533159e-01 -1.114448e+00 -2.373040e-02 
3.768452e+00 1.550720e+00 9.840117e+00 6.117140e+00 -2.973563e+00 -3.176846e+00 1.420206e+01 1.105018e+01 -1.229490e+00 -7.838562e+00 2.513594e+00 4.294198e+00 3.089550e-01 -9.172770e-01 -1.142593e+00 -1.517407e-01 -1.561797e+00 4.833662e+00 -3.033659e-01 4.644489e-01 1.037709e+00 1.042796e+00 4.255352e-02 -8.772415e-01 -9.779671e-01 -2.279243e-02 
2.764629e+00 3.160099e+00 1.109717e+01 3.259309e+00 -4.518666e-01 -5.887630e+00 1.616482e+01 1.324322e+01 -1.657716e+00 -8.293986e+00 -2.192924e+00 -3.002204e+00 2.954412e-01 -4.408266e-01 -2.147778e+00 -1.501663e+00 -1.657857e+00 2.204462e+00 4.064421e-01 -3.644547e-01 -6.460543e-01 5.285064e-01 1.249738e+00 -2.172108e+00 -1.251680e+00 -1.904375e-02 
2.751528e+00 -1.554991e-01 7.887015e+00 2.585164e+00 -6.911888e-01 -6.177114e+00 1.224684e+01 9.935961e+00 2.733730e+00 -1.021740e+00 -3.442993e+00 2.886497e+00 2.318481e-01 -7.035760e-01 -2.627590e+00 -2.209363e+00 -1.958516e+00 6.515205e-01 5.097093e-01 -1.871627e+00 -7.785319e-01 6.987022e-01 2.293388e+00 -1.071692e+00 -1.008282e+00 -2.617967e-02 
2.233764e+00 -6.430792e+00 4.798251e+00 1.599752e+00 -1.374447e+00 -1.498167e+00 1.037566e+01 8.132717e+00 2.502866e-01 -8.676189e-01 -5.672526e+00 -9.834882e-01 2.531722e-01 -6.765103e-01 -3.015107e+00 -2.927313e+00 -1.813241e+00 -4.490185e-03 2.054448e-01 -3.312504e+00 -1.509548e+00 7.982354e-01 1.243940e+00 -3.705585e-01 -6.341280e-01 -2.453075e-02 
5.160050e-01 -6.791783e+00 1.942761e+00 -2.845659e+00 7.453299e-01 -2.823031e+00 7.738504e+00 9.712774e+00 1.310020e+00 -8.480871e-02 -1.105065e+00 -1.756570e+00 1.991912e-01 -3.066386e-01 -1.212750e+00 -2.000208e+00 -8.670939e-01 4.515393e-01 -7.243688e-01 -3.369966e+00 -1.931596e+00 9.598444e-01 5.537434e-01 2.618615e-01 -1.489542e+00 -2.472973e-02 
4.998388e-01 -8.597292e+00 -5.672717e-01 -3.091484e+00 -1.192577e+00 -6.537448e+00 1.856461e+00 5.807075e+00 3.045317e+00 -2.542753e+00 -5.214681e+00 -3.851311e+00 1.891159e-01 -6.430916e-02 5.006047e-01 -1.861328e+00 -8.580168e-01 2.225244e-01 -1.673514e+00 -3.151654e+00 -7.357785e-01 1.666894e+00 1.698390e+00 7.956696e-01 -6.833099e-01 -4.244077e-02 
2.085298e+00 -5.136000e+00 5.687373e-01 5.953126e-01 1.475573e+00 -7.279318e+00 -3.433948e-01 1.440799e+00 6.135437e+00 2.584544e+00 -2.362608e+00 -3.127303e+00 1.402276e-01 4.574602e-01 1.152935e+00 -1.105994e+00 6.209377e-01 2.673650e-01 3.998154e-01 -1.015382e+00 -1.002830e-01 1.256820e+00 2.114753e+00 9.945440e-01 7.928012e-01 -4.408684e-02 
1.127572e+00 -4.755660e+00 -3.821378e+00 -4.410818e+00 -6.269460e-01 -7.637596e+00 -1.341658e+00 8.589812e+00 6.172046e+00 6.289655e+00 -1.065407e+00 -3.714671e+00 7.045013e-02 4.732253e-01 1.556262e+00 -6.072427e-01 7.602508e-01 1.095937e+00 1.836271e+00 1.235356e+00 1.031347e-01 7.329437e-01 1.490828e+00 3.976816e-01 7.019864e-01 -4.605999e-02 
2.489439e+00 -2.947923e+00 -1.960156e+00 9.186964e-01 1.799339e+00 -2.738800e-01 4.260652e+00 7.819990e+00 6.030756e+00 6.072750e+00 1.793018e+00 2.139116e+00 3.808981e-02 1.134432e-01 8.206066e-01 -1.048566e+00 6.027505e-01 1.834224e+00 3.070973e+00 1.326241e+00 -9.634145e-01 -2.164051e-01 -4.751261e-01 -6.544257e-01 6.388184e-01 -4.066917e-02 
2.663894e+00 -1.910021e+00 -2.339038e+00 5.480785e-01 4.125223e+00 -8.588153e-01 5.731217e+00 3.133153e+00 6.762376e+00 3.167284e+00 -5.304086e+00 -2.974588e+00 9.884834e-03 2.667170e-02 8.549731e-01 6.119971e-02 2.377145e+00 1.987430e+00 2.066705e+00 1.517849e+00 -2.109878e+00 -7.561532e-01 -9.125172e-01 -7.656639e-01 4.960445e-01 -3.125077e-02 
1.884352e+00 -2.455787e+00 -5.415263e+00 1.129617e+00 8.270608e+00 4.686157e+00 2.751374e+00 -6.479442e-01 4.758246e+00 1.770099e+00 -3.515398e+00 -3.032522e-01 -3.283560e-02 -4.052417e-01 1.423590e+00 -1.578844e-01 8.636242e-01 1.585412e+00 -2.976144e-01 2.616376e-01 -8.453005e-01 -1.187086e-01 -3.053989e-01 -1.414485e+00 -5.543021e-01 -2.713666e-02 
1.563474e+00 -7.268623e-01 -1.787826e+00 7.369448e+00 6.074570e+00 2.159109e-01 7.002224e+00 2.274389e+00 3.027534e+00 3.878394e+00 -2.239518e+00 -1.326442e-02 -5.034101e-02 -5.404508e-01 1.595292e+00 -5.022849e-01 -1.778246e-01 -6.306708e-02 -8.876190e-01 -2.514875e-01 6.218375e-01 3.923365e-01 -2.353138e-01 1.419170e-01 6.592242e-01 -2.395889e-02 
1.013441e+00 3.578447e+00 -3.025184e+00 1.826133e+00 8.751728e+00 -2.299315e+00 4.933336e+00 4.022871e+00 7.304634e+00 4.190201e+00 -6.811691e+00 -2.113056e+00 -6.748056e-02 -4.484439e-01 2.042945e+00 -4.321242e-01 -5.723624e-01 3.243793e-01 -1.182411e+00 -1.394180e+00 2.205739e+00 2.221973e+00 9.860595e-01 1.023573e+00 2.942052e-01 -1.668041e-02 
3.970957e-01 3.049323e+00 -6.045503e+00 -6.893024e-01 3.569328e+00 -1.804174e+00 3.382799e+00 3.906934e+00 7.450865e+00 7.806638e-01 -2.946354e+00 1.226435e+00 -9.258711e-02 -2.992472e-01 1.597845e+00 -7.242578e-01 -1.330705e+00 1.101189e+00 2.515877e-01 -1.181066e+00 1.371192e+00 1.190008e+00 1.596017e+00 9.794628e-01 -6.159135e-01 -1.524197e-02 
2.253218e-01 5.870845e+00 -5.447045e+00 2.297180e+00 1.114513e+01 -2.158571e-01 -2.409813e+00 9.564480e+00 1.365645e+01 8.249262e+00 1.955887e+00 5.479240e-01 -9.511459e-02 -5.903658e-01 9.780653e-01 4.225041e-01 -1.745525e-01 -5.109027e-01 6.408788e-01 -5.536170e-02 3.260663e-01 -2.220864e+00 -7.680283e-02 5.917515e-01 -8.949199e-02 -9.560550e-03 
4.612975e-01 6.116161e+00 -4.198184e+00 4.804015e-01 1.038382e+01 4.321204e-01 4.768467e+00 6.359546e+00 5.801668e+00 9.828951e+00 -1.725993e+00 -4.423322e+00 -1.127338e-01 -7.956362e-01 1.218780e+00 1.118192e+00 4.203920e-01 -3.750694e-01 2.755480e-01 7.568523e-01 -1.491193e+00 -3.725602e+00 -9.830899e-01 -7.319059e-01 -1.370782e+00 -2.249741e-03 
-1.970489e+00 6.935354e+00 -1.836323e+00 3.685184e-01 2.789969e+00 -2.130689e-01 3.963693e+00 4.426896e+00 -2.975087e+00 -7.179567e-01 -4.463114e+00 2.643621e-01 -1.052099e-01 -9.013624e-01 8.535242e-01 6.808578e-01 -9.778708e-01 -1.802740e+00 -2.191496e-01 6.002158e-01 -2.274658e+00 -2.492278e+00 -2.028662e+00 -1.223879e+00 -1.663436e+00 -8.838499e-03 
-2.483180e+00 8.610970e+00 -2.259902e+00 2.376988e+00 5.871559e+00 -4.278281e-01 3.980307e+00 -9.802413e-01 -2.861380e+00 3.488236e-01 -3.396383e+00 -5.485695e+00 -9.878814e-02 -8.704559e-01 5.958298e-01 1.011734e+00 -1.157427e+00 -6.924437e-01 1.022373e+00 -2.514482e-01 -2.436641e+00 -5.926808e-01 -4.173822e-01 5.618654e-01 -2.012920e-03 -9.149766e-03 
-2.809252e+00 8.891063e+00 -3.011898e+00 -3.540467e+00 4.387554e+00 -8.816308e-01 9.853463e-01 1.861084e+00 5.526583e+00 2.846017e+00 -3.328311e+00 -7.238070e+00 -1.462799e-01 -2.883162e-01 1.099308e-01 4.154969e-01 -1.995847e-01 1.085036e+00 1.803548e+00 5.700275e-01 -1.749959e+00 -3.241363e-01 1.561469e+00 2.234560e+00 5.224293e-01 -4.153466e-03 
-3.471601e+00 8.117456e+00 1.448276e+00 -3.352242e+00 6.122808e+00 5.878268e+00 5.000400e+00 -4.540753e+00 -1.412572e+00 5.960052e+00 5.159329e-01 -6.821706e-01 -1.379477e-01 -4.115281e-01 -2.175522e-02 3.645486e-01 -3.053392e-01 9.117129e-01 1.810210e+00 9.681423e-01 6.636178e-01 -4.031153e-02 1.336046e+00 1.532615e+00 1.808567e+00 -5.008244e-03 
-2.917859e+00 7.731764e+00 -1.612927e+00 2.235210e+00 8.089522e+00 5.651625e+00 6.303784e+00 -2.542643e+00 -5.320172e+00 4.283776e+00 4.753528e+00 4.747469e-01 -1.063975e-01 -7.231714e-01 -3.656432e-01 3.809510e-01 6.302623e-01 9.116510e-01 8.109959e-01 1.292414e+00 1.003848e+00 -2.445559e-01 8.874000e-01 5.412148e-01 2.169152e+00 -1.584840e-03 
-4.486517e+00 9.081842e+00 -1.136644e+00 -2.037546e+00 8.579140e+00 5.356593e+00 6.161800e+00 4.539711e+00 2.360441e+00 6.310174e+00 2.257705e-01 -2.992697e-01 -1.437706e-01 -5.745683e-01 -3.613371e-01 -3.712537e-01 2.409080e-01 -4.129877e-01 -1.028734e+00 4.329599e-01 1.620009e+00 6.212814e-01 3.334290e-01 -9.798756e-01 2.348145e-01 -7.118797e-03 
-5.917650e+00 6.580653e+00 1.853175e-01 -1.046504e+00 7.717643e+00 3.434186e+00 6.866714e+00 2.340093e+00 2.417297e+00 7.107956e+00 -4.771557e-01 3.416239e+00 -1.512927e-01 -1.757283e-01 -1.775371e-01 4.222649e-01 -5.776548e-01 -9.117867e-01 -1.477211e+00 4.694709e-01 4.671945e-01 2.319687e-01 -8.344148e-01 -6.311509e-01 2.438228e-01 -9.711385e-03 
-4.844546e+00 6.886326e+00 -1.307115e+00 -5.068455e-01 4.243810e+00 1.843318e+00 6.883734e+00 1.117923e+00 -2.174900e+00 6.215108e+00 -1.768103e+00 -9.788442e-01 -1.510941e-01 9.412146e-02 -2.040697e-01 2.908689e-01 5.232525e-01 -5.764430e-01 -1.295883e+00 -4.813283e-01 -1.129302e+00 -1.070022e+00 -1.511327e+00 -2.066664e-01 -3.484712e-01 -1.504421e-03 
-3.617486e+00 7.941837e+00 5.836325e-01 -1.418414e+00 5.698254e+00 2.220961e-02 8.290171e+00 1.504223e+00 -1.892659e+00 1.592345e-01 2.594710e+00 2.033648e+00 -1.512927e-01 1.119270e-01 2.478175e-01 4.492195e-02 1.981426e-01 -7.605824e-01 -5.845770e-01 -1.510896e+00 -8.187623e-01 -1.533136e+00 -2.584660e+00 -6.976242e-01 -1.172461e+00 5.386686e-03 
-5.165992e+00 7.380902e+00 1.185427e-01 7.646713e-01 6.706619e+00 5.831652e-01 3.043430e+00 -6.888660e-01 -8.346888e-01 2.227901e+00 -2.343495e+00 -1.350330e+00 -1.512927e-01 -2.285298e-01 1.002869e-01 1.121893e-01 3.574586e-02 -6.135895e-01 -2.847123e-02 -1.836048e+00 -6.291040e-01 -1.151301e+00 -2.405467e+00 -1.009125e+00 -6.856921e-01 8.070099e-03 
-5.197292e+00 7.572453e+00 -3.029015e-01 -6.915488e-01 2.683326e+00 1.141377e+00 1.232387e+00 -8.503240e-01 -5.918489e+00 -3.821738e+00 -3.677581e+00 -2.260320e+00 -1.242599e-01 -3.190913e-01 -5.472178e-02 -2.194512e-01 -2.489567e-04 -1.005315e+00 2.796548e-01 -1.592661e+00 -4.870552e-01 -1.313546e+00 -1.401159e+00 -1.387867e+00 -9.497927e-01 8.109820e-03 
