-7.065144e+00 4.731761e+00 1.779809e+00 4.460120e-02 4.422957e+00 7.062430e-01 4.487778e+00 -2.133531e+00 8.373442e-02 3.692655e+00 -9.218030e-01 5.035420e+00 -1.101228e-01 8.781643e-02 1.263518e-01 -9.706875e-01 -1.029449e+00 -5.251946e-01 -1.054767e+00 -1.771085e+00 -1.091321e+00 3.906955e-01 -1.032060e+00 -3.617067e-02 -9.208805e-01 7.255161e-03 
-6.441690e+00 5.034012e+00 -1.152842e+00 -1.394944e+00 4.476593e+00 -3.103189e-01 -1.611812e+00 -8.483993e+00 6.278429e-01 5.845976e-02 -1.819187e+00 3.266154e+00 -8.566189e-02 2.029018e-01 2.171785e-01 -2.538853e-01 -6.680769e-01 -8.040954e-01 -8.332987e-01 -7.230506e-02 1.183480e-01 2.319554e-01 -1.206459e+00 5.547625e-01 -5.557294e-01 3.718722e-03 
-6.937788e+00 5.212394e+00 -1.607302e+00 -4.382870e+00 1.770166e+00 -4.059313e+00 -1.317851e+00 -4.414905e+00 1.765157e+00 3.494524e-01 -6.539645e-01 1.315652e+00 -8.607745e-02 -1.655261e-01 3.014249e-01 6.819870e-01 3.237024e-01 -8.134859e-01 -6.163934e-01 8.813797e-01 8.706869e-01 -1.486793e-01 -1.885988e-01 1.449980e+00 1.495900e-01 -2.580118e-03 
-6.114312e+00 5.577336e+00 2.203939e+00 -1.082048e+00 1.728875e+00 -1.077472e+00 7.029067e+00 -4.011037e-01 4.027998e-01 -6.680400e-01 1.718090e+00 4.116658e+00 -1.035519e-01 -2.717983e-01 3.401333e-01 1.086737e+00 8.526146e-01 -1.512334e-01 7.522037e-01 2.495043e+00 1.528787e+00 -2.124954e-01 7.371277e-01 1.169202e+00 7.460155e-02 -7.478440e-03 
-8.056463e+00 5.967223e+00 3.511354e+00 1.506665e+00 1.729386e+00 -1.992148e+00 4.574237e+00 -1.821541e+00 -5.471405e-01 3.112911e+00 4.559458e+00 5.358119e+00 -1.140784e-01 -1.048255e-01 -8.673916e-02 9.147313e-01 7.297978e-01 9.039359e-02 1.164458e+00 6.110423e-01 2.292158e-01 -5.145316e-01 4.539233e-01 1.298006e+00 6.317126e-01 -3.139114e-03 
-7.241344e+00 6.357265e+00 1.721514e+00 -7.663858e-02 3.740815e+00 2.417117e+00 7.917361e+00 -2.136742e+00 7.215149e-01 2.362369e+00 1.420112e+00 1.617928e+00 -1.090536e-01 -5.114712e-01 -4.331462e-01 -1.521482e-01 3.085351e-02 4.834380e-01 -4.028375e-01 -2.005097e+00 -1.613206e+00 -1.996676e-01 8.119615e-01 -3.276033e-02 -2.541377e-01 4.143036e-03 
-6.898399e+00 4.388735e+00 3.207567e+00 -1.236585e+00 1.216164e+00 1.567984e-02 1.293214e+00 -2.401007e+00 -9.668581e-01 1.103864e+00 5.985055e+00 5.723580e+00 -9.902215e-02 -2.222101e-01 -4.699143e-01 -3.529153e-01 -3.520569e-01 2.761860e-01 -5.004894e-01 -1.433504e+00 -1.569821e+00 -3.578411e-01 -3.299420e-01 -9.298514e-01 -2.924081e-01 7.295835e-03 
-9.250700e+00 4.200850e+00 1.595091e+00 4.438453e-01 4.402677e+00 -4.095573e+00 -1.355906e+00 -8.177402e+00 -3.856792e-01 4.396291e+00 8.414894e-01 2.663239e+00 -9.036481e-02 -3.666590e-01 -4.765594e-01 -3.233074e-01 -7.790278e-01 -8.323413e-01 -1.350811e+00 -2.582351e-01 -1.095434e+00 -5.263013e-02 -1.780942e-01 -6.912481e-01 6.224667e-01 3.250885e-03 
-8.162836e+00 4.695859e+00 1.809989e+00 -5.138614e-01 2.779386e+00 -1.238250e+00 2.043351e+00 -6.650316e+00 -1.782749e+00 4.462396e-01 1.995119e-01 3.373423e+00 -8.694363e-02 -7.615948e-02 -3.009324e-01 -9.707427e-01 -6.830549e-01 -2.630778e-01 -2.318949e-02 1.392761e+00 -2.465754e-01 4.409192e-01 -2.991643e-01 -7.546504e-01 2.949433e-01 -1.274776e-03 
-8.442421e+00 3.820905e+00 8.037660e-01 -4.333139e+00 -1.202502e+00 -3.709975e+00 6.251117e+00 -5.489258e+00 8.663098e-01 1.800711e+00 8.566431e-01 5.905340e+00 -9.883845e-02 1.362335e+00 -5.968016e-01 -2.028403e+00 -9.500049e-01 -8.927638e-03 1.317171e-01 1.071383e+00 2.940376e-01 1.396423e-01 -2.993974e-01 -6.323901e-01 -7.715547e-01 -2.318752e-03 
-7.683336e+00 3.074045e+00 -1.250483e+00 -2.263368e+00 2.703364e+00 -2.930667e-01 4.453505e+00 -4.977956e+00 6.117432e-01 9.058332e-01 2.204226e+00 5.577246e+00 -1.011592e-01 2.864359e+00 -9.867816e-01 -2.177983e+00 7.505343e-01 -3.610543e-01 -3.837369e-01 9.549983e-02 -6.568414e-01 -8.794875e-01 1.559025e+00 -9.755713e-01 -1.729181e+00 2.592587e-02 
-2.678776e+00 2.027749e+00 -7.016689e+00 -3.431426e+00 4.396049e+00 -3.909580e+00 2.795932e+00 -7.543394e+00 -8.847136e-01 2.669507e+00 -3.322819e+00 -2.296446e+00 -9.485078e-02 2.340521e+00 -1.134460e-01 -5.866024e-01 1.869663e+00 3.052899e-01 -6.570999e-01 -1.305038e+00 -5.644916e-01 -6.407648e-01 1.566518e+00 -7.625923e-01 -1.334738e+00 1.674549e-02 
3.277135e+00 6.585293e-01 -5.169696e+00 2.787953e+00 -1.825161e+00 -3.057132e+00 4.248443e+00 -8.907455e+00 -5.304675e+00 7.806965e+00 -2.588614e+00 -1.171588e+00 4.069191e-02 1.871788e-01 1.778702e-01 1.401070e+00 1.196539e+00 -1.422080e-01 -4.971183e-01 -9.057757e-01 1.224910e+00 4.536698e-01 7.839464e-01 -5.368106e-02 -7.004296e-01 3.733289e-03 
-2.220051e+00 4.461433e+00 -1.696396e-01 2.489516e+00 2.588210e+00 -5.613442e+00 -1.715424e-01 -6.346966e+00 6.206950e-01 6.182734e+00 -5.598983e-01 2.606069e+00 -8.603656e-02 -1.783882e+00 -2.803821e-02 2.337694e+00 2.583275e-01 -3.814808e-01 8.171192e-01 -4.343177e-01 1.639578e+00 9.806007e-01 -8.986505e-01 1.986879e+00 1.486894e+00 -5.442423e-03 
-6.976805e+00 2.746554e+00 2.331343e+00 7.588543e-01 2.896244e+00 -1.926727e+00 1.408364e+00 5.483806e-01 2.127388e+00 3.068951e+00 5.543609e-01 -3.761600e-01 -8.689988e-02 -2.514283e+00 -7.667349e-01 1.096250e+00 -7.498012e-01 -2.946661e-01 -3.069089e-01 -1.030841e+00 1.614708e+00 2.229223e+00 -9.953906e-01 1.741430e+00 1.244018e+00 -1.977245e-02 
-6.471214e+00 8.435452e-01 9.212631e-01 -1.125239e+00 1.279426e-01 -3.891864e-01 2.044383e+00 -4.073424e+00 3.022583e-01 5.452614e-01 5.040090e+00 4.740311e+00 -5.826700e-02 -1.700493e+00 -1.676817e+00 -4.841096e-01 8.586977e-01 -1.497524e+00 -5.835645e-01 9.252259e-01 4.375927e-01 1.346982e+00 -1.166587e+00 1.695694e+00 -3.672756e-01 3.336895e-02 
-7.168695e+00 -1.366201e+00 -2.338953e-01 8.463248e-01 -2.068358e+00 -7.203804e+00 -2.013724e+00 -1.970687e+00 6.000660e+00 5.648748e+00 3.318541e+00 3.981380e+00 -7.205510e-02 -8.933657e-01 -1.200982e+00 -8.096727e-01 1.974999e+00 -3.325659e-01 -9.854647e-01 8.036568e-01 -4.364634e-01 1.891621e+00 -4.847263e-01 5.685786e-01 2.037982e-01 3.931483e-02 
-1.062657e+01 -1.866276e+00 -1.307569e+00 6.739268e+00 -2.417106e+00 -5.892726e+00 6.165631e+00 -2.899469e+00 5.418972e+00 -9.400982e-01 6.536483e+00 -1.409079e+00 7.338578e-02 -1.320676e+00 -1.398808e+00 -1.662442e+00 9.305465e-01 1.302391e+00 9.572057e-01 2.822635e-01 -1.926374e-01 1.299012e+00 5.532136e-01 -3.948891e-01 3.770955e-02 4.340700e-02 
-9.365955e+00 -1.903448e+00 -6.026046e-01 6.701596e+00 2.505939e+00 -4.102281e+00 3.366024e+00 -2.220914e+00 9.027138e+00 1.388000e+00 2.649057e+00 3.717526e+00 4.384786e-02 -1.753611e+00 -1.942816e+00 -1.690823e+00 -1.758568e-01 1.446178e+00 3.306534e+00 6.670899e-01 -3.632944e-01 -1.512643e+00 -1.313746e-01 6.888518e-02 8.725079e-01 7.990451e-02 
-1.197596e+01 -5.881868e+00 -7.206594e+00 5.998577e-01 4.352751e+00 2.846080e+00 7.658269e-01 -4.911498e+00 5.284081e+00 5.441704e+00 3.400386e+00 5.060785e+00 1.008165e-01 -1.863802e+00 -2.180635e+00 -7.638205e-01 -2.556881e-01 2.739292e-01 7.459580e-01 -1.260244e+00 2.583241e-01 -3.122357e+00 2.741247e-01 -1.044614e+00 5.365641e-01 1.191757e-01 
-1.526205e+01 -9.072486e+00 -5.738500e+00 3.036746e+00 1.777603e+00 4.959463e+00 4.021628e+00 -2.781145e+00 -1.495110e+00 1.800975e+00 5.231015e+00 5.108987e+00 3.137521e-01 -1.435891e+00 -2.246187e+00 -3.693724e-03 8.021250e-02 -3.819570e-01 -7.908605e-01 -5.039803e-01 1.557491e+00 -2.267148e+00 -1.585655e+00 -1.084607e+00 -1.557454e+00 1.507457e-01 
-1.699753e+01 -9.184934e+00 -2.558723e+00 7.293252e+00 -6.832924e-01 -6.693808e+00 -4.633915e-01 -1.327733e+00 -4.931692e+00 2.240375e-01 2.243173e-02 5.780106e-01 5.343124e-01 9.125851e-01 -1.959806e-01 1.490361e+00 4.951193e-01 -2.549297e-01 -1.636265e+00 -1.159019e+00 8.752019e-01 -5.427963e-01 -2.500059e+00 -1.094902e+00 -1.568252e+00 1.275814e-01 
-1.403463e+01 -1.148285e+01 -2.945008e+00 3.755961e+00 3.114175e+00 -3.286639e+00 1.460731e+00 3.774660e+00 2.799282e+00 -3.931442e+00 -1.084999e+00 -1.828357e+00 5.808284e-01 3.647203e+00 1.761655e+00 1.188671e+00 -1.132639e+00 1.501468e+00 2.654127e-01 -2.648880e-01 -1.120550e-01 6.956567e-01 -1.580370e+00 -2.035961e+00 -1.489785e+00 2.628926e-02 
-8.026751e+00 -5.656590e+00 -1.151532e+00 2.715847e+00 2.409816e+00 -1.212195e+00 -3.748818e+00 -3.813391e+00 4.229034e-01 -4.192381e+00 1.083882e+00 6.881998e-01 6.051855e-01 7.975448e+00 3.860159e+00 -4.236073e-01 -3.376909e+00 -4.432301e-01 2.681037e+00 5.964764e-01 -5.833901e-01 -9.730027e-01 -7.945675e-01 -6.943974e-01 -3.675486e-01 -1.286310e-02 
-1.511427e+00 -2.028383e+00 -4.987395e-01 -3.377467e-01 7.738387e+00 3.545721e+00 4.339902e+00 -2.098591e+00 -6.941243e-01 -3.892665e+00 -5.479516e+00 -2.395034e+00 4.097618e-01 9.482527e+00 1.851949e+00 -1.386946e+00 -2.017599e+00 -3.419508e+00 1.915099e+00 1.166132e+00 -1.287276e+00 -2.221515e+00 -6.119068e-01 6.619594e-01 1.149444e-01 5.422183e-02 
1.661811e+01 5.388627e+00 -5.899895e+00 -7.544441e+00 -5.211549e+00 3.295199e+00 1.079405e+00 -1.308057e+00 -8.050002e+00 -3.768188e+00 -1.252297e+00 -9.763938e-01 5.555302e-01 7.810510e+00 -1.334044e+00 -1.902394e+00 -1.686338e+00 -3.977035e+00 1.360278e+00 1.812419e+00 -2.603607e-01 -9.727615e-01 -1.111804e+00 1.560330e+00 -2.198971e-01 1.131247e-01 
2.105558e+01 -7.745712e+00 -7.505559e+00 -1.201889e+00 -1.017268e+01 4.035159e+00 4.877277e+00 -3.914388e+00 -4.071838e+00 -7.203073e+00 3.392888e+00 -4.213383e-01 8.767653e-01 4.366518e+00 -3.027021e+00 -2.018798e+00 -2.001959e-01 -3.526119e+00 3.297440e-01 9.628288e-01 -9.508371e-01 -1.657248e-01 -1.182569e+00 2.440080e+00 4.548869e-01 1.517784e-01 
1.974230e+01 -9.468143e+00 -7.160092e+00 -5.283771e+00 -8.519820e+00 5.344477e+00 5.044590e+00 -4.207295e+00 -2.752047e+00 -8.096198e+00 4.449330e+00 -1.398134e+00 9.373074e-01 6.180305e-02 -3.259732e+00 -1.046210e+00 9.168184e-01 -1.067946e-01 8.221994e-02 1.736275e+00 -1.245203e+00 8.874331e-01 -6.010394e-01 9.615812e-01 1.920448e-01 9.791950e-02 
1.875907e+01 -9.735104e+00 -9.962628e+00 -2.469061e+00 -8.238072e+00 4.169802e+00 7.171453e+00 -5.403157e+00 -4.171725e+00 -7.641506e+00 3.870072e+00 9.027028e-02 9.777651e-01 -9.445368e-01 -6.652625e-01 -3.297213e-01 9.864002e-02 5.454984e-01 5.532285e-01 4.809001e-01 -2.937288e-01 -4.203677e-01 9.438553e-02 3.548356e-01 2.453834e-01 3.037899e-02 
1.807538e+01 -9.915339e+00 -9.902411e+00 -2.326762e+00 -6.712828e+00 3.638978e+00 8.613693e+00 -6.789688e+00 -3.562893e+00 -6.554168e+00 3.317018e+00 -2.719743e-01 9.946278e-01 -8.870121e-01 -4.184654e-01 4.255600e-01 4.768455e-01 1.907792e-01 7.897760e-01 -4.145546e-01 5.423204e-01 -1.395403e+00 6.855277e-01 1.160146e-01 4.453622e-01 1.456175e-02 
1.716635e+01 -1.084843e+01 -7.783006e+00 -2.187192e+00 -8.348688e+00 7.654051e+00 5.497227e+00 -4.091836e+00 -5.768254e+00 -7.502160e+00 5.733222e+00 2.424990e-01 1.000000e+00 -8.087513e-01 -3.061515e-01 1.103201e+00 -1.078239e-02 -7.898597e-02 1.230776e+00 -1.469359e+00 1.479761e+00 -1.572638e+00 8.627279e-01 -2.191854e-01 5.434634e-01 2.861899e-03 
1.610360e+01 -1.100381e+01 -6.122104e+00 -3.040477e+00 -7.510616e+00 7.551232e+00 3.808930e+00 -2.151354e+00 -8.930799e+00 -4.738233e+00 4.097828e+00 7.525630e-01 9.989986e-01 -5.896815e-01 -9.609661e-02 7.515817e-01 1.669279e-01 -2.057053e-01 8.229480e-01 -1.136215e+00 9.150338e-01 -8.458236e-01 3.003898e-01 -2.205523e-01 5.189794e-01 -5.731583e-03 
1.570120e+01 -1.072163e+01 -6.336777e+00 -2.166116e+00 -8.234108e+00 8.367554e+00 2.227038e+00 -3.235199e-01 -9.350962e+00 -4.235834e+00 2.383740e+00 2.295319e+00 9.898891e-01 -4.778622e-01 3.267376e-01 2.325630e-01 -1.380637e-02 4.552295e-01 -2.135616e-01 -4.948558e-01 5.200999e-01 -2.787941e-01 2.200061e-01 -3.368848e-01 -6.275970e-02 -1.236600e-02 
1.585954e+01 -1.045922e+01 -6.867618e+00 -1.502661e+00 -7.798644e+00 7.396966e+00 4.567714e+00 -4.098677e+00 -6.000658e+00 -6.685382e+00 3.888997e+00 1.296513e+00 9.710253e-01 -9.305577e-02 9.893833e-01 -7.454139e-01 9.308069e-02 3.207006e-01 2.158682e-01 -3.384881e-01 -1.677453e-01 4.371045e-01 -3.705344e-01 3.148012e-01 -5.167711e-01 -1.749125e-02 
1.489907e+01 -9.487032e+00 -6.247434e+00 -3.025133e+00 -5.928527e+00 6.663376e+00 2.643556e+00 -5.176747e-01 -8.627295e+00 -5.428555e+00 4.153213e+00 -3.432745e-01 9.521567e-01 3.814030e-01 1.239978e+00 -6.603318e-01 -9.983664e-01 1.356521e+00 -5.359735e-02 -4.172599e-01 -3.041980e-01 -6.684661e-02 4.558607e-01 4.705162e-02 -3.902513e-01 -2.298495e-02 
1.603939e+01 -6.674189e+00 -9.893845e+00 -2.145566e+00 -7.059904e+00 9.482662e+00 1.908231e+00 -2.893003e+00 -7.107110e+00 -5.994544e+00 4.787098e+00 -5.119962e-01 9.304087e-01 5.664186e-01 1.623471e+00 -1.110427e-01 -2.023260e+00 1.540214e+00 5.160944e-01 -8.331434e-01 3.078445e-01 -8.901309e-01 9.888565e-01 -2.261316e-01 -5.897534e-01 -2.979410e-02 
1.751830e+01 -6.414252e+00 -8.125322e+00 -6.836495e+00 -1.820873e+00 7.056719e+00 1.470480e+00 -2.447347e+00 -9.131968e+00 -2.301949e+00 2.169948e+00 1.248317e+00 8.952727e-01 6.518508e-01 1.692980e+00 3.464104e-01 -1.701831e+00 1.122800e+00 -1.722476e-01 -3.300425e-01 7.933850e-01 -1.419592e+00 7.471790e-01 4.606225e-01 -9.506304e-01 -3.708076e-02 
1.738202e+01 -3.878255e+00 -6.483887e+00 -9.713277e+00 -2.151402e+00 9.780766e+00 9.885352e-01 -1.594618e+00 -1.019898e+01 -3.304403e+00 3.749972e+00 -2.448050e+00 8.504968e-01 1.877367e-01 1.357923e+00 8.837973e-01 -1.063815e+00 5.209613e-01 -3.302128e-01 -1.561530e+00 2.825300e+00 -2.094140e+00 4.385979e-01 4.878198e-01 -1.504563e+00 -3.770717e-02 
1.748701e+01 -2.420100e+00 -6.220361e+00 -7.750430e+00 -2.768780e+00 5.653086e+00 1.453191e+00 2.800058e+00 -1.417932e+01 -3.037730e+00 6.974888e+00 -4.128399e+00 8.067088e-01 -1.376830e-01 6.941914e-01 3.877271e-01 3.063638e-01 -3.729650e-01 -2.019326e-01 -2.071258e+00 2.757470e+00 -1.539723e+00 3.729421e-01 5.893130e-02 -1.538754e+00 -3.029037e-02 
1.699372e+01 -1.881650e+00 -6.427339e+00 -7.007675e+00 -3.981144e+00 8.533415e+00 -5.890772e+00 8.609795e+00 -1.505413e+01 -3.433664e+00 4.823727e+00 -5.346452e+00 7.861547e-01 -3.453868e-01 2.099322e-01 6.987451e-01 7.691367e-01 7.946696e-01 -1.054861e+00 -2.173857e+00 2.241601e+00 -1.099895e+00 1.594616e+00 -1.577753e+00 -4.732966e-01 -4.016167e-02 
1.702404e+01 -3.941598e+00 -6.214961e+00 -6.657478e+00 -2.770827e+00 6.670732e+00 -5.446157e+00 6.237799e+00 -1.440301e+01 -3.726076e-01 1.927727e+00 -4.996250e+00 7.759919e-01 -4.316067e-01 -2.906562e-01 3.885923e-01 2.657594e-01 1.740505e+00 -8.554567e-01 -2.577302e+00 1.021380e+00 7.237193e-01 1.410051e+00 -2.893460e+00 -1.761559e-01 -2.625155e-02 
1.588657e+01 -2.067845e+00 -2.992861e+00 -6.414070e+00 1.822970e+00 3.997640e+00 -6.431076e+00 7.894520e+00 -1.558661e+01 3.336116e+00 -1.615211e+00 -4.380607e+00 6.650469e-01 -9.500307e-01 -2.919116e-01 8.756071e-01 2.059790e+00 1.368378e+00 -1.935027e+00 -1.992340e+00 5.957079e-02 2.436004e+00 -4.685688e-02 -2.776795e+00 -6.310174e-01 -3.977266e-02 
1.588254e+01 -3.780283e+00 -5.994638e+00 -6.718435e+00 3.031686e+00 3.643690e+00 -1.116317e+01 8.264596e+00 -1.029449e+01 6.276318e-01 -4.272942e+00 -5.492101e+00 7.360050e-01 -9.600841e-01 1.230376e+00 6.862038e-01 2.438509e+00 -9.136996e-01 -2.179435e+00 -4.897801e-01 4.042066e-01 2.858530e+00 -1.487863e+00 -1.263002e+00 -9.737127e-01 -4.922455e-02 
1.281431e+01 -3.421865e+00 -2.159464e+00 3.321754e+00 -4.051161e-02 3.718023e-01 -1.299397e+01 7.894250e+00 -4.928367e+00 -4.168068e+00 -5.959913e+00 -8.253613e+00 6.072849e-01 -8.901831e-01 5.898570e-01 1.826930e-01 2.641443e+00 -1.543229e+00 -2.454083e+00 5.260574e-01 9.515948e-01 2.657866e+00 -1.499696e+00 -1.015134e-01 -1.149101e+00 -2.444297e-02 
1.375975e+01 2.887291e+00 -3.200640e+00 6.671574e-01 -6.407584e+00 -2.413525e+00 -4.613613e+00 8.258966e+00 -5.439479e+00 -4.059829e+00 -2.214931e+00 -7.928310e+00 5.587502e-01 -5.461980e-01 8.328902e-01 6.509932e-01 2.623116e+00 -1.171063e+00 -2.179301e+00 8.763568e-01 7.353451e-01 1.486630e+00 -1.484715e-01 -4.878844e-01 -2.313618e-01 -3.685275e-02 
1.249706e+01 -2.452348e+00 -3.476395e+00 3.100350e+00 -1.173538e+00 -5.244168e+00 -7.075566e+00 1.265531e+01 -4.724784e+00 -1.818635e+00 -3.151783e+00 -8.908010e+00 6.314595e-01 -1.624735e-01 6.091924e-02 2.314136e-01 1.534901e+00 -9.763128e-01 -1.155622e+00 3.752577e-01 4.224788e-01 8.829069e-01 1.419450e+00 -3.326918e-01 1.688321e-01 -8.050853e-03 
1.331018e+01 -1.005909e-01 -2.081206e+00 6.507844e+00 -2.257118e+00 -4.444830e+00 -9.740582e+00 9.560792e+00 -2.963131e+00 -1.289442e+00 -8.116429e+00 -6.321712e+00 5.396540e-01 -1.243601e+00 -5.235390e-01 2.154873e+00 1.440976e+00 -6.438742e-01 -1.096715e+00 -1.372661e+00 1.627737e-01 1.280499e+00 1.279986e+00 -1.299677e+00 -8.080519e-01 -1.007613e-02 
1.222672e+01 -1.623328e+00 -1.562113e+00 8.075918e+00 -6.997309e+00 -4.390655e+00 -8.554192e+00 9.355731e+00 -1.752006e+00 1.543990e+00 -4.672623e+00 -8.212752e+00 5.765787e-01 -2.388184e+00 3.785355e-02 3.035340e+00 6.834399e-01 -1.369861e+00 -1.450738e+00 -1.390884e-01 -1.192832e-01 4.862436e-01 3.267789e-02 -1.886646e+00 -1.520104e+00 -2.396868e-02 
7.676909e+00 -1.449137e-01 6.616582e+00 5.384252e+00 -6.715070e+00 -8.323856e+00 -1.073761e+01 1.072262e+01 -5.233705e-01 6.587869e-01 -7.952896e+00 -1.231620e+01 5.358099e-01 -2.168404e+00 4.878716e-01 2.021821e+00 1.353343e+00 1.515679e+00 -5.060503e-01 3.364002e-01 -1.479856e+00 -1.166477e+00 4.472021e-01 -3.657302e-01 -6.664729e-01 -3.375491e-02 
3.372774e+00 -2.240918e+00 7.351411e+00 7.079346e+00 -5.793869e+00 -1.055834e+01 -7.272497e+00 1.147798e+01 -3.513446e+00 -2.629360e+00 -1.266678e+01 -1.351128e+01 5.135381e-01 -7.777100e-01 1.116803e+00 1.452045e+00 1.630090e+00 2.531888e+00 6.038193e-01 -5.163518e-01 -1.398047e+00 -8.620490e-01 -3.107120e-01 -1.484299e+00 1.158294e+00 -4.465446e-02 
6.895135e+00 2.647562e+00 3.571139e+00 1.377285e+01 4.719555e+00 -3.891237e+00 -8.699429e+00 1.100388e+00 -7.914798e+00 3.033243e+00 -5.948002e+00 -7.004810e+00 4.023997e-01 8.357935e-01 1.093273e+00 -3.075183e-01 2.197451e+00 2.929523e+00 7.518457e-01 -6.502851e-01 -2.566425e+00 -1.414580e-01 1.772568e+00 -2.663245e-01 1.999887e+00 -3.994880e-02 
8.729062e+00 2.564451e+00 7.220835e+00 1.203207e+01 -5.517912e-02 -3.587868e+00 -1.215504e+01 7.176615e+00 -2.366537e+00 -1.196798e+00 -1.309657e+01 -5.076974e+00 4.200115e-01 1.716187e+00 9.731309e-01 -3.490548e-01 1.711957e+00 2.442315e+00 1.042502e-01 -1.157633e+00 -1.884629e+00 1.046429e+00 1.750795e+00 1.475023e+00 1.517475e+00 -3.219781e-02 
9.177732e+00 2.918766e+00 5.144279e+00 1.389515e+01 5.063202e+00 -8.049866e+00 -1.154776e+01 4.118133e-02 -1.804115e+00 8.805345e+00 -9.069625e+00 -6.533916e+00 3.828292e-01 -2.138424e-01 5.020815e-02 8.409408e-01 -1.055269e+00 1.347831e+00 1.167558e+00 5.413124e-01 -8.355093e-03 1.969690e+00 -1.363162e+00 1.711478e+00 5.699967e-01 -2.905714e-02 
1.081241e+01 2.489135e+00 4.819568e+00 1.557798e+01 6.245880e+00 -7.957778e+00 -1.163650e+01 2.584434e+00 -1.336644e+00 3.238561e+00 -3.730855e+00 -6.159358e+00 3.623343e-01 -2.848973e+00 -2.810307e-01 1.218050e+00 -2.649803e+00 2.019140e+00 2.943470e+00 4.531388e-01 3.197104e+00 2.250507e+00 -1.810698e+00 4.315940e+00 -3.706160e-01 -9.050471e-03 
4.784250e+00 2.936262e+00 8.976477e+00 6.723544e+00 8.308183e+00 4.131509e+00 -6.252137e+00 3.354703e+00 1.418706e+00 -6.000246e+00 -2.073470e+00 -3.613635e+00 2.859526e-01 -4.448292e+00 -2.547457e-01 1.440026e+00 -4.768725e+00 3.270121e-01 3.592725e+00 -7.064508e-01 5.838037e+00 7.704062e-01 -3.108909e+00 4.484595e+00 -3.393780e-01 1.340761e-02 
-3.319060e+00 1.150550e+00 1.139499e+01 2.368858e+00 8.418033e+00 5.038795e+00 -1.253716e+01 2.150537e+01 7.274587e+00 -2.847494e+00 4.985054e+00 -8.390195e+00 4.231974e-01 -4.901372e+00 -1.217029e+00 6.541693e-01 -4.928020e+00 -1.303828e+00 4.532949e+00 -7.310616e-01 2.300675e+00 3.637873e+00 -1.484198e+00 3.193750e+00 1.791119e+00 3.464683e-02 
-5.997992e+00 2.314329e+00 9.056700e+00 -3.343920e+00 5.612186e+00 3.415476e+00 -1.462968e+01 1.977090e+01 -2.257699e+00 -3.696173e+00 8.995397e+00 -7.115388e+00 4.194357e-01 -2.857283e+00 -1.703440e+00 -8.177808e-01 -3.321507e+00 -2.819430e+00 1.546726e+00 8.783211e-01 -1.854150e+00 2.652212e+00 2.526423e-01 2.995870e-01 2.964720e+00 3.649469e-02 
-8.303329e+00 -3.285043e+00 8.050303e+00 -4.028388e+00 1.074737e+00 1.506499e+01 -1.110303e+01 5.879712e+00 1.869092e+01 -5.334463e+00 6.703460e+00 4.547112e+00 4.688269e-01 -1.254761e+00 -1.760705e+00 -1.624326e+00 -2.941411e+00 -2.787688e+00 -9.362097e-02 2.735229e+00 -5.878638e+00 3.308001e-01 8.358323e-01 -1.760753e+00 2.944753e+00 1.010986e-02 
-7.010031e+00 -3.363141e+00 6.559916e+00 -6.685364e+00 -2.117318e+00 6.852041e+00 -2.577594e+00 1.896784e+00 8.971596e+00 -3.493549e+00 -1.434738e+00 4.741314e+00 4.456114e-01 -5.618628e-01 -1.005228e+00 -3.970692e-01 -2.225821e+00 -2.628564e+00 -1.225300e+00 1.449223e+00 -4.657670e+00 8.934029e-01 7.303510e-01 -2.405083e+00 7.673780e-01 5.576938e-03 
-9.086847e+00 -4.814240e+00 4.521752e+00 -1.066747e+01 -1.655655e+00 2.852407e+00 -4.887054e+00 1.049236e+00 3.313940e+00 1.230356e+00 1.396357e+00 4.052197e-01 4.606589e-01 -5.002840e-01 -3.022420e-01 -3.659342e-01 -8.240935e-01 -1.190847e+00 -3.290951e+00 1.116774e+00 -2.323199e+00 -1.846853e+00 2.153111e+00 -3.156420e+00 -6.044777e-01 -3.800827e-03 
-8.415546e+00 -1.947213e+00 8.835629e+00 -1.115348e+01 -6.165437e+00 3.395267e+00 -1.049156e+01 -1.102217e+00 9.897807e+00 -3.326827e+00 -3.764672e-01 -1.207552e+00 4.514044e-01 -9.998005e-01 -7.076769e-01 -1.533018e-01 1.785492e+00 3.371543e-01 2.278864e-01 -7.571573e-01 -1.486899e+00 4.493559e+00 7.966087e-01 -3.422153e+00 1.044139e+00 2.679747e-02 
-1.010199e+01 -5.504217e+00 5.082775e+00 -5.914797e+00 -2.855439e+00 3.386168e-01 -1.562179e+00 -4.236783e+00 8.993554e+00 5.347729e+00 -9.607779e+00 4.499157e+00 4.469263e-01 -4.643471e-01 -5.607256e-01 1.035810e-01 2.145345e+00 -1.304948e+00 1.108318e+00 3.386032e-01 -5.781743e-01 3.998547e+00 -1.043935e+00 -1.099923e+00 4.829561e-01 4.161066e-03 
-1.150146e+01 -6.556537e+00 5.512895e+00 -1.342410e-01 1.683459e-01 9.248368e+00 -8.025818e+00 -2.894704e+00 2.859958e+01 -1.569192e+00 -1.304343e+01 7.915040e+00 5.864650e-01 3.128437e-01 -1.580762e+00 -3.274697e-01 2.718303e+00 -1.879254e+00 -1.228557e+00 3.073658e+00 -6.770945e-03 1.435947e-02 8.972328e-01 1.268142e+00 -1.819015e+00 -1.277585e-02 
-9.865625e+00 -5.313207e+00 6.701024e+00 -5.450371e+00 -1.134729e+01 5.467446e+00 -4.426909e+00 -9.453924e-01 1.395579e+01 -4.868138e+00 2.230225e+00 -1.741296e+00 4.139339e-01 2.012591e+00 -4.503012e-01 6.123371e-02 1.691196e+00 -1.883316e+00 -3.227614e+00 4.767118e-01 -4.114133e-01 -2.155995e+00 1.293282e-01 2.274872e+00 -2.496327e+00 -6.141780e-02 
-6.969511e+00 -9.946527e+00 6.389155e+00 2.205824e+00 -1.131578e+01 -5.311934e+00 6.309094e+00 -2.781767e+00 7.488486e+00 6.267270e+00 4.523921e-02 -7.182402e+00 4.040213e-01 3.171638e+00 8.464859e-01 -8.277389e-01 8.830881e-01 -8.291842e-01 -2.983667e+00 1.357866e+00 -1.951894e+00 -5.060052e+00 9.701754e-01 -3.777504e-04 -1.601929e+00 -1.122490e-01 
-2.305014e+00 -6.060728e+00 4.950813e+00 1.371151e+00 -6.529952e+00 -8.519300e+00 -6.346077e+00 -6.350317e+00 8.769126e+00 2.076138e+00 -4.777753e+00 -4.337577e-01 2.310591e-01 3.015451e+00 2.869939e+00 -1.680465e+00 1.358946e+00 2.627792e+00 -5.779691e-01 1.680645e+00 9.196997e-02 -2.524940e+00 1.045779e+00 -1.304318e+00 9.288017e-01 -1.159219e-01 
5.764217e-01 -1.950347e+00 2.249306e+00 8.704387e-01 -6.386243e+00 1.323408e+00 -2.769034e-01 -9.951711e+00 5.892653e+00 -1.904534e-01 -9.541334e+00 -7.483767e-01 1.166576e-01 1.487242e+00 4.516509e+00 -1.242924e+00 -3.702449e-01 2.831054e+00 1.290445e+00 1.496771e+00 9.779902e-01 -2.311797e+00 -9.607592e-01 -4.598277e-01 1.273126e+00 -1.201244e-01 
1.438662e+00 5.038397e+00 3.686209e-01 2.012053e+00 -6.730986e-01 -7.400703e-01 7.269314e+00 3.099429e+00 2.129006e+00 3.589621e+00 5.019218e-01 -3.142992e-01 -2.199352e-02 3.349729e-01 3.932582e+00 -4.533198e-01 -1.081629e+00 8.773401e-01 -6.398825e-02 3.353644e+00 2.373704e+00 -2.831647e+00 -1.072263e+00 -1.808109e-02 1.174011e-01 -7.965142e-02 
-1.405140e+00 7.086458e+00 2.465632e+00 3.414869e-02 -8.893919e-02 -2.749324e+00 6.985256e+00 -2.616690e+00 -7.504373e-01 7.067324e-01 -4.893736e+00 -8.764983e-01 -7.007444e-02 -7.128258e-01 2.423625e+00 7.980005e-02 -9.461514e-01 8.789778e-01 -1.533613e+00 6.383862e-01 1.426233e+00 -1.734822e+00 -1.363367e+00 1.059141e+00 7.493786e-01 -4.579382e-02 
3.606319e-01 9.083780e+00 2.576051e+00 -3.618849e+00 -5.291903e+00 -6.802876e+00 6.791063e+00 1.850692e+00 -2.067562e+00 -3.733768e+00 -7.191957e+00 2.173089e-01 -7.383192e-02 -8.942131e-01 7.121278e-01 -5.638300e-01 -3.815280e-01 5.217637e-01 2.469672e-02 -1.456815e+00 -3.262468e-01 -1.437926e-01 -1.331359e+00 1.044526e-02 6.913999e-01 -2.663207e-03 
-2.448692e+00 8.145084e+00 1.544591e+00 -1.044867e+00 3.180482e-01 -3.313255e+00 3.154153e+00 -2.196177e+00 -6.831737e-01 -3.345592e+00 -3.986890e-01 2.732712e+00 -8.639228e-02 -6.772040e-01 3.301848e-01 -9.059786e-01 8.297282e-01 1.010433e+00 8.335156e-01 -5.554885e-01 1.100475e+00 6.690298e-01 6.134210e-02 1.739115e+00 9.415323e-01 7.357919e-03 
-2.510628e+00 8.069722e+00 -1.990009e+00 6.439217e-01 1.732226e+00 -3.346212e-01 1.900789e+00 1.257940e+00 1.376411e+00 -1.041010e+00 -1.693376e+00 1.338095e+00 -2.715063e-02 -1.265771e+00 -5.674394e-01 -3.951186e-01 1.426925e+00 2.157275e+00 1.286868e+00 3.677708e-01 7.281913e-01 8.423835e-01 1.733661e+00 1.104974e+00 1.401028e-01 -3.007483e-03 
-3.355530e+00 9.244411e+00 2.187696e-01 2.051404e+00 1.451160e+00 -1.815874e+00 6.652951e+00 3.182060e+00 8.727254e-01 -3.329360e-01 1.052547e+00 3.270771e+00 -5.662549e-02 -1.130763e+00 -6.099914e-01 2.070458e-02 9.603819e-01 1.819745e+00 4.091620e-01 4.109041e-01 5.224910e-01 6.512539e-01 2.913769e+00 -2.918310e-01 -5.965840e-01 -4.279244e-03 
-5.514803e+00 5.696920e+00 1.263369e+00 1.967641e+00 4.927916e+00 -1.117225e+00 6.880518e+00 2.802530e+00 1.366406e+00 3.428208e+00 -2.392707e+00 6.487935e-01 -1.037527e-01 -1.215089e+00 -4.360631e-01 6.193227e-01 4.142706e-01 1.837855e+00 1.612943e-01 8.396146e-02 -3.293722e-01 5.657170e-01 1.185454e+00 -3.896932e-01 -5.866768e-02 -1.523523e-02 
-6.600420e+00 6.281528e+00 2.142525e-02 3.095182e+00 7.818930e+00 -8.761437e-01 2.718808e+00 -3.560178e-01 2.578099e+00 8.988645e+00 -1.508178e+00 9.444284e-02 -6.948745e-02 -1.066666e+00 -7.168910e-01 3.682910e-01 1.400263e-01 9.433268e-01 -3.205867e-01 -1.338517e+00 -1.412497e+00 6.561673e-01 5.013556e-01 2.100882e-01 4.522603e-01 -4.841471e-03 
-6.963629e+00 7.370849e+00 1.205277e+00 2.193386e+00 7.737617e+00 1.985073e-03 4.287667e+00 1.380118e+00 3.352310e+00 2.254666e-01 -2.361479e+00 2.632920e+00 -9.689581e-02 -7.866650e-01 -2.500803e-01 7.578793e-01 3.457106e-01 -2.608853e-01 -2.886635e-01 -1.040703e+00 -1.236490e+00 8.626764e-01 -6.334796e-01 9.833339e-01 9.817182e-01 1.048684e-03 
-7.964449e+00 4.822991e+00 2.089271e+00 2.638663e+00 4.762944e+00 -3.978412e+00 1.256791e+00 -3.169216e+00 3.160610e+00 3.775213e+00 2.087374e+00 4.540008e+00 -8.426130e-02 -4.830973e-01 1.641979e-01 1.327798e+00 -9.115114e-02 -8.740371e-01 -4.929073e-02 4.791891e-01 3.812724e-01 2.968007e-01 -1.703246e+00 8.085915e-01 7.079010e-01 -1.232588e-03 
-8.766113e+00 5.175787e+00 4.018843e+00 3.924453e+00 5.151482e+00 -1.009408e+00 2.408013e+00 -1.973319e+00 5.388533e+00 2.867526e+00 7.261868e-01 3.334602e+00 -9.112239e-02 -2.472591e-01 4.441195e-02 3.767704e-01 -3.924425e-01 -8.987821e-01 -6.106907e-01 2.357906e-01 9.767441e-01 1.504152e-01 -5.065390e-01 3.361682e-01 4.161208e-01 2.362704e-03 
-8.114664e+00 8.200048e+00 5.253633e+00 1.773893e+00 4.741812e+00 -6.169007e-01 6.054581e+00 3.227062e+00 3.043991e+00 -8.486140e-01 9.909464e-01 3.283107e+00 -7.853711e-02 1.446930e-01 1.467394e-01 -5.000402e-01 -7.959189e-01 -3.105471e-01 5.417649e-01 6.935674e-01 1.991319e-01 -9.816288e-01 -1.037442e+00 -1.840775e-01 7.468156e-01 -3.760707e-03 
-8.124817e+00 5.904380e+00 1.506948e+00 6.635585e-01 3.254272e+00 -4.732224e+00 3.067725e+00 3.065699e+00 4.162695e+00 4.684806e-03 -1.324245e-01 5.341975e+00 -8.794439e-02 7.457733e-04 -5.685840e-01 -9.601906e-01 -1.137658e+00 -7.657777e-01 -4.957160e-01 -3.102711e-01 -1.158603e+00 -1.361546e+00 6.794659e-01 7.532551e-01 2.291954e-01 -4.883564e-03 
-7.561632e+00 5.192392e+00 8.450172e-01 2.895160e-01 4.158813e+00 5.918202e-01 4.394772e+00 -4.693066e+00 -1.134615e+00 1.942229e-02 1.596292e+00 7.270400e+00 -1.046538e-01 3.967495e-02 -7.822698e-01 -6.941497e-01 -2.921990e-01 -3.309515e-01 2.485103e-01 -1.862421e-02 -1.447297e+00 -7.807429e-01 2.093872e+00 1.398732e+00 -9.104424e-01 -3.889525e-03 
-9.038900e+00 3.836695e+00 1.422198e+00 -1.021651e+00 1.614093e+00 -4.092349e+00 1.686562e+00 -3.806268e+00 6.701047e-01 5.830837e+00 4.189789e+00 2.486933e+00 -1.024818e-01 -6.988849e-02 -1.911659e-01 3.474258e-01 1.231943e-01 2.520754e-01 1.049712e+00 6.728884e-01 -5.340223e-02 5.222409e-01 1.450408e+00 5.542054e-01 -1.556256e+00 -1.140416e-03 
-7.459248e+00 5.322541e+00 1.825259e+00 1.155502e+00 3.907144e+00 3.057132e-01 6.652041e+00 -5.734396e-01 8.865715e-01 6.707669e+00 5.823500e+00 1.584164e-01 -9.071600e-02 -1.636866e-01 -9.834261e-02 -2.019114e-01 -1.151478e+00 -2.170582e-01 -1.301235e-01 -3.768027e-01 2.645006e-01 5.219508e-01 4.017969e-01 -2.857825e-01 -1.398885e+00 1.232231e-03 
-8.525452e+00 4.883476e+00 2.753955e+00 8.465365e-01 4.640484e+00 6.593904e-01 5.303532e+00 7.388747e-01 5.763307e+00 3.912602e+00 5.249985e-01 1.116686e+00 -1.006154e-01 2.239454e-01 1.740351e-02 -6.363748e-01 -7.311375e-01 4.406042e-01 3.833418e-01 7.155354e-01 4.464107e-01 -1.822916e-01 -1.252760e+00 -1.090523e+00 4.214533e-01 7.485628e-04 
-8.636789e+00 4.177289e+00 -8.304186e-01 -6.401968e+00 1.560327e+00 -2.434667e+00 7.022729e-01 -5.643134e+00 -1.071462e+00 2.987524e+00 1.999775e+00 9.610992e-01 -9.942591e-02 6.642723e-02 -1.868477e-01 -2.897535e-01 -7.449445e-01 2.922522e-01 -1.491655e+00 4.115815e-01 6.729604e-01 6.040233e-01 -9.663498e-01 -1.207524e+00 1.182550e+00 -1.635003e-03 
-7.330402e+00 4.496339e+00 -4.318368e-01 -8.986032e-01 4.990522e+00 -8.054497e-01 8.239123e+00 9.606326e-01 7.376635e-01 1.427110e+00 6.490370e-01 4.192858e+00 -9.438407e-02 1.316057e-01 5.693968e-02 1.608779e-01 1.507645e-01 1.920903e-01 -9.073288e-01 1.069067e+00 1.111682e+00 1.218599e+00 3.616238e-03 1.429866e-01 8.927852e-01 -1.782906e-03 
-7.724636e+00 4.581871e+00 1.969388e+00 -1.696650e+00 5.193386e+00 -6.420144e+00 7.242153e+00 2.680484e+00 6.419510e+00 3.118667e+00 -2.761409e-01 4.533081e+00 -1.020067e-01 1.239185e-02 -1.046522e-01 5.202261e-01 1.220876e+00 4.087355e-01 -2.691228e-01 -7.356814e-01 4.281719e-01 1.744260e+00 3.528455e-01 8.912241e-01 1.121999e+00 -4.106569e-03 
-8.323500e+00 4.965883e+00 2.158441e+00 -7.523000e-01 3.784406e+00 -1.884515e+00 7.378925e+00 2.135477e+00 8.110815e+00 3.865112e+00 2.377890e+00 3.794621e+00 -1.082395e-01 -1.840702e-01 -8.180499e-02 4.993680e-01 6.838953e-01 -1.875460e-01 -8.277761e-01 -2.371814e+00 -1.405932e+00 -4.272943e-01 8.420607e-01 1.000353e+00 -6.382954e-02 -2.706897e-03 
-8.078281e+00 3.419255e+00 4.755729e-01 -3.707405e-01 4.207062e+00 -3.240748e+00 -2.546035e+00 -4.089697e+00 3.963264e+00 3.532751e+00 5.591469e+00 6.770212e+00 -1.130310e-01 -2.089150e-01 -3.759195e-01 -1.690740e-01 5.063321e-01 -2.722737e-01 7.731587e-01 -1.723902e+00 -1.619814e+00 -1.050874e+00 -4.423262e-01 3.552117e-01 -5.904766e-01 3.504515e-03 
-8.073931e+00 4.668622e+00 2.811911e+00 1.857919e+00 4.545954e+00 -6.534028e+00 1.274148e+00 -2.683937e+00 -1.706852e-01 5.430371e+00 2.716999e+00 2.755145e+00 -1.024064e-01 -1.956705e-01 -4.798309e-01 -2.400605e-01 4.650437e-02 -1.422146e-01 6.320996e-01 -7.186721e-01 -9.207894e-01 -4.267228e-01 -1.088976e+00 -6.356159e-01 -8.058146e-01 6.730807e-03 
-8.893995e+00 2.850904e+00 7.972836e-01 -4.700989e-01 3.451243e+00 -2.295938e-01 1.675032e+00 -3.008879e+00 5.305889e+00 1.244060e-01 1.330363e+00 2.100436e+00 -8.740067e-02 -2.451492e-01 -2.954421e-01 -1.371206e-01 -2.526734e-01 -2.606350e-01 1.232674e+00 8.843015e-01 1.836693e-01 8.161823e-01 -1.212265e+00 -9.908848e-01 -9.994261e-01 6.626642e-03 
