5.982157e+00 -6.805931e-01 -7.630640e-01 -7.485695e+00 -2.769095e+00 -3.748359e+00 -4.817320e+00 4.574558e+00 -5.651496e+00 -9.085569e+00 9.802690e-01 -4.831295e+00 1.441503e-01 -8.166764e-01 8.105944e-01 -4.572881e-01 1.890192e+00 8.487768e-02 1.050966e+00 2.032786e+00 -1.298725e+00 7.326481e-01 2.841234e+00 3.450009e-01 7.063677e-01 -3.824187e-02 
4.705529e+00 1.046767e+00 -3.034587e+00 -6.369489e+00 -9.615935e-01 -2.651822e+00 -4.934176e+00 1.717940e+00 -6.380877e+00 -5.094799e+00 1.825961e+00 -1.207204e+00 7.083642e-02 -1.386715e+00 5.718333e-01 -1.120985e-01 2.942916e+00 2.637452e-01 1.358082e+00 2.589887e+00 -1.892036e+00 1.206462e+00 2.564097e+00 -3.240548e-01 1.016136e+00 -4.812988e-02 
2.537088e+00 2.508699e+00 -1.913743e+00 1.407164e+00 -3.248458e+00 9.582022e-01 5.405039e+00 -4.907573e-01 -1.623565e+00 3.125216e+00 2.282427e+00 -3.111502e+00 -1.040208e-02 -1.605993e+00 3.775362e-01 -2.977279e-01 3.012602e+00 9.756225e-01 1.286246e+00 2.504522e+00 -1.804532e+00 1.843524e+00 1.626182e+00 -1.090056e-01 2.166348e+00 -4.396318e-02 
7.711143e-01 5.839274e-01 -7.482167e-01 2.782459e+00 -1.210688e+00 6.887720e-01 3.020934e+00 -2.352965e+00 -1.633151e+00 -2.370477e+00 -1.291084e+00 -6.105105e-01 -1.922286e-02 -8.847466e-01 -2.038458e-01 4.183433e-02 1.704678e+00 -2.032966e-01 1.909437e-01 2.152263e+00 -6.762010e-01 1.096461e+00 6.839122e-01 -3.865967e-02 1.398465e+00 -2.083991e-02 
-8.060074e-02 1.438508e+00 -3.394888e+00 3.001340e+00 2.233564e+00 1.012574e+00 3.727734e+00 -2.412649e+00 1.192260e+00 -2.316822e+00 1.993763e+00 5.702098e+00 -3.063595e-02 -1.968983e-01 -6.275629e-01 -6.967145e-01 -1.211634e-01 2.097733e-01 -9.671707e-01 -3.857768e-01 -1.412876e-02 1.734781e-01 -6.918961e-01 -5.308434e-01 8.826745e-01 -3.515244e-03 
1.590641e+00 5.626333e-01 -2.084842e+00 1.356815e+00 -4.719087e+00 -1.724290e+00 6.665790e+00 -7.021190e-01 -2.306486e+00 1.045781e+00 1.776995e+00 1.378318e+00 -2.324617e-02 4.687031e-01 -8.331390e-02 -6.240562e-01 -1.867964e-01 -3.745045e-01 -1.258612e+00 2.622749e-01 -2.016846e-02 -1.804834e-01 7.096265e-02 -7.219952e-01 -1.987531e-01 4.678929e-03 
1.142834e+00 -6.184681e-01 -4.729002e+00 1.514169e+00 -4.453918e-01 -2.671120e+00 1.653728e+00 -1.386824e+00 -4.195068e-01 -2.042394e+00 -1.905829e+00 3.074560e-01 -2.596664e-02 3.058275e-01 -3.994159e-01 7.088450e-02 -1.087041e-01 -4.185970e-01 -1.244883e+00 -1.852624e-01 5.066720e-01 -6.854048e-01 -2.949054e-01 -1.443569e+00 -2.794222e-01 1.739502e-03 
2.502913e+00 1.195846e+00 -3.201441e+00 2.592062e+00 -1.743732e+00 -3.762439e+00 5.369312e+00 -2.966720e+00 -1.729685e+00 -2.152878e+00 -2.951264e+00 1.093045e+00 1.837134e-03 -2.320854e-01 2.440546e-01 5.178116e-01 -2.543748e-01 8.132375e-01 -3.478592e-01 -9.050652e-01 1.114594e+00 7.547236e-01 -4.931462e-01 4.283691e-01 2.111326e+00 8.063316e-04 
9.924011e-01 -8.751780e-01 -2.482167e+00 1.840196e+00 -1.347098e+00 -4.192767e+00 3.449661e+00 1.253011e+00 -2.523165e+00 -2.192020e+00 -2.859955e+00 4.447624e+00 -3.448009e-02 -1.472103e-01 2.819884e-01 7.068604e-01 2.052472e-01 -3.379382e-01 -1.951335e-01 -4.726787e-01 1.089565e+00 1.416341e+00 6.212022e-01 1.310230e+00 1.074810e+00 -9.658337e-04 
5.054302e-01 1.911261e+00 -6.192023e-01 -7.807255e-02 -2.020462e-01 -2.702762e+00 1.242497e+00 3.550932e+00 2.518961e+00 -1.345137e+00 4.395903e+00 9.864862e+00 -1.495779e-02 3.998737e-02 5.717348e-01 3.508039e-01 4.923428e-01 4.790264e-01 1.532538e+00 8.867874e-02 4.750148e-01 7.657217e-01 1.279134e+00 1.232850e+00 3.459551e-01 6.454551e-03 
1.405523e+00 4.337662e-01 -2.485820e+00 3.875472e+00 -2.905926e+00 -4.176627e+00 1.353741e+00 8.021764e-01 4.537875e+00 6.597466e-01 9.717383e-01 1.295598e+00 -2.239835e-02 3.350767e-01 8.927576e-01 -1.038799e-01 3.288206e-01 3.420225e-01 1.808266e+00 1.122325e+00 -5.384321e-01 -9.334414e-02 1.176498e+00 -2.645450e-01 -1.347370e+00 1.309629e-02 
2.496288e+00 3.400048e+00 -1.445594e+00 4.036138e+00 1.430813e+00 3.892179e+00 6.860666e+00 -3.662285e-01 -1.431597e+00 2.816911e+00 1.297141e+00 4.398834e+00 2.806902e-02 2.062612e-01 2.781386e-02 -2.940620e-01 1.152953e+00 5.996963e-01 1.178783e+00 1.557821e+00 -4.568850e-01 -4.495800e-01 1.003415e+00 -1.528632e+00 -1.797587e+00 2.274865e-03 
1.672356e+00 2.844217e+00 -2.588370e+00 1.427193e+00 -4.534155e-01 1.551093e+00 6.252204e+00 5.194306e-01 -1.014607e+00 1.609447e+00 -2.633298e+00 4.437896e-01 9.487927e-03 1.729202e-03 -6.429374e-02 -6.395577e-01 -5.686920e-01 4.837399e-01 -2.666595e-01 3.841044e-01 4.346540e-02 -7.428237e-01 -2.608970e-01 -4.746105e-01 3.192166e-01 -1.137793e-03 
1.403320e+00 8.451051e-01 -2.038237e+00 6.910833e+00 1.570181e+00 3.272937e-01 6.582369e+00 1.407880e+00 3.047302e+00 3.197088e+00 -1.444740e+00 1.302832e+00 -1.952660e-02 -2.715345e-01 -3.052564e-01 -2.554767e-01 -4.947410e-01 -4.970184e-02 -1.418545e+00 -8.833598e-01 -5.528527e-01 4.266987e-01 -7.060624e-01 -8.386074e-01 -6.728434e-01 -1.030573e-02 
1.960653e+00 1.389769e+00 -5.387287e+00 -4.053357e-01 -5.569098e-01 -3.727482e+00 3.413412e+00 1.324493e-01 -1.415693e+00 -8.348267e-01 -3.037405e-02 4.439682e+00 -4.289508e-03 1.287558e-01 4.219087e-01 -6.267129e-02 -1.127402e+00 -2.507345e-01 1.923525e-01 -7.816681e-01 -9.064461e-01 4.584146e-01 -2.576932e-01 -6.139944e-01 -1.400461e+00 -4.779780e-03 
9.944668e-01 2.600990e+00 -1.323520e+00 2.478697e+00 1.234051e+00 -5.612590e-01 3.863263e+00 -2.937002e+00 9.024397e-01 5.087354e-01 -4.197358e+00 -9.633294e-01 -1.657093e-02 7.623730e-02 5.849598e-01 6.196544e-02 -1.218526e+00 -7.715832e-01 7.328168e-01 -6.011249e-01 -1.297009e+00 -3.580299e-01 2.313942e-01 4.663113e-01 -1.348477e+00 -8.970022e-04 
2.520561e+00 4.075818e+00 -3.259085e+00 -1.993747e+00 -1.539023e+00 2.957132e+00 3.703417e+00 -1.840359e+00 2.349897e+00 1.665157e+00 -4.326961e+00 -5.425435e+00 -1.588881e-02 2.756649e-01 3.510455e-01 6.777058e-01 1.009355e+00 2.866971e-01 7.111907e-01 1.596928e-01 -1.867833e-01 3.295096e-02 -1.886549e-02 8.399396e-02 -4.093848e-01 -5.496860e-03 
1.504553e+00 2.426879e+00 -2.792510e+00 1.612410e+00 -1.796679e+00 6.490707e-01 3.431742e+00 -4.090762e+00 -6.256424e-01 3.104067e+00 3.035110e+00 -5.069960e-01 -1.821196e-02 1.165212e+00 -4.667429e-01 -1.099606e+00 9.565684e-01 -9.139447e-02 -6.539579e-01 7.083980e-01 1.205803e+00 -2.573255e-01 -2.268643e-01 1.217409e+00 2.446701e+00 6.601095e-04 
3.083935e+00 3.232051e+00 -1.264263e+00 5.074583e+00 2.391941e+00 -7.766930e-01 4.427636e+00 -2.245868e-01 -4.868969e-01 -2.226820e+00 -3.226639e+00 2.164591e+00 -3.095329e-02 1.240286e+00 -1.707779e+00 -1.302893e+00 1.075451e+00 6.338111e-01 -1.150994e+00 6.021194e-01 5.579657e-01 -8.311262e-01 -4.965414e-01 3.168507e-01 1.904913e+00 1.217499e-02 
6.538841e+00 6.891586e-01 -7.818963e+00 3.727374e+00 -1.188403e+00 -1.964136e+00 7.043144e+00 2.284129e+00 1.034209e+00 1.320402e+00 1.339527e+00 7.475162e+00 -5.738139e-03 1.644736e-01 -3.181953e+00 -2.529421e-01 -4.944150e-01 1.084233e+00 -2.632077e+00 -5.650219e-01 1.978090e+00 -4.634540e-01 -2.501030e+00 -7.936912e-01 -3.505134e-01 7.920326e-02 
6.204844e+00 -3.594215e+00 -7.260324e+00 2.326026e+00 1.325894e+00 -1.491234e+00 4.908313e+00 -2.237976e+00 -2.635660e+00 7.428241e-02 -1.894915e+00 1.080492e-01 3.874922e-02 -2.064407e+00 -3.358817e+00 1.867330e+00 -5.601899e-01 -4.151939e-01 -3.434533e+00 5.772489e-01 1.312841e+00 -1.894303e+00 -3.688374e-01 1.098464e+00 -2.990111e+00 1.365462e-01 
7.664661e-01 -1.006976e+01 -1.059191e+00 5.146138e-01 4.157507e+00 -1.215404e+01 3.662939e-01 6.806383e+00 -1.868531e+00 -1.055164e+01 -1.599207e+00 -1.231292e+00 3.429531e-01 -3.779805e+00 -1.467615e+00 3.402885e+00 -1.414961e+00 -1.165470e+00 -1.541380e+00 8.529159e-01 -1.192796e+00 -8.257694e-01 4.547195e-01 8.518587e-01 -2.779071e+00 1.498256e-01 
-4.351912e+00 -8.182575e+00 4.692500e+00 3.880013e+00 -2.356985e+00 -1.285441e+01 1.065231e+01 4.078492e+00 -8.507041e+00 1.865012e+00 3.735051e+00 -8.432739e+00 4.774323e-01 -3.810390e+00 1.023190e+00 2.112099e+00 -2.899860e+00 -1.311061e+00 1.068610e+00 -3.487225e-02 -1.687205e+00 1.254636e+00 9.192427e-01 5.489265e-01 -2.114108e-01 1.346935e-01 
-7.081804e+00 -4.354738e+00 3.219049e+00 -4.124422e+00 -5.174315e+00 -3.989447e+00 8.435728e+00 -6.838085e+00 -1.589476e-01 2.698635e+00 2.783837e+00 -2.149797e+00 5.240484e-01 -2.889266e+00 2.667505e+00 -2.217398e-02 -4.199634e+00 -3.663673e-01 2.887906e+00 -1.134841e+00 -2.049680e+00 1.488262e+00 3.491498e+00 -1.100925e+00 9.504875e-01 9.797851e-02 
-8.922968e+00 -1.335775e+00 1.161053e+00 -9.853756e+00 -5.634978e-01 -2.304794e-01 6.992350e-01 -3.851768e+00 2.782726e+00 -1.954640e+00 -1.341805e+00 -4.897522e-01 6.216691e-01 -2.182310e+00 2.536865e+00 -1.786292e+00 -3.474042e+00 1.303460e+00 7.376463e-01 -2.612549e+00 -1.849026e+00 1.612938e+00 1.627675e+00 -2.796298e+00 2.296792e+00 8.159293e-02 
-1.139434e+01 -1.556296e-01 5.956631e-01 -1.361667e+01 1.428928e+00 -4.026474e+00 -3.313785e-01 5.231124e-01 -7.210553e-02 8.815681e+00 -4.565406e+00 -4.503482e-01 7.607272e-01 -1.782838e+00 1.390983e+00 -1.845563e+00 -1.174090e+00 -2.522794e-01 -2.099343e+00 -8.092738e-01 -5.872453e-01 6.016797e-01 3.927177e-01 -2.465271e+00 8.037078e-01 6.288446e-02 
-1.310719e+01 2.402196e+00 -2.927266e+00 -8.744074e+00 8.586952e-01 -9.147662e+00 1.973112e+00 -8.847238e+00 -4.857702e-01 6.944865e+00 -6.571818e+00 2.201494e+00 7.670575e-01 -1.432894e+00 7.027054e-01 -7.630482e-01 1.312554e+00 -1.000124e+00 -1.035619e+00 1.240497e+00 -1.262868e+00 2.632960e-01 4.772492e-01 4.411250e-01 1.846507e+00 3.548159e-02 
-1.390388e+01 7.311894e-01 -3.964606e+00 -1.054971e+01 -7.146809e+00 -1.002757e+01 3.752420e+00 -7.276577e+00 4.483699e+00 2.124715e-01 -6.927514e+00 5.231184e-01 7.657765e-01 -7.693485e-01 7.784488e-01 2.382110e-01 2.125374e+00 -6.956480e-01 1.579749e+00 2.095574e+00 -7.218188e-01 -3.243362e-01 -2.483013e+00 6.373205e-01 1.027042e+00 2.041000e-02 
-1.483267e+01 1.734343e+00 -3.740536e-01 -4.824462e+00 -1.276250e+00 -2.408028e+00 4.859819e+00 -6.266265e+00 1.821304e+00 4.733211e+00 2.044874e+00 8.256049e+00 7.965524e-01 -4.968445e-01 2.427664e-01 4.087296e-01 8.077976e-01 9.076276e-02 2.227082e+00 1.712540e-01 1.566296e+00 6.226172e-01 -1.046595e+00 1.325480e+00 7.254163e-02 3.061948e-02 
-1.437834e+01 4.070541e+00 5.101119e-01 -4.949605e+00 -9.818400e-01 5.024525e-01 8.703135e+00 -4.376468e+00 -2.847323e+00 -2.493558e+00 -5.687150e+00 1.657583e+00 8.480298e-01 2.354221e-01 6.124393e-01 8.917938e-01 1.526542e+00 1.420823e+00 1.429756e+00 -6.660985e-01 1.349811e+00 -2.456559e-01 -1.163281e+00 4.198531e-01 -3.415377e-01 3.696693e-02 
-1.535419e+01 1.946352e+00 -3.120977e+00 -7.505140e+00 -1.769975e+00 -3.277266e+00 3.540244e-01 -2.465814e+00 6.292827e+00 3.064904e+00 -5.646009e-01 1.996970e+00 8.790283e-01 -2.985039e-02 9.359616e-02 3.439837e-01 8.864661e-02 1.871848e-01 -2.891424e-01 -1.302735e+00 3.675192e-01 1.005828e+00 -2.098012e+00 -7.137266e-01 -1.523078e+00 4.015667e-02 
-1.246601e+01 3.687381e+00 1.867825e+00 -1.576665e+00 2.041684e-01 -2.444173e+00 2.674825e+00 -2.427749e+00 1.019658e+00 -4.769777e+00 -3.523511e+00 1.944970e+00 9.093732e-01 -9.833908e-02 2.487527e-02 7.655280e-01 -2.798447e-01 2.158970e-01 -5.486920e-01 -1.325471e-01 -1.005702e+00 1.847135e+00 -1.208247e+00 -7.461104e-01 -2.234959e-01 3.915761e-02 
-1.593809e+01 2.393903e+00 6.670082e-01 -6.067699e+00 -9.333301e-01 -2.380428e+00 1.360299e+00 -5.403028e+00 4.916955e+00 -4.618742e+00 -2.605578e+00 4.969646e-01 9.666640e-01 6.431347e-01 3.872669e-02 1.749333e+00 -2.723379e-01 6.163774e-01 3.084832e-01 1.763829e+00 -5.776692e-01 -1.686797e-02 -1.552924e+00 -1.145509e+00 -1.882477e+00 1.250207e-02 
-1.457809e+01 3.971141e+00 2.443759e+00 -7.067549e+00 -3.206776e-01 -2.689426e+00 7.537263e+00 -7.936373e+00 7.076288e+00 -4.692971e+00 -8.397213e+00 1.290106e+00 1.000000e+00 2.369668e+00 -1.259802e+00 2.200423e+00 1.199560e+00 -3.934278e-02 5.740385e-01 9.555454e-01 5.378221e-01 1.062594e-01 3.906677e-01 1.984216e-01 -2.569442e+00 -4.560859e-02 
-1.108247e+01 1.998105e+00 5.337722e+00 -6.121388e+00 1.574334e+00 -1.612223e+00 6.741948e+00 -2.599848e+00 3.180172e+00 -4.738119e+00 -3.855294e+00 -7.087984e+00 8.962253e-01 7.307775e+00 -3.889501e-01 1.617249e+00 3.681603e+00 -1.397515e+00 3.645810e-01 -1.505381e+00 1.192679e+00 -2.207232e+00 6.687163e-01 -9.534369e-02 -1.542421e+00 -1.167039e-01 
-3.045475e+00 -2.413731e+00 1.053458e+01 4.447979e+00 -1.246378e+00 4.191718e-02 4.761728e+00 -1.140228e+00 2.419347e+00 -2.756750e+00 -1.906545e+00 -7.109766e+00 7.165496e-01 9.484189e+00 -1.589960e+00 -2.621759e-01 5.349158e+00 -4.973232e+00 1.082381e+00 -4.914968e+00 5.231461e-01 -2.319443e+00 4.071254e-01 2.433410e-01 5.891657e-03 -7.672836e-02 
1.483448e+01 3.641589e+00 4.707840e+00 6.582552e+00 -7.458054e+00 -1.923195e+00 -4.778837e+00 -2.837708e+00 -3.790735e+00 -2.243271e+00 -6.327631e+00 -3.015205e+00 5.248697e-01 8.656318e+00 -2.393180e+00 -1.938234e+00 5.356839e+00 -7.150692e+00 1.078127e+00 -5.928256e+00 -6.372654e-01 -3.673515e-01 7.402716e-02 3.364071e-01 1.160463e+00 7.609976e-03 
1.988438e+01 -4.800400e+00 1.447820e+00 1.332627e+01 -2.067065e+01 2.877966e+00 -1.127719e+01 -5.201712e+00 -1.035473e+00 -3.904769e+00 -5.944340e+00 -7.168251e-01 8.020360e-01 5.534062e+00 -2.446089e+00 -2.583437e+00 2.416967e+00 -4.495340e+00 -4.675827e-01 -4.217892e+00 5.424140e-01 -3.180117e-01 5.255635e-01 3.173250e-01 5.358587e-01 6.417495e-02 
2.073419e+01 -8.774460e+00 1.899349e-01 1.622366e+01 -2.446699e+01 2.360388e+00 -1.487988e+01 -3.755433e+00 3.070825e+00 -3.793974e+00 -1.543612e-01 -4.482141e+00 8.915319e-01 1.395746e+00 -2.380485e+00 -6.038906e-01 1.223371e-01 -1.914153e+00 3.167881e-01 -2.961712e+00 1.891305e+00 2.899228e-01 1.000598e+00 6.398526e-01 -9.713371e-02 6.832295e-02 
2.167498e+01 -8.436154e+00 -1.236491e-01 1.171226e+01 -1.521861e+01 -4.437788e+00 -1.127721e+01 2.030704e+00 -2.601491e+00 6.464188e-01 -3.406554e+00 -3.697005e+00 8.540932e-01 1.557530e-01 1.149498e-01 8.887323e-01 -1.842370e+00 3.008709e-01 -7.143875e-01 -1.073063e+00 1.861048e+00 -3.007782e-01 1.116554e+00 1.709819e-02 -1.286086e-01 -1.419145e-03 
2.091791e+01 -6.442961e+00 2.474122e+00 8.001244e+00 -1.975484e+01 3.318623e+00 -1.958739e+01 3.002611e+00 -1.558112e+00 4.841237e-01 -4.397260e+00 -2.010784e+00 8.404558e-01 -1.694655e-01 1.118195e+00 2.136005e+00 -2.182032e+00 -5.426127e-01 -4.459321e-01 1.605122e-01 1.435375e+00 -1.749942e+00 7.460536e-01 -7.152346e-01 1.246798e+00 -2.538190e-02 
2.057128e+01 -5.391400e+00 4.749388e+00 8.225632e+00 -2.152237e+01 -1.173089e+00 -1.428874e+01 7.245090e-01 -2.248961e-01 -4.610504e-01 -3.737399e+00 -2.595547e+00 8.204783e-01 -4.221351e-01 1.017425e+00 2.468729e+00 -9.927885e-01 -1.767191e+00 -6.919021e-01 6.312256e-01 5.631150e-01 -5.149800e-01 -1.298663e+00 3.112054e-01 1.375187e+00 -3.284320e-02 
2.043871e+01 -4.705863e+00 8.433442e+00 7.056813e+00 -2.402818e+01 -1.501622e+00 -1.257155e+01 4.074539e+00 -6.867180e+00 4.900279e-01 -3.565112e+00 1.201119e+00 7.814299e-01 -1.785010e-01 7.463261e-01 1.453958e+00 4.886072e-01 6.448614e-01 -2.874203e+00 1.992897e+00 7.170701e-01 -6.442420e-01 -1.868885e+00 6.163679e-01 1.620583e+00 -5.791452e-02 
1.980391e+01 -4.217577e+00 9.240335e+00 7.220535e+00 -2.191789e+01 -5.487176e+00 -1.162900e+01 4.310316e+00 -2.521856e+00 -5.849848e+00 -2.266602e+00 1.572976e+00 7.193902e-01 -4.075947e-01 7.540417e-01 1.273519e-01 1.319657e+00 2.365657e+00 -3.777280e+00 1.053531e+00 1.201103e+00 -1.426896e+00 -2.441411e+00 5.172079e-01 1.377975e+00 -8.026550e-02 
2.040909e+01 -3.298242e+00 7.498439e+00 1.094683e+01 -1.633277e+01 -8.895348e+00 -1.095277e+01 4.795058e+00 -3.630842e+00 -6.165905e+00 -2.050819e+00 4.007869e+00 6.014273e-01 -2.030202e+00 -1.514252e+00 -7.119995e-01 3.885965e+00 6.650794e+00 -3.486117e+00 -4.396242e-01 -4.075708e-02 -1.045181e+00 -3.559974e+00 1.164370e+00 -8.092628e-02 -5.679176e-02 
1.854812e+01 -2.325002e+00 5.853649e+00 1.287891e+01 -1.354179e+01 -1.636263e+01 -9.830479e+00 6.369764e+00 -8.977545e+00 -9.340136e+00 -1.908506e+00 2.890955e+00 5.091521e-01 -3.658773e+00 -4.096645e+00 -1.271266e+00 4.755530e+00 8.204338e+00 -1.531688e+00 -6.276287e-01 4.529418e-01 -1.072133e+00 -3.031725e+00 1.654886e+00 -4.033701e-01 -1.023469e-02 
1.091560e+01 -1.322341e+01 6.566788e+00 2.365745e+01 5.037741e+00 -1.349448e+01 -1.566893e+01 2.841029e+00 -8.865242e+00 -1.556470e+01 2.077692e+00 1.374985e-01 6.025901e-01 -3.950855e+00 -1.759683e+00 -2.694147e+00 1.268491e+00 5.336867e+00 -3.855156e-01 1.190860e+00 -4.124310e-01 6.817767e-01 -9.170074e-01 4.632253e-01 1.823480e-01 -9.040467e-02 
6.256787e+00 -1.973822e+01 3.349829e+00 2.464287e+01 8.418544e+00 -1.084605e+01 -1.240907e+01 7.552039e+00 -5.265321e+00 -1.630908e+01 3.943570e+00 1.491311e+00 6.676353e-01 -2.840020e+00 2.495513e+00 -2.690153e+00 -2.083706e+00 2.561191e+00 2.713715e+00 4.431973e+00 -9.635774e-01 1.751271e+00 2.439417e+00 -6.523318e-01 2.013454e-01 -1.561865e-01 
6.800484e+00 -3.390052e+00 -4.720387e+00 1.140730e+01 -6.286005e-01 -1.358121e+01 -3.709177e+00 2.141766e+00 -2.078070e+00 -7.266472e+00 -2.660731e+00 5.619431e+00 7.016236e-02 -1.395910e+00 5.874664e+00 -2.439730e+00 -6.045209e+00 -2.108438e+00 3.507359e+00 6.664102e+00 -1.518651e+00 1.094325e+00 4.780447e+00 -1.177871e+00 4.952667e-01 -1.939462e-01 
6.405574e+00 5.235885e+00 -1.953529e+00 8.585452e+00 2.097334e+00 -2.750687e+00 6.349510e+00 1.901509e+00 -3.614779e+00 -1.292164e+00 -2.800953e+00 1.156715e+00 -5.566597e-03 -9.700809e-01 5.232736e+00 -8.529685e-01 -5.086032e+00 -1.264891e+00 4.753097e+00 5.646049e+00 -1.397646e+00 4.144723e-01 4.560666e+00 -5.816911e-01 -4.495632e-01 -1.487205e-01 
3.861651e+00 3.662859e+00 -2.980184e+00 1.460117e+00 -2.343845e+00 -5.367965e-03 8.272289e+00 -1.926962e+00 -4.218885e+00 8.290813e-01 -4.394038e-01 2.781130e+00 -3.053987e-02 -1.068295e+00 8.680298e-01 1.115847e+00 -1.134547e+00 1.183639e+00 5.132541e+00 2.995104e+00 -1.352952e-01 1.506600e-01 2.288487e+00 6.408293e-01 -5.928417e-01 -1.745642e-02 
2.875799e+00 2.899008e+00 -1.785115e+00 4.186303e+00 2.951712e+00 6.131508e+00 9.830448e+00 2.598174e+00 -2.122551e+00 2.446479e+00 -7.554913e-02 6.626456e-01 -2.561617e-02 -6.126465e-01 -4.549869e-01 2.871718e-01 6.480839e-01 5.180003e-01 1.994759e+00 7.601547e-01 4.348140e-01 3.180079e-01 5.982103e-01 7.708575e-01 8.103463e-01 8.050585e-03 
3.223895e+00 2.118536e+00 7.746413e-01 7.934142e+00 4.862404e+00 7.640392e+00 9.525876e+00 1.116957e+00 -2.070883e+00 2.306643e+00 -8.192866e-01 2.902258e+00 -7.094979e-03 9.279070e-02 -4.402248e-01 -5.358670e-01 1.466947e+00 1.392571e+00 1.854508e-01 -1.274204e+00 -1.105345e-01 1.592576e+00 2.709827e-01 -4.111158e-01 -1.324014e-01 1.037663e-02 
3.661220e+00 3.733112e+00 -2.395083e+00 8.588859e+00 1.084211e+00 3.400226e+00 9.523490e+00 2.553619e+00 -3.098740e+00 9.601073e-01 1.243275e+00 5.147883e+00 2.296388e-02 9.743723e-01 -2.856563e+00 -1.733004e+00 -2.209264e+00 6.980920e-01 -2.384055e+00 -3.471129e+00 -1.818103e+00 1.064037e+00 -5.246534e-01 -1.015873e+00 -5.303620e-01 6.760381e-02 
3.932895e+00 1.044684e+00 -5.354535e+00 6.593572e+00 5.552761e+00 2.287528e+00 2.054747e+00 -2.457357e+00 4.232091e+00 2.927181e+00 -3.154395e+00 -1.234956e-01 -2.946734e-03 1.312045e+00 -4.233466e+00 -2.014603e+00 -4.502120e+00 1.158160e+00 -2.943642e+00 -4.422885e+00 -2.069996e+00 9.228090e-01 -2.341062e-01 -1.068077e+00 -1.003666e+00 1.257330e-01 
7.393161e+00 -1.084688e+01 -7.385547e+00 -6.189732e+00 6.096994e+00 -3.112337e+00 -3.789632e+00 -4.705185e+00 4.614556e-02 -4.870573e-01 -3.987360e+00 -4.762875e-01 3.103288e-01 1.690087e+00 -2.930302e+00 -1.191054e+00 -4.298743e+00 9.794431e-01 -8.129587e-01 -2.296817e+00 -9.290537e-01 -9.006370e-01 -4.841208e-01 -1.327365e+00 -9.856984e-01 8.692233e-02 
7.918151e+00 -1.175880e+01 -6.803143e+00 -7.187166e+00 8.146814e+00 -3.821534e+00 -5.931988e+00 -5.603620e+00 9.707187e-01 1.859694e+00 -3.544353e+00 6.960117e-01 4.778876e-01 1.078740e+00 -3.350000e-02 -1.382461e-02 -2.723096e+00 -4.815943e-01 1.444984e+00 2.971229e-01 3.048293e-01 -2.076801e+00 -7.832587e-01 -2.894254e-01 -5.135863e-01 4.903651e-02 
1.011902e+01 -4.516658e+00 -7.626049e+00 -6.014486e+00 4.684400e+00 2.389964e+00 2.032772e+00 -5.185184e-01 -5.971239e+00 -9.267535e-01 -5.198572e+00 -1.903628e-01 2.171584e-01 -2.765430e+00 2.439400e+00 2.196674e+00 1.563518e-01 6.759168e-01 2.869136e+00 -5.507504e-01 3.277047e-02 -5.194430e-02 2.839893e-01 1.534505e+00 -2.277475e+00 4.892103e-02 
7.963663e+00 -2.287929e+00 -5.303407e+00 -7.109531e+00 3.851087e+00 6.761296e+00 6.291590e-01 -3.026544e+00 -3.143222e+00 -7.692647e-01 -3.995916e+00 -2.834390e+00 2.888210e-01 -5.190817e+00 1.530181e+00 2.574503e+00 8.994274e-01 2.961320e-01 1.824165e+00 -2.146435e+00 2.566467e-01 1.616782e+00 3.528803e-01 2.462240e+00 -1.350995e+00 8.894502e-02 
-6.456743e+00 -3.385316e+00 2.847953e+00 -5.446791e+00 1.162444e+01 5.941927e+00 -9.823957e+00 -5.829871e+00 1.843394e+00 2.247369e+00 3.910947e+00 -1.009846e+01 6.494672e-01 -6.210524e+00 -1.615792e-01 2.024328e+00 9.103402e-01 3.272057e-02 2.176455e-01 -2.305474e+00 -3.631634e-01 2.445829e+00 -7.461559e-01 2.417943e+00 5.614803e-02 1.506942e-01 
-9.748051e+00 -4.673566e+00 8.323739e-01 -2.973877e+00 6.157454e+00 3.523307e+00 -1.073580e+01 -1.664710e+00 5.147311e+00 2.037035e+00 4.212087e+00 -1.104913e+00 7.064583e-01 -4.418256e+00 1.613168e-01 9.001314e-01 6.271841e-01 -3.431414e-01 -4.965451e-01 -1.522505e+00 3.373387e-01 1.778535e+00 -8.347588e-01 5.265644e-01 6.370984e-01 1.103958e-01 
-1.207774e+01 -4.131735e+00 -5.723002e-01 -3.530612e+00 3.694819e+00 5.097186e+00 -3.812118e+00 -3.015252e+00 2.112638e+00 -6.060683e+00 2.787142e+00 -7.743611e-01 7.618109e-01 -1.553746e+00 7.871023e-01 -1.300988e+00 -1.106905e+00 -4.672236e-01 -7.518738e-01 2.855223e-01 -4.118971e-01 1.495883e+00 1.904827e-01 -3.691320e-02 1.639208e+00 3.955476e-02 
-1.131712e+01 -1.108135e+00 9.073763e-01 -4.931700e+00 6.100191e+00 4.700942e+00 -9.989286e+00 -2.747159e+00 5.614831e+00 -7.890325e-01 -8.011916e-01 -4.310949e+00 7.846283e-01 -9.407896e-01 1.044491e+00 -8.054411e-01 -1.805361e+00 1.300579e+00 -9.277935e-02 4.333126e-01 -1.256783e+00 -4.242452e-01 3.379755e-01 1.477811e-01 6.717605e-02 2.190201e-02 
-1.344094e+01 -1.232520e+00 -3.694489e+00 -1.000240e+01 9.316955e+00 1.593740e+00 -8.769603e+00 -7.348132e+00 9.089047e+00 4.612816e+00 6.233020e+00 -2.994069e-01 8.081560e-01 -2.713087e-01 1.030020e+00 -5.977396e-01 -9.646171e-01 9.006768e-01 -2.514163e-01 -6.750992e-01 -1.551430e-01 -5.205353e-01 1.930274e+00 -1.978770e-01 2.104918e-01 6.067920e-03 
-1.377040e+01 -9.007170e-01 -1.633737e+00 -8.764788e+00 9.849280e+00 4.811132e+00 -6.090494e+00 -5.782186e+00 -4.621196e-01 -1.609837e+00 3.228053e+00 -1.006510e+00 7.927958e-01 1.261177e+00 4.178594e-01 -1.053671e+00 7.894186e-01 -4.835261e-01 -1.921653e+00 3.208362e-01 2.235454e-01 -2.431623e+00 1.677958e+00 1.091134e+00 -5.967717e-01 3.560650e-03 
-1.220764e+01 9.146554e-01 -2.290442e+00 -6.437154e+00 6.323658e+00 3.785009e+00 -9.137010e+00 -2.273454e+00 2.548437e+00 4.001090e+00 -2.168653e-01 -1.374122e+00 7.880667e-01 1.691923e+00 5.937641e-01 -3.016989e-02 1.666896e+00 -2.959543e-01 -1.982729e+00 -3.584203e-01 4.747883e-01 -1.773418e+00 1.112435e+00 4.682275e-01 4.943020e-01 -1.999307e-03 
-5.627882e+00 -9.242582e-02 -5.063005e+00 -2.767232e+00 5.179209e+00 -6.002960e+00 -8.201402e+00 -4.166771e+00 -3.272979e+00 7.906621e+00 7.879421e+00 -6.757450e+00 8.124762e-01 7.701998e-01 9.657422e-01 -3.287129e-01 1.005459e+00 9.863273e-01 -1.133903e+00 1.078646e+00 8.646156e-01 -2.164937e-01 9.375650e-01 -3.161297e-02 1.166049e+00 -7.792515e-03 
-9.052582e+00 1.332155e+00 -2.130705e+00 -4.666700e+00 1.017222e+01 -2.912859e+00 -9.506250e+00 -5.781898e+00 1.627386e+00 5.416763e+00 6.248473e+00 5.047574e+00 7.883193e-01 1.347740e-01 1.249026e+00 1.833576e-01 1.049634e-01 3.518526e-01 2.926983e-01 1.718947e+00 3.333392e-02 -9.748790e-01 -1.306816e+00 -7.669319e-01 4.306510e-01 -3.639481e-02 
-1.149693e+01 3.719244e+00 -3.357170e+00 -4.622719e+00 1.285664e+01 2.490553e+00 -5.126443e-01 2.951144e-01 -1.084063e+00 2.370152e+00 -1.626811e-01 1.612885e+00 7.537069e-01 -1.143334e+00 1.312637e+00 5.374593e-02 -1.744381e+00 7.082577e-01 2.153604e+00 1.110130e+00 1.375173e-01 -2.070476e-01 -8.466952e-01 -1.820768e+00 7.940957e-01 -2.884867e-02 
-8.599249e+00 5.253949e+00 -2.226572e+00 -4.984593e+00 4.244207e+00 1.001744e+00 -4.386653e+00 -4.337728e+00 -3.420416e+00 2.352450e-01 -3.047323e-02 -3.406035e+00 6.354773e-01 -7.544176e-01 7.227252e-01 -1.851081e-01 -9.582440e-01 1.262935e-01 8.638008e-01 1.358511e+00 -2.172091e-01 -1.654628e-01 1.327636e+00 -3.879475e-01 7.224576e-02 -4.724562e-03 
-1.157122e+01 4.509862e+00 -4.746342e+00 -1.133019e+01 1.168450e+01 2.807756e+00 -5.210551e+00 -4.201270e+00 -1.784316e+00 6.263903e+00 1.915052e+00 1.439832e+00 7.446538e-01 -5.599821e-01 1.278911e-01 8.606300e-01 -6.592020e-01 1.099423e+00 -5.607477e-01 9.138843e-01 -4.571969e-01 7.396342e-01 4.800212e-01 -7.956395e-02 1.078144e+00 2.174752e-02 
-1.278753e+01 4.550472e+00 -2.361659e+00 -6.104184e+00 1.138975e+01 1.247543e+00 -3.647399e-01 -4.619750e+00 1.150199e+00 1.010807e+01 3.269869e+00 5.495329e+00 7.692230e-01 -9.236189e-01 -7.394660e-01 1.393870e+00 -1.939262e+00 1.621122e+00 9.362217e-01 4.672233e-01 1.356409e+00 8.838971e-01 -5.553290e-01 -4.529922e-01 8.645219e-01 4.142173e-02 
-1.220270e+01 4.710438e+00 1.013524e+00 -7.358933e+00 1.478098e+01 -4.360855e-01 2.045821e+00 -1.849859e+00 3.288006e-01 -1.661527e-01 -2.210672e+00 2.552923e+00 7.955717e-01 -1.048635e-01 -9.349925e-01 2.354641e+00 -3.481173e-01 -5.360003e-01 5.524994e-01 -9.310396e-01 1.891854e+00 -2.421796e-02 -2.533138e+00 -2.678383e-01 -1.397583e+00 1.699165e-02 
-1.290160e+01 1.456331e+00 1.862845e+00 -1.666653e+01 1.080158e+01 7.304774e+00 -5.678722e+00 1.268611e+00 -5.748868e-02 6.736281e-01 -2.325721e-01 3.600290e-01 8.171270e-01 3.685883e-01 -9.784377e-01 1.448101e+00 -7.913405e-01 -1.098075e+00 7.397229e-01 -1.804408e+00 2.436778e+00 -6.227420e-01 -2.669575e+00 -1.511496e+00 -2.040709e+00 -3.828281e-03 
-1.203850e+01 1.381970e+00 4.914613e+00 -7.789601e+00 9.298590e+00 2.541638e+00 -7.208758e+00 2.313819e+00 -1.301562e+00 -1.684565e+00 2.327081e+00 -2.980431e+00 8.056601e-01 8.299904e-02 -6.848974e-01 3.573209e-01 3.547964e-02 -1.749616e+00 -5.009792e-02 -1.201401e+00 1.504834e+00 -8.801179e-01 -6.017683e-01 -3.466417e-01 -1.305663e+00 -2.018641e-02 
-1.102669e+01 1.322518e+00 2.928304e+00 -9.845552e+00 8.640574e+00 3.457296e+00 -4.759489e+00 5.482302e+00 -1.148330e+00 -2.480604e+00 -6.556486e+00 -1.941541e+00 7.450374e-01 2.112715e-01 -4.929114e-02 3.959767e-01 7.458129e-01 -1.924180e+00 -1.090767e+00 1.413184e-01 1.069303e+00 -8.382789e-01 -7.384551e-02 5.626278e-01 1.455178e-02 -3.226676e-02 
-1.272517e+01 1.352858e+00 2.267399e+00 -1.059203e+01 7.113400e+00 1.237164e+00 -4.420803e+00 3.567465e+00 -3.526368e+00 -1.597878e+00 -7.819235e-01 -2.824607e+00 7.306845e-01 6.775770e-01 3.231633e-01 -2.825968e-02 -1.446463e+00 -1.979930e+00 1.722279e-02 -1.121311e+00 1.191537e+00 -1.500967e+00 6.495546e-01 2.065974e+00 -4.604231e-01 -1.817239e-02 
-1.150191e+01 1.224432e+00 5.166335e+00 -1.153626e+01 2.273271e+00 2.503177e+00 -6.366108e+00 5.988303e+00 -3.136480e+00 2.610569e-01 4.135069e+00 3.548758e-01 6.932811e-01 4.884441e-01 2.452665e-01 8.303682e-01 -1.407271e+00 -1.810108e+00 1.298042e+00 -1.896339e+00 2.130366e+00 -1.121164e-01 2.484446e-01 2.624418e+00 -1.192827e+00 -1.728088e-03 
-8.413002e+00 3.046830e+00 3.654299e+00 -1.417657e+01 2.582593e+00 3.104811e+00 -1.201200e+01 8.018505e+00 -7.812323e+00 1.923773e-01 7.311172e+00 -6.430755e+00 7.406763e-01 7.132522e-01 2.412799e-01 1.356404e+00 -1.003149e+00 -1.767691e+00 3.161255e+00 -1.476641e+00 4.506721e-01 1.796093e+00 -1.086133e+00 1.554867e+00 -1.066575e+00 -4.054296e-03 
-1.074055e+01 1.701864e+00 6.386695e+00 -1.508964e+01 1.855437e+00 9.013681e+00 -1.044558e+01 1.390861e+01 4.340656e-01 -2.133509e+00 2.519056e+00 -6.102600e+00 7.314011e-01 3.971453e-01 -8.183851e-01 1.646687e+00 2.354707e-01 -1.395926e+00 2.480439e+00 8.177584e-01 -2.045474e+00 1.246483e+00 -1.110145e+00 2.559770e-01 -1.570982e+00 -1.479203e-02 
-9.539587e+00 2.320541e+00 8.439240e+00 -1.383108e+01 -1.516138e+00 1.378819e+01 -9.764269e+00 1.860671e+00 3.668825e+00 -5.831258e+00 7.800420e+00 -4.928742e+00 6.913530e-01 5.330616e-01 -1.938710e+00 2.276186e+00 1.850931e+00 -2.505961e+00 7.666840e-02 3.392016e+00 -3.207850e+00 1.301779e+00 6.513801e-01 -3.675101e-01 1.330849e+00 -6.195189e-02 
-8.952892e+00 -2.504349e+00 1.100730e+01 -1.053165e+01 -2.656993e+00 9.563685e+00 -3.401183e+00 -1.160150e+00 -2.644640e+00 -2.277853e+00 5.170330e+00 -8.251039e+00 6.439826e-01 1.639533e+00 -1.981583e+00 1.046747e+00 1.885098e+00 -1.822969e+00 -2.455991e+00 3.756747e+00 -2.840216e+00 -1.800566e+00 1.577195e+00 -1.314673e-01 1.855934e+00 -8.916958e-02 
-6.641521e+00 -4.543613e+00 1.272493e+01 -7.200905e+00 -7.690999e+00 3.213151e+00 1.425877e+00 -4.863603e-01 2.359259e-01 3.521450e+00 4.147984e+00 1.297712e+00 4.746261e-01 1.865563e+00 -2.506028e+00 -9.096249e-01 2.041020e+00 5.628817e-02 -4.304824e+00 3.674455e-01 3.903275e-01 -1.658224e+00 1.481073e+00 2.177004e-01 2.495227e+00 -9.025995e-02 
-3.991913e+00 -4.773972e+00 9.477590e+00 -8.979232e+00 -4.171977e+00 2.021245e+00 2.743078e+00 8.810490e-01 -6.852316e+00 1.076113e+00 3.687937e+00 6.384230e-02 3.939167e-01 2.052067e+00 -1.931976e+00 -2.415995e+00 2.101417e+00 1.661551e+00 -2.606577e+00 -2.808387e+00 1.490850e+00 2.477152e+00 -6.411354e-01 3.471430e-01 2.931772e+00 -7.985331e-02 
-2.692263e+00 -9.074789e+00 4.655969e+00 -4.402185e+00 -4.772057e-01 -3.964714e+00 -1.099917e+01 2.791709e+00 -2.518460e+00 -1.028779e-01 9.630118e+00 3.389950e+00 3.650861e-01 2.146431e+00 -6.795617e-01 -2.697150e+00 2.787827e+00 3.134087e+00 -1.804423e-02 -2.602097e+00 1.909628e+00 4.499536e+00 -1.070425e+00 -7.786165e-01 1.341313e+00 -6.950414e-02 
-6.671886e-01 -9.898643e+00 2.961801e+00 -1.423921e+00 2.043865e+00 1.197309e-01 -1.123059e+01 4.655065e+00 1.111831e+01 -3.671366e+00 4.164978e+00 5.361705e+00 2.994860e-01 1.653691e+00 6.044327e-01 -1.637734e+00 3.033986e+00 1.892298e+00 1.924576e+00 -1.161421e-01 3.663892e-01 4.672766e+00 -5.636115e-01 -1.952163e+00 -1.121673e-01 -7.040444e-02 
2.428272e+00 -5.379087e+00 2.497070e+00 2.960575e+00 4.871516e+00 4.073687e+00 -4.597771e+00 7.174773e+00 1.374829e+01 5.430663e-01 1.638103e-02 5.355348e+00 1.743207e-01 2.221458e+00 2.540102e+00 -1.369747e+00 1.636851e+00 -9.359169e-02 2.662559e+00 3.476211e+00 -1.095503e+00 1.911841e-01 1.702881e-01 -2.056500e+00 -2.241645e+00 -7.284193e-02 
1.716272e+00 -3.599660e+00 2.368367e+00 2.509316e+00 2.615151e+00 7.624924e+00 -1.038333e+00 5.214629e-01 8.378142e+00 -2.064916e+00 -1.266011e+00 -1.479693e+00 1.372772e-01 2.898658e+00 3.794928e+00 -1.087459e+00 2.527506e-01 -8.606976e-01 9.559566e-01 4.188196e+00 -1.618099e+00 -2.957970e+00 6.911241e-01 -9.569605e-01 -3.274219e+00 -6.188987e-02 
7.223296e+00 4.762321e-01 -1.896051e+00 1.815451e+00 -1.230807e+00 5.595485e+00 1.285754e+00 -6.190029e-01 -1.924536e-01 -5.466223e-02 2.063113e+00 -4.397577e+00 8.198088e-02 1.730203e+00 2.841290e+00 -5.704610e-01 1.299512e-01 -1.698217e+00 -1.562388e+00 2.663241e+00 -1.763588e+00 -4.347715e+00 1.362238e-01 8.952435e-01 -1.483896e+00 -4.489211e-02 
1.142859e+01 6.148341e+00 -2.789336e-01 4.123942e-01 7.915384e-01 4.138615e+00 6.768620e+00 4.614568e-01 3.298833e+00 8.311963e-02 -1.643191e+00 -6.132927e+00 3.620654e-02 6.917561e-01 1.885552e+00 -5.521762e-01 9.747567e-01 -8.381062e-01 -1.720786e+00 2.463270e+00 1.885428e+00 -1.708445e+00 4.149436e-01 6.216261e-01 9.336656e-01 -3.143449e-02 
6.223132e+00 3.953362e+00 9.684153e-01 4.658792e+00 -2.707764e+00 -1.995098e+00 4.814957e+00 -1.613163e+00 -5.450634e+00 1.501675e-01 4.681189e+00 2.624844e-01 3.954768e-04 -1.304520e+00 -2.104413e-01 -4.018575e-01 1.089008e+00 2.865973e-01 -9.975082e-01 3.651877e-01 4.291719e-01 -6.072219e-02 6.981227e-01 2.322365e-01 1.244266e+00 -2.158524e-02 
5.675135e+00 4.089535e+00 -1.824746e+00 5.961430e+00 -8.369018e-01 2.816283e+00 9.513413e+00 1.044568e+01 2.465005e+00 -9.261298e-02 5.330811e-01 8.586046e-01 2.089745e-02 -1.658847e+00 -6.704326e-01 -1.564659e-01 1.440723e+00 1.492037e+00 6.042923e-01 -2.850371e-01 -7.357246e-01 1.130273e+00 1.726078e+00 2.898508e-01 1.506582e+00 -1.474348e-02 
3.577423e+00 4.534281e-01 -3.132432e+00 4.485972e+00 1.016399e+00 1.269110e+00 1.739296e+00 -3.465257e+00 -7.915068e-02 3.523818e+00 2.136159e+00 -1.672014e+00 -1.829076e-02 -3.640637e-01 2.427535e-01 -1.551883e-02 2.363016e-01 1.963299e+00 1.585497e+00 5.233229e-01 -6.273795e-01 2.186469e+00 2.170673e+00 -5.118654e-01 5.244302e-01 -8.167237e-03 
4.457204e+00 4.546145e+00 9.891601e-01 7.702420e+00 6.389644e+00 5.527972e+00 6.881266e+00 -2.291119e+00 6.264455e+00 7.026684e+00 1.078578e+00 2.367233e+00 -2.816772e-02 -5.007353e-02 7.689656e-01 -2.407341e-02 -8.992565e-01 -5.982801e-01 -6.319908e-01 -6.835793e-01 -8.154782e-01 7.902054e-02 8.983828e-01 4.800557e-01 2.482088e-01 1.076663e-03 
5.011779e+00 4.938825e+00 -5.161321e-01 4.969805e+00 3.495459e+00 4.576545e+00 8.747645e+00 1.618341e+00 3.581986e+00 7.443884e+00 1.849113e+00 2.130321e+00 -1.590812e-02 -2.049599e-01 9.283091e-01 -1.485303e-01 -1.057593e+00 -1.403388e+00 -1.205562e+00 9.445896e-01 1.079249e+00 -1.598091e-01 -6.047972e-01 7.195499e-02 2.243678e-01 6.035822e-03 
4.707589e+00 5.691665e+00 -3.253263e+00 1.223230e+00 -5.067832e+00 -1.997388e+00 2.591342e+00 3.826494e+00 1.029540e+00 2.439267e+00 3.076883e+00 1.984811e-01 2.508944e-02 -5.208285e-01 -3.646825e-02 -8.787379e-01 -1.042127e+00 -1.624291e+00 -1.692798e+00 -2.113274e-01 3.790006e-01 -9.592583e-01 -1.377857e+00 -3.472494e-01 -2.853428e-01 1.809323e-03 
2.427431e+00 4.522214e+00 -1.753871e+00 2.437601e+00 -2.718049e-01 -9.960215e-01 8.607205e+00 -1.127821e+00 1.739261e+00 2.793540e+00 1.496782e+00 5.342015e-01 -1.474023e-02 -9.453870e-01 -6.847601e-01 1.487389e-01 -1.362084e-01 -1.490931e-01 -3.487278e-01 1.890411e-02 -7.705758e-01 -8.660911e-01 -6.469449e-01 1.732487e-01 -2.446440e-01 -4.896158e-03 
3.145235e+00 4.572109e+00 -2.785660e+00 3.757889e+00 1.518188e-01 -1.497332e-01 5.894849e+00 9.769651e-01 2.389526e+00 2.462570e+00 -4.815037e-01 1.738579e+00 -1.970506e-02 -5.346367e-01 -6.425783e-01 1.297827e+00 7.231916e-01 9.116266e-01 1.236641e+00 8.073872e-01 -3.388620e-01 -7.030833e-02 -4.737336e-01 -2.221140e-01 -3.906873e-01 -9.266066e-03 
1.066021e+00 2.074802e+00 -6.239295e-03 3.021434e+00 1.401681e-01 1.909079e+00 7.190413e+00 -8.097733e-01 -1.428463e+00 4.197508e+00 4.494550e+00 1.370523e-01 -1.799166e-02 -2.512106e-01 -6.936381e-01 8.810140e-01 -1.702569e-01 -6.506081e-01 5.429505e-01 3.423241e-01 3.445134e-01 2.089247e-01 -3.528055e-01 -2.269059e-01 -3.737363e-01 -1.124358e-03 
2.715111e+00 3.702479e+00 2.362055e+00 4.547272e+00 -7.156857e-01 2.733265e+00 7.336675e+00 1.973161e+00 2.261860e+00 -6.313850e-01 4.674287e-01 -1.556381e+00 -1.961517e-02 -2.321194e-01 -3.864947e-01 2.391429e-01 -2.943824e-01 -5.509003e-01 -4.555172e-01 4.446004e-02 -2.311522e-01 -3.401212e-01 -1.149817e-01 -1.478606e+00 -1.683232e+00 1.389110e-03 
1.386440e+00 1.488839e+00 7.734150e-02 1.191625e+00 -3.091093e+00 2.772321e-01 9.597913e+00 9.664845e-02 2.847717e+00 2.576490e+00 -1.122139e-01 3.129998e-01 -2.040696e-02 3.858663e-01 4.243763e-01 -9.139042e-01 2.878945e-02 -5.700713e-02 -7.697438e-01 6.363476e-01 -6.442100e-01 -6.465458e-01 1.458530e-01 -6.324615e-01 -7.948965e-01 6.439686e-04 
1.824429e+00 2.932617e+00 -1.631736e+00 3.200881e+00 -9.870521e-01 -1.611396e+00 4.913399e+00 -6.320068e-01 -1.449170e+00 2.698171e+00 -5.571153e+00 -6.765553e+00 -1.155186e-02 3.020270e-01 3.952433e-01 -1.382202e+00 3.565390e-01 7.833065e-01 3.858620e-01 -3.778093e-01 -4.232934e-01 -9.671032e-01 4.456991e-01 -6.022644e-02 5.300517e-01 9.745193e-03 
3.440694e+00 4.581615e+00 -2.578865e+00 3.838576e+00 -9.184346e-03 2.326899e-01 1.158379e+01 -2.728240e+00 -2.805677e+00 3.261995e+00 4.351533e+00 -1.232844e+00 -1.880348e-02 8.614047e-01 6.414418e-01 -5.041162e-01 7.361469e-01 1.007229e+00 1.838895e+00 6.674393e-02 5.390657e-01 -1.097186e+00 -1.527235e-02 1.290447e+00 1.172733e+00 6.341785e-03 
3.198119e+00 4.132308e+00 -3.220850e+00 5.006491e+00 1.659892e+00 4.684846e+00 4.454690e+00 1.269138e+00 2.530416e-01 1.254358e+00 -2.065577e+00 1.866800e+00 2.830905e-02 3.786773e-01 1.501628e-01 9.146496e-02 9.461641e-04 7.099560e-01 1.273948e+00 -5.832673e-01 4.031588e-01 9.518811e-01 2.269747e-01 1.467401e+00 2.241827e+00 -2.442503e-03 
5.006618e+00 4.096203e+00 -1.648682e+00 3.969554e+00 6.215788e-01 6.323584e+00 1.016099e+01 1.841405e+00 -3.489320e+00 3.222034e+00 4.587231e+00 1.860490e+00 -8.628488e-03 -2.888784e-01 -7.857418e-02 7.056570e-01 3.624327e-02 5.570681e-01 1.369028e-02 -1.065142e+00 -2.766703e-02 7.231193e-01 -9.880668e-01 -9.976851e-01 9.245933e-01 -6.815034e-03 
2.934853e+00 3.926137e+00 -1.639502e+00 3.140123e+00 2.247347e+00 1.712896e+00 2.708464e+00 -9.010354e-01 3.652058e+00 3.853024e+00 1.648000e+00 2.896916e+00 -2.885187e-02 -4.953789e-01 -1.754203e-01 5.985056e-01 -5.376727e-01 3.523542e-01 -5.887998e-01 -2.454316e-01 -1.545826e-01 9.387337e-01 -2.183023e-02 1.004972e-01 7.286245e-01 -8.475924e-03 
2.127935e+00 4.291829e+00 1.587465e-01 4.952977e+00 2.482429e+00 1.787116e+00 7.131189e+00 -1.781488e+00 -8.895884e-01 -2.977672e+00 -2.493681e+00 2.875064e+00 -2.429819e-02 -2.128918e-01 1.319781e-01 -1.439318e-01 -1.305232e-01 2.489657e-01 1.877941e-01 -8.821616e-01 1.367516e+00 1.878715e+00 -1.218804e-01 -1.766969e+00 -3.579746e-01 1.170360e-02 
2.160566e+00 3.157393e+00 -1.132037e+00 1.826417e+00 2.491239e+00 4.009080e+00 4.742431e+00 2.307672e+00 3.646844e+00 4.245060e+00 1.977365e+00 5.002635e+00 -6.235719e-03 1.023694e-01 1.648170e-01 -1.522724e-01 2.246761e-01 -1.025724e+00 -1.822252e-01 1.047235e+00 3.366938e+00 6.125184e-01 3.506946e-01 -5.963821e-01 -1.373377e+00 1.551910e-02 
4.329303e+00 5.140466e+00 -2.622074e+00 3.973792e+00 1.744461e+00 6.114462e+00 4.733195e+00 7.074630e+00 5.906863e+00 2.416615e+00 -4.412296e+00 -9.822420e-01 3.858143e-02 -6.241589e-02 -9.424331e-02 -7.267207e-02 -4.330826e-03 -1.238924e+00 -8.568293e-01 1.195300e+00 2.659520e+00 6.821574e-01 1.742656e+00 9.422470e-01 -4.450879e-01 7.449376e-03 
2.346016e+00 4.325904e+00 -1.010454e+00 4.753096e+00 -2.512291e+00 -1.361903e+00 9.143634e+00 1.150559e+01 3.316424e+00 2.909354e+00 -3.746033e-01 -2.041316e+00 1.730382e-02 -3.481042e-01 -1.746180e-01 4.089932e-01 2.777324e-01 -1.035821e+00 -1.356724e+00 1.850322e+00 9.061476e-01 -5.141326e-01 8.303652e-01 1.063818e+00 3.491772e-01 -2.257323e-03 
1.723131e+00 3.236357e+00 -2.654053e-01 3.467983e+00 -1.210424e+00 1.884622e-01 1.090709e+01 6.917150e+00 2.686408e+00 6.403462e+00 3.393538e+00 4.171600e+00 1.178920e-03 -5.835228e-01 -4.897765e-01 5.458387e-01 -2.296730e-01 -4.607902e-01 -1.030164e+00 1.411125e+00 -4.903404e-01 -7.070925e-01 1.146780e+00 1.937981e+00 1.652060e+00 -9.092992e-03 
