-1.193506e+01 5.502431e-01 -2.966899e-01 4.779710e+00 1.383080e+01 3.745552e+00 6.222042e-01 7.463900e+00 5.284144e+00 7.889584e+00 9.870948e+00 3.897957e+00 -4.985452e-02 -2.888241e-01 3.100235e-01 4.118946e-01 -9.742050e-01 -2.278261e+00 -1.523131e+00 -4.683219e-01 -2.069515e+00 -2.009191e+00 -1.119573e+00 -2.560022e+00 -1.138439e+00 -3.638554e-03 
-1.293884e+01 1.626917e+00 1.388216e+00 3.345298e+00 8.457241e+00 2.212001e-01 6.409208e-01 -2.464119e-01 -1.038998e+00 9.573875e+00 7.043217e+00 3.300318e+00 -6.005263e-02 -1.698355e-01 -4.068196e-01 -2.366964e-01 -1.157787e+00 -2.346087e+00 -9.973683e-01 -2.455114e-01 -1.933265e+00 -2.106512e+00 -1.839096e+00 -3.446295e+00 -1.524726e+00 -2.444553e-03 
-1.287729e+01 1.562024e+00 9.203302e-01 6.258910e-01 5.126269e+00 -2.107928e+00 -1.728764e+00 9.714816e-01 -1.600237e+00 1.449574e+00 -1.515296e+00 -1.495417e+00 -6.294823e-02 -7.055245e-02 -3.610775e-01 -3.975942e-01 -1.541268e+00 -1.604082e+00 -9.757223e-01 -1.071591e+00 -2.221005e+00 -1.385731e+00 -2.068447e+00 -1.875552e+00 -7.191778e-01 -3.096545e-03 
-1.231312e+01 -1.989745e+00 -2.088682e+00 1.067685e+00 6.452622e+00 1.685450e+00 5.701312e-01 1.043782e+00 -1.806223e+00 1.914108e+00 -1.667405e+00 -1.028983e+00 -5.553043e-02 -1.627302e-01 -4.801597e-01 -1.303073e+00 -1.183017e+00 -3.866630e-01 -2.251343e-01 -9.749933e-01 2.306246e-01 1.867200e+00 -1.200182e+00 -5.479134e-01 9.663429e-02 -7.686615e-04 
-1.260068e+01 5.531864e-01 -5.462120e-01 -1.787825e+00 6.812694e+00 -1.865185e+00 -4.700354e+00 -4.286221e+00 -1.260900e+00 1.377231e+00 4.848499e+00 2.466719e+00 -6.759834e-02 -4.513630e-01 -7.657156e-01 -1.371447e+00 -3.678275e-01 -3.378149e-02 3.133615e-01 -4.663767e-01 3.635703e-01 1.966178e+00 1.056151e+00 1.147340e+00 3.335140e-01 -2.849102e-06 
-1.389080e+01 -2.694629e-01 -4.393878e+00 -1.362929e+00 5.680714e+00 -1.025843e+00 -2.748251e+00 3.535563e+00 8.127333e+00 3.609137e+00 1.121753e+00 1.802422e+00 -6.157088e-02 -1.720291e-01 2.019708e-01 -4.102008e-01 -6.287580e-01 -9.017423e-01 -7.593816e-01 -8.966036e-02 1.677686e+00 1.295330e+00 7.283369e-01 1.277294e+00 -5.023358e-02 1.587391e-03 
-1.434527e+01 -3.126696e+00 -4.784305e+00 2.060175e-03 5.343316e+00 8.145257e-01 -2.401457e+00 1.543443e+00 3.263875e+00 5.882814e+00 2.826827e+00 -1.243549e+00 -5.994225e-02 1.144543e-01 8.640184e-02 -2.787333e-01 -3.980573e-01 -1.163080e-01 1.059912e+00 1.972092e+00 2.308580e+00 4.235822e-01 4.122066e-01 -3.300104e-02 -2.376167e-01 7.602572e-04 
-1.230098e+01 8.600496e-01 -2.020640e+00 -2.971048e+00 2.678600e+00 -3.451313e+00 -1.027619e+00 6.517379e+00 2.408038e+00 3.303001e+00 5.729902e+00 5.749829e-01 -5.142152e-02 6.706562e-02 5.165969e-01 9.438972e-01 -3.551667e-01 8.464078e-01 1.332824e+00 1.876107e+00 6.605783e-01 -1.584432e+00 -1.094685e+00 -1.224741e+00 -1.352857e+00 -1.370573e-03 
-1.282332e+01 4.204393e-01 -3.126498e+00 -2.974052e+00 7.732211e+00 4.647109e+00 4.299789e+00 5.765771e+00 3.716658e+00 3.591331e+00 2.379419e+00 1.892355e+00 -6.887174e-02 1.156342e-01 9.506862e-01 1.278433e+00 3.857036e-01 6.798633e-01 8.292111e-01 1.097378e+00 -4.447090e-01 -5.907634e-01 -6.493911e-01 -1.725389e+00 -8.853331e-01 1.002574e-03 
-1.431644e+01 5.399538e-01 -5.032957e-01 -1.650706e+00 8.718306e+00 3.721987e+00 3.281658e+00 4.727290e+00 -2.121951e-02 -7.185481e-01 -4.778247e+00 -6.529817e+00 -6.395900e-02 -1.604135e-01 -1.608080e-01 1.426572e-01 1.063915e+00 1.080913e+00 -3.439701e-01 -1.056667e+00 -2.144005e+00 -4.868636e-01 -4.309171e-01 -6.212571e-01 1.897102e-01 3.649056e-03 
-1.275936e+01 1.786783e+00 8.491898e-01 1.270408e+00 5.722780e+00 1.373931e+00 9.307938e-01 2.149421e-01 1.524686e+00 4.646633e+00 -5.460446e-01 -2.117815e+00 -4.866064e-02 1.371286e-01 -4.550544e-02 -1.235306e-01 3.041093e-01 4.013226e-01 -1.486854e+00 -1.319026e+00 -5.676607e-01 -8.506713e-01 -1.153937e+00 -6.739645e-02 3.444618e-01 4.405534e-03 
-1.313502e+01 -6.271623e-01 -3.295198e+00 2.262988e-01 9.087879e+00 -3.534575e+00 -4.626454e+00 -1.427233e+00 1.069705e+00 6.207651e-01 4.086349e+00 3.528619e+00 -4.328179e-02 3.426579e-01 3.257014e-01 1.392689e-01 3.745580e-03 -4.690552e-01 -1.740506e+00 -1.415701e+00 -2.131686e-01 5.428116e-01 -5.161153e-01 6.322210e-01 1.687521e+00 2.401066e-03 
-1.272839e+01 7.764702e-01 -2.348200e+00 -2.392008e+00 9.554037e+00 8.411185e-01 1.658718e+00 6.004728e+00 -1.082161e+00 -2.848008e+00 -2.389861e+00 -1.414554e+00 -5.718267e-02 4.043489e-01 4.344338e-01 4.205476e-01 -2.762046e-01 -6.795644e-01 -2.320593e-01 6.785382e-01 9.936367e-01 -9.203434e-03 -6.795601e-01 4.050742e-01 4.064859e-01 -3.094065e-03 
-1.261864e+01 2.673617e+00 1.791744e+00 1.992295e-01 4.457401e+00 -4.714139e+00 -4.160806e+00 7.665541e-01 3.996262e+00 4.481959e-01 -6.952340e-01 1.556157e+00 -4.769266e-02 5.173343e-01 6.141099e-01 9.702492e-01 4.381061e-01 -3.640693e-01 1.511855e+00 1.913080e+00 7.229352e-01 1.042818e-01 -3.024271e-01 9.090810e-02 -9.139471e-02 -7.225752e-04 
-1.099581e+01 2.308562e+00 4.084567e-01 -9.708047e-02 4.640198e+00 8.034159e-01 4.090661e+00 4.086232e+00 1.539069e-02 1.335117e+00 3.870118e+00 9.008460e-01 -6.192553e-02 5.590140e-01 1.253279e-01 5.223250e-03 4.350606e-01 -5.106012e-01 4.533058e-01 1.117624e+00 2.842193e-01 1.088564e-01 6.002743e-02 3.956237e-02 4.246647e-02 5.203211e-03 
-1.141464e+01 1.677341e+00 1.777200e-01 1.269365e+00 9.724453e+00 4.043550e+00 3.722974e+00 3.146691e+00 1.042338e+00 -2.982934e+00 1.410900e+00 1.913945e+00 -4.452324e-02 5.834721e-01 1.596112e-01 -8.434266e-01 -2.932648e-01 3.121428e-01 1.397974e+00 8.675228e-01 4.665398e-01 -7.353778e-01 3.781147e-01 -4.205402e-01 -3.049254e-01 2.981031e-03 
-1.053532e+01 1.901248e+00 -1.515072e+00 -7.517731e-01 4.367505e+00 -1.271197e+00 3.304949e+00 6.235756e+00 9.390826e-01 -8.323061e-01 -3.245116e+00 -1.381116e+00 -3.275132e-02 9.483913e-01 8.813599e-01 -3.679049e-01 -5.426039e-01 -4.991067e-01 -6.702704e-01 -1.348713e+00 -4.214234e-01 5.268692e-01 1.643913e+00 2.850451e-01 7.009783e-01 2.874267e-03 
-9.931526e+00 3.675330e+00 -1.463625e+00 -9.397480e-01 6.154461e+00 3.313035e+00 5.696633e-01 2.024491e+00 -1.424729e-01 3.422481e+00 7.596823e-01 1.172510e+00 -4.737461e-02 1.503197e+00 1.726175e+00 6.548666e-01 2.224974e-01 -1.365785e+00 -1.169535e+00 -7.721535e-01 -8.259702e-03 1.263089e+00 3.399136e+00 1.963726e+00 3.792156e-01 6.774950e-03 
-6.995411e+00 5.716367e+00 -6.103952e-01 -1.705543e+00 3.929660e+00 -2.182679e+00 -1.076246e+00 2.540215e+00 3.242142e+00 6.351973e+00 5.620953e+00 4.776455e+00 -4.612851e-02 2.834622e+00 2.942806e+00 2.281146e+00 1.189527e+00 -1.308524e-01 -2.690496e-01 -3.799887e-01 -1.929030e+00 6.021204e-02 1.299461e+00 1.078283e+00 4.320537e-01 3.144597e-02 
-5.668609e+00 8.400656e+00 2.999715e+00 2.858737e+00 3.114452e+00 -1.348387e+00 2.052804e+00 4.953164e+00 6.206253e+00 1.042061e+01 6.796496e+00 7.312379e-01 -3.959894e-03 5.752707e+00 2.154019e+00 1.236629e+00 6.979897e-01 -2.703823e+00 -3.388552e+00 -2.476863e-01 -3.017110e-01 -1.198979e+00 -1.305246e+00 -6.035300e-01 -2.200174e-01 1.346253e-01 
1.506335e+00 1.425261e+01 7.658985e+00 3.296618e+00 5.233247e+00 -2.857342e-01 6.634353e-01 -4.873729e+00 -1.934220e+00 2.165935e+00 -8.721105e-01 9.997885e-01 1.027712e-01 6.577997e+00 8.156376e-01 2.695391e-02 1.697683e-01 -4.516471e+00 -4.403053e+00 1.069077e-01 -4.808334e-01 -2.250100e+00 -2.539925e+00 -1.749264e+00 -3.088805e-01 1.982534e-01 
1.458114e+01 1.017730e+01 5.848300e-01 4.911947e-02 -8.016447e+00 -1.457820e+01 -1.538609e+00 4.222907e+00 -3.549186e+00 -1.010728e+00 9.885639e-01 1.960757e+00 5.513022e-01 5.786578e+00 -9.017488e-01 -9.024426e-01 -8.764537e-01 -5.705765e+00 -4.626838e+00 -3.216057e-01 -3.685169e-01 -1.809377e+00 -2.188046e+00 -9.922937e-01 1.057002e-01 2.029105e-01 
1.576970e+01 8.906233e+00 7.318166e-01 5.481074e-01 -1.308725e+01 -1.758304e+01 1.253999e+00 5.011762e-01 -3.130637e+00 -6.319872e-01 -2.214006e-01 2.617293e+00 6.675076e-01 3.086375e+00 -2.212842e+00 -1.289298e+00 -8.148427e-01 -5.694257e+00 -3.257048e+00 4.193704e-01 8.792302e-01 3.005950e-01 2.723157e-01 3.042413e-01 -4.726408e-01 1.555129e-01 
1.613260e+01 6.565102e+00 1.951086e+00 -1.492753e-01 -1.625412e+01 -1.583393e+01 1.494939e-01 4.231269e-01 -2.242422e+00 8.793366e-01 1.509673e+00 4.509869e-01 7.282244e-01 4.107047e-01 -1.849282e+00 -2.799076e-01 -2.822168e-01 -3.223988e+00 -4.254341e-02 1.022494e+00 -7.125143e-01 1.150269e+00 1.665118e+00 -3.095365e-01 -1.217867e+00 7.160158e-02 
1.616248e+01 4.994500e+00 5.293648e-01 -6.783977e-01 -1.911920e+01 -1.594311e+01 1.916236e+00 1.422313e+00 -1.084628e+00 2.582481e+00 3.885413e-01 -6.085306e-01 7.918746e-01 1.402502e-02 -1.689917e+00 -8.379503e-01 -4.895212e-01 -2.335943e+00 6.825572e-01 1.563053e+00 -2.613847e-01 1.776358e+00 1.870860e+00 -9.876868e-01 -1.581068e+00 5.488877e-02 
1.643827e+01 2.886757e+00 -7.134819e-01 -7.487123e-01 -2.112041e+01 -1.561088e+01 3.242742e+00 1.997671e-01 1.179152e+00 5.707630e+00 -8.640898e-01 -2.515668e+00 8.471267e-01 -2.443938e-01 -1.276201e+00 -1.376638e+00 -5.886526e-01 -1.317696e+00 9.361922e-01 2.528953e+00 -3.187657e-01 1.726923e+00 1.507962e+00 -2.061790e+00 -1.221288e+00 4.217250e-02 
1.568699e+01 2.295821e+00 -2.125651e+00 -1.599780e+00 -2.233382e+01 -1.428177e+01 7.522643e+00 -6.940672e-01 4.040365e+00 6.308167e+00 -3.972953e+00 -3.804721e+00 8.825004e-01 -2.786403e-01 -1.083047e+00 -9.863759e-01 -1.085741e+00 -2.083950e-02 1.770408e+00 2.223481e+00 -3.239187e-01 1.623242e+00 4.700279e-01 -2.358153e+00 -7.456554e-01 2.425944e-02 
1.514838e+01 1.533439e+00 -3.604596e+00 -2.631847e+00 -2.123530e+01 -1.198363e+01 9.991056e+00 -1.125115e-01 3.829698e+00 6.556304e+00 -6.618531e+00 -4.057359e+00 8.937740e-01 -3.509828e-01 -7.983945e-01 -8.660267e-01 -1.323154e+00 1.028109e+00 2.575287e+00 1.337241e+00 2.818368e-01 9.958078e-01 -7.496032e-01 -2.176534e+00 -5.377558e-01 9.260362e-03 
1.541423e+01 2.559225e-01 -2.956958e+00 -5.165536e+00 -1.916595e+01 -8.904696e+00 9.659485e+00 -4.114163e-02 5.706309e+00 4.508284e+00 -8.525004e+00 -3.565962e+00 8.898481e-01 -1.556091e-01 -8.694583e-01 -7.965196e-01 -1.197832e+00 1.415593e+00 3.210191e+00 -3.896246e-02 9.225097e-01 1.955231e-01 -1.213333e+00 -1.521410e+00 -4.697204e-01 5.020577e-03 
1.481974e+01 -8.526622e-02 -4.627962e+00 -5.581604e+00 -1.756380e+01 -5.422986e+00 8.860528e+00 1.282489e+00 5.325219e+00 2.859556e+00 -9.470734e+00 -5.323826e+00 8.897546e-01 1.830241e-01 -8.963543e-01 -1.226703e+00 -3.512418e-01 8.267952e-01 3.014486e+00 2.807947e-01 5.350832e-01 1.956048e-01 -1.421085e+00 -1.467636e+00 -2.862546e-01 1.002708e-02 
1.507326e+01 -1.242118e+00 -5.596566e+00 -6.114062e+00 -1.709160e+01 -1.511143e+00 7.893095e+00 3.220981e+00 4.270220e+00 2.089875e+00 -1.015390e+01 -5.520090e+00 9.096130e-01 1.892884e-01 -8.406875e-01 -1.633794e+00 1.102643e-01 2.976698e-01 2.599979e+00 7.101203e-01 5.146319e-01 -4.820038e-01 -1.249089e+00 -1.302094e+00 -5.712261e-02 1.589329e-02 
1.623398e+01 -2.199312e+00 -8.418307e+00 -3.913793e+00 -1.813850e+01 -6.079825e-01 1.227822e+01 9.318432e-01 5.525766e+00 6.600828e-01 -1.314226e+01 -4.511569e+00 9.340270e-01 5.854566e-01 -9.891406e-01 -1.778902e+00 4.768122e-01 3.092573e-01 2.044996e+00 8.877949e-01 3.966078e-02 -1.266628e+00 -8.230116e-01 -1.596664e+00 1.142734e+00 1.575186e-02 
1.565355e+01 -2.890492e+00 -9.230757e+00 -5.448120e+00 -1.739025e+01 1.687699e+00 1.150124e+01 2.707341e+00 3.196017e+00 -6.374220e-01 -1.319971e+01 -4.257704e+00 9.471784e-01 2.590495e-01 -1.083351e+00 -1.332752e+00 1.571780e-01 1.032844e+00 2.098349e+00 4.604519e-01 -8.976238e-01 -1.951357e+00 -7.115811e-01 -1.393315e+00 1.959578e+00 1.345943e-02 
1.745688e+01 -4.206782e+00 -1.170538e+01 -3.530514e+00 -1.586819e+01 3.202571e+00 1.149543e+01 1.737613e+00 -4.708168e-01 1.081467e-01 -1.593115e+01 -2.413516e-01 9.497312e-01 5.074596e-02 -1.398043e+00 -3.949129e-01 -5.318911e-01 2.163222e+00 2.284930e+00 -6.321435e-01 -1.640837e+00 -2.244296e+00 -4.443552e-01 -5.061218e-01 2.189554e+00 1.110703e-02 
1.575706e+01 -5.655137e+00 -1.061679e+01 -5.519812e+00 -1.306254e+01 7.075324e+00 1.058675e+01 -1.670023e+00 -2.488276e+00 -1.192062e+00 -1.572604e+01 2.142693e+00 9.690580e-01 1.080342e-01 -1.815921e+00 6.561299e-02 -4.384910e-01 2.887945e+00 2.478981e+00 -1.501982e+00 -2.598944e+00 -9.796932e-01 -1.305475e+00 1.352377e+00 1.856185e+00 1.345344e-02 
1.643595e+01 -7.807205e+00 -9.699855e+00 -6.537403e+00 -9.486245e+00 8.122852e+00 9.574751e+00 -5.083662e+00 -2.853568e+00 -1.284373e+00 -1.440971e+01 3.236002e+00 9.786223e-01 -7.069186e-01 -1.323901e+00 5.607697e-01 -9.989988e-01 3.844301e+00 2.109328e+00 -2.910662e+00 -2.414988e+00 1.644630e-01 -1.617412e+00 3.532487e+00 8.413284e-01 9.965015e-03 
1.670418e+01 -1.016989e+01 -9.905454e+00 -6.137130e+00 -6.141501e+00 1.162246e+01 4.951669e+00 -6.876745e+00 -5.110741e-01 -6.468536e+00 -7.198544e+00 3.284542e+00 1.000000e+00 -9.450265e-01 -9.217542e-01 4.913620e-01 -2.000270e-01 3.869328e+00 8.134845e-01 -3.324512e+00 -2.045411e+00 1.030859e+00 -7.331508e-01 4.060943e+00 6.661018e-01 -1.516288e-03 
1.344872e+01 -8.568912e+00 -9.257198e+00 -8.216848e+00 -1.072006e-01 1.147564e+01 -2.403386e-01 -7.733964e+00 -6.371026e-01 -5.340677e+00 -2.532460e+00 3.394366e+00 9.840853e-01 -1.404667e+00 -5.453823e-01 6.975570e-01 4.118356e-01 3.629144e+00 -7.885641e-01 -3.131979e+00 -1.334921e+00 1.618576e+00 -2.131268e-01 3.584422e+00 1.626007e-01 -1.302731e-02 
1.252554e+01 -9.883054e+00 -8.381310e+00 -5.680223e+00 1.594579e+00 9.466352e+00 -1.128263e+00 -1.057193e+01 1.557785e+00 -2.829664e+00 -1.359946e+00 5.394020e+00 9.587451e-01 -9.379797e-01 -2.552398e-01 7.016743e-01 1.829337e+00 1.641126e+00 -1.516054e+00 -2.442829e+00 -2.814060e-01 1.098866e+00 9.964487e-01 1.945061e+00 -4.081201e-01 -2.954071e-02 
1.150193e+01 -1.067753e+01 -6.974142e+00 -4.706678e+00 4.791435e+00 5.258086e+00 -3.045177e+00 -9.910674e+00 4.204883e+00 -4.169443e+00 5.930982e-01 2.994266e+00 9.341132e-01 1.948333e-01 -7.250714e-01 9.204018e-01 3.163491e+00 -8.867985e-01 -7.410714e-01 -2.320074e+00 8.448606e-01 4.677034e-01 1.215672e+00 8.519367e-01 -1.030861e+00 -3.619192e-02 
1.298768e+01 -1.039178e+01 -7.538610e+00 1.254468e+00 -3.851881e-01 7.150966e+00 -5.860057e+00 -7.195420e+00 2.562261e+00 -2.071909e+00 9.639839e-01 1.443991e+00 8.772825e-01 7.457009e-01 -7.826579e-01 1.492545e+00 3.009956e+00 -2.063243e+00 1.385236e-02 -2.539177e+00 1.142897e+00 -5.737109e-01 1.006717e+00 3.219457e-01 -9.232014e-01 -4.306203e-02 
1.419182e+01 -1.193991e+01 -5.076539e+00 4.133261e+00 -3.551310e+00 8.927976e+00 -9.474812e+00 -5.197915e+00 1.199177e+00 3.588041e-01 5.652581e-01 2.150764e-01 8.438570e-01 5.503287e-01 2.348522e-01 2.280974e+00 3.373619e+00 -1.463664e+00 -3.672467e-01 -7.137248e-01 9.062409e-01 -2.016226e+00 1.512012e-01 1.792755e-01 -4.560883e-01 -7.493245e-02 
1.490910e+01 -1.316516e+01 -1.867383e+00 4.949589e+00 -4.550261e+00 7.700670e+00 -1.060933e+01 -7.213822e+00 1.920836e-01 -6.020129e-02 2.637024e-01 2.167608e+00 7.885631e-01 -1.331763e-01 1.398583e+00 3.732822e+00 2.881903e+00 -3.221174e-01 -1.992346e+00 7.818576e-01 3.528794e-01 -2.557675e+00 -1.818281e+00 6.856126e-01 5.459305e-01 -7.969814e-02 
1.329287e+01 -8.116581e+00 1.595117e+00 1.031386e+01 -4.443469e-01 3.147001e+00 -4.239164e+00 -5.370268e+00 -4.691160e+00 -4.419291e+00 1.839617e+00 3.520162e-01 6.038107e-01 -7.136354e-01 1.989965e+00 3.756953e+00 2.186722e+00 7.189942e-03 -2.584430e+00 2.327115e+00 -2.783433e-01 -2.023528e+00 -2.794438e+00 1.053956e+00 7.017196e-01 -6.944062e-02 
1.277127e+01 -5.310523e+00 7.789672e+00 1.257368e+01 -3.549256e+00 7.972169e-02 -4.568593e+00 -5.344847e+00 -7.280944e+00 -8.774265e+00 3.754868e+00 4.105174e+00 5.988150e-01 -8.935412e-01 1.755274e+00 2.735925e+00 1.514272e+00 -2.147048e-01 -2.156819e+00 2.495956e+00 -4.536978e-01 -7.683644e-01 -2.487807e+00 9.679038e-01 4.507577e-01 -4.399741e-02 
1.169256e+01 -5.917400e+00 8.879698e+00 1.125482e+01 -4.015862e+00 -1.836993e-01 -8.596063e-01 -7.524119e+00 -5.181950e+00 -9.256353e+00 4.089454e+00 2.754892e+00 5.915279e-01 -7.918099e-01 8.888160e-01 1.370709e+00 -3.118160e-01 -1.611843e-01 -5.397004e-01 3.752759e-01 1.153089e-01 3.680063e-01 -1.418446e+00 4.290010e-01 2.627154e-01 -1.546639e-02 
1.124155e+01 -5.488377e+00 8.169952e+00 1.205046e+01 -3.838028e+00 -1.418074e+00 1.806722e-01 -8.405386e+00 -3.404343e+00 -1.008071e+01 3.978303e+00 3.219958e+00 5.747174e-01 -7.691383e-01 1.199704e+00 -2.772771e-01 -7.527761e-01 1.133171e+00 -5.675780e-01 2.247762e-01 1.052997e+00 3.837743e-01 6.748142e-02 -4.722851e-01 -7.650498e-01 -2.645731e-02 
1.009868e+01 -3.583575e+00 8.258522e+00 9.016387e+00 -1.105883e+00 1.197397e+00 -4.737417e+00 -3.263454e+00 -4.789429e+00 -1.085830e+01 3.872904e+00 2.108201e+00 5.385275e-01 -7.502197e-01 2.137346e+00 -8.795618e-01 -6.169021e-01 1.982520e+00 -1.124429e+00 -5.207438e-01 2.503275e+00 -4.907867e-01 6.299051e-01 -8.120826e-01 -1.217368e+00 -3.958123e-02 
9.722523e+00 -4.789138e-01 6.713874e+00 9.929023e+00 6.616077e-01 -3.448716e+00 -1.505806e+00 -2.210192e+00 -5.558333e+00 -7.635885e+00 1.501717e+00 6.032701e-01 4.930286e-01 -9.826393e-01 2.719732e+00 -7.085868e-01 -1.050961e+00 3.069969e+00 -1.047688e+00 -9.989318e-01 2.063872e+00 -1.732710e-01 1.222211e+00 -5.492220e-01 -2.040341e+00 -5.203421e-02 
8.700974e+00 2.264597e+00 5.209928e+00 9.231034e+00 3.646918e+00 -4.790521e+00 -2.620086e+00 1.894661e+00 -6.558889e+00 -7.329238e+00 1.267334e+00 -2.023602e+00 4.344662e-01 -1.402851e+00 2.094337e+00 5.101994e-01 7.207461e-02 2.353686e+00 -7.800853e-01 -5.930131e-01 7.445854e-01 3.289068e-01 1.192813e+00 -1.554425e-01 -1.961625e+00 -5.655289e-02 
7.027204e+00 5.186199e+00 6.151316e+00 6.688335e+00 9.135415e+00 -3.662554e+00 -5.872653e+00 -6.650839e-01 -3.385968e+00 -5.734180e+00 2.534978e+00 -4.915845e+00 3.665770e-01 -1.973083e+00 1.516557e+00 1.650303e+00 -3.448057e-01 1.884490e+00 1.536242e+00 -2.071819e+00 1.834884e-01 7.839704e-01 1.656205e+00 8.853394e-01 -2.150194e+00 -5.831677e-02 
4.432082e+00 4.055556e+00 1.109080e+01 1.099710e+01 6.425643e+00 -2.596111e+00 -5.519060e+00 -3.130811e-01 -4.231077e+00 -5.845088e+00 2.579061e+00 -4.940367e+00 3.189889e-01 -2.207168e+00 6.986279e-01 2.048229e+00 -8.122920e-01 1.810957e-01 1.874623e+00 -1.055874e+00 1.242996e+00 1.751419e+00 9.792441e-01 1.097751e+00 -1.004423e+00 -5.715426e-02 
1.991554e+00 6.208394e+00 1.202495e+01 7.321959e+00 8.694697e+00 3.135287e+00 -1.041542e+01 -1.888788e-01 -2.802387e+00 -9.693441e-02 5.272550e+00 -8.689320e+00 2.591835e-01 -2.414560e+00 -4.253864e-01 1.032819e+00 -9.751292e-01 -6.303276e-02 2.443947e+00 1.102694e+00 2.031536e+00 1.156371e+00 7.870943e-01 2.885435e-01 1.662691e+00 -5.555582e-02 
1.829586e-01 5.246639e+00 1.251426e+01 4.852762e+00 4.772755e+00 1.183674e+00 -5.628074e+00 7.871538e+00 1.906414e+00 -5.251640e+00 5.387302e+00 -5.158982e+00 2.023917e-01 -2.216449e+00 -8.174081e-01 -1.084017e+00 -1.934642e+00 1.117593e+00 2.331377e+00 2.812248e+00 1.813332e+00 1.211486e+00 2.196780e+00 5.733143e-01 2.573756e+00 -5.268702e-02 
-2.921032e+00 2.463725e+00 1.060368e+01 4.884860e+00 9.646695e+00 6.667286e+00 -3.046758e-01 5.400285e+00 -6.728573e-01 -2.095433e+00 2.573575e+00 3.506919e+00 1.470965e-01 -1.884612e+00 -9.515257e-01 -1.430198e+00 -7.102198e-01 4.224280e-01 1.431247e+00 3.273909e+00 1.535397e+00 9.052435e-01 1.306031e+00 -2.888954e-01 3.239337e+00 -4.366093e-02 
-4.193868e+00 1.840850e+00 6.381350e+00 2.542446e+00 1.153761e+01 7.294775e+00 3.486808e+00 5.959000e+00 7.615887e-01 6.138059e+00 6.795120e+00 1.830291e+00 1.115972e-01 -1.311869e+00 -9.389704e-01 -1.548478e+00 -5.042583e-01 -4.185053e-02 1.375689e+00 8.008389e-01 -7.410430e-01 2.652227e-01 2.211823e+00 -3.212058e-01 1.553372e+00 -3.120016e-02 
-5.243093e+00 3.153660e+00 7.940412e+00 4.926019e+00 7.424411e+00 7.235971e+00 1.396688e+00 8.444373e+00 2.296244e+00 7.383688e-01 3.124165e+00 4.012728e+00 8.627605e-02 -6.017791e-01 -6.965939e-01 -1.388474e+00 -9.581264e-01 -1.008534e+00 6.611704e-01 -4.504634e-01 -1.442862e+00 -1.991257e-01 2.060051e-01 -9.620028e-01 -1.037769e+00 -2.382715e-02 
-5.215358e+00 2.068201e-01 6.103501e+00 2.310892e+00 5.674644e+00 7.777778e+00 -2.474561e+00 2.644279e+00 1.747977e+00 4.390576e+00 3.505979e+00 2.354974e+00 7.680112e-02 -4.600887e-01 -1.070659e+00 -1.295893e+00 -1.537879e+00 -1.694126e+00 -7.907866e-01 -2.110901e+00 -2.707809e+00 -1.535651e+00 -1.821087e+00 -1.702306e+00 -6.115717e-01 -1.693558e-02 
-5.419183e+00 -2.022295e-01 3.800236e+00 2.100050e-01 7.535507e+00 9.731636e+00 4.236916e-01 -1.566668e-01 -2.161680e+00 -1.916654e-01 -5.918682e-01 -1.944269e+00 4.535884e-02 -6.772841e-01 -7.689300e-01 -1.553033e+00 -2.168119e+00 -1.655376e+00 -1.479450e+00 -2.008104e+00 -2.953201e+00 -1.660481e+00 -1.531689e+00 -7.985086e-01 -4.429135e-01 -1.574400e-02 
-6.406266e+00 -1.834498e+00 1.971970e+00 -2.788943e+00 3.011426e+00 2.093008e+00 -6.581199e+00 -3.279524e+00 -4.687707e+00 -2.502359e+00 1.416057e-01 1.750931e+00 4.737794e-02 -6.510647e-01 3.325876e-01 -9.070892e-01 -9.027077e-01 -1.729644e+00 -3.155424e+00 -1.406021e+00 -9.775913e-01 -6.766667e-02 -9.385967e-01 -5.642608e-01 -6.114176e-01 -1.916525e-02 
-8.034059e+00 3.296696e-01 2.241015e+00 -3.364660e+00 4.791393e-01 2.681104e+00 -6.590512e+00 -3.359729e+00 -2.788318e+00 -3.473609e+00 8.138080e-01 2.100182e+00 2.226764e-02 -3.721947e-01 3.520879e-01 -7.774175e-01 -4.025234e-01 -1.232987e+00 -2.772096e+00 -6.764645e-01 -4.624479e-01 1.210407e+00 1.165134e+00 -5.363058e-01 -2.320477e-01 -1.689523e-02 
-7.163243e+00 1.603809e+00 2.347666e+00 -4.153144e-01 5.546079e-01 -4.474075e+00 -5.997563e+00 -6.421468e-01 1.722963e+00 1.338564e+00 -1.816368e-02 -2.724339e+00 -7.479548e-03 -1.406279e-01 3.292910e-01 -1.146111e+00 -2.117447e-01 3.742232e-01 -8.256361e-01 1.458796e+00 1.040218e+00 5.851429e-01 1.392525e+00 -3.575590e-01 -1.289344e+00 -1.517784e-02 
-6.901668e+00 -1.609435e-01 -2.746997e-01 -2.989426e+00 2.598982e+00 -8.453046e-01 -3.250449e+00 -3.787595e+00 6.850175e-01 3.713542e+00 -3.193512e+00 -8.668724e-01 -1.168859e-02 -2.011980e-01 2.105510e-03 -6.429138e-01 -7.443462e-02 1.196411e+00 8.204275e-01 2.453349e+00 1.043545e+00 -1.043640e-01 9.536000e-01 -1.212323e-01 -6.043242e-01 -7.477009e-03 
-7.675601e+00 5.726328e-02 -2.500727e+00 -4.035283e+00 3.822621e+00 -2.719681e-01 -9.572527e-01 2.135497e+00 -3.498660e+00 8.666912e-01 3.574711e-01 -3.212264e+00 -1.153314e-02 -6.604595e-01 -3.463101e-01 -7.412044e-01 -4.556074e-02 6.566882e-01 1.514188e+00 2.035416e+00 5.526914e-01 7.583609e-01 3.932845e-01 9.127080e-01 2.946238e-01 -4.240525e-03 
-8.783870e+00 1.113470e+00 1.450642e+00 -1.926848e+00 4.827187e+00 4.682188e+00 3.156075e+00 4.691759e-01 -6.993263e-01 1.530328e+00 1.982898e-02 -6.774769e-01 -1.309061e-02 -4.878519e-01 7.561292e-01 6.713381e-02 -5.666690e-01 -9.311985e-01 4.581487e-01 5.301512e-01 3.455103e-01 1.364374e-02 -1.572547e+00 9.529620e-01 -3.354031e-01 -2.258611e-03 
-9.524440e+00 -7.649483e-01 -2.221027e+00 -1.174407e+00 2.723946e+00 3.331201e-01 9.762536e-01 -7.075071e-03 6.206939e+00 4.396594e+00 2.938705e+00 -1.345918e+00 -2.798116e-02 -3.123153e-01 7.434884e-01 6.721288e-01 -5.589110e-01 -1.036969e+00 -5.493351e-01 -5.435359e-01 -9.662582e-01 -7.781133e-01 -1.721610e+00 -3.907872e-01 4.811975e-01 -6.730461e-03 
-8.416508e+00 4.030808e+00 -7.888046e-02 -7.253209e+00 -1.507673e+00 1.142895e+00 -1.566446e+00 -9.887571e-01 -4.099564e+00 -5.914145e+00 2.806807e-01 -3.477061e+00 -1.475763e-02 -3.831120e-01 3.274232e-01 1.827982e-01 -7.138420e-01 -2.956605e-01 -1.776634e+00 -2.191535e+00 -9.348787e-01 -2.076144e+00 -4.229098e-01 1.002172e+00 8.914304e-01 -5.489898e-03 
-9.420858e+00 2.316036e+00 1.624678e+00 -4.166658e+00 1.805207e+00 -1.248998e+00 -1.313672e+00 -1.966828e+00 -5.689108e+00 -4.019120e+00 -1.726891e+00 5.935159e-01 -4.435194e-02 -2.219391e-01 2.444780e-01 6.758084e-01 -1.548471e-01 6.102036e-01 -7.176962e-01 -5.402130e-01 -1.655015e-01 -2.081192e+00 7.865036e-01 2.031418e+00 1.703582e+00 -5.061114e-03 
-1.075122e+01 1.210094e+00 4.417804e-01 -3.999933e+00 3.808254e+00 -3.409922e+00 -6.656636e+00 -3.225342e+00 -5.132021e+00 3.623636e+00 7.363489e+00 2.809958e+00 -3.235471e-02 -2.609935e-01 -9.281546e-01 1.038361e-01 1.143020e+00 1.211909e+00 3.989126e-01 1.398864e-01 3.121535e-01 1.251341e+00 2.399827e+00 1.528048e+00 9.050948e-01 -7.278693e-03 
-9.466779e+00 1.867799e+00 8.976842e-01 -3.575281e+00 3.117001e+00 -9.789528e-01 8.202835e-01 2.837095e-01 -3.682792e+00 3.560221e+00 9.554389e+00 4.028483e+00 -4.448819e-02 7.614346e-02 -2.868291e-01 -5.272128e-01 1.660561e-01 5.527679e-01 8.264633e-01 4.245307e-01 1.055202e+00 3.085344e+00 1.116526e+00 -2.151246e-01 -9.814368e-01 -3.265572e-03 
-9.698515e+00 -3.858464e-01 8.037971e-01 -1.833799e+00 3.895976e+00 3.002435e+00 -1.933992e+00 -5.532582e-01 1.153982e+00 2.295318e+00 2.280280e+00 -6.690708e-01 -5.108297e-02 1.081088e-01 5.178104e-02 -4.827764e-01 3.503169e-01 1.028210e+00 1.809288e+00 2.079780e+00 1.751938e+00 2.496454e+00 -1.678741e+00 -3.067354e+00 -2.285814e+00 -4.239118e-03 
-9.566494e+00 1.679860e+00 -1.192394e+00 -4.419445e+00 4.525186e+00 -3.228592e-01 -1.552341e+00 1.973142e+00 6.594607e+00 2.227666e+00 -2.609093e-01 -2.574154e+00 -5.131567e-02 -1.382125e-01 6.497739e-02 -3.812444e-01 -5.240719e-02 5.889957e-01 8.886003e-01 1.317289e-01 1.922526e-01 7.473078e-01 -1.496093e+00 -1.565258e+00 -1.757537e+00 2.363026e-03 
-1.016082e+01 1.562968e+00 -9.270625e-01 -1.826267e+00 8.245211e+00 5.308470e+00 4.928576e+00 4.689630e+00 2.211548e+00 -4.103793e+00 -3.065630e+00 -5.317795e+00 -5.013657e-02 -3.712503e-01 9.135769e-02 -4.003901e-01 -7.673655e-01 -2.410922e-01 -8.774166e-01 -1.542695e-01 6.362133e-01 -5.636967e-01 -9.071382e-01 7.224927e-01 6.162369e-01 6.136918e-03 
-9.926689e+00 1.218279e+00 -1.431079e-01 -3.841083e+00 3.887361e+00 2.311031e+00 -1.952356e+00 -1.376472e+00 -4.750354e-01 -7.206874e-01 4.401052e+00 -2.434840e+00 -3.314626e-02 -5.772713e-01 -3.413996e-01 -4.586729e-02 -4.019764e-01 -5.042214e-01 -1.159125e+00 -1.287174e+00 -4.445095e-01 -2.121295e+00 -9.100798e-01 7.663244e-01 1.445775e+00 4.478264e-03 
-1.137467e+01 3.017327e-01 -1.722797e+00 -5.959806e+00 3.009427e+00 -2.701593e+00 -2.505332e+00 4.302615e+00 1.870320e+00 -7.661959e-01 3.561762e+00 2.342457e+00 -2.948308e-02 -2.515693e-01 -2.990348e-02 1.725855e-01 -9.772157e-02 -6.084086e-01 -1.382362e+00 -2.100493e+00 -4.936241e-01 -7.020318e-01 6.333992e-01 6.402866e-01 1.884654e+00 1.321733e-03 
-1.184593e+01 6.034805e-01 -1.023864e+00 -4.362557e+00 4.621971e+00 -2.113454e+00 -4.271255e+00 -5.589795e-02 -3.841254e+00 -3.991531e+00 2.570165e-01 8.245964e-01 -3.925109e-02 -1.490946e-02 2.424260e-01 3.137740e-01 7.479559e-01 3.723441e-01 -9.375477e-03 -6.833267e-01 3.133996e-01 2.332455e-02 4.303446e-01 -5.740407e-01 9.954489e-01 -2.565086e-03 
-1.045905e+01 1.720850e+00 3.762426e-01 -2.054138e+00 4.835863e+00 6.089048e-01 -4.414437e+00 1.561223e+00 3.844984e-01 6.986250e-01 2.207820e+00 2.475756e+00 -4.047549e-02 3.218122e-01 3.955604e-01 5.598184e-01 1.011976e+00 3.866765e-01 9.343355e-01 -3.961392e-01 -3.865664e-01 1.254109e-01 7.619798e-01 -7.570807e-02 1.917757e-01 -2.320922e-03 
