-5.892669e+00 4.138373e+00 -3.640426e+00 4.245138e+00 5.369973e-02 2.615582e+00 8.262455e+00 1.953156e+00 2.501614e+00 5.076903e+00 1.941520e+00 8.291052e+00 6.321734e-02 2.312531e-01 -8.700664e-02 4.003750e-01 5.074003e-01 5.092239e-01 -6.171496e-01 -2.246806e+00 -2.985484e-01 4.719342e-01 -6.858103e-01 -1.700076e+00 -2.053022e+00 2.870291e-03 
-5.705285e+00 4.249977e+00 -1.564687e+00 3.663769e+00 2.765055e+00 4.100513e+00 2.029179e+00 -3.479860e+00 6.067327e-01 2.813835e+00 -7.755561e-01 6.841096e+00 4.757214e-02 -8.283148e-02 -5.538015e-01 1.702198e-01 4.365047e-01 7.240941e-01 -7.595158e-01 -1.401904e+00 1.816511e-01 7.351930e-01 -3.742004e-01 -1.174234e+00 -1.913461e+00 -8.604437e-03 
-4.830095e+00 3.647538e+00 -2.676421e+00 7.072824e+00 1.244142e+00 -1.212631e+00 1.450615e-01 3.176922e+00 5.808724e+00 2.779386e+00 -5.200322e+00 -1.249079e+00 8.539140e-02 -4.320191e-01 -6.005074e-01 6.530006e-02 -7.027599e-01 6.810939e-01 -2.852864e-01 -4.695021e-01 9.124407e-01 1.115803e+00 2.395797e-02 3.317201e-01 -1.225783e+00 -1.329849e-02 
-6.838113e+00 1.614783e+00 -3.271330e+00 5.013818e+00 3.078949e+00 7.321101e-01 5.311630e+00 2.249529e+00 4.524023e+00 4.354660e+00 -3.587296e-01 3.493809e+00 9.108126e-03 -3.324780e-01 -6.114133e-02 7.517197e-02 -1.010046e+00 -1.388366e-01 -1.091403e-01 1.724848e+00 1.174347e+00 1.022766e+00 4.646973e-01 1.015876e+00 4.853759e-02 -9.659004e-03 
-7.486350e+00 2.453433e+00 -2.460604e+00 5.631417e-02 3.302223e+00 2.873352e+00 4.273720e+00 3.650665e+00 6.121984e+00 4.426280e+00 3.391707e+00 3.835780e+00 1.595688e-02 1.709471e-01 3.866668e-01 2.719631e-01 -1.175240e+00 -4.483329e-01 1.535139e-01 8.394108e-01 -2.536798e-01 -1.302686e+00 -6.259419e-01 1.253989e+00 1.241811e+00 -7.790708e-03 
-6.039548e+00 4.541323e+00 -1.296735e+00 2.121795e+00 1.041832e+00 1.511820e+00 8.589088e+00 2.155002e+00 5.563931e+00 4.313874e+00 7.811546e-03 4.541355e+00 3.399438e-02 4.197092e-01 7.923505e-01 6.990091e-01 -6.070113e-01 -1.014301e+00 -1.214561e+00 8.962262e-02 5.592614e-01 -1.425406e+00 -1.712965e+00 -7.363016e-01 -6.914192e-01 2.455837e-03 
-4.374642e+00 4.117603e+00 -2.303903e+00 2.642636e+00 2.103591e-02 -8.349162e-01 2.703386e+00 1.955786e+00 -1.224658e+00 -3.299302e-01 8.863504e-01 4.436202e+00 3.399473e-02 1.257763e-02 1.538998e-01 1.516204e-01 4.213452e-01 1.658502e-02 -1.026178e+00 -8.326344e-02 -3.053153e-01 -1.259597e+00 -9.902133e-01 -1.444476e+00 -1.698930e+00 -2.758002e-03 
-6.295421e+00 4.744451e+00 1.453651e-01 6.856009e-01 -3.519623e-01 -3.486560e+00 6.544909e+00 5.893275e+00 1.070314e+00 -1.832060e+00 -2.787559e+00 -2.634978e-01 1.236838e-02 -4.625843e-01 5.885030e-02 -4.453050e-01 4.291868e-01 5.019176e-01 2.565694e-01 -3.843824e-01 -3.951248e-01 -4.928192e-01 -2.058078e-01 -1.556371e+00 -2.209675e+00 4.420429e-03 
-7.295526e+00 3.121368e+00 -2.423553e+00 2.881137e+00 4.082045e+00 2.416536e-01 4.879492e+00 2.549514e-01 2.070809e+00 2.548181e+00 -2.432985e+00 -2.256445e+00 1.297987e-02 -3.909931e-01 2.006509e-01 -3.937481e-01 3.417977e-01 9.815146e-01 1.187943e+00 3.186869e-01 -1.126096e+00 5.495229e-01 6.252010e-01 -1.023097e+00 -1.187592e+00 5.210912e-03 
-6.892028e+00 5.333692e+00 -3.463436e+00 4.148478e+00 1.520916e+00 2.256382e+00 5.579123e+00 1.029795e+00 1.452101e+00 1.845779e+00 -6.114375e+00 -3.160697e+00 6.660396e-02 -4.952965e-02 -3.512942e-01 -5.552154e-01 1.411697e-01 4.886853e-01 1.579793e+00 -3.914268e-01 -2.207518e+00 -3.685375e-02 -3.961706e-03 -1.290823e-01 2.180918e-01 6.502801e-03 
-6.031304e+00 4.826237e+00 -2.468244e+00 2.620185e+00 3.992170e+00 2.233326e+00 4.779714e+00 -1.242956e+00 1.332063e+00 9.571552e-01 -2.565726e+00 -5.315769e-02 3.293151e-02 3.673912e-01 -3.792326e-01 1.465373e-01 -7.664653e-01 -4.667788e-01 6.236659e-01 -1.912714e-01 -1.129908e+00 6.518019e-01 -8.129297e-01 -3.946829e-01 8.192590e-01 -4.655409e-03 
-7.175179e+00 2.135546e+00 -2.608366e+00 1.521925e+00 2.136401e+00 3.416567e+00 4.637664e+00 -4.395360e+00 1.255418e+00 -1.056356e+00 -3.366600e+00 -2.746823e-01 3.490657e-02 4.220216e-01 -4.789252e-01 5.592424e-01 -5.758687e-01 2.584214e-02 -4.305550e-01 -8.159226e-01 -1.316802e+00 -1.021589e-01 -1.634346e+00 3.989663e-02 4.134700e-01 -1.362303e-02 
-5.316994e+00 2.824278e+00 -2.118401e+00 3.620871e-01 1.440408e+00 2.779891e+00 4.393864e+00 -2.682010e+00 5.428161e+00 -6.540054e-02 -5.780287e+00 3.968425e-01 5.551517e-03 3.845617e-01 -9.768454e-02 -3.457507e-01 -5.223756e-01 -8.818761e-01 -1.043901e+00 -7.753225e-01 -8.927272e-01 7.227733e-02 -3.657631e-01 8.597153e-01 1.567415e-01 -3.637373e-04 
-5.139075e+00 3.940045e+00 -8.421448e-01 2.398184e+00 2.926007e+00 -1.696757e-01 1.692435e+00 -4.834687e+00 -1.106742e+00 -5.814673e+00 -4.307611e+00 -1.318347e+00 1.217878e-02 7.262198e-01 1.416648e-01 -8.232617e-01 2.048753e-01 1.462836e-01 -7.631056e-01 -4.764823e-01 -3.016647e-01 -3.665302e-01 3.512818e-01 1.472187e+00 6.846499e-01 7.387364e-03 
-5.126548e+00 3.435565e+00 -5.080108e+00 -4.298221e-01 -8.120134e-01 -1.193060e+00 2.375716e+00 -5.486928e+00 2.874530e+00 1.507498e+00 2.203355e+00 1.252382e+00 4.247671e-02 2.324918e-01 5.366802e-03 -8.434988e-01 4.843365e-01 4.587067e-01 -6.294395e-01 -3.821686e-01 1.019410e+00 -8.075944e-01 -4.730284e-01 8.904934e-01 8.031465e-01 1.313807e-02 
-3.639303e+00 2.538226e+00 -5.243821e+00 2.942256e+00 3.994030e+00 1.587514e+00 3.264327e+00 -4.501224e+00 6.995822e-01 -8.639652e-02 2.515554e-03 2.720797e+00 5.338079e-02 -2.412005e-01 -1.585092e-01 -1.121697e-01 8.533167e-01 1.272641e+00 -7.177220e-02 3.239866e-01 2.148146e+00 4.625799e-01 3.551592e-01 -4.288024e-01 9.918305e-01 1.676571e-03 
-4.904421e+00 3.552021e+00 -4.135056e+00 2.511733e+00 3.199930e+00 -1.245902e+00 1.697075e+00 2.248311e+00 4.870266e-01 -5.294681e+00 -3.482883e+00 2.393003e+00 5.064088e-02 -4.844628e-01 -4.767559e-01 1.497546e-01 8.072311e-01 1.575748e+00 6.217654e-01 3.948496e-01 2.020872e+00 -1.163908e+00 -6.518211e-01 -8.702620e-01 -1.779697e-01 -6.975031e-03 
-6.456141e+00 3.089271e+00 -1.875519e+00 5.193990e+00 7.283240e+00 -5.021156e-01 3.651689e+00 2.038423e+00 2.399909e+00 -6.377876e-01 -3.608504e+00 3.070494e+00 1.647955e-02 -8.058332e-01 -7.190503e-01 4.300621e-01 3.442293e-01 6.694236e-01 8.511055e-01 3.217581e-01 -2.802445e-01 -9.587406e-01 2.630315e-01 -8.638535e-01 -1.514054e+00 -5.748046e-03 
-6.140443e+00 7.762629e-01 -6.015486e+00 2.480467e+00 5.422120e+00 2.960582e+00 4.156282e+00 1.347607e+00 -3.795176e+00 -1.475912e+00 -3.424451e-01 1.876853e-01 2.605218e-02 -1.517794e+00 -4.494481e+00 1.594622e+00 -3.917058e-01 -1.876768e+00 8.624636e-01 -2.716172e-03 -1.840912e+00 -1.160067e+00 1.503399e+00 -5.658773e-01 -7.928559e-01 1.063009e-01 
-7.050458e+00 3.308538e-01 -2.153296e+00 4.679036e+00 6.230053e+00 3.739800e+00 3.643513e+00 -5.452095e+00 -1.953020e+00 -6.806237e-01 -5.886971e+00 -3.746814e+00 3.693491e-02 -1.995147e+00 -6.079648e+00 2.184779e+00 -7.528580e-01 -3.775913e+00 3.771575e-01 -5.270250e-01 -1.460107e+00 -9.940639e-01 1.125897e+00 -4.721285e-01 2.180298e-01 2.017806e-01 
-1.219623e+01 -1.754117e+01 3.976941e+00 8.106811e-01 -5.657315e+00 9.454576e-01 1.687582e+00 -3.210990e+00 -3.136844e+00 2.243730e+00 -5.173036e+00 1.837378e+00 5.719177e-01 -1.389846e+00 -3.917694e+00 2.164240e+00 -4.265444e-01 -3.751633e+00 -1.534511e-01 -1.905439e-01 -2.647894e-01 8.243896e-01 1.531654e+00 -1.588154e-01 1.557787e+00 1.199521e-01 
-1.340398e+01 -1.815025e+01 4.052164e+00 2.264593e+00 -6.056604e+00 2.391234e+00 2.250914e+00 -2.982812e+00 -2.899576e+00 3.131877e+00 -3.553851e+00 3.335797e+00 7.524497e-01 -8.650471e-01 8.240513e-01 3.467673e-01 -1.352997e+00 -1.040970e+00 2.979524e-01 -6.230804e-01 3.235931e+00 3.736554e-01 4.296649e-01 8.434895e-01 1.095104e+00 1.513948e-02 
-9.912910e+00 -9.571654e+00 1.702986e+00 1.554967e+00 -7.192719e+00 2.867610e+00 3.899863e+00 -1.210981e+00 8.000506e-01 4.276107e+00 -2.303082e+00 4.435316e+00 2.680554e-01 8.438994e-01 5.305454e+00 -1.803176e+00 -6.198180e-01 1.883403e+00 2.863805e-01 5.618756e-01 2.423694e+00 1.378955e+00 -3.385021e-01 1.852655e+00 3.156056e-01 -1.547339e-01 
-1.251735e+01 4.663507e-01 7.175177e-01 -2.458094e+00 1.792905e+00 4.268486e+00 -5.780292e-01 9.727558e+00 -2.053190e+00 4.515122e-01 -3.104500e+00 4.297388e-01 2.645634e-01 1.493230e+00 5.057689e+00 -1.639985e+00 -3.478609e-01 2.365248e+00 -6.917826e-01 6.757483e-01 9.188935e-01 7.489883e-01 -7.464922e-01 1.668888e+00 4.193793e-01 -1.649154e-01 
-8.420049e+00 -3.222036e-01 -3.371615e+00 7.293422e-02 -1.650562e-01 1.438734e+00 5.911432e+00 2.552297e+00 3.334738e+00 1.891401e+00 3.865562e+00 4.868434e+00 4.219109e-02 1.405792e+00 2.627901e+00 -1.207446e+00 5.793653e-01 2.375302e+00 -2.143098e-01 1.952892e+00 5.185932e-01 2.282038e-02 -1.800610e+00 -1.963672e-01 6.723294e-02 -6.086800e-02 
-6.684266e+00 2.513470e+00 -1.610459e+00 1.266304e+00 2.255807e+00 -3.532414e-01 4.623871e+00 -2.699833e-01 -4.219782e-01 5.917686e-01 1.706268e+00 5.216134e+00 4.080486e-02 1.604147e+00 5.977157e-01 -7.317764e-01 1.512305e+00 5.289450e-01 -1.619963e-01 1.564008e+00 -1.410118e+00 7.411673e-02 -2.066170e+00 -1.138515e+00 -1.385934e-02 -4.502243e-02 
-5.800492e+00 2.544291e+00 -3.170256e+00 2.589594e+00 4.452339e+00 4.106924e+00 1.106337e+01 6.380755e+00 9.854650e-02 -4.797072e+00 -5.690302e+00 2.378283e+00 7.559472e-02 1.785860e+00 7.343139e-02 -5.420172e-01 -8.763063e-02 -9.954376e-01 -4.236334e-01 -1.116089e+00 -6.897864e-01 -2.517103e-01 -1.354524e+00 -1.962187e+00 -9.675406e-01 3.880602e-03 
-5.806399e+00 2.021682e+00 -3.042044e+00 3.845100e+00 2.128932e+00 2.124410e+00 4.666040e+00 7.627410e-01 -6.451070e-02 -6.535100e+00 -4.019145e+00 1.605518e+00 2.274948e-02 2.805296e+00 -1.819361e+00 -2.277627e-02 -2.076956e+00 -2.650828e+00 -3.296598e-01 -3.077699e+00 -2.068177e-01 -1.562539e-01 1.841477e-01 -1.117553e+00 -6.490051e-01 8.161007e-02 
7.031822e-02 2.908477e-01 -5.365909e+00 -1.654617e+00 -5.078807e+00 -1.918259e+00 3.099008e-01 -1.412997e+00 1.897453e+00 -1.317784e+00 -3.082667e+00 1.836040e+00 7.062179e-02 1.429187e+00 -8.744993e-01 1.959567e+00 -4.114446e+00 -5.601515e-01 -2.072070e+00 -3.722553e+00 1.397336e-02 -9.640949e-01 1.155044e+00 8.695332e-01 -4.271773e-01 1.440647e-01 
4.406810e+00 -5.456614e+00 -6.265140e-01 -6.996371e+00 -6.232761e+00 1.011051e+00 -5.387888e+00 2.592805e+00 -2.102701e+00 -2.271369e-01 -5.185315e+00 2.242230e+00 4.513417e-01 -1.692099e+00 -2.025236e-01 2.056387e+00 -4.711462e+00 1.443155e+00 -2.028424e+00 -2.540066e+00 1.040833e+00 -1.511230e+00 6.961700e-01 6.472245e-01 -1.418533e-01 1.860045e-01 
-3.761164e+00 1.910942e+00 5.419813e+00 -1.256190e+01 5.832428e+00 -5.696745e+00 -2.522424e+00 5.535590e+00 -3.702833e+00 -2.175834e+00 -7.595503e-01 -7.595986e-02 5.816222e-01 -4.920167e+00 -1.518378e-01 6.733868e-02 -3.491160e+00 2.375901e+00 -1.282485e+00 -1.282863e+00 1.105096e+00 7.342498e-02 -1.071965e-01 7.665663e-01 -4.961222e-02 1.638131e-01 
-1.235116e+01 1.990163e-01 1.847029e+00 -1.425857e+01 3.889091e+00 -6.128468e+00 -6.618126e+00 2.492614e+00 -4.820518e+00 -2.625226e+00 -1.944581e+00 1.852251e+00 6.972718e-01 -5.026607e+00 3.921393e-01 -7.471313e-01 -4.880417e-01 1.718279e+00 -2.102011e+00 -5.888631e-01 3.697003e-01 1.552315e+00 -4.740927e-01 -4.240256e-01 -6.299473e-02 8.394704e-02 
-1.615153e+01 -3.296156e+00 -6.265987e+00 -1.547932e+01 1.739773e+00 -4.760924e+00 -5.489293e+00 4.162578e+00 3.623486e+00 -6.547216e-01 -8.702023e-01 1.782969e+00 7.667222e-01 -2.567856e+00 -7.168907e-01 -1.775063e+00 -1.825453e-01 -1.799495e-01 -1.529060e-01 -2.812241e-01 1.523825e+00 1.742752e+00 -3.198632e-01 -1.676330e+00 -3.680809e-01 6.270687e-02 
-1.453104e+01 -8.923678e-01 1.480730e+00 -7.977871e+00 4.404963e+00 -9.966915e+00 -6.848769e+00 5.127812e+00 1.995717e+00 -3.358157e+00 -7.250117e+00 9.977923e-01 7.785269e-01 -9.743429e-01 -2.686285e-01 -3.359876e-01 -3.480414e-01 1.827482e-01 3.178883e-03 1.591044e+00 8.989850e-01 5.312616e-01 -2.560213e-02 -3.706561e-01 -3.449065e-01 4.216527e-02 
-1.551050e+01 -1.127819e+00 -3.272352e+00 -1.661497e+01 4.674745e+00 -4.542052e+00 -3.813223e+00 1.183712e+01 1.602807e+00 -3.408684e+00 -6.488434e+00 -1.489135e+00 8.545291e-01 -3.056356e-01 -5.270205e-02 1.236161e-01 -1.154238e+00 -7.810839e-01 -6.382502e-01 1.502427e+00 -1.348775e+00 -3.225093e+00 4.458236e-01 1.575067e-01 -3.245802e-01 2.745386e-02 
-1.754338e+01 -2.228295e+00 -1.329726e+00 -1.543095e+01 3.335346e+00 -6.222009e+00 4.990590e-01 3.150269e+00 -1.153870e+00 -1.376255e+00 -9.887459e-01 1.763770e+00 8.641948e-01 -4.036930e-01 -1.349036e-01 -4.403785e-01 -1.208445e+00 -8.222801e-01 3.946569e-01 8.647129e-01 -2.595827e+00 -2.173493e+00 1.938107e+00 1.667188e+00 -3.316475e-01 1.712799e-02 
-1.617354e+01 -2.891703e+00 -4.242679e+00 -1.752397e+01 -1.630838e+00 -9.824628e+00 -1.651075e+00 -1.592524e+00 -1.092719e+01 5.834453e-01 -3.213355e+00 -2.229216e-01 8.611576e-01 3.706240e-01 4.849307e-01 1.155020e+00 1.525188e+00 4.327388e-01 1.758650e-01 -4.168460e-01 -3.358001e+00 -1.793212e-01 1.220937e+00 9.432967e-01 1.248723e+00 -8.786881e-03 
-1.621799e+01 -6.849442e-01 -2.359993e-01 -1.356560e+01 3.446354e+00 -5.352342e+00 -3.606279e+00 -1.136502e+00 -2.606752e+00 4.336314e+00 -5.517173e-01 -1.293552e+00 8.608526e-01 3.409200e+00 1.943011e+00 2.106379e+00 2.952064e+00 1.069326e+00 3.452182e-01 -1.226652e+00 -2.078696e+00 -5.646811e-02 1.401855e+00 1.499135e+00 5.749302e-02 -3.970531e-02 
-1.432008e+01 5.251588e-01 1.955884e+00 -9.921708e+00 6.782934e+00 -4.097560e+00 -3.844784e+00 -2.809503e+00 1.432642e+00 -1.602808e-01 -1.990465e+00 6.283143e+00 8.122658e-01 6.923578e+00 -1.032753e-02 2.255008e+00 3.844199e+00 -5.393776e-01 1.161471e+00 -1.348397e+00 -2.080115e+00 8.014379e-01 1.072960e+00 2.074458e+00 1.020164e-01 -2.920420e-02 
-1.424113e+00 5.778330e+00 6.102888e+00 -4.471758e+00 4.475090e+00 -7.359452e+00 -4.537345e+00 -6.634722e+00 -7.616125e+00 6.004884e+00 5.895486e+00 -1.201797e+00 6.901141e-01 7.707047e+00 -1.734727e+00 3.807595e-01 2.859988e+00 -3.531738e+00 5.177354e-01 -1.329517e+00 -2.508197e+00 -1.089665e-01 8.236555e-01 2.141821e+00 -8.089775e-01 7.345336e-03 
1.104741e+01 -6.174978e+00 3.862917e+00 -2.849895e+00 -4.842093e+00 -3.013716e+00 -7.927525e+00 -9.243990e+00 -4.415310e+00 5.113961e+00 3.935331e+00 2.412828e-01 8.005058e-01 6.159335e+00 -3.001871e+00 -9.035937e-01 9.740345e-01 -4.881806e+00 1.179352e+00 -1.065189e+00 -9.613916e-01 7.499269e-01 1.146989e+00 1.667785e+00 -2.026313e+00 5.084525e-02 
9.633498e+00 -6.008509e+00 7.142817e-01 -2.801564e+00 -8.399822e+00 -3.305587e+00 -8.212494e+00 -1.046025e+01 -2.276089e-01 5.817471e+00 7.194492e+00 -2.317509e+00 9.034593e-01 3.105653e+00 -3.960038e+00 -1.246753e+00 -1.440343e+00 -4.150840e+00 2.669890e+00 -1.389879e+00 2.278255e+00 1.811630e+00 3.872172e-01 -7.467814e-02 -1.553434e+00 7.790853e-02 
1.094779e+01 -8.590775e+00 1.322190e-01 -5.886633e+00 -1.118864e+01 -2.277313e-01 -7.333157e+00 -5.703699e+00 1.488019e+00 5.668371e+00 5.698960e+00 -3.290565e+00 9.598194e-01 1.038667e+00 -2.062442e+00 -5.786278e-01 -1.744804e+00 -2.144023e+00 2.452505e+00 -6.425048e-01 3.446906e+00 8.044392e-01 4.728902e-01 -3.756458e-01 -1.579286e+00 4.892898e-02 
1.415396e+01 -1.281396e+01 1.734472e+00 -1.015511e+01 -1.310584e+01 4.597008e+00 -1.178392e+01 2.986406e+00 -1.509640e+00 7.663765e+00 4.640281e+00 -7.203044e+00 1.000000e+00 1.324174e+00 -2.116185e+00 -3.656342e-02 -1.396433e+00 -7.824190e-01 2.360004e+00 -5.450938e-01 3.368851e+00 -2.773497e-02 8.567524e-03 -1.204348e+00 -9.616023e-01 2.208425e-02 
1.398051e+01 -1.308446e+01 4.596828e-01 -7.897147e+00 -1.320920e+01 5.297510e+00 -9.354335e+00 1.267216e+00 2.479015e-01 6.555265e+00 3.334207e+00 -5.212382e+00 9.968804e-01 6.115931e-01 -1.217203e+00 2.038496e-02 -5.951168e-01 6.625541e-01 5.623685e-01 -2.299318e-02 1.573018e+00 -4.651849e-02 -8.958335e-02 -1.192119e+00 -4.787245e-01 5.858296e-03 
1.473800e+01 -1.434259e+01 3.677326e-01 -8.778475e+00 -1.130164e+01 5.731813e+00 -9.927374e+00 2.898551e+00 2.537749e-01 5.416861e+00 2.355127e+00 -6.164612e+00 9.953501e-01 1.925938e-01 -6.438524e-01 3.798549e-01 -7.571950e-02 1.500033e+00 -9.578115e-01 2.787694e-01 -3.140297e-02 5.704940e-01 -3.685383e-01 -7.266276e-01 1.385861e-01 -4.357082e-03 
1.371373e+01 -1.391248e+01 9.175135e-01 -9.550532e+00 -8.777967e+00 2.016709e+00 -8.376396e+00 2.205317e+00 3.737190e-01 6.343906e+00 8.809404e-01 -6.203403e+00 9.914359e-01 6.598445e-01 -7.428303e-01 1.082612e+00 -2.863566e-01 1.309386e+00 -1.226884e+00 -8.954800e-01 1.342461e-01 2.070751e-01 -3.745579e-01 -5.166817e-03 3.227637e-01 -9.724200e-03 
1.525032e+01 -1.561922e+01 3.404831e+00 -9.707010e+00 -7.821291e+00 1.448351e+00 -1.087904e+01 2.360341e+00 1.279921e+00 5.926753e+00 2.233777e+00 -6.014603e+00 9.809368e-01 9.013615e-01 -2.888621e-01 1.291653e+00 6.654318e-01 4.673817e-01 -7.328695e-01 -1.006989e+00 -8.130112e-01 2.652363e-01 -1.037069e+00 6.689256e-01 2.008408e+00 -2.677255e-02 
1.702358e+01 -1.616030e+01 4.354191e+00 -8.864662e+00 -8.402445e+00 1.304821e+00 -1.335590e+01 2.207552e+00 7.702038e-01 4.427529e+00 3.369048e+00 -3.673568e+00 9.554660e-01 9.209014e-01 1.543999e-01 1.073492e+00 1.460776e+00 -3.023647e-01 5.444641e-01 -1.208830e+00 -1.274520e+00 7.911604e-02 -1.972517e+00 1.184965e+00 3.125647e+00 -4.552368e-02 
1.758989e+01 -1.466299e+01 5.107659e+00 -5.794251e+00 -9.152489e+00 2.423409e+00 -1.247257e+01 -1.167622e+00 1.381714e+00 1.189704e+00 4.455701e+00 2.612511e+00 8.794723e-01 1.399562e-01 1.286638e+00 1.504754e-01 1.933929e+00 1.136052e-01 6.927216e-01 1.181500e-01 -1.938514e+00 -1.880137e-02 -2.340487e+00 1.254777e+00 3.411686e+00 -6.579797e-02 
1.714846e+01 -1.361859e+01 5.433558e+00 -4.203034e+00 -9.624192e+00 4.251501e+00 -1.362378e+01 -2.403300e+00 7.184029e-01 -1.150154e+00 5.694806e+00 5.111273e+00 8.145497e-01 -5.549202e-01 1.996712e+00 -6.747578e-01 2.095726e+00 9.355768e-01 3.868676e-01 1.111113e+00 -2.079996e+00 5.456503e-02 -2.078678e+00 1.645303e+00 2.700660e+00 -8.160266e-02 
1.588766e+01 -1.045688e+01 3.617525e+00 -2.368179e+00 -6.642391e+00 3.438619e+00 -1.015435e+01 -5.026804e+00 1.211815e+00 -2.986841e+00 7.344780e+00 6.651408e+00 7.224051e-01 -6.012077e-01 1.089428e+00 -3.785867e-01 1.058287e+00 9.974337e-01 2.362742e-01 1.296916e+00 -7.374740e-01 -1.235459e-01 -1.275916e+00 5.274662e-01 6.380934e-01 -5.520533e-02 
1.510009e+01 -8.279794e+00 1.725469e+00 -9.906683e-02 -4.979609e+00 2.731555e+00 -8.959441e+00 -6.262837e+00 1.127978e+00 -3.877588e+00 1.015103e+01 7.810287e+00 6.259863e-01 -7.247332e-01 3.665671e-01 -1.289046e-01 2.510600e-01 5.319363e-01 -1.176788e-01 8.099157e-01 -1.201946e-01 -5.170420e-01 -1.540209e-01 -7.090683e-02 5.372734e-02 -3.092695e-02 
1.560803e+01 -1.188524e+01 5.068769e+00 -2.554800e+00 -6.487612e+00 4.364753e+00 -8.320160e+00 -2.925223e+00 5.591967e-01 -3.826156e+00 4.864922e+00 4.453471e+00 6.977273e-01 -2.806039e-01 1.070453e+00 -1.194996e+00 -7.847290e-02 6.557118e-01 -1.010916e+00 5.854924e-01 8.038403e-01 -8.562767e-01 1.563936e+00 -1.157207e+00 -1.569672e+00 -3.346128e-02 
1.366461e+01 -1.107157e+01 4.063413e+00 -2.854423e+00 -7.041901e+00 3.200040e+00 -1.049130e+01 -4.055063e+00 -1.540498e+00 -1.500601e+00 6.580201e+00 6.478878e+00 6.722538e-01 -1.386080e-01 1.372968e+00 -1.354826e+00 -9.366120e-01 1.110509e+00 -1.472662e+00 -3.536257e-01 1.720957e+00 -1.837938e+00 2.880642e+00 -1.024676e+00 -2.670539e+00 -1.877745e-02 
1.520239e+01 -3.708725e+00 -3.526428e+00 -1.382865e+00 -2.332687e+00 -1.850205e+00 -6.460960e+00 -2.111489e+00 -1.735330e+00 3.644345e+00 3.344160e+00 -5.312493e-01 5.319649e-01 5.572622e-02 1.887254e+00 -1.099658e+00 -6.769223e-01 1.345196e+00 -3.203571e-01 -6.205509e-01 1.598647e+00 -1.284127e+00 2.031005e+00 -3.905533e-01 -2.067322e+00 -1.870322e-02 
1.460987e+01 -5.503214e+00 -7.510634e-01 -5.368094e+00 -1.504528e+00 -1.524277e+00 -1.165717e+01 1.935082e+00 -6.914449e+00 6.790374e+00 5.788025e+00 -3.050051e+00 6.149802e-01 1.909432e-01 1.074175e+00 -9.641647e-04 -7.958211e-01 6.250782e-01 9.517606e-01 -1.085487e+00 1.313060e+00 -4.219346e-01 5.305341e-01 8.941903e-02 -2.070692e+00 -1.382792e-03 
1.541403e+01 -5.233157e+00 1.977718e+00 -4.682576e+00 -2.530320e+00 5.125126e+00 -1.083998e+01 2.072941e+00 -3.174461e+00 2.183381e+00 3.308243e+00 -1.118674e+00 6.328480e-01 -2.280710e-01 2.540123e+00 9.881533e-01 -1.544725e+00 1.305294e+00 2.567121e+00 -1.414567e+00 3.969066e-01 -3.355818e-02 -1.865835e+00 4.564323e-01 -1.601886e-01 -7.948911e-03 
1.451350e+01 -4.938486e+00 1.306519e+00 -5.183673e+00 -3.817693e+00 4.471178e+00 -1.372923e+01 4.180218e-01 -2.930606e+00 1.882552e+00 7.045254e+00 -3.580869e+00 6.148983e-01 -8.755598e-01 3.750568e+00 4.629418e-01 -1.287337e+00 2.240463e+00 4.018424e-01 6.134175e-01 -5.167651e-01 6.818052e-02 -2.392660e+00 4.032434e-01 5.570904e-01 -4.086692e-02 
1.411022e+01 8.709525e+00 3.855476e-01 -9.198701e+00 5.350365e+00 7.987673e+00 -1.249777e+01 6.315738e-01 -3.895043e+00 -3.230920e+00 4.997707e+00 -1.066783e+00 4.922613e-01 -1.627620e+00 4.247747e+00 1.547839e+00 2.070259e+00 2.806819e+00 -2.279568e+00 3.222740e+00 -6.191387e-01 -1.459245e+00 -5.159509e-01 -4.540878e-01 -3.409891e-01 -7.100885e-02 
1.088398e+01 6.278284e+00 2.359731e+00 -9.546717e+00 5.757443e+00 -9.463392e-01 -7.761188e+00 7.194006e-02 -6.213255e+00 -2.465775e+00 6.959510e+00 -2.905440e-01 4.809390e-01 -5.268594e-01 3.340818e+00 1.254508e+00 4.170067e+00 -2.047320e-01 -3.610320e+00 6.358821e+00 2.156957e-01 -1.731654e+00 -5.788964e-01 -8.282003e-01 2.525268e-01 -5.372987e-02 
9.090693e+00 1.039719e+01 9.190309e+00 7.850239e+00 6.716207e+00 -3.563957e+00 2.289700e+00 -8.497113e-01 -8.829363e+00 1.777790e+00 1.080676e+00 -4.468782e+00 3.447835e-01 -4.089580e-01 8.726932e-01 1.249192e+00 5.085907e+00 -3.190455e+00 -4.036330e+00 5.864173e+00 -3.913087e-01 -1.243336e+00 -2.322144e-01 -1.191239e+00 -6.854352e-01 -4.239378e-02 
1.438897e+01 1.092177e+01 3.176678e+00 7.142190e+00 -5.524274e+00 -7.804606e+00 1.067114e+01 2.237143e+00 -9.121716e+00 -3.516285e+00 4.862768e+00 -6.172361e-01 4.199879e-01 -7.439953e-01 -3.444514e-01 -5.114726e-01 4.198512e+00 -1.095739e+00 -7.010049e-01 3.994769e+00 4.191397e-01 1.176362e+00 -8.882920e-01 -2.419739e+00 -6.154526e-01 -6.666724e-02 
1.031294e+01 1.075125e+01 6.223033e+00 7.886382e+00 -4.961050e+00 -8.764846e+00 7.606929e+00 -2.407571e+00 -8.657495e+00 -3.866737e+00 8.988476e-02 -4.330614e+00 3.107679e-01 -1.123614e+00 -1.636154e+00 -1.937183e+00 5.869415e-01 -1.749878e-01 1.137334e+00 1.755161e+00 4.471478e-01 2.489884e+00 -4.072928e-03 -1.421845e+00 4.513478e-01 -6.012046e-02 
6.552881e+00 4.379000e+00 1.286005e+00 1.142777e+01 6.117377e+00 -1.850919e+00 9.554042e+00 2.946568e+00 -4.173785e-01 -4.084972e+00 -4.643788e+00 -3.436891e+00 1.646106e-01 -1.815350e+00 -1.481207e+00 -9.498075e-01 1.045006e-01 1.619235e+00 1.490877e+00 6.406450e-01 1.192730e+00 2.174876e+00 1.566769e+00 -1.504872e+00 5.479979e-03 -6.679802e-02 
7.390666e+00 5.487810e+00 4.497290e-01 8.642157e+00 2.044249e-02 -8.541335e-01 1.162405e+01 1.031315e+00 -7.321129e-01 2.041769e+00 -1.275270e+00 -8.022150e-01 1.718698e-01 -1.349094e+00 -9.923114e-01 -1.408272e+00 -8.134780e-01 8.630086e-01 2.045908e+00 1.268600e+00 1.556611e+00 1.760599e+00 1.449104e+00 -1.096821e+00 -5.855484e-01 -4.277196e-02 
6.773350e+00 6.147455e+00 1.314292e+00 7.286806e+00 8.115625e-02 -4.305579e+00 1.186581e+01 6.481350e+00 -2.210027e+00 1.363306e+00 -1.979014e+00 -2.354035e+00 1.554468e-01 -1.002037e+00 5.026250e-02 -1.061602e+00 -2.251911e+00 -1.030737e+00 2.835647e-01 -4.509196e-01 1.203140e-01 4.322821e-01 3.852657e-01 -6.947352e-01 -1.020114e+00 -2.395594e-02 
3.457234e+00 4.905463e+00 -8.324680e-01 5.889474e+00 2.372104e+00 2.692023e+00 1.279405e+01 3.608094e+00 1.041827e+00 6.546437e-01 -6.726607e+00 -7.799784e+00 1.014900e-01 -1.798424e+00 -7.386016e-01 -7.493058e-01 -8.574048e-01 -4.830054e-01 -1.101659e+00 -2.988361e+00 -2.226588e+00 1.016148e+00 1.836912e-01 3.055617e-01 -9.443862e-01 -2.588943e-02 
3.509410e+00 4.921486e+00 -3.380906e+00 1.544555e+00 -2.121363e-01 -2.206174e+00 6.714447e+00 2.259749e+00 8.570623e-01 -1.465081e+00 -5.391796e+00 -5.038675e+00 8.002079e-02 -1.992946e+00 -1.026585e+00 -4.198224e-01 1.226085e-01 -3.504708e-01 -7.120873e-01 -3.022735e+00 -3.788410e+00 1.992683e-01 -3.395893e-01 3.813543e-01 -8.137072e-01 -1.516906e-02 
3.051662e-02 2.407787e+00 -9.492009e-01 7.226258e+00 -2.247938e+00 -7.412131e+00 -7.420726e-01 -7.990823e+00 2.815082e+00 4.374418e+00 1.958929e+00 -4.181826e+00 8.013570e-02 -1.607321e+00 -5.155677e-01 7.403668e-02 1.194945e+00 -2.538384e-01 -9.042441e-01 -1.955414e+00 -2.060274e+00 -7.261340e-01 3.704642e-01 1.593120e+00 2.155437e-01 2.006513e-03 
-1.478021e+00 2.263366e+00 -7.264533e-01 7.231456e+00 6.388232e-01 -2.813938e+00 3.520191e+00 -6.661242e+00 -2.100314e+00 -2.194528e+00 -4.415011e+00 -8.231550e+00 9.027869e-02 -1.104037e+00 -4.465516e-02 4.639448e-01 1.318578e+00 9.300558e-01 2.350303e-01 -3.338334e-01 -5.069580e-01 -8.658192e-01 5.210836e-02 4.020413e-01 3.126693e-01 -5.952060e-04 
-2.085654e+00 3.656684e+00 -1.789511e+00 9.020746e+00 6.774319e-01 -1.525315e+00 4.614106e+00 -2.232782e+00 -1.110155e+00 2.871688e+00 7.505999e-01 -5.125628e+00 1.063936e-01 -1.943376e-01 5.447305e-01 5.229302e-01 -5.723906e-02 5.628812e-01 6.723863e-01 5.159909e-01 1.694770e+00 -6.376435e-01 -2.197424e+00 -1.592298e+00 -2.642135e-01 -2.995885e-03 
-9.526882e-01 4.073761e+00 -6.410271e-01 7.240203e+00 2.975457e+00 -3.974431e+00 2.367192e+00 -3.154062e+00 -1.509415e+00 -4.531744e-01 -2.777425e+00 -3.003428e+00 6.391579e-02 -6.250896e-02 -1.283583e-01 -2.661032e-01 -1.067696e+00 -1.285361e-01 2.762548e-01 -3.143076e-01 7.785617e-01 5.298988e-01 -1.159798e+00 -3.780682e-01 8.850332e-01 -9.139419e-03 
-1.203837e+00 4.226241e+00 1.622737e+00 6.935689e+00 -6.018493e-01 -3.469953e+00 2.414382e+00 -1.270562e+00 -6.685840e-01 -7.483381e+00 -6.821352e+00 -8.116955e+00 7.833773e-02 -3.794226e-01 -4.255046e-01 -3.977434e-01 -1.433226e+00 -5.403812e-02 1.024157e+00 -5.087360e-01 2.358630e-01 8.866118e-01 -1.455880e+00 1.755533e-01 9.281934e-01 -6.791329e-03 
-2.231474e+00 1.336796e+00 -3.763093e+00 2.935507e+00 6.357834e-01 -4.603446e-01 3.048515e+00 -3.249543e+00 3.283948e-01 -2.815981e+00 -2.519376e+00 -2.310721e+00 5.860955e-02 -4.056609e-01 -2.836753e-01 -5.936896e-01 -6.529914e-01 3.849585e-01 1.860244e+00 2.618299e-01 9.947306e-01 9.223436e-01 5.331647e-01 2.195611e+00 1.787793e+00 2.303469e-03 
-3.343374e+00 2.897644e+00 -2.217195e+00 4.006966e+00 1.577078e+00 1.838427e+00 1.729764e+00 -1.005726e+00 2.403999e+00 -3.226310e+00 1.499342e+00 -8.310146e-01 7.509011e-02 -2.593283e-01 2.331918e-01 -5.315814e-02 -2.834331e-01 9.883588e-01 1.322820e+00 6.330222e-01 1.191812e+00 1.267998e+00 1.901794e+00 2.510764e+00 2.427772e+00 1.205075e-03 
-1.911224e+00 3.319684e+00 -1.689509e+00 5.439609e+00 3.810786e+00 2.672601e+00 4.018649e+00 1.687173e+00 1.566012e+00 8.411407e-02 4.040285e+00 2.292568e+00 7.705694e-02 1.150237e-01 6.908619e-01 7.557811e-01 7.568790e-01 9.349205e-01 4.978520e-01 1.050919e+00 1.799592e+00 9.548057e-01 -3.563831e-01 1.241924e-01 9.578913e-01 5.865246e-03 
-2.660604e+00 4.400756e+00 3.201541e-01 4.266473e+00 2.752443e+00 1.577672e+00 5.094425e+00 2.220141e+00 5.052596e+00 5.755414e-01 2.452638e+00 1.720260e+00 7.513940e-02 3.159570e-01 9.526928e-01 8.699285e-01 8.566073e-01 1.949291e-02 -1.022515e+00 1.030787e+00 5.009480e-01 -2.460608e-01 -1.812564e+00 -2.558980e+00 -7.481118e-01 3.257638e-03 
-1.997741e+00 4.039550e+00 -1.252862e+00 6.590148e+00 4.722703e+00 2.159293e+00 6.620780e+00 4.135483e+00 3.778125e+00 -6.498823e+00 -2.375063e+00 1.203099e+00 8.791113e-02 1.655032e-01 9.733858e-01 5.391012e-01 3.997681e-01 -5.516553e-03 -7.510254e-01 -4.218483e-01 -3.945016e-01 -3.393825e-01 -1.614878e+00 -2.203748e+00 -1.203206e+00 3.124964e-03 
-1.720331e+00 7.301175e+00 1.914124e+00 7.714732e+00 1.218584e+00 -3.017493e+00 5.582635e+00 2.748586e-01 6.763780e-02 -8.997663e+00 -8.087887e+00 -4.026839e+00 8.595121e-02 6.347284e-02 1.170294e+00 5.262434e-01 3.356489e-01 -1.654200e-01 -2.726645e-01 -8.841082e-01 -1.331865e+00 -9.267807e-01 -6.596834e-01 -7.476221e-01 1.063617e-01 8.649898e-03 
-1.553844e+00 6.736403e+00 2.090124e-01 5.714319e+00 4.550133e+00 1.215056e+00 1.665303e+00 6.873065e-01 2.361578e+00 -3.203674e+00 -1.708192e+00 -8.499122e-01 8.727586e-02 -8.606529e-03 9.179963e-01 9.049021e-01 1.451828e-01 -3.618027e-01 2.423940e-01 -1.488869e+00 -1.847425e+00 -4.937377e-02 1.737010e+00 1.190810e+00 -5.694599e-02 9.140342e-03 
-2.565187e+00 8.903797e+00 2.220434e+00 6.382632e+00 2.011629e+00 6.864687e-01 3.151623e+00 -2.715095e+00 1.126966e+00 -4.370450e+00 -1.618907e+00 3.278574e+00 1.187065e-01 -2.840919e-01 2.205988e-01 5.015219e-01 1.284458e+00 1.218410e+00 8.266457e-01 -7.605121e-02 1.966009e-01 5.922397e-01 1.812120e+00 3.053963e+00 6.714927e-01 9.578156e-03 
-1.618345e+00 7.828220e+00 3.118493e+00 7.982112e+00 2.517168e+00 1.519282e+00 3.919427e-01 -3.606668e+00 3.001592e+00 -1.273792e-01 3.444982e-01 -2.734337e+00 1.172352e-01 -1.988502e-01 9.629460e-02 4.079178e-01 1.082827e+00 1.063227e+00 4.324301e-01 5.743153e-01 1.266410e+00 7.490755e-01 -3.729404e-01 1.848220e+00 -2.588414e-01 5.318141e-03 
-3.108541e+00 7.858261e+00 2.966993e+00 1.300313e+01 8.327115e+00 9.636222e-01 5.839059e+00 3.404850e+00 2.708829e+00 -1.475210e+00 6.155584e+00 2.728373e-01 1.188623e-01 -3.106510e-01 -1.756630e-01 -2.459571e-01 2.048914e-01 1.240870e+00 8.683427e-01 5.337446e-01 1.606838e+00 1.452947e+00 -3.380777e-01 9.179754e-01 -2.096306e-01 -6.666601e-04 
-2.276419e+00 7.740644e+00 1.875322e+00 7.818208e+00 6.708525e+00 3.238630e+00 3.193161e+00 3.959383e+00 5.316024e+00 -6.515996e+00 3.645664e+00 -6.412510e-01 1.137887e-01 -1.350657e-01 -5.473959e-01 -1.045830e+00 -1.115714e+00 -5.485075e-01 9.691336e-02 7.667794e-01 1.999390e-01 -2.391882e-02 -5.744158e-01 -6.106314e-01 1.489353e+00 -5.530322e-03 
-3.789406e+00 8.069270e+00 1.612234e+00 7.489041e+00 6.120299e+00 4.168509e+00 4.419736e+00 1.536070e+00 7.234486e+00 -2.866530e+00 1.320387e+00 1.183877e+00 1.170965e-01 4.572926e-02 -6.097934e-01 -1.230013e+00 -2.041921e+00 -2.029152e+00 3.465666e-01 -2.744299e-01 -1.241613e+00 -2.999199e-01 -2.758307e-01 -1.441911e+00 1.324575e+00 -2.608937e-03 
-1.953241e+00 4.985736e+00 -1.433276e+00 5.160582e+00 8.780383e-01 4.014059e-01 4.935501e+00 -1.672582e+00 6.191702e-01 -2.303798e+00 -2.910604e-01 4.256906e+00 9.046650e-02 -5.415636e-01 -6.490981e-01 -5.367199e-01 -8.047813e-01 -3.822695e-01 -2.694672e-01 -1.386044e-01 -6.042021e-01 -3.776093e-01 4.682943e-01 -6.462040e-01 6.318203e-01 1.602775e-03 
-3.041483e+00 6.186748e+00 -1.528772e+00 4.122333e+00 1.096600e+00 4.115067e+00 3.595740e+00 1.276743e-02 3.557657e+00 -4.960463e+00 9.143882e-01 4.446632e+00 1.174787e-01 -6.542541e-01 -4.815031e-01 4.954844e-02 -3.705696e-01 8.808446e-01 -2.984380e-01 -5.038563e-01 3.700513e-01 7.110348e-02 -1.345815e-01 -4.967840e-02 -3.965241e-01 4.017478e-03 
-5.358198e+00 5.436415e+00 7.622255e-01 5.477656e+00 7.309028e+00 1.918014e+00 2.912137e+00 1.700024e+00 5.266392e+00 -3.127558e+00 6.176431e-01 8.864733e-01 1.216114e-01 -9.126629e-01 1.510255e-02 6.682001e-01 1.989471e-01 1.907441e+00 8.361633e-02 -4.730330e-01 8.432468e-01 1.100318e+00 1.853855e-02 1.520662e-01 -1.030102e+00 6.642252e-03 
