9.619751e-01 3.906694e+00 -2.069480e+00 2.506200e+00 -2.062756e+00 -2.591105e+00 3.234084e+00 -2.476395e+00 6.661654e-03 6.176614e+00 3.748669e+00 7.011245e+00 -1.512927e-01 -2.031397e-01 -2.818429e-01 6.541588e-01 -7.608021e-01 -1.019510e+00 5.386635e-01 -1.911672e-01 -1.043619e-01 -5.445414e-01 -6.684440e-01 -9.104692e-01 -7.630324e-01 0.000000e+00 
2.244854e-01 3.744119e+00 -2.492977e-01 2.374653e+00 -3.313913e+00 -2.652937e-01 6.202654e+00 -1.276215e+00 8.856189e-01 3.893214e+00 1.711669e+00 4.605318e+00 -1.512927e-01 -4.038586e-01 -2.198143e-01 6.904097e-01 -7.447789e-01 -3.193937e-01 -1.386782e-01 -9.258896e-01 -2.587361e-02 -6.962897e-01 -1.138157e-01 -4.157066e-01 -8.171164e-01 0.000000e+00 
3.150215e-01 2.578768e+00 2.912228e-01 -1.232038e+00 -6.534726e+00 -1.060694e+00 7.939620e-01 -3.598294e+00 -3.155524e+00 3.976093e+00 2.148227e-01 4.399046e+00 -1.512927e-01 -5.120184e-01 -4.521995e-01 3.357021e-01 -9.743408e-02 3.426353e-01 1.790258e-01 -8.400558e-01 1.582794e-01 -4.718344e-01 3.071545e-01 1.314846e-01 -6.757844e-01 0.000000e+00 
-7.338409e-01 3.471586e+00 2.022169e-01 6.514239e-01 -1.423740e+00 -4.049702e+00 -1.753035e-01 -2.044813e+00 -1.893694e+00 6.707795e+00 3.437059e+00 4.231762e+00 -1.512927e-01 -5.080833e-02 -2.537203e-01 1.507009e-01 4.381053e-01 1.375506e+00 -3.517275e-01 -1.398114e-01 1.147149e-02 -6.023419e-01 7.292773e-01 3.810141e-01 -2.406133e-01 0.000000e+00 
-1.118954e+00 1.781963e+00 -6.167271e-01 2.880644e+00 -1.294666e+00 1.962278e-01 2.222783e+00 -1.300699e+00 -9.628537e-01 6.305095e+00 3.543397e+00 3.819101e+00 -1.512927e-01 3.378319e-01 -1.596592e-01 -2.340752e-01 6.691097e-01 1.088697e+00 1.923444e-01 2.767927e-01 -1.076896e+00 -5.083299e-01 4.487244e-01 -9.021187e-01 -1.227354e+00 0.000000e+00 
6.874313e-01 2.873920e+00 9.581816e-01 2.508839e+00 9.435881e-01 -2.652392e+00 4.789187e+00 -2.367656e+00 -3.222426e+00 6.375099e+00 1.952453e+00 3.692224e+00 -1.512927e-01 1.947064e-01 -1.452882e-01 -7.085169e-01 -2.355535e-01 -1.380444e-05 2.149071e-01 1.058559e+00 -8.072473e-01 2.887609e-01 -8.070442e-01 -1.233039e+00 -7.080243e-01 0.000000e+00 
1.293545e+00 2.079304e+00 -1.257135e+00 1.184803e+00 -2.274906e+00 -7.976267e-01 -3.043199e-01 -8.821355e+00 -5.032807e+00 6.386064e+00 -3.553468e+00 -1.467955e+00 -1.512927e-01 2.666983e-01 2.230677e-01 1.341274e-01 4.397244e-01 -1.320743e-01 -1.064713e+00 -3.181471e-01 3.876236e-01 2.006044e-02 -1.306234e+00 -6.342508e-01 -7.577326e-01 0.000000e+00 
-9.665585e-01 2.596474e+00 -3.020163e+00 3.215768e-01 -9.336888e-01 -2.478240e+00 6.381042e+00 -2.320721e+00 1.585088e+00 2.632090e+00 8.202950e-01 3.335169e+00 -1.512927e-01 -4.889812e-02 2.765461e-01 8.426710e-01 9.391950e-01 -1.068185e+00 -1.618742e+00 -1.322797e+00 1.044475e+00 5.050090e-01 -6.655790e-01 8.426229e-01 1.492033e-01 0.000000e+00 
1.041533e+00 3.036025e+00 2.043082e+00 6.172896e+00 -1.016399e+00 -5.214415e+00 -1.638799e-01 6.139524e-01 -3.266308e+00 1.645429e+00 9.382226e-01 2.089655e-01 -1.512927e-01 2.005989e-01 6.595069e-01 1.523716e+00 1.151741e+00 -3.082364e-01 -9.414191e-01 8.100309e-02 1.310488e+00 1.012325e-01 -7.695341e-01 1.263575e+00 1.541624e+00 0.000000e+00 
5.689468e-01 3.778290e+00 3.521428e+00 4.710767e+00 -5.026590e+00 -8.537710e+00 -1.895019e+00 -1.862934e+00 -1.580631e+00 5.417521e+00 3.919722e+00 3.599780e+00 -1.512927e-01 6.476874e-01 3.207643e-01 4.947370e-01 6.017416e-01 -3.175580e-01 -2.014790e-01 -1.545143e-02 2.903324e-01 -5.535991e-01 4.201422e-01 3.172579e-01 9.331163e-01 0.000000e+00 
1.528787e+00 4.785931e+00 3.090648e+00 4.748913e+00 -1.769638e+00 -2.474987e+00 4.238726e+00 -2.497808e+00 -2.943786e+00 1.145677e+00 1.214692e+00 6.107862e+00 -1.512927e-01 6.392975e-01 9.915463e-02 -1.345461e+00 -2.168485e-01 2.788170e-01 2.751276e-01 1.512381e+00 -3.092279e-01 8.969938e-01 -5.519629e-02 -5.518967e-02 8.439115e-01 0.000000e+00 
2.028252e+00 3.325343e+00 -1.070261e+00 4.042276e+00 -2.144859e+00 -4.855349e+00 4.102482e+00 6.868205e-01 -1.344169e+00 4.982677e+00 2.268350e+00 5.051302e+00 -1.512927e-01 5.674876e-01 -4.720578e-01 -1.127687e+00 5.156309e-01 1.477159e+00 1.300818e+00 1.961163e+00 5.659362e-01 6.569086e-01 -1.376500e-01 -3.218679e-01 -8.475345e-01 0.000000e+00 
3.508368e+00 3.758271e+00 -2.388376e+00 5.422899e+00 -1.063179e+00 -5.679958e+00 4.399277e+00 -2.207064e+00 1.100430e+00 1.586870e+00 1.487960e+00 3.702762e+00 -1.512927e-01 1.735623e-01 -9.506577e-01 -8.965963e-01 5.995708e-01 1.224166e+00 6.187595e-01 5.211449e-01 1.114735e-01 -1.056488e-01 2.168512e-01 -3.038083e-01 -1.816771e+00 0.000000e+00 
2.416595e+00 1.931831e+00 6.225027e-01 6.951928e+00 2.005974e+00 -4.311351e-01 7.830522e+00 8.213761e-01 -3.181961e-01 4.508676e+00 2.173748e+00 5.646567e-01 -1.512927e-01 1.105423e-02 -6.210114e-01 -7.203612e-02 1.326133e-01 3.731196e-01 1.455663e+00 -4.993301e-01 -8.576745e-01 2.244084e-01 -4.783763e-01 -2.503259e-01 -1.090762e+00 0.000000e+00 
2.202427e+00 7.293977e-01 -2.238716e+00 6.291941e+00 2.275777e+00 -1.593297e+00 4.980431e+00 -2.007718e+00 -3.985017e+00 2.466934e+00 -2.570490e-01 -7.326703e-01 -1.512927e-01 3.492876e-01 -2.748130e-03 -3.527727e-01 1.227069e-01 -8.938047e-01 9.306750e-01 -1.262326e+00 -1.237105e+00 -4.794791e-01 1.994422e-01 8.885967e-01 1.681117e-01 0.000000e+00 
2.736493e+00 1.734722e+00 -1.505272e+00 4.270823e+00 -1.948740e+00 3.796343e-01 1.315255e+00 -3.701225e+00 2.320597e+00 2.150763e+00 1.889225e+00 1.815207e+00 -1.512927e-01 5.366077e-01 3.798351e-01 -4.143115e-01 -4.538680e-01 -1.491363e+00 -1.520449e-01 -1.624083e+00 -1.741037e+00 -7.421929e-01 1.283078e-01 1.186566e+00 8.124612e-01 0.000000e+00 
5.094856e+00 3.843085e+00 -3.088352e+00 7.376987e+00 -3.554846e+00 -1.431967e+00 1.345282e+00 -6.131291e+00 -2.616362e+00 3.763037e+00 6.073205e+00 3.918046e+00 -1.512927e-01 7.986126e-02 3.379972e-01 -4.647086e-02 -3.320386e-02 -1.607161e+00 -6.770790e-01 -7.331484e-01 -6.606963e-01 -4.751454e-01 2.305840e-01 8.178360e-01 8.294418e-01 0.000000e+00 
3.653419e+00 2.274163e+00 -1.024236e+00 4.140065e+00 -2.535529e+00 -1.272024e+00 1.527682e+00 -5.822022e+00 -4.713489e+00 4.502163e+00 4.941451e+00 2.301605e+00 -1.512927e-01 -3.235514e-01 1.639301e-01 9.672976e-02 1.057509e-01 -5.788885e-01 -1.712624e+00 -2.219748e-01 -5.372287e-01 -2.295322e+00 -8.749574e-01 3.857265e-01 1.334131e+00 0.000000e+00 
2.143270e+00 2.149663e+00 -2.711588e+00 6.191300e+00 -5.466634e+00 -4.152862e+00 1.208475e+00 -4.250801e+00 -2.843701e+00 2.444154e+00 2.306018e+00 3.171340e+00 -1.512927e-01 -7.115870e-01 -1.746631e-01 2.980311e-01 -4.007258e-01 -1.299157e-02 -1.487475e+00 4.165678e-02 7.622982e-01 -9.827518e-01 -9.535103e-01 -4.358117e-01 1.206252e+00 0.000000e+00 
2.594529e+00 3.401083e+00 -1.210005e+00 5.392421e+00 -3.887288e+00 -6.823040e+00 2.737837e-01 -7.327614e+00 -9.042343e+00 -1.564582e+00 5.701451e+00 8.859218e+00 -1.512927e-01 -3.275248e-01 -2.779234e+00 -8.622546e-02 -3.197594e-01 -8.193029e-01 2.660351e+00 -9.729539e-01 1.264354e+00 1.373882e+00 -9.896222e-01 3.746848e-01 3.223984e-02 3.089935e-02 
2.066366e+00 2.406309e+00 -1.505312e+00 4.747180e+00 -2.943924e+00 -6.093836e+00 2.180515e+00 -1.567004e+00 -5.365694e+00 2.028859e+00 3.514147e+00 6.670500e+00 -1.512927e-01 -1.913011e-01 -3.860450e+00 5.316307e-02 -9.051368e-01 -4.086398e-01 5.302035e+00 -1.050823e+00 1.116249e+00 2.141715e+00 -7.597669e-01 -1.462859e-01 -1.297240e+00 3.180240e-02 
2.054247e+00 -1.175033e+01 -2.058501e+00 3.263328e+00 -7.893398e+00 1.300022e+01 -3.823107e+00 -8.421532e-01 3.416918e+00 -2.383006e-01 6.210811e+00 7.132242e-01 3.204048e-03 -2.453755e-01 -2.455452e+00 9.083204e-01 -1.079268e+00 4.752396e-01 3.266222e+00 -4.680114e-01 -5.566479e-01 2.334754e+00 -3.105869e-02 -2.342765e+00 -8.699722e-01 3.954098e-02 
1.456906e+00 -9.576879e+00 -2.021524e+00 2.730163e+00 -5.506778e+00 1.244568e+01 -1.997193e+00 -1.912287e+00 1.635245e+00 -2.017821e+00 1.319909e+00 7.581388e-01 -6.952906e-02 -2.698444e-01 -8.087328e-01 1.272750e+00 3.703305e-01 1.718679e+00 1.167462e-01 5.069699e-01 -2.118865e+00 2.197606e-01 -4.377263e-01 -2.845186e+00 2.669135e-01 4.341407e-02 
1.672381e+00 -2.884584e+00 3.589703e+00 1.004591e+00 -2.296633e-01 2.383118e-01 2.258062e-02 -9.938211e+00 -8.690413e-01 3.034642e-01 -4.915253e+00 7.465536e+00 5.530417e-03 -1.272061e+00 2.454695e+00 4.140988e-01 1.085653e+00 1.130152e+00 -4.361932e+00 9.082739e-01 -1.967498e+00 -6.816424e-01 7.553317e-01 -2.269229e+00 1.054634e+00 2.567619e-02 
9.080772e-01 -6.070230e+00 2.034334e+00 7.728201e+00 1.817604e+00 8.708475e-01 2.792520e+00 -7.613297e+00 -2.123911e+00 -4.306550e-01 -5.148749e+00 4.628911e+00 6.461447e-02 -9.832082e-01 2.434489e+00 -1.969286e-01 5.662781e-01 -8.490505e-01 -3.003163e+00 -7.159759e-01 -5.186906e-01 8.285996e-01 -4.601101e-01 -8.905441e-01 8.158010e-01 2.967681e-02 
-4.031643e+00 -1.230178e+00 -2.015936e+00 6.192574e+00 -5.904828e+00 -3.022023e+00 -1.676595e+00 -7.829137e+00 1.888284e+00 2.744775e+00 -1.901008e+00 4.051007e+00 6.451321e-02 -1.036796e+00 3.077567e-01 1.322481e+00 3.808210e-01 -1.021712e+00 -4.947797e-01 -6.740535e-01 1.979248e+00 1.195605e+00 -5.207956e-01 -1.712708e-01 1.289959e-01 -1.595412e-02 
-6.071224e-01 1.768362e+00 -2.033474e-01 2.967562e+00 -6.914449e+00 -9.399628e-01 -4.727485e+00 -5.560278e+00 4.399580e+00 -5.539027e+00 -4.639934e+00 6.544409e+00 4.936361e-02 -2.025357e+00 -1.552869e-01 3.851411e+00 -1.621602e+00 6.426660e-01 -7.070326e-01 4.634989e-01 2.031572e+00 -4.649121e-01 1.742159e+00 1.585080e+00 9.759766e-01 -3.851354e-03 
-2.753998e+00 -5.265096e+00 1.132095e+01 5.289016e+00 -9.721953e-01 -1.330182e+00 4.123158e-01 -1.068483e+00 1.847240e+00 2.536719e-01 -6.026014e+00 7.152767e+00 -6.661475e-02 -9.577759e-01 -1.403201e-01 3.560935e+00 -9.197962e-01 2.173715e+00 2.492567e-01 1.289312e+00 1.596221e+00 -2.266619e+00 2.869862e+00 2.042275e+00 7.178859e-01 -3.700537e-02 
-9.857531e+00 -4.829205e+00 1.462295e+01 7.196999e-02 2.564618e+00 -3.510237e+00 4.065559e+00 -8.357631e-01 -4.427950e+00 9.525694e+00 4.839153e+00 7.957913e+00 1.109217e-01 -1.512430e-01 7.897369e-01 -4.722028e-02 9.034531e-01 2.148273e+00 4.239594e-01 2.364280e+00 8.503806e-01 -1.862866e+00 3.396470e+00 2.428767e+00 -1.383542e-01 -4.859905e-02 
-4.195318e+00 1.367005e+00 8.375594e+00 3.041389e+00 2.242131e-01 -4.906026e-01 3.734407e-01 -2.210288e+00 -5.031045e+00 9.561722e+00 3.570825e+00 6.933684e+00 -1.512927e-01 1.449575e+00 2.987141e+00 -3.618908e+00 9.668821e-01 -4.483667e-01 6.060600e-05 9.285454e-01 1.024683e+00 5.931296e-01 1.285287e+00 1.858953e+00 -6.940808e-02 -4.315702e-02 
-6.426773e-01 2.400996e+00 1.033229e+00 8.608641e+00 3.228711e+00 7.600448e-01 7.113353e+00 -7.374725e-01 -1.475606e+00 6.789297e+00 2.705481e+00 5.962179e+00 -1.512927e-01 1.499461e+00 3.573510e+00 -4.840987e+00 6.063163e-01 -1.560849e+00 -7.646687e-02 -3.057179e-01 1.267506e+00 4.490384e-01 4.180786e-01 -1.099215e+00 6.131024e-02 -4.991615e-03 
-1.135502e-01 6.055509e+00 2.126670e-02 5.855091e+00 -3.546076e+00 -3.465019e+00 3.531146e+00 4.005787e+00 3.336716e+00 8.048307e+00 4.335584e+00 7.803594e+00 -1.512927e-01 -8.824814e-01 2.086198e+00 -3.942945e+00 -7.744254e-01 -8.582283e-01 -5.451466e-01 -9.782636e-01 7.438514e-01 -1.480422e+00 4.310694e-01 -1.982637e+00 2.696448e-01 9.116650e-02 
-4.401112e+00 1.069409e+01 -5.404827e+00 1.696700e+00 -3.354482e+00 -2.405363e+00 9.581170e-01 2.393731e+00 -6.366638e+00 1.237279e+01 -1.039299e+00 7.829510e+00 8.596361e-02 -3.608972e-01 -5.858866e-01 -1.439465e+00 -1.675532e+00 2.120854e-01 -2.815761e+00 -2.418972e+00 -3.920646e-02 -9.179165e-01 -9.503207e-02 -2.417891e+00 -1.323519e+00 3.975920e-02 
-6.728508e+00 7.651448e+00 -8.120101e+00 2.625231e+00 -7.753316e-01 -1.633632e+00 -1.440259e+00 -5.663276e-02 -9.987639e+00 8.925322e+00 -4.469971e+00 7.348243e+00 1.859117e-01 -8.278471e-01 -2.180274e+00 8.379305e-01 -1.588688e+00 2.331576e+00 -1.889138e+00 -1.970347e-01 -2.664223e+00 -7.287560e-01 -5.197706e-01 -2.060651e+00 -2.567470e+00 6.620777e-02 
8.603153e-01 -1.326407e+00 -2.093411e+00 1.845909e+00 2.903766e+00 -1.423445e+01 -2.495804e+00 1.097705e+00 5.969901e-01 5.875630e+00 -4.981194e+00 -4.277413e-01 -1.210989e-01 -1.439185e+00 -1.395113e+00 2.500842e+00 -2.852017e+00 3.486443e+00 2.698347e-01 1.553359e-01 -2.017145e+00 1.422112e-01 -3.029935e+00 2.948771e-01 -2.243916e+00 1.121856e-01 
-6.883499e+00 1.164388e+00 2.555212e+00 -2.162955e+00 4.982677e+00 -6.996164e+00 4.272933e+00 -8.667315e+00 -3.788878e+00 8.698036e+00 -3.996721e+00 -9.051287e-01 2.832774e-01 -2.938891e+00 6.984822e-01 2.313671e+00 -3.120412e+00 3.464045e+00 1.334472e+00 1.668965e+00 6.526959e-01 -2.526808e-02 -2.623055e+00 2.143081e+00 -2.687871e+00 1.862345e-01 
-1.151954e+01 6.962056e+00 1.761724e+00 -1.016929e+01 1.119873e+01 1.625077e+00 -1.121799e+00 -3.386651e+00 -8.754963e+00 -2.663237e+00 1.984617e-01 7.366140e-01 5.982087e-01 -4.727289e+00 1.417081e+00 -8.006886e-01 -3.353873e+00 1.843339e+00 2.606694e+00 1.793537e+00 2.180991e+00 -2.436563e-01 -9.618124e-01 2.716170e+00 -1.115623e+00 2.301316e-01 
-1.523304e+01 6.999628e+00 1.520688e+00 -6.969230e+00 1.239741e+01 -2.891034e+00 6.217565e+00 5.449024e+00 -5.438004e+00 7.948041e-02 3.655609e+00 -6.673293e+00 7.574304e-01 -2.898515e+00 9.508789e-01 -1.673490e+00 -1.830415e+00 6.907530e-01 5.359513e-01 3.165261e-01 2.622344e+00 1.681121e+00 -1.101482e-01 9.001586e-01 -1.182665e+00 1.383117e-01 
-1.860136e+01 2.841377e+00 -5.579592e+00 -1.252032e+01 8.413093e+00 -3.253548e+00 5.499566e+00 4.944490e+00 2.032712e-01 5.375846e+00 4.773493e+00 -3.121774e+00 7.924826e-01 -1.783145e+00 -4.552247e-01 -1.514678e+00 -2.760103e-01 -7.651126e-01 -8.945481e-01 4.206862e-01 6.319616e-01 2.096160e+00 1.642959e+00 -6.991781e-01 -6.510559e-01 7.234344e-02 
-1.783517e+01 7.979122e+00 -2.141579e+00 -1.013952e+01 9.829260e+00 -1.877095e+00 2.544881e+00 2.788365e-01 1.376109e-01 4.127754e+00 -1.783444e+00 -4.889261e+00 8.776987e-01 -4.252888e-01 2.328360e-01 -4.593669e-01 2.810010e-01 -1.292454e-01 -4.916471e-01 -6.854378e-01 -9.083695e-01 3.175538e-01 -7.157485e-02 -8.802886e-01 1.140568e+00 4.665259e-02 
-1.913420e+01 4.196186e+00 -3.980531e+00 -9.964202e+00 8.657240e+00 -3.354634e+00 2.817973e+00 2.358252e+00 -1.061967e+00 3.527420e+00 -5.779023e-01 -3.410682e+00 8.997917e-01 6.405373e-02 3.567989e-01 5.366753e-01 1.088940e+00 -1.106422e-01 -5.284929e-01 5.306054e-01 1.536123e-01 -4.216953e-01 -7.614643e-01 -6.247686e-01 9.948528e-01 3.390482e-02 
-1.709306e+01 7.486403e+00 -1.575677e+00 -6.842284e+00 1.162911e+01 -5.298727e+00 4.131172e+00 2.200296e+00 -3.217615e+00 6.458189e-01 1.929863e+00 -8.260000e-01 9.370388e-01 3.214241e-01 -1.127646e-01 4.448018e-02 7.452986e-01 -7.397658e-01 -9.996451e-01 9.178788e-01 1.023624e+00 -4.795180e-01 -9.696396e-01 3.748986e-01 1.208277e+00 1.252627e-02 
-1.865215e+01 4.871731e+00 -3.179167e+00 -8.724236e+00 6.959956e+00 -4.185197e+00 7.359447e+00 4.751822e+00 -2.275922e-01 3.309491e+00 -2.070032e-01 -1.791410e-01 9.323366e-01 1.838745e-01 1.658351e-01 -1.630259e-03 2.914457e-01 -7.823854e-01 -1.022861e+00 3.526371e-01 -1.069901e-01 4.129336e-01 -1.367604e+00 -4.001080e-01 1.453552e+00 9.637892e-03 
-1.646907e+01 7.077526e+00 -2.319861e+00 -7.033006e+00 6.979074e+00 -6.460038e+00 4.863538e+00 4.200171e+00 -2.677166e+00 -6.114798e-01 -9.440082e-02 -4.636488e-01 9.240576e-01 7.414055e-02 -3.745338e-01 -3.731389e-02 2.319491e-01 -4.850489e-01 -1.599480e-01 -1.141217e+00 -6.939728e-01 6.909509e-01 -8.935744e-01 2.426140e-01 7.507334e-01 5.695951e-03 
-1.852682e+01 5.229799e+00 -3.616591e+00 -8.411613e+00 7.070333e+00 -7.888284e+00 4.214975e+00 8.233643e-01 7.324767e-01 -2.681952e+00 -1.566311e+00 3.675900e+00 9.544718e-01 3.396465e-01 -6.493971e-02 6.610920e-01 1.056553e+00 6.511711e-01 -2.909023e-01 -1.629809e+00 -7.107268e-01 5.145892e-01 -1.256992e+00 1.561315e+00 2.327150e-01 8.056581e-03 
-1.678502e+01 5.434700e+00 -1.543534e+00 -5.838851e+00 9.148679e+00 -4.246923e+00 -2.676010e-03 6.946614e-01 -2.428949e-01 -8.263316e-01 3.822587e+00 1.000147e+00 9.544510e-01 -1.885078e-01 -3.626359e-01 6.177851e-01 5.984025e-02 3.310981e-01 2.100511e-01 -1.224919e+00 -1.673184e-01 2.378751e-02 1.527966e-01 1.759816e+00 -2.894318e-01 1.188388e-02 
-1.679594e+01 5.368445e+00 -2.618698e-01 -4.038552e+00 9.131008e+00 -6.746266e+00 1.643508e+00 2.950943e+00 1.128218e+00 -2.868041e+00 5.641079e+00 2.525364e-01 9.574229e-01 1.708679e-02 -7.017561e-01 -1.354788e-01 -5.353682e-01 1.173444e-01 6.536750e-01 -5.812622e-01 -1.770858e-01 -1.136166e+00 -2.385552e-01 1.212371e+00 -7.728935e-01 4.513210e-03 
-1.827705e+01 5.195024e+00 -9.082959e-01 -8.920335e+00 7.604226e+00 -5.980792e+00 2.467632e-02 2.299789e+00 -2.756100e+00 2.455475e-01 5.100985e+00 -1.991262e-01 9.820015e-01 -1.090126e-01 -9.693904e-01 -5.649328e-01 -1.031944e+00 -6.181471e-01 3.860846e-01 1.689343e-01 4.497987e-01 -9.191265e-01 -1.139933e+00 -9.656742e-01 -1.660592e+00 -3.926635e-03 
-1.769537e+01 1.840857e+00 -4.611604e+00 -9.547711e+00 8.429281e+00 -3.752974e+00 1.294989e+00 -8.646284e-01 -3.691751e+00 -4.410667e+00 3.856346e+00 4.110683e-01 9.632626e-01 2.154137e+00 8.463209e-01 1.396407e+00 -1.966568e-01 -9.202936e-01 2.291001e-01 -2.220314e+00 -3.040045e-01 -4.130348e-01 -1.187685e-01 -2.399987e+00 -2.240974e+00 -2.202185e-02 
-1.688037e+01 2.351542e+00 -2.193331e+00 -8.243988e+00 6.408807e+00 -3.813146e+00 1.016255e+00 4.851440e+00 -2.428543e+00 -5.754681e+00 -1.134179e-01 -7.382079e+00 9.318979e-01 6.455243e+00 6.621226e-01 2.758229e+00 1.910277e+00 -2.376650e+00 -3.021876e-01 -2.566140e+00 -2.600090e+00 -1.652202e-01 1.733402e+00 -2.520005e+00 -2.462701e+00 -6.449839e-02 
-6.723598e+00 1.102179e+01 7.362685e+00 -5.360009e+00 5.127250e+00 -6.684588e+00 -9.953848e+00 1.550944e-01 -1.100734e+00 -4.617686e-01 -3.751657e+00 -7.360859e+00 8.723654e-01 8.803339e+00 -1.423220e+00 4.048705e+00 2.310303e+00 -4.729339e+00 -2.632606e-01 -2.715295e+00 -4.505771e+00 1.740721e+00 2.939723e+00 -8.176752e-01 -1.809999e+00 -5.316127e-02 
8.513276e+00 3.915170e+00 6.895704e+00 -1.462800e+00 -2.628007e+00 -6.025922e+00 -7.181607e+00 -1.121052e+01 -4.877709e+00 6.938108e+00 -3.695040e+00 -8.626670e+00 7.049581e-01 8.667054e+00 -4.360826e+00 3.179182e+00 2.065507e+00 -6.124789e+00 6.562243e-01 -2.388068e+00 -5.126098e+00 3.391026e+00 1.696933e+00 1.317919e+00 -4.313852e-01 -1.356786e-02 
1.362450e+01 -6.057055e+00 1.108741e+01 -1.386790e+00 -1.069901e+01 -3.962889e+00 -8.182558e+00 -1.536250e+01 6.236438e+00 3.941553e+00 1.558781e+00 -8.016630e+00 8.109261e-01 5.418743e+00 -5.968320e+00 1.092752e+00 1.326423e+00 -5.974004e+00 1.396221e+00 -8.119709e-01 -2.430211e+00 4.076803e+00 1.933618e-01 1.320377e+00 2.126741e-01 3.139375e-02 
1.628085e+01 -1.091317e+01 1.184022e+01 9.693897e-02 -1.630201e+01 -1.892874e+00 -1.180973e+01 -1.302025e+01 1.085800e+01 5.283215e-01 3.820960e+00 -9.211120e+00 8.947783e-01 1.849336e+00 -3.776306e+00 3.569052e-01 7.804587e-01 -4.053759e+00 1.240598e+00 -1.292367e+00 1.200769e+00 3.784505e+00 -7.892713e-01 6.216313e-01 3.362023e-01 6.483488e-02 
1.648633e+01 -1.140564e+01 1.035419e+01 4.922372e-01 -1.790577e+01 -1.770007e+00 -1.169964e+01 -1.109109e+01 1.141543e+01 3.709934e+00 -9.077722e-01 -6.005263e+00 9.344240e-01 3.336994e-01 -1.413631e+00 -9.003829e-01 1.021012e+00 -2.600777e+00 7.384344e-01 -5.397469e-01 2.713631e+00 1.040200e+00 -1.405410e-01 -2.807711e-01 8.395948e-02 4.317048e-02 
1.632904e+01 -1.229206e+01 9.046839e+00 1.499980e+00 -1.929342e+01 -9.193743e-01 -1.188490e+01 -7.342380e+00 1.145532e+01 3.107561e+00 6.463925e-01 -7.951342e+00 9.673836e-01 -4.102582e-01 -3.674880e-01 -1.011088e+00 8.925217e-01 -1.958809e+00 3.021916e-01 8.843044e-01 2.422249e+00 2.847102e-01 -5.224708e-01 3.630214e-01 -1.448786e-01 2.474558e-02 
1.526890e+01 -1.243576e+01 7.982182e+00 3.016748e+00 -2.220719e+01 -7.574669e-01 -1.084371e+01 -4.633278e+00 1.113878e+01 1.949228e+00 1.742209e+00 -8.226722e+00 9.904758e-01 -6.031616e-01 -2.299783e-01 -6.248345e-01 9.448413e-01 -1.894302e+00 -5.686450e-03 1.495646e+00 1.739374e+00 3.492022e-01 -1.739934e+00 1.783919e+00 -8.385507e-01 1.542486e-02 
1.483827e+01 -1.223555e+01 7.970780e+00 3.297292e+00 -2.394535e+01 -8.881860e-01 -7.816175e+00 -4.137911e+00 1.241988e+01 -1.203679e+00 4.311076e+00 -8.824783e+00 9.904802e-01 -5.398564e-01 -6.692734e-02 -2.458536e-01 9.823723e-01 -1.655761e+00 -3.631622e-01 1.197557e+00 1.259225e+00 -7.868862e-03 -1.525575e+00 1.535288e+00 -4.157085e-01 6.780821e-03 
1.421590e+01 -1.258379e+01 7.768045e+00 4.317787e+00 -2.505132e+01 -1.814034e+00 -6.255773e+00 -3.996456e+00 1.267916e+01 -2.834114e+00 6.179479e+00 -9.761296e+00 1.000000e+00 -1.184417e-01 -1.839273e-01 2.087488e-01 9.255047e-01 -1.149356e+00 -8.030661e-01 3.032179e-01 1.154725e+00 1.086495e-01 -1.471029e+00 1.123812e+00 1.934293e-01 -5.915320e-03 
1.415626e+01 -1.255269e+01 7.924639e+00 5.761322e+00 -2.615016e+01 -2.206902e+00 -8.191084e+00 -1.364666e+00 1.064578e+01 -2.128641e+00 6.104198e+00 -9.262597e+00 9.965256e-01 2.575686e-01 -2.032692e-01 7.534130e-01 7.745302e-01 -8.781281e-01 -1.089080e+00 -9.095491e-01 2.308461e+00 -1.174337e+00 -1.675233e+00 1.301591e+00 7.719735e-01 -2.187554e-02 
1.501770e+01 -1.319683e+01 9.048997e+00 6.412256e+00 -2.685156e+01 -4.113439e+00 -9.140165e+00 -2.462773e-01 1.256907e+01 -4.943436e+00 6.464708e+00 -7.040668e+00 9.578766e-01 1.498539e-01 2.214984e-01 7.413493e-01 1.067179e+00 -8.067686e-01 -1.088031e+00 -1.893554e+00 3.455980e+00 -2.580482e+00 -3.061546e+00 2.426950e+00 1.070633e+00 -3.290621e-02 
1.572522e+01 -1.294537e+01 1.109737e+01 6.122709e+00 -2.743587e+01 -5.183884e+00 -1.092172e+01 5.529304e+00 6.603236e+00 -8.525183e+00 1.067642e+01 -6.325230e+00 9.021643e-01 8.239285e-02 8.518876e-01 4.563407e-01 1.648479e+00 2.338568e-01 -9.771759e-01 -2.333668e+00 3.655545e+00 -4.329573e+00 -4.202114e+00 3.076562e+00 1.543655e+00 -5.725837e-02 
1.418069e+01 -1.127996e+01 9.888427e+00 9.472991e+00 -2.844230e+01 -5.765695e+00 -1.435822e+01 9.836456e+00 1.798024e+00 -1.494357e+01 1.602812e+01 -5.876816e+00 8.826496e-01 -2.417452e-02 2.400930e+00 2.297917e-01 2.884942e+00 3.122896e+00 -1.050943e+00 -1.491315e+00 3.123474e+00 -5.325861e+00 -2.903834e+00 1.572878e+00 2.488671e+00 -1.328985e-01 
1.498673e+01 -9.251683e+00 9.786628e+00 1.247335e+01 -2.418550e+01 -6.266654e+00 -1.725039e+01 1.187169e+01 -5.616557e+00 -1.813914e+01 1.670530e+01 -2.126249e+00 7.478472e-01 -1.413860e+00 4.245939e+00 2.949340e-01 1.951442e+00 6.913407e+00 -2.977169e+00 1.065071e+00 -2.350285e-01 -3.951955e+00 2.226910e-01 -3.740920e+00 4.163033e+00 -2.357152e-01 
1.526608e+01 -3.039024e+00 1.085333e+01 1.766165e+01 -1.286226e+01 -8.826767e+00 -1.343241e+01 1.219990e+01 -7.950334e+00 -1.465563e+01 1.131466e+01 3.303194e+00 3.705426e-01 -2.193031e+00 5.333650e+00 -7.573198e-01 2.172060e-02 7.742471e+00 -1.958258e+00 3.106885e+00 -3.225698e+00 -2.108373e+00 3.844689e+00 -5.331800e+00 3.324146e+00 -2.836090e-01 
8.113229e+00 4.163856e+00 1.208959e+01 1.178559e+01 -6.588488e-01 -1.853919e+01 -6.059277e+00 3.172440e+00 -8.282359e+00 -7.555700e+00 -5.671452e+00 9.899932e+00 -2.035844e-02 -2.776552e+00 4.641221e+00 -1.581012e+00 -1.594480e+00 5.608418e+00 -3.077141e-01 4.335042e+00 -3.845350e+00 -1.156996e-01 5.378692e+00 -3.526132e+00 1.179612e+00 -2.320115e-01 
6.652287e+00 8.680523e+00 4.950346e+00 9.925472e+00 -1.493274e+00 -9.420713e+00 -4.419356e+00 -1.942407e+00 -7.410939e+00 -1.011847e+00 5.574973e-01 4.730823e+00 -1.512927e-01 -2.493344e+00 2.761219e+00 -1.813797e+00 -1.967725e+00 2.575382e+00 3.071748e+00 4.075519e+00 -3.573656e+00 1.610911e+00 4.936129e+00 -1.088687e+00 -9.070482e-02 -1.174605e-01 
5.410860e+00 8.094649e+00 4.833055e+00 8.369037e+00 -1.827911e+00 -7.508251e+00 -8.170938e-02 -2.839057e-01 -6.464751e+00 1.932424e+00 4.453222e+00 3.057996e+00 -1.512927e-01 -1.404580e+00 2.918608e-01 -1.817210e+00 -8.536138e-02 9.746494e-01 4.967719e+00 2.549534e+00 -1.087714e+00 1.691381e+00 3.360033e+00 1.730854e+00 -1.857372e-01 -2.618685e-02 
4.150540e+00 8.801675e+00 5.412608e+00 9.531301e+00 5.991790e-01 1.016501e+00 3.956405e+00 -3.940207e+00 -8.045801e-01 5.280953e+00 8.088829e-01 6.270638e+00 -1.512927e-01 -1.250093e+00 -9.453822e-01 -1.424026e+00 3.478596e-01 2.250803e+00 3.744089e+00 2.826348e+00 6.145019e-01 1.339527e+00 2.415215e+00 -2.929051e-01 6.337582e-01 0.000000e+00 
2.341202e+00 5.562584e+00 2.772406e+00 1.155587e+01 3.168171e+00 1.080794e+00 2.500512e+00 -1.267229e+00 -3.128633e+00 6.098066e+00 2.857126e+00 8.201339e+00 -1.512927e-01 -1.051925e+00 -1.351595e+00 -1.912728e+00 -1.081002e+00 1.742973e+00 3.272817e+00 3.048485e+00 8.926927e-01 1.029174e+00 2.844396e-01 -1.080115e+00 -8.434094e-02 0.000000e+00 
1.936649e+00 5.219644e+00 -1.139457e+00 1.007135e+01 7.262701e+00 5.005207e+00 8.421270e+00 1.621764e+00 -2.381361e+00 8.981407e+00 -1.089802e-01 5.327943e+00 -1.512927e-01 9.770587e-01 -2.685094e+00 -3.857309e+00 -3.618358e+00 2.290304e+00 2.493245e+00 -1.358443e-01 -1.051809e+00 -6.998236e-01 -1.043709e+00 -2.676586e+00 -9.491830e-01 9.413841e-02 
1.258182e+00 3.127690e+00 -1.454554e+00 2.694002e+00 3.555193e+00 6.861484e+00 1.292828e+01 1.398572e+00 -5.304898e-01 1.504395e+00 -4.884214e-01 3.107639e+00 -1.512927e-01 -2.643619e-01 -2.365119e+00 -2.773494e+00 -4.639330e+00 8.747112e-01 1.762065e+00 -1.031035e+00 -2.464604e+00 -1.066156e+00 -1.894271e+00 -2.148665e+00 -2.187952e+00 1.899857e-01 
9.577344e+00 -3.406346e+00 -1.176045e+01 -4.129553e+00 1.185719e+01 1.059238e+01 -1.936702e+00 -1.053215e+01 -5.602770e+00 2.359245e+00 -1.090127e+01 4.071572e+00 3.193994e-01 -3.992047e+00 -1.938087e+00 -3.669710e-01 -3.019815e+00 3.424985e-01 -1.195351e+00 -2.164839e+00 -5.526539e-01 3.204151e-01 -1.492893e+00 1.098223e-01 -1.406025e+00 2.614148e-01 
-2.800955e+00 -1.950016e+00 -5.784567e+00 -4.540327e+00 5.244485e+00 7.097530e+00 2.524324e+00 -7.513291e+00 -6.848710e+00 -6.220937e-02 -2.490052e+00 -2.110237e+00 5.632900e-01 -6.568568e+00 -7.869204e-01 5.829433e-01 -1.189553e+00 7.391248e-02 -3.928554e+00 -2.392148e+00 1.118292e+00 1.225031e-01 -1.711943e-01 8.730494e-01 -1.095462e+00 2.560173e-01 
-1.599402e+01 -1.931939e+00 -8.093053e-01 -1.410560e+00 8.130548e+00 -1.089571e+00 2.799056e+00 3.314426e+00 2.379824e+00 2.300246e+00 1.440947e+00 9.067572e-01 7.984902e-01 -6.889871e+00 1.119291e+00 2.463062e+00 3.708152e-01 -7.310109e-01 -5.127705e+00 -6.542843e-01 3.725682e+00 1.655636e+00 -1.601307e-01 1.418204e+00 -2.002100e+00 1.512728e-01 
-1.879898e+01 -1.544115e+00 -4.015411e+00 -4.613258e+00 5.788074e+00 -6.940310e+00 -1.400332e+00 6.674075e-02 -3.909271e+00 6.779226e-01 -2.294285e+00 -7.872624e-01 8.892483e-01 -2.911247e+00 1.195210e+00 1.233828e+00 1.714952e-01 1.148937e+00 -3.002069e+00 -1.581019e+00 1.815208e+00 7.043285e-01 1.515707e-01 -5.036465e-01 -1.284428e+00 8.489737e-02 
-1.687300e+01 1.987157e+00 -3.297222e-01 -2.239012e+00 7.930337e+00 -8.027221e+00 -3.245796e+00 4.306240e+00 1.205693e+00 1.188525e+00 -3.908139e+00 -6.600418e+00 9.127844e-01 -1.737175e-01 1.033289e+00 3.529281e-01 -6.782507e-01 6.788067e-01 -4.886186e-02 -2.204899e+00 -2.068086e-01 -3.472931e-01 -1.131479e+00 1.621325e-01 -8.145189e-01 2.983955e-02 
-1.691770e+01 2.066483e+00 1.447829e-01 -3.268625e+00 1.108928e+01 -4.443989e+00 -2.358343e+00 1.066844e+00 -2.740002e+00 1.251505e+00 -2.333742e+00 -4.778790e+00 9.306297e-01 6.749050e-01 1.090855e+00 5.267512e-01 -8.212010e-01 5.600575e-01 1.674266e+00 -5.304834e-01 -4.267645e-03 8.125199e-01 -7.232479e-01 1.276487e+00 8.988064e-01 4.657179e-03 
-1.780325e+01 1.429205e+00 -1.124762e+00 -5.474130e+00 8.873980e+00 -2.582041e+00 -7.746432e+00 1.780331e+00 5.872416e-02 -3.643940e+00 2.271338e+00 -1.170073e+00 9.269972e-01 5.916660e-01 4.612832e-01 -4.889547e-02 -1.286503e+00 -7.298542e-01 1.619539e+00 4.141620e-01 3.888514e-01 3.607227e-01 -6.235859e-01 9.377069e-01 2.345369e+00 -2.648753e-03 
-1.495933e+01 4.189135e+00 -9.841359e-01 -7.101704e+00 8.116540e+00 -1.291568e+00 -1.802431e+00 1.308357e+00 7.268131e-01 -5.220840e-01 9.984105e-01 9.915969e-01 9.054278e-01 3.677147e-01 -2.222706e-02 4.162917e-02 -1.741775e+00 -2.108777e+00 5.944511e-01 -1.637891e+00 5.466043e-01 8.810450e-01 -3.128739e-01 -3.835727e-01 3.294757e-01 -4.326743e-03 
-1.489385e+01 3.232247e+00 -9.740114e-03 -6.754988e+00 5.767434e+00 -1.505739e+00 -1.452941e+00 6.129741e+00 1.275899e+00 -1.042610e+00 -8.856806e-01 2.241230e+00 9.121416e-01 3.417473e-01 6.603174e-02 8.493735e-01 -2.574944e-01 -8.739265e-01 6.744259e-01 2.296600e-02 2.606557e-01 3.369423e-01 3.195150e-01 -8.087673e-01 -3.651996e-01 -5.324310e-03 
-1.653382e+01 1.053827e+00 -2.045821e-01 -1.133707e+01 2.098667e+00 -2.009885e+00 -1.369454e+01 1.625160e+00 1.056635e+00 -1.613530e+00 -2.673096e+00 -4.837064e+00 9.164238e-01 -4.842045e-01 -1.205367e+00 8.003052e-01 6.372318e-02 -3.357451e-01 7.960800e-01 -1.035656e+00 6.121141e-01 6.890538e-01 -6.279062e-01 4.789000e-01 -1.779628e-01 -2.217436e-03 
-1.530726e+01 3.327018e+00 2.732329e+00 -4.643919e+00 7.513284e+00 1.149247e+00 -1.685546e+00 2.925208e+00 1.578525e+00 -1.500643e+00 6.325454e-02 -8.174062e-02 8.948776e-01 -1.932724e-01 -4.938586e-01 4.436539e-01 3.782343e-01 9.625260e-01 7.783597e-01 6.780653e-02 -5.376194e-01 4.229942e-01 -1.442243e-01 1.426217e+00 -9.741159e-02 -5.991268e-03 
-1.717365e+01 -1.885084e+00 1.646356e+00 -7.838622e+00 5.564890e+00 1.361340e+00 -6.864410e+00 5.971193e+00 4.020769e+00 -3.432599e+00 2.918443e+00 1.263268e+00 9.029726e-01 3.772068e-01 6.381887e-01 2.878680e-01 8.984510e-01 9.582238e-01 2.639793e-01 8.838693e-01 -5.893135e-02 8.421750e-02 -3.628541e-01 1.227573e+00 3.456839e-01 -8.484358e-03 
-1.554030e+01 2.232409e+00 1.283060e+00 -6.613040e+00 8.846951e+00 7.004477e-01 -4.528975e+00 1.268627e+00 1.908803e+00 -8.541970e-01 3.449637e+00 -1.295994e+00 8.889109e-01 -2.180452e-01 4.240130e-01 1.921039e-02 -2.549979e-01 -7.647610e-03 7.618080e-01 -9.087989e-01 -5.951576e-01 1.758342e-02 -3.754355e-01 -5.522507e-01 -3.730728e-01 -5.158228e-03 
-1.453127e+01 4.792075e+00 1.959392e+00 -5.860254e+00 6.222952e+00 -4.655888e-01 -7.853482e+00 2.158794e+00 1.312584e+00 -3.751023e+00 1.771576e+00 -2.501518e+00 8.769854e-01 9.574814e-02 5.359883e-01 2.781526e-01 -3.800248e-01 -1.173195e+00 1.280981e-01 5.103210e-01 4.522439e-01 7.829294e-01 -3.688302e-01 -1.414362e+00 -6.531979e-01 -1.305571e-02 
-1.771868e+01 2.108503e+00 2.671863e+00 -6.908092e+00 7.146015e+00 5.871751e+00 -5.735005e+00 1.855620e+00 3.020535e+00 -3.218608e+00 -2.124566e+00 -6.471133e-02 8.820801e-01 2.414831e-01 -5.666100e-01 1.258906e-02 -4.700866e-01 -2.227345e+00 -5.860415e-01 -2.795244e-01 4.752997e-01 9.851303e-01 5.190923e-01 -9.425392e-01 -4.522046e-01 -2.944068e-02 
-1.560572e+01 8.568106e-01 2.342718e+00 -9.591220e+00 5.493816e-01 -5.838214e-01 -3.709790e+00 7.938916e+00 7.379550e+00 -4.094544e+00 -1.366267e+00 -2.618362e+00 8.411095e-01 1.154354e+00 -9.131953e-01 -1.546800e-01 5.182579e-01 -1.490049e+00 1.762992e-01 3.710837e-01 1.334986e-01 2.547330e-01 1.019620e+00 -1.986596e-01 -3.222337e-01 -4.934775e-02 
-1.379566e+01 1.366991e+00 1.154343e+00 -7.097990e+00 5.470147e-01 -2.170643e+00 -7.998443e+00 7.550647e-01 3.800971e+00 1.913025e+00 3.058622e-01 -3.498595e+00 7.596455e-01 2.045497e+00 -7.406709e-01 -5.329825e-01 2.683271e-01 -5.204923e-01 9.378386e-03 1.470919e-02 1.022116e-01 -4.166656e-01 6.211268e-01 -1.185901e-01 -9.678766e-01 -5.237495e-02 
-1.072101e+01 5.968549e-01 1.944752e+00 -3.174016e+00 2.072205e+00 4.437104e+00 -4.866344e+00 3.376565e+00 2.196031e+00 -1.218740e+00 -4.369363e-01 -2.395745e+00 6.914639e-01 1.872586e+00 -1.070385e+00 6.129109e-01 8.436596e-01 6.285639e-01 1.064595e+00 -1.304920e+00 -1.490800e+00 -1.063219e+00 -6.957958e-01 -9.048451e-01 -2.014627e-01 -4.115883e-02 
-9.933548e+00 -1.464873e+00 2.059330e-01 -8.775059e+00 3.782142e+00 3.408180e+00 -5.083182e+00 4.647854e+00 3.528966e+00 -1.550877e+00 -3.182181e+00 -5.015404e+00 6.950281e-01 1.997877e+00 -1.539124e+00 9.723174e-01 4.991409e-01 6.942418e-01 1.587874e+00 -2.493382e-01 6.497537e-01 2.833773e-01 -1.092748e+00 -3.989308e-01 -5.062431e-01 -3.459144e-02 
-8.173841e+00 -3.079183e+00 5.881477e+00 -4.534388e+00 2.074637e+00 1.949741e+00 -1.169202e+01 -1.461476e+00 2.199458e+00 -5.841572e+00 -4.146470e+00 -2.867272e+00 6.676240e-01 2.579855e+00 -9.223915e-01 1.053519e+00 -2.315774e-01 -3.281537e-01 7.338769e-01 6.929141e-01 6.898947e-02 -2.359413e-01 3.491860e-02 -2.293513e-01 -2.446251e-02 -6.251247e-02 
-5.079859e+00 -4.490610e+00 4.047567e+00 -3.922100e+00 4.017008e+00 7.012408e+00 -5.832296e+00 6.422853e+00 5.216144e+00 -1.239298e+00 1.659751e-01 -5.794047e+00 5.986083e-01 3.676327e+00 -6.827332e-01 -8.230752e-01 -5.331024e-01 -1.436646e-01 3.066650e+00 1.216262e+00 -7.444175e-01 3.483629e-03 -2.752763e-01 -6.806024e-01 -9.679129e-01 -1.146152e-01 
-2.485771e-01 -2.502234e+00 5.291529e+00 -6.758383e+00 3.140039e-01 6.304375e+00 -1.027216e+00 2.834012e+00 1.727355e-01 -1.199936e+00 -3.257771e+00 -2.128735e+00 4.271115e-01 4.067014e+00 -1.056892e+00 -2.350172e+00 -1.852577e+00 4.274896e-01 4.429298e+00 4.326477e-01 -1.189860e+00 2.399105e-01 -4.574256e-01 -2.282914e+00 -3.998711e-01 -1.296467e-01 
4.485456e+00 -5.167014e+00 -3.614469e+00 -1.032857e+01 3.944136e+00 1.656411e+01 -4.334276e+00 -1.221978e+00 4.559746e+00 -5.248077e+00 -7.029543e+00 -1.022424e+01 2.422082e-01 3.534267e+00 -1.638319e+00 -2.458980e+00 -1.444797e+00 7.623121e-01 3.546293e+00 -1.199188e+00 -2.627757e+00 3.214131e-02 -7.529649e-01 -1.792159e+00 8.929847e-01 -1.124529e-01 
7.378570e+00 -8.025443e+00 -2.038364e+00 -1.059404e+01 4.248521e+00 1.932038e+01 -1.027779e+01 -3.588359e+00 3.727209e+00 -6.124311e+00 -1.196328e+01 -2.651533e+00 1.975904e-01 2.459413e+00 -1.698826e+00 -1.961652e+00 -7.874447e-01 7.306772e-01 3.041337e+00 -1.583923e-01 -1.465095e+00 9.449507e-01 -1.160838e+00 -8.019997e-01 1.945785e+00 -6.909193e-02 
8.777904e+00 -9.920603e+00 -4.582386e+00 -9.228258e+00 5.861309e+00 1.823587e+01 -7.202950e+00 -3.504743e+00 3.599613e+00 -2.541935e+00 -4.442063e+00 -1.067724e+00 1.511043e-01 1.443804e+00 -8.956413e-01 -8.167899e-01 7.111831e-01 2.039044e-01 4.333828e-01 2.811906e+00 -2.510402e-01 -8.638719e-01 -1.042955e+00 -1.039170e+00 3.006026e+00 -3.954601e-02 
9.902265e+00 -8.619572e+00 -4.032773e+00 -1.124576e+01 3.008803e+00 2.067518e+01 -3.848410e-01 -3.350081e+00 5.377555e+00 -8.357199e+00 -8.561509e+00 3.021933e+00 1.272038e-01 1.222180e+00 8.826966e-01 -6.561579e-01 1.749658e+00 -2.705438e-01 -1.840386e+00 4.085099e+00 5.877531e-02 -1.900569e+00 1.858664e-01 -2.464981e-01 5.354462e-01 -4.773040e-02 
1.044263e+01 -9.348156e+00 -6.701214e+00 -6.446794e+00 5.583517e+00 1.805363e+01 4.778780e+00 -2.596318e+00 -5.847867e-01 -9.346405e+00 -1.392628e+01 1.969160e+00 7.967138e-02 7.489599e-01 1.545069e+00 -4.869124e-01 3.329866e+00 1.383599e+00 -2.209604e+00 3.795839e+00 6.786712e-01 -1.656397e+00 2.193728e-01 -1.577808e-01 6.554594e-02 -5.330240e-02 
1.265711e+01 -3.898183e+00 -4.259740e+00 -3.236479e+00 3.034698e+00 1.020957e+01 4.156838e+00 -3.748695e+00 -3.683434e+00 -1.792744e+00 -8.453664e+00 -1.492744e+00 -5.345225e-03 4.265338e-01 1.992777e+00 -5.942594e-01 2.661834e+00 7.850328e-01 -3.312417e+00 7.925917e-01 8.254733e-01 -7.095749e-01 2.121768e+00 2.811188e+00 -1.425326e-01 -5.996884e-02 
1.114528e+01 -4.555953e+00 -6.903464e+00 3.416431e+00 1.276636e+01 1.242065e+01 9.505404e+00 8.791971e-02 -1.518745e-01 -4.727299e+00 -5.284890e+00 1.517344e+00 -4.913318e-02 4.815562e-01 1.878540e+00 -3.054562e-01 5.080625e-01 -7.534982e-01 -3.116084e+00 -6.527555e-02 1.178611e+00 -9.952173e-02 1.746359e+00 3.421471e+00 -6.426892e-01 -4.794319e-02 
1.168361e+01 -1.051790e+00 -6.902945e+00 -2.868205e+00 3.342548e+00 6.929580e+00 1.214805e+00 -5.648329e-01 1.613224e+00 -5.791211e-02 1.173735e+00 2.535178e+00 -1.082381e-01 -1.858071e-01 1.060663e+00 -8.250749e-01 -2.029407e-01 -8.992467e-01 -1.713950e+00 3.725186e-01 2.206509e+00 1.551672e+00 7.600708e-02 2.625908e+00 2.426722e-01 -2.852368e-02 
1.333716e+01 -1.378651e+00 -6.906892e+00 -4.090618e+00 1.662101e+00 4.113205e+00 5.923419e+00 1.704805e+00 -3.730724e+00 -1.482026e+00 -1.632626e+00 -3.258247e+00 -1.085981e-01 -3.285732e-01 1.093378e+00 3.936798e-01 2.897004e-01 -2.088166e+00 -2.053834e+00 -9.505516e-01 5.866967e-01 -6.338535e-02 2.152817e-02 1.064810e+00 1.988455e-01 -2.140591e-02 
1.063213e+01 -1.835207e-01 -8.383400e+00 -4.976578e-01 4.090592e+00 5.793545e+00 7.810425e+00 6.475408e+00 5.864352e+00 -3.035345e+00 2.849744e+00 2.108413e+00 -1.182312e-01 -3.152174e-01 6.111685e-02 -2.947961e-01 1.420247e+00 9.116727e-01 -5.119903e-01 3.814351e-01 4.203444e-01 -7.717822e-01 -1.329748e+00 -9.812301e-01 -4.894125e-01 -5.074441e-03 
1.002815e+01 4.768026e-01 -4.194838e+00 3.679660e+00 1.951502e+00 2.719498e+00 1.454837e+00 -4.987171e-01 -2.594365e+00 -3.130941e+00 -7.988449e-01 2.724954e+00 -1.511662e-01 -3.281646e-01 -3.658968e-01 4.856319e-01 1.579803e+00 2.535992e-01 -1.872530e-01 9.891667e-01 5.428737e-01 -4.506462e-01 4.087880e-01 -4.776904e-01 -7.920390e-01 -4.580641e-03 
1.176202e+01 -1.673933e+00 -9.732952e+00 3.478894e-01 7.756210e+00 5.066482e+00 5.356271e+00 2.638650e+00 -2.813866e+00 -5.882195e+00 -4.149306e+00 -2.903485e+00 -1.123263e-01 -8.245663e-02 -1.683796e+00 1.162647e+00 1.853312e+00 -1.179997e+00 -2.215677e+00 1.879335e+00 3.767400e-01 -1.333113e+00 1.164537e+00 -1.668298e+00 -2.436605e+00 1.642985e-02 
1.113139e+01 -2.462930e+00 -3.803957e+00 3.385623e+00 1.097288e+00 3.540471e+00 1.209633e+01 6.337552e+00 -1.644846e+00 1.985339e+00 -5.215534e-01 -4.712493e+00 -1.344538e-01 -1.137289e-01 -8.083259e-01 2.381253e-01 6.401088e-01 -6.829779e-01 -7.830997e-01 2.339137e+00 2.272458e+00 9.726207e-01 9.586357e-01 1.328897e-03 -1.128829e+00 7.339966e-03 
9.668231e+00 -7.132635e+00 -2.765605e+00 8.915919e+00 -1.382286e+00 -5.695327e+00 1.188635e+01 4.940973e+00 -1.275970e+00 2.291980e-01 -5.630392e+00 -6.355888e+00 -4.443812e-02 -3.418233e-01 2.024423e-01 8.519245e-01 5.491976e-01 -1.639774e-01 5.882517e-01 6.931288e-01 1.579884e+00 1.084749e+00 3.938570e-01 1.206975e+00 1.161694e+00 -9.188950e-03 
1.050640e+01 -8.354760e-01 -6.487885e+00 2.596189e+00 3.105861e+00 4.184905e+00 9.885479e+00 9.712413e+00 1.499790e+00 -1.393459e+00 -5.165780e-02 -1.192988e+00 -1.484104e-01 -2.480025e-01 8.621508e-01 -5.577053e-01 -7.815874e-01 1.304745e+00 1.055324e+00 -1.382952e+00 -1.563371e-01 1.332748e+00 1.741204e-01 1.372748e-01 1.409906e+00 -1.405324e-02 
1.036540e+01 -1.475448e+00 -4.131366e+00 3.488594e+00 5.932037e+00 7.685524e+00 9.927341e+00 8.850638e+00 1.037560e+00 -2.223511e+00 1.650619e+00 1.145231e+00 -1.512927e-01 -3.056088e-02 1.366700e+00 -7.945579e-01 -1.266663e+00 1.356304e+00 1.589292e+00 -1.081945e+00 -1.433154e+00 -8.130570e-02 -1.372959e+00 -7.369537e-01 9.971129e-01 -2.165914e-02 
9.542794e+00 -9.807695e-01 -5.909603e+00 2.191348e+00 3.963853e+00 2.126664e+00 6.161074e+00 3.601034e+00 3.862127e+00 4.082295e+00 -3.475685e+00 -1.413523e+00 -1.512927e-01 1.300950e-01 9.352974e-01 -1.976440e-01 -1.438371e-01 -2.739091e-01 -9.347485e-01 -1.806083e+00 -3.080978e+00 -1.573745e-01 -1.734615e+00 -3.020106e+00 -6.851439e-01 -5.764485e-04 
9.997231e+00 -2.264875e-01 -7.027535e+00 2.785024e+00 4.970239e+00 3.280255e+00 8.338829e+00 8.308911e-01 -2.863667e+00 -9.373474e+00 -7.603147e+00 -1.260056e+00 -1.512927e-01 -2.047456e-01 1.351681e+00 2.487775e-01 -2.341444e-02 -4.431737e-01 -3.037947e-01 -1.533366e+00 -1.800292e+00 -8.548695e-01 -6.964487e-01 -9.771458e-01 3.322153e-01 0.000000e+00 
1.134096e+01 3.216530e+00 -6.028020e+00 2.228789e+00 2.217215e+00 1.713797e+00 1.649321e+00 -1.682605e+00 2.663531e+00 -6.491552e+00 -1.052530e+01 -3.416064e+00 -1.512927e-01 -2.751907e-01 5.641704e-01 6.651675e-01 -1.019629e-01 -2.916014e-02 1.637962e+00 8.244447e-02 -1.954850e-01 -1.126173e+00 4.781990e-01 2.140344e+00 6.161089e-01 0.000000e+00 
8.442588e+00 3.184308e+00 -2.828270e+00 3.352801e+00 4.589488e+00 6.372984e+00 4.516387e+00 2.490999e+00 -2.637490e+00 -4.188306e-01 2.897003e-01 3.807578e+00 -1.512927e-01 -2.502199e-01 9.032276e-02 6.575300e-01 -2.965071e-01 -8.123631e-01 9.104221e-01 6.358010e-01 1.342144e+00 4.607097e-01 2.408897e+00 9.489752e-01 -6.630256e-01 0.000000e+00 
8.944162e+00 1.346849e-01 -4.683398e+00 1.397645e+00 4.008428e+00 8.770107e+00 8.484516e+00 1.793555e+00 -1.881826e+00 1.995969e+00 3.279611e+00 -8.667955e-01 -1.512927e-01 -2.558179e-01 -4.284586e-01 -4.902230e-01 -2.221962e-01 -5.100217e-01 -2.576666e-01 2.514903e-01 1.396257e+00 2.530532e-01 1.227352e+00 4.249644e-01 -1.007629e+00 0.000000e+00 
9.944531e+00 1.766049e+00 -4.412197e+00 1.718061e+00 1.281619e-02 4.304210e+00 8.100236e+00 5.803532e+00 1.712560e+00 -1.572749e+00 -9.760728e+00 -5.849818e+00 -1.512927e-01 5.981555e-02 -1.834358e-01 -7.403665e-01 -6.629092e-01 -1.125915e+00 -1.681156e+00 -6.763966e-01 8.201240e-01 4.853653e-01 -1.498019e+00 -1.246825e+00 -1.215087e+00 0.000000e+00 
9.310902e+00 1.783367e+00 -7.687171e+00 1.935178e+00 1.955442e+00 1.459851e+00 1.114849e+00 3.642414e+00 1.753772e+00 2.221661e-01 -3.375268e+00 -3.625512e+00 -1.512927e-01 -2.070920e-01 2.610426e-01 -5.199204e-02 -4.168558e-03 -8.642604e-01 -2.053056e+00 -5.848961e-01 2.302416e-01 5.541990e-02 -1.761313e+00 -1.148816e+00 5.816466e-01 0.000000e+00 
8.558296e+00 1.442787e+00 -5.028216e+00 -2.305110e-01 -1.359332e-02 1.622334e+00 4.819239e+00 5.667190e+00 -2.028462e+00 -7.022026e+00 -2.616987e+00 -8.884983e-01 -1.512927e-01 -1.484055e-01 -9.647246e-02 -2.081366e-02 1.360911e-01 -8.412946e-01 -1.457494e+00 -3.749090e-01 -1.149183e+00 -1.067111e+00 -1.081833e+00 9.986799e-01 1.026663e+00 0.000000e+00 
8.601820e+00 1.601529e+00 -4.635348e+00 2.351089e+00 -2.996694e-01 -1.542359e-01 7.200535e+00 3.012934e+00 2.657843e-01 -4.085957e+00 -6.036339e+00 -4.392223e-01 -1.512927e-01 -2.440513e-01 5.159668e-02 7.221337e-01 -2.477641e-02 -2.818421e-01 5.885781e-01 8.999245e-01 -4.663913e-01 -6.965510e-01 1.595316e-02 4.409564e-01 1.050676e+00 0.000000e+00 
9.557045e+00 1.374606e+00 -6.042176e+00 2.190561e+00 -3.066102e+00 -2.176215e+00 3.182848e+00 3.723593e-01 -2.878999e+00 -4.827854e+00 -3.436793e+00 -2.309647e+00 -1.512927e-01 -4.591799e-01 -1.778944e-01 2.519771e-01 -5.291308e-01 -1.825717e-01 1.154263e+00 6.223201e-01 5.326573e-01 5.463896e-02 6.243326e-01 5.514685e-01 3.273612e-01 0.000000e+00 
7.591270e+00 2.075441e+00 -3.569523e+00 6.007600e-01 2.072486e+00 6.302016e+00 6.432666e+00 3.957873e+00 -1.303715e+00 -7.951541e-01 -7.605828e-01 2.338443e+00 -1.512927e-01 -3.750892e-02 -2.802053e-02 1.330387e-01 -1.014654e+00 1.291054e-01 1.249026e+00 -5.056768e-02 6.394143e-01 5.241936e-01 1.663467e+00 1.652050e+00 1.370170e+00 0.000000e+00 
6.767672e+00 3.163593e-01 -4.301244e+00 -2.001001e+00 -2.112530e+00 4.165525e+00 8.314773e+00 7.858006e+00 -9.705175e-01 -5.545764e+00 -2.497522e+00 -6.405249e-01 -1.512927e-01 2.721526e-01 1.146995e-01 1.132010e-01 -6.861082e-01 3.666933e-01 6.810492e-01 3.468399e-02 2.698954e-01 1.285925e+00 2.422186e+00 1.289699e+00 1.901205e+00 0.000000e+00 
9.808962e+00 1.990549e+00 -4.840622e+00 -6.264002e-01 -1.309282e-01 2.920026e+00 4.381734e+00 2.467182e+00 1.932512e+00 4.590335e+00 1.754274e+00 5.577067e+00 -1.512927e-01 7.476673e-01 1.504407e-01 -3.081576e-01 -1.079720e-01 -2.425227e-01 -8.009480e-01 -8.034903e-01 -8.372208e-01 9.375483e-01 2.090708e+00 9.281510e-01 1.269484e+00 0.000000e+00 
