-8.964874e+00 7.921572e+00 -3.871036e+00 -2.840909e+00 5.448229e+00 -4.750620e+00 2.966075e+00 1.366720e+00 5.235569e+00 8.401491e+00 4.905235e+00 1.223716e+01 -1.512926e-01 2.365666e-02 6.210096e-01 8.450731e-01 1.205271e+00 -1.370258e+00 -1.352039e+00 -8.664593e-01 -1.317168e+00 -2.859636e+00 -2.949261e+00 -1.769717e+00 -2.300000e+00 0.000000e+00 
-9.596634e+00 8.803488e+00 -2.656865e-01 -1.468386e+00 8.462322e-01 -8.073288e+00 3.573307e+00 9.203446e-01 1.485358e+00 1.694624e+00 -5.136645e-02 6.730561e+00 -1.512926e-01 1.417418e-02 3.498373e-01 7.184486e-02 3.964947e-01 -1.203223e+00 -9.848129e-01 -8.993144e-01 -1.035517e+00 -2.375196e+00 -2.432497e+00 -1.937595e+00 -1.943495e+00 0.000000e+00 
-8.530712e+00 1.058566e+01 -1.448345e+00 2.499183e+00 8.979349e-01 -9.849480e+00 -1.669837e+00 -4.995934e+00 -7.187503e+00 -2.991383e+00 -1.465049e+00 3.490460e+00 -1.512926e-01 -5.017767e-02 -2.842131e-02 -3.118667e-01 6.651787e-02 -1.993309e-01 -2.658599e-01 -2.886852e-01 -1.433908e+00 -3.120059e+00 -2.324130e+00 -1.730730e+00 -1.000836e+00 0.000000e+00 
-9.111086e+00 8.338714e+00 -4.723157e+00 -3.528482e+00 1.707258e+00 -7.125255e+00 7.874591e-01 -6.295351e-01 -4.288722e-01 1.935442e+00 -1.597600e+00 6.893036e+00 -1.512926e-01 -1.493813e-01 -3.219989e-01 -4.817106e-01 1.150675e-01 1.583411e+00 6.553133e-01 -3.382573e-01 -6.576901e-01 -1.615111e+00 -7.498391e-01 -1.185703e+00 -5.783383e-01 0.000000e+00 
-9.458538e+00 8.011853e+00 -3.201634e+00 -1.478272e+00 4.021061e+00 -6.553936e+00 2.915573e+00 -5.027879e+00 -9.407611e+00 -3.339570e+00 -2.975298e+00 7.151746e+00 -1.512926e-01 -5.715512e-01 -6.425818e-01 9.275593e-02 -4.038644e-02 1.598276e+00 4.180829e-01 9.910556e-01 5.895966e-01 7.831158e-01 1.106650e+00 -1.825216e-01 1.244792e-01 0.000000e+00 
-9.879627e+00 8.480398e+00 -1.797595e+00 1.095679e+00 7.201727e+00 -6.444493e+00 -4.106846e-01 -2.352133e+00 -5.480142e+00 -1.880477e+00 -5.224758e+00 2.008227e+00 -1.512926e-01 -1.191508e-01 2.310934e-02 5.609627e-01 1.969415e-01 4.714747e-01 3.403913e-01 1.734128e-01 1.124615e-01 2.298767e-01 2.638184e-01 -6.597281e-02 -4.697903e-01 0.000000e+00 
-1.100420e+01 7.301911e+00 -2.447346e+00 -1.482940e-02 6.142079e+00 -8.099445e+00 3.884513e+00 -1.186652e+00 -7.462890e-01 4.449826e+00 -5.640782e-01 6.555261e+00 -1.512926e-01 2.522678e-02 6.230137e-02 -3.141518e-01 -1.503891e-01 -2.073811e-01 6.091273e-01 -1.891286e-01 1.722957e+00 1.608728e+00 7.240969e-01 6.969827e-01 2.494031e-01 0.000000e+00 
-8.934010e+00 8.809231e+00 -2.295487e+00 -3.275495e+00 3.004123e+00 -4.650543e+00 1.170053e+00 -1.987841e+00 -3.610150e+00 -6.401637e-01 -3.133074e+00 4.842327e+00 -1.512926e-01 1.564480e-01 -2.813970e-01 -6.563352e-01 -2.892282e-01 -7.987184e-01 5.879201e-01 -2.907324e-01 9.332479e-01 4.829382e-01 9.619004e-01 1.077517e+00 1.005683e+00 0.000000e+00 
-9.805212e+00 8.158943e+00 -4.523447e+00 -4.463005e-02 5.082957e+00 -4.405274e+00 1.179561e+00 3.404760e+00 -2.298965e+00 -3.392420e-01 -5.362262e-01 6.981711e+00 -1.512926e-01 1.224971e-01 1.094405e-01 -5.177430e-01 4.267298e-01 -2.777165e-01 7.481647e-01 -2.974301e-01 1.678287e+00 1.525110e+00 5.039067e-01 2.964068e-03 -8.486532e-01 0.000000e+00 
-9.696880e+00 6.644897e+00 -4.041221e+00 -3.355620e-01 3.737696e+00 -5.351979e+00 -5.118704e-01 1.839954e-02 -2.289113e+00 5.323559e+00 1.488992e-01 6.823419e+00 -1.512926e-01 1.863184e-02 -2.708786e-02 -5.280826e-02 6.957991e-01 -2.033179e-01 -6.782205e-01 3.047008e-02 3.946516e-01 2.234126e+00 2.332371e+00 7.143135e-01 -1.531002e+00 0.000000e+00 
-1.001028e+01 8.931280e+00 -4.163195e+00 6.488531e-01 4.386710e+00 -4.007905e+00 3.238324e+00 6.201662e+00 6.218743e+00 3.987498e+00 -2.190245e+00 1.321449e+00 -1.512926e-01 1.493631e-01 -1.921370e-01 2.925649e-01 -1.933639e-01 -4.381661e-01 -9.222165e-01 -6.559328e-01 -1.050719e+00 1.560665e+00 1.564863e+00 6.899096e-01 -5.910846e-01 0.000000e+00 
-8.738319e+00 8.287623e+00 -2.739655e+00 -1.432416e-01 2.335657e+00 -8.240331e+00 2.930217e-01 -1.413034e+00 3.301622e+00 8.858320e+00 1.265503e+00 1.744652e-02 -1.512926e-01 2.254892e-01 -1.446830e-01 -4.149751e-01 -7.737770e-01 -4.165766e-01 -9.905742e-01 3.314056e-01 -3.739022e-01 -2.051794e-01 -7.237526e-01 1.092646e+00 1.259925e+00 0.000000e+00 
-9.537678e+00 6.376895e+00 -3.711405e+00 -1.107610e+00 3.593146e+00 -7.572181e+00 -2.502550e+00 -1.133119e+00 2.708995e+00 5.717691e+00 2.355020e+00 7.429275e+00 -1.512926e-01 6.118047e-01 -1.067368e-01 -5.514229e-01 -1.295218e+00 -1.313592e+00 -1.191137e+00 -8.497844e-02 -1.539670e+00 -2.112034e+00 -1.375660e+00 7.788801e-01 2.506896e+00 0.000000e+00 
-8.805733e+00 7.198675e+00 -6.341990e+00 -3.326216e+00 2.051595e+00 -8.522712e+00 4.015594e+00 1.816279e+00 -1.560135e+00 8.396984e-01 3.339499e+00 1.006913e+01 -1.512926e-01 4.433564e-01 -3.266905e-01 -1.235049e+00 -9.105037e-01 -5.490943e-01 -7.938595e-01 -2.657421e-01 -5.427620e-01 -2.214922e+00 -2.374916e+00 -7.895827e-01 2.010037e+00 0.000000e+00 
-6.917546e+00 8.942071e+00 -5.119142e+00 -4.235749e+00 -2.039217e+00 -9.822400e+00 9.521456e-01 -3.111343e+00 -1.910546e+00 1.118510e+00 6.671579e-01 8.830084e+00 -1.512926e-01 4.934134e-01 -3.637737e-01 -9.885604e-01 -2.880363e-01 -8.180566e-02 6.630208e-01 1.055732e-01 1.720557e-01 -1.774423e+00 -5.747798e-01 -1.095567e+00 6.063312e-01 0.000000e+00 
-7.831603e+00 5.371583e+00 -8.211034e+00 -3.131690e+00 2.406368e+00 -1.108452e+01 -2.763036e+00 -3.137731e+00 -5.463217e+00 -7.166665e-01 -1.838480e+00 9.367225e+00 -1.512926e-01 3.233239e-01 -6.887714e-01 2.822239e-01 1.551188e+00 9.257073e-01 1.332346e+00 -6.158161e-01 -5.114706e-01 -1.845154e+00 -8.446882e-01 -2.012522e+00 -8.947756e-01 0.000000e+00 
-7.557676e+00 5.471573e+00 -7.719686e+00 -2.645054e+00 3.006732e+00 -2.976173e+00 1.414632e+00 2.204165e+00 -4.211578e+00 3.621975e+00 -5.338265e-01 1.081188e+01 -1.512926e-01 4.171643e-01 -3.993816e-01 8.004011e-01 1.320959e+00 9.306449e-01 1.042183e+00 1.062553e-01 -5.221689e-01 -9.212272e-01 -1.896232e+00 -1.267577e+00 -3.383406e-01 0.000000e+00 
-6.869049e+00 5.490067e+00 -3.630599e+00 3.634374e+00 4.157157e+00 -5.284097e+00 7.052705e-01 -3.398828e+00 -9.635389e+00 -4.635476e+00 -6.122619e+00 4.604353e+00 -1.512926e-01 2.972021e-01 -1.860676e-01 4.679502e-01 1.440061e-02 -3.391869e-01 -3.675069e-01 5.682373e-03 -1.499167e+00 -3.337634e-01 -1.486743e+00 -4.452640e-01 -4.327319e-01 0.000000e+00 
-5.313001e+00 6.885921e+00 -3.407353e+00 -1.013986e+00 1.738613e+00 -7.511693e+00 -2.507315e-01 -5.591640e+00 -4.430595e+00 -6.403248e+00 -3.528659e+00 9.519817e+00 -1.512926e-01 -4.782333e-01 -9.126749e-01 -3.695702e-01 -1.575624e+00 -1.476192e+00 -2.502886e+00 -7.507350e-02 -1.168043e+00 5.839738e-01 -6.832385e-02 1.267554e+00 -7.916695e-01 0.000000e+00 
-7.467929e+00 3.734071e+00 -8.027449e+00 -3.875221e+00 1.344492e+00 -1.065429e+01 -1.901943e+00 -6.735665e+00 -7.022525e+00 -3.137768e+00 -2.567384e+00 7.849599e+00 -1.512926e-01 2.835863e-01 -1.874841e+00 -2.591486e+00 -4.592624e+00 9.610978e-01 -1.075174e+00 -2.872486e-01 6.852373e-01 5.682901e-01 1.418521e+00 2.167982e+00 -7.117230e-01 3.052735e-03 
-9.649403e+00 1.786196e+00 -7.369112e+00 -6.768374e+00 -2.967894e+00 -1.280550e+01 2.342871e+00 -1.967630e+00 -2.598141e+00 2.531502e+00 4.026324e+00 5.230914e+00 -1.512926e-01 8.322031e-01 -1.867521e+00 -2.467385e+00 -4.253243e+00 3.121465e+00 7.462858e-01 -1.472030e-01 1.104725e+00 -6.649256e-01 6.692002e-01 1.134453e+00 -1.352711e+00 1.084164e-02 
-3.282917e+00 -1.334277e+00 -1.460715e+01 -1.645155e+01 1.131590e+01 -8.013061e+00 -2.027774e+00 -1.784646e+00 -7.710166e+00 -2.010243e+00 9.397987e-01 3.190190e+00 -1.360289e-01 5.681182e-01 7.859234e-01 -1.517187e-01 -5.502489e-01 1.693042e+00 1.879555e+00 8.255939e-01 1.829975e+00 8.815360e-02 7.557051e-01 3.152208e-01 8.363756e-01 4.657638e-03 
-3.244492e+00 8.249044e-02 -1.245442e+01 -1.599204e+01 1.236024e+01 -5.100880e+00 -9.238310e-01 -2.543524e+00 -7.411403e+00 -3.621009e+00 3.900154e-01 5.085965e+00 -1.047162e-01 -3.475433e-01 2.306775e+00 1.926925e+00 3.349227e+00 1.294928e+00 2.826555e+00 1.776770e+00 8.208616e-01 -1.648127e-01 9.284196e-01 -7.334964e-01 1.324716e+00 -1.526368e-03 
-7.829793e+00 8.515541e+00 -6.243386e+00 -2.014634e+00 2.145640e+00 -5.108827e+00 3.859378e+00 2.702155e+00 -4.175126e+00 3.717014e+00 8.268739e-01 1.210395e+01 -1.512926e-01 -1.921670e+00 2.576486e+00 3.342094e+00 5.162519e+00 -2.652259e+00 1.566666e+00 2.611243e+00 1.713150e+00 2.451231e+00 2.265581e+00 -6.809641e-01 3.848404e-01 -7.710373e-03 
-9.113680e+00 8.395163e+00 -1.916368e+00 2.759301e+00 8.091876e+00 -1.248469e-01 8.283146e+00 -1.067224e-01 -5.189725e+00 4.309972e+00 4.153040e-01 7.397614e+00 -1.512926e-01 -1.566384e+00 5.095632e-01 2.395387e+00 3.606915e+00 -1.351381e+00 5.746775e-01 9.478585e-01 6.733552e-01 2.229818e+00 1.603565e+00 5.387532e-01 -2.147672e-01 -9.315277e-03 
-9.956671e+00 7.391818e+00 -3.165710e+00 -1.462865e-02 1.887832e-01 -2.667745e+00 6.424954e+00 5.562702e+00 3.435148e+00 5.352171e+00 -2.477666e+00 3.958568e+00 -1.512926e-01 -1.274033e+00 -5.045669e+00 -4.244819e-01 -4.206386e-01 -8.529676e-01 3.157406e-02 -2.107721e+00 -2.006209e-01 -5.453316e-01 -9.877620e-01 6.691911e-01 -1.851260e+00 8.739401e-02 
-1.001298e+01 3.192168e+00 -2.016326e+00 1.042534e+00 6.581757e+00 -3.448033e+00 2.532673e+00 -6.070212e-01 -6.745017e-02 3.579239e+00 4.736051e+00 8.084822e+00 -1.512926e-01 -1.278305e+00 -6.637193e+00 -1.638421e+00 -1.136914e+00 -1.630754e+00 -2.220747e-01 -3.187285e+00 2.506492e-01 -2.337734e+00 -1.817402e+00 6.838080e-01 -1.400274e+00 1.372553e-01 
-1.375031e+01 -1.411131e+01 -8.315817e+00 -3.259444e+00 -1.364139e+00 -3.289364e+00 -3.803992e+00 1.949200e+00 -9.462921e+00 -8.564296e-01 2.012456e+00 2.504047e+00 2.856775e-01 -2.215548e-01 -2.500013e+00 -1.513838e+00 9.069268e-02 -7.908962e-01 -7.231926e-01 -1.032265e+00 -2.281284e-01 -2.768054e+00 -1.497729e+00 1.817803e-02 -2.496880e-01 4.677917e-02 
-1.360839e+01 -1.403924e+01 -7.533418e+00 -1.302863e+00 7.145658e-01 -9.244113e-01 -2.538805e+00 2.953274e+00 -1.042936e+01 -1.672735e+00 1.589283e+00 1.123505e+00 3.164991e-01 8.285927e-01 2.958393e+00 -1.043460e-01 8.464921e-01 -8.339109e-01 -7.713230e-01 1.298600e+00 6.703342e-01 8.376024e-01 1.473757e-01 -1.601284e+00 -3.963192e-01 -4.369701e-02 
-9.266739e+00 3.507455e+00 -7.976352e+00 1.611534e+00 -8.321023e-01 -7.545520e+00 3.799369e+00 2.641912e+00 -5.224167e+00 4.895151e-01 -8.133919e-01 6.190786e+00 -1.512926e-01 1.006391e+00 6.086762e+00 2.439841e+00 8.791305e-01 1.884731e+00 -5.740287e-01 1.023081e+00 -6.664940e-01 3.633816e+00 6.252379e-01 -6.455617e-01 1.473856e+00 -1.341732e-01 
-8.111797e+00 9.174752e+00 -2.707788e+00 2.839506e+00 2.146184e+00 -5.176570e+00 5.223994e+00 2.398294e+00 2.001185e+00 3.643145e+00 -1.857445e+00 4.259856e+00 -1.512926e-01 -9.167881e-02 4.375919e+00 3.568684e+00 -4.395018e-01 1.991977e+00 9.803745e-01 3.290779e-01 -4.840168e-01 3.374076e+00 -8.350904e-02 -3.142503e-01 2.043224e+00 -9.355833e-02 
-1.146665e+01 4.715508e+00 1.470573e+00 -9.349756e-01 7.343706e+00 -4.033428e+00 -2.569987e+00 -1.105780e+00 2.490884e+00 -3.881803e-01 5.080115e-01 8.305150e+00 -1.512926e-01 7.616140e-01 2.596720e+00 2.179068e+00 2.980023e-01 5.593794e-01 8.055308e-01 -2.048884e+00 -3.323583e-01 3.588676e-04 -1.603650e+00 -6.694455e-01 9.657340e-02 3.974316e-02 
-1.296683e+01 7.236333e+00 5.586538e+00 -2.227118e+00 6.586546e+00 2.221416e+00 2.291262e+00 2.407037e+00 2.583492e+00 -1.651433e+00 -6.426698e-01 1.028244e+01 -1.512926e-01 3.236245e+00 1.239317e+00 1.186734e+00 1.146318e+00 -1.123851e+00 -7.305824e-01 -3.293157e+00 5.325778e-01 -3.403835e+00 -2.296290e+00 -7.045705e-01 -1.802400e+00 7.027177e-02 
-3.031155e+00 1.746026e+01 -1.228174e+00 5.634857e+00 -2.553864e-01 -7.216858e+00 -4.978684e+00 9.757496e-01 -5.513526e+00 -4.881447e+00 -4.768007e+00 3.662360e+00 4.742324e-02 5.536587e+00 5.099599e-01 3.624911e-01 2.706370e+00 -1.821382e+00 -2.592942e+00 -4.440356e-01 1.188609e+00 -2.905924e+00 -1.904391e-01 -3.012137e-02 -3.166186e+00 6.609163e-02 
3.851681e+00 8.998961e+00 4.575258e+00 5.286180e+00 3.264747e-01 -7.237766e+00 -1.003744e+01 4.020418e+00 -1.101578e+01 -5.591673e+00 -2.742288e+00 -2.430747e+00 1.007084e-01 5.809204e+00 -2.229100e+00 7.746123e-01 2.379540e+00 -8.655694e-01 -3.751337e+00 -2.958263e-01 2.707868e-01 -2.514589e+00 9.505188e-01 2.959213e-01 -3.305678e+00 8.107011e-02 
7.807030e+00 6.383993e+00 3.788669e+00 8.840225e+00 1.366833e+00 -1.226855e+01 1.374188e+00 4.030576e+00 -5.239100e+00 6.297443e-01 1.407214e+00 -1.169184e+00 5.316514e-02 2.877142e+00 -3.946629e+00 2.863070e+00 3.540416e-01 -1.583822e-01 -3.845758e-01 5.453267e-01 4.135512e-01 -5.984605e-01 9.821522e-01 2.122126e+00 -2.091916e+00 6.496575e-02 
1.066010e+01 1.628969e+00 6.951178e+00 8.067900e+00 1.447589e+00 -1.400942e+01 -2.364305e+00 2.233557e+00 -1.012667e+01 3.455653e-01 -2.250674e+00 -3.830175e+00 2.511870e-01 5.196601e-01 -2.246150e+00 2.656268e+00 1.322011e-01 -4.325415e-01 6.284922e-01 -6.549484e-01 -2.911470e-01 1.193501e-01 -1.436873e-01 1.762983e+00 -2.054171e+00 8.361722e-02 
7.950344e+00 1.412116e+00 1.189922e+01 6.014205e+00 -1.607855e+00 -5.753909e+00 -6.088620e+00 3.936935e+00 -8.950385e+00 -2.939305e+00 5.596816e+00 -6.097503e+00 2.970127e-01 -2.066673e-01 -1.504459e+00 2.507757e+00 2.439993e-01 -3.044719e-01 1.351322e+00 -2.515867e+00 -3.847510e-01 -4.977771e-01 -1.279984e+00 7.285509e-01 -2.201324e+00 8.696119e-02 
6.378325e+00 2.541509e-01 1.380132e+01 7.360195e+00 -3.488894e-01 -7.352624e+00 -9.580782e+00 2.611503e+00 -8.563389e+00 -4.525585e+00 3.977827e+00 -1.023744e+01 3.968707e-01 -4.007559e-01 -5.855344e-01 1.425461e+00 4.566716e-01 -2.279000e-01 7.988263e-01 -1.063879e+00 -4.407915e-01 4.737875e-01 -8.066208e-01 6.911805e-01 -1.620094e+00 5.455063e-02 
8.914581e+00 -4.508910e-01 1.290238e+01 1.041407e+01 7.427130e-01 -8.840338e+00 -7.596909e+00 1.917848e+00 -8.509625e+00 -3.334600e+00 1.935718e+00 -8.972172e+00 4.151292e-01 2.480119e-01 -4.690644e-01 -2.865410e-02 8.353521e-01 1.207486e-01 -5.165504e-01 3.308125e-01 -1.238687e+00 6.316296e-01 -8.128200e-02 -4.854586e-01 -1.153296e+00 4.588654e-02 
8.174202e+00 -3.671999e-01 1.357690e+01 8.151323e+00 -8.671947e-01 -8.472078e+00 -6.929555e+00 1.039144e+00 -7.978110e+00 -3.489892e+00 3.035778e+00 -1.049331e+01 4.648819e-01 2.118180e-01 -1.583846e-01 -7.553722e-01 4.929097e-01 1.042447e-01 -2.800458e-02 9.264312e-01 -1.984599e+00 8.305632e-01 6.108119e-01 -8.302391e-02 -7.938808e-01 3.239099e-02 
8.292465e+00 -6.225309e-01 1.186816e+01 9.795402e+00 -7.449594e-01 -7.776934e+00 -5.760171e+00 -1.470321e+00 -6.084877e+00 -3.863562e+00 3.640547e+00 -1.173605e+01 4.924397e-01 -8.809175e-01 3.981876e-02 -1.261523e+00 -2.449545e+00 1.284283e+00 2.606152e-01 -1.072915e+00 -1.971524e+00 2.286711e+00 1.598742e+00 -1.066450e+00 5.428600e-01 4.533351e-02 
7.748472e+00 -4.519520e-01 1.054157e+01 1.013408e+01 9.161704e-01 -8.024349e+00 -5.866995e+00 -5.617407e+00 -5.622947e+00 -1.207045e+00 2.710292e+00 -1.282491e+01 5.201704e-01 -5.830930e-01 -1.257864e+00 -2.242231e+00 -3.867759e+00 -4.951430e-01 3.028115e+00 -3.013260e+00 -5.790216e-01 4.469938e+00 2.214282e+00 -2.926409e+00 2.015560e+00 8.280502e-02 
4.722858e+00 -2.094212e-01 8.112431e+00 -2.825028e+00 6.272447e+00 -7.761126e+00 -1.349276e+01 -4.611498e+00 1.746350e+00 3.517686e+00 -3.233788e+00 -5.092073e+00 6.141526e-01 -6.364640e-01 -2.178613e+00 -2.662441e+00 -4.233719e+00 -2.236390e+00 4.682626e+00 -2.598141e+00 4.784577e-01 5.160676e+00 1.979942e+00 -3.451424e+00 1.845995e+00 1.118235e-01 
7.043541e+00 -6.863076e+00 4.243613e+00 -4.877256e+00 -6.851613e+00 6.660593e+00 -1.812956e+01 -2.853755e-01 1.045597e+01 3.890895e+00 -8.159100e+00 -3.737499e+00 8.180506e-01 -3.348914e-01 -2.553156e+00 -2.902933e+00 -2.862427e+00 -3.339666e+00 5.221409e+00 -6.253769e-01 2.582524e-01 4.854155e+00 7.557198e-01 -2.580331e+00 4.770302e-01 1.142509e-01 
5.462611e+00 -8.310036e+00 1.704935e+00 -3.867525e+00 -8.043016e+00 8.293722e+00 -1.261959e+01 -1.744048e+00 1.167905e+01 3.487179e+00 -8.181879e+00 -7.049780e+00 9.026171e-01 4.900974e-02 -2.368330e+00 -2.371165e+00 -1.290046e-01 -3.170894e+00 4.262168e+00 2.188229e+00 -1.251468e+00 2.419284e+00 -5.844756e-01 -7.181921e-02 -2.081403e+00 8.583660e-02 
5.704139e+00 -9.167427e+00 -7.693403e-01 -3.656808e+00 -8.624428e+00 1.005527e+01 -9.430464e+00 -5.759871e+00 1.368148e+01 2.586808e+00 -7.717319e+00 -9.460904e+00 9.471925e-01 -1.913818e-01 -1.218426e+00 -1.596180e+00 -1.513276e-01 -5.385742e-02 1.466390e+00 3.178594e+00 -2.240819e+00 -2.580412e-01 -5.122527e-01 1.485320e+00 -2.602716e+00 4.245083e-02 
5.637608e+00 -1.089890e+01 -1.236918e+00 -4.080275e+00 -8.695614e+00 1.185237e+01 -6.901167e+00 -8.131591e+00 1.223001e+01 1.247352e+00 -3.813775e+00 -1.263739e+01 9.787645e-01 4.071162e-01 -1.144393e+00 -1.078236e+00 -6.956896e-01 6.327146e-01 1.373463e+00 1.713432e+00 -1.397113e+00 -1.397097e+00 -4.327559e-01 1.754486e+00 -1.524486e+00 2.069967e-02 
5.999133e+00 -1.166077e+01 -2.266363e+00 -5.527518e+00 -6.794601e+00 1.221322e+01 -5.095804e+00 -8.295702e+00 8.890276e+00 2.449545e+00 -2.916553e+00 -1.395728e+01 9.922310e-01 5.109534e-01 -7.772242e-01 -8.632281e-01 -9.073153e-01 1.094451e+00 1.159081e+00 9.972032e-01 -4.925371e-01 -2.571173e+00 4.156997e-01 1.103625e+00 -3.273292e-01 7.607686e-03 
7.350695e+00 -1.278533e+01 -2.937736e+00 -6.410617e+00 -5.794356e+00 1.408207e+01 -6.219766e+00 -7.461698e+00 7.089161e+00 1.392031e+00 -1.809834e+00 -1.242402e+01 9.835962e-01 5.359383e-01 -3.665768e-01 -6.602079e-01 -1.089483e+00 1.271071e+00 1.002488e+00 7.467110e-01 -6.458752e-01 -2.147841e+00 6.161453e-01 1.897531e-01 9.661520e-01 9.983421e-04 
7.402363e+00 -1.211033e+01 -4.235072e+00 -7.028214e+00 -4.602803e+00 1.473583e+01 -4.785149e+00 -8.557503e+00 3.396038e+00 4.592967e+00 -3.201165e+00 -1.120423e+01 9.828151e-01 2.653985e-01 -4.197731e-02 -3.361112e-01 -9.695074e-01 8.650888e-01 1.142973e+00 3.983530e-01 -1.091132e+00 -1.147688e+00 5.078756e-02 6.633423e-02 1.608853e+00 5.589306e-04 
7.615685e+00 -1.250700e+01 -3.553603e+00 -8.777344e+00 -3.436156e+00 1.560351e+01 -3.322940e+00 -1.123007e+01 4.237927e+00 3.256367e+00 -2.722704e+00 -9.183150e+00 9.884642e-01 1.777219e-01 1.068707e-02 -6.384432e-03 -8.575485e-01 2.945513e-01 1.311908e+00 3.197231e-02 -1.082169e+00 -3.020701e-01 -4.970637e-01 1.251716e-01 1.429287e+00 1.403683e-03 
7.193631e+00 -1.200982e+01 -3.638986e+00 -9.191692e+00 -3.648257e+00 1.716736e+01 -4.552452e+00 -1.186718e+01 4.577453e+00 1.771315e+00 -2.128447e+00 -7.533452e+00 9.925917e-01 1.884696e-01 -4.562950e-02 7.727729e-02 -4.608080e-01 -4.651095e-01 1.644806e+00 -4.298535e-01 -9.473268e-01 9.141721e-01 -1.755516e+00 9.939331e-01 6.721742e-01 5.603015e-04 
8.343670e+00 -1.278215e+01 -3.267701e+00 -9.616621e+00 -4.798873e+00 1.942585e+01 -6.176252e+00 -1.121771e+01 4.988103e+00 3.175385e-01 -1.720334e+00 -7.112978e+00 9.857264e-01 2.812259e-02 1.313995e-01 -1.329044e-01 9.064937e-02 -1.179477e+00 1.989521e+00 -8.894035e-01 -2.957206e-01 6.160125e-01 -1.378854e+00 8.153898e-01 2.452089e-01 -1.543820e-04 
7.980718e+00 -1.220090e+01 -3.991636e+00 -8.912615e+00 -6.246992e+00 2.104869e+01 -5.507760e+00 -1.330032e+01 7.591810e+00 -2.715201e+00 1.267316e+00 -8.878448e+00 9.869856e-01 5.632274e-02 1.791140e-01 -1.522944e-01 1.205997e-01 -1.008045e+00 1.676080e+00 -7.177208e-01 -2.047210e-01 5.509698e-01 -9.998207e-01 8.408102e-01 -3.545032e-01 -1.388383e-03 
7.362754e+00 -1.175446e+01 -4.041800e+00 -8.463635e+00 -8.034175e+00 2.361045e+01 -7.292303e+00 -1.199210e+01 5.810811e+00 -1.394644e+00 -3.436365e-01 -7.284608e+00 9.904953e-01 -1.779530e-01 3.509893e-01 -1.306609e-01 -1.493454e-01 -5.120220e-02 3.744791e-01 3.533139e-01 -6.270694e-01 2.101059e-01 1.071917e-01 -1.658564e-01 2.371778e-01 -3.909469e-04 
7.965703e+00 -1.162810e+01 -4.013408e+00 -9.165186e+00 -7.070829e+00 2.345546e+01 -7.583031e+00 -1.250359e+01 6.920948e+00 -2.371697e+00 1.387255e+00 -9.220153e+00 9.832653e-01 -7.880668e-02 5.937653e-02 6.061009e-02 -1.172005e-01 3.199073e-01 -1.635963e-01 2.114248e-01 -4.614278e-01 1.061290e-01 3.589136e-01 -6.847528e-01 4.460918e-01 2.360046e-04 
7.461412e+00 -1.131360e+01 -3.910120e+00 -1.023706e+01 -4.642965e+00 2.009486e+01 -3.372047e+00 -1.475142e+01 6.374063e+00 6.817454e-01 -2.609586e+00 -5.756236e+00 9.856318e-01 1.369205e-01 -3.871233e-01 2.994266e-01 -1.156568e-01 3.476487e-01 2.667618e-02 -2.235143e-01 -1.037317e-01 -1.477304e-01 5.251085e-01 -6.378253e-01 4.867106e-02 1.358855e-03 
7.537355e+00 -1.212445e+01 -3.754426e+00 -8.611904e+00 -6.343060e+00 2.198851e+01 -6.410764e+00 -1.422780e+01 7.840828e+00 -1.958828e+00 -1.023473e+00 -7.412174e+00 9.905974e-01 9.295180e-02 -6.884731e-01 5.254170e-01 1.009202e-01 -6.045332e-02 2.581034e-01 -3.962255e-01 2.126168e-01 -1.378444e-01 2.045933e-01 -3.530589e-01 -2.973515e-01 4.146123e-03 
8.261530e+00 -1.344190e+01 -2.674158e+00 -9.318560e+00 -6.659816e+00 2.447731e+01 -8.996008e+00 -1.164865e+01 4.612219e+00 1.024463e+00 -2.327399e+00 -7.945242e+00 9.936236e-01 1.251208e-01 -7.204598e-01 6.181160e-01 2.723638e-01 -4.359062e-01 4.358028e-01 -5.600688e-01 6.796848e-01 -3.249682e-01 2.024283e-01 1.073854e-01 -1.242278e+00 3.528607e-03 
8.030403e+00 -1.400631e+01 -2.004304e+00 -9.119837e+00 -6.364671e+00 2.255476e+01 -6.752178e+00 -1.299188e+01 7.112648e+00 -1.520090e+00 -5.191327e-01 -9.612408e+00 1.000000e+00 -1.687241e-03 -3.147436e-01 3.031146e-01 4.669729e-01 -2.604442e-01 -7.915421e-02 2.623518e-01 4.536034e-01 -3.089216e-01 1.142393e+00 -7.929138e-01 -9.544696e-01 1.478910e-03 
7.840492e+00 -1.397497e+01 -1.694601e+00 -8.621277e+00 -6.811691e+00 2.199075e+01 -6.001684e+00 -1.197095e+01 5.113313e+00 1.474518e+00 -2.324830e+00 -1.086751e+01 9.985735e-01 -3.613699e-01 5.423202e-02 -4.639986e-02 9.208475e-01 -2.587052e-01 -8.011360e-01 6.045023e-01 5.485334e-02 9.883634e-01 7.074804e-01 -9.593290e-01 -9.199460e-01 4.710734e-04 
7.739438e+00 -1.343163e+01 -2.728632e+00 -6.625682e+00 -7.569344e+00 2.283602e+01 -6.596167e+00 -1.179863e+01 6.045673e+00 3.528109e+00 -4.989327e+00 -1.072339e+01 9.955170e-01 -3.729036e-01 7.764816e-03 -3.984699e-02 1.252116e+00 -6.098225e-01 -7.771326e-01 -6.169166e-02 6.793663e-01 9.299780e-01 8.176648e-01 -9.624140e-01 -7.866476e-01 -2.138311e-03 
6.600163e+00 -1.345808e+01 -2.543994e+00 -5.961400e+00 -7.351006e+00 2.033099e+01 -6.051502e+00 -1.197101e+01 1.008752e+01 2.037766e+00 -4.888947e+00 -1.198948e+01 9.982204e-01 -4.846552e-01 -6.214466e-02 3.966979e-01 1.186404e+00 -1.983519e-01 -2.498394e+00 7.039895e-01 1.368104e+00 9.235832e-01 1.013804e-01 -4.830777e-01 -6.451176e-01 -7.676029e-03 
6.786049e+00 -1.422593e+01 -1.778842e+00 -4.189195e+00 -9.144126e+00 1.949897e+01 -7.035728e+00 -9.595021e+00 9.275434e+00 2.286610e+00 -4.049144e+00 -1.298466e+01 9.894850e-01 -4.363311e-01 -2.144999e-01 1.111324e+00 7.897277e-01 -5.994034e-03 -3.660028e+00 1.092530e+00 2.153561e+00 5.253226e-01 -8.847135e-01 2.225142e-02 -1.537586e-01 -1.636980e-02 
5.893910e+00 -1.388854e+01 -1.860061e-01 -3.907501e+00 -7.016060e+00 1.116730e+01 -2.261956e+00 -6.232233e+00 8.116349e+00 2.602169e+00 -5.210310e+00 -1.296246e+01 9.632093e-01 -3.889647e-01 1.300049e-03 1.690594e+00 2.929720e-01 1.728971e-01 -4.186006e+00 1.745102e+00 1.946375e+00 2.557777e-01 -7.027363e-01 -1.169867e+00 1.783475e+00 -2.075176e-02 
5.910909e+00 -1.428890e+01 1.648993e+00 -3.703993e+00 -7.766787e+00 9.117725e+00 -3.028288e+00 -3.900218e+00 9.657874e+00 -1.177660e+00 -4.717389e+00 -1.100569e+01 9.311735e-01 -4.552682e-01 3.876680e-01 2.212584e+00 -5.799328e-02 -6.206703e-01 -3.343018e+00 1.386506e+00 2.050596e+00 4.364214e-01 -1.446436e+00 -1.357150e+00 2.922307e+00 -1.916755e-02 
5.092910e+00 -1.342010e+01 4.195059e+00 -4.739141e+00 -7.175190e+00 4.591588e+00 6.702869e-01 -5.086540e+00 1.117519e+01 2.562201e-01 -1.040416e+01 -4.061593e+00 9.236174e-01 -1.241122e-01 2.005424e-01 2.696242e+00 4.045584e-01 -2.236549e+00 -1.896734e+00 6.299057e-01 2.030149e+00 1.208858e-01 -1.731426e+00 -1.071444e+00 3.503042e+00 -1.148341e-02 
4.910209e+00 -1.252182e+01 7.093545e+00 -4.063342e+00 -1.216791e+01 6.071733e+00 -1.569320e+00 8.511150e-02 9.928119e+00 -3.772598e+00 -8.237967e+00 -2.823561e+00 9.134432e-01 -2.539382e-01 4.190798e-01 3.021703e+00 7.785660e-01 -2.741631e+00 -1.515637e+00 5.395797e-01 2.595693e+00 -1.268375e+00 -1.711031e+00 -4.690580e-02 3.325957e+00 -7.574004e-03 
5.773699e+00 -1.376937e+01 1.057293e+01 -1.705034e+00 -1.599824e+01 3.206627e+00 1.580882e-01 1.925847e+00 8.585656e+00 -4.757492e+00 -8.807238e+00 4.616842e-01 9.146574e-01 -1.815247e-01 4.715528e-01 3.138577e+00 1.001846e+00 -3.251946e+00 -8.881740e-02 -3.123947e-01 3.329794e+00 -3.113082e+00 -2.041701e+00 2.216131e+00 2.246671e+00 -1.133652e-02 
4.300823e+00 -1.201886e+01 1.356857e+01 -1.328216e+00 -1.706342e+01 2.232020e+00 -7.429075e-02 5.572055e+00 4.610765e+00 -7.225961e+00 -5.750379e+00 3.362456e+00 8.977835e-01 -3.585873e-01 9.941105e-01 3.034299e+00 5.605129e-01 -3.007402e+00 1.170004e+00 -8.480392e-02 1.965840e+00 -3.950612e+00 -1.295260e+00 3.315108e+00 1.670728e+00 -1.348513e-02 
4.489980e+00 -1.131381e+01 1.665043e+01 -1.097472e+00 -2.098717e+01 6.067357e+00 -1.639201e+00 8.818957e+00 -1.731544e+00 -8.225605e+00 -5.672975e-01 4.078756e+00 8.747646e-01 -8.243041e-01 1.802292e+00 2.634258e+00 1.778749e-01 -2.497707e+00 2.376460e+00 -1.150012e-01 3.882553e-01 -3.646596e+00 -9.677449e-01 4.926251e+00 -5.485574e-01 -1.646168e-02 
3.759132e+00 -8.779047e+00 1.922629e+01 -1.564559e+00 -2.471046e+01 1.049139e+01 -1.094695e+00 6.467756e+00 -4.666343e+00 -8.514843e+00 4.217602e+00 3.721542e+00 8.659639e-01 -8.122151e-01 1.614729e+00 2.032698e+00 3.913335e-01 -1.111073e+00 2.692133e+00 -6.466619e-01 -1.465322e+00 -1.454465e+00 -4.366609e-01 4.661050e+00 -2.399703e+00 -1.770601e-02 
1.923024e+00 -6.377820e+00 2.091536e+01 -6.974890e-01 -2.466326e+01 1.095924e+01 9.328461e-02 3.419273e+00 -5.008773e+00 -8.951776e+00 1.084003e+01 -2.460646e+00 8.482588e-01 -6.087506e-01 1.101007e+00 1.214059e+00 4.557799e-01 1.378359e+00 2.167266e+00 -1.243480e+00 -3.065416e+00 9.388434e-01 2.808724e-01 3.282787e+00 -2.984841e+00 -2.813196e-02 
1.523225e+00 -6.413216e+00 2.159960e+01 4.284594e-01 -2.078074e+01 1.324675e+01 -4.173843e+00 9.452888e-01 -1.022946e+00 -9.046180e+00 1.185121e+01 -5.366358e+00 8.225063e-01 2.952365e-01 1.069828e-01 2.410538e-01 4.582830e-01 3.821468e+00 6.531056e-01 -1.204819e+00 -3.022457e+00 1.597197e+00 1.698999e+00 4.922782e-01 -2.352936e+00 -6.005269e-02 
2.564180e+00 -6.991690e+00 2.153407e+01 1.849184e-01 -1.606024e+01 1.552601e+01 -6.317025e+00 -3.746888e+00 1.140975e+00 -6.555574e+00 1.202983e+01 -6.301499e+00 7.558336e-01 1.354131e+00 1.021626e+00 -2.390909e+00 5.167676e-01 7.602373e+00 -2.837903e+00 -1.597579e+00 1.513791e-01 7.170150e-01 4.690714e-01 -1.285480e+00 -9.325447e-02 -1.149934e-01 
4.914737e+00 -7.937198e+00 2.012220e+01 2.856531e-01 -9.904627e+00 1.147353e+01 -3.913636e+00 -5.061449e+00 2.447671e-01 -1.217950e+00 6.084089e+00 -6.122711e+00 6.119131e-01 1.684458e+00 2.229148e+00 -4.480904e+00 1.114534e+00 8.334824e+00 -6.247761e+00 -1.819477e-01 2.985308e+00 -1.987095e+00 3.530940e-01 -1.219610e+00 4.420466e-01 -1.357283e-01 
6.997921e+00 -5.076966e-01 9.699511e+00 1.957752e+00 7.910553e+00 -2.343664e+00 -8.024713e+00 7.179537e+00 -2.057554e+00 -1.052053e+01 7.296184e+00 -2.548741e+00 3.785883e-01 4.880095e-01 3.498985e+00 -3.835888e+00 2.398796e+00 7.326798e+00 -7.013387e+00 1.556282e+00 4.154911e+00 -2.474324e+00 -8.987226e-02 -2.205282e+00 -3.335349e-01 -1.225265e-01 
7.728642e+00 1.490526e+00 5.112360e+00 5.114710e+00 8.907988e+00 -9.057224e+00 -4.229738e+00 1.040862e+01 -9.359155e+00 -5.298230e+00 8.119987e+00 -5.032504e+00 3.324876e-01 -1.685463e-01 3.886004e+00 -2.706816e+00 2.131891e+00 4.706342e+00 -4.875318e+00 9.589523e-01 2.716086e+00 -1.590210e+00 -9.433382e-01 -1.374974e+00 -8.105356e-01 -8.510192e-02 
3.597275e+00 5.789374e+00 9.859549e+00 9.764370e+00 1.116745e+01 -9.275547e+00 1.622437e+00 9.292633e+00 -6.428687e+00 -4.964796e+00 -1.452589e-02 -8.514277e+00 2.829137e-01 -5.517801e-01 1.650030e+00 -1.202474e+00 1.845167e+00 8.732770e-01 -8.436130e-01 1.998522e+00 -1.269753e+00 -7.375870e-02 1.192753e+00 -2.499645e+00 -6.833574e-01 -5.425278e-02 
5.772329e+00 8.344286e+00 6.508104e+00 7.041801e+00 1.199864e+01 -9.437116e+00 -3.942450e+00 7.462435e+00 -5.520715e+00 -8.712510e+00 2.864576e+00 -7.192621e+00 2.342407e-01 -7.000491e-01 5.307265e-01 -1.322632e+00 7.752675e-01 4.337544e-01 5.175750e-01 1.371033e+00 -1.932347e+00 1.813207e+00 1.172298e+00 -2.065792e+00 1.520846e+00 -5.780645e-02 
5.217178e+00 4.315576e+00 2.989270e+00 1.022004e+01 1.073161e+01 -6.371783e+00 1.824255e+00 2.303863e+00 -4.345568e+00 -2.849627e+00 -2.574337e+00 -4.885469e+00 1.564478e-01 -6.551961e-01 -4.932931e-01 -1.974430e+00 4.086190e-01 1.027810e-01 2.694714e-01 1.165384e+00 -1.629519e+00 1.825423e+00 2.326456e+00 -1.598910e-01 3.117410e+00 -5.689828e-02 
3.418446e+00 4.881058e+00 1.934342e+00 8.763211e+00 1.129468e+01 -7.921231e+00 2.524520e+00 4.241269e+00 -1.334678e+00 -4.943264e-01 -9.290668e-01 7.573195e-01 1.066883e-01 -1.356047e+00 -1.600534e-01 -1.726444e+00 -3.835008e-01 -9.645235e-01 1.224293e+00 3.947468e+00 7.653908e-01 1.847763e+00 2.146725e+00 -5.857793e-01 2.419192e+00 -4.425070e-02 
1.498236e+00 5.054523e+00 2.274278e+00 1.094676e+01 1.203333e+01 -8.686132e+00 4.215870e+00 2.755623e+00 6.054072e-01 2.558394e+00 1.082840e+00 3.097801e+00 6.219852e-02 -1.425001e+00 5.161208e-01 -1.097496e+00 -1.281955e+00 -1.462644e+00 1.439332e+00 3.154783e+00 2.042307e+00 2.037644e+00 -5.148352e-01 -1.451304e-01 1.369646e+00 -2.916200e-02 
8.515663e-01 7.174545e+00 -1.766619e+00 4.760939e+00 6.525161e+00 -2.158475e+00 1.459908e+01 1.106351e+01 1.242615e+00 -6.828926e-01 -1.892909e+00 9.117050e-01 6.011182e-02 -1.008738e+00 4.050737e-01 -8.409354e-01 -1.367121e+00 -1.341100e+00 1.438002e+00 2.654724e+00 1.875248e+00 2.775684e-01 -1.229898e+00 -1.132182e-01 2.469704e-01 -1.989278e-02 
-6.243877e-01 5.749436e+00 -6.477306e-01 5.811402e+00 5.803148e+00 -2.056501e+00 1.156089e+01 9.104280e+00 4.554004e+00 -5.329519e+00 -2.818068e+00 1.885568e+00 3.392601e-02 -1.839483e-01 9.028284e-02 -6.830604e-01 -7.941676e-01 -3.494932e-01 8.091884e-01 1.488736e+00 1.331742e+00 -5.332747e-01 -8.525702e-01 -1.265867e-01 -3.722560e-01 -1.150470e-02 
-5.639343e-01 6.558970e+00 -8.093302e-01 4.495285e+00 7.704268e+00 -4.046037e+00 1.212563e+01 1.044318e+01 -1.921134e+00 -2.699861e+00 4.552963e-01 2.598288e+00 2.136070e-02 5.216375e-01 9.602089e-02 -2.637547e-01 4.682588e-01 7.818540e-01 -1.153926e+00 -1.152537e+00 -6.802743e-01 -7.031436e-01 1.572489e+00 1.433529e+00 2.924972e-01 -1.286813e-02 
1.286245e+00 5.813725e+00 -1.619669e+00 7.108749e+00 9.696312e+00 -3.696409e+00 1.289627e+01 9.724497e+00 -4.790918e-01 -6.959727e-01 -7.241958e-01 3.932295e-01 2.405059e-02 6.954769e-01 1.846929e-01 -4.540974e-01 4.340921e-01 6.136851e-01 1.126214e-01 -4.920647e-01 6.783708e-01 8.126585e-02 2.412106e+00 1.199083e+00 4.329585e-01 -1.126936e-02 
2.504437e+00 7.622506e+00 -2.599424e+00 6.453559e+00 8.487848e+00 -7.108153e+00 8.168701e+00 7.352029e+00 2.434442e-01 4.862780e+00 4.227799e+00 3.120360e+00 7.088780e-04 4.734446e-01 5.403751e-01 1.704361e-01 -1.896392e-01 -2.143305e-01 1.067015e+00 -5.789793e-01 5.793628e-01 9.770112e-01 1.768894e+00 4.757866e-01 4.088227e-01 -1.134259e-02 
1.318811e+00 6.141132e+00 -2.023171e+00 7.002726e+00 8.479784e+00 3.766346e-02 1.107903e+01 1.404171e+01 3.878044e+00 2.949688e+00 1.291095e+00 3.789325e+00 -1.209486e-02 -2.199569e-01 4.043987e-01 6.783823e-01 -1.408108e-01 -7.729709e-02 1.807034e+00 3.255965e-01 1.243511e+00 1.413473e-01 3.084875e-01 2.114870e-01 6.586310e-01 -1.270863e-02 
1.787005e+00 9.097141e+00 2.446015e-01 3.600101e+00 7.240879e+00 -5.779991e-01 1.013936e+01 1.118139e+01 7.853538e-01 4.321777e+00 1.826584e+00 2.944355e+00 -1.727951e-02 -3.550744e-01 -8.450823e-02 3.605214e-01 -6.184006e-02 1.776971e-01 1.732336e+00 6.968769e-01 -3.088996e-01 -8.471771e-01 6.709182e-03 -1.704874e-01 5.007749e-01 -2.037812e-02 
5.451765e-01 7.098400e+00 3.502302e-01 7.831425e+00 9.933311e+00 2.073681e+00 1.353893e+01 1.402737e+01 -4.331011e-02 1.116966e+00 1.533846e+00 3.774387e+00 -3.049839e-02 -2.911248e-01 -4.334277e-01 -6.526810e-01 -6.261107e-01 -3.190947e-01 -8.774158e-01 -4.960214e-01 -2.383100e+00 -1.252565e+00 -4.913633e-02 1.142315e-01 9.294819e-01 -3.437768e-02 
1.115883e+00 6.721331e+00 -1.983518e+00 5.730009e+00 8.649570e+00 5.355158e-01 1.042314e+01 5.814700e+00 -2.031764e+00 5.812686e+00 3.253986e+00 5.631703e+00 -9.197998e-02 -5.009087e-01 -8.602880e-01 -1.192045e+00 -5.622960e-01 -1.278930e+00 -1.727231e+00 -5.304945e-01 -2.114557e+00 -6.249757e-01 -8.822901e-01 -1.353916e+00 -4.938382e-01 -3.439796e-02 
1.987486e-01 5.161900e+00 -4.172517e+00 2.807218e+00 6.179965e+00 -4.906173e+00 8.457033e+00 4.809551e+00 -9.762201e-01 1.958552e+00 1.148551e+00 7.093060e+00 -1.466330e-01 -4.724463e-01 -1.856991e-01 -1.039482e+00 -1.332042e+00 -2.196765e+00 -2.175718e+00 -1.615764e+00 -2.638688e+00 -7.762383e-01 -7.217530e-01 -7.245256e-01 -8.460229e-01 -2.740324e-02 
-5.443239e-01 5.763952e+00 -3.454250e+00 3.300724e+00 2.722903e+00 -5.724229e+00 1.002783e+01 5.217512e+00 -1.873070e+00 -5.104663e-01 -4.750350e+00 -1.184173e+00 -1.312020e-01 -8.678589e-01 -2.226629e-01 -1.113760e+00 -1.078121e+00 -1.148638e+00 -1.114822e+00 -1.174607e+00 1.212714e+00 1.190367e+00 6.624176e-02 -3.460786e-01 -1.069056e+00 -1.198957e-02 
-9.869514e-01 6.648594e+00 -4.111815e+00 2.385856e+00 1.912818e+00 -5.675039e+00 5.657758e+00 1.132528e+00 -4.003849e+00 6.697773e-01 1.913387e+00 2.952211e+00 -1.479036e-01 -1.069776e+00 -4.505036e-01 -1.040604e+00 -4.622061e-01 -7.489662e-01 -3.400652e-01 -7.491195e-01 1.737277e+00 1.205433e+00 9.393018e-01 8.991836e-01 -4.493937e-01 -2.940965e-03 
-2.630562e+00 4.864669e+00 -7.582668e+00 5.500865e-01 5.039952e+00 -4.654162e+00 5.949741e+00 1.371678e+01 5.433885e+00 6.788282e+00 1.141175e+00 2.356848e+00 -1.512926e-01 -5.343425e-01 -1.330562e-01 -4.719605e-01 -3.302310e-01 -6.862666e-01 -1.137362e+00 -7.821711e-01 4.342297e-01 3.541333e-01 -2.799801e-01 1.413626e+00 1.370909e+00 -4.357016e-03 
-4.107013e+00 3.359023e+00 -7.311327e+00 1.871506e+00 1.276609e+00 -7.141532e+00 6.750482e+00 9.246301e+00 1.397468e+00 3.005686e+00 2.698706e+00 3.075581e+00 -1.512926e-01 -9.739828e-03 1.665431e-01 7.724321e-02 -1.995764e-01 -7.656439e-01 -1.340837e+00 -3.387692e-01 -6.119947e-01 -1.201694e+00 -1.225128e+00 -7.494249e-02 1.026850e+00 -6.778002e-04 
-1.656005e+00 6.743457e+00 -4.214297e+00 1.906743e+00 -3.903255e-01 -1.067779e+01 5.570616e+00 3.331774e+00 -2.803061e+00 -3.078321e+00 1.925119e+00 5.608687e+00 -1.512926e-01 2.945286e-01 5.920404e-01 7.263422e-01 4.261786e-01 -5.779847e-01 -5.692794e-01 1.340433e-01 -2.658302e+00 -1.253974e+00 -4.103015e-02 1.239863e+00 2.101130e+00 0.000000e+00 
-1.522929e+00 6.541916e+00 -5.409784e+00 7.096453e-01 7.997379e-01 -9.367411e+00 4.153475e+00 3.265059e+00 -5.893845e+00 -5.225594e-01 1.146703e+00 6.460540e+00 -1.512926e-01 4.885263e-01 5.580867e-01 2.037928e-01 6.846537e-02 6.418332e-01 8.955768e-01 2.142385e-01 -1.076681e+00 -6.642162e-01 -3.744264e-01 -7.038965e-02 1.098809e+00 0.000000e+00 
-2.449961e+00 6.233424e+00 -4.901729e+00 3.261910e+00 2.388464e+00 -6.387620e+00 7.918461e+00 3.415894e+00 2.809671e+00 8.347254e+00 8.116493e+00 1.117002e+01 -1.512926e-01 1.870040e-01 7.684878e-02 4.402224e-01 1.258121e+00 1.061082e+00 1.519799e+00 1.354850e+00 5.819731e-01 2.425182e-01 6.677594e-02 -4.894722e-01 -5.145618e-01 0.000000e+00 
-1.267404e+00 6.404472e+00 -5.948647e+00 1.536250e+00 3.096380e+00 -4.808733e+00 6.647752e+00 3.820835e+00 -4.729979e+00 -4.579234e+00 -7.489294e-01 5.788962e+00 -1.512926e-01 3.101433e-01 3.739768e-01 9.453768e-01 1.446814e+00 9.722505e-01 1.155777e-01 3.342363e-01 9.508002e-02 4.891861e-01 -2.279047e-01 -6.689906e-01 -1.201850e+00 0.000000e+00 
-8.487477e-01 7.196422e+00 -1.743754e+00 7.784045e+00 3.766765e+00 -5.358135e+00 1.109773e+01 5.963751e+00 -2.172403e+00 -7.161043e-01 4.255739e-01 3.371667e+00 -1.512926e-01 3.497664e-01 -1.985835e-01 1.005269e-01 9.052048e-01 1.172303e+00 -4.491962e-01 -2.049541e-01 5.698693e-01 -3.006221e-01 6.970163e-02 -7.924598e-01 -7.041483e-01 0.000000e+00 
-7.728190e-01 7.930301e+00 -2.261888e+00 5.682647e+00 4.971840e+00 -9.304264e+00 4.235024e+00 2.466531e+00 -9.568768e-01 2.869596e+00 1.647210e+00 4.350468e+00 -1.512926e-01 4.778714e-02 -2.147951e+00 -1.293776e+00 5.952881e-01 6.660476e-01 -3.079628e-01 -3.564661e-01 -8.351708e-03 1.139990e+00 3.297567e+00 2.069057e+00 1.160232e+00 0.000000e+00 
-9.484215e-01 4.477592e+00 -6.242474e+00 5.714735e+00 7.312250e+00 -6.385836e+00 8.100055e+00 6.942393e+00 -5.799900e-01 4.971347e+00 2.956124e+00 8.368526e+00 -1.512926e-01 5.426516e-02 -3.291975e+00 -2.324132e+00 4.005108e-02 5.369382e-01 -8.934237e-01 -2.308911e+00 -1.747895e+00 1.801163e-01 2.287673e+00 1.921451e+00 1.487632e+00 1.427746e-03 
-9.786310e-01 -2.975866e+00 -1.016817e+01 5.547345e+00 4.653875e+00 -5.834697e+00 6.364257e+00 3.289756e+00 1.737660e-01 9.064877e+00 8.331081e+00 9.091691e+00 -1.512926e-01 9.603739e-02 -1.184279e+00 -4.582415e-01 -6.197325e-01 -7.913097e-01 -6.513152e-02 -4.479589e-01 -6.863562e-01 5.834349e-01 8.851526e-01 1.486354e+00 1.109845e+00 7.138729e-04 
-4.745159e-01 -3.810367e+00 -9.411276e+00 8.051951e+00 6.610438e+00 -1.156004e+01 -1.511445e+00 -3.187336e+00 -1.837143e+00 7.624620e+00 6.690894e+00 8.439215e+00 -1.441538e-01 1.375450e-01 1.625929e+00 1.304209e+00 -8.630173e-01 -1.207114e+00 -7.433643e-01 1.408378e-01 1.666700e-01 5.460861e-01 -1.436004e+00 -8.438674e-01 -2.191906e-01 0.000000e+00 
-5.295849e-01 6.152887e+00 -2.968694e+00 1.415376e+00 1.366197e+00 -7.042821e+00 6.800979e+00 4.099614e+00 2.588874e+00 5.968723e+00 7.211597e+00 9.864349e+00 -1.512926e-01 9.761195e-02 3.389068e+00 1.978412e+00 -8.749741e-01 -7.156633e-01 -5.266353e-01 1.454058e+00 1.872026e+00 4.318270e-01 -2.773617e+00 -2.546347e+00 -5.963862e-01 -7.138729e-04 
-4.852195e-01 8.042859e+00 -3.321165e+00 3.465633e+00 2.920519e+00 -9.498595e+00 8.585882e+00 7.370814e+00 9.428862e-01 -6.605978e-01 -7.034706e-01 6.886245e+00 -1.512926e-01 2.295828e-03 2.559642e+00 1.182775e+00 -7.122379e-01 -5.825517e-01 1.667111e-01 2.197956e+00 2.438750e+00 3.914071e-01 -2.319975e+00 -2.270380e+00 -6.084045e-01 -1.427746e-03 
