-7.129547e+00 4.713380e+00 -5.826495e+00 -3.025074e+00 1.601317e+00 -4.676365e+00 2.136796e+00 -1.304543e+00 -4.442381e+00 -3.632979e+00 -3.678468e-01 4.045609e+00 -1.512927e-01 -2.096348e-01 3.716710e-01 3.214096e-01 2.079702e-01 4.330586e-01 -5.149673e-01 1.020427e-01 -5.059722e-01 -4.808899e-01 7.720930e-01 2.322813e-01 -1.040738e+00 0.000000e+00 
-8.299131e+00 3.986774e+00 -5.447536e+00 -4.042686e+00 3.904716e+00 -4.127881e+00 3.471727e+00 -4.054325e+00 -4.117517e+00 7.990985e-01 1.697202e+00 2.097393e+00 -1.512927e-01 -3.518063e-01 1.363797e-01 1.104867e-02 -2.034851e-01 1.054891e-01 -1.639887e+00 -1.015401e+00 -5.915794e-01 -1.325675e-01 5.878056e-01 6.418575e-02 -1.306744e+00 0.000000e+00 
-7.592928e+00 6.935038e+00 -4.408927e+00 -1.476417e+00 2.614911e+00 -7.525444e+00 1.979544e+00 -2.459512e+00 -7.009262e+00 -1.988553e+00 -2.389645e-01 -1.839736e-01 -1.512927e-01 -4.503842e-01 -1.274812e-01 1.925041e-01 3.099115e-01 -3.853441e-01 -1.689243e+00 -5.090150e-01 -1.135459e+00 -1.758063e-01 6.299472e-01 -5.921432e-01 -1.213837e+00 0.000000e+00 
-8.656887e+00 4.284450e+00 -6.480036e+00 -4.816829e+00 1.621965e+00 -1.145126e+01 -2.861583e+00 -3.684955e+00 -3.821778e+00 -1.516164e+00 -1.113592e-01 -3.733220e-01 -1.512927e-01 -2.235947e-02 2.497489e-01 3.583657e-01 1.062967e+00 -1.551006e-01 -5.765826e-01 -4.927545e-01 -1.003054e+00 4.842966e-01 1.496924e-01 -9.651155e-01 -7.012496e-01 0.000000e+00 
-9.202589e+00 3.927136e+00 -4.347724e+00 -1.088446e+00 8.159714e-01 -9.460892e+00 2.758376e+00 -7.166523e+00 -5.469282e+00 6.743882e-01 -2.424282e+00 -7.882199e-01 -1.512927e-01 -3.906126e-02 1.655727e-01 2.522292e-01 4.349884e-01 5.381055e-01 6.608791e-01 2.224971e-01 -6.491499e-01 2.111323e-01 -6.052122e-01 -1.259408e+00 -1.639107e-01 0.000000e+00 
-7.606098e+00 6.739470e+00 -3.686309e+00 1.078164e+00 4.028682e+00 -6.043070e+00 6.185386e-01 -6.716087e+00 -2.466024e+00 2.160902e-01 -2.035717e+00 -1.106732e+00 -1.512927e-01 2.482540e-01 7.488986e-01 8.418640e-01 1.483883e+00 1.645613e+00 1.622950e+00 3.770620e-01 -2.715895e-01 -4.418995e-01 -8.363575e-01 -1.776994e+00 -4.251836e-01 0.000000e+00 
-8.313629e+00 6.535392e+00 -4.544645e+00 -2.248972e+00 4.102080e+00 -6.925144e+00 1.351969e+00 -4.189696e+00 -6.631477e+00 -5.880741e+00 -5.573823e+00 -6.368223e-01 -1.512927e-01 2.793217e-02 4.887914e-01 6.931300e-01 7.348024e-01 1.161867e+00 2.852446e-01 -5.387241e-01 9.570139e-01 -7.089464e-01 -1.141133e+00 -4.155601e-01 -1.039564e-01 0.000000e+00 
-7.860097e+00 6.724815e+00 -2.172256e+00 3.182848e+00 8.206978e+00 -4.604382e+00 -2.730694e-01 -6.531316e+00 -5.450178e+00 -2.420388e+00 -7.421560e+00 -2.574939e+00 -1.512927e-01 -3.867622e-01 -1.452395e+00 1.398456e+00 2.320216e+00 -7.065431e-01 -1.545025e+00 1.111796e+00 1.283762e+00 -8.672320e-01 3.429314e-01 1.960900e+00 7.944037e-01 1.527178e-02 
-8.935928e+00 6.378421e+00 -1.639101e+00 1.533224e+00 4.536159e+00 -8.754012e+00 5.105593e-01 -2.473840e+00 -7.521937e+00 -3.713036e+00 -1.809162e+00 -5.738984e-01 -1.512927e-01 -7.629776e-02 -2.887538e+00 2.187920e+00 2.987464e+00 -3.354077e+00 -3.296754e+00 2.672707e+00 1.272440e+00 -1.588469e-02 1.138469e+00 2.793277e+00 1.762355e+00 5.252757e-02 
-9.228760e+00 -4.440197e-01 1.853197e+00 1.078815e+01 2.789273e-01 -1.285376e+01 6.598224e+00 -1.155208e+00 -6.356954e+00 8.468949e-01 5.886453e+00 2.833825e+00 -7.493377e-02 1.423577e-01 -2.395586e+00 1.290540e+00 1.484871e+00 -3.768105e+00 -3.418677e+00 2.397309e+00 1.489883e-01 -2.210243e-01 6.321687e-01 2.698619e+00 1.855047e+00 3.510072e-02 
-8.010788e+00 -4.317882e+00 4.382232e+00 8.885699e+00 -8.704279e+00 -1.928422e+01 1.127986e+01 -5.155503e-01 -6.257513e+00 -1.822035e+00 1.738553e+00 5.470571e+00 7.316571e-02 -2.763348e-02 -1.915197e+00 -5.760673e-01 1.125255e+00 -5.307057e-01 -4.600725e-01 1.082359e+00 3.001322e-01 1.221514e+00 8.160342e-01 -3.963301e-01 4.339378e-01 1.196061e-02 
-7.610879e+00 9.503651e-02 1.269780e+00 6.930965e+00 -4.013326e+00 -1.643266e+01 6.328825e+00 -6.765520e+00 -7.187511e+00 -2.050451e-01 4.297678e+00 3.678063e+00 -8.801830e-02 -8.234269e-01 7.287953e-01 -1.395546e+00 -1.928489e+00 1.338985e+00 3.345207e+00 -2.288728e+00 -2.601639e-01 2.024809e+00 -9.071062e-02 -2.186256e+00 -1.357887e-01 7.460654e-04 
-9.883036e+00 -3.467093e+00 -4.227729e+00 9.088090e+00 4.028757e+00 -9.264925e+00 6.057055e+00 1.831977e+00 -9.990909e-01 8.931050e-01 -2.996425e+00 1.173671e+00 -8.494735e-02 -5.905744e-01 2.200490e+00 -1.946606e+00 -2.340008e+00 3.361134e+00 5.473499e+00 -2.559420e+00 6.061283e-01 2.211927e+00 4.832443e-01 -6.831390e-01 -3.203000e-01 -2.971486e-02 
-1.240977e+01 2.774563e+00 -8.195508e-01 1.044508e+00 6.073346e-01 -1.137375e+00 -2.234016e+00 -3.629791e+00 1.137879e+00 -9.642281e-01 -2.677341e+00 4.303330e+00 7.853091e-03 -1.929484e-01 1.664668e+00 -1.444537e+00 -3.454732e+00 1.916907e+00 3.865213e+00 -2.426841e-01 1.162729e+00 1.469325e+00 -8.640078e-01 3.254271e-03 8.077747e-01 -1.649457e-02 
-8.564215e+00 5.344805e+00 -4.306131e+00 1.288896e-01 5.791058e+00 4.356308e-01 2.764178e+00 9.472274e-01 6.394289e-01 9.737782e-01 1.810368e+00 3.556437e+00 -1.233443e-01 8.202866e-01 1.519567e+00 -1.419534e+00 -3.417538e+00 7.238404e-01 5.007869e-01 5.932244e-01 8.500007e-01 1.587157e-02 -2.181584e+00 5.045203e-01 5.144252e-01 -2.918364e-02 
-9.235033e+00 4.012426e+00 -5.913703e+00 -5.863093e+00 4.690057e+00 -1.956873e+00 6.761843e+00 -5.094982e-01 -6.601478e-01 -4.565421e+00 1.910553e+00 6.525554e+00 -1.512927e-01 9.384710e-01 5.994697e-01 -6.752089e-01 -4.769023e-01 1.255979e+00 -6.554223e-01 2.229652e+00 2.651419e+00 1.226601e+00 -4.292647e-01 1.290412e+00 -7.537414e-01 -3.462399e-02 
-7.368971e+00 3.511811e+00 -8.778322e+00 -4.545799e+00 5.606597e+00 -6.351241e+00 4.525248e+00 4.521834e+00 -2.071944e-02 -8.214221e+00 -2.767770e+00 2.634686e+00 -1.512927e-01 4.883032e-01 9.049374e-01 1.699805e+00 8.135499e-01 1.075992e+00 5.156474e-02 2.971657e-01 1.708658e+00 7.860436e-01 4.122315e-02 8.995997e-01 -1.976088e+00 -9.174347e-05 
-8.315037e+00 6.688408e+00 -1.959500e+00 9.973404e-01 6.979460e+00 -1.021051e+00 8.033709e+00 7.840000e+00 7.600960e+00 1.483448e+00 6.063790e+00 9.954994e-01 -1.512927e-01 1.465922e+00 2.079550e+00 2.974407e+00 2.605024e+00 1.370047e+00 1.159513e+00 -4.031408e-01 2.055458e+00 7.692826e-01 1.470839e+00 8.035654e-01 -2.683317e+00 2.480605e-02 
-6.582696e+00 8.531501e+00 2.215794e+00 7.664223e-01 1.002632e+01 2.255435e-01 3.614074e+00 5.315768e+00 4.390926e-01 -1.844540e+00 4.231748e+00 -3.558973e+00 -1.238030e-01 3.795559e+00 2.451760e+00 2.378772e+00 9.927409e-01 -7.068335e-01 1.224551e+00 -1.087010e+00 4.918194e-03 -1.783781e+00 2.255346e+00 5.729254e-01 -2.784963e+00 9.616222e-02 
-2.298563e+00 1.190033e+01 3.461273e+00 4.505916e+00 9.330435e+00 5.523000e-01 5.201726e+00 9.370826e+00 2.956359e+00 -3.960643e-01 2.428622e+00 -3.794200e+00 -4.100728e-02 5.631829e+00 8.753627e-01 1.249180e+00 -8.515466e-01 -2.586372e+00 1.391409e-01 -3.684298e+00 -1.348110e+00 -3.073268e+00 -1.250732e+00 -1.206967e+00 -1.005517e+00 1.679538e-01 
8.600585e+00 1.316465e+01 4.051487e-01 -1.336382e+00 8.969421e-01 -1.015163e+00 5.061891e-01 3.781012e+00 -6.617324e+00 4.002267e+00 1.914441e+00 -8.895278e+00 2.743757e-01 5.155138e+00 -7.759318e-01 7.919305e-01 -5.206578e-01 -4.118697e+00 -1.827599e+00 -2.133773e+00 -8.966904e-01 -3.514053e+00 -1.839587e+00 -3.086897e-01 -2.896296e-01 1.892412e-01 
1.225247e+01 8.748648e+00 5.191725e+00 -2.208991e+00 -1.387711e+00 2.950068e-01 -8.833838e+00 1.866828e+00 -4.237174e+00 -7.693616e+00 1.187610e+00 -1.363935e+00 4.893869e-01 2.775277e+00 -2.988917e+00 1.685838e+00 -5.946765e-02 -4.247703e+00 -7.952455e-01 -3.304500e+00 -2.456223e+00 -6.772312e-01 -2.917781e+00 -1.322635e+00 1.372178e+00 1.609835e-01 
1.191748e+01 6.227684e+00 5.310221e+00 1.520586e+00 -5.208094e+00 -8.783806e+00 -3.701115e-02 4.584316e+00 -1.353440e+01 -7.393701e+00 3.308805e+00 -6.222253e+00 5.572059e-01 -3.199911e-01 -5.286157e+00 1.537546e+00 -2.922279e-01 -2.856927e+00 2.138768e+00 -2.768233e+00 -3.449207e+00 4.364529e+00 -8.762614e-01 -2.047132e+00 1.946000e+00 1.314621e-01 
9.919373e+00 4.242319e-01 9.437925e+00 2.780093e+00 -8.855562e+00 4.603934e-01 -1.104917e+01 -3.311938e+00 3.028743e+00 -9.286986e+00 -4.881736e+00 1.730180e+00 6.224951e-01 -1.578287e+00 -5.575141e+00 -7.705525e-01 -1.526872e+00 -2.277293e+00 4.069793e+00 -1.524996e+00 -3.689118e+00 6.060206e+00 2.635626e+00 -2.000223e+00 -8.579426e-02 1.278605e-01 
8.167177e+00 -9.103928e+00 5.969780e+00 -5.292063e+00 -9.653767e+00 9.595984e+00 -1.222731e+01 -1.087564e+01 1.157236e+01 4.176447e-01 -5.286549e+00 -7.123331e-01 8.651320e-01 -9.168892e-01 -6.015836e+00 -1.510240e+00 -2.239510e+00 -1.185803e+00 6.353931e+00 -2.329530e+00 -2.418036e+00 5.302986e+00 3.032012e+00 -1.272256e+00 -8.448946e-01 1.194473e-01 
6.236185e+00 -1.146125e+01 1.009183e+00 -6.437026e+00 -1.055134e+01 1.145408e+01 -1.036367e+01 -8.848783e+00 1.351048e+01 1.578840e+00 -4.515827e+00 -4.547867e+00 9.747261e-01 5.770707e-02 -4.898721e+00 -1.841902e+00 -1.787675e+00 -1.140162e-01 4.492772e+00 5.137491e-01 -1.370023e-01 2.277861e-01 2.269548e+00 6.660010e-01 -2.620681e+00 8.412807e-02 
9.174629e+00 -1.790875e+01 1.973393e+00 -5.068403e+00 -1.028922e+01 1.748901e+01 -1.202741e+01 -4.737439e+00 7.739662e+00 2.333447e+00 -3.235429e+00 -7.307703e+00 9.783270e-01 5.406312e-01 -2.795138e+00 -9.817663e-01 -2.212064e-01 7.967758e-03 3.313094e+00 8.081554e-01 6.924270e-01 -1.929835e+00 -1.762947e-01 1.555603e+00 -2.333681e+00 2.815479e-02 
9.704182e+00 -1.966696e+01 2.226608e+00 -6.270113e+00 -9.107917e+00 1.897774e+01 -8.580376e+00 -7.066051e+00 6.084022e+00 1.102854e+00 -2.577291e+00 -8.075538e+00 9.865379e-01 6.626207e-01 -1.497924e+00 -4.750082e-01 -3.143309e-01 2.445644e-01 2.784520e+00 7.151276e-01 -3.745196e-01 -2.181994e+00 -2.219984e-01 1.381178e+00 -1.321732e+00 2.725202e-03 
9.136334e+00 -1.897676e+01 4.522359e-01 -6.481552e+00 -1.033564e+01 2.239962e+01 -9.078178e+00 -8.304873e+00 5.636411e+00 -2.258359e-01 1.522199e+00 -1.061690e+01 1.000000e+00 1.452188e-02 1.366308e-01 -1.189330e+00 -9.423091e-02 -4.670558e-01 2.217071e+00 1.209771e-01 -6.478223e-01 -1.270927e+00 5.664480e-01 6.750346e-01 -5.992323e-01 1.026094e-03 
9.568436e+00 -1.841687e+01 -6.052799e-01 -7.302106e+00 -9.305307e+00 2.292137e+01 -8.262648e+00 -8.937663e+00 3.652133e+00 1.748489e+00 1.124978e-02 -9.501927e+00 9.775156e-01 1.961967e-01 4.244898e-01 -1.233579e+00 -1.075565e-01 -1.257261e-01 1.537756e+00 -2.538786e-02 -5.581785e-01 -8.818653e-01 1.455115e+00 -7.026176e-02 -8.325100e-03 -5.719286e-03 
9.315111e+00 -1.785064e+01 -2.557315e+00 -5.023561e+00 -1.252580e+01 2.660255e+01 -1.158139e+01 -7.040744e+00 2.600972e+00 4.842869e+00 -1.154526e+00 -9.590670e+00 9.879686e-01 4.452957e-01 2.213871e-01 -6.500006e-01 -3.307478e-01 5.125667e-01 -2.473831e-03 5.657420e-01 -2.856216e-01 -8.237475e-01 1.905489e+00 -1.414129e+00 1.792345e+00 -1.384729e-02 
1.059578e+01 -1.810757e+01 -2.436512e+00 -7.536890e+00 -8.641465e+00 2.456505e+01 -7.455707e+00 -1.048901e+01 3.192415e+00 5.844074e+00 -1.590237e+00 -8.630280e+00 9.639572e-01 3.972605e-01 -4.496651e-02 -2.470380e-01 -6.077600e-03 4.477580e-01 -8.256298e-01 7.301863e-01 -5.125834e-01 -1.421718e-01 7.906953e-01 -6.491283e-01 1.553704e+00 -1.159352e-02 
1.084914e+01 -1.802448e+01 -1.882151e+00 -8.017899e+00 -8.104727e+00 2.156541e+01 -6.652938e+00 -8.957309e+00 1.747532e+00 7.253815e+00 -4.747700e+00 -2.091003e+00 9.375427e-01 1.214344e-01 -1.377426e-01 9.028681e-02 2.933434e-01 5.518716e-01 -1.277779e+00 6.858508e-01 -3.765189e-01 1.035333e-01 -1.371446e-02 -5.683858e-01 1.297879e+00 -8.276629e-03 
1.078772e+01 -1.855478e+01 -2.178052e+00 -5.835325e+00 -9.277056e+00 2.131179e+01 -7.075943e+00 -1.054230e+01 3.367994e+00 4.496492e+00 -1.437805e+00 -5.483241e+00 9.447609e-01 -3.652305e-01 6.788597e-02 8.415048e-02 9.667608e-01 -8.118439e-02 -1.379799e+00 3.433408e-01 -6.999970e-05 2.608665e-01 -4.449323e-01 -1.410042e-01 3.029270e-01 -2.873993e-03 
9.826310e+00 -1.831575e+01 -2.235111e+00 -4.407627e+00 -9.448650e+00 2.184029e+01 -8.342020e+00 -8.896693e+00 3.030849e+00 5.448088e+00 -4.072672e+00 -4.674796e+00 9.561836e-01 -4.590113e-01 2.135370e-01 9.040115e-02 1.070814e+00 -1.230412e-01 -1.642254e+00 3.232043e-01 4.628092e-01 3.588881e-01 -2.453635e-01 -7.005855e-02 -9.763508e-01 -4.258162e-03 
9.281041e+00 -1.762251e+01 -1.839280e+00 -4.508222e+00 -8.375425e+00 1.752862e+01 -4.894462e+00 -1.051967e+01 3.855089e+00 4.522277e+00 -2.632773e+00 -5.823749e+00 9.402668e-01 -1.570552e-01 -3.141537e-02 7.763730e-01 6.835704e-01 -3.372192e-01 -2.025898e+00 -6.544247e-02 1.683351e+00 1.725983e-01 6.130753e-02 -1.368621e-01 -1.314069e+00 -9.941560e-03 
9.307426e+00 -1.742293e+01 -1.599531e+00 -3.327380e+00 -9.170748e+00 1.524573e+01 -6.127657e+00 -6.654580e+00 3.298425e+00 6.014105e+00 -4.500509e+00 -6.802503e+00 9.184990e-01 2.244656e-01 -7.014233e-01 1.457192e+00 9.043342e-01 -1.002223e+00 -2.207094e+00 -7.740251e-01 2.382079e+00 4.953288e-01 1.055250e-01 -4.164938e-01 -8.559084e-01 -7.193374e-03 
1.026189e+01 -1.915827e+01 1.386023e+00 -2.957597e+00 -1.110210e+01 1.447958e+01 -8.510338e+00 -3.246599e+00 4.097197e+00 4.520021e+00 -1.908197e+00 -1.098973e+01 9.138954e-01 3.767678e-01 -1.001592e+00 1.787107e+00 1.766160e+00 -2.154973e+00 -1.274156e+00 -1.739252e+00 3.354868e+00 2.196220e-01 -5.470259e-01 -5.742934e-01 3.821498e-01 -5.741823e-03 
1.045821e+01 -2.105498e+01 3.438197e+00 -6.612686e-01 -1.309643e+01 1.232933e+01 -1.040421e+01 -6.228309e-01 5.386439e+00 5.976841e+00 -6.517429e+00 -6.371346e+00 9.334024e-01 -2.539203e-01 -1.589819e-01 2.017272e+00 1.571414e+00 -9.987863e-01 -2.457448e+00 -1.566323e+00 3.721302e+00 -1.146024e+00 -3.337853e-01 -3.609266e-01 1.462761e+00 -1.537168e-02 
1.058949e+01 -2.081444e+01 4.577392e+00 2.989520e+00 -1.718745e+01 1.261604e+01 -1.145245e+01 3.238801e+00 3.909192e+00 1.805779e+00 -4.495780e+00 -4.128578e+00 9.041060e-01 -5.268412e-01 9.155630e-01 1.782290e+00 1.162555e+00 -4.433804e-01 -2.685256e+00 -1.148041e+00 3.531048e+00 -9.407433e-01 -9.417707e-01 -9.459953e-01 3.014678e+00 -3.533077e-02 
7.874026e+00 -1.738976e+01 6.891148e+00 1.556129e+00 -1.112201e+01 3.890258e+00 -1.248822e+01 8.709231e+00 -2.337693e+00 5.702299e+00 -5.011350e+00 -2.919273e+00 8.465353e-01 -4.706868e-01 1.816741e+00 1.541607e+00 4.224506e-01 2.250273e-01 -2.945237e+00 -4.645528e-01 2.035542e+00 -4.650443e-02 -1.403364e+00 -3.784261e-01 3.036458e+00 -5.853485e-02 
8.919777e+00 -1.641307e+01 8.570998e+00 1.746480e+00 -1.430621e+01 5.272840e+00 -1.320853e+01 9.742609e+00 3.255546e+00 -5.156142e-02 -7.391213e+00 2.357624e+00 7.806751e-01 -1.070730e-01 2.181912e+00 1.067200e+00 -1.432266e-02 6.752310e-01 -2.778448e+00 4.271173e-01 -2.255030e-01 1.396839e+00 -1.748974e+00 -6.962012e-01 3.134918e+00 -7.793989e-02 
8.939635e+00 -1.417196e+01 9.149427e+00 2.072505e+00 -1.341191e+01 1.274748e+00 -1.184893e+01 6.302973e+00 5.480740e+00 -1.113104e-01 -6.961843e+00 5.567841e+00 7.024436e-01 3.953097e-01 3.436897e+00 -4.818648e-01 -8.862756e-01 2.216792e+00 -1.793935e+00 1.912408e+00 -6.180593e-01 7.689809e-01 -3.297977e+00 -5.593036e-01 2.929248e+00 -1.156302e-01 
9.521317e+00 -1.151378e+01 8.784254e+00 2.659719e+00 -1.266634e+01 3.155327e-02 -9.636505e+00 3.314415e+00 6.984173e+00 -4.032287e+00 -7.001540e+00 7.302456e+00 5.864524e-01 -4.829221e-02 4.934682e+00 -1.171208e+00 -1.673365e+00 3.930873e+00 -3.619017e+00 3.154167e+00 1.224742e+00 -3.117675e+00 -1.724195e+00 2.908584e+00 1.044251e+00 -1.250966e-01 
9.549805e+00 -2.654920e+00 4.375196e+00 -3.331869e+00 -8.579812e-01 -2.458776e+00 -4.712195e+00 8.833032e+00 -3.571023e-01 -8.797222e+00 -8.002706e+00 9.254549e+00 3.654957e-01 -9.846279e-01 5.435342e+00 -1.381503e+00 -9.319016e-01 4.641870e+00 -3.990854e+00 3.792901e+00 2.521300e+00 -3.571017e+00 8.349637e-01 3.339578e+00 -8.469874e-01 -1.341761e-01 
8.373231e+00 2.501822e+00 5.102077e+00 -3.918159e+00 -9.288116e-01 -1.095548e+01 -1.006069e+00 1.460129e+01 -9.413908e+00 -4.329583e+00 7.672140e+00 5.735524e+00 3.236658e-01 -1.219724e+00 4.257739e+00 -2.028832e+00 2.031755e-01 3.482277e+00 -4.109201e+00 4.631157e+00 1.429917e+00 -1.768248e+00 1.480626e+00 2.799274e+00 -1.130814e+00 -1.187775e-01 
4.590539e+00 5.996947e+00 4.083002e+00 7.019355e-01 3.928679e+00 -1.318600e+01 2.800357e+00 1.326604e+01 -4.175303e+00 4.212156e+00 2.399209e+00 2.116370e+00 1.629562e-01 -1.105988e+00 1.832719e+00 -3.000811e+00 3.773254e-01 -3.428694e-01 -2.781277e+00 3.416093e+00 -1.354741e+00 7.476094e-01 7.971990e-01 9.103138e-01 -2.180265e+00 -8.196633e-02 
5.902328e+00 5.448981e+00 -1.213809e+00 1.658695e+00 2.351712e+00 -1.515084e+01 9.763004e+00 8.247500e+00 5.203529e-02 -3.133845e+00 1.793872e+00 5.217475e+00 9.383470e-02 -1.216170e+00 -1.615715e-01 -4.690760e+00 -1.248196e+00 -1.359414e+00 -5.658051e-01 5.792036e-01 -2.603068e+00 1.535316e+00 -1.755991e+00 -2.137891e+00 -1.463612e+00 -7.418228e-02 
5.255315e+00 5.035097e+00 -7.470919e+00 -4.233668e+00 -4.212590e+00 -1.426748e+01 6.983736e+00 5.236221e+00 -1.352027e+00 -5.409097e+00 -5.120023e-01 -1.387753e+00 7.057959e-02 -1.222154e+00 -5.118726e-01 -3.555195e+00 -2.115833e+00 -1.784099e+00 1.510271e-01 -1.033765e+00 -1.974654e+00 -1.031981e+00 -3.045003e+00 -4.725717e-01 -6.228517e-01 -5.296203e-02 
1.959994e+00 2.174890e+00 -1.257476e+01 -7.691339e+00 -3.655249e+00 -1.324377e+01 -2.017398e-01 5.600854e+00 -3.148967e+00 -8.298913e+00 -1.561709e+00 1.695263e-01 -1.057267e-03 -1.671687e+00 -3.037081e-01 -7.593622e-01 -7.510822e-01 5.413913e-01 1.959728e+00 -7.798331e-01 -5.770129e-01 -1.758451e+00 -1.005854e+00 7.808791e-01 -1.127924e-01 -4.512721e-02 
4.509335e-01 5.074630e+00 -8.012497e+00 -5.202214e+00 -1.988337e+00 -1.338440e+01 2.613903e+00 4.716087e+00 -7.734705e+00 -8.430322e+00 1.714142e+00 1.526086e+00 -5.440795e-02 -1.302571e+00 2.795334e-01 2.255112e+00 1.995083e+00 3.451981e+00 2.930641e+00 8.696411e-01 -6.981295e-01 -6.850568e-01 1.064941e+00 1.690365e+00 8.390509e-01 -3.088689e-02 
-5.391455e-02 3.910674e+00 -4.739831e+00 -1.612444e+00 3.946542e+00 -5.793740e+00 8.048756e+00 5.622503e+00 -5.548881e+00 -6.652504e+00 4.585196e+00 3.196594e+00 -6.930757e-02 -4.278957e-01 1.014251e+00 3.336319e+00 2.658056e+00 3.182400e+00 2.582559e+00 1.434046e+00 -9.309117e-01 -4.695546e-01 1.286094e+00 2.007055e+00 8.994535e-01 -7.677245e-03 
-2.505836e-01 5.564872e+00 -1.128223e-01 2.702302e+00 9.246418e+00 -3.339295e+00 7.206694e+00 1.734749e+00 -3.577353e+00 -9.075953e-01 4.866370e+00 1.293968e+00 -4.972970e-02 -1.614337e-01 1.220823e+00 2.335957e+00 1.975022e+00 1.847164e+00 5.524860e-01 2.004927e-01 3.176942e-01 9.086863e-01 1.465471e+00 1.545952e+00 1.190104e+00 -2.295852e-03 
1.712742e-01 7.001023e+00 1.569982e-01 1.646686e+00 6.639374e+00 -5.353526e+00 4.672092e+00 2.436965e+00 -7.575416e+00 -5.629805e+00 6.897452e+00 4.782853e+00 -4.178262e-02 -4.956614e-01 1.680501e+00 1.095556e+00 6.443599e-01 -8.998884e-01 -1.917996e+00 -1.209335e+00 5.435901e-01 9.144023e-01 1.154311e+00 1.581921e+00 1.592777e+00 -8.537185e-03 
-4.688292e-01 9.633568e+00 1.218872e+00 3.043329e+00 5.901068e+00 -1.084208e+01 5.304698e+00 7.897327e+00 -2.178006e+00 -1.614315e+00 8.287775e+00 6.683478e+00 -7.964969e-02 -3.797651e-01 1.667428e+00 4.551883e-01 -6.343798e-02 -1.494731e+00 -1.132102e+00 -3.862620e-01 7.461735e-01 1.083635e+00 4.768364e-01 6.187441e-01 1.019827e+00 -1.508749e-02 
-2.423099e+00 1.027883e+01 7.209969e-02 1.438842e+00 1.119774e+00 -1.163233e+01 2.953080e+00 5.259164e+00 -1.676543e+00 -5.275868e-01 1.078410e+01 8.465722e+00 -9.703350e-02 -1.076180e+00 5.575060e-01 -2.730529e-01 -4.199136e-01 -1.148336e+00 3.055127e-01 3.356091e-01 -1.601554e-01 1.285531e+00 9.750550e-01 -1.492543e+00 -8.141718e-02 -2.369121e-02 
-8.522224e-01 1.226311e+01 2.205569e+00 2.489034e+00 4.532565e+00 -5.860405e+00 6.134890e+00 4.054517e+00 -1.108615e+00 -1.074522e+00 6.016768e+00 4.551670e+00 -9.754169e-02 -8.620970e-01 4.821644e-02 -3.247491e-01 -3.394206e-01 9.495197e-02 2.201469e+00 -4.385322e-01 -2.216370e+00 -1.766894e-01 -3.908369e-01 -3.595219e+00 -1.884626e+00 -1.623770e-02 
-5.017931e+00 8.473784e+00 -1.701614e+00 -1.757345e-01 1.581944e+00 -6.316800e+00 5.935043e+00 3.557593e+00 -1.682456e+00 -1.024426e+00 5.702398e-01 5.441671e+00 -1.512927e-01 -5.747595e-01 -1.212208e-01 -1.762196e-01 -1.355500e-01 8.859504e-01 1.668517e+00 -9.272799e-01 -2.475725e+00 -1.147025e-01 2.408332e-01 -2.847005e+00 -1.536153e+00 -1.390493e-02 
-3.481898e+00 1.077717e+01 4.819839e-01 2.153514e+00 6.144743e+00 -2.492501e+00 1.621056e+00 -2.333736e+00 -3.058497e+00 -3.320080e+00 -4.581392e+00 -1.227627e+00 -1.337086e-01 -6.693657e-01 -1.742073e-01 3.367456e-01 1.148764e-01 1.386161e+00 1.299537e+00 -1.265092e-02 -1.301718e+00 2.377182e-01 1.230448e+00 -1.397734e+00 -5.330381e-01 -9.872640e-03 
-3.982059e+00 1.041569e+01 5.279398e-02 9.288514e-01 4.743438e+00 -4.973698e+00 5.735970e-01 -3.925334e+00 -1.275115e+00 1.799358e+00 1.848153e+00 3.674605e+00 -1.484747e-01 -2.689124e-01 1.403418e-01 9.000410e-01 1.352823e+00 2.771112e+00 1.334927e+00 5.401909e-01 -5.292072e-01 5.433962e-02 1.231798e+00 1.329612e-01 -3.166068e-01 -6.230831e-04 
-4.716987e+00 1.042111e+01 3.012092e+00 2.511123e+00 9.882624e+00 -3.426981e-02 8.752357e+00 1.287388e+00 -1.236948e-01 3.665824e+00 -1.610859e+00 2.770013e+00 -1.483139e-01 -5.672022e-01 -1.170178e-01 9.601809e-01 1.948741e+00 1.950858e+00 5.295815e-01 1.449860e+00 4.748426e-01 8.378701e-01 1.885160e+00 7.258675e-01 -8.335491e-01 -1.854300e-03 
-5.744949e+00 9.353524e+00 1.533536e+00 6.409577e+00 1.356857e+01 -8.712783e-01 5.070346e+00 -8.990054e-01 -2.878159e+00 1.641613e+00 -2.502205e-01 1.859817e+00 -1.471055e-01 -8.842211e-01 -4.661427e-01 6.395994e-01 1.259596e+00 1.473665e+00 1.255939e-01 4.694340e-01 9.371934e-02 1.494898e+00 1.095043e+00 4.761429e-01 -1.202266e+00 -9.868145e-05 
-5.436464e+00 1.072317e+01 4.542518e+00 9.156855e+00 1.148647e+01 -1.895804e+00 6.621983e+00 -1.472688e+00 1.932375e+00 6.184594e+00 9.713209e-02 -4.487979e+00 -1.436647e-01 -5.544044e-01 -1.231712e-01 -4.246392e-02 9.888967e-01 1.653209e-01 -8.014988e-01 -1.109527e+00 2.044511e-02 1.283859e+00 6.592079e-02 1.462724e+00 -4.795891e-01 -1.014483e-03 
-8.043427e+00 7.933953e+00 2.485578e+00 3.903966e+00 1.130984e+01 -3.414961e+00 3.985954e+00 -2.076699e+00 5.171342e+00 6.015189e+00 3.374872e+00 1.292270e+00 -1.512927e-01 -2.391443e-01 -4.650506e-01 -7.975107e-01 -1.336193e-02 1.150819e-01 1.788216e-02 -1.889707e-01 1.137459e+00 1.175118e+00 -4.883619e-01 1.049395e+00 1.635365e-01 -1.600242e-03 
-6.339771e+00 1.051504e+01 2.323752e+00 8.708412e+00 1.183859e+01 -2.769922e+00 3.746921e+00 1.978461e+00 2.270852e+00 1.808640e+00 3.890218e+00 6.558411e-01 -1.512927e-01 -1.773649e-01 -3.240515e-01 -1.643584e+00 -1.269066e+00 -5.130854e-01 3.732227e-01 -5.773097e-01 9.295311e-01 1.091727e+00 -7.907032e-01 7.241298e-01 5.505435e-01 -1.525593e-03 
-6.489017e+00 7.132334e+00 -1.344634e+00 6.566989e+00 1.396791e+01 -3.448081e-01 5.563024e+00 3.062716e+00 2.828191e+00 1.387781e+00 3.100214e+00 1.055893e-01 -1.512927e-01 3.971118e-01 2.245693e-02 -9.764673e-01 -1.302085e+00 -1.013340e+00 5.429305e-01 2.917852e-01 1.012177e+00 3.517690e-02 8.387463e-02 3.512895e-01 -2.054806e-01 0.000000e+00 
-7.100493e+00 9.503722e+00 -1.760297e+00 1.480011e+00 7.592002e+00 -1.564766e+00 2.946899e+00 6.052600e-01 8.562587e+00 4.544783e+00 3.855110e+00 -1.141921e+00 -1.512927e-01 -1.459729e-01 -4.237005e-01 1.288194e-01 -1.334909e+00 -8.561417e-01 8.473282e-01 1.125064e+00 -4.146943e-02 1.982102e-01 1.680502e+00 4.078427e-01 9.818369e-01 1.224756e-03 
-5.677506e+00 8.551898e+00 -3.547344e-01 1.007739e+00 8.366433e+00 -1.302886e+00 5.844891e+00 3.670784e+00 2.201359e+00 5.066491e+00 5.148873e+00 1.163748e+00 -1.512927e-01 -1.793693e-01 4.384537e-02 6.368034e-01 -2.559465e-01 -1.078783e+00 3.557355e-01 7.574865e-01 -3.039648e-01 -3.884620e-01 1.941204e-01 -4.418578e-01 1.853461e+00 6.123781e-04 
-7.475391e+00 7.686759e+00 2.472899e+00 4.813494e+00 1.035862e+01 1.945758e+00 9.231305e+00 1.467080e+00 3.575319e+00 8.371794e+00 4.905102e+00 5.035946e+00 -1.451689e-01 -6.701698e-02 1.921267e-02 6.017088e-01 6.843837e-01 1.242015e-01 8.128250e-02 6.160170e-01 -8.339384e-01 -1.471626e+00 -1.540866e+00 -1.634029e+00 1.019052e+00 0.000000e+00 
-7.198414e+00 8.260043e+00 -2.772150e-01 3.620515e+00 7.190686e+00 -3.213930e-01 6.208253e+00 1.111982e+00 3.379515e+00 4.448774e-01 3.659284e-01 6.283958e+00 -1.512927e-01 1.902990e-02 4.843483e-02 -6.446021e-01 -4.263149e-01 -6.961193e-01 2.557330e-01 4.140861e-02 -8.099055e-01 -2.852346e-01 -1.382504e+00 -1.658940e+00 1.905694e-02 -6.123781e-04 
-6.675124e+00 9.745713e+00 1.209488e+00 3.595542e+00 8.800883e+00 -1.649101e+00 5.845303e+00 -2.285031e+00 6.153796e-01 -8.487423e-01 -1.923562e+00 1.393232e+00 -1.512927e-01 4.585666e-01 4.755960e-01 -6.313057e-01 -1.137460e+00 -1.493769e+00 -1.255589e+00 -1.104335e+00 3.734855e-01 -4.392973e-01 -6.201907e-01 3.489647e-02 -8.632749e-01 -1.224756e-03 
-5.982490e+00 7.764595e+00 -2.946039e+00 -5.148594e-01 5.664707e+00 1.773208e+00 7.744935e+00 1.497312e+00 2.255155e+00 2.764241e+00 2.685039e-01 3.080390e+00 -1.512927e-01 4.978495e-01 1.504563e-01 -3.073844e-01 -4.695759e-01 -1.151662e+00 -1.630777e+00 3.090375e-02 9.095904e-01 5.944151e-02 4.953678e-01 8.736361e-01 -3.159249e-01 0.000000e+00 
-5.790520e+00 1.031246e+01 6.507823e-01 1.193878e+00 3.652768e+00 -5.379487e+00 2.941291e+00 3.141843e+00 1.941013e+00 4.111158e+00 5.128296e+00 2.321356e+00 -1.512927e-01 3.878331e-01 -1.069173e-01 -4.077290e-01 7.441773e-02 -1.124717e+00 -1.830526e+00 4.008793e-01 1.191224e+00 5.555804e-01 2.585423e-02 7.203160e-01 6.853963e-01 0.000000e+00 
-5.151469e+00 8.728950e+00 -1.534785e+00 2.473467e+00 4.006435e+00 -6.610085e+00 7.814778e+00 2.946497e+00 3.013906e+00 4.417664e-01 1.208180e+00 4.240272e+00 -1.512927e-01 2.301094e-01 3.451958e-02 6.369428e-02 7.256242e-01 -2.962875e-01 -1.799718e+00 5.013174e-01 2.703025e-01 2.590396e-01 -8.314341e-01 -2.040765e-01 4.238681e-01 0.000000e+00 
