-6.685843e+00 -4.351287e+00 -8.433069e+00 -4.348322e+00 5.842441e+00 -2.506186e-01 -1.002740e+01 3.491053e+00 2.104254e+00 1.135408e+00 2.453992e-01 2.681099e+00 -1.152623e-02 5.079136e-02 8.160417e-02 6.733454e-01 1.031999e+00 -2.969728e-01 2.756006e-01 1.608393e+00 1.932554e-01 -4.132882e-01 6.280352e-01 1.950418e-01 2.190036e-01 6.531614e-03 
-7.538676e+00 -5.094373e+00 -7.749404e+00 -5.912948e-01 4.701258e+00 1.003127e+00 -8.543742e+00 3.045880e+00 1.295823e+00 3.911026e+00 2.584568e+00 2.152477e+00 1.723081e-02 5.940493e-01 6.157728e-01 5.858797e-01 9.749734e-01 -7.721778e-01 -7.126673e-01 1.276560e+00 3.054815e-01 -9.037694e-02 3.330129e-01 -1.084434e+00 4.652790e-01 4.336583e-03 
-6.005470e+00 -3.571724e+00 -5.408175e+00 -1.066839e+00 4.928169e+00 5.005114e-01 -2.727258e+00 4.679916e+00 4.420279e-01 2.887774e+00 5.102420e-02 4.040428e+00 6.753325e-03 5.024092e-01 3.522052e-01 -1.483619e-01 -1.546812e-01 -1.167131e+00 -9.023958e-01 7.501438e-01 5.454538e-02 -1.502449e-01 2.403068e-01 -1.126930e+00 4.250744e-01 -1.176572e-03 
-4.055783e+00 -1.662205e+00 -7.016118e+00 -1.114197e+00 2.438688e+00 -4.189520e+00 -7.294666e+00 4.424028e+00 2.483482e+00 1.924289e+00 -5.079584e+00 4.327829e+00 1.016915e-03 1.414886e-01 5.840789e-01 -2.216640e-01 -9.762064e-01 -3.605308e-01 -4.895486e-01 -4.925361e-01 -5.002340e-01 -1.347604e+00 -8.265859e-01 -5.160390e-01 3.381073e-01 -9.492135e-03 
-5.915244e+00 -4.306345e+00 -9.541522e+00 -4.860277e+00 1.138070e+00 -2.166275e+00 -6.901217e+00 3.074706e+00 7.591994e-01 3.330310e+00 -1.557173e+00 3.718795e+00 -9.302139e-03 9.860067e-02 9.523392e-01 3.512709e-01 -7.601820e-01 2.211968e-01 4.342554e-01 -1.887049e+00 -6.782462e-01 -1.441194e+00 -1.107067e+00 3.602253e-01 -3.318569e-01 -9.278243e-03 
-6.876346e+00 -1.806668e+00 -6.791050e+00 -3.575608e+00 4.793654e+00 -1.112231e-01 -8.919443e+00 1.347315e+00 -5.600784e+00 -4.431719e-01 8.084710e-01 4.003829e+00 -2.220213e-02 -2.610436e-02 1.254135e+00 1.669039e+00 -4.513158e-01 9.801729e-01 8.741550e-01 -1.763551e-01 -9.854298e-01 -1.525699e+00 -1.024165e+00 1.651688e+00 -8.309175e-01 -8.747769e-03 
-4.102185e+00 1.262203e+00 -3.764354e+00 -3.637044e+00 4.856670e+00 6.326401e-01 -1.135011e+01 2.827042e+00 -2.721809e+00 -1.463832e+00 -1.091877e+00 2.543143e+00 -2.802837e-02 6.982231e-02 7.533377e-01 1.416512e+00 6.499088e-01 4.823582e-02 -3.101186e-01 -2.315841e-01 -1.720229e+00 6.365713e-01 1.240784e+00 1.504945e+00 -9.267496e-01 8.554971e-03 
-5.092834e+00 1.824195e+00 -1.559505e+00 -3.982392e+00 5.480253e+00 -1.218202e+00 -5.951992e+00 -3.792882e-01 -3.404510e+00 -7.994656e-01 2.946207e+00 7.610670e-01 -3.335881e-02 -3.244837e-01 3.279107e-01 6.474275e-01 7.246681e-02 -5.712658e-01 -6.158634e-01 1.748059e-01 -6.017741e-01 1.848238e+00 2.033080e+00 1.179829e+00 -8.579186e-01 1.681387e-03 
-6.457888e+00 -2.355089e+00 -5.074733e+00 -1.407341e+00 1.035949e+00 -3.163378e+00 -9.542863e+00 -4.663136e+00 2.843919e+00 9.712376e+00 4.898685e+00 7.064278e-01 3.905106e-02 -1.110985e+00 4.344695e-01 3.256979e-01 -2.305951e-01 -1.357612e+00 2.848615e-01 1.082636e+00 5.594096e-01 -7.936268e-02 1.183473e+00 1.359186e+00 8.544426e-02 -1.712799e-03 
-7.320913e+00 1.641532e+00 -2.898723e+00 -4.328125e+00 3.847686e+00 -1.292531e+00 -8.949039e+00 2.083534e+00 8.575444e-01 4.134126e+00 3.712336e+00 6.325946e-01 -4.733491e-02 -9.889358e-01 6.518000e-01 3.923638e-01 -4.471330e-01 -1.439409e+00 5.686998e-01 6.118419e-01 1.853944e+00 -4.802524e-01 7.433309e-02 6.578791e-01 8.723459e-01 -1.072315e-02 
-8.543068e+00 3.525882e+00 -1.466255e+00 -4.617153e+00 -1.115106e+00 2.094112e+00 -4.438409e+00 4.392679e+00 -5.249650e+00 1.986735e+00 5.320988e+00 3.034601e+00 -2.960432e-02 -6.332261e-01 5.856110e-01 1.220689e-01 1.882728e-01 7.389870e-01 1.628094e+00 1.825680e+00 2.515152e+00 -1.746933e+00 -2.758288e+00 -2.790385e-01 1.395918e+00 -1.053398e-02 
-8.994923e+00 2.142710e+00 -1.401924e+00 -4.613152e+00 -6.412635e-01 -1.003448e+00 -5.445010e+00 4.362524e+00 -1.758988e+00 3.435020e+00 6.024452e+00 3.958710e+00 -5.264688e-02 -5.812186e-01 -3.881347e-01 -2.542427e-01 5.327306e-01 1.155248e+00 1.057824e+00 1.858368e+00 1.488247e+00 -4.427319e-01 -5.511554e-01 1.240829e+00 1.946430e+00 -3.110933e-03 
-8.787014e+00 3.223774e-01 -5.212788e+00 -3.234639e-01 6.975358e+00 4.832550e+00 -2.166479e+00 6.773127e+00 -4.582479e+00 -3.729510e+00 2.347435e+00 6.022958e+00 -1.096284e-02 -4.501534e-01 -2.121950e-01 7.345652e-01 2.212903e-01 7.314194e-01 -1.578201e+00 6.174583e-01 1.563781e+00 1.112081e+00 3.573132e-01 1.223576e+00 4.248052e-01 -1.649415e-02 
-1.010503e+01 1.302611e+00 -2.296671e+00 -3.811316e+00 5.578691e+00 2.627370e+00 -7.931634e-01 8.334543e+00 -1.689701e+00 4.236472e+00 1.140325e+01 8.870564e+00 -7.221031e-02 -6.741297e-01 -2.380929e-02 1.082499e+00 -4.707337e-01 -2.992282e-02 -2.059456e+00 -2.834876e-02 1.244662e+00 1.321922e+00 2.703620e-01 5.772346e-01 2.070889e-01 -1.333952e-02 
-1.023878e+01 2.884957e+00 2.653944e+00 -3.911619e+00 -5.679860e-01 -7.612299e+00 -3.677041e+00 1.022557e+01 2.761129e-01 3.372575e+00 8.749467e+00 2.702699e+00 -1.022934e-01 -2.740417e-01 3.589930e-01 3.909783e-01 -8.409451e-01 -1.086952e+00 -1.791520e+00 -5.915104e-01 1.008754e+00 1.649965e+00 7.860981e-01 -1.883647e-01 -5.418295e-01 -5.962491e-03 
-1.163969e+01 7.423740e-01 7.720229e-02 -5.172742e+00 2.980795e+00 -5.078303e+00 -4.831473e+00 8.859612e+00 2.421327e+00 1.235788e+00 5.709609e+00 6.654284e+00 -7.367921e-02 5.407389e-01 3.712967e-01 -6.464726e-01 6.279242e-03 -4.502306e-01 2.775480e-01 -1.700397e-01 -1.382410e-01 8.444919e-02 -1.310383e+00 -2.329903e+00 -1.048826e+00 7.039142e-03 
-9.389894e+00 2.397460e+00 -4.444833e+00 -3.847476e+00 2.839547e+00 -2.722107e-01 -3.104877e+00 1.155436e+01 1.611834e+00 1.701323e+00 4.252434e+00 4.421951e+00 -4.004085e-02 1.207755e+00 6.336218e-01 -7.636734e-01 1.166164e+00 1.498860e+00 2.387192e+00 6.688702e-01 -7.732436e-01 -6.999038e-01 -1.709939e+00 -1.763311e+00 -9.162277e-01 1.304060e-02 
-7.825781e+00 3.402842e+00 -1.979646e+00 -3.811992e+00 1.623772e+00 3.450656e-01 -1.929444e+00 6.978943e+00 -1.935316e+00 -1.479816e+00 2.002258e+00 2.766807e+00 -6.814086e-02 1.297725e+00 1.240985e+00 1.161795e+00 2.186301e+00 1.433472e+00 1.388647e+00 1.589005e+00 7.385083e-01 2.511262e-01 4.899181e-01 1.993081e-01 -1.912933e+00 5.417907e-03 
-6.106957e+00 4.722831e+00 -1.359992e-01 1.238828e+00 7.604828e+00 1.611978e+00 -1.783704e+00 7.299689e+00 -1.045085e+00 -3.819318e+00 1.786588e+00 6.529903e-02 -3.985953e-02 1.445987e+00 2.147380e+00 2.966266e+00 2.772565e+00 2.402530e+00 3.359330e-01 1.986726e+00 5.983197e-01 2.359327e-01 4.591683e-01 -2.194444e-01 -1.277562e+00 1.686786e-02 
-6.792532e+00 5.784614e+00 3.731761e+00 3.215613e+00 7.765514e+00 9.228356e-01 2.452968e+00 1.467949e+01 5.005418e+00 6.445698e+00 7.939073e+00 -7.320542e-01 -4.668033e-02 3.418971e+00 2.533302e+00 2.409495e+00 1.520707e+00 -3.027503e-01 -2.427956e-01 3.084659e+00 -2.197352e-01 -1.196902e+00 8.104855e-01 1.880433e-01 -1.180634e+00 8.432210e-02 
-2.676583e+00 1.194348e+01 7.530796e+00 6.501544e+00 1.178133e+01 1.118569e+00 4.637549e+00 1.069569e+01 -6.788694e-01 3.440702e-02 1.868045e-01 -2.164278e-01 3.356820e-02 4.224241e+00 1.526098e+00 1.465074e+00 -5.036190e-01 -3.552630e+00 -1.194251e+00 3.734972e+00 -2.388790e+00 -3.205462e+00 3.424536e-01 2.428746e-01 -1.386853e+00 1.253468e-01 
7.553887e+00 1.245903e+01 6.234433e+00 1.160183e+00 -1.978230e+00 -6.222078e-01 1.028323e+01 4.182267e+00 -8.102932e+00 6.457486e-01 3.742366e+00 -2.995502e+00 3.167558e-01 2.767813e+00 -4.546816e-01 8.053856e-01 -1.077727e+00 -3.167871e+00 -4.725613e-01 2.940524e+00 -4.061694e+00 -4.341152e+00 -1.240817e+00 -5.098534e-01 -2.484815e+00 1.135949e-01 
7.841038e+00 9.016111e+00 5.938036e+00 -2.515521e-01 -5.286452e+00 -3.586757e+00 1.297603e+01 6.043506e-01 -1.051822e+01 7.929252e-01 5.099314e+00 -5.737245e+00 4.051564e-01 8.664998e-01 -3.416044e-01 1.543453e+00 -1.744963e-01 -2.788393e+00 2.043331e-01 -5.841446e-03 -2.845179e+00 -3.326468e+00 -3.802095e-01 7.196139e-01 -1.913028e+00 6.617779e-02 
1.787723e+00 4.974888e+00 8.555069e+00 1.203526e+00 4.600496e-01 9.126925e-01 1.298635e+01 -5.833130e-01 -1.178067e+01 -1.376458e-01 2.933551e+00 -1.039572e+01 3.355003e-01 -8.204222e-02 1.168282e+00 1.619289e+00 3.153388e-01 -8.179547e-01 5.506778e-02 -2.646967e+00 -6.337935e-01 -1.559222e+00 -4.584695e-01 -2.481413e-01 -3.043351e-01 3.230650e-02 
4.538999e+00 1.397753e+01 1.408774e+01 5.607391e+00 -3.379780e+00 1.372785e+00 3.256782e+00 -1.147414e+00 -1.547234e+01 -1.474944e+00 4.189281e+00 -6.081456e+00 3.550849e-01 7.361383e-01 9.934288e-01 5.763884e-01 -1.341130e+00 -1.993012e+00 -1.376867e+00 -1.725445e+00 1.921673e-02 -7.272606e-02 1.313967e+00 -5.307827e-01 1.000630e+00 4.647910e-02 
8.794696e+00 1.581973e+01 1.025602e+01 -1.925945e-01 -7.021339e+00 -2.826640e+00 1.908011e+00 1.889182e+00 -1.342198e+01 -5.126643e-01 2.956676e+00 -4.345072e+00 5.033240e-01 2.031187e+00 9.631624e-02 -1.634152e+00 -2.522879e+00 -3.881001e+00 -3.093741e+00 -7.210318e-01 -2.661718e-01 1.340308e+00 2.924140e+00 5.094664e-02 1.123426e+00 9.278064e-02 
8.018243e+00 8.560834e+00 7.969501e+00 -6.259140e+00 -1.151082e+01 -8.601428e+00 9.887969e+00 -5.358133e-01 -1.006120e+01 7.550272e+00 2.433839e+00 -3.759421e+00 5.536401e-01 1.014092e+00 -1.710641e+00 -1.691758e+00 -3.739535e+00 -4.077388e+00 -2.352403e+00 1.941090e+00 4.201031e-02 2.930101e+00 3.864429e+00 -1.565889e-01 -3.667971e-01 8.799362e-02 
1.020403e+01 8.164816e+00 3.443430e+00 -5.477605e+00 -1.487943e+01 -9.568905e+00 6.065594e+00 -2.219973e+00 -7.784701e+00 9.970449e+00 4.066006e+00 -5.939609e+00 7.001259e-01 5.547184e-01 -1.395182e+00 -1.997836e+00 -2.696053e+00 -3.509594e+00 -7.130504e-01 2.736313e+00 -2.756445e-01 3.953220e+00 2.694731e+00 -7.128375e-01 -5.257525e-02 7.474523e-02 
8.904789e+00 9.251779e+00 9.035249e+00 -1.044778e+01 -1.983768e+01 -7.018098e+00 1.088344e+01 1.117215e+00 -3.640474e+00 1.260565e+01 2.851672e+00 -7.118174e+00 6.966521e-01 5.048565e-01 -1.120277e+00 -2.185182e+00 -1.259354e+00 -3.149349e+00 2.140275e+00 2.712262e+00 -1.692008e-01 4.325936e+00 6.607431e-01 -2.538512e+00 6.617104e-01 6.593234e-02 
1.112502e+01 8.498348e+00 -2.660317e-01 -1.157854e+01 -2.040588e+01 -7.183557e+00 1.509184e+01 -3.155546e-01 3.133762e+00 1.043331e+01 -8.164284e-01 -2.928571e+00 8.055442e-01 2.275538e-01 -2.266197e+00 -2.146778e+00 -3.829147e-01 -2.531892e+00 3.893574e+00 4.448514e+00 -4.498406e-01 4.022084e+00 -9.325038e-01 -3.493040e+00 1.501109e+00 3.752887e-02 
1.008204e+01 2.792680e+00 -1.101678e+00 -9.505440e+00 -2.449434e+01 9.072690e-01 1.893616e+01 -2.334026e+00 6.109252e+00 1.062256e+01 -7.817505e+00 -1.956387e+00 8.305926e-01 -4.111285e-02 -2.696856e+00 -2.474121e+00 -1.385932e-01 -2.431927e-01 4.018896e+00 4.909986e+00 -1.452750e+00 1.550048e+00 -1.749762e+00 -2.963439e+00 1.629727e+00 2.888308e-02 
1.075318e+01 6.338102e-02 -2.221997e+00 -7.863346e+00 -2.521056e+01 5.936284e+00 2.428181e+01 -2.743555e+00 7.450856e+00 6.299474e+00 -8.064606e+00 -1.014956e+00 8.208000e-01 -5.395606e-01 -2.580374e+00 -1.603033e+00 4.092137e-01 1.252656e+00 4.242347e+00 3.858527e+00 -1.875300e+00 4.467914e-01 -2.871992e+00 -1.236239e+00 6.084913e-01 1.322872e-02 
8.885141e+00 -1.501775e-02 -2.357373e+00 -1.299834e+01 -1.865130e+01 6.516462e+00 3.083839e+01 -4.932534e+00 1.951219e+00 5.923754e+00 -8.341434e+00 7.365513e-02 8.334395e-01 -4.498325e-01 -2.047272e+00 -1.703784e+00 -1.619036e-02 3.032405e+00 2.408657e+00 1.713241e+00 -1.567178e+00 -4.263842e-01 -3.091155e+00 5.157230e-01 3.293952e-01 1.785464e-02 
9.025659e+00 -2.999676e+00 -7.653349e+00 -7.786022e+00 -1.706412e+01 1.122358e+01 2.843336e+01 -8.392800e+00 7.446736e+00 -1.577250e+00 -6.735661e+00 -9.011357e-01 8.702644e-01 -5.567108e-01 -2.320082e+00 -1.571749e+00 5.452503e-01 3.120343e+00 1.581414e+00 -6.006979e-01 -1.415321e+00 -1.164298e+00 -1.762471e+00 6.751339e-01 9.259481e-01 3.065706e-02 
8.696634e+00 -5.912152e+00 -6.904922e+00 -9.625053e+00 -1.340553e+01 1.030691e+01 2.542658e+01 -7.345295e+00 3.979392e+00 -8.948539e-01 -5.903362e+00 -3.663206e-01 8.951337e-01 -4.519247e-01 -2.654456e+00 -1.281993e+00 1.623199e+00 2.181250e+00 1.387344e+00 -2.297172e+00 -1.490037e+00 -7.115568e-01 -4.510366e-01 4.438034e-01 2.036909e+00 4.060949e-02 
8.063881e+00 -8.588460e+00 -7.806968e+00 -6.823737e+00 -1.223173e+01 1.194813e+01 2.398422e+01 -8.613780e+00 6.152776e-01 8.964230e-01 -5.907972e+00 3.834773e+00 9.432383e-01 -8.116946e-01 -1.929908e+00 -3.383355e-01 1.427704e+00 2.392427e+00 -1.534243e-02 -2.150911e+00 -1.583951e+00 -9.963752e-01 1.816882e+00 -9.376249e-02 2.526558e+00 3.138100e-02 
7.106407e+00 -1.049291e+01 -8.690531e+00 -5.363487e+00 -1.016124e+01 1.309091e+01 2.157710e+01 -1.227223e+01 1.809164e+00 2.431735e+00 -6.536262e+00 7.890244e+00 1.000000e+00 -7.404215e-01 -1.294084e+00 5.459547e-02 1.869513e+00 2.685439e+00 -1.219103e+00 -2.070481e+00 -1.797010e+00 5.077118e-01 2.149433e+00 -2.840613e-01 1.868114e+00 1.060332e-02 
5.762299e+00 -1.035884e+01 -8.452222e+00 -2.778287e+00 -6.724127e+00 9.754869e+00 1.960355e+01 -1.384909e+01 3.549974e+00 5.843866e+00 -6.888023e+00 7.603372e+00 9.747362e-01 -1.352803e-01 -1.454705e+00 1.532257e+00 1.001948e+00 3.095435e+00 -2.463343e+00 -3.341383e+00 -1.731792e-01 9.315861e-01 1.410542e+00 5.583150e-01 -2.748297e-01 -1.241754e-02 
6.145318e+00 -1.149738e+01 -6.309317e+00 -2.300212e+00 -2.732138e+00 5.308021e+00 1.726451e+01 -1.371269e+01 5.050602e+00 7.378587e+00 -6.833643e+00 7.089948e+00 9.324013e-01 3.654303e-01 -1.160962e+00 2.401595e+00 7.954559e-01 2.528465e+00 -2.665675e+00 -4.372444e+00 1.460989e+00 5.072618e-01 1.292425e-01 1.642492e+00 -1.815135e+00 -3.325759e-02 
7.868024e+00 -1.535975e+01 -1.336289e+00 -3.345634e+00 -4.691067e-01 3.522859e+00 9.433604e+00 -8.759446e+00 3.652489e+00 5.475708e+00 -2.967707e+00 2.860773e+00 9.149499e-01 8.189408e-01 -7.498317e-01 2.759106e+00 1.517118e+00 7.807297e-01 -9.255832e-01 -5.373873e+00 2.439303e+00 1.561681e-01 -1.680420e+00 1.946394e+00 -1.389179e+00 -5.319979e-02 
7.880696e+00 -1.379726e+01 -2.405243e-01 -1.102534e+00 -6.464300e-01 2.878540e+00 4.799854e+00 -7.512109e+00 4.294215e+00 3.262026e+00 -2.839606e-01 1.185868e+00 8.636052e-01 -2.523404e-02 1.348028e+00 4.121479e+00 4.660607e+00 1.224567e-01 -7.003679e-01 -5.712142e+00 7.838518e-01 -5.411463e-01 -2.989186e+00 2.972991e+00 -1.857178e+00 -7.288305e-02 
8.989314e+00 -1.295806e+01 2.308914e+00 4.208463e+00 -3.863333e+00 6.341694e+00 -1.033486e+00 -4.752868e+00 4.709008e+00 -4.999530e-01 -4.308937e-01 3.609519e+00 7.431353e-01 -6.637948e-01 2.808060e+00 4.200994e+00 6.108879e+00 -1.450441e-01 -1.484879e+00 -3.910093e+00 -7.632197e-01 -6.065038e-01 -2.866641e+00 2.404311e+00 -1.648735e+00 -7.540952e-02 
5.458503e+00 -5.958087e+00 1.247548e+01 1.722578e+01 -4.227414e-01 3.967639e-01 -6.062653e+00 -1.179672e+01 1.816611e+00 -4.579512e+00 6.762907e+00 -2.570318e+00 6.538934e-01 -5.590659e-01 2.664301e+00 3.729331e+00 5.257455e+00 -9.622717e-03 -2.066828e+00 -2.392557e+00 -7.275702e-01 -1.129698e+00 -1.730141e+00 1.288285e+00 -1.498227e+00 -5.850359e-02 
5.760147e+00 -5.239037e+00 1.331068e+01 1.803460e+01 -1.306171e+00 -2.660646e+00 -4.685606e+00 -1.043324e+01 1.858771e+00 -4.936727e+00 5.530413e+00 -3.504807e+00 6.427583e-01 -2.919718e-01 2.263774e+00 1.754005e+00 2.832570e+00 1.252562e+00 -2.860846e+00 -5.999781e-01 1.223533e-01 -1.608524e+00 -4.871882e-01 -5.527139e-02 -1.401213e+00 -3.476372e-02 
6.699950e+00 -4.335264e+00 1.290525e+01 1.827167e+01 -1.973125e+00 -2.954430e+00 -5.336870e+00 -8.309774e+00 7.084394e-02 -3.170292e+00 3.176813e+00 -2.748103e+00 6.212758e-01 2.408542e-01 1.580870e+00 -4.707691e-01 -1.690840e-01 1.786666e+00 -1.883233e+00 2.199329e-01 1.420334e+00 -1.644758e+00 -1.008929e-01 -1.599631e+00 1.269579e-02 -2.651596e-02 
6.908731e+00 -2.450598e+00 1.086405e+01 1.784837e+01 3.174666e+00 -6.286937e+00 -4.396268e+00 -5.884575e+00 -2.460729e+00 -3.640504e+00 1.085796e+00 -3.307654e+00 5.856255e-01 7.589126e-02 1.786605e+00 -4.608213e-01 -7.712277e-01 2.134179e+00 -1.444886e+00 -1.942585e-01 1.835518e-01 -1.693403e+00 2.861075e-02 -7.593687e-01 6.621950e-01 -3.324997e-02 
6.088481e+00 5.520431e-01 1.134494e+01 1.647347e+01 6.270169e+00 -7.206258e+00 -5.107657e+00 -6.969385e+00 -4.247430e+00 -5.732088e+00 9.870608e-01 -2.605416e+00 5.498799e-01 -2.595116e-01 1.775382e+00 -4.830949e-01 -8.387154e-01 1.506415e+00 -1.487210e+00 3.158647e-01 -5.924395e-01 -6.965899e-01 1.844458e-01 4.956359e-01 4.367099e-01 -3.530838e-02 
6.445337e+00 1.250334e+00 1.178672e+01 1.507756e+01 5.243077e+00 -7.759161e+00 -5.771504e+00 -1.018567e+01 -4.449108e+00 -3.512775e+00 2.828445e+00 -2.651756e-01 5.122063e-01 -5.813512e-01 1.865748e+00 5.084981e-01 -1.057516e+00 4.784454e-01 -2.442944e-01 2.567482e-02 -6.520141e-01 -3.746594e-01 8.835245e-01 8.551262e-01 -2.019402e-01 -2.679114e-02 
5.634089e+00 2.691181e+00 1.002844e+01 1.546350e+01 4.524746e+00 -9.654367e+00 -3.069929e+00 -9.121423e+00 -2.417916e+00 -2.311927e+00 4.783668e+00 -2.085793e+00 4.814435e-01 -5.562302e-01 1.567812e+00 5.962788e-01 -1.162277e+00 -1.787043e-01 1.134019e+00 7.720743e-01 5.160001e-01 -1.082965e+00 1.034645e+00 6.574439e-01 -7.714494e-01 -1.440215e-02 
4.229172e+00 5.808573e+00 1.406480e+01 1.306578e+01 6.439605e+00 -6.284354e+00 -5.286758e+00 -8.068626e+00 -5.248783e+00 -9.329616e-01 3.463124e+00 -4.577167e+00 4.858881e-01 -7.183925e-01 1.272845e+00 5.608452e-01 -2.954699e-01 7.943507e-01 1.612024e+00 1.546166e+00 1.755119e+00 -1.044388e+00 1.633758e-01 -7.375158e-01 -1.276775e+00 -8.825975e-03 
4.415413e+00 6.111986e+00 1.318730e+01 1.166798e+01 4.778384e+00 -2.273565e+00 -1.489658e+00 -5.447908e+00 -9.262420e+00 -1.848768e+00 3.956941e+00 -4.306667e+00 4.910283e-01 -4.565191e-01 -5.124724e-01 -1.173994e-01 -1.370828e+00 -1.155154e-01 2.969348e+00 9.217242e-01 1.877892e+00 8.556610e-01 -9.006545e-01 -2.441783e+00 -5.527127e-01 -4.266364e-03 
3.462713e+00 5.904156e+00 1.301152e+01 1.549797e+01 9.088013e+00 -3.389445e+00 1.169189e+00 -3.246836e+00 -6.248798e+00 -2.927476e+00 -4.457705e-01 -5.538613e+00 4.632840e-01 -1.906750e-01 -2.352490e+00 -2.365122e+00 -2.183713e+00 1.526309e-01 2.404390e+00 7.659925e-01 1.921998e+00 4.370154e+00 -2.432778e+00 -3.876395e+00 5.821223e-01 -9.204477e-03 
3.734723e+00 8.102724e-02 9.968081e+00 7.393260e+00 2.622965e+00 3.744917e+00 -1.689281e+00 -2.142859e+00 2.360397e+00 -5.817943e+00 -5.470799e+00 -4.368633e+00 4.714137e-01 -1.069697e-01 -2.524402e+00 -3.337025e+00 -2.862991e+00 9.271802e-01 1.759950e+00 -6.140937e-01 9.284453e-01 5.715454e+00 -2.577723e+00 -3.997599e+00 7.089795e-01 -3.553434e-02 
3.616142e+00 -2.938399e+00 3.848799e+00 4.284573e+00 8.280468e+00 2.728354e+00 -1.356984e+00 -1.111593e-01 1.079058e+01 -1.111226e+01 -1.120498e+01 -1.635573e+00 4.496730e-01 -5.855744e-01 -2.364429e+00 -4.232698e+00 -3.760435e+00 -1.623106e-01 1.288195e+00 -9.874207e-01 -8.132742e-01 3.070078e+00 -1.983961e+00 -1.825400e+00 5.524219e-01 -6.977180e-02 
3.803849e+00 -2.088747e+00 1.083534e+00 2.959725e+00 9.818056e+00 3.467287e+00 -3.297040e+00 -2.373520e+00 1.079516e+01 -1.064499e+01 -1.065145e+01 -2.713290e+00 3.201621e-01 -1.324998e+00 -1.367991e+00 -3.220223e+00 -2.083139e+00 3.926434e-01 3.584785e-01 7.489246e-01 -3.220899e-01 -2.767735e-01 -3.891215e-01 -4.333110e-01 1.079130e-01 -9.539424e-02 
5.002770e-01 -4.833100e+00 -3.709700e+00 -1.087438e+00 4.678914e+00 3.190347e+00 -2.964035e+00 -7.197876e+00 4.884212e+00 -1.043375e+01 -6.982447e+00 -3.604175e+00 1.900508e-01 -1.897480e+00 -1.289602e+00 -2.419262e+00 -1.746560e+00 -1.171074e+00 2.985849e-01 -1.368654e+00 2.367631e-01 -2.293384e+00 1.838919e+00 2.553820e+00 7.326444e-01 -8.495255e-02 
-1.332337e+00 -5.811575e+00 -2.353784e+00 -3.364291e-01 6.386960e+00 5.306314e+00 2.858867e+00 -2.099495e-01 3.929714e+00 -8.102803e+00 -9.748620e+00 -2.844767e+00 1.242536e-01 -1.693271e+00 -1.114807e+00 -2.154286e+00 -1.420517e+00 -1.323736e+00 4.297731e-01 -1.553055e+00 1.897957e+00 -7.759261e-01 3.348103e+00 2.435820e+00 9.549227e-01 -5.079912e-02 
-3.303163e+00 -7.524994e+00 -6.528854e+00 -2.800151e+00 4.140646e+00 3.301765e+00 -1.127821e+01 -9.129047e-03 2.756384e+00 -3.188762e+00 1.112706e+00 2.093388e+00 1.228645e-01 -8.750445e-01 -1.460146e-01 -1.250484e+00 -1.532290e-01 -1.817408e-01 5.318869e-01 -2.401959e+00 1.548142e+00 8.721333e-01 2.693811e+00 6.764940e-01 9.998633e-01 -2.496349e-02 
-2.760784e+00 -6.316833e+00 -8.278317e+00 -3.286505e+00 3.468509e+00 5.560442e+00 -6.905231e+00 3.521891e+00 7.979443e+00 2.473026e+00 -2.519924e+00 -7.874582e-01 9.975964e-02 -2.743533e-01 8.336584e-01 -7.308708e-01 1.187352e-01 -6.991423e-01 -7.390725e-01 -2.069573e+00 3.458081e-01 4.204551e-01 2.161318e+00 8.279641e-01 -6.144643e-03 -1.931481e-02 
-3.160722e+00 -5.310545e+00 -6.999856e+00 -3.785458e-01 5.229434e+00 5.722717e+00 -1.009178e+01 -1.323084e+00 7.220014e+00 -2.252613e+00 -7.214325e+00 3.664875e-01 7.748032e-02 5.566053e-02 1.285525e+00 7.981704e-01 9.417912e-01 -3.172502e-01 -1.833112e+00 -9.899647e-01 -9.841568e-01 -1.736605e+00 -3.590604e-01 2.739577e-01 -2.680395e-01 -2.155017e-02 
-2.775324e+00 -2.750508e+00 -5.772638e+00 -9.535556e-01 2.346854e+00 4.004753e-01 -8.082211e+00 2.176068e+00 3.800175e+00 2.235710e+00 -1.445284e+00 -2.012040e+00 5.037165e-02 -1.916678e-01 1.525136e+00 1.407048e+00 2.330767e-01 9.759362e-02 -2.696599e+00 -1.903291e+00 -1.176546e+00 -4.110086e+00 -2.232537e+00 1.343060e+00 4.691424e-01 -2.115396e-02 
-3.017590e+00 -2.880532e+00 -3.790842e+00 7.423301e-01 3.115222e+00 -3.283813e+00 -1.563954e+01 -4.257002e+00 -3.837007e+00 -4.865406e+00 1.945174e+00 1.365481e+00 3.980768e-02 -9.190512e-02 1.262343e+00 1.352059e+00 -3.690563e-01 1.759267e-01 -2.653293e+00 -1.034135e+00 2.645573e-01 -2.890134e+00 -1.403998e+00 1.301992e+00 5.114444e-01 -2.019792e-02 
-3.790689e+00 9.383893e-02 -2.847582e+00 -2.681559e+00 5.013583e+00 -3.419288e+00 -1.364781e+01 -8.938808e-01 -7.042477e+00 -7.383261e+00 -3.843734e-01 1.058757e+00 1.282614e-02 -1.004394e-01 4.467745e-01 7.985867e-01 -3.542306e-01 8.647529e-01 -3.418917e-01 -7.821045e-02 1.388702e+00 3.833148e-01 -1.454813e+00 2.164364e-04 7.112120e-01 -1.707609e-02 
-3.112566e+00 -4.210024e-01 -1.702089e+00 -1.359826e+00 4.775703e+00 -5.633865e+00 -1.247966e+01 1.534677e+00 -1.809330e+00 -4.463119e+00 -1.234822e+00 1.388311e+00 -4.736543e-03 3.264236e-03 3.692337e-01 -7.376973e-01 -7.991499e-01 7.864832e-01 1.399176e+00 2.569793e+00 2.751691e+00 3.865949e+00 1.465630e+00 -1.020154e+00 6.792924e-01 -1.214855e-02 
-3.230033e+00 -1.746400e+00 -2.824080e+00 -1.673631e+00 5.840378e+00 -1.339574e-01 -1.005320e+01 6.223741e+00 4.702910e+00 -5.239500e+00 1.457963e-01 1.532605e+00 -1.273668e-02 -2.117088e-01 2.055809e-01 -1.181403e+00 9.356737e-03 -4.137260e-01 5.506920e-01 2.371898e+00 1.647529e+00 2.781484e+00 1.234017e+00 -3.453909e-01 1.140249e-01 -2.567327e-03 
-3.281597e+00 -1.142440e-01 -7.491079e+00 -3.757384e+00 6.634241e+00 2.069403e+00 -4.587878e+00 5.942646e+00 9.620046e+00 1.390865e+00 -3.420682e+00 4.525019e+00 -8.153677e-03 -6.041023e-01 3.381031e-01 -4.546100e-01 1.007020e+00 -5.997656e-02 2.062495e-01 5.649267e-01 2.560351e-01 1.147832e+00 1.136988e+00 9.750649e-01 -6.626600e-01 -1.275235e-03 
-4.764718e+00 9.683642e-01 -5.860101e+00 -1.435996e+00 2.015684e+00 -4.517462e+00 -5.734205e+00 5.139779e+00 1.150257e+00 -4.140166e+00 -1.018398e+00 6.052756e-02 1.698077e-03 -1.008406e+00 -7.925637e-02 3.247404e-01 7.164859e-01 -2.628893e-01 -7.181861e-01 -5.095397e-01 3.366261e-02 2.219963e-03 2.957744e+00 1.902465e+00 -8.603348e-01 -7.881617e-03 
-5.365735e+00 -8.786875e-02 -2.457129e+00 3.556456e+00 6.388167e+00 -2.410865e+00 -1.181452e+01 3.356833e+00 5.706156e+00 6.721523e-01 4.222600e+00 -1.188950e+00 -1.833010e-02 -6.953613e-01 3.120434e-02 8.355195e-01 4.422055e-01 3.243923e-01 -2.826334e-01 -1.307420e+00 -4.514571e-01 -1.218090e+00 6.682202e-01 2.074600e+00 -5.522610e-01 -1.034896e-02 
-7.229995e+00 -2.155869e+00 -3.717354e+00 -1.748121e+00 4.648969e+00 -1.484753e+00 -8.987580e+00 7.684960e+00 6.670955e+00 9.908578e+00 5.836478e+00 8.791542e-02 -4.705656e-02 1.115562e-01 8.347800e-01 3.838885e-02 -8.927082e-01 -2.689075e-01 5.033943e-01 7.858753e-02 5.173391e-01 -3.520670e-01 -7.092992e-01 -4.400660e-02 -4.197983e-01 -3.010678e-03 
-5.525764e+00 1.603894e+00 -4.384855e+00 -1.390294e+00 6.939560e+00 -8.601178e-01 -9.498291e+00 2.412770e+00 7.692474e-01 -2.292406e+00 3.524882e+00 1.750021e+00 -3.552115e-02 4.282389e-01 7.964051e-01 -5.407533e-01 -1.184465e+00 -1.563390e+00 2.175717e-01 2.817071e+00 1.098197e+00 -2.199078e+00 -3.203784e+00 -1.717892e+00 -2.578968e-01 2.710259e-03 
-4.126922e+00 4.296383e+00 -4.704293e+00 -3.426162e+00 3.954506e-01 -2.775865e+00 -6.499383e+00 8.198506e+00 1.858377e+00 -6.204383e+00 -8.895719e-01 -3.507949e+00 -4.759789e-03 4.949861e-01 9.902784e-01 1.343551e-01 -7.069073e-02 -1.662510e+00 6.893589e-02 1.515722e+00 -4.666824e-01 -2.213582e+00 -2.711303e+00 -1.989396e+00 -2.467529e-01 5.707121e-03 
-4.776077e+00 6.680308e-01 -4.667426e+00 -1.526848e+00 6.979742e-01 -6.774513e-01 1.026734e+00 8.591046e+00 -2.882946e+00 -7.290287e+00 -1.003834e+00 -6.805017e-01 -2.592719e-02 -2.078969e-01 -1.279793e-01 5.198691e-01 3.835167e-01 -8.759348e-01 4.140833e-01 9.182073e-01 8.466715e-01 4.186176e-01 5.802128e-01 -1.439732e+00 -5.552373e-01 -3.884196e-04 
-5.129908e+00 3.263454e+00 -2.904293e+00 -2.033298e+00 -5.427871e-01 -1.231407e+00 -6.671482e+00 2.262410e+00 -2.570860e+00 -1.148997e+00 -1.846145e+00 6.941175e-02 -2.331793e-02 -5.896287e-01 -7.344499e-01 1.662768e-01 4.010141e-01 8.769304e-01 5.683979e-01 -4.857163e-01 -4.599814e-01 3.985640e-01 4.683590e-01 -7.963836e-01 1.250987e+00 -1.105839e-02 
-6.063756e+00 1.480463e+00 -2.685509e+00 -1.691432e-01 3.029006e+00 4.380701e-01 -4.821206e+00 9.614175e+00 5.076954e+00 -1.919035e+00 -3.195493e+00 -2.814846e+00 -2.818418e-02 -6.575517e-02 6.858316e-01 2.091118e-01 -8.681081e-01 3.261485e-01 3.319233e-02 -1.607085e+00 -5.900910e-01 -3.019667e-01 3.535802e-01 -1.713610e-01 -3.233945e-01 -8.693946e-03 
-6.431226e+00 2.179173e-01 -4.863867e+00 -2.099944e+00 3.614587e+00 -4.916362e-01 -6.003995e+00 5.387035e+00 -1.287540e-01 -6.548214e+00 -3.775661e+00 3.814157e+00 -5.892324e-02 2.960991e-01 8.852501e-01 5.678568e-02 -1.326646e+00 -1.193341e-01 -6.193811e-02 -3.863131e-01 -1.904159e-01 -1.677673e+00 -4.251302e-01 4.200138e-01 -9.833518e-01 -7.996273e-03 
-4.454194e+00 5.619957e+00 -2.642080e+00 -5.834065e+00 2.500300e-01 -8.813752e-01 -7.342433e+00 4.078279e+00 -5.613833e+00 -2.822777e+00 -8.958814e-01 -4.169847e+00 -5.159426e-02 5.196157e-01 1.368103e+00 2.308647e-01 -1.506397e+00 -8.922508e-01 -3.028629e-01 -6.380893e-01 -1.238055e+00 -2.686665e+00 1.917953e-01 7.479002e-01 -1.069401e+00 -3.949118e-03 
