-5.969290e+00 1.108604e+01 -4.814472e+00 1.195116e+00 1.040509e+01 4.746030e+00 7.688072e+00 9.080046e+00 3.217525e+00 8.688281e+00 5.008975e+00 9.245478e+00 3.369111e-02 -3.678187e-01 -1.071284e+00 -4.051285e-01 -4.926544e-01 -3.684979e-01 -5.374522e-01 -2.472319e-01 1.007781e+00 1.063040e+00 6.931559e-01 -9.774526e-01 -3.579054e-01 -7.200837e-04 
-8.415285e+00 8.530260e+00 -5.463776e+00 1.069171e+00 9.822859e+00 1.334711e+00 9.214043e+00 6.666554e+00 4.482970e+00 9.482462e+00 5.079796e+00 7.436645e+00 2.319413e-02 -2.793601e-01 -1.078749e+00 -6.326756e-01 -4.655590e-01 5.428750e-02 -1.419855e+00 -8.864603e-01 5.265107e-01 7.545520e-01 5.127903e-01 -6.994115e-01 -1.555105e-01 -1.846552e-03 
-6.585385e+00 7.007501e+00 -6.515462e+00 -1.205184e+00 8.853722e+00 3.764429e+00 5.688927e+00 1.532570e+01 7.900004e+00 1.175697e+01 8.630133e-02 8.360368e+00 3.533918e-02 2.365278e-01 -6.847097e-01 -8.144972e-01 -7.448314e-01 1.108998e+00 -5.493249e-01 -3.812163e-01 5.463696e-01 5.263376e-01 -3.488251e-01 -2.593781e-01 9.706259e-02 -7.402974e-03 
-7.058043e+00 7.731556e+00 -7.127355e+00 6.747055e-02 1.145222e+01 -1.862443e+00 4.255342e+00 8.589774e+00 4.649045e+00 9.717888e+00 3.973254e+00 8.910480e+00 2.363431e-02 4.290293e-01 6.210732e-03 -6.511741e-01 -5.544599e-01 4.840943e-01 1.561269e-01 1.777904e-01 -4.193254e-01 -5.146716e-01 -5.656065e-01 -3.589250e-01 -2.612925e-01 -6.262464e-03 
-5.465272e+00 8.061839e+00 -8.055168e+00 -2.028191e+00 1.513541e+01 3.597983e+00 8.261340e+00 1.085028e+01 5.766175e+00 6.826442e+00 4.265355e+00 8.993874e+00 -3.543854e-03 -2.141099e-01 3.206654e-02 -5.056679e-01 3.694381e-01 2.400959e-02 2.446498e-01 -1.028379e-01 -2.248634e+00 -2.213645e+00 -2.022555e+00 -1.566621e-01 -7.255208e-01 -1.688099e-03 
-6.830195e+00 8.034144e+00 -7.949793e+00 -1.291625e+00 9.102488e+00 2.198568e+00 8.816788e+00 6.807633e+00 2.976526e+00 9.119694e+00 1.195644e+00 5.813430e+00 1.132333e-02 -3.044359e-01 -2.375897e-01 -6.849980e-02 -1.079178e-01 -1.132407e+00 -2.498672e-01 2.534962e-01 -3.588985e-01 -1.403993e+00 -1.983101e+00 -1.623104e+00 -8.267447e-01 -2.573413e-03 
-7.769858e+00 7.016540e+00 -8.632582e+00 1.321554e+00 1.014863e+01 2.957172e+00 2.894015e+00 4.973596e+00 -2.331965e+00 1.943293e+00 6.917961e-01 6.281289e+00 3.305417e-02 -4.453818e-01 -4.034414e-01 2.048095e-01 3.358368e-01 -9.869388e-01 -1.328284e+00 -2.827784e-01 -5.835558e-01 -4.407991e-01 -1.703748e-01 -1.468506e+00 -1.224058e+00 -4.973292e-03 
-7.427929e+00 7.066257e+00 -7.181147e+00 -2.146991e+00 8.283567e+00 -2.791374e+00 8.206486e+00 9.733625e+00 1.678150e+00 2.243959e+00 -2.355489e+00 6.133049e+00 -7.531762e-03 -1.204873e-01 -1.742258e-01 3.056735e-01 -2.586870e-01 1.270744e-01 -3.439143e-01 -4.341888e-01 1.142949e-01 1.148075e+00 5.593635e-01 -2.941433e-01 -2.065191e-02 -7.763451e-03 
-7.393314e+00 6.528575e+00 -7.415444e+00 7.867646e-02 1.061017e+01 -5.484639e-01 7.152599e+00 6.469508e+00 4.211368e+00 9.412436e+00 -1.301607e+00 2.713773e+00 -1.898277e-02 2.430799e-01 1.709537e-01 2.004786e-01 -6.277419e-01 -7.575130e-01 -6.463389e-01 -7.487736e-01 -1.327900e+00 9.361954e-01 1.317451e+00 5.161467e-01 1.412504e-01 -7.903278e-03 
-7.620904e+00 7.406998e+00 -7.029994e+00 -1.963621e+00 9.507091e+00 2.231815e+00 4.516551e+00 6.631151e+00 5.445236e+00 8.181939e+00 7.216289e-01 7.493928e+00 -1.475453e-03 2.611160e-03 -1.703039e-01 -1.657402e-01 -2.568449e-01 -5.856061e-01 8.665797e-01 -9.260384e-01 -6.270822e-01 4.520071e-01 1.104385e+00 1.566006e+00 -6.173604e-02 4.510379e-03 
-6.457972e+00 7.700938e+00 -7.705766e+00 -1.908841e+00 5.749307e+00 -2.786117e+00 9.951143e-01 -1.146669e-01 4.654688e-01 5.561557e+00 1.733970e+00 6.307102e+00 -9.490371e-03 -4.737433e-01 -9.792987e-02 1.472588e-01 -5.939513e-01 -6.717914e-01 -5.144163e-01 -8.820066e-01 3.981208e-01 -9.456313e-01 -7.970866e-01 1.491761e+00 3.764495e-01 4.560912e-03 
-7.882545e+00 5.628556e+00 -7.864687e+00 -2.437458e+00 7.785969e+00 2.660351e+00 6.655036e+00 9.890303e+00 5.811135e+00 9.691321e+00 3.956754e+00 4.027705e+00 1.027393e-02 -4.480268e-01 -5.832877e-01 -1.710841e-01 -3.572478e-01 7.358806e-02 -1.479025e+00 5.962653e-02 5.276351e-01 -1.455034e+00 -6.568797e-01 1.149024e+00 -9.491203e-01 4.462004e-04 
-9.631210e+00 6.928146e+00 -6.261803e+00 -2.654162e+00 8.111776e+00 -3.334813e+00 1.673323e+00 6.830537e+00 -6.997381e-01 4.672312e+00 4.539638e+00 6.329133e+00 -2.052903e-03 -2.048128e-01 -7.684079e-01 -1.429396e-02 2.164280e-01 1.629171e+00 1.059732e-02 6.813482e-01 7.204195e-01 -1.338147e+00 -7.145042e-01 1.082342e+00 -1.114478e+00 1.989686e-03 
-8.274419e+00 4.876955e+00 -8.607395e+00 -3.377199e+00 8.693796e+00 -4.888960e+00 4.475580e+00 5.796725e+00 -1.247329e+00 5.342163e+00 5.063914e+00 2.737311e+00 -2.963185e-03 6.589454e-01 -1.574982e-01 5.517032e-01 9.659387e-01 6.152714e-01 -2.313843e-01 -1.720234e-01 -1.487382e+00 -1.623115e+00 2.924867e-01 1.189105e+00 -1.574894e+00 5.594003e-03 
-7.286098e+00 4.234699e+00 -7.405881e+00 -3.568299e-01 1.344125e+01 1.041525e+00 5.491584e+00 5.534219e+00 -2.696033e+00 4.163614e+00 6.592099e+00 1.379910e+00 7.076621e-03 5.739971e-01 5.009626e-01 7.843384e-01 1.236869e+00 2.171421e-01 1.057084e+00 7.407805e-01 -1.181929e-02 8.254067e-01 1.913802e+00 -2.995568e-01 -1.180431e+00 5.979341e-03 
-5.760373e+00 6.187789e+00 -4.534132e+00 1.243570e+00 8.197589e+00 -6.847403e-01 3.885789e+00 3.101550e+00 -1.306291e+00 1.140810e+01 8.876048e+00 -1.372155e+00 3.367919e-02 2.284313e-01 1.281046e+00 9.358948e-01 9.884654e-01 -5.265705e-01 1.388147e+00 -1.772827e-01 4.966251e-01 1.342227e+00 5.696808e-01 -1.893555e+00 -3.513435e-01 7.504731e-03 
-8.018248e+00 8.777543e+00 -4.376743e+00 1.219801e+00 9.445591e+00 -1.515019e-01 5.672121e+00 8.119028e+00 3.456776e+00 1.120835e+01 1.135787e+00 2.481712e+00 9.522617e-03 -1.831164e-01 6.199946e-01 7.562546e-02 -2.881138e-01 -7.853352e-01 5.721284e-01 -3.073190e-01 5.468229e-01 1.651132e+00 -2.860997e-01 -1.587401e+00 1.747972e+00 -5.306542e-04 
-6.766188e+00 9.010765e+00 -5.442491e+00 7.768123e-01 8.058774e+00 2.648290e+00 3.498897e+00 6.987446e+00 2.387400e+00 4.668199e+00 -1.675703e+00 4.296927e-01 3.333747e-02 -5.244813e-01 -5.187533e-01 -9.470921e-01 -1.638353e+00 -3.356104e-02 3.357576e-01 -4.523442e-01 4.441193e-01 6.910920e-01 -2.123852e+00 -1.248754e+00 2.488634e+00 -1.045303e-02 
-7.698773e+00 5.923184e+00 -6.573574e+00 -1.564020e+00 9.583982e+00 2.235652e+00 4.148435e+00 6.325386e+00 3.712784e+00 6.103068e+00 3.930970e+00 9.218849e+00 4.594207e-03 2.605825e-01 -2.890600e+00 -1.850361e+00 -1.155681e+00 -1.632642e+00 -6.482261e-01 -9.855051e-02 -1.797366e+00 -4.685923e-01 -1.760081e+00 -3.751560e-01 7.155272e-01 4.647498e-02 
-8.542517e+00 5.021202e+00 -8.171177e+00 -5.556287e+00 7.960588e+00 -1.995298e-01 2.385911e+00 6.218967e+00 2.021165e+00 3.341485e+00 1.234689e+00 7.702445e+00 -1.612175e-02 2.354900e-01 -3.734854e+00 -2.238643e+00 -6.661829e-01 -2.789389e+00 -1.903337e+00 1.506843e-01 -2.841325e+00 -8.951851e-01 -8.746256e-01 -9.113272e-01 -2.926019e-01 1.534820e-01 
-5.827170e+00 -3.680678e+00 -1.226421e+01 -1.392053e+00 1.331476e+00 -1.968723e+00 5.735862e+00 -4.835649e-01 1.296932e+00 3.071303e+00 -2.195189e+00 2.422972e+00 2.666271e-01 5.723609e-01 -1.299358e+00 2.167007e-01 -3.934438e-01 -1.005622e+00 -2.436826e+00 3.522027e-02 -1.692070e+00 -2.202937e+00 2.110933e-02 -1.779901e+00 -2.641282e+00 1.714984e-01 
-6.524539e+00 -4.861576e+00 -1.379039e+01 -2.640086e+00 -1.761918e+00 -4.766207e+00 3.458606e+00 -3.814702e+00 -8.806002e-01 1.810954e+00 -3.169260e+00 2.364621e+00 6.697308e-01 2.843005e+00 -1.245980e+00 2.606464e+00 -3.069779e-01 1.201850e-01 -3.423909e+00 -1.739888e+00 -2.705705e+00 -2.157872e+00 1.790962e+00 -1.084054e+00 -3.176307e+00 1.736789e-01 
-5.845958e+00 4.367784e+00 -2.680465e+00 -4.989340e+00 9.417126e+00 -7.665140e+00 3.788189e+00 2.881871e+00 -5.851019e+00 6.973881e+00 -2.766561e+00 -1.318650e+00 5.191598e-01 4.638240e+00 -2.247640e+00 4.031250e+00 -2.972937e-01 -5.619652e-01 -1.773552e+00 -4.725337e+00 -1.930794e+00 -4.599277e-01 5.576918e-01 1.472514e+00 -3.470659e+00 1.230733e-01 
5.681904e+00 -5.232927e+00 6.927395e-02 -5.292533e+00 4.518689e+00 -1.447086e+01 -5.339693e+00 -8.992278e+00 -5.194217e+00 1.034501e+01 -3.899895e+00 -6.308281e+00 7.260066e-01 5.483759e+00 -4.228710e+00 2.697953e+00 1.300850e+00 -1.694107e+00 -1.710838e-01 -5.262191e+00 -1.337557e+00 9.813706e-01 -1.571616e+00 1.453397e+00 -2.579207e+00 7.180808e-02 
1.126081e+01 -1.473320e+01 9.622121e-01 -1.552298e+00 -4.618653e+00 -5.984151e+00 -1.349167e+01 -7.548748e+00 1.154102e+00 1.592736e+00 5.532696e+00 -1.059387e+01 8.538560e-01 4.682286e+00 -5.119822e+00 -1.120500e+00 2.628596e+00 -2.673289e+00 1.526952e+00 -5.068574e+00 -1.488660e+00 3.205843e+00 -3.929629e+00 -7.614470e-03 1.332844e-01 8.148120e-02 
1.234087e+01 -1.645463e+01 -2.121963e+00 2.145644e+00 -3.214564e+00 -6.462120e+00 -1.421242e+01 -5.287175e+00 5.236927e-01 -3.356554e+00 -5.190623e-02 -5.893806e+00 8.614231e-01 2.118649e+00 -1.797966e+00 -2.745008e+00 2.150260e+00 4.757923e-01 2.718248e+00 -3.215347e+00 8.904545e-01 3.500858e+00 -3.610397e+00 -1.764233e+00 2.549041e+00 2.932484e-02 
1.423599e+01 -1.562047e+01 -7.187346e+00 4.434550e+00 -8.269215e-02 -4.034751e+00 -1.711832e+01 -6.413979e+00 7.319240e+00 -5.823484e+00 -4.728628e+00 -8.594654e-01 8.588575e-01 1.060398e+00 6.363342e-01 -3.389650e+00 6.772922e-01 2.870209e+00 1.270983e+00 -2.404969e+00 9.350031e-01 2.043949e+00 -1.117111e+00 -3.507814e+00 2.914857e+00 6.547248e-03 
1.478756e+01 -1.377912e+01 -9.580986e+00 2.465341e+00 4.629670e+00 -1.854324e+00 -1.960310e+01 -5.107390e+00 9.227503e+00 -3.998871e+00 -7.590397e+00 1.569722e+00 8.701301e-01 7.763520e-01 1.124378e+00 -2.819879e+00 -3.848993e-01 2.464011e+00 1.140022e+00 -2.334319e+00 8.318819e-01 1.277485e+00 2.964137e-01 -1.703792e+00 8.516237e-01 6.588948e-03 
1.533945e+01 -1.288929e+01 -1.225653e+01 1.674315e+00 5.810275e+00 -1.933136e+00 -2.282117e+01 -2.963625e+00 7.021943e+00 -3.671659e+00 -8.237129e+00 2.486506e-01 8.822387e-01 4.157380e-01 8.033171e-01 -1.441518e+00 -5.979642e-01 1.645656e+00 5.989736e-01 -1.613036e+00 1.544972e+00 -1.161435e-01 8.770640e-01 -2.353223e-01 -3.849038e-01 8.733707e-03 
1.567090e+01 -1.219834e+01 -1.368677e+01 1.601265e+00 6.159007e+00 -1.812819e+00 -2.303258e+01 -2.852942e+00 7.059766e+00 -2.950398e+00 -6.816617e+00 -2.189745e+00 8.826773e-01 1.018349e-01 1.106598e-01 -4.457858e-01 -1.615359e-01 1.027844e+00 -5.162047e-01 -7.057179e-01 1.532087e+00 -1.056791e-01 5.673079e-01 2.311665e-01 -7.180030e-01 1.554672e-02 
1.587301e+01 -1.239428e+01 -1.234204e+01 1.876767e+00 7.380919e+00 -1.060636e+00 -2.346876e+01 1.836596e-01 7.822391e+00 -1.962401e+00 -6.292129e+00 -9.042506e-01 8.962525e-01 -3.595391e-01 -3.711937e-01 5.170864e-01 2.704536e-01 7.316400e-01 -1.732686e+00 4.647962e-01 1.148095e+00 7.733231e-01 1.317493e-01 1.170649e-01 2.140319e-01 2.090310e-02 
1.502996e+01 -1.347333e+01 -1.176716e+01 1.556435e+00 8.983566e+00 -4.871598e+00 -2.280790e+01 9.794011e-01 8.298883e+00 -2.016960e+00 -7.407064e+00 -1.443842e+00 9.408568e-01 -4.622200e-01 -7.931330e-01 1.283085e+00 6.745683e-01 -4.747890e-01 -2.227530e+00 9.060074e-01 1.252581e+00 1.191380e+00 -1.247544e+00 2.424212e-01 1.183063e+00 1.957631e-02 
1.386223e+01 -1.410776e+01 -1.063090e+01 3.048998e+00 8.056195e+00 -9.067176e+00 -2.060953e+01 8.606772e-01 1.026900e+01 -3.479631e+00 -7.356581e+00 9.458587e-01 9.576645e-01 -4.265452e-01 -1.092498e+00 1.632373e+00 1.157021e+00 -1.913988e+00 -2.159187e+00 1.016389e+00 1.531757e+00 1.004306e+00 -2.425805e+00 6.326079e-01 1.090746e+00 1.865909e-02 
1.436519e+01 -1.530726e+01 -8.126913e+00 4.387992e+00 3.447424e+00 -8.947197e+00 -1.993216e+01 3.071453e+00 1.179336e+01 -8.429503e+00 -5.072285e+00 2.800517e+00 9.498528e-01 -4.111876e-01 -1.169969e+00 2.391787e+00 1.226190e+00 -2.887352e+00 -1.395696e+00 1.559036e+00 1.838563e+00 2.367164e-01 -2.733558e+00 1.201719e+00 1.390432e+00 9.340828e-03 
1.407267e+01 -1.693980e+01 -6.000299e+00 6.246093e+00 5.790491e-01 -9.818773e+00 -1.982468e+01 6.796417e+00 1.109668e+01 -1.088516e+01 -4.296479e+00 2.427297e+00 9.850499e-01 -5.582840e-01 -1.066485e+00 2.917298e+00 9.156886e-01 -3.322106e+00 -9.875862e-01 2.092909e+00 1.298583e+00 -3.888620e-01 -2.729591e+00 1.781216e+00 7.967417e-01 1.086865e-02 
1.286880e+01 -1.790715e+01 -2.123524e+00 6.088839e+00 -1.714621e+00 -1.147428e+01 -1.540515e+01 7.204346e+00 9.068624e+00 -1.198199e+01 -2.928520e+00 4.767600e+00 9.738683e-01 -9.665573e-01 -6.877630e-01 3.265024e+00 5.521556e-01 -3.225571e+00 -8.414235e-01 2.670736e+00 6.331784e-01 -1.385897e+00 -1.313109e+00 2.059463e+00 2.151243e-01 7.050711e-03 
1.181901e+01 -1.814024e+01 9.538960e-01 6.777018e+00 -5.973311e+00 -1.274157e+01 -1.240849e+01 5.287146e+00 9.687057e+00 -1.535134e+01 4.776189e-01 3.946026e+00 1.000000e+00 -1.200867e+00 4.728889e-02 3.289938e+00 -2.053481e-01 -3.148483e+00 -3.490180e-01 3.252215e+00 -9.727551e-02 -2.042528e+00 1.422324e-01 2.166228e+00 -6.926238e-02 -4.774266e-03 
1.065923e+01 -1.814586e+01 4.721111e+00 6.883307e+00 -9.404248e+00 -1.169292e+01 -1.028657e+01 6.991981e+00 5.568686e+00 -1.276196e+01 2.837980e+00 3.116775e+00 9.776313e-01 -1.187426e+00 6.571722e-01 2.886795e+00 -6.005976e-01 -2.785338e+00 4.082254e-01 2.848791e+00 5.813698e-02 -2.110865e+00 1.553884e+00 1.501396e+00 -7.988092e-01 -7.661843e-03 
9.173113e+00 -1.658400e+01 7.027075e+00 4.822118e+00 -1.131855e+01 -1.145454e+01 -6.122895e+00 6.416222e+00 2.634010e+00 -9.784010e+00 3.651409e+00 2.906398e+00 9.592971e-01 -1.156419e+00 9.500510e-01 2.645304e+00 -1.150882e+00 -1.924273e+00 1.094948e+00 2.805830e+00 -5.242873e-01 -1.694433e+00 2.248261e+00 5.212731e-01 -6.900316e-01 -1.593697e-02 
8.254619e+00 -1.539941e+01 9.273862e+00 4.063300e+00 -1.296869e+01 -1.007666e+01 -4.303989e+00 6.930492e+00 2.040822e+00 -6.996234e+00 2.991563e+00 1.293368e+00 9.559105e-01 -1.027605e+00 1.216752e+00 2.110599e+00 -1.201569e+00 -1.679078e+00 1.624443e+00 2.200846e+00 -1.523211e+00 -4.590625e-01 1.375928e+00 2.769228e-01 -6.480038e-01 -1.293042e-02 
7.239215e+00 -1.476321e+01 1.190404e+01 2.432609e+00 -1.381245e+01 -8.074956e+00 -1.370634e+00 2.696453e+00 2.978823e+00 -6.992897e+00 3.007193e+00 1.407571e+00 9.311755e-01 -9.027224e-01 1.217356e+00 1.721801e+00 -8.332295e-01 -1.354760e+00 1.792209e+00 1.460224e+00 -1.847849e+00 3.586000e-01 6.131018e-01 2.081413e-01 -4.417726e-01 -8.837366e-03 
6.488154e+00 -1.297249e+01 1.283562e+01 2.070216e+00 -1.655269e+01 -5.260497e+00 -1.658467e+00 1.235810e+00 3.100966e+00 -7.277873e+00 4.544702e+00 6.261692e-01 9.270399e-01 -8.485559e-01 1.251464e+00 1.357256e+00 -7.015991e-01 -1.168163e+00 1.482672e+00 1.253205e+00 -2.113577e+00 6.276152e-01 5.353289e-02 3.552023e-01 -2.936420e-01 -6.729418e-03 
5.542733e+00 -1.171068e+01 1.385520e+01 1.652512e+00 -1.630035e+01 -4.901581e+00 -1.445355e-01 2.431679e-02 3.896938e+00 -6.577682e+00 3.915546e+00 1.031134e+00 9.295455e-01 -6.451558e-01 1.226911e+00 9.877421e-01 -4.793319e-01 -9.907513e-01 1.425666e+00 7.392238e-01 -1.145555e+00 4.067528e-02 5.853865e-01 -3.403463e-02 -3.795124e-01 -3.697008e-03 
4.860081e+00 -1.066835e+01 1.508456e+01 9.453535e-01 -1.756556e+01 -4.249990e+00 1.348987e+00 -2.301325e+00 4.719840e+00 -6.936177e+00 4.313397e+00 1.337624e-02 9.230784e-01 -6.703061e-01 1.242414e+00 7.622637e-01 -5.787293e-01 -2.481642e-01 8.278273e-01 8.737768e-01 -8.607712e-01 -3.135575e-01 8.465848e-01 -2.313523e-01 -2.523851e-01 -8.103150e-03 
4.827473e+00 -9.780724e+00 1.571828e+01 5.983810e-01 -1.825978e+01 -1.451880e+00 8.217578e-01 -1.262757e+00 2.372762e+00 -4.236813e+00 2.952672e+00 -1.835940e-01 9.146712e-01 -6.176252e-01 1.156187e+00 6.538922e-01 -4.426668e-01 -3.071232e-01 8.474625e-01 5.604147e-01 -6.191324e-01 -3.487970e-01 -1.683779e-02 5.876527e-01 -7.996079e-01 -9.398246e-03 
3.494254e+00 -7.725399e+00 1.571540e+01 -2.963645e-01 -1.681380e+01 -2.846210e+00 2.227270e+00 -2.424509e+00 2.295267e+00 -4.215384e+00 3.869377e+00 -2.839208e-02 8.939613e-01 -4.152069e-01 9.036477e-01 6.336235e-01 -1.294295e-01 -2.522429e-01 8.172526e-01 2.795486e-01 -2.269225e-01 -4.765711e-01 -2.461425e-01 7.177942e-01 -4.927457e-01 -7.553834e-03 
3.137520e+00 -7.401223e+00 1.680924e+01 6.003690e-02 -1.821185e+01 -1.366158e+00 2.218397e+00 -3.009753e+00 3.365239e+00 -8.022267e+00 7.075820e+00 -2.946021e+00 8.971128e-01 -3.317115e-01 7.891242e-01 7.112643e-01 -1.196046e-01 -4.276009e-01 4.529403e-01 5.033082e-01 -7.184169e-01 -5.641513e-02 -8.103388e-01 7.886353e-01 -5.733702e-01 -8.136946e-03 
3.629022e+00 -7.339866e+00 1.770720e+01 5.673778e-01 -1.885073e+01 -2.065881e-01 2.048411e+00 -2.562439e+00 1.840746e+00 -6.274162e+00 5.840795e+00 -1.069139e+00 8.940884e-01 -1.326782e-01 6.413654e-01 9.437153e-01 -2.176344e-01 -7.046887e-01 9.079294e-01 -1.327878e-01 -2.270550e-01 -5.075802e-01 -6.500654e-02 2.014728e-01 -9.743462e-01 -1.050919e-02 
3.101532e+00 -6.027869e+00 1.827870e+01 -4.315130e-01 -1.937931e+01 -5.069896e-01 3.427728e+00 -4.785876e+00 2.317947e+00 -7.259117e+00 5.910140e+00 -2.530072e+00 8.739229e-01 -3.188059e-01 8.634030e-01 8.149093e-01 -3.169699e-01 7.654820e-02 5.324033e-01 -3.210011e-01 -2.850405e-01 -7.026736e-01 8.659803e-01 -3.080909e-01 -9.222282e-01 -1.282869e-02 
2.848857e+00 -5.205249e+00 1.969925e+01 -1.138761e+00 -1.975351e+01 1.263853e+00 9.586654e-01 -2.671722e+00 2.810119e-01 -4.921991e+00 5.459581e+00 -5.108097e+00 8.530103e-01 -4.532524e-01 9.206114e-01 7.957880e-01 -1.436734e-01 -3.303949e-01 2.572225e-01 -5.613238e-01 -5.812852e-01 -1.869387e-01 1.918731e-01 -2.127386e-01 -1.421315e+00 -1.512809e-02 
1.933573e+00 -4.151516e+00 1.988777e+01 -6.717430e-01 -1.737772e+01 5.606381e-01 1.158264e+00 -4.380314e+00 6.317381e-01 -4.368451e+00 5.725972e+00 -5.537683e+00 8.535085e-01 -7.167115e-01 1.296023e+00 4.115704e-01 7.127070e-02 -5.865942e-01 1.182177e-01 -5.209840e-01 -4.539656e-01 -5.370485e-01 1.687342e-01 -8.123218e-01 -7.289149e-01 -1.410320e-02 
1.946739e+00 -3.674985e+00 2.088161e+01 -3.087425e-02 -2.150351e+01 5.457105e-01 3.765240e-01 -5.671646e+00 1.749157e+00 -6.760130e+00 4.869185e+00 -6.671908e+00 8.286552e-01 -9.000854e-01 1.845643e+00 -6.372549e-01 3.955304e-01 -1.289995e+00 -3.434123e-01 3.699549e-01 -8.498005e-01 -1.012885e+00 -2.426994e-01 -1.489437e+00 2.988701e-02 -1.438658e-02 
-3.096676e-02 -3.128860e-01 1.974537e+01 -6.291029e-01 -2.143728e+01 4.431698e-01 1.113879e+00 -5.555742e+00 -1.101368e+00 -5.496377e+00 2.143729e+00 -5.392740e+00 8.155845e-01 5.223932e-02 1.202593e+00 -1.024219e+00 -6.471340e-01 -1.284886e+00 2.656894e-01 1.042230e+00 -1.234129e+00 -2.076005e+00 -5.887375e-01 -1.314885e+00 2.118373e-02 -2.054535e-02 
-6.693001e-01 2.103652e+00 1.658417e+01 8.175704e-01 -2.417370e+01 -3.944749e-01 2.830632e+00 -6.333011e+00 -3.916859e+00 -5.571526e+00 -1.964810e-01 -5.031133e+00 8.000394e-01 8.250120e-01 4.204801e-01 -1.583010e+00 -1.914268e+00 -4.963272e-01 6.440369e-01 1.359979e+00 -2.099953e+00 -3.288636e+00 -4.506450e-01 -4.555442e-01 -6.018795e-01 -2.076998e-02 
3.502789e+00 -1.027869e+00 1.691539e+01 -4.331635e+00 -2.246705e+01 2.359178e+00 5.142359e+00 -1.022028e+01 -6.915278e+00 -7.906441e+00 1.684379e+00 -6.252151e+00 7.650896e-01 1.367571e+00 -8.676062e-02 -1.715124e+00 -2.351344e+00 -1.057679e+00 1.065988e+00 7.588125e-01 -3.752658e+00 -2.975368e+00 -4.772629e-01 1.220470e+00 -1.762818e+00 -1.628037e-02 
4.304921e+00 -1.215093e+00 1.438155e+01 -7.750951e+00 -2.347026e+01 2.807891e+00 5.162180e+00 -1.383915e+01 -1.178707e+01 -7.808323e+00 2.821139e+00 -9.251600e+00 7.500528e-01 1.006259e+00 1.276308e-01 -1.573239e+00 -2.164456e+00 -1.411845e+00 7.164421e-01 -7.924337e-01 -3.836520e+00 -2.085076e+00 -8.389101e-02 6.838007e-01 -2.864962e+00 -1.265058e-02 
4.319778e+00 9.126832e-01 1.227106e+01 -8.101562e+00 -2.707740e+01 4.171925e+00 3.742167e+00 -2.056597e+01 -1.204310e+01 -6.764293e+00 6.737269e+00 -1.209660e+01 7.591760e-01 1.789355e-03 1.232004e+00 -1.927687e+00 -3.582364e-01 -1.020586e+00 9.009068e-02 -1.157752e+00 -2.179039e+00 -5.860806e-01 7.006101e-02 -6.460351e-01 -2.988295e+00 -8.055610e-03 
3.953500e+00 1.771529e+00 1.104014e+01 -8.119746e+00 -2.892775e+01 2.281362e+00 -4.314408e-01 -2.034276e+01 -1.177832e+01 -6.562055e+00 6.960772e-01 -1.643372e+01 7.397434e-01 -8.573425e-02 1.268342e+00 -1.394925e+00 -4.176272e-01 7.358082e-01 1.225872e+00 -1.233717e+00 -3.108393e-01 -2.096356e-01 -4.917659e-01 -1.073626e+00 -1.675462e+00 -1.307954e-02 
3.687447e+00 3.638837e+00 8.947661e+00 -5.938419e+00 -2.484123e+01 3.072896e+00 2.150409e+00 -1.786367e+01 -9.850052e+00 -8.179270e+00 -4.832655e-01 -1.760256e+01 7.299663e-01 4.751661e-02 1.498608e+00 -1.079350e+00 5.489839e-01 2.860796e+00 1.385912e+00 5.226626e-01 1.422296e+00 -8.991050e-01 -9.262298e-01 -1.943819e+00 1.252015e+00 -2.110552e-02 
4.192415e+00 3.763538e+00 9.068625e+00 -1.092066e+01 -2.090930e+01 9.486764e+00 -2.105265e-01 -1.674449e+01 -1.393177e+01 -9.559664e+00 1.063277e+00 -1.487593e+01 6.992599e-01 4.791338e-02 1.859333e+00 -1.583415e+00 1.914407e+00 3.660859e+00 7.973202e-01 1.131167e+00 7.612457e-01 -2.332304e+00 -6.191214e-01 -1.716602e+00 1.878165e+00 -2.513093e-02 
4.437903e+00 7.409718e+00 7.860069e+00 -3.956187e+00 -1.678264e+01 7.498785e+00 6.245023e+00 -1.525362e+01 -1.546190e+01 -9.896637e+00 -3.165426e+00 -6.615422e+00 6.738901e-01 -1.884797e-02 1.649311e+00 -2.167217e+00 1.955933e+00 4.039417e+00 -1.801055e+00 -8.097056e-01 -7.540844e-01 -3.298750e+00 -3.454703e-01 -1.869773e+00 1.693574e+00 -3.399643e-02 
3.817839e+00 9.182752e+00 3.666861e+00 4.611745e-01 -1.465275e+01 4.055018e+00 3.177089e+00 -1.784156e+01 -2.063391e+01 -8.798978e+00 -6.545855e+00 -1.253647e+01 6.421268e-01 -1.891913e-01 1.200239e+00 -1.991284e+00 2.885819e+00 3.439864e+00 -3.696185e+00 -8.847014e-01 -1.191614e+00 -1.510780e+00 9.112417e-01 -2.158033e+00 9.711663e-01 -5.153037e-02 
3.780495e+00 9.175785e+00 8.124614e-01 -1.849672e+00 -7.772418e+00 -3.216507e+00 -3.591927e+00 -2.108556e+01 -2.299273e+01 -1.028696e+01 -6.027566e+00 -1.030442e+01 5.885507e-01 -5.164034e-01 1.471080e-01 -1.247914e+00 9.857117e-01 2.725044e+00 -3.386939e+00 -1.525591e+00 -3.352070e-01 -9.906407e-02 1.810953e+00 -1.687216e+00 -4.918742e-01 -7.712352e-02 
3.575163e+00 8.881698e+00 2.636009e+00 2.455181e+00 -8.215089e+00 -3.636515e+00 2.844419e-01 -1.978659e+01 -1.772026e+01 -4.808291e+00 -8.295815e+00 -8.175593e+00 4.842777e-01 -1.382211e+00 -8.222138e-01 2.021486e-01 -3.770283e-01 2.177074e+00 -1.118809e+00 -3.357464e-01 2.244390e+00 6.894346e-01 9.654033e-01 -1.790138e+00 3.691139e-01 -1.012215e-01 
1.977224e+00 8.295785e+00 2.135924e+00 -2.463245e-02 -6.376258e+00 -5.590143e+00 6.339025e-02 -1.595714e+01 -1.741405e+01 -2.837217e+00 -1.072653e+01 -1.125523e+01 3.671970e-01 -2.360446e+00 -1.514148e+00 9.028772e-01 2.678322e-01 1.775588e+00 1.604848e+00 -9.406038e-02 2.915776e+00 1.568699e+00 1.657054e+00 -2.079389e-01 5.002022e-01 -1.017639e-01 
-2.191582e+00 5.511683e+00 4.015872e+00 -2.336487e+00 -4.465465e+00 -3.522062e-01 -3.293014e-01 -9.183815e+00 -1.997608e+01 -7.696836e+00 -1.314706e+01 -1.021549e+01 2.466962e-01 -2.827167e+00 -2.279860e+00 -8.619976e-03 -4.936884e-01 3.046692e+00 3.201782e+00 -3.067861e-02 3.563771e+00 2.755883e+00 1.449797e+00 2.461526e+00 1.589798e+00 -7.774137e-02 
-5.138363e+00 3.290053e+00 4.636916e+00 1.885323e+00 -7.692919e-01 3.165577e+00 -3.755357e+00 -1.180806e+01 -1.402133e+01 -5.574238e-01 -4.641636e+00 -6.783462e+00 1.985222e-01 -2.121679e+00 -2.354595e+00 -9.509894e-01 4.844878e-01 3.538448e+00 4.174998e+00 2.065413e+00 3.193252e+00 3.287257e+00 1.913883e+00 2.565394e+00 2.475383e+00 -5.379423e-02 
-7.002880e+00 -1.473927e-02 1.342413e+00 -9.682385e-01 4.214889e+00 7.994535e+00 2.040422e+00 -4.042276e+00 -5.637208e+00 1.300797e+00 9.693699e-01 -2.462487e+00 1.799083e-01 -8.950640e-01 -1.599168e+00 -1.485773e+00 1.144810e+00 3.058970e+00 1.868014e+00 2.619661e+00 2.862510e+00 3.929000e+00 3.177176e+00 2.336843e+00 1.003533e+00 -2.330200e-02 
-6.225521e+00 -7.139790e-01 -1.282293e+00 1.713682e+00 6.975806e+00 1.111148e+01 9.205592e+00 -2.561651e+00 -8.147203e+00 2.233382e+00 -4.957770e+00 -2.754819e+00 1.316198e-01 -2.587405e-01 -5.709404e-01 -1.156529e+00 -3.330672e-01 1.164078e+00 2.310436e-01 2.435092e+00 2.140754e+00 6.640652e-01 8.042971e-01 6.989648e-01 3.320220e-01 -1.600320e-02 
-6.123322e+00 -4.821408e-01 -4.533892e-01 3.473386e+00 6.956835e+00 5.014914e+00 6.288531e+00 5.055285e-01 -3.268141e+00 6.793639e+00 -1.304779e+00 -7.212149e+00 1.636373e-01 1.925944e-01 7.766835e-01 -1.322499e+00 1.007286e-01 1.627564e-02 -1.206622e+00 4.667942e-01 1.618985e+00 -1.692025e-01 7.407972e-01 1.038889e+00 1.138374e+00 -1.488452e-02 
-6.871844e+00 6.690519e-01 -2.478271e-01 -2.000825e+00 3.680126e+00 5.810606e+00 6.296048e+00 -3.378197e+00 -1.188553e+01 7.176409e-01 -9.738088e-03 -2.748520e+00 1.266416e-01 2.276163e-01 1.064200e+00 -2.057989e+00 -7.306048e-01 1.275661e-01 -7.459450e-01 -1.076311e+00 2.527809e+00 1.890871e+00 -4.418193e-01 2.027225e+00 2.211802e+00 -1.499782e-02 
-5.716746e+00 3.177163e+00 -5.787312e+00 1.392658e+00 5.944107e+00 4.611860e+00 5.829165e+00 4.460921e+00 -4.614056e+00 5.762654e+00 3.689800e+00 3.226233e+00 1.079748e-01 3.530444e-01 6.344720e-01 -2.857568e+00 -1.591752e+00 1.423831e+00 2.985125e-01 -1.906266e+00 7.822235e-01 1.853667e+00 -1.183973e+00 4.554662e-01 2.826290e+00 -2.957670e-02 
-5.290728e+00 2.777367e+00 -8.905277e+00 -8.989776e-01 8.120000e+00 7.583280e+00 4.053720e+00 8.099698e+00 1.980107e+00 5.397787e-01 2.681064e+00 3.085001e+00 8.446199e-02 5.458406e-01 9.892742e-01 -1.787891e+00 -4.228006e-01 3.125585e+00 8.207518e-01 -8.713405e-01 -3.142899e-01 1.454527e+00 -7.242311e-01 -1.883349e+00 6.802605e-01 -3.054726e-02 
-5.148659e+00 1.636061e+00 -1.041250e+01 -5.036296e+00 1.185605e+01 5.621139e+00 -2.121635e+00 -1.322301e+00 -9.326274e-01 9.627056e-01 -3.728490e-01 4.002541e+00 3.684366e-02 5.753441e-02 1.082800e+00 6.026649e-03 -7.886574e-01 2.075300e+00 -1.381086e-01 -2.656050e-01 -2.038495e+00 9.012499e-02 -4.376186e-01 -2.084386e+00 -7.859415e-01 -2.962636e-02 
-4.426685e+00 6.385973e+00 -6.874684e+00 -9.003507e-01 1.635208e+01 9.409726e+00 5.914746e+00 -2.058035e+00 -6.453611e+00 -5.035403e-01 -7.395161e+00 2.646286e-01 9.470940e-03 -1.264486e-01 1.929138e+00 8.986061e-01 1.974250e-01 1.476238e+00 -8.286557e-01 -2.545975e-01 -1.685899e+00 -1.522649e-01 7.093092e-01 -8.471085e-01 -4.292119e-01 -1.526066e-02 
-5.861095e+00 6.786861e+00 -6.772476e+00 -2.549942e+00 1.220456e+01 3.008094e+00 3.570627e+00 -6.526866e-01 5.342883e-02 4.096221e+00 -1.694019e+00 7.067119e-01 -2.661467e-03 4.914789e-02 1.851515e+00 8.516537e-01 1.396981e+00 6.843671e-01 -1.407031e-01 -1.502906e-01 9.347711e-01 2.078744e+00 1.411293e+00 7.576166e-01 8.405992e-01 1.348466e-03 
-5.566752e+00 9.847655e+00 -6.232261e+00 -1.155030e+00 1.532694e+01 4.746523e+00 -6.539965e-02 -6.646037e-01 7.257547e-01 2.519567e+00 -8.938940e-01 2.586856e+00 2.791125e-02 8.020096e-02 9.626156e-01 3.565210e-01 9.782621e-01 -1.182504e+00 -5.736430e-01 3.540497e-01 2.892888e+00 3.484376e+00 2.164709e+00 1.339852e+00 8.554589e-01 4.736775e-03 
-4.332886e+00 9.162794e+00 -6.475447e+00 2.075950e+00 1.579046e+01 7.249225e+00 1.169844e-01 2.654838e+00 5.871409e+00 6.507619e+00 1.646006e-01 7.044424e+00 3.436583e-02 2.747844e-01 8.689772e-01 1.091373e+00 2.009041e+00 -1.654266e-01 4.307774e-01 1.522193e+00 3.131145e+00 1.200677e+00 6.420994e-01 -3.830236e-01 3.247260e-01 2.897114e-03 
-4.789785e+00 1.001108e+01 -5.240594e+00 1.678014e+00 8.646611e+00 4.420946e+00 9.411817e+00 1.075264e+01 8.059280e+00 9.114305e+00 -1.625211e+00 1.373067e+00 1.464117e-02 2.099317e-01 4.002189e-01 9.392592e-01 1.424354e+00 -1.619109e-01 -4.728486e-01 2.355111e+00 2.062863e+00 -9.951019e-02 3.609472e-01 -1.776973e-01 3.243311e-01 -3.950679e-03 
-4.875657e+00 1.105003e+01 -1.811446e+00 6.078741e+00 1.471759e+01 5.324770e+00 6.442983e+00 9.294415e+00 2.390050e+00 4.009348e+00 -3.243478e+00 2.937237e+00 1.845914e-02 -8.323650e-02 4.337445e-01 1.025334e+00 6.713814e-01 8.217324e-01 -3.947293e-01 2.265224e+00 1.904589e+00 -8.948259e-02 -1.328674e-01 -6.245384e-01 -2.659399e-01 -5.676895e-03 
-4.245708e+00 1.090513e+01 -3.867966e+00 3.965346e+00 1.505381e+01 3.344508e+00 8.547155e+00 6.329921e+00 1.968883e+00 5.573438e+00 -7.834113e-02 6.262105e+00 1.611120e-02 -1.570062e-01 8.108139e-02 -1.045194e-01 1.998529e-01 1.746754e+00 3.011935e-01 9.440398e-02 -2.067386e-01 -4.455726e-01 -5.233714e-01 4.546667e-01 9.392775e-01 1.167524e-03 
-5.021107e+00 1.088449e+01 -2.035089e+00 4.289191e+00 1.669552e+01 5.813797e+00 1.187543e+01 1.438914e+01 8.469194e+00 7.613716e+00 -3.731526e+00 3.270205e+00 5.246341e-03 -3.352779e-01 -8.932629e-01 -1.660098e+00 -1.679921e+00 -1.245586e+00 -5.167958e-01 -9.751515e-01 -7.627967e-01 -4.328804e-01 -1.716845e-01 1.085069e+00 8.025787e-01 7.485562e-03 
-5.502091e+00 1.049926e+01 -5.651370e+00 3.572053e+00 1.639142e+01 5.682399e+00 7.167611e+00 7.171583e+00 2.791846e+00 4.695265e+00 8.921466e-01 5.902970e+00 2.708519e-02 -2.791201e-01 -7.011127e-01 -3.996966e-01 -1.239657e+00 -1.398008e+00 -6.642591e-01 -1.932186e+00 -7.615536e-01 -8.580554e-01 3.424536e-01 2.537402e-01 -2.857123e-01 6.428635e-03 
-5.923855e+00 6.786653e+00 -9.220234e+00 -2.124215e+00 7.820861e+00 1.571845e+00 2.256997e+00 5.059600e+00 -1.858327e-01 3.590013e+00 1.696624e+00 7.129698e+00 5.039996e-02 -4.430553e-01 -7.450156e-01 5.221316e-01 -1.432033e+00 -1.319633e+00 -9.734433e-01 -2.067243e+00 -1.750773e+00 -7.440216e-01 -3.019743e-02 3.884800e-01 -3.700535e-01 1.662636e-03 
-5.189935e+00 9.448487e+00 -2.273877e+00 9.737623e-01 1.250110e+01 2.144188e+00 3.695441e+00 7.186924e+00 2.006120e+00 9.297558e+00 -1.523715e+00 2.903798e+00 2.567756e-02 -7.036400e-01 -6.359407e-01 1.839497e+00 -1.268838e+00 -3.685741e-01 1.136557e+00 -5.834323e-01 5.724329e-01 1.274963e+00 7.944797e-01 -7.172951e-01 -9.005073e-01 1.210211e-02 
-7.392462e+00 7.684802e+00 -1.113177e+00 -1.571827e+00 1.204251e+01 2.715686e+00 3.275305e+00 5.627604e+00 5.141950e+00 5.161582e+00 -5.811952e-01 2.919524e+00 1.426333e-02 -4.426623e-01 2.199537e-01 1.502330e+00 6.217841e-01 1.077754e+00 1.435583e+00 9.411890e-01 4.505546e-01 1.664046e+00 9.222696e-01 -6.450539e-01 -1.278236e-01 8.280099e-04 
-8.285988e+00 6.870482e+00 -5.074105e-01 -3.048329e+00 1.243772e+01 1.079327e+01 3.741295e+00 9.749746e+00 6.502768e+00 7.881879e+00 -1.555419e+00 3.505520e+00 1.056641e-01 -3.468676e-01 5.322704e-02 -7.063780e-01 9.677663e-01 -1.518891e-01 7.739860e-01 1.106773e+00 3.646833e-01 5.699118e-01 3.422971e-01 8.194489e-01 1.102831e+00 1.993412e-03 
-6.589140e+00 9.175424e+00 -2.591817e+00 2.995751e+00 1.324132e+01 4.425222e+00 6.940015e+00 6.030962e+00 5.886071e+00 8.909201e+00 -1.512794e+00 6.189718e+00 1.454675e-02 5.538054e-01 5.218291e-01 -8.199804e-01 1.854446e+00 1.262064e+00 2.481858e-01 1.179564e+00 3.995969e-01 -2.442724e-01 4.498132e-01 1.077692e+00 1.540259e+00 -1.131510e-02 
-7.325933e+00 8.969312e+00 -5.066447e+00 3.528805e+00 1.114225e+01 5.159350e+00 7.396949e+00 8.808661e+00 4.483618e+00 9.135234e+00 3.039329e+00 6.782856e+00 3.550291e-02 7.850729e-01 4.817211e-01 -5.194046e-01 1.633641e+00 1.888494e+00 -5.691034e-01 7.613295e-01 -1.242063e-01 -4.101118e-01 -4.321047e-01 1.215331e+00 1.374569e+00 -2.475697e-02 
-5.103462e+00 9.244534e+00 -2.933561e+00 4.411835e+00 1.900057e+01 6.773573e+00 7.345300e+00 8.096130e+00 4.930163e+00 6.783970e+00 2.509893e+00 8.982148e+00 -7.231593e-03 5.193827e-01 4.134402e-02 1.449397e-01 3.715199e-01 1.937682e+00 6.310924e-01 7.589200e-02 3.417807e-01 -1.465272e-01 -6.601723e-01 7.515937e-01 7.784151e-01 -8.629119e-03 
