-3.844767e-01 1.969893e+00 -1.151993e+00 -2.163012e+00 4.197659e+00 2.383255e+00 -3.907151e-01 8.003522e+00 -1.114603e-01 2.672614e+00 5.887203e-01 6.361524e+00 -1.512927e-01 2.424669e-02 2.561006e-01 -5.195547e-01 1.173075e-01 -1.006685e+00 3.796743e-01 -7.491571e-01 -2.081643e+00 -8.025248e-02 -3.685434e-01 -4.750865e-02 -6.124269e-01 1.715541e-04 
-7.454300e-02 2.031982e+00 -4.619400e+00 7.684202e-01 1.935220e+00 1.999389e+00 -3.959457e+00 4.278744e+00 -1.399793e+00 1.407882e+00 7.903640e-01 6.011336e+00 -1.495771e-01 -2.634028e-01 -3.765782e-01 -2.979004e-02 -5.617093e-01 -1.616146e+00 1.078315e-01 -9.799395e-01 -2.398122e+00 -1.154484e-01 -8.784648e-01 -1.760147e+00 -9.303108e-01 0.000000e+00 
-4.182100e-01 3.219350e+00 -2.016063e+00 -3.042190e+00 2.954516e-01 4.473558e+00 -2.352130e+00 -5.423064e-01 1.314438e-01 1.462263e+00 2.503552e-01 3.474483e+00 -1.512927e-01 -4.481686e-01 -4.034065e-01 7.801158e-01 -1.222214e+00 -9.661556e-01 1.969385e-01 -2.969658e-01 -2.089051e+00 4.056372e-01 2.818271e-01 -1.402212e+00 -9.754531e-01 -1.715541e-04 
-1.684624e+00 -5.377274e-01 -8.689079e-01 -4.531969e+00 -1.931967e+00 1.877260e+00 -4.309705e+00 2.858247e-01 -8.101542e-01 -1.114534e+00 -8.042834e+00 3.153490e+00 -1.512927e-01 -7.977852e-01 -7.400243e-01 1.134403e+00 -3.950052e-01 9.727731e-02 -3.340200e-02 4.532432e-01 -7.918741e-01 6.488630e-01 7.909142e-01 -1.138339e+00 -1.093248e+00 -3.431082e-04 
-1.820279e+00 1.237715e+00 8.733404e-01 -5.623889e+00 1.300474e+00 3.429012e+00 -1.700420e+00 -4.452715e-01 1.621906e+00 5.342958e+00 -2.005740e+00 2.913182e+00 -1.512927e-01 -7.335070e-01 -7.773466e-01 1.251609e-01 8.247549e-01 1.324547e+00 4.271944e-01 1.174305e+00 8.797799e-01 -2.409959e-02 1.037985e+00 1.717588e-01 1.284886e-01 0.000000e+00 
-3.362434e+00 -6.773212e-01 -3.920854e-01 8.424401e-02 1.919095e+00 2.354652e+00 -2.019096e+00 2.708566e-01 1.099291e+00 3.422106e+00 -3.773282e+00 8.257466e-01 -1.512927e-01 -2.229335e-01 3.026508e-02 -1.601503e-01 6.414207e-01 1.746962e+00 8.797361e-01 1.171479e+00 3.604197e-01 -4.787977e-01 1.228205e+00 1.779567e+00 9.378230e-01 0.000000e+00 
-3.246840e+00 -5.975856e-01 -1.628670e+00 -1.226522e+00 4.992656e+00 6.370834e+00 2.374088e+00 3.864077e+00 -9.437765e-01 4.383870e+00 -1.025627e+00 5.280798e+00 -1.512927e-01 9.917726e-02 -4.239941e-02 -2.224468e-01 6.567911e-01 1.238376e+00 7.134401e-01 8.490250e-01 3.874801e-01 -8.953897e-01 -1.016050e+00 8.918676e-01 8.688406e-01 0.000000e+00 
-2.086011e+00 5.312483e-01 -4.186545e-01 -3.523549e+00 4.956751e+00 4.805029e+00 -4.895667e-01 -6.675112e-02 -1.921301e+00 5.506034e+00 3.649418e-01 6.658797e+00 -1.512927e-01 3.592968e-02 4.740182e-01 4.806813e-01 -3.159558e-01 3.810658e-02 -1.236654e-01 3.423052e-01 6.754633e-01 6.703879e-02 -4.013424e-01 1.405332e+00 3.931996e-01 0.000000e+00 
-1.962605e+00 4.214332e-01 -2.256087e-01 -5.360372e-01 5.973527e+00 5.771024e+00 1.779940e+00 1.660933e+00 -1.344747e+00 -7.792540e-01 3.844862e-01 4.340860e+00 -1.512927e-01 -9.744692e-02 6.111402e-02 4.219953e-01 -2.238240e-01 -1.570683e+00 -1.060277e+00 -2.818956e-01 9.825062e-01 1.120193e+00 -9.358448e-01 2.211183e-01 -6.345407e-01 0.000000e+00 
-3.824903e+00 1.183260e+00 1.309791e+00 -1.840778e+00 1.619192e+00 2.036231e+00 -1.049614e-02 4.749745e+00 1.634970e+00 3.996956e+00 2.548323e+00 3.261714e+00 -1.512927e-01 -1.409802e-01 7.369536e-02 4.839153e-01 -1.791829e-01 -1.049373e+00 -5.252020e-01 2.892127e-01 7.717878e-01 3.346905e-01 -1.255062e-01 8.171002e-02 -1.130907e+00 0.000000e+00 
-2.864628e+00 -6.180214e-01 -3.829154e-01 -3.187028e+00 -1.191978e+00 2.453846e+00 7.250746e-01 6.368360e+00 2.879054e+00 4.591849e-01 -1.011726e+00 3.806637e+00 -1.512927e-01 -3.407717e-02 -6.351986e-02 -1.569851e-02 -6.212617e-01 -4.219259e-01 -3.360035e-01 -8.130112e-01 -8.817437e-01 2.766514e-03 1.978031e+00 2.573016e-01 -1.289784e+00 0.000000e+00 
-2.339900e+00 1.419452e+00 2.079575e+00 -3.093968e+00 3.292639e+00 3.837608e+00 1.483930e+00 1.438474e+00 -2.359749e+00 4.259284e+00 1.471598e+00 1.271375e+00 -1.512927e-01 2.995306e-01 -3.561872e-01 -1.204678e-01 -3.796139e-01 5.477053e-01 7.252063e-01 -8.123026e-02 -1.934558e+00 -8.401436e-01 6.940120e-01 1.282765e-01 -8.832229e-01 0.000000e+00 
-2.875492e+00 -1.426220e-02 -6.889935e-01 -3.015751e+00 3.027174e+00 3.190318e+00 -3.032328e+00 -1.092150e+00 6.664452e-01 8.979735e+00 2.209357e+00 -1.112890e+00 -1.512927e-01 1.806547e-01 2.985358e-01 -1.541650e-02 -2.864719e-01 6.506733e-01 3.307796e-01 1.309010e-01 -1.536831e+00 -6.822097e-01 9.946740e-01 5.466052e-01 1.772682e-01 0.000000e+00 
-2.321818e+00 -8.995554e-01 8.604907e-01 -3.824486e+00 2.248143e+00 5.294026e+00 1.462054e+00 -1.192789e+00 -1.459444e+00 3.206741e+00 1.579164e+00 1.305362e+00 -1.512927e-01 -1.425342e-01 -5.555149e-01 -8.522462e-01 -5.772684e-01 -5.421807e-01 -3.631344e-01 -5.595596e-01 -2.447970e-01 -3.297570e-01 5.244146e-01 -7.315357e-01 1.240947e+00 0.000000e+00 
-1.970395e+00 2.034162e+00 1.495443e-01 -4.254128e+00 2.583637e+00 3.379535e+00 1.390517e+00 -1.605749e-04 -9.821470e-01 5.958826e+00 1.667517e+00 4.675984e+00 -1.512927e-01 -1.119550e-01 6.565981e-02 -5.741026e-01 -2.137412e-01 -3.482697e-01 -1.457584e+00 -3.574720e-01 1.638823e+00 -1.431188e+00 -4.824900e-01 -6.564232e-01 1.195197e+00 0.000000e+00 
-3.505119e+00 -2.382334e+00 -2.600925e+00 -5.361122e+00 8.035040e-01 1.927327e+00 -3.525291e+00 -3.315058e-01 -3.184238e+00 8.391811e+00 -1.915161e+00 4.581672e+00 -1.512927e-01 -3.435926e-01 5.057206e-02 -7.126029e-01 -9.433640e-01 -4.333123e-01 -1.480750e+00 -1.126633e+00 8.374993e-01 -7.520718e-01 -1.339751e-01 -7.718087e-01 5.032805e-01 0.000000e+00 
-2.843616e+00 1.055426e+00 -1.828799e+00 -3.316139e+00 2.008145e+00 -2.414250e+00 -2.326015e+00 6.671321e+00 -5.627098e+00 3.974751e+00 6.744030e-01 3.224937e+00 -1.512927e-01 -2.894123e-01 -9.183355e-02 -4.237068e-02 -4.591246e-01 1.822040e-01 -2.107223e-01 -5.159715e-01 -1.097999e-01 1.186816e+00 -5.021930e-01 1.309547e-01 7.180345e-02 0.000000e+00 
-3.603170e+00 -1.573274e-01 -1.713352e+00 -9.010302e+00 3.693275e-01 7.871704e-01 -2.312844e+00 -3.410339e-01 -2.897327e+00 3.528903e+00 -1.783322e+00 4.547288e+00 -1.512927e-01 -1.139660e-01 7.365167e-01 6.225706e-01 3.394010e-01 -3.650663e-02 6.406569e-01 3.364133e-01 -8.920097e-02 1.671016e+00 2.939584e-02 4.965754e-01 -7.333170e-01 0.000000e+00 
-3.368431e+00 4.624906e-01 -5.060952e-01 -4.725162e+00 3.711745e+00 2.896002e+00 -1.795564e+00 -5.443959e-01 4.808480e+00 5.879315e+00 2.256372e+00 5.052193e+00 -1.512927e-01 -2.897570e-01 4.885746e-01 -4.295456e-01 3.914855e-01 -2.103240e+00 1.709670e+00 6.355511e-01 -1.545784e-01 1.322746e-01 8.086718e-01 5.038406e-01 -1.434702e+00 1.814752e-02 
-3.812542e+00 1.596717e+00 -1.494237e-01 -2.959605e+00 -2.308292e-01 2.475485e+00 -2.108450e+00 2.830348e+00 -4.694706e-02 7.586508e+00 -2.232683e-01 1.459599e-03 -1.512927e-01 1.690969e+00 7.200848e-01 -1.736206e+00 2.549292e-01 -1.631310e+00 2.072696e-01 1.879252e+00 -7.588791e-01 -5.127941e-01 -1.902155e-01 2.430271e-01 -1.074558e+00 3.970607e-02 
-4.187716e+00 2.621277e+00 -4.758491e+00 -4.384059e+00 -8.207979e+00 5.289941e+00 7.495432e-01 4.312738e+00 -6.390915e+00 5.989307e+00 2.413579e+00 -1.675658e+00 -6.055510e-02 2.624531e+00 5.545778e-01 -1.927911e+00 -9.559798e-01 -1.657504e+00 -1.126816e+00 3.448290e+00 -2.732273e+00 -1.383464e+00 -3.182669e-01 -2.793060e-01 -4.753359e-01 8.616753e-02 
5.261314e+00 2.363704e+00 -8.268184e+00 -7.906207e+00 -1.827361e+00 6.265492e-01 5.810863e+00 -6.563996e+00 1.383993e-01 2.522830e+00 -6.467905e-01 2.538423e+00 1.868904e-03 4.378489e-01 5.926908e-01 1.106387e-01 2.656336e-01 9.980437e-01 -2.071312e+00 2.747895e+00 -4.112526e+00 1.086257e+00 -1.048220e+00 -2.279139e-01 7.755645e-02 1.135402e-01 
5.217297e+00 2.851886e+00 -6.086272e+00 -7.031760e+00 -3.777511e+00 -1.813612e+00 1.148623e+01 -9.508589e+00 -2.201512e+00 6.819819e+00 1.071603e+00 1.407032e+00 2.029642e-01 -2.092763e+00 8.834060e-01 9.462220e-01 2.029365e+00 2.254840e+00 -2.504513e+00 1.240779e+00 -2.069321e+00 2.819152e+00 -2.480226e+00 3.439553e-01 7.140895e-01 1.336437e-01 
-6.325804e+00 4.444867e+00 1.067660e+00 -3.075864e-01 2.544154e+00 -4.329298e+00 6.262680e+00 -1.082162e+01 3.289637e+00 1.930152e+00 -6.918496e-01 -1.152103e+00 2.846489e-01 -4.572453e+00 1.841328e-01 -9.406576e-02 2.614885e+00 7.386969e-01 4.867220e-03 4.905187e-01 8.348101e-01 1.228229e+00 -9.007095e-01 9.638329e-01 1.506365e-01 1.166030e-01 
-8.857973e+00 5.997725e+00 -4.695303e+00 1.963455e+00 8.804612e-01 -4.754698e+00 6.727530e+00 -3.905055e+00 6.129225e+00 -6.115483e+00 4.155886e+00 3.740053e+00 4.662735e-01 -3.619184e+00 -7.054724e-01 -2.080169e+00 1.477299e+00 8.327820e-01 1.137174e+00 8.222017e-02 1.587391e+00 1.243579e+00 -6.863331e-01 2.022356e-01 6.319510e-01 8.483393e-02 
-1.056332e+01 1.711448e+00 -9.433997e+00 6.706104e-01 -4.628625e-01 2.121429e+00 1.064281e+01 -5.191713e+00 2.114175e+00 4.486935e+00 2.630233e+00 2.125095e+00 4.532294e-01 -1.018294e+00 -6.257413e-01 -2.631502e+00 -7.219743e-01 -5.899078e-01 -7.555423e-02 1.105039e+00 7.429216e-01 3.098229e-01 1.577908e+00 -1.052816e+00 6.919050e-01 8.049849e-02 
-1.075986e+01 6.912339e-01 -1.123629e+01 -1.343632e-01 1.889907e+00 6.468964e-01 9.707267e+00 -4.386588e+00 4.604113e+00 2.109763e+00 4.217398e-01 2.928187e+00 5.428436e-01 -1.655819e+00 -6.976650e-01 -2.471841e+00 -1.153168e+00 -7.442059e-01 -1.544799e+00 6.753604e-01 8.434200e-02 -4.353960e-01 1.356825e+00 -1.587157e+00 4.505835e-01 8.819779e-02 
-1.046633e+01 3.969406e+00 -8.819358e+00 -2.868548e+00 -9.101076e-01 -7.407866e+00 1.029801e+01 -6.866244e+00 5.601308e+00 5.707067e+00 -4.088855e+00 2.713355e+00 6.488563e-01 -2.466240e+00 3.412117e-01 -2.622676e+00 -9.761815e-01 -8.350013e-01 -1.220222e+00 2.874286e-01 1.163053e+00 3.843388e-01 -1.384381e+00 -1.013042e+00 4.157591e-02 1.279125e-01 
-1.718556e+01 1.380422e+00 -1.736183e+01 -2.032808e+00 -2.616946e+00 -7.714047e+00 1.027673e+01 -2.646079e+00 2.208679e+00 5.857432e-02 -4.203546e-01 5.698840e+00 8.094490e-01 -2.899329e+00 1.337935e+00 -1.912338e+00 1.700839e-01 8.104202e-01 5.352290e-01 3.296089e-03 1.821096e+00 -1.658826e+00 -1.134366e+00 9.990044e-02 -1.372904e+00 1.220810e-01 
-1.968167e+01 3.072913e+00 -1.948461e+01 -3.261075e+00 -2.384443e+00 2.007928e-01 1.179522e+01 -2.467036e-01 5.233586e+00 -1.409374e+00 -2.013930e+00 9.476482e-01 9.594892e-01 -1.541040e+00 2.440144e+00 -4.435374e-01 2.071645e+00 3.217263e+00 2.112763e+00 -5.180704e-01 1.098198e-01 -1.859401e+00 -3.502799e-01 5.555403e-01 -1.699491e+00 8.907705e-02 
-2.064884e+01 7.829155e+00 -1.546535e+01 9.123197e-01 6.679176e+00 -4.812880e-01 8.975142e+00 1.409120e+00 -3.506153e+00 -3.847837e-03 -1.162202e-01 -3.053481e+00 9.979321e-01 6.629454e-01 3.538363e+00 1.890986e+00 1.921232e+00 3.351977e+00 1.820853e+00 -7.613525e-01 -1.927881e+00 -2.432106e-01 5.778531e-01 -1.438537e-01 -1.467172e+00 3.637769e-02 
-1.643989e+01 1.294576e+01 -1.198528e+01 6.017111e+00 1.052815e+01 -4.604321e-01 8.358450e+00 -8.344745e+00 -8.382829e-01 3.986879e+00 -1.463220e+00 -1.407941e+00 1.000000e+00 4.746037e-01 1.482129e+00 1.047214e+00 7.295884e-01 8.845249e-01 -4.436406e-01 -1.393219e+00 -3.471307e+00 9.411919e-01 2.455934e-02 -1.833828e-01 -1.016897e-01 -3.873765e-03 
-1.549172e+01 1.413582e+01 -1.165656e+01 2.934259e+00 7.686646e+00 1.720829e+00 8.188353e+00 -8.236464e+00 4.028560e+00 2.497135e-01 -1.414978e+00 -4.592255e-01 9.710821e-01 -1.005861e-01 -3.889880e-01 -6.261781e-01 -3.072165e-01 -1.071674e+00 -7.112976e-01 -2.645244e-01 -8.082100e-01 3.360714e+00 -2.006429e+00 2.989370e-03 7.306914e-01 -9.120291e-03 
-1.988721e+01 7.330226e+00 -1.615293e+01 -6.241024e-01 1.534447e+00 -3.118469e+00 5.222517e+00 -1.278045e+01 6.172188e+00 -1.413358e+00 -2.281466e+00 -8.579279e-01 9.535454e-01 -3.590919e-01 -8.554620e-01 -4.536068e-01 -7.778678e-02 -9.546278e-01 -7.446275e-01 -4.615605e-01 1.603435e+00 1.582700e+00 -1.238966e+00 6.199878e-01 -5.290493e-01 -1.610588e-02 
-1.942811e+01 8.691980e+00 -1.651242e+01 2.696844e+00 5.817657e+00 -2.708758e+00 9.220487e+00 -4.140773e-01 9.792183e+00 -7.335874e+00 3.078492e-01 3.249704e-01 9.755579e-01 5.103777e-01 -7.984697e-01 1.247855e-01 -1.138235e+00 -8.615278e-01 -1.860781e+00 -1.770657e-01 1.537648e+00 -1.106641e+00 6.084282e-01 3.625301e-01 -9.419757e-01 -3.210603e-02 
-1.626716e+01 1.139036e+01 -1.182539e+01 5.746885e+00 6.689502e+00 -1.968776e+00 5.534580e+00 -4.238763e+00 4.193409e+00 1.584842e+00 7.753050e-01 -4.445285e+00 9.172327e-01 3.650910e+00 -4.335220e-01 8.078936e-01 -2.725521e+00 -7.094707e-01 -1.781129e+00 -4.832269e-01 1.058953e+00 -2.776192e+00 1.530808e+00 -9.635121e-01 -5.796399e-02 -6.060465e-02 
-1.474986e+01 8.113398e+00 -1.319641e+01 -5.942409e+00 8.014793e-01 -8.157921e+00 7.146993e+00 -4.819068e+00 -5.152562e-01 1.792755e+00 -1.130713e+00 -3.375426e+00 8.287083e-01 6.186044e+00 -2.473930e+00 3.671538e+00 -1.584935e+00 -2.921217e+00 -3.261708e+00 -3.110906e+00 -3.317074e+00 -3.539361e+00 1.929517e+00 -3.556910e+00 -2.934457e-01 -1.127126e-01 
-3.971785e+00 5.451907e+00 -1.377147e+01 -9.932081e+00 4.951825e-01 -9.299530e+00 3.843130e+00 -5.283189e+00 -2.555055e+00 1.676370e+00 -6.379745e+00 7.024501e-01 7.239469e-01 7.129552e+00 -5.463966e+00 5.472604e+00 -2.982502e-02 -4.700134e+00 -2.238969e+00 -4.790695e+00 -3.374102e+00 -1.076858e+00 -1.493251e+00 -2.739030e+00 -5.752385e-01 -8.151232e-02 
5.354426e+00 -7.084391e-01 2.818310e+00 2.611654e+00 -5.691269e+00 -1.535192e+01 -5.488320e+00 -1.647723e+01 -4.530394e+00 2.265947e+00 -1.389918e+01 -3.716125e+00 5.086375e-01 6.132528e+00 -6.274910e+00 6.196339e+00 2.047353e+00 -4.821890e+00 2.382088e-02 -5.377772e+00 -2.310259e+00 7.237077e-01 -2.402702e+00 -1.019982e+00 -1.609352e+00 -2.334917e-02 
9.328452e+00 -1.151855e+01 7.530274e+00 1.320728e+00 -1.356479e+01 -9.566622e+00 -1.210124e+01 -1.528019e+01 8.166875e-01 -6.118009e+00 -6.535612e+00 -7.151127e+00 6.697065e-01 2.952725e+00 -5.457199e+00 4.647120e+00 1.429020e+00 -4.373685e+00 1.909627e+00 -3.210579e+00 -1.721477e-03 1.596453e+00 -2.760751e+00 9.062679e-01 -1.853102e+00 2.620339e-02 
9.262659e+00 -1.477593e+01 7.134415e+00 -1.332051e+00 -1.627798e+01 -7.905271e+00 -1.176969e+01 -1.137186e+01 1.417411e+00 -6.323565e+00 -6.152688e+00 -7.495396e+00 7.390827e-01 8.566316e-01 -3.674392e+00 1.054869e+00 -9.566997e-01 -2.396913e+00 2.556364e+00 6.006289e-02 2.268637e+00 2.202971e+00 -2.283176e+00 1.550518e+00 -1.014650e-01 6.105286e-02 
8.837725e+00 -1.480034e+01 7.306079e+00 -8.151307e-01 -1.607988e+01 -3.474720e+00 -9.069084e+00 -7.844481e+00 2.453307e+00 -7.832630e+00 -5.721649e+00 -6.673424e+00 7.397413e-01 3.130076e-01 -1.390746e+00 3.677909e-01 -2.152355e-01 -6.620396e-01 1.099071e+00 1.793990e+00 2.139514e+00 1.851469e+00 -4.212844e-01 4.525793e-01 1.073233e+00 3.394662e-02 
9.882948e+00 -1.743950e+01 8.204754e+00 -1.103915e+00 -1.641829e+01 -5.616053e+00 -6.704082e+00 -8.851904e+00 5.666151e+00 -8.292624e+00 -6.553569e+00 -4.462302e+00 7.788844e-01 5.508015e-01 -1.041761e+00 7.517322e-01 1.782340e-01 -4.678606e-01 2.663765e-02 1.790607e+00 1.256870e+00 1.596746e+00 1.530075e-03 8.484724e-01 1.075336e+00 2.173749e-02 
1.058335e+01 -1.714050e+01 8.834059e+00 1.304829e-01 -1.680484e+01 -5.215877e+00 -5.664089e+00 -5.842602e+00 7.949661e+00 -7.239901e+00 -4.072275e+00 -3.301508e+00 8.195387e-01 6.931610e-01 -8.247774e-01 6.553333e-01 -1.190809e-01 -6.981510e-01 -5.691602e-01 1.101291e+00 1.008801e+00 6.763057e-01 6.744704e-01 1.188305e+00 7.636856e-01 9.454417e-03 
1.114386e+01 -1.881466e+01 1.012909e+01 -9.136872e-01 -1.825481e+01 -6.901504e+00 -4.519150e+00 -6.088450e+00 6.652965e+00 -6.612279e+00 -2.735013e+00 -3.804674e+00 8.078715e-01 5.997777e-01 -1.591148e-01 3.467980e-01 -4.511419e-01 -5.413847e-01 -2.175123e-01 3.744965e-01 1.338431e+00 -3.980466e-01 7.651386e-01 1.690559e+00 1.964896e-01 -1.218062e-02 
1.167308e+01 -1.823665e+01 9.620579e+00 -1.505649e+00 -1.865238e+01 -5.677795e+00 -4.655096e+00 -4.182206e+00 5.341428e+00 -5.300450e+00 -1.689401e+00 -3.183810e+00 7.725199e-01 5.242565e-01 -6.863527e-02 7.684965e-02 -7.674181e-01 -4.747032e-01 5.524635e-03 -3.344568e-01 1.371065e+00 -1.079828e+00 4.516231e-01 1.119514e+00 3.212247e-01 -2.619872e-02 
1.233697e+01 -1.768700e+01 9.545484e+00 -2.541559e+00 -1.820144e+01 -6.472656e+00 -5.336096e+00 -2.989950e+00 4.980035e+00 -5.436656e+00 7.077878e-01 -3.538703e+00 7.414907e-01 4.431098e-01 2.299763e-01 1.421232e-02 -5.672923e-01 2.305388e-01 2.267742e-03 -4.516817e-01 1.467497e+00 -6.204299e-01 3.327225e-01 9.871893e-01 7.558201e-01 -2.661231e-02 
1.260807e+01 -1.804750e+01 9.510108e+00 -2.892672e+00 -1.920504e+01 -5.402678e+00 -6.927899e+00 -5.365255e-01 3.386988e+00 -5.569596e+00 -1.961029e-01 -1.828369e+00 7.217355e-01 4.503136e-01 2.882417e-01 -5.235577e-03 -1.755952e-02 2.245064e-01 -6.667657e-01 -1.504501e-01 9.067671e-01 -3.657504e-01 2.606094e-01 5.837743e-01 9.371356e-01 -2.307900e-02 
1.289191e+01 -1.775935e+01 1.025538e+01 -3.056637e+00 -1.682578e+01 -7.027724e+00 -5.641156e+00 -5.738034e-01 4.528036e+00 -4.814094e+00 1.454285e+00 -7.032937e-01 7.002021e-01 4.401360e-01 3.319725e-01 9.303475e-03 4.769514e-01 9.931087e-02 -3.731409e-01 -2.300367e-01 8.244859e-01 -2.632163e-01 1.716309e-01 5.488968e-01 6.874675e-01 -2.147250e-02 
1.364717e+01 -1.675927e+01 9.239451e+00 -1.335907e+00 -1.821767e+01 -8.734089e+00 -5.254816e+00 -8.564432e-01 3.738676e+00 -4.308685e+00 8.562219e-01 8.416361e-02 6.777692e-01 3.448826e-01 5.164197e-01 -5.714779e-02 4.718375e-01 3.625088e-01 -6.432281e-01 9.372616e-03 2.874647e-01 -7.318840e-02 -1.839724e-01 6.594292e-01 7.489832e-02 -2.235720e-02 
1.401810e+01 -1.667125e+01 9.727329e+00 -9.351838e-01 -1.819857e+01 -6.672655e+00 -7.322822e+00 1.292439e+00 3.488110e+00 -5.208957e+00 2.926110e+00 -1.057633e+00 6.561114e-01 1.574804e-01 7.013302e-01 -4.354722e-01 3.764459e-01 1.668425e-01 -4.214258e-01 -1.080789e-01 2.456761e-01 -3.084862e-01 -8.124169e-01 5.137585e-01 -2.734366e-01 -2.438781e-02 
1.376939e+01 -1.600945e+01 9.488396e+00 -1.594211e+00 -1.670610e+01 -8.796352e+00 -6.040204e+00 -3.232276e-02 3.541009e+00 -6.292027e+00 2.365131e+00 -1.276708e+00 6.319948e-01 -7.316438e-02 9.885827e-01 -6.703268e-01 2.793803e-01 5.284561e-01 -1.777918e-01 -1.087409e-01 4.988195e-01 -4.238264e-01 -1.102777e+00 1.011673e+00 -7.081008e-01 -3.013768e-02 
1.361820e+01 -1.462761e+01 7.953550e+00 -1.045256e+00 -1.674736e+01 -9.103722e+00 -5.788857e+00 2.425170e-01 3.084439e+00 -7.884507e+00 3.268623e+00 -1.390041e+00 6.011502e-01 -1.110258e-01 1.465542e+00 -9.150537e-01 -3.197835e-02 1.222276e+00 -2.140686e-01 4.604968e-01 2.874679e-02 -8.767746e-01 -8.685447e-01 3.947915e-01 -7.894514e-01 -4.241626e-02 
1.348130e+01 -1.283817e+01 6.774708e+00 1.160300e-01 -1.630100e+01 -8.407515e+00 -6.565503e+00 2.162615e+00 1.821379e+00 -8.484793e+00 5.743329e+00 -3.290136e+00 5.545614e-01 -1.730228e-01 1.495324e+00 -9.768327e-01 5.809955e-02 1.024510e+00 2.729886e-01 4.900838e-01 4.498090e-01 -2.120301e+00 -1.058991e+00 -2.607316e-01 -1.168319e+00 -4.376131e-02 
1.360701e+01 -1.092918e+01 6.508905e+00 -1.950196e+00 -1.228974e+01 -7.937417e+00 -4.757688e+00 3.387035e-01 -3.594846e-02 -8.455297e+00 3.210968e+00 -3.998176e+00 4.827468e-01 -3.659678e-01 1.012091e+00 -6.630818e-01 -1.022341e-01 1.020627e+00 1.720595e-01 7.895533e-01 -3.408743e-02 -2.687372e+00 -1.513544e+00 -1.202635e+00 -1.703962e+00 -3.130407e-02 
1.290987e+01 -1.038205e+01 5.326555e+00 -8.512435e-01 -1.381236e+01 -8.014563e+00 -4.105370e+00 2.168629e+00 -5.500305e+00 -1.130159e+01 1.090301e+00 -5.814236e+00 4.723900e-01 -5.341293e-01 4.389295e-01 -2.251062e-01 -2.488177e-01 6.719757e-01 -1.817814e-01 4.724452e-01 -5.238495e-01 -2.727477e+00 -2.004815e+00 -9.991243e-01 -1.758143e+00 -1.190518e-02 
1.207408e+01 -1.079522e+01 5.362217e+00 -1.072790e+00 -1.288854e+01 -8.439899e+00 -3.071157e+00 6.907308e-02 -6.691581e+00 -1.404383e+01 -4.180398e-01 -8.647801e+00 4.857156e-01 -5.107450e-01 -2.724773e-01 1.089691e-01 -2.784860e-01 4.612427e-02 -6.022981e-01 -1.680466e+00 -7.066903e-02 -2.540726e+00 -1.203512e+00 -1.634561e-01 -1.678350e+00 6.735289e-03 
1.157712e+01 -1.071051e+01 6.222521e+00 -1.566762e+00 -1.264172e+01 -9.065180e+00 -5.046542e+00 -3.218172e-01 -8.488189e+00 -1.571460e+01 2.562212e+00 -9.756036e+00 4.935511e-01 -1.542154e-01 -8.053562e-01 2.701171e-01 -4.890608e-01 -4.301296e-01 -1.575336e+00 -2.349853e+00 -2.927242e-01 -1.116288e+00 -4.058766e-01 -6.827609e-02 -1.033438e+00 1.228048e-02 
1.171966e+01 -1.212733e+01 6.605768e+00 -2.984867e+00 -1.264444e+01 -1.042360e+01 -1.268943e+01 1.230581e+00 -1.124564e+01 -1.226635e+01 1.657732e+00 -1.041903e+01 5.058427e-01 -4.562650e-02 -1.184376e+00 -1.295528e-01 -6.741683e-01 -1.582599e+00 -2.029626e+00 -2.166669e+00 -6.902446e-02 -5.761353e-01 -5.206299e-01 3.097757e-01 -5.095065e-01 1.725629e-02 
1.231600e+01 -1.374277e+01 6.055366e+00 -2.340509e+00 -1.608506e+01 -1.489939e+01 -1.104550e+01 1.242539e-01 -8.804719e+00 -1.421971e+01 -2.889659e-01 -1.009581e+01 5.237288e-01 -3.526556e-01 -1.114753e+00 -3.846423e-01 2.727664e-01 -1.897395e+00 -9.113973e-01 -6.766985e-01 -1.788721e-01 8.225096e-01 -7.662549e-01 1.200841e+00 9.876976e-02 1.621206e-02 
1.147651e+01 -1.520096e+01 4.798030e+00 -4.056758e+00 -1.907987e+01 -1.567092e+01 -1.090502e+01 -4.990847e-01 -9.413992e+00 -1.739442e+01 2.556428e+00 -1.102544e+01 5.569081e-01 -2.266210e-01 2.242126e-01 -1.333382e-01 1.469923e+00 -9.363682e-01 5.298268e-01 1.556607e+00 2.794946e-01 2.435553e+00 -5.295296e-02 2.795057e+00 1.234769e+00 -2.332014e-02 
9.935419e+00 -1.474746e+01 5.203178e+00 3.330159e-01 -1.891098e+01 -1.099850e+01 -9.322238e+00 -3.513446e-01 -5.291462e+00 -1.698184e+01 8.117067e+00 -8.958978e+00 5.490786e-01 -3.073638e-01 2.441419e+00 -5.669246e-02 1.976846e+00 6.435436e-01 4.379012e-01 1.857090e+00 1.961581e+00 2.212667e+00 2.561486e+00 2.825526e+00 2.713683e+00 -9.363772e-02 
1.177685e+01 -1.050393e+01 6.365170e+00 3.027985e+00 -1.591332e+01 -9.724909e+00 -5.768026e+00 2.865854e+00 -8.244980e-01 -1.115005e+01 1.143000e+01 -4.813601e+00 3.765671e-01 -1.634757e+00 4.599709e+00 -5.597050e-01 1.566415e+00 2.991104e+00 8.229580e-02 1.144164e+00 1.266557e+00 -8.371820e-02 3.016405e+00 1.169978e+00 3.492933e+00 -1.783186e-01 
1.062901e+01 -3.884192e+00 4.988333e+00 4.001351e+00 -1.445061e+01 -1.568289e+01 -4.328545e+00 8.249688e+00 -2.036133e+00 -4.534466e+00 9.401875e+00 3.666763e-01 1.457108e-01 -2.412927e+00 5.203314e+00 -5.040681e-01 1.087584e-01 4.735607e+00 1.174818e+00 5.499460e-01 -1.072037e+00 -1.536204e+00 2.980920e+00 -1.216113e+00 2.891913e+00 -1.910311e-01 
2.955927e+00 2.365946e+00 2.106928e+00 1.941149e+00 -6.354532e+00 -1.291725e+01 -7.681050e+00 1.533185e+00 -1.146025e+01 -8.536088e+00 7.763912e+00 1.776394e+00 -1.330007e-01 -4.733503e+00 4.000031e+00 -3.829494e-01 -1.619447e+00 7.657033e+00 2.361001e+00 3.004548e-01 6.434004e-01 -2.825737e+00 1.760225e+00 -3.659564e+00 2.106179e+00 -8.162531e-02 
2.281243e+00 4.834173e+00 4.811959e+00 1.420226e+00 -1.234198e-02 -3.528247e+00 -5.615996e+00 -5.045197e+00 -7.654605e+00 -3.384220e+00 3.869547e+00 2.205589e+00 -1.512927e-01 -4.702477e+00 1.598285e+00 -3.831332e-01 -2.300840e+00 8.118071e+00 3.644138e+00 1.313873e+00 2.733913e+00 -1.481363e+00 1.971520e+00 -3.076949e+00 1.702211e+00 7.509381e-03 
-7.716782e+00 5.137048e+00 4.538611e+00 -3.778685e+00 1.515271e+01 -3.997230e+00 -3.622026e+00 1.273030e+01 -1.214394e+01 -2.924051e+00 -4.101658e+00 4.797836e+00 1.169422e-01 -2.188745e+00 -7.004578e-01 -3.900762e-01 -8.869829e-01 3.793888e+00 2.896186e+00 1.474554e+00 2.691924e+00 2.309371e+00 3.295667e+00 -2.203787e+00 2.989349e-01 1.729950e-02 
-7.547018e+00 2.721683e+00 1.856826e+00 -4.642930e+00 1.538612e+01 -1.922211e+00 2.113065e-01 1.632070e+01 -9.101101e+00 2.517116e+00 -5.008602e-02 7.367009e+00 5.828619e-02 -2.639538e-01 -1.451946e+00 -1.367721e+00 -1.233790e-01 -4.180230e-01 1.992378e+00 8.449574e-01 1.382567e+00 3.460650e+00 2.511758e+00 -3.576001e-01 -9.520974e-02 -2.682349e-02 
-3.073668e+00 -8.009768e-02 1.634113e+00 5.378122e-01 4.915675e+00 7.606611e-01 -3.221932e+00 4.309856e+00 8.098522e-01 4.991579e+00 -1.295206e+00 6.903576e-01 -1.512927e-01 1.923977e+00 -1.007027e+00 -1.049271e+00 1.397691e+00 -4.229917e+00 3.251605e+00 3.042523e-01 -3.323617e+00 3.911075e+00 1.754027e+00 9.847237e-01 -1.484726e+00 -7.460487e-02 
-1.360083e+00 1.830146e-01 -5.743966e-01 -1.354918e+00 3.016060e+00 4.054699e+00 -1.591256e+00 6.077858e+00 3.171746e+00 5.216756e+00 6.783204e-01 3.783279e+00 -1.512927e-01 1.256351e+00 -4.392502e-01 -4.016354e-01 8.309546e-01 -2.997554e+00 2.633661e+00 3.990029e-01 -3.012605e+00 2.303064e+00 1.219061e-01 1.004393e+00 -1.849606e+00 -4.191577e-02 
-1.190366e+00 1.371249e+00 5.078660e-01 1.565766e+00 1.881537e-01 9.272341e+00 -1.199483e+00 1.233631e+00 1.275006e+00 4.496263e+00 4.577575e-01 -8.339309e-01 -1.512927e-01 6.503181e-02 -8.851807e-02 1.206428e-03 -3.927990e-01 -2.074460e-01 1.213854e+00 1.811235e+00 -1.070822e-01 -1.212680e-01 -7.271256e-02 1.262889e+00 2.719665e-01 0.000000e+00 
-2.206913e+00 -2.002416e-01 4.117723e-01 -1.002133e+00 2.762108e+00 6.990254e+00 1.195096e+00 2.795786e+00 2.181643e+00 3.374305e+00 4.095395e+00 -1.118875e+00 -1.512927e-01 -3.257976e-01 -4.494312e-01 1.560321e-01 -9.002203e-01 -8.129311e-03 -6.022787e-01 1.313262e+00 7.319139e-01 6.298504e-02 7.740812e-02 2.325399e-01 6.307068e-02 0.000000e+00 
-2.325093e+00 -3.310599e-01 1.147061e+00 -1.602575e+00 4.005421e+00 5.362154e+00 4.441068e+00 5.415482e+00 6.985642e-01 5.549242e+00 3.310700e+00 4.501267e+00 -1.512927e-01 9.726744e-01 -2.471004e+00 -3.272885e+00 5.147439e-01 9.504586e-01 -1.522969e+00 -1.876291e+00 -3.205357e-01 -9.731977e-02 5.066575e-01 -1.373078e+00 -2.031804e-01 8.383895e-02 
-2.421707e+00 -1.212987e+00 -1.138335e-01 -4.271849e+00 1.066780e+00 2.998399e+00 2.154780e+00 7.646502e+00 3.774892e+00 5.077307e+00 4.145484e-01 1.431034e+00 -1.512927e-01 1.488334e+00 -2.761844e+00 -4.873302e+00 2.290847e+00 1.232603e+00 -1.057953e+00 -4.083822e+00 -2.589035e+00 6.071050e-01 5.447432e-01 -2.129535e+00 -1.139591e+00 1.378703e-01 
3.780403e+00 -1.047740e+01 -1.559376e+01 5.774343e+00 5.788111e+00 3.653421e+00 -1.106078e+01 -2.794406e+00 -8.217752e-03 6.178049e+00 -4.567212e+00 -3.124787e+00 2.679021e-01 -1.018380e-01 -2.010610e+00 -3.592260e+00 2.605005e+00 1.421212e-01 -2.524281e+00 -3.472093e+00 -2.486480e+00 2.947367e+00 -7.306329e-01 -8.036829e-01 -2.724648e+00 1.592039e-01 
2.182008e+00 -8.936293e+00 -1.558433e+01 6.763643e+00 8.033781e+00 2.554857e+00 -1.147309e+01 -6.044446e+00 5.570559e+00 5.783617e+00 -2.613326e+00 -3.003800e+00 3.284616e-01 -2.511272e+00 -1.745241e-01 -1.211487e+00 2.785885e+00 -7.804857e-01 -3.300594e+00 3.036713e-01 -6.055281e-01 3.734452e+00 -3.563705e-01 -1.906196e-01 -4.590538e-01 1.487968e-01 
-5.136141e+00 -6.522459e+00 -9.078992e+00 5.904706e+00 1.232527e+00 -7.037481e+00 -6.105463e+00 -1.714433e-01 1.453757e+01 1.542922e+00 8.062227e-01 -6.904558e+00 4.048494e-01 -5.013169e+00 1.895227e+00 1.284096e+00 4.614790e-01 -2.338304e+00 -2.442816e+00 3.065406e+00 1.410068e+00 2.591964e+00 -1.194558e+00 -4.451445e-01 1.308618e+00 7.728036e-02 
-1.051980e+01 -4.063078e+00 -9.428649e+00 9.592396e+00 -5.578566e-01 -8.159121e+00 1.195478e+00 3.307381e+00 1.517426e+01 5.613018e+00 -3.225267e+00 1.025650e+00 5.242178e-01 -4.663444e+00 2.558518e+00 -2.612543e-02 -1.812027e-01 -2.837559e+00 6.546507e-01 4.168976e+00 1.526927e+00 -2.427218e+00 -1.622233e+00 -1.267379e+00 1.167220e+00 7.611569e-02 
-1.493454e+01 -3.437871e+00 -1.225112e+01 6.667362e+00 -1.607591e+00 -3.203673e+00 -2.068031e+00 -4.199815e-01 8.149751e+00 2.905591e-01 -6.486963e+00 1.403580e+00 5.564258e-01 -2.590895e+00 2.961215e+00 -1.123064e+00 1.513262e-02 -5.426004e-01 3.081160e+00 2.473634e+00 -7.442053e-02 -5.962781e+00 -2.861112e-01 -2.429020e-01 1.394965e+00 5.705624e-02 
-1.623602e+01 2.314005e+00 -1.412890e+01 5.476302e+00 -4.733955e+00 3.911207e+00 7.353073e+00 1.714458e+00 -3.371624e+00 -1.701368e+00 -5.303626e+00 -1.321767e+00 6.332519e-01 -1.425614e+00 2.377918e+00 -5.317670e-01 -9.626433e-01 6.767461e-01 2.459073e+00 1.099944e+00 -6.833788e-01 -4.317603e+00 1.040527e+00 3.225935e+00 -8.244806e-02 3.570803e-02 
-1.523251e+01 5.095072e+00 -1.234419e+01 8.038416e+00 6.075740e-01 2.333155e+00 3.183912e+00 2.529153e-01 -6.003400e+00 3.769559e+00 6.308918e-01 1.243974e+00 6.356136e-01 -2.113081e-01 1.410480e+00 -1.592962e-01 -1.478959e+00 1.382707e+00 1.815125e+00 1.347790e+00 9.625911e-01 -1.273615e+00 1.756480e+00 3.476433e+00 -1.456798e+00 2.088370e-02 
-1.749888e+01 3.560037e+00 -1.204095e+01 4.093651e+00 1.718292e+00 1.367830e+00 4.069228e+00 -4.459615e-01 6.628209e-01 9.076152e+00 9.345481e+00 6.932130e-01 6.631641e-01 -4.681646e-01 2.097785e-01 -1.317174e-01 -1.740779e+00 9.848939e-01 1.048446e-01 -1.519508e-01 2.881874e-01 2.058450e+00 4.096817e-01 2.731364e+00 -1.358468e+00 1.975932e-02 
-1.535965e+01 2.991510e+00 -1.409157e+01 -3.611064e-02 2.079821e+00 7.143641e+00 6.312842e+00 5.473184e+00 -2.355478e-01 3.684199e+00 3.570646e+00 -6.887900e+00 6.458882e-01 -2.242458e-01 1.156037e+00 -7.589082e-02 -1.866561e+00 2.148877e-01 -7.008020e-01 1.736392e+00 -1.459545e+00 3.387634e+00 -2.392638e+00 3.760200e-01 -8.965653e-01 2.741238e-02 
-1.851327e+01 4.414679e+00 -1.391379e+01 8.096719e-01 -5.456090e-01 2.030186e+00 5.028853e+00 5.452609e-01 4.036698e+00 3.897207e-01 6.883319e+00 -4.048171e+00 7.269112e-01 3.243504e-01 1.527704e+00 5.997579e-01 -9.180924e-01 1.301521e+00 -2.693284e+00 3.295539e+00 -3.064946e+00 2.308157e+00 -2.570348e+00 -1.409263e+00 8.499646e-01 2.252419e-02 
-1.584654e+01 1.044794e+01 -1.178722e+01 3.476031e-01 2.813963e+00 -1.502034e+00 1.138606e+01 -7.540421e+00 9.247829e+00 -3.850414e+00 3.742073e+00 -8.681598e-01 7.408019e-01 1.279756e+00 6.377180e-01 2.003545e+00 -1.589933e+00 2.978868e+00 -3.710862e+00 3.633365e+00 -3.669860e+00 -5.163561e-01 4.927469e-01 -7.803736e-01 1.856251e+00 -1.069497e-02 
-1.563368e+01 7.470344e+00 -1.019433e+01 -6.886673e-01 7.858827e+00 -7.775751e+00 1.801032e+01 -9.263890e+00 7.461917e+00 -8.282185e-03 2.213453e+00 1.933166e+00 7.283282e-01 3.247317e+00 -1.586304e+00 3.057169e+00 -3.524559e+00 4.399926e+00 -2.140673e+00 7.984046e-01 4.310794e-01 -3.274890e+00 4.423663e+00 -6.545528e-01 7.670096e-01 -1.001984e-01 
-1.040066e+01 4.652268e+00 -5.933578e+00 -7.236607e+00 1.277195e+01 -6.507699e+00 1.798893e+01 -7.971542e+00 -4.529937e+00 6.346935e+00 2.003711e+00 -5.973104e-01 5.917048e-01 4.532245e+00 -2.987599e+00 3.788522e+00 -2.446321e+00 2.175152e+00 2.107930e+00 -4.511958e+00 3.964609e+00 -4.537755e+00 3.729977e+00 1.727581e+00 -5.270641e-01 -2.088008e-01 
-4.999628e+00 -6.190059e-01 -1.554767e+00 -1.302102e+01 1.647503e+01 -6.170346e+00 5.719439e+00 2.916219e+00 -5.448870e+00 1.740936e+01 4.479736e+00 -3.485472e-01 3.004675e-01 5.037221e+00 -2.194097e+00 2.426720e+00 -6.218240e-02 -1.396374e+00 3.891227e+00 -6.616780e+00 3.175988e+00 -2.468061e+00 -9.685783e-02 1.520700e+00 2.160302e-01 -2.440218e-01 
1.497657e+00 -4.453814e-01 2.835605e+00 -5.717826e+00 9.381623e+00 8.234915e+00 -5.028289e+00 6.192568e+00 -6.985553e+00 6.090647e+00 1.124684e+01 -2.362624e+00 -8.927155e-02 3.669724e+00 -9.202919e-01 2.542909e-01 2.138778e+00 -2.867059e+00 3.741577e+00 -3.555715e+00 3.059144e+00 1.151244e+00 -2.537163e+00 5.045074e-01 2.121507e+00 -1.937755e-01 
3.603271e+00 -9.513159e-01 -2.445325e+00 -1.758970e+00 2.572117e+00 4.309080e+00 -3.564974e+00 -4.660068e-01 -3.650580e+00 -3.644273e-01 5.195390e+00 3.895973e+00 -1.512927e-01 1.832430e+00 2.505991e-01 -1.164042e+00 2.798197e+00 -1.683130e+00 2.821538e+00 1.693059e+00 1.591416e+00 2.162914e+00 -1.381029e+00 4.394484e-01 2.152484e+00 -9.655415e-02 
3.646513e+00 2.169635e-01 -4.216845e+00 -2.173742e+00 5.388110e+00 6.960474e+00 4.852565e+00 9.015287e+00 3.271355e-01 2.548015e+00 4.168421e+00 7.887965e+00 -1.512927e-01 7.277298e-01 1.263822e+00 -2.577314e-02 2.089394e+00 9.428430e-02 -2.095905e-01 2.011557e+00 5.054747e-01 1.828506e+00 1.390598e+00 -1.563297e+00 9.772815e-01 -1.240423e-02 
3.088092e+00 3.028169e-01 -3.848754e+00 -8.020773e-01 1.005614e+01 8.574567e+00 9.244306e+00 9.461941e+00 1.709356e+00 1.227553e+01 1.021619e+01 5.288577e+00 -1.512927e-01 3.824816e-02 1.966775e+00 2.186509e+00 9.150923e-01 1.312692e+00 7.250802e-01 4.308179e-01 -4.930401e-03 -1.054497e-01 1.148779e+00 -1.165336e+00 -1.283809e+00 0.000000e+00 
5.393895e+00 5.246660e+00 3.408453e+00 4.250697e+00 6.111034e+00 5.054219e+00 -1.375146e+00 3.755968e+00 -5.229882e-01 6.723660e+00 9.199536e-01 1.827482e+00 -1.512927e-01 1.058581e-01 2.261135e+00 3.018686e+00 5.381128e-01 3.985969e-01 5.689960e-01 -1.207821e+00 -2.172548e+00 -1.792404e+00 -5.934975e-01 -1.029395e+00 -1.706247e+00 0.000000e+00 
2.920820e+00 6.367709e+00 4.674571e+00 -3.957276e-01 8.774113e+00 8.887609e+00 1.702971e+00 2.139001e+00 -3.752767e+00 3.291646e+00 9.929409e-01 5.071713e-01 -1.512927e-01 2.981256e-01 2.571986e+00 2.893219e+00 8.117971e-01 5.171341e-01 6.999099e-02 -2.026137e+00 -2.033040e+00 -9.224580e-01 -1.665238e+00 -2.084299e+00 -8.993705e-01 0.000000e+00 
4.259439e+00 8.490191e+00 6.614920e+00 3.136473e-01 8.022107e+00 9.648932e+00 2.584130e+00 1.814016e+00 -5.903823e+00 4.072471e+00 3.633070e+00 1.747433e+00 -1.512927e-01 2.511525e-01 1.593641e+00 1.765683e+00 1.145002e+00 1.252459e+00 5.205729e-01 -1.156465e+00 -1.145491e+00 -5.034316e-02 -1.407096e+00 -5.204383e-01 -2.154704e-01 0.000000e+00 
5.145947e+00 1.154098e+01 9.014106e+00 5.225433e+00 1.168627e+01 6.627165e+00 -2.866015e+00 2.677155e-01 -2.125162e-01 5.274936e+00 -1.561865e+00 8.317498e-01 -1.512927e-01 4.618486e-01 8.433558e-01 1.446112e+00 2.138533e+00 7.892516e-01 -1.066084e-01 -1.182634e+00 1.743587e-01 1.033960e+00 -8.407449e-01 -1.187612e+00 4.870251e-01 0.000000e+00 
5.537094e+00 1.062823e+01 1.006710e+01 7.165128e+00 1.091725e+01 8.787305e+00 -4.872979e+00 -1.035843e+00 -2.544829e+00 -1.303465e+00 -4.048350e-01 5.878404e-01 -1.512927e-01 -4.382369e-01 -5.751411e-01 4.419950e-01 1.461050e+00 3.456511e-01 -3.343368e-02 1.191885e+00 1.661485e+00 1.105942e+00 -1.811733e+00 -2.236729e+00 -3.331580e-01 0.000000e+00 
4.591236e+00 9.515470e+00 1.017904e+01 6.871197e+00 1.127280e+01 8.785380e+00 -4.816436e-01 4.435724e+00 -2.624654e-01 1.775889e+00 -2.926165e+00 3.522093e+00 -1.512927e-01 -6.188657e-01 -1.218464e+00 -7.277365e-01 -3.308187e-01 -2.112160e-01 1.185451e+00 2.459465e+00 1.300199e+00 2.483195e-01 -1.957467e+00 -1.916471e+00 -6.834515e-01 0.000000e+00 
2.345611e+00 6.627241e+00 8.242428e+00 6.796015e+00 9.957100e+00 8.402657e+00 7.351369e+00 8.037436e+00 -3.491380e-01 -3.236672e+00 -6.868425e+00 -1.263529e+00 -1.512927e-01 -3.540982e-01 -5.334193e-01 -1.307723e+00 -1.398496e+00 -2.463564e-01 1.832781e-02 9.774116e-01 -5.636479e-01 -2.779743e-01 -6.991916e-01 -1.242444e+00 -6.429287e-01 0.000000e+00 
3.647361e+00 7.449152e+00 6.287760e+00 3.755896e+00 1.111027e+01 1.274674e+01 3.319136e+00 2.232069e+00 -6.876415e-02 -3.545796e+00 -7.912426e+00 -1.659824e+00 -1.512927e-01 4.280756e-01 4.332862e-01 -3.846236e-01 -6.952507e-01 -3.294006e-01 -4.110687e-01 -5.636655e-01 -2.188900e+00 -9.733472e-01 -4.208048e-01 6.518983e-01 -1.099130e-01 0.000000e+00 
4.238541e+00 8.994290e+00 5.474125e+00 1.730299e+00 9.766735e+00 6.898263e+00 -1.886310e+00 -2.752255e+00 -4.031551e+00 -2.138581e+00 -4.123923e+00 -3.584468e-02 -1.512927e-01 6.994430e-01 8.557290e-01 -2.807930e-01 -5.009277e-01 -1.371278e-01 2.298590e-01 -7.862099e-01 -6.561869e-01 -2.947505e-01 1.768288e+00 3.205091e+00 1.119032e+00 0.000000e+00 
5.785149e+00 1.049838e+01 9.640073e+00 5.927802e+00 9.720977e+00 7.482234e+00 1.318869e+00 -1.113931e+00 -3.287995e+00 -8.771801e-01 -1.038925e+00 2.358685e+00 -1.512927e-01 4.931970e-01 8.706843e-01 4.444834e-01 3.755217e-01 1.894388e-01 2.584791e-02 4.200355e-01 8.655787e-01 5.344098e-01 2.135029e+00 2.214289e+00 9.016113e-02 1.377487e-03 
4.773932e+00 9.381274e+00 5.162307e+00 3.205424e+00 9.966106e+00 1.218421e+01 4.420453e+00 6.429502e+00 -2.132754e-01 4.270459e+00 5.720278e+00 2.322376e+00 -1.512927e-01 3.350629e-01 4.523706e-01 5.742354e-01 5.850810e-01 7.961633e-01 9.823941e-01 2.718492e-01 3.709289e-01 2.251072e-01 1.872013e+00 5.860421e-02 -6.414772e-01 6.887436e-04 
5.845650e+00 1.160908e+01 8.666085e+00 4.895942e+00 1.195778e+01 1.023301e+01 2.265931e+00 1.969084e+00 6.941468e-01 3.924829e+00 -1.763079e+00 -2.388128e+00 -1.444052e-01 3.239109e-01 -3.878880e-03 3.308034e-02 6.924275e-01 4.617235e-01 -6.544887e-01 -1.014252e+00 -6.413230e-01 -5.761104e-01 1.773609e-01 -1.410266e+00 -3.378396e-01 0.000000e+00 
5.883605e+00 1.070079e+01 8.832295e+00 5.171634e+00 1.262915e+01 1.043484e+01 -1.000595e+00 -2.439118e+00 -4.897086e+00 4.820480e+00 -3.468825e+00 -8.698236e-01 -1.512927e-01 -3.772817e-02 -6.253374e-01 -2.860978e-01 -1.813488e-02 -7.752624e-01 -9.225205e-01 -1.287310e-01 -6.139697e-01 -1.825503e-01 -1.238369e+00 -2.138021e+00 -3.339970e-01 -6.887436e-04 
6.849867e+00 9.819223e+00 7.970480e+00 8.406834e+00 1.069807e+01 5.084470e+00 -1.041868e+00 1.137642e-01 -3.826641e+00 -2.653862e-01 -3.495706e+00 2.265587e+00 -1.512927e-01 -5.453068e-01 -1.003204e+00 -9.539106e-01 -8.608362e-01 -1.896278e+00 -2.894107e-01 1.045007e+00 1.306086e+00 1.182471e+00 -5.170160e-01 -3.275851e-01 7.415622e-01 -1.377487e-03 
4.083182e+00 7.149516e+00 4.079620e+00 1.359303e+00 6.719646e+00 1.014587e+01 5.430698e+00 4.287313e+00 1.134367e+00 1.737193e-01 -4.103515e+00 -1.674467e+00 -1.512927e-01 -1.676562e-01 1.860840e-01 -1.975188e-02 -3.138634e-01 -8.228189e-01 -9.724450e-02 2.641678e-01 1.654175e+00 5.047509e-01 -1.733755e+00 -8.212253e-01 1.498703e-01 6.843591e-03 
4.019327e+00 8.368698e+00 6.272870e+00 2.497927e+00 5.431139e+00 8.930443e+00 4.275320e+00 5.136300e+00 3.590777e+00 3.663130e+00 -3.083660e+00 1.722005e+00 -1.512927e-01 3.769398e-03 5.608488e-01 6.443103e-01 -5.602514e-01 1.081637e-01 4.448051e-01 -1.043287e+00 6.819305e-01 -6.009483e-01 -6.597853e-01 -3.044811e-01 -1.986928e-01 3.421795e-03 
6.460593e+00 1.235647e+01 9.582341e+00 6.556771e+00 1.114852e+01 8.025637e+00 -2.338350e+00 3.320487e+00 -6.082040e+00 -5.812551e+00 -7.780974e+00 1.513193e-01 -1.170747e-01 5.357718e-01 7.993870e-01 7.095602e-01 4.774602e-01 1.050938e+00 -7.802946e-01 -2.235743e+00 -1.532045e+00 -8.422506e-01 -5.651576e-01 -1.212553e-01 9.769610e-01 0.000000e+00 
5.680008e+00 1.001999e+01 8.440671e+00 3.006844e+00 9.024451e+00 8.368614e+00 -2.373777e+00 4.006829e+00 -3.223179e+00 -5.711777e-01 -3.179381e+00 3.592301e-01 -1.512927e-01 -1.984577e-02 -4.490299e-02 4.135548e-01 2.445180e-01 8.438608e-01 -8.481089e-01 -5.392014e-01 -1.109257e+00 4.103897e-01 4.198945e-01 8.040159e-01 7.854717e-01 -3.421795e-03 
5.931701e+00 1.032081e+01 6.543521e+00 3.492146e+00 1.017768e+01 6.525315e+00 -2.423469e+00 -2.808175e+00 3.300919e-01 -5.349152e-01 -4.661930e+00 3.891726e+00 -1.512927e-01 -5.647474e-01 -1.030790e+00 -3.038882e-01 1.947792e-01 -2.148208e-01 5.238336e-01 2.003133e+00 -8.801317e-01 1.559714e+00 1.574714e+00 1.619466e+00 5.126665e-01 -6.843591e-03 
4.184545e+00 9.162017e+00 9.860054e+00 5.252829e+00 1.013586e+01 5.440059e+00 1.621872e+00 2.654344e+00 2.436660e+00 3.123785e+00 -6.231022e-01 3.779160e+00 -1.512927e-01 -2.575428e-01 -2.210125e-01 -3.612292e-01 2.599674e-01 -5.826319e-01 3.812095e-01 1.361481e+00 2.561855e-01 7.045915e-01 5.561010e-01 5.212810e-01 -3.586304e-01 0.000000e+00 
4.384588e+00 7.631511e+00 7.353209e+00 6.407674e+00 9.518714e+00 1.210908e+01 5.679490e+00 -4.039290e-01 -1.113388e+00 2.135391e-01 -9.617848e-01 1.004687e+00 -1.512927e-01 -1.753380e-01 -2.891144e-01 -9.745094e-01 -1.068758e+00 -2.108102e+00 -9.378963e-01 1.938226e-02 2.710521e+00 -1.998500e-01 -1.820216e-01 1.224556e-01 3.455595e-01 0.000000e+00 
5.165851e+00 1.025957e+01 6.229681e+00 2.848917e+00 6.440776e+00 7.482779e+00 3.821486e-01 4.085634e+00 1.021518e+00 1.835100e+00 -2.423049e+00 9.597778e-03 -1.512927e-01 3.351937e-01 1.010990e-01 -1.309456e+00 -6.998337e-01 -5.316759e-01 -9.024173e-01 -5.315645e-01 1.528718e+00 -4.530738e-01 -1.616341e-01 -1.746680e-01 8.163896e-01 0.000000e+00 
4.564358e+00 8.326455e+00 3.486160e+00 -6.496875e-01 1.484713e+00 8.144741e-01 -1.706696e+00 1.002879e+01 3.841239e-02 -8.006814e-01 -3.149679e+00 7.504304e+00 -1.512927e-01 3.376858e-01 2.437524e-01 -5.197207e-01 1.827593e-02 9.005249e-01 -1.197511e+00 -3.769701e-01 1.196695e+00 -8.571505e-04 6.205994e-01 3.139133e-01 1.181492e+00 0.000000e+00 
5.770628e+00 9.320040e+00 5.246297e+00 5.282341e+00 1.149448e+01 6.575277e+00 2.657142e+00 5.081576e+00 -4.046098e-01 2.822724e+00 -4.024950e-01 4.611299e+00 -1.512927e-01 2.415826e-01 -8.854838e-02 -2.066309e-02 1.079888e+00 2.011719e+00 3.945799e-01 8.913825e-01 -2.955325e-01 -3.295278e-01 5.598654e-01 6.788291e-01 6.310396e-01 0.000000e+00 
