-1.147301e+01 -2.435993e+00 2.216749e+00 -3.854756e+00 -2.975140e+00 2.140387e-01 2.063154e+00 1.832638e+00 2.757018e+00 8.261017e+00 5.076342e+00 4.270108e+00 2.573109e-02 1.533880e-01 -2.666903e-02 -1.233773e+00 -9.206193e-01 7.298383e-01 -8.914558e-01 -1.004196e+00 -1.163919e+00 -1.054346e+00 -5.835414e-01 8.726128e-01 -4.026768e-01 -4.133803e-03 
-1.090860e+01 -4.137899e+00 -4.628974e-01 -6.806810e+00 -1.852772e+00 -3.015319e+00 -2.438283e+00 -3.286822e-01 -8.930910e-01 3.384014e+00 6.337119e+00 1.819742e+00 4.081905e-03 -1.870899e-02 1.929388e-01 -1.214002e+00 -1.463308e+00 -2.429516e-02 -8.435005e-01 -1.111240e+00 -1.426281e+00 -9.971626e-01 -5.322599e-01 -9.266625e-02 -6.093507e-02 2.231360e-04 
-1.098827e+01 -1.718385e+00 -2.612295e+00 -6.981825e+00 1.128664e-01 -2.628562e+00 -7.071059e-01 -2.906299e+00 -6.896564e-01 7.781811e+00 8.809017e+00 3.481907e+00 1.588666e-02 4.296236e-02 -6.706354e-01 -8.939062e-01 -1.014348e-01 5.793244e-01 -2.190740e-01 -4.351220e-01 2.779250e-02 -1.582961e-01 -1.118887e+00 2.685391e-01 2.522712e-01 4.650474e-03 
-1.180892e+01 -1.830103e+00 -1.438738e+00 -9.607759e+00 -4.640619e+00 -2.582164e+00 -2.107917e+00 -2.929298e+00 -5.054576e-01 5.839320e+00 2.746673e+00 4.359533e+00 3.176898e-02 -2.067823e-02 -7.294024e-01 3.430072e-01 1.644470e+00 3.520362e-02 -2.007976e-01 1.717486e-02 7.065850e-01 8.415899e-01 -5.420828e-01 -1.337574e-01 6.173292e-01 3.950298e-03 
-1.080803e+01 -6.943069e+00 -1.764862e+00 -2.961456e+00 1.315406e+00 -1.097909e+00 -2.776392e-01 3.271908e+00 1.771721e+00 1.438927e+00 8.214260e+00 4.261569e+00 3.513992e-02 4.998607e-01 -4.422278e-01 8.035311e-01 1.526768e+00 1.456095e-01 4.965370e-02 -2.149746e-02 9.624814e-01 1.903992e-01 -5.339514e-01 -4.406272e-01 9.364490e-02 1.178199e-03 
-1.110211e+01 -5.172570e+00 8.284220e-01 -5.946474e-01 -2.278023e+00 -4.784634e+00 -2.567142e+00 1.151398e-01 2.084170e+00 3.845041e+00 5.965710e+00 4.516557e+00 1.420677e-02 4.343668e-01 5.118331e-01 6.332027e-01 1.070702e+00 1.402184e-01 2.960674e-01 6.955929e-01 4.154956e-01 -4.929345e-01 4.446921e-01 -6.604238e-02 5.298773e-01 -1.264197e-03 
-8.842371e+00 -2.258291e+00 2.717801e-01 -3.854542e+00 -3.403846e-01 -1.279059e+00 -5.849802e-01 3.838891e-01 -1.032474e+00 6.109193e+00 4.996363e+00 3.871620e+00 3.055876e-02 -4.428961e-01 -4.421439e-01 -1.204870e+00 9.003567e-01 -1.750887e+00 1.824590e-01 4.239823e-01 -3.950434e-01 -8.580669e-01 -1.160493e+00 -1.854748e+00 -1.657563e+00 3.586289e-02 
-1.061992e+01 -1.613326e+00 7.089548e-01 -3.807708e+00 -3.111633e+00 -1.011252e+00 1.523719e+00 5.921897e-01 -1.568033e+00 5.727648e+00 4.025410e+00 7.203894e+00 2.773857e-02 -7.167061e-01 -1.845162e+00 -2.053351e+00 1.653016e+00 -1.013054e+00 -3.270212e-01 6.203040e-02 2.233155e-01 -5.096036e-02 -1.891888e+00 -1.872734e+00 -2.933636e+00 5.112180e-02 
-1.326361e+01 -1.093341e+01 -7.729478e+00 3.146858e+00 -7.022226e+00 -2.072304e+00 -2.031583e-01 1.058166e+00 -6.925118e-01 -5.304839e+00 -8.933032e-02 -5.369917e+00 2.076885e-01 -8.266864e-01 -1.376136e+00 -1.176572e+00 5.680367e-01 3.089384e-01 -1.756495e+00 -1.933137e+00 -1.335006e+00 2.907292e-01 -8.157110e-01 -1.401366e+00 -2.345098e+00 1.476526e-02 
-1.247502e+01 -1.006082e+01 -5.437706e+00 4.169734e+00 -4.002371e+00 -6.023117e+00 -2.447901e+00 8.945790e-01 1.659387e+00 9.261489e-02 -8.551116e-01 -5.530853e+00 1.812509e-01 -2.450371e-02 3.178288e-01 1.440507e-01 -1.534913e+00 1.364269e+00 -3.520929e-01 -1.812999e+00 -7.530099e-01 -3.007917e-01 7.916895e-01 1.080075e+00 -6.365295e-02 -1.718267e-02 
-1.204825e+01 -4.915224e+00 -2.537752e+00 -5.003079e+00 1.649677e+00 -7.555604e+00 -8.264853e+00 -6.442338e+00 -1.192538e+00 4.848155e+00 4.297948e-01 -1.486494e+00 2.762890e-02 5.097390e-01 1.097653e+00 2.044667e+00 -1.206341e+00 1.379961e+00 -7.939562e-01 -1.337101e+00 1.439066e+00 4.907518e-01 1.746221e+00 3.074163e-01 2.161515e+00 -4.421151e-02 
-1.135012e+01 -3.033275e+00 -1.166655e+00 -7.407305e+00 -6.262410e-01 -3.006709e-02 -3.510431e+00 5.773923e-01 -2.821978e+00 4.609599e+00 9.166224e+00 4.943918e+00 3.185499e-02 1.436949e-02 -6.246991e-01 7.929862e-01 8.071033e-01 3.237478e-01 -1.503267e+00 -4.421700e-01 2.028432e+00 1.016168e+00 -1.110743e-01 -7.873542e-01 1.954702e+00 -1.608919e-02 
-1.127737e+01 -8.958919e+00 3.583293e-01 2.903673e+00 -1.810487e+00 -9.038610e+00 -6.357398e+00 8.412087e+00 4.001930e+00 1.167774e+00 -3.562916e+00 2.002748e-01 6.132889e-02 -1.681544e-01 -4.034276e-01 3.143747e-01 1.296729e+00 -5.851586e-01 -5.109544e-01 9.976667e-01 1.377772e+00 9.973653e-01 -1.215163e-01 -7.506267e-01 3.671555e-01 7.236785e-03 
-1.278861e+01 -1.116247e+01 -2.920815e+00 4.251874e+00 -6.535499e-01 -1.279795e+01 -5.612479e+00 3.609528e+00 4.142995e+00 1.377433e+00 -2.795527e+00 3.399274e+00 8.395499e-02 -4.000827e-01 8.273121e-01 7.785094e-01 6.102520e-01 5.775002e-01 -5.827961e-02 1.494609e+00 -7.242894e-01 1.219328e+00 4.041591e-01 -7.480004e-01 -3.451546e-01 1.211172e-03 
-1.216978e+01 -2.867764e+00 -8.879793e-02 -4.349024e+00 -1.262462e+00 -3.726434e+00 -2.225496e+00 -1.069547e+00 3.118018e-01 5.856656e+00 2.657537e+00 1.121605e+00 3.776282e-02 -4.585856e-01 2.471612e+00 -1.139612e-02 -1.975760e+00 -4.963932e-02 1.524135e+00 3.558337e+00 -2.784343e+00 7.873183e-01 7.747640e-02 2.995790e+00 -1.039496e-01 1.013750e-02 
-1.290433e+01 -1.942291e+00 2.949456e+00 -7.296963e-01 1.987247e+00 -2.977553e+00 1.896665e+00 1.696763e+00 5.119723e+00 4.285954e+00 2.315995e+00 2.757479e+00 4.969388e-02 -1.148886e-01 1.315924e+00 2.882925e-01 -2.289514e+00 3.969753e-01 2.203969e+00 2.656406e+00 5.587912e-02 4.216701e-01 -5.674956e-01 1.795004e+00 -2.216706e+00 1.416278e-02 
-1.351244e+01 -1.210948e+00 -2.633787e+00 -4.484339e+00 -3.379082e+00 -6.328133e+00 7.679715e+00 -4.553244e+00 7.450157e+00 1.008961e-01 8.860273e+00 1.423895e-03 1.291469e-01 -6.524754e-01 2.336199e-01 -5.744684e-01 3.743418e-01 1.395870e+00 8.108066e-01 2.454324e-02 4.047751e-01 1.728414e+00 -1.328203e+00 1.576968e+00 -3.162021e-01 5.963191e-02 
-1.269172e+01 -5.411256e+00 -2.068583e-01 -7.128040e+00 2.389637e+00 -4.772569e-01 2.716944e+00 5.630772e+00 2.682168e+00 1.417835e+00 3.078124e+00 -7.124164e+00 1.090769e-01 7.610443e-01 3.138247e-01 -8.079628e-01 -1.678371e-03 1.915438e-01 3.083278e-01 -2.000753e+00 -1.153336e+00 -7.471819e-01 -1.135105e+00 -4.026192e-01 -3.443942e-01 3.225660e-02 
-1.553845e+01 3.481722e-02 -1.382983e+00 7.218571e-01 5.515696e+00 -9.225489e-01 -2.512919e+00 -1.012676e+00 1.017265e+01 6.496991e-01 1.016131e+01 4.481417e+00 3.062309e-01 2.354128e+00 6.536366e-01 -4.202271e-01 -2.368412e-01 4.265293e-01 -1.248601e-01 -2.860470e+00 -1.140771e+00 -1.160985e+00 -7.784442e-01 -1.565107e+00 6.098111e-01 9.113139e-03 
-8.086098e+00 -9.960508e-01 -1.715760e+00 -3.341186e+00 -1.502423e+00 -4.138706e+00 -3.010781e+00 -5.840202e+00 2.256823e-02 -1.663974e+00 -3.476193e-01 -1.204488e+00 1.224349e-01 3.534100e+00 5.345083e-01 -1.002265e+00 -1.477591e+00 -9.504725e-01 -1.382751e+00 -2.240429e+00 -2.634157e+00 -3.009818e-01 -5.858882e-01 -4.243254e-01 7.137608e-01 2.873865e-02 
-4.044613e+00 -1.503677e-01 -3.980471e+00 -7.561972e+00 6.995949e-01 -5.121709e+00 -3.758772e+00 -4.521614e+00 2.975031e+00 -2.250420e+00 2.747609e+00 9.064150e-02 1.680336e-01 3.290754e+00 9.907420e-02 -7.948219e-01 -1.212873e+00 -2.239752e-01 4.523897e-01 -4.741913e-01 -2.652782e-01 -2.241839e+00 -3.168899e-01 -6.918194e-01 -3.375846e-01 -4.121703e-03 
-7.681475e-01 -2.646122e+00 -3.919441e+00 -1.037408e+01 4.532552e-02 -5.291434e+00 -7.862272e+00 -5.785545e+00 4.776068e+00 -6.154633e-02 4.663349e+00 -1.359972e+00 3.218688e-01 1.138854e+00 -2.335377e-02 -1.000242e+00 7.284003e-01 1.044390e+00 2.456353e+00 1.770242e+00 1.262792e+00 -1.330883e+00 4.459262e-01 6.121989e-01 4.183685e-01 1.362207e-02 
-2.743660e+00 1.355224e+00 -4.255251e+00 -1.826062e+00 3.621946e+00 1.915764e+00 -2.458130e+00 -2.366396e+00 -3.413298e+00 -1.735964e+00 4.196731e+00 2.871236e+00 1.859055e-01 1.435109e-01 4.585002e-02 -1.005057e+00 1.707090e+00 4.936377e-01 3.252881e+00 2.071076e+00 1.175584e+00 -2.509388e+00 -1.617143e-01 -8.422529e-01 8.180202e-01 -1.059371e-02 
-3.042302e+00 -1.865615e+00 -6.579578e+00 -2.567140e+00 2.258350e+00 4.624322e+00 5.190109e+00 -6.038536e-01 -3.437681e+00 3.084292e-01 1.988814e+00 -5.029424e-01 1.816093e-01 2.359730e-01 6.075433e-01 -7.311510e-01 2.175328e+00 5.561048e-01 2.021601e+00 1.006561e+00 1.017264e+00 -1.773594e+00 -3.125297e-01 -9.673010e-01 1.287146e+00 -2.520706e-02 
-2.189981e+00 -3.113708e-01 -7.675688e+00 -2.929992e+00 2.061271e+00 6.184816e+00 7.041883e-02 -1.234537e+00 -5.465034e+00 -3.243980e+00 -1.263891e-01 3.752227e+00 1.851948e-01 7.338585e-01 -4.330721e-02 1.434474e-01 3.916873e-01 -7.792472e-01 2.414073e-01 8.970479e-01 1.396713e+00 2.812479e-01 -6.703901e-02 -1.630490e+00 6.787730e-01 -8.726722e-03 
1.348782e-01 1.224892e+00 -5.864978e+00 1.054525e+00 3.606187e+00 2.682044e+00 -4.093742e+00 -1.265154e+00 -3.066036e+00 -8.701873e-01 1.988404e+00 4.635262e+00 1.961888e-01 2.758941e-01 1.738441e+00 1.474438e+00 2.874779e-01 -1.045172e-01 6.321658e-01 1.354131e+00 1.972475e+00 1.439646e+00 -1.184488e-01 -1.953753e+00 9.247770e-01 9.804768e-03 
-6.629577e-01 -4.065661e-01 -3.895314e+00 -1.678457e+00 -9.482086e-01 4.093940e+00 6.669034e+00 4.947821e+00 -2.192882e+00 -1.481851e+00 -3.955513e+00 3.695998e+00 1.349821e-01 1.301584e+00 3.742912e+00 2.468688e+00 -9.447077e-01 -1.435737e+00 -4.598469e-01 1.604842e+00 9.227526e-01 1.796286e+00 4.776280e-02 -1.766384e+00 -7.100851e-01 8.002594e-02 
-2.426343e+00 6.874190e+00 -1.097573e+00 -1.755517e+00 3.240504e+00 8.830589e+00 8.661459e+00 6.167345e+00 2.124473e+00 -1.164879e+00 -5.865390e+00 4.149058e+00 2.557395e-01 2.645697e+00 3.893956e+00 1.833632e+00 -1.167621e+00 -2.344038e+00 -1.694942e+00 9.174169e-01 -1.098801e-01 1.074182e+00 -3.204134e-01 -1.639267e+00 -8.896000e-01 1.294580e-01 
5.598550e+00 1.557854e+01 2.284051e+00 -6.248509e+00 -4.934575e+00 8.113093e-01 1.717029e+00 -3.370237e-01 9.211429e-01 -2.857820e+00 -5.031413e+00 4.449044e-01 5.555491e-01 4.526249e+00 1.991143e+00 -9.250491e-01 2.582827e-01 -1.921195e+00 -3.844427e+00 -1.543595e+00 -1.204239e+00 -1.497867e-01 6.197530e-01 2.238370e-01 -6.279470e-01 1.638727e-01 
1.023261e+01 1.270212e+01 2.134990e-01 -2.498555e+00 -6.120817e+00 -4.151348e+00 2.969346e+00 8.278678e-01 7.478606e-01 -1.784270e+00 -5.669979e+00 1.812809e+00 6.331953e-01 3.921199e+00 -5.504950e-01 -2.079393e+00 9.795377e-01 -2.651901e+00 -3.837534e+00 -8.312700e-01 -7.034580e-01 -8.425604e-01 8.492029e-01 1.506232e+00 -1.003042e+00 1.079433e-01 
1.563881e+01 6.635187e+00 -9.176096e+00 -1.552486e-02 -5.873525e+00 -8.637225e+00 1.797116e+00 1.596363e+00 -2.253509e+00 1.926609e+00 -2.934034e+00 1.724387e+00 7.656180e-01 1.813058e+00 -2.540977e+00 -2.292394e+00 9.332349e-01 -1.823648e+00 -1.845768e+00 1.055051e+00 -9.893771e-02 -5.162555e-01 1.435547e+00 1.601900e+00 -5.315675e-01 5.829182e-02 
1.215952e+01 8.593393e+00 -5.764462e+00 2.567911e-02 -9.549527e+00 -5.632813e+00 4.465065e+00 1.683362e+00 -5.010035e-01 6.889212e-01 6.170812e-01 -1.505896e+00 6.904218e-01 6.581777e-01 -1.629987e+00 -1.033464e+00 -9.194517e-01 -1.790854e+00 -3.464831e-01 1.548287e+00 -2.457976e-01 -7.335138e-01 1.119228e+00 8.064502e-01 -1.688985e+00 4.800805e-02 
1.370038e+01 4.928018e+00 -6.188940e+00 -2.844452e+00 -1.233846e+01 -7.676798e+00 6.244424e+00 -1.259459e+00 -1.035703e+00 3.083318e+00 -1.654444e-01 -5.535806e-01 8.183950e-01 1.422439e-01 -6.241620e-01 -2.332910e-01 -1.683312e+00 -1.182528e+00 1.060089e+00 1.320068e+00 2.204800e-01 -4.380929e-01 8.785650e-01 -1.081723e+00 -2.199507e+00 3.768239e-02 
1.449271e+01 5.405766e+00 -6.447397e+00 -5.681350e+00 -1.184262e+01 -6.363977e+00 8.487127e+00 1.026791e+00 -3.528611e+00 3.233517e+00 -3.022022e+00 -5.493130e+00 8.468471e-01 4.621010e-01 -8.686100e-01 -1.572996e+00 -1.537779e+00 1.181176e-01 1.233415e+00 1.308628e+00 5.037028e-01 -4.044584e-01 6.199259e-01 -1.947344e+00 -1.704288e+00 5.018768e-02 
1.518344e+01 5.108190e+00 -1.000108e+01 -5.578569e+00 -1.063962e+01 -2.971195e+00 6.386424e+00 3.027048e+00 -2.930169e+00 5.047137e+00 -6.523099e+00 -7.279530e+00 8.758173e-01 2.703518e-01 -9.595510e-01 -1.370719e+00 -9.162505e-01 9.035596e-01 2.483396e+00 5.711864e-01 8.981190e-01 -3.192876e-02 2.853334e-02 -1.868144e+00 -9.833032e-01 2.800465e-02 
1.372850e+01 4.160257e+00 -1.172337e+01 -6.296157e+00 -9.808361e+00 -1.818538e+00 1.093721e+01 2.058622e+00 -1.576062e+00 2.806641e+00 -5.940811e+00 -6.664364e+00 9.126490e-01 1.526587e-01 -1.524475e+00 -1.126991e+00 -4.578648e-01 8.674911e-01 2.138979e+00 9.690889e-01 -6.751581e-02 -3.756933e-01 2.231458e-01 -9.583133e-01 5.996401e-01 2.620323e-02 
1.543425e+01 7.530174e-01 -1.040455e+01 -7.118301e+00 -8.837794e+00 2.467461e+00 7.875317e+00 2.715220e+00 -2.171621e+00 3.439422e+00 -8.046772e+00 -4.884480e+00 9.255172e-01 -1.434176e-01 -1.715279e+00 -4.967943e-01 2.927921e-02 6.659182e-01 2.046606e+00 1.375104e+00 -1.536960e+00 -3.473095e-01 -4.156376e-01 1.552629e-02 1.374986e+00 2.111383e-02 
1.513060e+01 -3.902483e-02 -1.188062e+01 -7.200808e+00 -8.406076e+00 1.611590e+00 1.258813e+01 8.451259e-01 -5.786352e+00 5.153103e+00 -7.051753e+00 -3.692454e+00 9.530132e-01 -3.266745e-01 -1.635360e+00 -4.189745e-01 1.003109e+00 2.072224e-01 2.585628e+00 -1.814904e-01 -1.690352e+00 -1.112544e+00 -1.350418e-01 9.966925e-01 9.663562e-01 1.652479e-02 
1.376530e+01 -1.368562e+00 -1.240643e+01 -4.979847e+00 -8.011170e+00 5.546769e+00 1.243648e+01 -4.051005e+00 -2.561572e+00 1.795718e+00 -5.889997e+00 -1.890554e+00 9.612043e-01 -9.337770e-01 -1.474945e+00 -3.593662e-01 2.034228e+00 -5.392089e-01 2.702212e+00 -1.269018e+00 -1.761816e+00 -1.327209e+00 -2.867239e-01 2.080003e+00 1.198826e+00 1.484854e-02 
1.292960e+01 -2.955753e+00 -1.281730e+01 -2.349838e+00 -9.185561e+00 9.569947e+00 7.749171e+00 -3.010025e+00 -6.943806e+00 2.953285e+00 -2.035735e+00 -3.329546e+00 9.774294e-01 -7.365729e-01 -2.083897e+00 4.838659e-01 2.386288e+00 -8.233029e-01 2.847540e+00 -3.422807e+00 -1.060390e+00 -1.187312e+00 1.991253e-01 1.882728e+00 1.778810e+00 1.203210e-02 
1.186586e+01 -5.163344e+00 -1.173304e+01 6.273518e-01 -1.114410e+01 1.199934e+01 3.949704e+00 -4.166283e+00 -8.228940e+00 3.105711e+00 -1.547656e-01 9.281963e-01 9.875518e-01 -5.023664e-01 -2.241754e+00 1.318717e+00 1.839664e+00 -3.962044e-01 1.666119e+00 -4.070661e+00 -2.261841e-01 -1.624958e+00 1.909069e+00 8.662603e-01 1.469680e+00 8.994401e-03 
1.239745e+01 -8.561121e+00 -9.797985e+00 1.927033e+00 -1.095613e+01 1.262300e+01 -2.825176e-01 -4.399184e+00 -8.889230e+00 5.493733e+00 -5.057275e-01 3.792220e+00 1.000000e+00 -5.874438e-01 -1.932627e+00 1.825348e+00 1.328012e+00 7.208698e-01 -1.144909e-01 -3.585647e+00 -4.130403e-01 -5.047544e-01 2.451229e+00 -7.054173e-01 5.799057e-01 4.039741e-03 
1.151954e+01 -9.774650e+00 -7.322502e+00 2.080038e+00 -9.106909e+00 1.235084e+01 -3.900979e+00 -4.487347e+00 -9.713649e+00 1.007084e+01 -2.323699e+00 1.896964e+00 9.948910e-01 -9.408034e-01 -1.254532e+00 1.969576e+00 9.384711e-01 1.903461e+00 -1.834324e+00 -2.824584e+00 -5.169943e-01 6.803917e-01 1.765458e+00 -1.045976e+00 -1.327447e+00 1.318908e-03 
1.016554e+01 -1.031324e+01 -5.895833e+00 3.563879e+00 -6.599806e+00 8.821745e+00 -6.253723e+00 -4.914695e+00 -8.725224e+00 1.172686e+01 -4.478355e+00 -9.144012e-01 9.939585e-01 -1.363065e+00 -5.054506e-01 2.141955e+00 9.019162e-01 2.254193e+00 -3.072480e+00 -1.977018e+00 -9.039246e-01 1.708854e+00 4.637380e-01 -7.095587e-01 -1.789486e+00 -1.890600e-03 
8.277800e+00 -1.055994e+01 -3.836236e+00 4.501285e+00 -3.804954e+00 4.728354e+00 -7.187613e+00 -6.493498e+00 -4.908985e+00 8.816437e+00 -3.398333e+00 -3.355730e+00 9.971671e-01 -8.956434e-01 -1.916357e-01 2.302480e+00 1.276776e+00 1.048008e+00 -2.225719e+00 -1.552739e+00 -2.739978e+00 4.431005e+00 -1.730481e+00 -3.166649e-01 -4.054865e-01 -1.368141e-02 
7.202999e+00 -1.069573e+01 -8.313449e-01 5.225991e+00 -2.336142e+00 1.071845e+00 -8.524288e+00 -7.915730e+00 -2.747290e+00 8.439623e+00 -3.516204e+00 -2.528865e+00 9.894090e-01 -5.435557e-02 7.451910e-01 2.911680e+00 1.523153e+00 1.326985e+00 -2.176030e+00 1.900137e-01 -1.229745e+00 4.697360e+00 -4.013035e+00 -4.062520e-01 9.246815e-01 -5.496875e-02 
8.522598e+00 -1.054158e+01 1.657654e+00 7.632860e+00 -5.998703e+00 5.097193e+00 -1.052939e+01 -1.668672e+01 9.452413e+00 3.062052e+00 -4.388099e+00 6.767635e-01 9.287587e-01 3.665629e-01 1.665858e+00 2.522336e+00 1.410281e+00 2.015084e+00 -2.477236e+00 1.494559e+00 1.176407e+00 3.031974e+00 -5.167529e+00 2.998434e-01 1.657746e+00 -8.357896e-02 
9.771366e+00 -6.596463e+00 5.915623e+00 9.613856e+00 1.131992e+00 -2.242821e+00 -3.632765e+00 -5.966813e+00 7.580876e+00 -5.461121e+00 -6.014732e+00 1.692759e+00 7.533189e-01 3.484376e-01 2.121974e+00 1.496064e+00 1.457919e+00 2.266382e+00 -2.087877e+00 2.377031e+00 2.622204e+00 8.975183e-01 -4.965025e+00 1.872979e+00 2.751794e-01 -8.568619e-02 
8.826431e+00 -4.280288e+00 5.401958e+00 9.358758e+00 4.536396e+00 -6.000493e+00 -2.160582e+00 -1.585925e+00 5.086801e+00 -1.007083e+01 -6.498523e-01 2.822188e+00 6.973174e-01 -2.365642e-01 2.174321e+00 8.193585e-01 8.680569e-01 2.108423e+00 -1.196126e+00 2.032057e+00 4.478016e+00 -1.054532e+00 -3.028615e+00 2.598107e+00 -2.103238e+00 -6.141634e-02 
8.793270e+00 -3.216504e+00 4.776822e+00 1.165264e+01 3.728220e+00 -3.818699e+00 -8.235382e-01 -2.355105e+00 3.923107e+00 -9.819059e+00 3.979568e+00 -2.225681e+00 6.766987e-01 -7.306636e-01 9.685405e-01 3.006724e-01 8.151957e-01 1.253576e+00 1.518361e+00 8.119239e-01 2.840494e+00 -7.980072e-02 -2.618799e-02 2.479312e+00 -2.401304e+00 -2.913902e-02 
7.828825e+00 -1.359959e+00 6.323846e+00 1.095375e+01 3.245295e+00 -9.549677e-02 -1.773721e+00 3.897510e+00 6.008636e+00 -9.902053e+00 3.605286e+00 -7.880206e+00 6.599872e-01 -9.487184e-01 7.521901e-01 3.255158e-02 2.282963e-01 2.147846e+00 2.936542e+00 8.940916e-01 2.405994e+00 2.017802e-01 7.130100e-01 -2.674394e-01 -2.077152e+00 -3.124836e-02 
6.616851e+00 -3.213926e+00 6.958040e+00 1.289234e+01 8.045424e+00 2.396484e+00 2.334238e-01 5.493938e+00 6.720955e+00 -5.676451e+00 4.254261e+00 -4.962565e+00 6.262889e-01 -1.323665e+00 4.229986e-01 -2.004859e-01 -1.132052e+00 3.006248e+00 2.629584e+00 6.666607e-01 1.824064e+00 -6.537580e-01 1.340119e+00 -1.832743e+00 1.050456e-01 -5.498659e-02 
5.171049e+00 -5.206270e-01 4.474106e+00 9.880390e+00 1.311703e+01 5.574625e+00 1.781395e+00 6.519522e+00 4.696778e+00 -8.577087e+00 -2.124396e+00 -6.195129e+00 5.662805e-01 -2.319969e+00 1.954468e-01 -4.989174e-01 -2.036284e+00 2.161802e+00 2.102118e-01 -8.188038e-01 -5.218730e-01 -2.008827e+00 5.463116e-01 -1.161224e+00 2.331440e+00 -9.221421e-02 
3.503831e+00 -1.521177e+00 4.699263e+00 6.529059e+00 1.382360e+01 6.494161e+00 7.322073e-01 5.454207e+00 1.310246e+00 -3.780945e+00 -2.319306e+00 -2.542991e+00 4.486191e-01 -2.403632e+00 2.192755e-01 -4.615513e-01 -3.007074e+00 -7.059964e-01 -1.330867e+00 -1.725443e+00 -5.048535e-01 -1.735578e+00 -6.420778e-01 -5.838401e-01 1.320803e-01 -9.460794e-02 
-2.214509e+00 -1.229099e+00 4.958648e+00 3.953974e+00 1.116522e+01 -1.093276e+00 -6.117132e+00 1.308011e+00 -1.330145e+00 -8.118248e+00 1.085948e+00 2.567208e+00 2.877510e-01 -1.403799e+00 8.755366e-01 8.770670e-01 -2.396245e+00 -2.211833e+00 -1.627209e+00 -6.878011e-01 -3.685938e-01 -1.033216e+00 1.337182e-01 1.100905e+00 1.280640e-01 -5.541203e-02 
-1.708532e+00 -1.763312e+00 4.408013e+00 8.201771e-01 5.491344e+00 -9.239024e-01 -4.444530e+00 5.575426e+00 1.056527e+00 -9.116260e+00 -2.701111e-01 -8.683332e+00 2.925139e-01 -3.299221e-01 1.320855e+00 9.836243e-01 -8.928097e-01 -1.057813e+00 -3.132482e-01 3.270359e-02 -9.726717e-02 2.430971e-01 -2.130108e-01 1.275623e+00 -3.485371e-01 -1.027498e-02 
7.582345e-01 3.978123e+00 9.005066e+00 7.536058e-01 6.223983e+00 1.147609e+00 9.307579e-01 4.615943e+00 -3.424406e-01 -5.240839e+00 2.355529e+00 -2.484639e+00 3.672729e-01 1.006665e+00 1.273896e+00 5.438676e-01 -7.321946e-01 -9.928825e-01 3.351123e-01 1.034587e+00 7.570949e-01 3.600994e-01 7.365875e-01 1.328879e-01 2.700111e-01 1.385660e-02 
3.678486e-01 2.479485e+00 7.594175e+00 3.665195e+00 1.100515e+01 3.807477e+00 -2.628220e+00 3.313905e+00 2.031879e+00 -6.284703e+00 3.424020e+00 -1.759753e+00 3.574832e-01 9.337333e-01 7.441635e-01 -6.529947e-02 -5.587512e-01 -1.466735e+00 -1.399508e+00 2.078095e-01 -4.429262e-01 -1.765900e-01 7.075453e-02 -2.069314e-01 1.564073e+00 -1.668727e-03 
1.780626e+00 3.018984e+00 6.084905e+00 -1.129508e+00 3.443905e+00 -1.783405e+00 -1.852352e+00 6.224246e+00 -1.732457e-02 -5.851089e+00 -9.667885e-02 4.554735e-01 3.245494e-01 5.812952e-01 -5.679035e-02 -7.534963e-01 -8.075094e-01 -2.268811e+00 -2.024342e+00 -1.005443e+00 -4.876024e-01 -5.553950e-02 -8.416954e-01 -1.637643e+00 1.027440e-01 -1.636058e-02 
2.448939e+00 2.437075e+00 5.541596e+00 -1.032022e+00 -4.522936e-01 -6.455935e+00 -2.013927e+00 2.556644e+00 1.101875e-02 -8.457362e+00 -7.866383e-02 -2.333025e+00 3.055320e-01 4.190980e-02 -3.657070e-01 -7.061853e-01 -9.730589e-01 -2.666419e+00 -1.879097e+00 -1.042753e+00 -3.705319e-01 3.283652e-01 -6.254514e-01 -1.136864e+00 -5.914689e-01 -3.008731e-02 
2.624166e+00 3.715376e+00 6.263874e+00 -9.353328e-01 6.086484e-01 -3.842396e+00 -4.403603e+00 2.556562e+00 3.902922e-01 -8.362987e+00 -4.081344e+00 -1.684283e+00 3.114456e-01 -6.473797e-01 -5.139347e-01 -3.072391e-01 2.757446e-01 6.388634e-01 3.486754e-01 -5.478120e-01 -4.467252e-01 -8.618427e-03 1.418648e+00 1.856803e+00 4.467288e-01 -4.196490e-02 
1.556277e-01 3.027539e-01 3.973764e+00 -1.297187e+00 -9.093180e-01 -4.558510e+00 -6.566357e+00 3.295087e+00 3.469897e+00 -8.156012e+00 -2.679689e-01 -3.647220e+00 2.135985e-01 -9.784733e-01 5.884504e-02 -5.008554e-02 -6.842027e-02 1.072393e+00 1.738292e+00 5.059327e-01 7.013356e-01 8.978202e-01 3.028510e+00 1.730625e+00 4.497216e-01 -4.926174e-02 
-3.096170e-01 1.516471e+00 5.332626e+00 3.817978e-01 6.866734e+00 -9.887398e-01 -2.315197e+00 3.621398e+00 -1.789856e+00 1.091476e+00 9.281987e+00 3.346215e+00 1.606916e-01 -4.387436e-01 6.661641e-01 -3.027278e-01 3.086916e-01 4.945775e-01 1.669265e+00 1.970846e+00 7.522905e-01 1.551940e-01 1.853394e+00 5.078176e-01 7.510290e-02 -3.115966e-02 
-9.765363e-01 3.830753e+00 5.756792e+00 -2.032689e+00 1.780628e+00 8.087000e-01 -5.284671e-01 5.530904e+00 5.590194e+00 1.957957e+00 1.892797e+00 -2.599666e+00 1.346003e-01 -9.749603e-03 1.246444e+00 2.047898e-01 1.093259e+00 8.922461e-01 1.542912e+00 2.052774e+00 -5.089442e-01 -1.695669e+00 6.950941e-02 -1.557413e+00 -3.315481e-01 -4.864174e-03 
9.965296e-01 5.282197e+00 3.858721e+00 9.758759e-01 1.736562e+00 1.820326e+00 2.431680e+00 5.200106e+00 1.061137e-01 -4.153000e+00 -2.622639e+00 -1.832546e+00 1.951464e-01 -1.042101e-01 1.036900e+00 -5.316305e-03 5.547402e-01 7.143910e-01 5.841740e-01 4.576979e-01 -1.786100e+00 -1.908429e+00 -2.115794e+00 -3.597402e+00 -4.762036e-01 3.413141e-03 
-5.461936e-01 4.652113e+00 5.734665e+00 3.872067e+00 6.116998e+00 1.751516e+00 1.324072e+00 -3.898746e-02 -5.956432e+00 -5.186227e+00 -2.102722e+00 -2.715580e+00 1.720503e-01 -4.152435e-01 5.552443e-01 2.302289e-01 9.381176e-01 1.202586e+00 1.100569e+00 1.175911e+00 -2.302890e+00 -1.266745e+00 1.628948e-01 -1.062287e+00 1.824837e+00 -5.081183e-03 
-1.045839e+00 6.290293e+00 5.317108e+00 2.031207e-01 8.270504e+00 1.460722e+00 -9.529769e-01 -2.524154e+00 -5.558688e+00 -5.915401e+00 -6.707264e+00 1.023154e+00 1.590323e-01 -7.077695e-01 2.144323e-01 3.858624e-01 1.403220e-01 6.514777e-01 3.356530e-01 2.382002e-02 -2.105606e+00 9.359483e-01 1.874523e+00 8.288922e-01 9.310209e-01 -2.560027e-02 
-2.031569e+00 6.102927e+00 6.178743e+00 3.044277e+00 4.526588e+00 6.491346e+00 7.043415e+00 -2.121414e+00 2.088869e+00 3.653632e+00 -1.376325e+00 5.096671e+00 1.272514e-01 -7.441579e-01 -4.140919e-01 -6.641308e-01 -1.039273e+00 -6.864153e-01 1.806858e-01 3.890175e-01 4.062946e-01 2.535204e+00 1.906679e+00 1.172524e+00 3.925877e-02 -2.970304e-02 
-1.799630e+00 5.628953e+00 5.565994e+00 2.091381e+00 5.789156e+00 1.128677e+00 -3.088906e-01 -4.286710e+00 7.632045e-01 7.996850e-01 1.158623e+00 -1.083566e+00 8.954448e-02 -5.426551e-01 -5.770184e-01 -1.522288e-01 6.484773e-01 -3.198954e-01 -2.073243e-02 -1.828206e-01 1.081057e+00 1.630468e+00 1.212322e+00 2.521406e+00 5.695596e-01 -1.651809e-02 
-3.890087e+00 2.912324e+00 2.289568e+00 -2.268429e+00 3.925596e+00 2.820968e+00 2.947117e+00 2.873764e+00 3.558641e+00 9.896251e-01 -1.730437e-01 -1.465926e+00 5.827904e-02 -2.171668e-01 -9.297981e-02 6.158333e-01 7.195917e-01 -1.377712e-01 -8.344959e-01 -9.567407e-01 6.631843e-01 4.122058e-01 -8.668682e-01 5.312178e-01 -4.256248e-03 7.407308e-04 
-2.829855e+00 5.000502e+00 6.500551e+00 6.101860e+00 6.971523e+00 3.192249e+00 1.810690e-01 3.835418e-01 1.858767e+00 1.478215e+00 5.298123e+00 7.152250e+00 1.109281e-01 -1.393137e-01 5.545756e-01 1.340460e+00 1.038758e+00 -3.049830e-01 4.328048e-03 -3.653135e-01 -3.039061e-01 -8.969299e-01 -6.088931e-02 -3.463625e-01 1.227060e+00 8.888429e-03 
-2.602291e+00 5.952253e+00 8.790631e+00 4.636996e+00 3.246548e+00 1.287080e+00 2.014731e+00 -1.140619e+00 3.602117e+00 -1.019974e+00 -7.899861e-01 9.574816e-01 1.202633e-01 3.037432e-01 8.960454e-01 9.964954e-01 7.155533e-01 6.683318e-02 -1.493447e-01 -1.541560e+00 -1.477435e+00 -1.628854e+00 -8.761197e-02 -1.865257e-01 1.574470e+00 8.862471e-03 
-3.140097e+00 6.881866e+00 9.017761e+00 3.832458e+00 4.603764e+00 1.917261e+00 -1.669265e+00 -3.799050e+00 -3.743183e+00 1.500038e+00 -2.647178e-01 3.840030e+00 1.029945e-01 1.782592e-01 7.681795e-01 1.818123e-02 -7.190372e-01 2.628689e-02 7.679082e-02 -6.626563e-01 -4.452713e-01 -1.626196e+00 -3.180861e-01 -1.441719e+00 -9.323416e-01 2.639741e-03 
-2.216250e+00 6.451869e+00 6.013440e+00 2.444038e+00 5.443641e+00 2.711739e+00 -3.835515e+00 -2.422117e+00 -1.784652e+00 5.406536e-01 1.675749e+00 8.062535e+00 1.065582e-01 -2.345158e-01 -5.882931e-03 -8.611559e-01 -4.300903e-01 4.925029e-01 2.274479e-02 -4.645930e-01 8.723829e-01 -1.298566e+00 -1.155187e+00 -1.003415e+00 -1.119103e+00 -4.486131e-03 
-2.131579e+00 8.591591e+00 7.980053e+00 3.603153e+00 6.004412e+00 2.863874e+00 -2.070894e-01 -1.202065e+00 -3.578830e+00 -8.925300e-01 -3.143341e+00 -1.061985e+00 1.309794e-01 -2.292138e-01 -2.145697e-01 -6.976325e-01 -6.230785e-01 7.445292e-02 -4.807576e-01 4.166032e-01 1.271433e+00 1.248305e+00 -4.487680e-01 -9.056370e-01 -1.061061e+00 -5.920821e-03 
-4.279128e+00 5.067976e+00 5.003706e+00 2.601197e+00 5.008739e+00 9.274975e-01 -1.039322e+00 1.922804e+00 -2.972888e+00 -5.599627e+00 -4.367752e+00 -2.187026e+00 8.384019e-02 1.834483e-01 4.348682e-01 3.051624e-01 -8.013031e-01 -1.175176e+00 -1.031634e+00 1.984570e-01 4.702764e-01 1.152528e+00 -3.491265e-01 -1.085853e+00 -5.830131e-01 5.588913e-03 
-3.254727e+00 6.500965e+00 6.034466e+00 6.384869e-01 5.193480e+00 4.055935e-01 -9.843462e-01 3.856549e-01 3.092459e+00 2.326339e+00 -1.771152e+00 3.659507e+00 8.474940e-02 4.853591e-01 1.493229e-01 7.227055e-01 -4.168558e-01 -9.576173e-01 -1.003181e+00 8.396274e-01 5.992970e-01 1.034057e+00 1.757054e-01 -3.221949e-01 1.884301e-01 8.094991e-03 
-7.374353e-01 9.671524e+00 8.512046e+00 -8.014393e-02 -2.677512e-02 -1.217291e+00 -2.454602e+00 -8.645957e-01 6.423411e-01 -2.814413e+00 -4.439611e+00 2.786723e+00 1.576177e-01 7.386092e-01 4.472380e-01 1.347636e+00 2.737753e-01 -4.008712e-01 -5.499495e-01 1.715905e+00 5.333097e-01 2.204833e-01 4.653087e-01 -3.648500e-01 -7.105581e-01 1.512668e-02 
-1.475630e+00 7.036432e+00 9.839411e+00 2.859545e+00 3.734082e+00 -1.079635e+00 4.698688e+00 3.188120e+00 -2.161615e-01 -1.406610e+00 -4.718385e+00 -2.606709e+00 1.345655e-01 2.819998e-01 -1.564157e-01 8.937255e-01 7.381805e-01 8.420615e-02 -2.832802e-01 1.851936e+00 9.657645e-01 -7.475744e-01 -6.058093e-01 -6.173240e-01 -1.792587e+00 7.658005e-03 
