-8.355362e+00 -4.999292e-01 9.309824e-01 -4.844995e+00 -2.419790e+00 -3.259237e+00 -3.272284e+00 -2.729155e+00 3.677084e-01 6.603451e+00 1.385896e+00 1.120238e+00 3.838927e-02 -1.006088e-01 -1.148794e-02 -1.094924e+00 3.692369e-01 7.113565e-01 -3.255553e-02 1.061159e+00 2.880321e-01 -3.144242e-01 -2.203485e+00 -9.800382e-02 3.324109e-01 3.613055e-04 
-8.690401e+00 -9.245090e-01 -1.607918e+00 -3.106461e+00 3.614482e+00 -5.001392e-01 1.831886e+00 -3.532883e+00 -1.780326e+00 -4.904819e+00 -4.441151e+00 -2.711755e+00 4.046822e-02 5.656176e-02 6.459768e-02 -1.032500e+00 2.392807e-01 9.185438e-01 3.675298e-01 8.344167e-01 5.374520e-01 1.111598e-01 -1.915562e+00 2.174787e-01 6.232014e-01 8.707941e-04 
-8.690886e+00 -3.450789e-01 -3.274189e+00 -3.868077e+00 -1.880144e+00 -4.801564e+00 -5.185738e-01 -8.871313e-01 -1.303952e-01 1.340161e+00 3.809401e+00 4.698289e+00 3.915632e-02 -1.274473e-01 -7.939525e-02 -7.344474e-01 -5.786041e-01 2.528796e-01 7.457872e-01 -3.079394e-01 -7.136269e-01 1.168071e-01 -1.206532e+00 2.850408e-01 5.581002e-01 4.055977e-04 
-7.904791e+00 -2.543659e-01 -2.128932e+00 -4.137050e+00 1.903105e+00 -6.504247e-01 -4.770556e-01 -9.629071e-01 1.172559e+00 -3.427156e-01 1.261537e+00 2.447220e+00 4.235971e-02 -7.278614e-02 -7.864841e-01 6.099117e-01 -7.788775e-02 -1.183948e+00 1.242033e+00 -5.210538e-01 -1.564624e+00 8.512901e-01 9.447758e-01 -5.086376e-01 2.962792e-01 3.104746e-03 
-9.385404e+00 -1.231977e+00 -2.480747e+00 -7.222720e+00 -2.997043e-01 5.448412e-01 -3.657510e+00 -7.582277e+00 -5.246990e-01 -1.710262e+00 -4.024422e-02 1.331252e+00 3.947151e-02 -2.362551e-01 -3.090283e-01 5.021215e-01 5.806541e-01 3.283464e-01 1.683429e+00 5.689620e-01 -1.137597e+00 8.481734e-01 2.851811e-01 -1.205164e+00 -1.974120e-01 -1.531678e-03 
-8.707073e+00 -4.413481e+00 1.044920e+00 -1.818578e+00 -3.095480e+00 3.036825e+00 7.960857e-01 -8.008430e+00 2.673276e+00 1.344272e+00 -5.059516e+00 4.531599e-01 5.583435e-02 -5.075203e-01 1.738863e-01 1.860067e-01 5.710680e-01 -5.586839e-03 -1.411022e-01 6.286252e-01 9.965722e-01 1.614457e+00 7.486569e-01 8.608373e-01 1.295478e+00 -5.457520e-03 
-9.471021e+00 1.893370e-01 -2.350507e+00 -2.124042e+00 2.260882e+00 1.771958e+00 1.689665e+00 -3.052355e+00 3.360114e+00 1.922573e+00 9.441060e-01 4.708259e+00 2.476060e-02 -1.865215e-01 5.874454e-01 7.812276e-02 6.175826e-01 9.918059e-01 -6.666681e-01 8.582970e-01 2.130767e+00 1.294939e+00 1.013459e+00 1.352078e+00 1.272787e+00 -8.308118e-03 
-1.039958e+01 -9.559155e-02 -1.264019e+00 -3.831048e+00 5.948783e-01 -1.969494e+00 -7.517278e-03 1.754993e+00 7.302437e+00 1.584152e+00 5.073549e+00 7.236109e+00 2.242756e-02 -7.673045e-02 6.486325e-01 -3.677603e-01 -4.471822e-01 6.593343e-01 -1.420377e+00 3.206155e-01 2.514452e+00 1.948363e-01 9.515375e-01 1.896730e+00 4.181932e-01 -9.297783e-03 
-9.471756e+00 -4.536943e-01 -9.356644e-01 -3.128572e+00 2.814146e+00 -2.853392e-01 1.035777e+00 -1.810152e+00 3.635417e+00 3.237096e+00 1.653615e+00 4.303712e+00 1.463431e-02 -2.030927e-01 -4.163397e-01 1.798675e-01 -2.553847e-01 -1.069656e-01 -1.060001e+00 -3.339092e-01 8.844659e-01 -5.778433e-01 1.498006e+00 1.322747e+00 -1.288865e+00 -1.211441e-03 
-9.090358e+00 -8.488028e-01 -1.501303e+00 -3.552224e+00 -7.544041e-02 -3.036410e+00 2.726108e+00 3.942728e+00 3.509806e+00 5.444698e+00 4.069380e+00 2.746399e+00 1.440859e-02 -1.517852e-01 2.934127e-02 -1.559894e-01 2.095895e-01 -1.014918e-01 -1.052640e+00 -1.506182e-01 3.530849e-01 -8.615584e-01 8.520457e-01 -2.736131e-01 -1.951813e+00 4.258549e-03 
-1.114110e+01 -1.515756e+00 -1.332528e+00 -3.540378e+00 2.061213e+00 -2.994589e+00 -1.346693e+00 2.761068e-01 2.367213e+00 7.482332e+00 8.059925e+00 5.087895e-01 2.271289e-02 -1.646462e-01 2.378477e-01 -1.052846e-01 7.786852e-01 -1.758625e-01 -1.527202e+00 -6.591857e-01 2.519055e-01 8.643154e-01 3.904314e-01 -9.725976e-01 -3.004035e-01 5.004245e-03 
-1.032384e+01 5.821455e-01 -1.845534e+00 -2.577198e+00 4.638855e-01 -5.878067e+00 4.306269e-01 2.477288e+00 3.628747e+00 3.721761e+00 5.023285e-01 -6.254967e-01 3.968102e-02 2.408600e-01 8.470649e-01 6.311318e-01 1.714697e+00 1.966195e-01 3.064700e-01 3.373875e-01 -4.290426e-01 1.146718e+00 -1.074603e+00 -1.217638e+00 4.562038e-01 1.216829e-02 
-9.678246e+00 2.006984e-02 -1.289972e+00 2.773409e-01 1.665170e+00 -6.500522e+00 -1.112411e+00 1.820956e-01 7.897523e+00 6.050721e+00 -1.425848e+00 4.487642e+00 2.701932e-02 9.377867e-01 5.162288e-01 9.170529e-01 3.908601e+00 -1.144936e-01 6.131700e-01 3.734055e-01 -2.565942e-01 1.191255e+00 -2.544300e+00 -9.111452e-01 4.603670e-01 4.825733e-02 
-8.617483e+00 2.618609e+00 1.633078e+00 3.112403e+00 1.105678e+00 2.489068e-01 4.295904e+00 1.844520e+00 6.478241e+00 7.874870e-01 2.724074e+00 3.037992e+00 7.309681e-02 1.450057e+00 -7.528240e-01 9.139145e-01 4.121812e+00 -5.211934e-01 3.091695e-01 -2.741634e-01 -8.988894e-01 -6.979288e-01 -3.073468e+00 -2.632523e-01 -2.382850e-01 5.018370e-02 
-7.305342e+00 4.715681e-02 1.513430e+00 1.315783e+01 1.167848e+00 -2.992226e+00 -1.412304e+00 -6.904802e-01 6.898742e+00 -3.772029e+00 2.393326e+00 9.788805e-01 2.472916e-01 1.963265e+00 -1.637246e-01 2.692501e-01 1.213397e+00 -2.684264e-01 8.970011e-01 -2.022003e-01 1.397623e-01 -1.730471e+00 -2.954942e+00 -4.509689e-01 -9.342827e-01 2.253826e-02 
-4.260005e+00 -3.195518e+00 1.322337e+00 1.159162e+01 -1.893421e+00 -6.086368e+00 -7.902436e-01 -1.580872e+00 6.384935e-01 -6.734203e+00 -2.723520e+00 -6.254089e-02 1.804634e-01 1.876369e+00 -6.668790e-02 -9.410790e-01 -1.807871e+00 1.311562e+00 4.575523e-01 -9.156874e-01 1.474663e+00 -2.557283e-01 -4.277555e-01 -1.122847e+00 -2.988132e-01 -1.101531e-02 
-2.040659e+00 2.108510e+00 2.116488e-01 2.104718e+00 1.822588e+00 1.152122e+00 4.196609e-01 2.593603e+00 2.165042e+00 -4.963141e+00 -9.568951e-01 1.366495e+00 8.602732e-02 1.534119e+00 1.043985e+00 -8.669508e-01 -3.600276e+00 1.671120e+00 6.433583e-01 -1.268507e-01 1.564717e+00 -4.772342e-01 2.025671e-01 -4.819319e-02 1.786795e+00 -3.501705e-02 
-1.867982e+00 1.254493e+00 -2.421426e+00 -4.003956e-01 7.336118e+00 4.644940e-01 -1.198516e+00 7.575791e+00 7.566449e+00 -7.557346e-01 -1.215051e+00 1.350118e+00 9.865242e-02 4.744926e-01 1.095331e+00 -5.232582e-01 -2.262245e+00 2.042228e+00 4.747109e-01 -4.780261e-01 2.722633e-01 4.487540e-01 9.474171e-01 4.638525e-01 7.978331e-01 -1.572402e-02 
-8.307576e-01 3.042074e+00 -9.494418e-01 1.152460e+00 4.908678e+00 -3.050865e+00 -1.842422e+00 2.554775e+00 1.048593e+00 -5.748428e+00 1.398126e+00 9.206524e+00 1.131119e-01 -1.031658e+00 2.963848e-01 -2.465409e-01 -1.341540e+00 1.081466e+00 -7.288026e-01 -2.292616e-02 -1.334335e-01 -7.769917e-01 7.502747e-01 -3.951201e-01 -4.858578e-02 2.882595e-02 
-2.492493e+00 1.814355e+00 -7.134084e-01 7.565227e-01 6.774673e+00 -1.611320e+00 -2.049333e+00 -2.001411e-01 3.440488e+00 -1.604474e+00 -1.581768e+00 6.609917e-03 8.830100e-02 -1.614518e+00 -5.808992e-01 4.977651e-01 -5.397968e-01 -1.106470e+00 -7.041070e-01 -3.894182e-01 5.263667e-02 -9.417399e-01 -1.040629e+00 2.613313e-01 -9.008541e-01 8.017511e-02 
-6.886696e+00 3.310503e+00 -1.875065e+00 -5.181438e+00 7.510641e+00 -1.453985e+00 7.304385e-01 5.814402e+00 3.430643e-01 -7.873977e-01 -2.749137e+00 1.795321e+00 2.353328e-01 -1.430779e+00 -1.573925e+00 1.352733e+00 -4.297369e-01 -1.415419e+00 1.157146e-01 -9.288944e-01 1.862405e+00 4.346969e-01 -4.968025e-01 4.959974e-02 -1.451803e+00 1.039323e-01 
-6.912602e+00 -1.784218e+00 5.302107e-01 6.756926e-02 5.027850e-01 -3.854481e+00 -4.432037e+00 6.209161e+00 3.210514e+00 -8.439393e+00 2.165237e+00 5.514489e-01 4.384175e-01 -2.495691e+00 -2.400414e+00 1.189651e+00 1.601196e+00 -1.049013e+00 1.373632e+00 -6.136904e-02 3.425263e-01 2.588696e+00 -3.066508e-01 1.860407e-01 -9.732631e-01 1.270154e-01 
-5.774597e+00 -3.028264e+00 5.192417e+00 -6.517479e-01 9.675269e-01 -1.350711e+00 -5.295541e+00 8.662149e+00 3.337065e+00 -4.814981e+00 -2.273779e-01 1.675090e+00 4.577149e-01 -2.974877e+00 -3.177345e+00 -2.872619e-01 3.574334e+00 -2.257563e-01 2.051360e+00 -1.377976e+00 -4.544101e+00 1.764687e+00 1.063362e+00 -9.542370e-03 -2.310438e+00 1.111116e-01 
-1.552700e+01 -7.018331e+00 1.701106e+00 6.497656e+00 4.801165e+00 5.205202e+00 6.568120e-01 8.861649e-02 1.488697e+01 -1.123936e+00 -1.912444e+00 -4.799590e+00 6.121871e-01 -2.998439e+00 -2.917736e+00 -1.471333e+00 1.308642e+00 -3.570572e-01 1.209862e+00 6.143111e-01 -5.307498e+00 3.813835e-01 4.676717e+00 1.142717e+00 -1.290311e+00 6.081349e-02 
-1.745388e+01 -9.959164e+00 -3.896822e+00 9.475189e+00 4.232670e+00 4.272974e+00 -8.703865e+00 -1.384583e+01 3.328272e+00 8.716867e-01 -7.580087e-01 -7.081351e+00 7.040059e-01 -9.206350e-01 -2.444728e+00 -1.299880e+00 -8.537313e-01 -1.551792e+00 1.441925e+00 -1.905978e-01 -3.518375e+00 6.433209e-01 2.970520e+00 1.964767e+00 -1.151779e+00 -2.480722e-03 
-1.606516e+01 -1.290745e+01 -2.281833e+00 1.547311e+00 -2.915072e+00 -6.170136e-01 3.436800e-01 -9.074335e+00 5.121828e+00 1.210086e+01 8.144137e+00 -1.521883e+00 6.193395e-01 9.368134e-01 -7.399503e-01 -7.472130e-01 -4.249373e+00 -8.752445e-01 -1.918489e-01 -3.544869e-01 -3.425798e-01 -3.003787e+00 1.894019e+00 7.676434e-01 2.117440e-01 -3.858016e-02 
-1.010869e+01 -1.230734e+01 6.844836e-01 -2.445232e+00 -2.933315e+00 8.770022e+00 -6.091964e+00 -4.348250e+00 1.143624e+01 3.425223e+00 4.568166e+00 -5.722657e+00 4.417351e-01 1.048504e+00 7.915403e-01 -1.326162e-01 -4.678169e+00 3.649559e-01 -1.167998e-01 2.225069e+00 2.139986e+00 -2.207606e+00 1.100594e+00 -1.452333e+00 -3.452819e-01 -2.857248e-02 
-1.451552e+01 -9.543992e+00 -4.325612e+00 -8.789000e+00 4.007935e+00 1.997433e+00 -2.421573e+00 -6.373073e+00 -4.185948e+00 7.069393e+00 -7.373140e-01 -4.420217e+00 5.504217e-01 3.036928e+00 1.850922e+00 -1.264241e+00 3.469018e-01 1.461507e+00 8.559267e-01 1.271009e+00 2.488242e+00 -3.218550e+00 1.155479e-01 -2.052962e+00 -5.716950e-01 -3.542854e-02 
-1.298618e+01 -7.683189e+00 -3.538014e+00 -8.747501e+00 2.595946e+00 2.381751e+00 3.804107e+00 -4.496531e+00 -3.055868e+00 8.890389e+00 -3.578947e+00 -7.358594e+00 5.956024e-01 5.618430e+00 1.975540e+00 -1.702255e+00 2.063007e+00 -2.213109e-01 -4.766827e-01 1.566345e+00 1.856475e+00 -3.568163e+00 8.257553e-01 -5.989146e-01 5.696557e-01 2.059459e-02 
5.582285e-01 -5.964914e+00 -6.491790e+00 6.432955e+00 1.627830e+00 6.856755e+00 1.750688e+00 3.441017e+00 -3.724868e+00 9.946012e+00 1.952885e+00 -3.562390e+00 3.652632e-01 7.396726e+00 7.437569e-01 -2.942995e-01 1.823373e+00 -2.153043e+00 2.000165e-01 1.315326e-01 1.360832e+00 -7.035866e-01 -3.535737e-01 8.281199e-01 1.107083e+00 6.380204e-02 
1.044658e+01 -4.219182e+00 -6.743701e+00 2.588243e-01 -2.849817e+00 3.956948e+00 -3.463688e-01 2.708066e-02 -6.635114e+00 6.115690e+00 2.284931e-01 -3.303292e+00 6.372874e-01 5.651984e+00 -2.670471e-01 3.047810e-01 -1.939873e-01 -2.199855e+00 5.591955e-02 -6.762906e-01 4.790045e-01 -7.438677e-01 -2.707878e-01 1.627724e+00 1.554855e+00 8.705701e-02 
1.075173e+01 -7.557211e+00 -4.194265e+00 -4.175300e+00 -4.034400e+00 2.209917e+00 3.113278e-01 -1.830716e+00 -5.914258e+00 6.688874e+00 1.499565e+00 -9.124522e-01 8.485894e-01 2.358379e+00 -7.246143e-01 6.152450e-01 -2.588214e+00 -2.101206e+00 6.368323e-02 -1.453773e+00 -9.909425e-01 -9.516500e-01 4.807156e-01 6.869729e-01 7.061842e-01 1.251930e-01 
1.017699e+01 -8.222277e+00 -3.162871e+00 -4.413310e+00 -5.572216e+00 4.984768e+00 1.142334e+00 5.343584e-01 -5.680511e+00 9.165020e+00 4.786332e+00 -9.092867e-01 7.892243e-01 8.668356e-02 -8.521875e-01 2.071084e-01 -6.996530e-01 -2.003914e+00 3.506604e-01 -1.236876e+00 5.753643e-01 -8.691996e-01 9.143074e-01 7.613483e-01 1.063534e+00 6.811728e-02 
1.248492e+01 -7.586438e+00 -5.205980e+00 -4.172049e+00 -7.516999e+00 6.661261e+00 -6.262530e+00 -1.767334e+00 -8.960419e+00 1.082493e+01 3.108830e+00 -1.228472e+00 9.152595e-01 1.614218e-01 -2.387133e-01 -5.615894e-01 3.202574e-01 -2.148975e+00 -6.791177e-02 -1.642647e+00 1.291989e+00 -1.395591e+00 1.250039e+00 -1.521149e-01 1.291750e+00 4.066398e-02 
1.001340e+01 -8.465506e+00 -5.202302e+00 -3.241066e+00 -1.112809e+01 3.484578e+00 -3.243817e+00 2.872211e+00 -9.458032e+00 8.619201e+00 3.230602e+00 2.172386e+00 9.445387e-01 1.050089e-01 -8.336511e-02 -7.742244e-01 4.318723e-01 -1.977243e+00 -3.914667e-01 -1.286999e+00 7.546872e-01 -1.364918e+00 8.457077e-01 -2.869503e-01 1.509478e+00 4.805440e-02 
1.164063e+01 -8.629164e+00 -5.982497e+00 -3.160135e+00 -1.200134e+01 2.620453e+00 -5.708832e+00 3.460301e+00 -1.100345e+01 1.321198e+01 1.516856e+00 4.005464e+00 9.742521e-01 -7.024331e-02 2.097559e-01 -7.108129e-01 6.243972e-01 -1.346853e+00 -1.653792e-01 5.568660e-01 -2.876246e-01 -8.885814e-01 8.948290e-01 4.387773e-01 1.207591e+00 2.204610e-02 
1.112418e+01 -8.117740e+00 -6.645735e+00 -2.759906e+00 -1.321626e+01 5.047839e+00 -5.569511e+00 1.693977e+00 -1.148358e+01 1.220003e+01 4.147567e+00 4.021134e+00 1.000000e+00 1.961904e-01 1.027060e+00 -6.566497e-01 4.067674e-01 -1.615706e-01 4.333371e-01 7.851218e-01 -1.828695e+00 -7.529006e-01 4.532380e-01 8.693212e-01 5.267038e-01 1.062259e-02 
1.157831e+01 -6.711542e+00 -8.038328e+00 -1.290643e+00 -1.320718e+01 5.052735e+00 -2.315353e+00 -2.616340e+00 -1.239055e+01 1.350865e+01 4.844234e+00 3.885111e+00 9.977593e-01 -9.530282e-02 1.695076e+00 -5.772244e-01 -2.709061e-03 4.868038e-01 4.960510e-01 1.827724e+00 -2.499649e+00 -2.959943e-01 -1.041585e+00 1.227350e+00 -4.835358e-02 -7.796407e-04 
1.102551e+01 -4.289016e+00 -7.457635e+00 -2.141975e+00 -1.133302e+01 4.435123e+00 -1.014947e+00 -3.232942e+00 -1.252899e+01 1.073705e+01 5.913519e+00 4.866081e+00 9.858980e-01 3.906603e-02 1.935329e+00 -7.103796e-01 1.354322e-01 6.733526e-01 -2.194872e-01 1.403981e+00 -1.003565e+00 -5.739716e-01 -2.034212e+00 1.100322e+00 -2.535952e-01 -8.602423e-03 
1.121345e+01 -2.068142e+00 -8.462668e+00 -3.482646e+00 -1.050894e+01 5.407066e+00 1.152508e+00 -6.574483e+00 -1.196072e+01 8.735543e+00 6.770629e+00 3.341222e+00 9.774049e-01 1.032433e-02 1.527234e+00 -6.824660e-01 5.960733e-01 5.894302e-01 -8.720930e-01 1.207375e+00 1.677317e-01 -1.129614e+00 -2.204149e+00 3.500367e-01 -4.377304e-01 -7.213199e-03 
1.150194e+01 -7.627943e-01 -9.985463e+00 -9.867437e-01 -1.119861e+01 3.773237e+00 -2.835382e-01 -1.344776e+00 -1.456836e+01 4.415531e+00 8.685981e+00 3.025103e+00 9.671651e-01 1.711574e-01 7.129847e-01 -4.810565e-01 1.236350e+00 7.129212e-02 -1.356510e+00 1.868410e+00 -2.272830e-01 -1.529224e+00 -1.347295e+00 -5.916682e-01 -6.548179e-01 -3.538602e-03 
1.139172e+01 -8.384805e-01 -1.018674e+01 1.112108e+00 -1.032723e+01 1.023213e+00 3.355819e+00 -2.721765e+00 -1.701893e+01 5.648672e+00 5.208187e+00 2.616949e+00 9.710598e-01 7.602568e-02 1.644204e-01 3.557888e-01 1.264016e+00 -4.685237e-01 -9.754953e-01 1.465543e+00 -1.054552e-01 -1.199011e+00 -1.657329e+00 -6.377583e-01 -8.719171e-01 -3.094631e-03 
1.179216e+01 -1.338924e+00 -9.000880e+00 1.742396e+00 -1.106742e+01 -1.555007e-01 7.225450e+00 -6.295716e+00 -1.764600e+01 5.544015e+00 3.736399e+00 1.954128e+00 9.713776e-01 6.410132e-02 1.034046e-01 1.027056e+00 3.967928e-01 -7.180646e-01 -8.596610e-01 2.123512e+00 -1.527869e+00 7.372751e-01 -2.298935e+00 -7.522288e-01 -4.842532e-01 -6.340277e-03 
1.144847e+01 -9.579756e-01 -7.176016e+00 1.472866e+00 -1.291716e+01 2.493958e+00 4.725731e+00 -4.626289e+00 -1.641695e+01 -1.153417e-01 6.056629e+00 -4.828761e-01 9.598255e-01 3.086602e-01 2.545946e-01 1.261536e+00 1.973662e-01 -1.113846e+00 -7.019774e-01 2.461915e+00 -1.670417e+00 2.541112e+00 -3.116315e+00 -1.589946e-01 -5.037442e-01 -1.435176e-02 
1.179407e+01 -1.860237e-01 -6.355545e+00 8.168409e-01 -1.349397e+01 -1.260441e+00 9.649066e+00 -8.031861e+00 -1.118297e+01 -4.197137e+00 4.500616e+00 2.153749e+00 9.410809e-01 2.138950e-01 6.993245e-01 1.167992e+00 -6.304067e-01 3.489641e-01 -1.512679e+00 2.969033e+00 -7.634259e-01 3.151296e+00 -3.208645e+00 -6.733486e-01 -1.383764e-01 -2.093787e-02 
1.293407e+01 -1.419575e-01 -5.201734e+00 2.561716e+00 -1.468318e+01 -1.934204e+00 1.445359e+01 -1.020578e+01 -7.544887e+00 -5.062326e+00 4.031106e+00 -1.582861e-03 9.144493e-01 5.353999e-02 1.394804e+00 1.182729e+00 -1.802909e+00 1.823978e+00 -1.566038e+00 2.920781e+00 3.503582e-01 2.183599e+00 -1.875696e+00 -1.812072e+00 1.417540e-01 -2.815403e-02 
1.211884e+01 1.749689e+00 -4.148063e+00 -1.954062e+00 -8.439585e+00 -5.504815e+00 1.720669e+01 -7.323102e+00 -6.325550e+00 -8.025717e+00 1.382417e+00 1.021600e+00 8.893763e-01 -1.613928e-01 1.711196e+00 1.444166e+00 -2.007325e+00 2.596426e+00 2.148102e-01 7.047197e-01 6.641411e-01 1.979625e+00 -1.057801e-02 -2.972436e+00 -6.670821e-01 -3.752200e-02 
1.155378e+01 5.048190e+00 -2.366112e+00 -6.156229e+00 -6.324462e+00 -3.214046e+00 1.555083e+01 -3.228877e+00 -7.927670e+00 -7.579532e+00 -1.444633e+00 7.919686e-01 8.449076e-01 -8.130022e-01 1.664653e+00 1.641307e+00 -2.144487e+00 3.758331e+00 1.413367e+00 -8.961859e-01 9.368832e-01 2.494885e+00 6.041557e-01 -3.252420e+00 -1.284339e-01 -4.593337e-02 
1.167725e+01 5.774882e+00 -5.525252e-01 -4.860809e+00 -4.691202e+00 4.535306e-01 1.262404e+01 -8.199606e+00 -1.093454e+00 -2.991425e+00 -7.623694e+00 -1.578437e+00 7.882417e-01 -1.459559e+00 5.875352e-01 1.569363e+00 1.040839e-01 3.986150e+00 2.286847e+00 -1.120211e+00 1.725854e+00 3.510133e+00 1.033466e+00 -2.499821e+00 -9.552007e-01 -5.130150e-02 
9.089849e+00 6.168711e+00 1.207032e+00 -6.707345e+00 2.234281e+00 2.153459e+00 1.226398e+01 -5.083109e+00 2.313490e+00 -4.558693e+00 -7.727937e+00 6.562657e-01 7.353498e-01 -1.570558e+00 -7.235626e-01 1.142956e+00 1.492263e+00 3.854256e+00 2.144578e+00 -1.493659e+00 2.642321e+00 4.372201e+00 9.096348e-01 -1.605124e+00 -1.306310e+00 -5.742395e-02 
6.053009e+00 4.127105e+00 1.912180e+00 -1.158085e+00 7.211797e+00 3.245669e+00 1.324906e+01 2.233283e+00 6.104536e+00 -4.368808e+00 -7.975038e+00 -3.686552e+00 6.876477e-01 -1.182374e+00 -1.471619e+00 -1.448468e-01 9.501330e-01 2.600231e+00 1.539741e+00 -3.192229e-01 4.585558e+00 1.378180e+00 -3.080981e-01 -1.256895e-03 -8.532286e-01 -6.827377e-02 
6.513114e+00 2.254266e+00 2.116313e+00 -5.462787e-01 6.995319e+00 6.112772e+00 7.770028e+00 4.766283e+00 1.033434e+01 -2.342666e+00 -9.294583e+00 -4.685524e+00 6.080849e-01 -1.136948e+00 -1.857825e+00 -1.233298e+00 -2.280006e-01 3.135522e-02 -5.418789e-01 -1.781385e+00 4.505877e+00 6.015416e-01 -7.983052e-01 -2.056875e-01 -1.414246e+00 -8.578902e-02 
7.053748e+00 3.740108e-01 -1.731400e+00 -3.190678e+00 5.929436e+00 6.172579e+00 1.327491e+01 9.803489e+00 1.787019e+00 -5.639929e+00 -6.846656e+00 -3.173685e+00 5.105053e-01 -1.627189e+00 -1.355632e+00 -6.678616e-01 -8.671269e-01 -1.171866e+00 -1.861328e+00 -3.501549e+00 2.714510e+00 -2.134656e-01 -1.339507e+00 2.342847e+00 2.551100e-01 -8.524143e-02 
2.904742e+00 -1.243867e+00 -3.137666e+00 -6.831052e+00 3.032238e+00 -2.019390e+00 3.344131e+00 1.366117e+01 7.479957e+00 -7.914659e+00 -9.320566e+00 -6.671396e+00 3.949758e-01 -1.959373e+00 -4.738156e-01 6.400973e-01 4.412169e-01 -3.838652e-01 -2.969109e+00 -4.953621e+00 4.986564e-01 -3.568841e-01 -2.349029e+00 2.844802e+00 8.447893e-01 -5.660753e-02 
-2.787495e-01 -9.019868e-01 1.199861e+00 -2.351333e+00 3.334007e+00 -1.994889e+00 -2.045743e+00 1.135839e+01 6.464399e+00 -8.280345e+00 3.752187e+00 -1.418066e+00 3.679951e-01 -1.392604e+00 8.644162e-01 2.088310e+00 1.181345e+00 1.900154e-01 -1.950115e+00 -4.469819e+00 -2.279322e+00 -1.214187e-01 -1.541326e+00 1.861999e+00 3.447912e-01 -1.780158e-02 
3.824973e-01 5.231869e-01 3.851168e+00 1.240134e+00 6.373708e+00 -4.649041e+00 -9.337754e+00 6.482115e+00 6.211229e+00 -1.276760e+01 -3.699934e-01 -1.339387e+00 3.963024e-01 -2.245793e-01 1.265701e+00 1.911903e+00 1.458273e+00 3.373852e-01 -8.775457e-01 -2.237173e+00 -3.890907e+00 -2.124163e+00 -4.159951e-01 1.413998e+00 6.127419e-01 -6.705761e-04 
1.351848e+00 3.812565e+00 5.215731e+00 -1.319547e+00 5.208777e+00 -2.263169e+00 -2.733249e+00 1.996408e+00 1.814289e+00 -1.092009e+01 -2.011946e+00 -4.115734e+00 4.208341e-01 3.725865e-01 9.764229e-01 8.335779e-02 -4.742013e-01 -3.354276e-01 -1.148660e+00 -6.865667e-01 -1.765931e+00 -2.471229e+00 -1.348719e-01 -1.503593e-01 3.047782e-01 -5.066383e-03 
9.665465e-01 2.727363e+00 4.413917e+00 -5.558252e-02 3.781778e+00 -6.272979e+00 -7.497981e+00 -1.112371e+00 -8.158014e-01 -8.674764e+00 6.314901e-01 -2.258853e+00 3.652034e-01 2.276623e-01 4.814184e-01 -6.446111e-01 -1.241916e+00 -6.084741e-01 -5.197062e-02 4.084347e-01 -3.976127e-01 -1.150047e+00 9.592525e-01 7.352702e-01 5.259869e-01 -1.948119e-02 
1.292159e+00 2.878040e+00 1.335276e+00 -4.074481e+00 2.952834e+00 -6.926220e+00 -6.398463e+00 6.325975e+00 -2.378229e+00 -1.100112e+01 2.499649e+00 5.655578e-01 3.582126e-01 -9.077001e-02 -5.068371e-01 -2.424057e-01 1.447751e-01 8.626003e-01 1.361406e+00 4.002935e-01 1.357184e+00 9.975139e-01 6.402490e-01 5.009004e-01 -6.578299e-01 -2.236884e-02 
1.550653e+00 3.397542e+00 2.568341e+00 -3.591981e+00 4.459309e+00 -2.577368e+00 -5.462974e+00 2.329268e+00 2.557251e+00 -7.930820e+00 1.050560e+00 -1.050098e+00 3.302072e-01 1.501478e-01 4.034553e-02 8.588864e-01 8.271946e-01 -1.286297e-01 1.314740e+00 9.004704e-01 1.164988e+00 1.177886e+00 4.026413e-02 -2.897863e-02 -3.235065e-01 -1.289049e-02 
6.059446e-01 9.432905e-01 4.926491e+00 1.172528e+00 9.183014e+00 2.696056e+00 -1.749285e+00 7.061507e+00 5.115332e+00 -8.090813e+00 2.830213e-01 -8.009261e+00 3.264881e-01 3.962376e-02 3.645515e-01 1.536714e+00 1.608171e+00 1.526091e-01 -2.650457e-01 -1.588180e+00 -6.570121e-01 6.422064e-01 -3.293896e-02 -4.173136e-01 -1.267643e-01 -1.003674e-02 
2.060393e+00 3.896466e+00 6.912741e+00 1.456886e+00 2.353978e-02 -4.510417e+00 -5.320217e+00 4.344802e+00 1.326850e+00 -9.928598e+00 1.594911e+00 4.110241e-01 3.166133e-01 4.146420e-01 1.220164e-01 6.463330e-01 9.127001e-01 -4.148725e-01 -1.528786e+00 -1.784306e+00 9.632869e-02 -5.189149e-02 2.865894e-01 -8.139739e-01 7.163505e-02 -1.177952e-02 
1.235408e+00 4.451335e+00 6.846644e+00 1.441941e+00 5.933764e+00 -7.284925e+00 -1.441074e+01 2.033147e+00 1.448004e+00 -1.016693e+01 1.409055e-01 -7.988248e-01 3.148259e-01 4.241235e-01 1.915082e-01 -4.715843e-02 2.273451e-01 -1.021150e+00 -1.398616e+00 -1.805542e+00 -2.874683e-01 4.079284e-01 7.490088e-01 -7.728403e-01 4.504969e-01 -1.732452e-02 
3.309132e+00 2.253601e+00 4.839929e+00 8.368127e-01 4.009572e+00 -5.230811e+00 -8.053778e+00 5.325091e+00 4.131458e+00 -5.459815e+00 -2.948251e+00 -4.297141e+00 2.771407e-01 -1.949981e-01 -1.877219e+00 1.389887e+00 1.535564e+00 -9.770758e-01 1.323928e+00 8.952274e-02 -2.613120e-02 7.075345e-01 2.102186e+00 -7.145991e-01 -1.182914e+00 7.387918e-03 
2.102193e+00 2.722264e+00 5.727105e+00 2.619290e+00 2.084246e+00 -3.936826e+00 -9.410215e+00 5.134021e+00 5.752670e+00 -6.580161e+00 -1.309599e+00 -3.402694e+00 2.596018e-01 -1.046414e-01 -1.780267e+00 1.688648e+00 8.418280e-01 -2.622243e+00 1.649211e+00 1.292583e+00 -4.024985e-01 -2.877311e-01 1.323025e+00 -5.905661e-01 -1.172993e+00 8.716613e-03 
6.520095e-01 -4.625096e+00 1.442195e+01 8.546032e+00 -2.937080e+00 4.351729e-01 -7.372866e+00 2.663709e+00 2.712190e+00 -1.211052e+00 -1.252833e+00 -4.201610e+00 3.811649e-01 -5.956461e-01 5.858224e-01 6.503161e-01 1.740329e-01 -4.742416e-01 1.487929e+00 1.598760e+00 -1.464975e+00 -1.693846e+00 -6.570777e-01 -1.072028e+00 1.188742e+00 -2.196142e-02 
2.040762e+00 -1.010649e+00 1.049887e+01 1.796471e+00 -3.704128e+00 -1.871860e+00 -8.288280e+00 1.351346e+00 7.189825e-01 -5.676183e+00 -3.659635e+00 -6.711558e+00 3.063968e-01 -4.941440e-01 2.130029e+00 -6.889550e-01 1.577177e-02 1.740464e+00 5.434821e-01 1.939912e+00 -1.904593e+00 -8.570729e-01 3.398875e-01 -1.041696e+00 2.125873e+00 -5.121229e-02 
3.616166e-01 7.049170e+00 5.705626e+00 2.118387e+00 4.532551e+00 1.176352e+00 -6.209467e-01 -1.084448e-01 -1.820926e+00 -9.197192e+00 -7.133375e+00 3.301000e+00 1.439360e-01 -1.847394e-01 3.674841e+00 -2.280812e+00 -4.602479e-01 2.904824e+00 5.102365e-01 2.843763e+00 -1.003198e+00 1.143417e+00 1.344514e+00 -3.847598e-01 2.332844e+00 -5.834503e-02 
-2.233310e-01 7.535275e+00 6.640490e+00 5.911971e+00 7.051753e+00 -1.590006e+00 -3.086617e+00 -3.002869e+00 3.733863e+00 -8.876527e-01 -3.577809e+00 3.475366e+00 1.221548e-01 -4.696835e-01 2.183953e+00 -5.293380e-01 1.248459e+00 2.985862e+00 1.364112e+00 2.465788e+00 2.185551e-01 1.816253e+00 2.448983e+00 1.019184e+00 1.109718e+00 -1.855796e-02 
8.603592e-01 9.476146e+00 4.947080e+00 4.187042e+00 6.209098e+00 2.845428e+00 4.245119e+00 -1.751721e-01 6.921834e+00 3.117250e+00 -3.217545e+00 2.369147e+00 1.815608e-01 -2.964236e-01 -2.040859e-01 1.527683e-01 2.411921e-01 8.029366e-03 1.772459e-01 1.051552e+00 6.799995e-01 4.428006e-01 1.681217e+00 1.703580e+00 -6.898152e-01 -1.837939e-03 
-5.570269e-01 8.695626e+00 8.231455e+00 7.004437e+00 1.038691e+01 4.114163e+00 1.607628e+00 2.477485e+00 5.428867e+00 4.115102e-01 -5.216272e-01 -6.970417e-01 1.947947e-01 -5.609419e-01 -8.016604e-01 -4.921741e-01 -2.004342e-01 -7.018116e-01 3.214546e-01 1.269157e+00 1.457042e+00 -5.564502e-01 3.932958e-01 1.168340e+00 -4.499048e-02 -1.343879e-02 
-9.536533e-01 5.448565e+00 5.673985e+00 2.778114e+00 2.905121e+00 -7.895024e-01 2.289689e+00 5.513760e-01 -4.544253e-01 -1.440690e+00 -1.435651e-01 1.938128e+00 9.842640e-02 -5.790800e-01 -9.606940e-01 -5.722103e-01 2.385740e-01 -8.066034e-01 -6.310846e-01 4.351330e-02 3.547081e-01 -5.766431e-01 -2.155432e-01 -2.480808e-01 -7.765716e-01 -2.437362e-02 
-2.121034e+00 5.540764e+00 3.816167e+00 5.614264e+00 5.194683e+00 1.834733e+00 4.236884e+00 3.919066e+00 4.639741e+00 3.357797e+00 7.269024e-01 3.465923e+00 9.652805e-02 -2.291890e-01 -1.425896e-01 -6.683159e-01 -1.913080e-02 -1.174282e+00 -7.036800e-01 2.197865e-01 -1.457771e-01 6.155510e-02 8.306370e-01 -1.977294e+00 -1.129032e+00 -1.411386e-02 
-1.253037e+00 6.250107e+00 4.293673e+00 6.074999e+00 4.772192e+00 8.297208e-01 3.148057e+00 8.775781e-01 4.433181e+00 5.663910e-01 -5.082213e+00 -3.595194e+00 1.088260e-01 1.507541e-01 5.793301e-01 3.433885e-01 8.048187e-01 4.851289e-01 -1.897531e-01 -1.488581e+00 -8.376173e-01 4.866872e-01 9.004607e-01 -3.143874e-01 -1.170502e+00 1.011780e-02 
-1.553280e+00 7.581907e+00 5.580032e+00 5.260341e+00 3.581961e+00 -2.138488e-01 2.277376e+00 1.585499e+00 3.292840e+00 3.561154e+00 -7.938772e+00 -3.575542e+00 1.190255e-01 -1.444491e-01 3.209298e-01 3.224161e-01 -2.542251e-01 6.975351e-01 1.919015e-01 -2.404012e+00 -1.973283e+00 -1.034964e+00 2.951153e-01 1.683723e-01 2.292099e-01 1.140672e-03 
-4.837599e-01 7.324643e+00 6.508995e+00 6.979169e+00 6.137126e+00 -7.139771e-01 -4.173464e+00 -2.469927e+00 2.652461e+00 2.959935e+00 2.617335e+00 -3.936502e-01 1.377667e-01 -9.181003e-02 2.461300e-02 1.578211e-01 -8.171792e-01 2.758213e-01 -4.920634e-01 -1.907063e+00 -8.326616e-01 -1.060631e+00 -6.560076e-01 5.810776e-01 9.802755e-01 -4.071450e-03 
-3.227919e+00 6.608145e+00 4.320586e+00 3.891054e+00 7.999891e+00 3.566089e+00 -4.122416e+00 -4.273595e+00 3.552797e-01 3.636601e+00 -2.281010e+00 3.011201e+00 8.776110e-02 1.984771e-01 -2.492447e-02 2.535185e-01 -6.376632e-01 -6.831993e-01 -5.002636e-01 -1.251529e-01 -3.048560e-01 -3.509336e-01 -7.794392e-01 1.772540e-01 1.193512e+00 -3.553319e-03 
-8.747683e-01 6.860053e+00 5.712501e+00 2.673746e+00 3.942333e+00 -3.520565e+00 -3.187360e+00 -3.561829e-01 5.988042e-01 -2.751371e+00 -5.005706e+00 -1.987187e+00 1.041010e-01 2.299278e-01 1.831731e-01 1.923778e-01 -8.382241e-01 -8.610333e-01 -9.151356e-01 5.373628e-01 1.314886e+00 1.271120e+00 -2.846376e-01 -1.762548e+00 5.174937e-01 -3.181040e-03 
-3.653903e-01 7.689580e+00 7.245871e+00 4.224736e+00 1.263361e+00 -1.311873e+00 1.158560e+00 -9.956532e-01 2.565001e+00 2.519611e+00 -3.240981e+00 3.188787e+00 1.180918e-01 5.034450e-01 3.023030e-01 3.671050e-01 -2.592231e-01 -4.341441e-01 -1.216363e+00 -9.492211e-02 1.629997e+00 2.240025e+00 1.763893e-01 -7.578530e-01 2.279861e-01 4.046517e-03 
-7.653852e-01 7.699791e+00 6.008241e+00 2.621208e+00 5.200225e+00 -2.850674e+00 -4.127138e+00 2.465533e+00 7.903203e+00 2.095242e+00 -5.715419e+00 2.105025e+00 1.066961e-01 -1.812286e-02 1.689687e-01 -6.461497e-02 -1.708605e-01 6.452646e-01 -1.990175e-02 -7.165254e-01 9.104617e-01 1.994700e+00 9.268855e-01 -3.893864e-01 7.100664e-01 -6.205380e-04 
