-5.021810e+00 2.764788e+00 -4.604184e+00 -6.194504e-01 4.047856e+00 4.424579e+00 6.186182e+00 1.066235e+01 7.949910e+00 3.228897e+00 7.977768e+00 4.547576e-01 1.169904e-01 -5.279379e-02 2.757501e-01 -3.672047e-02 7.194896e-02 1.829425e-01 1.988333e-02 -4.783434e-02 -1.671872e+00 7.311756e-01 -1.006603e-01 -6.252174e-01 1.040665e+00 -6.434083e-04 
-6.263655e+00 2.489135e+00 -3.009408e+00 2.050254e-01 5.243744e+00 2.892388e+00 5.176785e+00 2.747726e+00 1.053242e+01 3.087424e+00 8.153332e+00 4.205688e+00 9.451330e-02 -7.473803e-02 -1.701574e-02 1.406951e-01 8.920290e-01 8.278992e-01 -4.973252e-01 -1.731221e-01 -1.376141e+00 -5.115164e-01 3.415309e-01 1.691271e-01 1.523857e+00 -8.577883e-04 
-4.664856e+00 4.281365e+00 -5.585174e+00 -6.719435e-01 4.364624e+00 5.290092e+00 6.451708e+00 6.260308e+00 1.031453e+01 2.796332e+00 4.763900e+00 3.782619e+00 1.250120e-01 1.679571e-01 8.187489e-02 -3.715400e-01 3.552102e-01 8.478574e-01 -5.126798e-01 9.091572e-01 5.522604e-02 -4.735300e-01 8.778926e-01 5.023470e-02 1.288315e+00 -1.784992e-03 
-5.573977e+00 1.921421e+00 -3.410213e+00 3.866941e+00 8.028968e+00 1.505197e+00 5.187808e+00 5.982667e+00 4.210018e+00 5.152834e+00 1.043034e+01 6.410114e+00 1.086907e-01 1.877174e-02 -2.540423e-01 -4.761602e-01 -1.108885e-01 2.838089e-01 -9.688212e-01 -3.011078e-01 7.255459e-01 6.764506e-02 1.127109e+00 8.535978e-01 -2.624432e-01 1.798260e-03 
-4.526863e+00 3.458020e+00 -6.261481e+00 -6.743571e-01 6.894531e+00 2.554776e+00 1.072646e+01 9.321012e+00 8.743464e+00 6.585655e+00 7.090438e+00 5.794120e+00 1.009768e-01 -2.235115e-01 -5.236748e-01 -7.258508e-02 -6.318778e-01 4.246511e-02 -7.475974e-01 -1.041343e+00 -1.313637e+00 4.960823e-01 5.130943e-01 5.306244e-01 -5.080789e-01 -8.152455e-03 
-6.238792e+00 1.630596e+00 -5.052055e+00 -3.482104e-01 5.397836e+00 -5.840595e-01 1.533872e+00 4.845103e+00 1.165618e+01 6.828307e+00 1.125805e+01 1.887722e+00 1.155222e-01 -2.886453e-01 -3.627279e-01 -9.139585e-02 -1.023207e+00 -1.113977e+00 -5.586408e-01 -1.099894e+00 -8.469553e-01 1.515058e+00 8.903088e-02 -3.073173e-01 -5.101795e-01 -3.430283e-03 
-5.450006e+00 1.808403e+00 -5.127178e+00 -1.723757e+00 5.892515e+00 2.596733e+00 3.071959e+00 2.609050e-01 9.071859e+00 4.524067e+00 7.003166e+00 3.503421e+00 8.083397e-02 -3.030128e-01 -5.778366e-01 5.160828e-01 -2.660000e-01 -8.616996e-01 1.765677e-01 -1.725219e+00 -9.714023e-01 1.778013e-01 -1.431772e-01 -6.192620e-01 -6.525205e-01 -2.192855e-03 
-6.555632e+00 9.325894e-01 -4.434343e+00 -7.243931e-01 2.960089e+00 -1.308985e+00 3.515587e+00 6.277945e+00 1.162111e+01 6.628783e+00 8.937388e+00 5.004567e+00 1.016107e-01 -2.371964e-01 -3.131220e-01 3.622285e-01 -2.984643e-01 -1.689282e+00 7.937618e-01 8.891612e-01 3.967286e-01 -4.012876e-01 -9.749943e-01 -9.159319e-01 4.453563e-01 -1.908255e-03 
-5.883508e+00 9.178400e-01 -3.989923e+00 -1.816266e+00 3.804906e+00 3.800077e+00 1.109503e+00 3.747580e+00 9.650006e+00 5.969531e+00 5.154460e+00 9.730958e-01 9.696823e-02 -1.917738e-01 1.995499e-01 4.269679e-01 3.036356e-01 -7.656519e-01 1.457235e-01 2.186380e-01 4.586776e-01 3.414660e-01 -2.468994e-01 3.840138e-01 2.537699e-02 1.436424e-03 
-7.208023e+00 5.102680e-01 -3.809541e+00 -1.794277e+00 -2.004772e+00 2.783077e+00 6.960906e+00 5.085409e+00 9.360672e+00 1.230603e+00 7.602745e+00 5.379666e+00 9.791380e-02 6.466589e-01 1.060691e+00 2.141967e-01 -1.482778e-01 4.997840e-01 2.202658e-01 3.012844e-01 -2.805186e-01 9.771820e-01 -7.932256e-01 3.871850e-01 1.153107e+00 -1.061928e-03 
-6.082679e+00 3.017313e+00 -3.304740e+00 3.293633e-01 4.546686e+00 1.279319e+00 2.442490e+00 3.150561e+00 1.190941e+01 5.988659e+00 9.590557e+00 3.442756e+00 8.986455e-02 3.694361e-01 3.253118e-01 -5.091194e-01 6.529864e-02 4.379944e-01 -1.040198e+00 -5.503547e-02 -4.663946e-01 4.969707e-01 -2.184972e-01 8.389632e-01 1.041047e+00 -1.229650e-03 
-3.222752e+00 5.186306e+00 -3.705951e+00 -2.538597e+00 5.088120e+00 1.052723e+00 4.355515e+00 5.173861e+00 1.537732e+01 2.653090e+00 8.655265e+00 9.535270e+00 9.985292e-02 2.274583e-01 5.351236e-02 -7.584936e-01 2.439007e-01 2.530665e+00 -1.104882e-01 -9.909422e-01 -4.650302e-01 3.604564e-01 5.746843e-01 -6.501401e-01 -6.603418e-01 -4.916966e-04 
-6.028963e+00 2.063800e-01 -6.587315e+00 -1.117613e+00 2.448433e+00 -5.357354e-01 2.137021e+00 1.371381e+00 9.126536e+00 4.165801e+00 8.823015e+00 4.100527e+00 8.985043e-02 -3.583195e-01 -6.553772e-01 -9.084661e-02 8.615370e-02 5.333371e-01 9.704385e-02 2.309231e-01 -3.916101e-01 -1.048148e+00 -3.873705e-01 -1.630429e+00 -6.964379e-01 -1.547158e-04 
-6.097589e+00 2.183296e+00 -5.960721e+00 1.487144e-01 1.169768e+01 3.138164e+00 2.158929e+00 3.649848e+00 1.255439e+01 5.015454e+00 4.735815e+00 1.749072e+00 9.546238e-02 -9.911796e-01 -1.357123e+00 3.067136e-02 -1.430525e-01 -6.342949e-01 -1.075782e+00 -3.441203e-01 -5.351819e-01 -1.695024e+00 -4.047900e-01 -2.328937e+00 -1.031759e+00 9.097040e-04 
-6.436857e+00 1.241932e+00 -2.631588e+00 -5.835239e-01 3.908592e+00 7.218180e-01 4.695398e+00 1.954517e+00 8.080132e+00 2.870625e+00 3.398136e+00 3.853666e+00 9.128624e-02 -4.991806e-01 -1.120157e+00 2.474070e-02 5.208068e-01 4.804783e-01 1.932180e-01 3.466497e-01 4.252965e-02 2.433007e-01 -3.245209e-01 -1.961541e+00 -9.937288e-01 1.274422e-02 
-7.974703e+00 -2.117084e+00 -5.530458e+00 -3.520904e+00 1.186565e+00 -4.954964e+00 1.355725e+00 2.206383e+00 7.425398e+00 1.276729e+00 -2.769799e-01 4.499906e+00 1.036835e-01 -5.680043e-01 -1.177367e+00 -1.861731e-01 5.380740e-01 -4.404783e-01 -4.106284e-01 1.025494e-01 -7.067462e-01 -6.830411e-02 -1.118338e-01 -5.762767e-02 -8.982536e-01 3.766397e-02 
-7.586309e+00 -3.244213e+00 -6.678743e+00 3.321230e+00 1.010638e+01 4.476919e+00 4.271872e+00 2.305761e+00 1.290754e+01 4.412560e+00 1.521706e+00 -2.243534e+00 1.494610e-01 -7.968286e-01 -3.173979e-01 -3.690255e-01 7.589551e-01 3.484431e-01 -7.314550e-01 -5.585592e-01 -6.117155e-01 -1.008530e+00 -7.361930e-01 1.005730e+00 -7.802963e-01 7.124574e-02 
-8.362885e+00 -1.460467e+00 -4.868010e+00 8.867071e-01 6.396392e+00 -7.925284e-01 2.883439e+00 -5.950499e-02 9.799168e+00 3.685318e+00 5.385892e+00 3.064031e-01 2.546949e-01 -1.280373e+00 2.544411e-01 -3.581085e-02 3.479658e-01 -3.117778e-01 -6.952162e-02 2.210308e+00 7.934576e-01 -2.573449e+00 2.771154e-01 8.201491e-01 -4.337541e-01 9.279054e-02 
-1.022691e+01 -6.733654e-01 -4.807940e+00 1.007446e+00 3.045894e+00 -5.016675e+00 1.138745e+00 2.888346e-02 1.850597e+00 -2.014635e+00 5.595350e+00 2.048935e+00 3.720093e-01 -1.799956e+00 5.180019e-01 -5.283602e-01 -1.304466e+00 -2.357028e+00 -1.844531e+00 2.158142e+00 3.883621e-01 -4.316580e+00 3.346224e-01 2.837512e-01 1.963588e+00 9.355111e-02 
-1.305627e+01 -2.130302e+00 -6.644914e+00 -6.241828e-01 3.157919e+00 -5.557747e-01 1.397383e+01 7.312110e+00 8.662224e-02 5.875903e+00 1.786943e+00 1.849008e-01 4.563621e-01 -1.663696e+00 8.492576e-01 -3.203598e-01 -2.293140e-01 1.104407e-01 7.760186e-02 7.470086e-01 1.737287e+00 -2.170073e+00 3.633733e-01 6.634545e-01 1.231945e+00 7.599150e-02 
-1.423940e+01 -3.192866e-01 -8.432092e+00 -2.445653e+00 -5.952501e-02 -4.864112e+00 9.517385e+00 5.617645e-01 -3.819094e+00 4.990379e+00 4.739936e+00 7.635156e+00 5.163829e-01 -5.477486e-01 1.449039e+00 4.045735e-01 -2.126980e-01 1.827568e+00 1.072738e+00 5.732822e-02 6.142492e-01 1.017973e+00 -2.083276e-01 5.192435e-01 1.622688e+00 2.671114e-02 
-1.467512e+01 2.608782e+00 -4.657732e+00 1.466686e+00 8.501306e+00 -4.808006e-01 2.429163e+00 8.360491e+00 1.783648e+00 1.999678e+00 9.130871e+00 3.673018e+00 5.624655e-01 9.529400e-01 1.907784e+00 1.559356e+00 1.819789e+00 1.415076e+00 1.452111e-01 -1.498748e+00 -1.633960e-01 2.863893e+00 -7.237477e-01 7.406569e-02 4.881820e-01 -2.364719e-02 
-1.215623e+01 4.202288e+00 -3.778663e+00 -1.101479e+00 9.512043e+00 3.095267e-01 7.197720e+00 2.575939e+00 6.091949e+00 -1.118160e+00 4.519604e+00 8.418317e+00 4.525132e-01 2.405930e+00 -1.082537e+00 4.540967e-01 1.014746e+00 -6.349865e-01 1.524510e+00 7.627429e-01 9.192888e-01 3.549834e+00 -1.651763e+00 -2.554979e+00 -1.661438e+00 4.817868e-02 
-9.333155e+00 5.147831e+00 -1.174846e+00 7.802677e+00 5.447518e+00 -2.416538e+00 7.639923e+00 5.488042e+00 9.450566e+00 5.311434e+00 2.267438e+00 2.234230e+00 3.700610e-01 2.867563e+00 -2.524857e+00 -8.361313e-01 2.255358e-01 -2.728226e+00 7.564607e-01 2.256009e+00 -1.507412e-01 1.719780e+00 -1.577456e+00 -3.112230e+00 -2.742027e-01 1.074772e-01 
-4.880730e+00 -7.001495e+00 -7.903051e+00 -5.399196e-01 -1.707564e+00 3.726308e+00 1.072572e+01 6.594433e+00 1.009662e+01 -4.924313e+00 -4.603241e+00 4.736114e-02 8.534786e-01 2.449251e+00 -2.045089e+00 4.743705e-01 5.773481e-01 -1.879910e+00 1.613574e-01 1.484313e+00 5.173955e-02 -7.988743e-01 -6.579579e-01 -1.146897e+00 -6.153014e-01 1.032395e-01 
-3.975053e+00 -4.413613e+00 -6.776195e+00 2.313586e+00 4.699817e-01 1.593112e+00 1.194521e+01 5.597538e+00 8.380215e+00 -3.984524e+00 -1.868858e+00 6.487483e+00 8.993689e-01 1.884649e+00 -2.348890e-01 2.434630e+00 7.733341e-01 -5.804917e-01 -7.376770e-01 -1.667477e+00 -1.967379e+00 -2.717717e+00 -2.552885e+00 -9.015161e-01 -1.248645e+00 4.444697e-02 
-2.589025e+00 -1.242433e+00 1.393864e+00 4.529807e+00 2.601264e+00 -8.885119e-01 1.246664e+01 2.779889e+00 2.632754e+00 2.400295e-01 8.532672e-01 3.215184e+00 7.040569e-01 2.666499e+00 2.370801e+00 2.873183e+00 7.914506e-01 -2.881030e-01 -3.273565e+00 -5.301860e+00 -2.393350e+00 -1.781588e+00 -1.772532e+00 -1.025133e+00 -2.578489e+00 -4.127922e-02 
-1.055760e+00 1.093855e+00 6.349845e+00 9.134484e+00 3.906460e-01 -3.797514e+00 -1.567925e+00 -2.441581e+00 -4.060888e-01 -1.003516e+01 -4.968397e+00 -5.592904e+00 6.670067e-01 3.971360e+00 6.252171e-01 5.233707e-01 -9.206533e-02 -7.907366e-01 -2.428006e+00 -7.043734e+00 -1.217529e+00 -9.560361e-01 -2.278278e+00 -1.627949e+00 -2.790081e+00 -1.875293e-02 
6.992116e+00 2.098778e+00 -1.001549e-01 6.884217e-03 -3.108411e+00 -9.946204e+00 -9.027016e+00 -1.352758e+00 5.581828e+00 -1.076165e+01 -8.179140e+00 -6.804889e+00 7.632636e-01 4.774859e+00 -1.495028e+00 -2.157869e+00 -1.037107e+00 -6.713195e-01 -1.260314e+00 -5.364584e+00 -7.097255e-01 2.367355e-01 -7.603813e-01 -1.480571e+00 -1.664134e+00 3.221092e-02 
1.109118e+01 -2.958133e+00 -3.412332e+00 4.114721e+00 -6.288638e-01 -6.018071e+00 -1.252663e+01 1.576216e+00 2.125497e+00 -9.875071e+00 -5.492398e+00 -2.452884e+00 7.760009e-01 4.657937e+00 -2.500440e+00 -3.890469e+00 -1.105969e+00 3.418788e-01 -3.596721e-01 -2.614285e+00 6.519222e-02 1.319752e+00 1.509446e+00 -1.360162e-01 3.070480e-01 4.683911e-02 
1.521181e+01 -6.691578e+00 -4.514393e+00 1.854156e+00 -2.455792e-01 -6.079801e+00 -8.876923e+00 -2.777637e+00 2.550638e+00 -3.641922e+00 -6.287587e+00 -6.675499e+00 8.106144e-01 3.250209e+00 -2.939862e+00 -2.895140e+00 5.312212e-01 5.761786e-01 2.446185e-01 -1.540051e+00 1.784412e-01 8.566246e-01 9.344652e-01 1.829641e-01 1.093140e+00 4.632122e-02 
1.812408e+01 -7.013167e+00 -1.089538e+01 2.681004e+00 6.686239e-01 -7.529076e+00 -1.471439e+01 -1.403181e+00 7.708264e+00 -6.047795e+00 -6.594254e+00 -4.122359e+00 8.775269e-01 1.971920e+00 -2.424913e+00 -1.793696e+00 -3.592269e-02 2.313513e-01 -2.446132e+00 3.671350e-01 7.120168e-01 1.798210e-01 1.020196e+00 -2.829143e-01 1.383728e+00 5.706410e-02 
1.972671e+01 -1.057302e+01 -1.083433e+01 3.379848e+00 -8.762622e-01 -7.967609e+00 -1.563339e+01 1.029146e+00 7.073567e+00 -8.002964e+00 -6.713391e+00 -5.044525e-01 9.441067e-01 8.073659e-01 -1.840044e+00 -8.369749e-01 9.697344e-02 -5.943936e-01 -2.223282e+00 -6.320413e-01 2.867933e+00 -1.256912e+00 9.069075e-02 -1.241716e-01 1.342792e+00 4.958195e-02 
1.869333e+01 -1.314198e+01 -9.220841e+00 3.172261e+00 8.432341e-01 -1.730483e+01 -7.312723e+00 3.232908e+00 7.631378e-01 -2.593572e+00 -6.694067e+00 1.380231e+00 9.945752e-01 -1.577975e-01 -1.172480e+00 7.237987e-01 1.012929e-01 -1.826200e+00 -1.161209e+00 2.764831e-01 3.652594e+00 -2.948233e+00 3.094894e-01 7.520544e-01 -2.961451e-01 2.930795e-02 
1.896401e+01 -1.282739e+01 -9.536539e+00 2.093394e+00 -3.304852e+00 -1.230833e+01 -1.573796e+01 9.243986e+00 -2.613573e-01 -4.915580e+00 -6.858538e+00 -2.712835e+00 1.000000e+00 -6.391631e-01 -1.086717e-01 1.914937e+00 -5.026883e-01 -1.893757e+00 -1.281158e-01 6.071635e-01 3.554597e+00 -2.923048e+00 3.745432e-01 1.633249e+00 -1.311797e+00 7.963294e-03 
1.771644e+01 -1.174838e+01 -7.925287e+00 3.830695e+00 -7.248080e+00 -1.116476e+01 -1.327969e+01 1.275237e+01 -3.365438e+00 -6.044040e+00 -2.761408e+00 -4.498893e+00 9.961200e-01 -9.409426e-01 3.700003e-01 2.993083e+00 -1.076122e+00 -2.213490e+00 9.712036e-01 7.814277e-01 2.235560e+00 -2.854390e+00 -5.744891e-02 2.223941e+00 -1.794543e+00 -5.944163e-03 
1.701934e+01 -1.181317e+01 -1.907422e+00 5.371899e-01 -6.299390e+00 -1.167822e+01 -9.614090e+00 1.404240e+01 -5.477386e+00 -4.405014e+00 -5.134735e-01 -4.123875e+00 9.831508e-01 -1.347755e+00 5.072731e-01 4.062438e+00 -1.788303e+00 -1.622081e+00 6.011726e-01 2.411248e+00 1.196027e-01 -3.567636e+00 1.220312e+00 2.059475e+00 -1.186721e+00 -1.000041e-02 
1.496095e+01 -1.179909e+01 1.930014e+00 -1.430248e+00 -8.726948e+00 -1.276386e+01 -6.467521e+00 1.201150e+01 -1.090080e+01 -3.136099e+00 1.253106e+00 -6.886961e+00 9.732790e-01 -1.462618e+00 9.581768e-01 3.964427e+00 -2.251897e+00 -1.433170e+00 1.483454e+00 1.583787e+00 -1.323292e+00 -3.977501e+00 2.869869e+00 6.683910e-01 -1.119746e+00 -1.170282e-02 
1.360298e+01 -1.026568e+01 5.847999e+00 -4.217649e+00 -1.067582e+01 -8.502918e+00 -7.087812e+00 1.021243e+01 -1.433185e+01 -2.679900e-01 1.431582e+00 -7.452405e+00 9.614184e-01 -1.593901e+00 1.554475e+00 2.981665e+00 -1.789614e+00 -1.762196e+00 2.188288e+00 2.497437e-01 -2.711243e+00 -3.294533e+00 3.300149e+00 -6.014025e-01 -1.281863e+00 -1.074070e-02 
1.211153e+01 -7.731245e+00 8.019138e+00 -5.051371e+00 -1.222571e+01 -5.335141e+00 -6.623897e+00 8.050892e+00 -1.882571e+01 6.236795e+00 -3.919809e-01 -8.433358e+00 9.484720e-01 -1.550353e+00 2.023102e+00 2.414000e+00 -1.340585e+00 -1.372814e+00 2.446640e+00 -8.453898e-01 -2.955627e+00 -1.868239e+00 2.986065e+00 -1.255778e+00 -3.366510e-01 -9.089929e-03 
1.047454e+01 -6.074719e+00 9.956343e+00 -6.600317e+00 -1.336098e+01 -4.451140e+00 -8.287184e+00 2.466487e+00 -1.798759e+01 7.409284e+00 -2.697942e+00 -9.759994e+00 9.418508e-01 -1.526818e+00 1.864618e+00 2.038558e+00 -1.182418e+00 -6.036404e-01 1.136946e+00 -1.073181e+00 -3.590351e+00 -4.127123e-01 1.726649e+00 -1.347827e+00 1.100362e-01 -7.314032e-03 
8.773407e+00 -3.779057e+00 1.194584e+01 -6.941836e+00 -1.424844e+01 -2.556552e+00 -1.009478e+01 1.106339e+00 -1.841412e+01 7.955587e+00 -2.961021e+00 -7.416422e+00 9.376132e-01 -1.432462e+00 1.964176e+00 1.699773e+00 -8.743162e-01 -5.728893e-02 5.909950e-01 -1.858026e+00 -3.112721e+00 1.053821e+00 2.312295e-01 -9.835455e-01 1.025899e+00 -6.545794e-03 
7.637952e+00 -2.918681e+00 1.407743e+01 -9.184506e+00 -1.268266e+01 -4.207480e+00 -1.071828e+01 -4.267046e+00 -1.660121e+01 7.505858e+00 -4.023033e+00 -7.410692e+00 9.302777e-01 -1.214320e+00 1.810932e+00 1.812757e+00 -5.410706e-01 1.489403e-01 8.001081e-01 -2.076068e+00 -1.960541e+00 9.120136e-01 5.880655e-01 -6.347282e-01 1.262127e+00 -5.885100e-03 
6.367513e+00 5.116147e-01 1.445746e+01 -8.130857e+00 -1.285132e+01 -2.501996e+00 -1.469848e+01 -4.145945e+00 -1.424980e+01 7.344656e+00 -4.647163e+00 -4.478514e+00 9.215296e-01 -9.941974e-01 1.920544e+00 1.523048e+00 -1.492434e-01 7.720537e-01 4.046900e-01 -1.548064e+00 -1.476073e+00 1.530473e+00 5.515068e-01 -1.421756e-01 9.795191e-01 -8.818465e-03 
5.605886e+00 8.346044e-01 1.776432e+01 -8.711160e+00 -1.331484e+01 -4.778781e-01 -1.636567e+01 -4.710073e+00 -1.550969e+01 1.065508e+01 -5.028512e+00 -4.918314e+00 9.204671e-01 -7.520200e-01 1.558077e+00 1.241961e+00 7.931094e-02 5.926744e-01 1.582441e-01 -9.046059e-01 -6.398314e-01 6.552317e-01 3.809610e-01 1.754050e-01 5.468462e-01 -1.103012e-02 
4.818453e+00 3.947019e+00 1.771764e+01 -7.924726e+00 -1.007208e+01 -2.397904e+00 -1.501141e+01 -6.052510e+00 -1.130752e+01 9.138512e+00 -3.169159e+00 -3.765015e+00 8.984262e-01 -5.603838e-01 1.010467e+00 1.270045e+00 2.240271e-01 5.710438e-01 -5.818537e-01 7.179089e-01 -9.037110e-01 7.797556e-01 -8.181620e-02 3.237401e-01 -1.949080e-01 -1.477669e-02 
4.652382e+00 3.153999e+00 1.865715e+01 -8.891017e+00 -1.110891e+01 -3.468306e+00 -1.508484e+01 -6.512921e+00 -1.479619e+01 8.513736e+00 -3.885009e+00 -5.033211e+00 8.866788e-01 -3.774969e-01 1.037498e+00 4.994396e-01 6.123609e-01 1.665413e-01 -1.138787e+00 1.517484e+00 -8.579971e-01 1.108540e-01 -3.177924e-01 -1.033744e-01 -6.811115e-01 -2.238902e-02 
4.042346e+00 4.404252e+00 2.036127e+01 -6.920793e+00 -1.109907e+01 -3.916051e+00 -1.174935e+01 -7.763076e+00 -1.070777e+01 8.006246e+00 -3.600214e+00 -5.395606e+00 8.645403e-01 -1.466074e-01 1.096424e+00 3.278547e-01 1.098709e+00 -1.109530e+00 -1.335603e-01 1.156102e+00 -1.544854e+00 -1.013184e+00 4.201879e-01 -6.674226e-01 -4.584193e-01 -3.004994e-02 
4.106455e+00 5.793476e+00 1.893970e+01 -6.151322e+00 -1.196864e+01 -5.412739e+00 -1.040928e+01 -8.144775e+00 -1.525529e+01 9.632248e+00 -5.329857e+00 -7.508576e+00 8.254649e-01 -1.698268e-01 1.931612e+00 -8.046303e-02 1.666166e+00 -5.644987e-01 -6.195774e-02 6.776577e-01 -2.187542e+00 7.482281e-02 3.950446e-01 -1.534334e+00 -1.730801e-01 -3.835033e-02 
4.358380e+00 8.109402e+00 1.921564e+01 -3.801026e+00 -1.518986e+01 -2.093489e+00 -1.156868e+01 -1.296085e+01 -1.614388e+01 1.068019e+01 -5.783848e+00 -4.819429e+00 7.787834e-01 -5.256067e-01 2.133989e+00 -5.153290e-01 1.288538e+00 1.021570e+00 5.151254e-01 3.244221e-01 -2.617405e+00 -6.890678e-02 -3.331835e-01 -1.802357e+00 -3.142099e-01 -3.957637e-02 
3.645231e+00 1.095948e+01 1.882765e+01 -2.120073e+00 -1.188601e+01 -4.689376e+00 -1.178689e+01 -1.485174e+01 -1.170402e+01 9.151984e+00 -1.046486e+01 -6.186700e+00 7.378056e-01 -5.857360e-01 4.868816e-01 -1.040586e+00 1.683256e+00 2.429796e+00 1.091711e+00 1.344578e+00 -1.115327e+00 1.520025e-01 -2.861573e+00 -1.750839e+00 -1.451005e+00 -3.637113e-02 
1.644924e+00 1.249119e+01 1.784065e+01 -2.493730e+00 -6.032534e+00 -1.702106e+00 -9.438437e+00 -1.749662e+01 -1.282794e+01 6.580460e+00 -1.004450e+01 -7.627594e+00 7.104881e-01 -4.049636e-01 -2.332948e-01 -1.250424e+00 2.185158e+00 3.212986e+00 2.922152e+00 2.998385e+00 -4.534543e-01 -1.877848e-01 -3.310390e+00 -1.733872e+00 -2.186387e+00 -3.606027e-02 
2.534503e+00 6.036988e+00 1.442426e+01 1.611308e+00 -4.398328e+00 -1.498764e-01 -4.751508e+00 -1.145353e+01 -1.615325e+01 -2.625750e+00 -1.195373e+01 -1.335952e+01 6.777569e-01 -3.321751e-01 -1.042410e+00 -6.371250e-01 2.234550e+00 1.213674e+00 3.647703e+00 2.714908e+00 1.377060e-01 -1.665733e-01 -2.555576e+00 -2.043766e+00 -1.775969e+00 -4.822474e-02 
2.888926e+00 9.404175e+00 1.516521e+01 5.259074e+00 -2.868774e+00 1.024752e+01 -9.444427e-02 -1.692723e+01 -1.485819e+01 1.711297e-02 -1.370877e+01 -1.216495e+01 6.285064e-01 -1.171345e-01 -1.968957e+00 -1.011541e+00 2.926728e+00 1.769244e-01 2.944294e+00 2.490412e+00 -1.436243e+00 2.315308e+00 -1.253463e+00 -1.635701e+00 -8.623110e-01 -7.137225e-02 
1.362354e+00 7.290944e+00 1.697974e+01 5.176277e+00 -7.399518e+00 7.574324e+00 -2.884350e+00 -1.444790e+01 -1.152176e+01 -3.442240e-01 -1.885155e+01 -1.279787e+01 5.376728e-01 -4.086216e-01 -2.023186e+00 -2.223781e+00 2.114872e+00 8.318492e-01 1.355495e+00 1.259389e+00 -1.819779e+00 4.083810e+00 -4.410950e-01 1.016954e-01 6.201102e-01 -1.018292e-01 
1.645326e+00 2.019431e+00 1.150520e+01 1.035743e+01 -3.647317e+00 9.157264e+00 2.080045e+00 -2.318064e+01 -3.567145e+00 -8.276187e-01 -1.477409e+01 -1.221997e+01 4.236689e-01 -8.891172e-01 -3.078693e+00 -4.551476e+00 -4.927668e-01 1.103638e+00 -1.048865e+00 -4.189754e-01 9.580749e-01 4.631552e+00 -2.753090e-01 2.134277e+00 2.556394e+00 -1.115935e-01 
1.113194e+00 -3.865693e-01 5.135363e+00 9.636490e+00 1.501894e-01 7.172728e+00 4.581933e-01 -1.742571e+01 -1.379726e+00 -4.408859e+00 -1.091259e+01 -1.023146e+01 2.710297e-01 -7.937460e-01 -1.451870e+00 -4.717470e+00 -2.592895e+00 1.134855e+00 -1.684435e+00 4.116221e-01 2.562259e+00 3.288026e+00 -4.448405e-01 3.059117e+00 4.282819e+00 -9.698932e-02 
-1.432080e+00 -2.150533e+00 -1.669983e+00 5.651339e-01 -1.125435e+00 5.203991e+00 -3.860593e+00 -1.064795e+01 3.228552e+00 6.728852e-01 -7.006869e+00 -6.661876e-01 2.038603e-01 -1.117492e+00 5.580137e-02 -3.397933e+00 -4.258492e+00 6.193376e-02 -1.338036e+00 1.459787e+00 4.996474e+00 1.024691e+00 -6.595618e-01 1.440391e+00 3.528112e+00 -6.391100e-02 
-1.067673e+00 2.116575e+00 -2.001691e-02 -2.892052e+00 -2.986186e+00 1.128785e+00 2.144079e+00 -7.902956e+00 1.520520e+00 -3.318678e+00 -7.439575e+00 2.839333e+00 1.626304e-01 -2.359898e-01 9.760288e-01 -1.396441e+00 -2.998848e+00 -6.287866e-01 3.086109e-01 3.245595e+00 4.033471e+00 -5.960488e-02 -7.720069e-01 1.290704e+00 2.015656e+00 -2.819532e-02 
-2.851703e+00 1.046865e+00 -2.906775e+00 -4.670767e+00 -1.769461e+00 5.489057e+00 8.536035e+00 -2.959656e+00 1.061854e-01 -4.670518e+00 -9.308647e+00 -1.114810e+00 1.583136e-01 6.268883e-02 8.936779e-01 -6.832482e-01 -3.331683e-01 1.291692e+00 9.035214e-01 2.524942e+00 1.207058e+00 -1.259075e+00 -1.403672e+00 1.182120e+00 -1.232822e-01 -1.657966e-02 
6.430569e-01 2.894875e+00 -1.228448e+00 -2.739799e+00 -2.671731e+00 8.573250e+00 1.048786e+01 -1.102510e+00 -1.165676e-01 -5.597192e+00 -3.308184e+00 7.113481e-02 1.528265e-01 -1.234479e-01 -1.638460e-01 -1.296551e+00 3.392006e-01 1.660838e+00 7.946741e-01 1.579545e-01 -9.864549e-02 -6.135617e-01 -7.523671e-01 1.789185e+00 1.075725e+00 -1.064455e-02 
-1.974001e+00 1.928707e+00 -4.482008e+00 -1.176834e+00 5.175795e+00 5.999366e+00 4.592229e+00 -8.012886e+00 -2.248281e+00 -5.206219e+00 -3.161963e+00 1.015005e-01 1.258640e-01 -4.283351e-01 -4.925449e-01 -6.413698e-01 8.040330e-01 2.252682e+00 2.113421e-01 -1.334545e+00 3.185024e-01 -3.685158e-01 -2.848881e-01 2.361315e+00 1.428592e+00 -5.858946e-03 
-2.123763e+00 8.564249e-01 -5.715158e+00 -2.943016e+00 1.845375e+00 4.847001e+00 4.905754e+00 -5.869568e+00 -3.700552e-01 -6.812663e+00 -1.566993e+00 7.609805e+00 1.256325e-01 -1.079105e+00 -1.068769e+00 -8.239272e-01 5.724623e-01 1.708895e+00 -2.276340e-01 -1.437327e+00 1.008798e+00 -3.739514e-01 -1.045825e-01 1.859506e+00 4.829385e-01 4.674083e-03 
-3.609968e+00 -3.966344e-01 -3.870269e+00 -5.489937e-01 7.235397e+00 8.408891e+00 4.654361e+00 1.016385e+00 -1.609650e+00 -5.487223e+00 1.627334e+00 2.258816e+00 1.426159e-01 -8.226487e-01 -1.031259e+00 -5.309958e-02 8.033918e-01 9.329538e-01 5.092846e-01 3.188804e-01 2.613820e+00 1.219689e+00 6.965525e-01 1.496818e+00 1.166157e-01 2.842128e-03 
-3.934483e+00 -1.286301e+00 -5.653954e+00 -1.914080e-01 4.842945e+00 6.230317e+00 3.270157e+00 -5.731571e-01 -2.305640e+00 -5.979602e+00 3.594700e+00 1.407169e+00 1.678210e-01 -3.831894e-01 -2.197330e-01 2.835452e-01 7.577473e-01 1.140393e+00 -3.240875e-01 -1.243564e-01 1.206705e+00 1.142678e+00 9.264123e-01 1.683656e+00 8.303961e-01 -3.220969e-03 
-5.181885e+00 -2.156225e+00 -4.778108e+00 1.464321e+00 8.341780e+00 7.854131e+00 7.004430e+00 2.408009e+00 4.817956e+00 -2.139987e+00 1.741282e+00 3.785897e+00 1.189804e-01 3.569458e-01 1.332863e-01 -6.362845e-01 4.876872e-01 -3.684780e-01 -1.471615e+00 -6.016129e-01 -3.140654e-01 9.026157e-01 -9.965749e-02 1.662557e+00 2.767169e+00 -3.793979e-03 
-3.253752e+00 6.375552e-01 -3.843513e+00 -1.609366e-01 6.994149e+00 3.503944e+00 3.108938e+00 -5.318546e-01 2.129533e+00 -3.854219e+00 6.794313e+00 1.099825e+01 1.213453e-01 4.090793e-01 -3.639926e-01 -3.860896e-01 5.063827e-01 -1.733988e-01 -5.053074e-01 -1.824540e-01 9.529805e-03 7.835631e-01 -1.249401e+00 1.536546e+00 2.557560e+00 -3.178912e-03 
-2.165605e+00 -6.921312e-01 -7.956913e+00 1.874206e+00 4.317405e+00 2.414003e+00 1.726906e+00 -5.745935e-01 6.858420e-01 -7.048202e+00 8.340311e+00 1.129912e+01 1.468838e-01 5.628811e-01 -7.696442e-02 1.580317e-01 1.668759e+00 -1.719742e-01 2.228520e-02 -9.041667e-03 1.203464e-01 -4.467821e-02 -1.295882e+00 4.750384e-01 3.226824e-02 4.354400e-03 
-3.397226e+00 -3.838311e+00 -5.994999e+00 2.135563e+00 5.988138e+00 6.423844e+00 4.996649e+00 9.657931e-01 3.678232e+00 -9.772501e+00 7.977916e+00 1.043836e+01 1.379747e-01 2.237691e-01 -3.254216e-01 4.272084e-02 1.084086e+00 -4.932238e-01 5.650626e-01 1.784393e+00 9.855803e-01 -5.229558e-01 -1.200672e+00 -9.932445e-01 -1.773996e+00 1.559418e-03 
-2.295742e+00 -3.031138e-01 -2.912206e+00 8.659868e+00 7.984914e+00 6.505607e+00 6.015366e+00 2.260917e+00 3.820215e+00 -5.660256e+00 3.524673e+00 4.227181e+00 1.324377e-01 -8.800392e-02 2.550654e-02 5.802754e-01 1.889612e-01 -3.573964e-01 -8.171681e-01 7.893503e-01 4.497939e-01 -3.745177e-01 -9.112566e-01 -1.921755e+00 -1.680854e+00 -3.170007e-03 
-2.069838e+00 -1.184062e+00 -6.152262e+00 1.866665e+00 2.694275e+00 4.283455e+00 9.886675e+00 2.978292e+00 -2.052433e+00 -1.055155e+01 4.235909e+00 5.664233e+00 1.363655e-01 1.870565e-01 6.330396e-01 -1.853763e-01 -2.982759e-01 -4.431950e-01 -1.541153e+00 1.122372e-01 1.015172e+00 -3.233318e-01 -2.621589e-01 -2.144869e+00 -1.377226e+00 -1.961392e-03 
-3.269319e+00 -1.891723e+00 -4.976904e+00 2.953461e+00 4.177354e+00 -6.016424e-01 3.228645e+00 6.681266e-01 1.678586e+00 -1.121496e+01 6.025381e-01 5.281912e+00 1.318384e-01 -4.643440e-04 7.217286e-01 7.107703e-02 -1.149432e+00 -1.841649e-01 -9.892793e-01 -6.778910e-01 3.545098e-01 1.891107e-01 4.808783e-01 -8.939518e-01 -3.888886e-01 -2.522177e-03 
-1.975156e+00 1.211909e-01 -5.889531e+00 3.497386e+00 5.675942e+00 2.271706e+00 6.951196e+00 6.838049e+00 3.132388e+00 -8.305943e+00 -1.285361e+00 3.024865e+00 1.284674e-01 1.916790e-01 1.387080e+00 5.499374e-01 -3.196320e-01 2.054334e-01 -7.627206e-01 -1.380625e+00 -5.823654e-01 1.741053e-01 2.060464e+00 1.718889e-01 -1.636849e+00 -1.243359e-03 
-2.345405e+00 2.652903e+00 -2.688186e+00 2.097349e+00 5.573256e+00 2.565085e+00 4.093651e+00 2.103588e+00 2.173358e+00 -4.378668e+00 1.815549e+00 3.602422e+00 1.237758e-01 2.101833e-01 1.151461e+00 4.731337e-01 -1.019214e-01 -4.953695e-01 8.734707e-01 3.273312e-01 -6.346124e-01 -2.655059e-01 2.650244e+00 2.299892e+00 -4.378620e-01 7.646203e-04 
-1.573400e+00 3.479025e+00 -4.546934e+00 6.965612e-01 3.023491e+00 -1.113511e+00 2.551046e+00 -6.512654e-01 -1.429293e+00 -3.667373e+00 4.488849e+00 -1.680266e+00 1.341799e-01 -2.228775e-02 5.553528e-01 3.126546e-01 -1.666020e-01 -1.571859e-01 7.088483e-01 6.335644e-01 -1.357848e+00 -1.222565e-01 1.310537e+00 2.581036e+00 7.584325e-01 -4.395008e-03 
-2.419280e+00 2.186666e+00 -3.282534e+00 3.844267e+00 3.026732e+00 5.458320e+00 7.065375e+00 1.239722e+00 2.631897e+00 -2.830274e-01 9.214893e+00 5.445168e+00 1.328052e-01 -3.034880e-01 -1.385224e-02 2.930984e-02 -3.067412e-01 -3.177494e-01 -3.902963e-01 1.079966e+00 4.988610e-01 6.275473e-02 8.652430e-01 1.495867e+00 1.435935e+00 -7.627130e-03 
-2.049657e+00 3.131073e+00 -4.029084e+00 1.790917e+00 6.163275e+00 4.369330e+00 8.633155e+00 4.807434e-01 2.291836e+00 -3.801077e+00 7.920147e+00 5.895655e+00 1.019777e-01 -6.247190e-01 -2.337835e-01 -5.327105e-02 -5.418385e-01 2.467266e-01 2.236747e-01 8.234516e-01 3.303141e-01 1.292283e+00 2.497006e-01 -6.304936e-01 1.364335e+00 -1.153818e-02 
-3.624716e+00 2.757617e+00 -2.800562e+00 1.646501e-02 2.414617e+00 -2.127817e+00 6.452425e+00 4.031888e+00 6.265678e-01 1.439840e-02 7.579234e+00 6.994139e+00 1.017413e-01 -5.664851e-01 4.750192e-02 -2.747247e-01 -7.033846e-01 1.208467e-01 -2.815618e-01 -3.407337e-01 -1.082284e-01 4.916460e-01 -3.466229e-01 -1.972620e+00 -2.715481e-01 -3.597784e-03 
-4.094276e+00 2.024632e+00 -5.054276e+00 -9.873003e-02 4.563182e+00 3.797931e+00 6.974780e+00 -3.957782e-01 6.034789e+00 -2.567583e+00 2.154210e+00 4.366925e+00 9.202099e-02 -4.952376e-01 3.465380e-01 -2.969623e-01 4.433805e-01 2.734471e-01 1.512941e+00 -1.508116e-01 -9.725976e-02 2.535741e-01 2.739163e-01 -1.876384e+00 -1.255748e+00 9.246057e-03 
-4.229396e+00 2.977396e+00 -4.143562e+00 1.272168e+00 4.431012e+00 4.336210e+00 6.190894e+00 1.136841e+00 3.218650e+00 -2.632889e+00 2.234763e+00 4.851792e+00 1.197947e-01 -1.326807e-01 6.721755e-01 -3.871788e-01 1.020571e+00 1.017452e+00 2.656377e+00 4.149958e-01 -3.342094e-01 -4.969292e-02 -7.847698e-02 -1.368129e+00 -1.629094e+00 1.220403e-02 
-4.223505e+00 4.753874e+00 -4.842396e+00 3.379969e+00 6.522313e+00 8.702023e+00 8.009862e+00 1.441968e+00 2.263665e+00 -1.107852e+00 1.210462e+00 6.880889e-01 1.391813e-01 -2.525663e-02 7.234961e-01 -2.750739e-02 9.065199e-01 6.009563e-01 1.417400e+00 3.889132e-01 3.980621e-01 -8.497232e-01 4.444499e-01 -2.911797e-01 -1.152138e+00 1.137073e-02 
