-6.320782e+00 3.720876e+00 -2.364179e+00 -1.289672e-01 6.326793e+00 4.363224e+00 1.284014e+01 5.355722e+00 1.149956e+01 2.818578e-01 1.082804e-01 6.732833e+00 -1.240170e-01 8.984469e-01 -9.445879e-01 -2.466933e+00 -7.404353e-01 1.423188e+00 2.131827e-01 -1.787843e+00 -4.840936e+00 -1.045837e+00 1.903646e+00 7.966133e-01 -5.601214e-01 1.401329e-02 
-2.024597e+00 -2.776041e-01 -1.211930e+01 -6.252231e+00 9.430910e+00 3.696959e+00 5.522820e+00 -9.114355e+00 8.312209e+00 6.265648e+00 3.778533e+00 5.451520e+00 -7.950687e-02 3.881408e-01 -2.995475e-01 -6.137447e-01 8.271235e-01 1.145118e+00 -9.805315e-01 -1.990600e+00 -2.806315e+00 -8.303301e-01 1.736336e+00 4.718466e-01 -1.475379e+00 9.659922e-03 
-3.976640e+00 9.971765e-01 -9.821283e+00 -7.695122e-01 1.189067e+01 5.762270e+00 7.559579e+00 -1.161392e+01 7.864053e+00 6.808196e+00 2.256221e+00 4.572883e+00 -7.620561e-02 -3.254742e-01 -5.297259e-01 5.142566e-01 1.898329e+00 1.688285e+00 -8.701988e-01 -1.124451e+00 -4.463485e-01 7.688321e-01 5.411724e-01 -1.716506e-01 -1.734313e+00 -1.057267e-04 
-5.552149e+00 3.584988e+00 -1.704350e+00 4.326923e+00 9.270440e+00 -1.238956e+00 5.527414e+00 -1.910337e-01 9.165665e+00 5.700369e+00 1.393543e+00 4.359136e-01 -9.962308e-02 -5.337875e-01 1.801588e-01 2.521983e+00 1.789272e+00 5.938419e-01 8.423605e-02 -9.258817e-01 2.723915e+00 2.087450e+00 -1.093448e+00 -1.445554e+00 -7.784502e-01 -6.789994e-03 
-6.184377e+00 -8.590494e-01 -5.000372e+00 4.073102e+00 1.484845e+01 2.480188e+00 7.215584e+00 -1.337681e+00 1.491699e+01 3.270360e+00 4.425224e-01 5.690699e-01 -1.144875e-01 3.164457e-01 6.430157e-01 1.281554e+00 3.682819e-01 -1.258240e+00 9.056228e-01 3.091974e-02 2.374145e+00 -5.003524e-02 -3.002011e+00 -2.326706e+00 -1.048076e+00 -1.988792e-03 
-3.589666e+00 1.551303e+00 -1.919843e+00 2.728210e-01 1.092123e+01 5.759180e+00 1.065409e+00 -6.328975e-01 1.522299e+01 2.567324e+00 -2.542388e+00 3.561175e+00 -9.431589e-02 8.700736e-01 6.607204e-01 -2.064752e-01 -1.148656e+00 -2.400701e+00 8.502256e-01 8.545286e-01 2.444813e-02 -2.912216e+00 -3.428410e+00 -2.658678e+00 5.933318e-02 5.905437e-03 
-3.375652e+00 5.229097e+00 -3.305767e+00 3.098948e+00 4.774080e+00 6.791316e+00 9.945181e+00 4.777402e-01 4.585216e+00 -6.635335e+00 -7.409345e+00 -2.230126e+00 -8.880317e-02 1.176093e+00 1.318255e+00 5.655597e-01 -5.495564e-01 -2.724143e+00 -5.929574e-01 2.120279e+00 5.115293e-01 -3.990703e+00 -2.103903e+00 -1.554375e+00 -8.792561e-01 2.621985e-03 
-2.606143e+00 3.844517e+00 -3.584029e+00 -9.292777e-01 2.304123e+00 8.566082e-01 8.435259e+00 -9.765033e-01 -2.295265e-01 -6.488832e+00 -7.973912e+00 2.132177e+00 -8.293808e-02 7.757280e-01 6.352482e-01 8.065687e-01 -1.157512e-01 -1.015672e+00 -1.578395e+00 2.998482e+00 9.702063e-01 -2.656569e+00 -1.030512e+00 -6.040866e-01 -1.455666e+00 -1.138608e-02 
-7.956753e-01 4.585616e+00 -1.340481e+00 1.926369e+00 5.536291e+00 1.966687e+00 1.413205e+01 1.391769e+00 2.689737e+00 -2.721076e+00 -4.613592e+00 -3.112712e+00 -1.070665e-01 -8.745737e-02 1.545469e-01 8.053883e-01 -4.241714e-01 -2.057027e-01 -1.395046e+00 6.180956e-01 -1.410871e-02 2.474903e-01 1.252823e+00 9.475411e-01 2.397216e-01 -6.246316e-03 
-1.001015e+00 5.049284e+00 1.130358e+00 2.803546e-01 5.461761e+00 2.795174e-01 1.396438e+01 3.761120e+00 2.887881e+00 -4.542366e+00 -6.960697e+00 -3.275860e+00 -1.421146e-01 -4.409956e-01 4.384669e-01 1.361776e-01 1.080875e-01 1.598575e-01 2.812321e-01 -9.875119e-02 1.177856e-01 2.149346e+00 1.050277e+00 1.283168e+00 9.171292e-01 -4.115689e-03 
-4.615503e+00 5.399448e+00 -1.636019e+00 3.732750e-01 2.166748e+00 1.046312e-01 1.027110e+01 -1.961615e+00 4.263963e+00 -1.344453e+00 -3.178247e+00 1.672501e+00 -9.044647e-02 -8.967329e-01 1.398849e-01 -3.109476e-01 -2.683636e-01 -2.918560e-01 -8.213032e-01 -2.768157e+00 -1.543897e+00 1.863296e+00 7.019957e-01 4.822300e-01 1.360403e+00 -1.764953e-03 
-2.901207e+00 5.629935e+00 -2.755372e+00 3.877068e-01 4.788182e+00 3.193796e+00 9.871980e+00 1.289116e+00 9.730089e+00 -1.925757e+00 -2.275746e+00 4.325216e+00 -1.118265e-01 -7.760913e-01 -3.847050e-01 -1.067792e+00 3.413482e-02 6.979471e-01 1.648141e-01 -2.701994e+00 -9.942714e-01 2.080224e+00 1.986816e+00 1.937003e+00 1.532195e+00 2.904415e-04 
-4.329244e+00 4.994715e+00 -9.523540e-01 5.308747e-01 4.413801e+00 -3.596969e+00 2.337466e+00 -5.091716e+00 8.585110e+00 -5.194020e-01 -4.544918e+00 -1.112356e-01 -1.310353e-01 -2.828213e-01 -6.545442e-01 -8.545767e-01 -4.216930e-02 8.062592e-01 2.111411e-01 -1.213667e+00 -6.929734e-01 1.411915e+00 2.308559e+00 1.453182e+00 1.629147e+00 -5.098736e-03 
-5.024601e+00 3.328126e+00 -4.550436e+00 3.722288e-01 7.827970e+00 2.954388e+00 4.421225e+00 3.548133e-01 1.112843e+01 4.979191e+00 3.407655e+00 5.276985e+00 -1.203680e-01 -6.395213e-01 -1.095647e+00 -6.982940e-01 2.163469e-01 5.759754e-01 2.327102e-01 -7.370958e-02 -6.337913e-01 5.393639e-01 2.207456e+00 1.786281e+00 2.168265e+00 -3.974545e-03 
-4.967913e+00 3.277631e+00 -5.011370e+00 1.701675e-01 4.678150e+00 1.280041e+00 6.928139e+00 -4.959331e+00 1.062437e+01 6.745868e+00 1.245961e+00 9.342350e+00 -1.116694e-01 -3.530290e-01 -1.107217e+00 -1.052667e+00 -1.359614e-01 2.108826e-01 1.320153e+00 9.477838e-01 8.983986e-01 -8.127397e-01 2.110408e-01 4.412298e-01 1.810234e+00 1.252246e-03 
-5.779479e+00 1.010243e+00 -4.217334e+00 1.649795e+00 7.535884e+00 1.918843e+00 7.208096e+00 -1.946033e+00 1.140728e+01 5.478890e+00 3.760220e+00 1.043975e+01 -1.413822e-01 -6.804153e-01 -6.792053e-01 2.722948e-01 -6.271155e-01 -5.147730e-01 -1.431129e+00 -5.575258e-01 5.117279e-01 -8.832809e-01 -9.398162e-01 -2.310932e-01 -1.380871e-01 -6.444693e-03 
-5.716949e+00 6.175745e-01 -6.382238e+00 -7.877153e-01 5.614257e+00 3.521569e+00 5.682950e+00 5.507004e-01 4.381986e+00 2.859523e-01 -2.515051e+00 6.358553e+00 -1.142670e-01 -6.965675e-01 -2.400432e-01 6.612909e-01 -3.484598e-01 -5.166185e-01 -6.604524e-01 -3.869356e-01 1.458397e+00 -4.074035e-02 -9.308621e-01 7.326545e-01 -1.141712e+00 -5.278456e-03 
-8.052159e+00 1.262128e+00 -2.503529e+00 -2.284408e+00 4.786052e+00 -5.322021e+00 2.256191e+00 1.584378e-01 9.833216e+00 3.510068e+00 4.132695e+00 6.078448e+00 -1.512927e-01 -3.905932e-01 1.918288e-01 1.151029e+00 1.216681e-01 -5.338976e-01 -9.128809e-01 4.574247e-01 4.219812e-01 -1.815100e-02 2.397098e-01 7.520631e-01 -1.124734e-01 -3.572833e-03 
-7.314410e+00 1.951473e+00 -2.561818e+00 3.949694e-01 3.469974e+00 1.598211e+00 7.469413e+00 1.280418e+00 1.120770e+01 3.075969e+00 4.722996e+00 5.814441e+00 -1.331065e-01 -4.222878e-01 -1.617192e-01 1.290583e+00 3.419857e-01 -1.913333e-01 -8.041865e-01 9.342415e-01 3.248737e-01 6.667694e-01 1.252748e+00 4.718715e-01 -1.882348e-02 -7.258534e-03 
-6.933715e+00 1.302437e+00 -3.724009e-01 1.666793e+00 5.938538e+00 -1.683883e+00 8.601987e+00 -2.009864e-01 7.903667e+00 5.282431e+00 3.901512e+00 1.014944e+01 -1.498266e-01 6.273602e-01 -1.699127e+00 1.942659e+00 5.702220e-01 -6.787547e-01 -1.297970e+00 1.681187e+00 -9.339348e-02 -7.797715e-01 1.218529e+00 -1.991390e+00 -1.006900e+00 1.312030e-01 
-8.387610e+00 -2.111763e-01 -9.948871e-01 -1.053387e+00 4.081347e+00 -2.318432e+00 7.181259e+00 2.354781e+00 8.680607e+00 5.663511e+00 -4.010165e-02 4.228940e+00 -1.512927e-01 2.891546e-01 -1.802396e+00 1.812003e+00 3.893515e-01 -8.985154e-01 -2.385675e+00 1.203966e+00 -3.764465e-01 -7.832932e-01 1.094795e+00 -1.102150e+00 -1.080860e+00 2.538761e-01 
-4.378758e+00 -6.152183e+00 6.426302e+00 1.290881e+00 1.086591e+00 -9.853549e+00 1.080620e+01 -8.457109e-01 7.197905e+00 8.308943e+00 -3.442708e+00 1.836696e+00 5.138152e-01 -6.181688e-01 -2.913880e-01 1.056125e+00 -3.928604e-01 -3.652197e-01 -8.172844e-01 1.429010e+00 2.985408e-01 -2.758155e-01 -5.399395e-01 -6.281132e-01 -9.016032e-01 2.848305e-01 
-7.146115e+00 -3.333200e+00 3.098846e+00 2.529683e+00 1.403370e+00 -6.245331e+00 1.238714e+01 -2.794519e-01 7.644114e+00 7.036691e+00 2.884355e+00 4.566511e+00 8.044531e-01 -5.634701e-01 5.405570e-01 -3.945365e-02 -4.972748e-01 4.348895e-01 -2.852778e-01 1.630928e+00 5.688902e-01 -1.030860e+00 -1.785148e+00 8.192730e-01 2.650275e-01 2.002613e-01 
-1.064531e+01 1.406509e+00 2.861360e+00 -2.089044e+00 5.451428e+00 -3.806855e+00 1.314410e+01 2.608834e+00 7.042836e+00 1.896143e+00 -7.012827e-01 5.472637e+00 7.964530e-01 -7.441509e-01 3.964787e-01 -1.517575e+00 -2.039712e+00 -5.913315e-01 -9.561802e-01 4.507894e-01 4.754118e-01 -2.384764e+00 -1.853240e+00 1.465171e+00 7.368681e-01 1.107109e-02 
-8.071687e+00 -1.287737e+00 5.903159e-01 -1.849799e+00 4.073376e+00 -6.768167e+00 1.416695e+01 3.471959e+00 3.603840e+00 -5.582809e-02 2.685550e+00 3.736107e+00 7.086949e-01 1.911888e+00 1.916919e-01 1.035225e+00 -1.183842e+00 -1.521329e+00 -1.423427e+00 -1.388283e+00 -8.225206e-01 -4.816437e+00 -2.072229e+00 -1.625126e+00 -1.392243e+00 -6.587843e-02 
-7.636727e+00 -5.192521e+00 9.269547e-02 -6.717940e+00 -3.205070e+00 -1.437303e+01 1.217024e+01 -3.443574e-01 -2.705780e+00 2.589001e+00 3.982550e+00 5.936238e+00 6.170497e-01 4.503346e+00 -1.758303e+00 2.368679e+00 -7.634132e-01 -4.939260e+00 -1.817927e+00 -4.643318e+00 -9.223412e-01 -5.540130e+00 -2.435084e+00 -2.188204e+00 -3.894346e+00 -1.842569e-02 
9.090376e-01 9.247748e-01 9.659302e+00 -1.075077e+00 -1.875024e+00 -8.079376e+00 5.932652e+00 -2.915459e+00 -1.156376e+01 -3.670881e+00 -7.583191e+00 -2.626506e+00 5.647626e-01 4.423441e+00 -2.480227e+00 3.229793e+00 -8.061098e-01 -5.406161e+00 -1.396984e-01 -6.407965e+00 6.357551e-03 -4.946081e+00 -2.288890e+00 -1.957158e+00 -3.796890e+00 5.743802e-02 
7.381064e+00 -8.491261e+00 1.017026e+01 -6.293471e+00 -1.627067e+01 -1.224089e+01 -5.955339e+00 1.190837e+00 -1.307401e+01 -8.471750e+00 -6.507932e+00 -1.081778e+01 7.762907e-01 3.729602e+00 -3.080989e+00 1.667715e+00 -1.303193e-01 -4.939219e+00 6.010691e-01 -7.068890e+00 7.270619e-01 -3.324637e+00 -2.790870e+00 -4.525856e-01 -3.435304e+00 9.831744e-02 
6.536625e+00 -1.203950e+01 1.170050e+01 -6.092582e+00 -1.642463e+01 -8.532732e+00 -8.810083e+00 2.736150e+00 -1.594245e+01 -5.969902e+00 -1.854998e+00 -6.871329e+00 9.162645e-01 2.041421e+00 -3.271716e+00 3.301136e-01 1.977403e-02 -3.381055e+00 9.425036e-01 -4.594779e+00 2.042217e+00 -1.101240e-01 4.866567e-02 3.098848e+00 -1.165802e-01 8.956750e-02 
8.197491e+00 -1.411533e+01 7.410673e+00 -4.860785e+00 -2.062636e+01 -1.114101e+01 -1.580284e+01 4.651476e-01 -1.713962e+01 -1.021584e+01 -1.144475e+00 -9.117869e+00 9.328859e-01 8.884966e-01 -1.141119e+00 6.911817e-01 1.018053e+00 -4.344217e-01 1.396750e+00 -2.407870e+00 1.365733e+00 6.390171e-01 1.456163e+00 2.452623e+00 1.798597e+00 3.689206e-02 
1.070793e+01 -1.262177e+01 1.268966e+01 -1.692550e+00 -1.660246e+01 -3.916797e+00 -1.211749e+01 7.658468e+00 -1.008158e+01 -2.555508e+00 5.229320e+00 -4.059364e+00 9.343025e-01 5.506133e-01 -5.244390e-01 8.452210e-01 8.845342e-01 -3.050560e-01 4.949570e-04 -2.263600e+00 8.605582e-01 7.991158e-01 1.441232e+00 1.503889e+00 1.378672e+00 1.242439e-02 
9.737895e+00 -1.390572e+01 1.313159e+01 -3.403221e+00 -1.835387e+01 -7.565104e+00 -1.634099e+01 5.558345e+00 -1.280936e+01 -2.898132e+00 2.213027e+00 -3.230782e+00 9.517320e-01 -2.418287e-01 -3.197306e-01 1.506326e+00 3.251656e-01 1.638296e-01 1.530980e-01 -1.524976e+00 6.264964e-01 2.790199e-01 1.814660e+00 1.152477e+00 2.138522e+00 1.435640e-02 
8.519489e+00 -1.476650e+01 1.306615e+01 -2.398693e+00 -1.908615e+01 -1.031821e+01 -1.985901e+01 4.492342e+00 -1.411200e+01 -2.422594e+00 3.985695e+00 -2.921515e+00 9.689634e-01 -7.838460e-01 -7.608081e-01 8.983822e-02 -3.195036e-01 -9.211537e-01 -3.362386e-01 -2.179675e+00 -1.107233e-01 -1.144161e+00 -3.403586e-01 3.080420e-01 1.006634e+00 1.642679e-02 
8.082567e+00 -1.464162e+01 1.475406e+01 -2.881885e+00 -1.856536e+01 -7.174812e+00 -1.955696e+01 5.180693e+00 -1.372931e+01 -1.208997e+00 5.239722e+00 1.005817e+00 9.873375e-01 -6.737035e-01 -1.625336e-01 -3.060840e-01 3.027789e-01 -3.717037e-01 1.092422e+00 -7.088436e-01 1.613071e+00 5.258923e-02 -9.228260e-01 5.933512e-01 1.049126e+00 1.262062e-02 
7.616363e+00 -1.605786e+01 1.232762e+01 -3.550736e+00 -2.110248e+01 -5.793136e+00 -2.140788e+01 7.293677e+00 -1.534241e+01 -5.101869e+00 5.256182e+00 -1.144496e+00 9.986337e-01 -4.865984e-01 3.552645e-01 -6.002442e-01 5.774935e-01 -1.623352e-01 2.227889e+00 -2.254555e-01 2.658139e+00 6.901625e-01 -1.471931e+00 -7.574606e-02 5.594969e-01 2.582622e-03 
6.820941e+00 -1.407271e+01 1.197043e+01 -1.313305e+00 -1.920422e+01 -4.365529e+00 -1.911077e+01 1.222303e+01 -1.193121e+01 -6.172625e+00 4.544539e+00 1.126337e+00 1.000000e+00 -5.149441e-01 7.203891e-01 -1.108677e+00 7.647696e-01 -5.892944e-02 1.706514e+00 -1.258781e-01 2.117867e+00 7.628599e-01 -1.708436e+00 -6.546425e-01 -7.258922e-01 -9.947777e-03 
6.717311e+00 -1.327464e+01 1.145674e+01 -2.955150e-01 -1.957840e+01 -5.834093e-01 -2.120938e+01 1.426187e+01 -1.156024e+01 -7.300434e+00 3.954556e+00 -1.842904e-01 9.755453e-01 -4.557179e-01 9.020053e-01 -9.761945e-01 7.601140e-01 3.644547e-01 1.354802e+00 -1.340160e-02 1.211832e+00 3.325815e-01 -1.157569e+00 -5.872248e-01 -1.124667e+00 -1.863136e-02 
5.957373e+00 -1.243129e+01 9.646114e+00 -6.856480e-01 -1.962205e+01 -1.247104e+00 -2.028560e+01 1.228593e+01 -1.180610e+01 -8.651892e+00 2.617322e+00 -3.103746e+00 9.491428e-01 -2.112548e-01 4.933941e-01 -9.389892e-01 3.053521e-01 4.727810e-01 6.471108e-01 -1.046102e-01 2.168150e-02 -4.572773e-01 -9.496015e-01 -4.029289e-01 -1.848640e+00 -2.106020e-02 
5.769557e+00 -1.236855e+01 8.608805e+00 -6.399536e-02 -1.907129e+01 -5.783365e-01 -2.088747e+01 1.332139e+01 -1.374206e+01 -9.650080e+00 3.283666e+00 -4.652791e+00 9.309055e-01 4.218318e-02 6.695508e-01 -7.430683e-01 5.173681e-01 9.131225e-01 7.670180e-02 2.123537e-01 7.542248e-02 3.640042e-02 -6.515929e-01 -3.184329e-01 -1.340364e+00 -1.986927e-02 
6.238544e+00 -1.205878e+01 8.699453e+00 9.769535e-02 -1.709387e+01 -1.132512e+00 -1.979478e+01 1.280168e+01 -1.312669e+01 -9.745810e+00 2.865340e+00 -5.882615e+00 9.170189e-01 4.351936e-01 7.668568e-01 -3.149885e-01 8.228312e-01 1.246087e+00 1.879664e-01 -8.166790e-02 4.542867e-01 7.547604e-01 -2.693509e-01 -2.026693e-01 -9.110070e-01 -2.086847e-02 
6.787642e+00 -1.011313e+01 8.214729e+00 1.899654e+00 -1.627687e+01 -2.571963e-01 -2.039303e+01 1.438111e+01 -1.071794e+01 -1.001144e+01 2.238383e+00 -5.496675e+00 8.922609e-01 5.345702e-01 8.760737e-01 -2.875982e-01 8.774381e-01 1.403298e+00 -5.585742e-02 -2.980810e-01 -1.708612e-01 1.420588e+00 6.537504e-02 -6.008722e-01 -6.246911e-01 -2.437747e-02 
7.624299e+00 -9.724709e+00 8.268209e+00 2.446683e+00 -1.478882e+01 -4.678416e-01 -2.094116e+01 1.402751e+01 -9.544354e+00 -9.817966e+00 2.126617e+00 -7.236839e+00 8.641227e-01 4.583534e-01 9.491650e-01 -7.374333e-01 1.060956e+00 1.247700e+00 -4.964157e-02 -1.111301e+00 -6.694373e-01 1.444853e+00 4.740599e-01 -4.337300e-01 -7.756424e-01 -2.970220e-02 
7.749531e+00 -9.155213e+00 7.386435e+00 3.148701e+00 -1.320733e+01 -1.189959e+00 -2.180469e+01 1.185417e+01 -8.430282e+00 -9.287127e+00 6.486663e-01 -7.099134e+00 8.354663e-01 5.188544e-01 6.105346e-01 -6.868848e-01 6.290265e-01 1.782161e+00 -3.568975e-01 -1.506843e+00 -1.599435e+00 1.287977e+00 1.007804e+00 1.123166e-02 -1.181033e+00 -3.282663e-02 
8.049366e+00 -7.791916e+00 5.426433e+00 4.777953e+00 -1.239014e+01 -9.143384e-01 -2.464545e+01 1.071796e+01 -7.046251e+00 -7.737667e+00 1.491548e+00 -8.959598e+00 7.969052e-01 7.908048e-01 9.416708e-01 -8.570814e-01 4.052928e-01 2.275090e+00 -8.147892e-01 -1.204353e+00 -2.069620e+00 1.645231e+00 1.775505e+00 3.130414e-01 -7.798682e-01 -4.272459e-02 
9.169379e+00 -8.026857e+00 6.201193e+00 3.879152e+00 -8.565408e+00 -1.818436e+00 -2.607509e+01 8.038703e+00 -5.527109e+00 -6.012572e+00 2.612076e+00 -1.054046e+01 7.617365e-01 1.073472e+00 2.808221e+00 -1.351733e+00 -8.743711e-02 2.182717e+00 -1.535132e+00 -3.299709e-01 -2.754267e+00 1.085693e+00 2.839277e+00 1.016554e+00 1.294804e-02 -5.418492e-02 
1.086840e+01 -5.580533e+00 4.575423e+00 4.107922e+00 -5.734333e+00 -4.227549e+00 -2.482772e+01 5.587138e+00 -2.769784e+00 -2.577718e+00 2.710120e+00 -9.415517e+00 6.873647e-01 5.175167e-01 2.676959e+00 -1.334767e+00 -3.444183e-01 1.732764e+00 -2.204939e-01 1.437263e-02 -2.870476e+00 3.131832e-01 2.907061e+00 1.095054e+00 -4.056464e-01 -5.688947e-02 
1.170737e+01 3.780202e+00 1.053276e+00 3.046531e+00 -5.621650e+00 -7.209015e+00 -2.336341e+01 6.482399e-01 -5.140049e+00 2.329283e+00 5.122149e+00 -6.806435e+00 6.193119e-01 -4.674694e-01 2.835493e+00 -1.427836e+00 -3.862239e-01 1.339662e+00 -1.528893e-01 -2.673557e-01 -3.507502e+00 -1.009103e+00 2.612582e+00 5.021631e-01 -1.225442e+00 -7.612135e-02 
9.367952e+00 -3.106502e-01 1.326557e+00 3.472172e+00 -5.198204e+00 6.784819e-01 -2.592943e+01 6.081295e-02 -5.673865e+00 2.626710e+00 5.711784e+00 -1.285484e+01 5.836701e-01 7.406688e-02 1.277737e+00 -1.207101e+00 -1.194858e+00 1.563615e+00 1.085729e+00 7.572739e-01 -4.600539e+00 -1.450173e+00 8.949364e-01 -1.066854e-01 -1.711161e+00 -5.037393e-02 
7.582255e+00 3.515666e+00 6.864482e-01 2.265907e+00 -2.135164e+00 -5.035897e+00 -2.686102e+01 -6.735642e+00 -9.120585e+00 4.448123e+00 3.622059e+00 -1.494801e+01 4.329771e-01 4.750233e-02 9.160925e-01 -7.806991e-01 -5.576859e-01 2.489954e+00 1.126352e+00 1.704962e+00 -4.588601e+00 -5.698679e-01 1.296614e+00 9.796228e-02 -4.480641e-01 -6.116008e-02 
1.330129e+01 9.404200e-01 -1.276669e+00 -1.476056e+00 3.405008e-01 1.145391e-01 -1.929255e+01 -1.372361e+01 -8.030381e+00 8.375444e-01 2.926737e+00 -1.390054e+01 5.286624e-01 3.142800e-01 4.044522e+00 -1.564206e+00 2.121808e-01 2.603866e+00 1.378357e+00 4.741232e+00 -3.125329e+00 -1.068060e+00 8.719931e-02 -2.024323e+00 1.569025e+00 -4.217850e-02 
9.978215e+00 7.735130e+00 -1.548606e+00 2.732215e+00 4.058767e+00 -1.295284e+00 -1.815704e+01 -1.540255e+01 -6.811131e+00 9.706936e+00 7.004484e+00 -8.523909e+00 3.410154e-01 -3.930836e-02 4.328627e+00 -1.886345e+00 3.478591e-01 9.655906e-01 2.650015e+00 4.534287e+00 -1.453845e+00 -1.099638e+00 -2.654670e-01 -1.745174e+00 2.170582e+00 -2.024142e-02 
9.741373e+00 1.780223e+01 -5.376947e+00 4.299922e+00 4.724161e+00 5.699961e+00 -6.575264e+00 -1.123238e+01 -1.216889e+01 4.333000e-01 -6.101043e+00 -8.221767e+00 4.187585e-01 -1.249059e+00 2.081956e+00 -2.562272e+00 8.693109e-01 1.637956e+00 8.002239e-01 1.777011e+00 -6.581202e-01 1.429904e-01 2.261456e-01 -1.724232e-01 3.571193e+00 -5.066478e-02 
9.165672e+00 1.672790e+01 -6.695140e+00 1.117214e+00 5.009584e-01 5.421465e+00 -1.054822e+01 -1.525049e+01 -1.254952e+01 3.322910e+00 -5.899227e-01 -6.934484e+00 3.867220e-01 -2.126342e+00 -3.547546e+00 -1.500711e+00 -1.800260e+00 1.529037e+00 -7.302575e-01 3.477544e+00 9.444907e-01 1.833886e+00 6.072360e-01 3.580120e-01 2.958210e+00 -3.782334e-02 
7.462265e+00 6.853817e+00 -1.151476e+01 3.677999e+00 1.030919e+01 7.572840e-01 -1.421190e+01 -1.709025e+01 -4.446235e+00 5.160285e+00 5.861825e+00 3.160718e+00 2.524853e-01 -3.097229e+00 -5.943660e+00 -8.331407e-01 -2.746726e+00 1.432339e+00 -6.717092e-01 4.275925e+00 2.423781e+00 2.531768e+00 3.099335e+00 1.408936e+00 2.016418e+00 -4.652876e-02 
4.860582e-01 -4.528396e+00 -5.983253e+00 -5.958122e+00 8.911439e+00 -2.475233e+00 3.049000e+00 -7.751165e+00 -1.503031e+00 1.037962e+01 2.813110e+00 5.758965e-01 2.350353e-01 -3.112312e+00 -3.608327e+00 -8.494741e-01 -1.060552e+00 -4.134249e-01 1.685679e+00 7.350275e+00 4.583481e+00 1.745377e+00 2.031152e+00 -1.188767e+00 4.651772e-01 -2.242436e-02 
-1.404967e+00 -1.287925e+00 -9.898594e+00 -5.896040e+00 7.680615e+00 6.289763e+00 8.005747e+00 -2.863134e+00 -5.033297e+00 1.240162e+01 -7.578791e-01 -1.894866e+00 2.619580e-01 -1.190847e+00 -1.534015e+00 -7.237082e-01 -3.296342e-01 -3.175907e+00 2.717795e+00 7.213599e+00 2.606040e+00 -3.595205e-01 -1.042102e+00 -2.344666e+00 -1.498245e+00 -2.965526e-02 
-1.962270e+00 2.757131e+00 -1.175059e+01 6.014737e-01 -2.518806e-01 1.108362e+01 1.509432e+01 5.533643e-01 -3.529102e+00 9.858002e+00 -3.223907e+00 -2.080806e+00 2.698638e-01 7.882586e-01 4.687271e-02 -8.539052e-01 1.207027e+00 -2.581545e+00 2.533696e+00 3.545793e+00 -7.478485e-02 -1.131049e+00 -4.151116e+00 -1.842442e+00 -1.718301e+00 -5.090807e-02 
2.732194e+00 -4.459023e+00 -1.224963e+01 -1.249970e+00 -9.886866e-01 7.566831e+00 1.583343e+01 -8.212314e+00 -5.230802e+00 2.105855e-01 -2.842994e+00 -3.002153e+00 8.679473e-02 6.880605e-01 -3.249516e-01 -1.167298e-01 5.244008e-01 -1.615286e+00 8.848675e-01 9.738763e-01 -1.724449e+00 -1.387095e+00 -3.627211e+00 -3.477883e-03 1.190722e+00 -4.600900e-02 
2.358770e+00 -2.708483e+00 -9.077259e+00 -2.246022e+00 3.383656e-01 9.554714e+00 1.686412e+01 -5.450500e+00 -7.059522e+00 -4.280440e+00 -5.356544e+00 -7.461967e+00 6.807661e-02 1.559979e-01 -2.872724e-01 1.720548e-01 -1.945280e+00 1.199911e+00 6.908115e-01 3.904315e-01 -1.085203e+00 -5.326301e-01 -2.707717e+00 7.097252e-02 2.681507e+00 -4.463311e-02 
-1.251850e-01 -1.798755e-01 -1.181891e+01 -1.850289e+00 -6.909361e-01 1.147855e+01 1.199023e+01 -8.483448e+00 -1.020356e+01 1.334783e+00 2.910498e-01 6.749327e+00 1.328066e-01 -1.100160e+00 1.177047e+00 4.241114e-01 -1.173364e+00 1.887514e+00 -1.789064e-01 -6.735739e-01 3.639142e-01 1.166384e+00 -3.650895e-01 7.484806e-01 2.986222e+00 -2.937189e-02 
2.464094e-01 -8.188046e-01 -1.110568e+01 -8.824767e+00 5.598797e+00 1.258182e+01 1.896808e+01 -4.737085e+00 -3.705873e+00 -4.242681e+00 -4.436067e+00 6.450986e+00 2.369231e-02 -6.760834e-01 1.195646e+00 3.958124e-01 -1.863373e-01 1.468083e+00 -2.785598e+00 -1.714704e+00 8.764043e-02 1.539025e+00 -7.199701e-01 7.498911e-01 1.493550e+00 -5.346802e-02 
-1.712423e+00 4.813749e-01 -9.114864e+00 -3.827417e+00 5.818671e+00 5.158749e+00 1.141358e+01 -6.749450e+00 -1.075707e+00 -1.633741e+00 4.391699e-01 4.972480e+00 -3.787255e-02 3.896809e-03 1.438283e+00 8.083855e-01 8.590464e-02 5.657629e-01 -2.958712e+00 -2.208230e+00 -1.686721e-01 1.157735e+00 -1.608104e+00 -8.037963e-01 -2.084338e+00 -5.990314e-02 
-2.280273e-01 2.939122e+00 -8.450220e+00 -2.189144e+00 4.423978e+00 -1.213373e+00 8.578928e+00 -5.879296e+00 -3.928325e+00 -6.396028e+00 -1.681149e+00 8.942068e-01 -1.139239e-01 -6.366118e-01 1.925348e+00 1.439959e+00 1.433243e+00 -1.230066e+00 -2.257763e+00 -2.978086e+00 1.830816e-01 3.518314e-01 -8.599890e-01 5.148898e-01 -5.701838e-01 -2.075539e-02 
1.315174e-01 5.132578e+00 -9.104714e+00 -4.738577e+00 2.725287e+00 3.582586e+00 6.143654e+00 -8.755703e+00 -4.303662e+00 -5.629066e+00 -5.105391e+00 -8.939714e-01 -9.790099e-02 -2.236727e+00 1.830371e+00 1.850357e+00 8.545521e-01 -1.525960e+00 3.438992e-01 -8.423426e-01 9.940411e-01 5.365639e-01 -7.125303e-01 5.116652e-01 -3.920005e-01 5.901927e-02 
-3.858620e+00 6.482335e+00 -3.910963e+00 -1.202971e+00 9.951611e-01 2.081083e+00 6.712614e+00 -2.818550e+00 -3.327379e-01 -6.544964e+00 9.106625e-01 6.533293e+00 -5.007041e-02 -2.264135e+00 7.509636e-01 1.747149e+00 9.464269e-01 -5.272805e-01 1.725455e+00 8.105289e-01 2.330184e+00 2.986248e+00 5.857177e-01 1.037339e+00 1.111898e+00 4.943003e-02 
-1.108076e+01 7.861622e+00 -2.132707e+00 -4.774278e-02 -9.671879e-02 5.231016e+00 8.135026e+00 -3.309618e+00 -1.906815e-01 -5.121925e+00 1.701590e+00 1.929338e-01 2.252970e-01 -1.177843e+00 -1.040409e-01 1.694092e+00 1.920504e+00 8.846008e-01 -1.988935e-01 1.510178e-01 2.233512e+00 3.462242e+00 2.122632e+00 1.692009e-01 1.474509e+00 -3.105581e-03 
-5.942562e+00 5.329418e+00 -3.200480e+00 1.975734e-01 3.198579e+00 6.589685e+00 1.163589e+01 3.048580e+00 8.946424e+00 -3.721010e+00 1.020569e-01 5.910243e+00 -2.837276e-02 1.551610e-01 -9.035084e-01 8.837525e-01 1.142542e+00 1.636502e+00 -1.093666e+00 -2.434766e-01 1.936305e+00 3.127637e+00 2.482048e+00 -1.519977e+00 -5.603452e-02 -5.475675e-02 
-4.715727e+00 5.188832e+00 -9.894949e-01 4.163671e+00 6.046582e+00 3.338174e-01 4.437107e+00 -5.217071e-01 8.367966e+00 3.572119e+00 -3.855083e+00 6.790100e+00 -1.242777e-01 9.872996e-01 -7.490011e-01 1.417555e-01 1.759549e-01 6.535085e-01 -1.797658e+00 -8.852243e-01 8.944496e-01 1.604997e+00 2.387838e+00 -8.383818e-01 5.897592e-01 -7.110574e-02 
-6.265333e+00 3.301188e+00 -6.380594e-02 2.404029e+00 6.106021e+00 -9.386485e-01 7.344191e+00 5.469019e+00 1.102612e+01 1.518251e+00 -3.910887e+00 2.954537e+00 -1.490668e-01 -1.703137e-01 -6.477450e-01 1.851766e-01 -3.939055e-01 -4.653081e-01 -1.125398e+00 -7.004613e-01 -6.351797e-01 4.134517e-01 1.884405e+00 -5.405326e-02 -1.034949e+00 -1.565185e-02 
-5.982881e+00 5.130731e+00 -2.992266e+00 -2.711961e-01 1.717103e+00 6.894827e-03 5.854752e+00 -4.758953e-02 6.794455e+00 4.197637e+00 -4.838462e-01 4.619583e+00 -6.988466e-02 1.373130e-01 -3.965275e-01 -3.077402e-01 -1.538756e+00 -9.176839e-01 5.670086e-01 3.902027e-01 -3.214471e-01 -5.827072e-01 3.481657e-01 7.321099e-01 -7.306780e-01 -1.581574e-03 
-6.160554e+00 2.119743e+00 -1.273211e+00 4.454796e-01 3.036778e+00 1.126158e+00 7.424757e+00 -3.643775e-01 1.180044e+01 5.388258e+00 -1.853828e+00 1.820756e+00 -1.338285e-01 3.688534e-01 1.826006e-01 -3.120198e-01 -9.941955e-01 -4.714074e-01 -5.697606e-02 -1.029423e+00 -9.462708e-01 -8.052181e-01 -1.403979e+00 -9.239209e-03 8.347424e-01 -4.027820e-03 
-4.081552e+00 3.796917e+00 -1.923493e+00 -2.550831e+00 2.992785e+00 2.136457e+00 6.347837e+00 7.877558e-01 5.067271e+00 3.377944e+00 -1.223063e+00 3.703601e+00 -1.398047e-01 1.822135e-01 4.809290e-01 5.768312e-01 6.584265e-01 1.029712e+00 -5.735636e-01 -9.173167e-01 -1.291509e-01 -1.468058e-01 -1.287987e+00 -7.085434e-01 1.316820e-01 -7.065547e-03 
-5.371731e+00 4.881098e+00 -2.158291e+00 -1.427130e+00 3.111143e+00 -2.288310e+00 1.950533e+00 3.199923e-01 7.863623e+00 -5.091799e+00 -3.587475e+00 7.586240e+00 -1.342459e-01 1.888476e-01 7.040598e-01 2.963758e-01 1.117654e+00 1.287496e+00 -1.078499e+00 -2.865606e-01 -3.644772e-01 -1.055115e+00 -8.133419e-01 -1.204940e-01 -1.528694e-01 2.728629e-03 
-5.466225e+00 6.154698e+00 3.344295e-01 3.957242e+00 6.828478e+00 -1.153689e+00 4.005280e+00 -1.035529e+00 8.028833e+00 2.997731e+00 -3.159739e+00 2.395251e+00 -1.050037e-01 5.815489e-01 4.771616e-01 6.329048e-02 1.588786e+00 2.098457e+00 6.709591e-01 4.741069e-01 -1.602381e+00 -1.346280e+00 6.676390e-01 2.351397e-01 3.423877e-02 9.528494e-03 
-4.523979e+00 4.461152e+00 -9.202937e-01 2.779715e+00 7.556410e+00 -2.621264e+00 7.163232e+00 -1.275121e+00 5.044085e+00 1.511655e+00 -1.487960e+00 1.710584e+00 -1.375859e-01 1.217350e+00 1.038670e+00 1.578042e-01 -1.143281e-01 1.358272e+00 2.036282e+00 1.628597e+00 -6.228558e-01 -1.442397e+00 7.267995e-01 5.595883e-01 -3.946065e-01 3.313601e-03 
-1.597683e+00 6.392699e+00 -2.226040e+00 3.289679e+00 1.126243e+01 5.657730e+00 6.112022e+00 -6.426593e+00 -2.543573e-01 3.414412e+00 -1.097122e+00 6.812623e+00 -9.049225e-02 9.618150e-01 5.112476e-01 -7.631546e-02 -1.062068e+00 -7.387729e-02 8.698306e-01 6.724923e-01 4.368018e-01 4.733344e-02 4.029432e-01 5.818056e-01 9.571809e-01 -5.935872e-03 
-1.219251e+00 9.955446e+00 -8.903575e-02 -1.664989e+00 7.685528e+00 4.487392e+00 9.040146e+00 -9.875500e-02 4.793231e+00 -1.666142e+00 -1.820842e+00 3.404522e+00 -1.249336e-01 1.669852e-01 1.042624e-01 4.014628e-01 5.481563e-02 8.779196e-02 -3.688200e-01 -1.407134e-01 4.536085e-02 1.042267e+00 5.614767e-01 -1.301480e-01 -4.578554e-01 -7.793057e-03 
-2.309514e+00 5.963789e+00 -4.627768e-01 8.692537e-01 6.394533e+00 -3.588648e-01 6.429284e+00 5.602973e-01 8.390927e+00 6.601345e+00 -8.427048e-02 6.334186e+00 -1.410092e-01 -4.135196e-01 -3.627294e-01 1.983997e-01 -1.673338e-01 -5.177007e-01 -1.401603e+00 5.657741e-01 -9.098134e-02 2.035745e+00 3.727435e-01 -8.812225e-01 -2.121361e+00 -1.294329e-02 
-3.333138e+00 5.196918e+00 2.053888e-01 4.264006e+00 1.042932e+01 -1.457067e+00 6.301034e+00 -4.541762e+00 5.932776e+00 2.725572e+00 -2.645126e+00 -3.394749e-01 -1.512927e-01 -8.052837e-01 -8.378426e-01 1.202219e-02 1.035233e+00 5.055373e-01 4.475773e-01 1.487422e+00 6.496901e-01 1.792345e+00 1.110617e+00 5.557013e-01 -6.269641e-01 1.011848e-03 
-2.608337e+00 6.958316e+00 -1.381253e+00 -5.114880e-01 7.302034e+00 1.621944e+00 1.031045e+01 -4.659997e+00 9.354597e+00 3.082273e+00 -5.091093e+00 -1.922183e+00 -1.420292e-01 -3.742297e-01 3.098275e-01 6.051060e-01 5.725679e-01 5.815698e-01 1.425863e+00 2.299491e+00 1.465209e+00 1.028371e+00 -1.043275e+00 2.179480e-03 -9.627248e-01 7.329655e-03 
-5.096257e+00 5.268970e+00 4.303135e-01 4.201544e+00 9.759464e+00 5.734875e+00 1.453668e+01 5.759842e+00 1.327312e+01 5.646480e+00 3.461076e+00 4.397886e+00 -1.193644e-01 8.888436e-03 1.355341e-01 4.125217e-01 -4.222512e-02 -2.886392e-01 1.126319e+00 9.635004e-01 2.144469e+00 3.902986e-01 1.204383e-01 6.254838e-02 9.858754e-02 2.689517e-03 
-3.299103e+00 7.476901e+00 2.450291e+00 3.763324e+00 9.637310e+00 3.174480e+00 1.380892e+01 2.735540e+00 9.862609e+00 -7.548141e-02 -3.126474e+00 -8.481181e-01 -1.203251e-01 1.924936e-01 1.999104e-01 9.784490e-01 5.440216e-01 2.360401e-01 -6.553477e-02 -1.026060e+00 2.810276e-01 -1.444165e+00 2.557572e-01 1.016663e+00 2.513646e-01 -1.452327e-04 
-2.943313e+00 5.615296e+00 3.522248e-01 1.915474e+00 7.818486e+00 3.398262e+00 9.369300e+00 2.482817e+00 7.630264e+00 4.906641e+00 -3.314693e+00 -3.835695e-01 -1.486971e-01 6.044561e-01 8.150479e-01 3.908550e-01 -3.047226e-01 -4.131418e-01 -7.661764e-01 -2.092710e+00 -2.009916e+00 -2.003004e+00 -3.187062e-01 -6.300062e-01 -1.041305e-01 5.933285e-04 
-2.722342e+00 7.784705e+00 3.550036e+00 3.351655e+00 9.452724e+00 2.462577e+00 7.763834e+00 -1.616345e+00 4.955198e+00 4.730978e+00 3.380105e+00 1.725368e+00 -1.280890e-01 2.454447e-01 7.001824e-01 2.513415e-02 -7.908253e-02 -3.734963e-01 -2.967390e-01 -1.570013e+00 -1.429528e+00 -1.022007e+00 1.934793e-02 7.409070e-02 9.851276e-01 5.179989e-03 
-2.362357e+00 9.190308e+00 1.834716e+00 2.883765e+00 7.786048e+00 2.259944e+00 7.095669e+00 -2.113795e+00 5.711804e+00 1.649719e+00 -2.942245e+00 2.590490e+00 -1.125158e-01 1.521895e-01 8.555626e-01 1.249662e-01 1.468693e-01 -1.731553e-01 -2.479268e-01 -5.215427e-01 -9.690672e-01 -3.080313e-01 -9.595102e-01 -5.577452e-01 6.813242e-01 8.793580e-03 
