-4.366024e+00 6.898631e-01 -7.292174e+00 -7.714438e+00 2.742640e+00 -5.475879e+00 5.818479e+00 -1.681025e+00 -1.621946e+00 6.086829e+00 2.526093e+00 5.118745e+00 -1.044655e-01 -4.160736e-01 7.034551e-01 5.211464e-01 4.848382e-01 -4.251909e-03 -1.352797e-01 -1.817010e+00 1.792092e-01 -7.168460e-01 -2.384583e+00 -1.369627e+00 -1.038920e+00 5.232346e-03 
-6.009820e+00 1.627156e+00 -5.419205e+00 -5.312389e+00 1.605802e+00 -7.476997e+00 3.167218e+00 9.488583e-01 -3.399209e+00 -6.520967e-01 -8.784417e-01 3.852891e+00 -7.909358e-02 -1.137167e-01 9.947068e-01 7.117505e-01 -2.438914e-01 4.006881e-01 -1.144698e-01 -1.990956e+00 4.484725e-01 5.815730e-01 -1.306624e+00 -2.242603e-01 -1.827886e-01 7.675588e-03 
-5.624495e+00 3.738492e+00 -5.622927e+00 -6.491272e+00 3.289799e+00 -5.151718e+00 -1.940939e+00 -2.099920e+00 -4.317545e+00 -2.466622e+00 -2.619772e+00 5.570734e-01 -9.098971e-02 3.369867e-01 4.589221e-01 8.509316e-01 -3.767069e-01 1.858563e-01 -1.273406e-01 -1.926283e+00 4.120522e-01 5.319591e-01 -3.686424e-01 1.973654e-01 4.786475e-01 5.643356e-03 
-4.305373e+00 4.139082e+00 -4.568046e+00 -9.545479e+00 4.472501e+00 -6.210308e+00 -2.565935e-01 7.707856e-01 2.633718e+00 3.830437e+00 3.977725e+00 6.485639e+00 -7.282543e-02 3.176804e-01 -3.111182e-01 3.473243e-01 -3.414266e-01 6.714376e-01 1.160450e-01 -4.638585e-01 -4.703230e-01 -2.783690e-01 -1.205106e-02 -4.259313e-01 2.392574e-01 -3.154755e-04 
-3.533314e+00 1.728510e+00 -3.463096e+00 -7.481428e+00 2.238572e+00 -6.745926e+00 -2.101031e+00 4.682729e-01 -1.978615e+00 2.002350e+00 1.084837e+00 6.195609e+00 -7.938278e-02 -1.051736e-01 -5.510591e-01 3.699655e-01 -1.436176e-01 -4.960383e-02 1.729751e-01 1.000727e+00 -1.529210e-01 -1.401226e+00 -4.500813e-01 -7.628157e-01 -4.763850e-01 -3.134131e-03 
-5.467008e+00 1.076556e+00 -4.762499e+00 -6.524444e+00 5.488604e+00 -6.099668e+00 9.279706e-01 -2.686853e+00 -5.960519e+00 -2.946838e+00 -4.860403e+00 2.229910e+00 -8.647442e-02 -5.631667e-01 -4.240537e-01 1.696932e-02 6.076987e-01 -8.446670e-02 7.505615e-02 8.528119e-01 -5.361736e-02 -3.027275e+00 -1.551227e+00 -1.896599e+00 -1.572695e+00 -5.316293e-03 
-5.569545e+00 2.514460e+00 -3.675873e+00 -8.719877e+00 2.533729e+00 -4.342163e+00 2.470412e+00 -1.135705e+00 -7.026557e+00 -1.328391e+00 -2.014787e+00 3.030128e-01 -9.983587e-02 -3.949611e-01 1.026962e-01 -2.660204e-01 5.149389e-01 -2.048266e-01 -8.073967e-01 1.256448e+00 1.026924e+00 -5.039942e-01 5.700669e-02 -1.287388e+00 -3.738235e-01 -1.760805e-03 
-6.103091e+00 1.625839e+00 -4.376811e+00 -5.887760e+00 3.902589e+00 -7.036909e+00 1.721745e+00 1.304688e+00 -9.978686e+00 -2.260327e+00 -3.955458e+00 1.568460e+00 -8.918035e-02 3.441359e-01 2.290352e-01 -3.796908e-01 -1.083827e-01 -9.616598e-01 -9.844804e-01 1.183738e-01 1.524465e+00 1.340224e+00 1.311219e+00 -1.678344e-01 1.145501e+00 4.433739e-03 
-5.190078e+00 1.967349e+00 -4.986042e+00 -5.225075e+00 2.007447e+00 -1.031429e+01 3.784323e+00 3.607123e+00 -2.489502e+00 1.944128e+00 -5.804577e+00 4.657216e+00 -8.683383e-02 3.573156e-01 6.450874e-01 -5.465074e-01 -6.803762e-01 -1.067801e-01 -7.554966e-01 -3.015161e-02 4.174587e-01 1.588624e+00 3.507346e-01 4.964385e-01 1.610383e+00 1.048740e-02 
-3.936062e+00 2.495287e+00 -6.005868e+00 -8.813758e+00 9.434457e-01 -8.036006e+00 8.628840e-01 2.564056e+00 -1.527925e+00 1.972998e+00 -3.804680e+00 5.780311e+00 -7.080674e-02 4.508928e-01 8.113896e-01 8.048811e-02 -2.894930e-01 -2.389019e-02 6.615549e-01 8.397843e-01 1.520417e-02 1.875941e+00 -1.398589e-01 1.463765e+00 8.009289e-01 6.252718e-03 
-4.866481e+00 5.305172e+00 -5.593881e+00 -1.065876e+01 3.479400e+00 -7.620097e+00 2.749084e+00 3.219039e-01 -3.308815e+00 -1.691381e+00 3.920165e-01 6.249003e+00 -5.658567e-02 1.624394e-01 1.716533e-01 9.154463e-02 6.174895e-01 1.845891e-01 6.082748e-01 3.031063e-01 -8.865981e-01 6.994419e-01 -5.601059e-01 8.502368e-01 -7.310302e-01 7.790840e-03 
-4.010425e+00 4.013875e+00 -3.670451e+00 -4.618383e+00 3.047161e+00 -5.076231e+00 6.438286e+00 3.023318e+00 -1.893272e-01 -1.141867e+00 2.650725e-01 4.777211e+00 -7.304084e-02 -4.898991e-01 -7.612893e-01 -1.462534e-01 8.669397e-01 2.171850e-01 5.535622e-01 6.319369e-01 -9.968664e-02 1.190300e+00 -1.202432e+00 -1.310689e+00 -1.175422e+00 8.844281e-03 
-4.340700e+00 2.066322e+00 -5.696028e+00 -4.235315e+00 1.878534e+00 -8.752803e+00 2.512154e+00 -1.055499e+00 3.384078e-01 7.010310e-01 -3.588269e+00 1.503615e+00 -4.676259e-02 -3.554224e-01 -1.030322e+00 4.696603e-02 1.633254e-01 -9.379498e-01 -2.684610e-01 -9.159063e-01 -9.599803e-01 1.049588e+00 1.601768e-02 -1.602998e+00 -2.625853e+00 8.662892e-03 
-6.648448e+00 3.082663e-01 -6.686062e+00 -7.690782e+00 2.829803e+00 -4.701842e+00 4.141034e+00 2.754324e+00 2.599964e+00 -5.235365e+00 -8.367983e+00 2.275896e+00 -3.149688e-02 -3.193709e-01 -1.403335e-01 1.584498e-01 -9.783579e-01 -4.014037e-01 -7.667265e-02 -1.086192e+00 -1.950955e+00 -1.393322e-01 3.849640e-01 -7.245446e-01 -1.428615e+00 7.330942e-03 
-5.324582e+00 2.006368e+00 -3.851245e+00 -8.305933e+00 -1.101670e+00 -9.149596e+00 -6.818209e-01 -4.343501e+00 5.444798e-01 4.354570e-01 -3.306443e+00 -5.629605e+00 -3.404319e-02 -2.580042e-01 1.853589e-01 -9.145077e-02 -1.759210e+00 -6.177605e-01 -5.511198e-01 -1.839376e-01 -1.456360e+00 -1.256954e+00 3.917668e-01 8.318136e-01 2.694591e-01 -3.576159e-04 
-5.115339e+00 3.342185e+00 -3.800593e+00 -7.474864e+00 2.530245e+00 -5.261198e+00 2.604311e+00 -5.087454e+00 -9.890244e-01 9.157404e-01 -3.498564e+00 1.200745e+00 -4.274583e-02 -1.957332e-01 -1.085908e-01 -1.450649e-01 -9.695944e-01 3.149627e-01 -9.573995e-01 3.785103e-01 -1.879507e+00 -1.446881e+00 2.127751e+00 1.080768e+00 5.915061e-01 -4.115009e-03 
-6.397275e+00 1.476157e+00 -7.596016e+00 -1.313933e+01 -1.060489e+00 -1.122872e+01 2.360828e+00 -4.416408e+00 -4.151870e+00 -4.156878e-01 -1.863911e+00 3.388486e+00 -4.292619e-02 -1.626178e-01 -7.745661e-01 -5.504781e-01 -6.475626e-01 9.246643e-01 -3.164578e-01 1.491520e-01 8.542220e-01 -8.630289e-01 8.329144e-01 1.564789e-03 1.234082e+00 -1.731404e-02 
-7.090767e+00 3.041786e-02 -5.539001e+00 -1.012206e+01 4.384027e+00 -8.449276e+00 4.512261e+00 -6.606759e+00 -2.286268e+00 5.828964e+00 -3.685407e+00 7.243814e-01 -4.763043e-02 1.193164e-01 -1.688484e-01 1.471408e-01 4.890335e-01 3.715140e-01 3.307452e-01 -3.156011e-01 2.578396e+00 -5.950034e-01 2.244678e-01 1.616655e-01 -6.665915e-01 -2.606258e-02 
-5.149956e+00 -2.105787e-01 -5.734431e+00 -1.022015e+01 2.594761e+00 -9.137846e+00 -8.900361e-01 6.872616e-01 -3.122043e+00 2.143417e+00 -3.205198e+00 7.789842e-01 -1.181711e-01 7.305864e-01 7.165004e-01 1.218195e-01 9.675630e-01 7.633025e-01 2.278471e+00 -7.962028e-01 3.196070e+00 -5.845329e-01 -2.774413e-01 5.120416e-01 -5.973971e-01 -2.245930e-02 
-5.142416e+00 3.341311e+00 -3.995681e+00 -6.489285e+00 2.560190e+00 -4.652911e+00 2.651737e+00 5.252691e+00 -4.478955e+00 7.585269e-01 -2.019593e+00 -8.274614e-01 -1.354363e-01 1.709283e+00 -1.559854e+00 -2.324038e-02 -6.751856e-01 5.888408e-01 6.079191e+00 -1.916958e+00 2.069420e-01 -3.437286e-01 -1.459532e+00 2.113043e+00 1.802039e-01 6.151490e-02 
-3.718519e+00 3.403212e+00 -7.758578e+00 -1.011790e+01 3.667942e+00 -1.734554e+00 -6.899242e-01 5.634216e+00 -5.978191e+00 7.323242e-01 -1.366098e-01 1.177422e+00 -1.113198e-01 1.629461e+00 -3.575892e+00 4.517884e-02 -6.085700e-01 2.099306e+00 7.718475e+00 -2.615922e+00 -2.924727e+00 8.079985e-01 -5.174629e-01 2.528022e+00 5.063400e-01 1.088090e-01 
7.399297e-01 -9.575745e+00 -4.643129e+00 -1.354911e+01 6.791640e+00 1.824503e+01 -5.172587e+00 -8.045527e+00 -2.576837e+00 -7.631483e-01 5.345512e+00 1.426182e+00 2.565184e-01 4.323643e-01 -2.794864e+00 3.301162e-01 8.303503e-01 2.354898e+00 3.306602e+00 -3.334033e+00 -3.318612e+00 1.907228e+00 1.181176e+00 1.339751e+00 5.080525e-01 3.881842e-02 
5.617380e-02 -1.163151e+01 -5.184813e+00 -9.733086e+00 1.097556e+01 1.800556e+01 -1.005748e+01 -7.287267e+00 -3.310943e-02 3.169396e-01 5.752359e+00 2.183862e+00 2.298964e-01 -1.209193e+00 2.117185e-01 5.655743e-01 2.085493e+00 6.199929e-01 -2.195076e+00 -1.141183e+00 -1.759646e-01 1.206052e+00 9.825961e-01 3.280189e-02 -1.624792e-01 -4.367559e-02 
-4.867941e+00 -3.115646e+00 -3.631983e+00 -2.529939e+00 1.068087e+01 2.010042e+00 -9.334649e+00 -4.879627e+00 2.084647e+00 6.872099e+00 1.734678e+00 1.209580e+00 -1.119523e-01 -2.226165e+00 3.602689e+00 2.744331e-01 2.276977e+00 -1.430444e+00 -6.327729e+00 1.654700e+00 3.701782e+00 -9.032080e-02 7.201604e-01 -9.148947e-01 -1.113136e-01 -1.161717e-01 
-6.960549e+00 1.231755e+00 -5.436280e+00 -5.200019e+00 4.823292e+00 -4.592435e+00 -4.314807e+00 3.171443e+00 -2.278675e+00 1.827681e+00 1.832817e+00 4.733267e-01 -1.454624e-01 -1.209832e+00 4.412283e+00 1.024348e+00 1.248408e+00 -1.926734e+00 -3.714312e+00 2.522935e+00 3.996187e+00 8.453308e-01 3.001195e-01 -1.235212e+00 -2.233468e-01 -7.302495e-02 
-6.882532e+00 2.006068e+00 -3.145230e+00 -4.430763e+00 2.715556e+00 -2.094615e+00 2.295747e-01 5.234026e+00 -1.905658e+00 2.082283e+00 2.730811e+00 1.724882e+00 -1.366605e-01 -2.057837e-01 2.172439e+00 1.377246e+00 1.072157e+00 -7.083041e-01 -3.436413e-02 2.307750e+00 3.359495e+00 8.019484e-01 -6.422698e-01 4.127920e-01 1.143728e+00 -3.619087e-03 
-4.985692e+00 7.869045e+00 -3.064516e-01 -2.540634e+00 5.324552e+00 1.486324e+00 -2.224922e+00 7.636841e+00 6.188697e+00 4.212445e+00 -9.217654e-01 8.094777e-01 -1.228743e-01 5.106055e-01 1.204046e+00 2.217722e+00 2.590139e+00 1.868116e+00 2.853138e-01 1.871232e+00 2.908542e+00 2.664544e+00 8.102678e-01 -1.920451e-01 2.567698e-01 -1.634192e-03 
-6.884288e+00 4.427904e+00 6.893340e-01 1.501151e+00 6.888719e+00 -1.201158e+00 1.159158e+00 9.685148e+00 1.860702e+00 2.468368e+00 5.175930e+00 6.760142e+00 -1.413418e-01 2.099663e-01 4.344011e-01 1.545693e+00 2.711725e+00 2.043639e+00 -4.700965e-01 1.155452e+00 1.274392e+00 1.009066e+00 8.768021e-01 7.442221e-01 -7.127579e-01 -2.575600e-03 
-4.406643e+00 6.041067e+00 3.735049e+00 4.784720e+00 1.207729e+01 -3.612595e+00 4.576560e+00 1.548859e+01 9.160862e+00 5.685978e+00 -3.499682e-01 -7.604545e-01 -1.512927e-01 -6.975605e-01 -1.588977e+00 8.231279e-01 8.846482e-01 -6.989881e-01 -1.389808e+00 9.001373e-01 -6.197076e-01 -1.849420e+00 5.579702e-01 1.663402e+00 -2.103086e+00 -1.044190e-03 
-6.122224e+00 5.092062e+00 2.562484e+00 5.465184e+00 9.557382e+00 -1.895638e+00 2.606097e+00 7.680112e+00 1.653591e+00 5.729527e+00 6.166022e+00 -1.053941e+00 -1.353292e-01 -9.206496e-01 -1.931878e+00 -1.798327e-01 -1.206512e+00 -1.748334e+00 -3.280960e-01 -2.151494e-01 -2.929986e+00 -3.039066e+00 -2.126242e-02 6.742974e-01 -1.777810e+00 4.525638e-03 
-8.854527e+00 -4.079180e-01 2.872613e+00 -9.940910e-02 4.952798e-01 -5.115477e+00 1.552295e+00 5.540821e+00 -2.954848e+00 5.371717e+00 6.900200e+00 -5.798912e+00 -1.311015e-01 -1.121832e+00 -1.657609e+00 -1.542586e+00 -2.620153e+00 -1.512496e+00 5.259849e-01 -4.229116e-01 -2.170484e+00 -2.531254e+00 -2.050374e-01 6.579394e-01 1.306304e+00 6.520033e-04 
-9.263596e+00 -2.006997e+00 2.213887e-01 -2.089344e+00 3.938055e+00 -2.090197e+00 1.595542e+00 9.104729e-03 -7.276772e+00 2.519186e+00 4.922332e+00 3.903214e-01 -1.288092e-01 -1.535848e-01 -3.625113e-01 -1.825771e+00 -2.427675e+00 -3.320020e-01 1.086801e+00 2.088867e-01 -2.063619e-01 -1.368709e-02 9.714141e-01 -1.047740e-01 1.756796e+00 5.940676e-04 
-8.445118e+00 1.302552e+00 -2.807336e+00 -4.538779e+00 7.324472e+00 -8.853911e-01 2.967279e+00 8.471674e+00 9.697740e-01 6.265962e+00 3.561574e+00 5.048932e+00 -1.512927e-01 4.067747e-01 1.098183e+00 -1.596660e+00 -1.435371e+00 4.221005e-01 1.342453e+00 6.086249e-01 9.185671e-01 1.762869e+00 1.259635e+00 8.456043e-01 2.427312e+00 1.214206e-03 
-7.094852e+00 2.424271e+00 -3.726398e+00 -4.453505e+00 4.482776e+00 1.423322e+00 2.943038e+00 5.182876e+00 -3.771554e-01 1.013947e+01 7.311465e+00 2.306117e+00 -1.222633e-01 1.009367e-01 1.055584e+00 -4.048986e-01 -5.727332e-02 -5.943719e-01 2.840738e-01 -7.075370e-01 2.448915e-01 2.468272e+00 1.606291e+00 4.488239e-01 8.960069e-01 4.121780e-03 
-7.905024e+00 2.867364e+00 -3.136793e+00 -6.094184e+00 2.333422e+00 -1.599690e-01 3.921672e+00 7.546771e+00 2.409689e+00 7.859746e+00 9.933655e+00 5.379751e+00 -1.283034e-01 -2.647247e-02 -1.273569e+00 -1.170086e+00 8.968093e-01 -1.267273e+00 -7.337534e-01 -9.735771e-01 -1.863836e+00 2.412664e-01 -1.504799e+00 -8.273562e-01 -5.994146e-01 7.344166e-02 
-9.028959e+00 2.488515e+00 -1.638376e+00 -1.598008e+00 3.461721e+00 -1.032540e+00 -2.419339e+00 1.696014e+00 4.344631e+00 9.753752e+00 3.980411e+00 4.704947e+00 -1.196949e-01 -6.315260e-02 -2.291481e+00 -1.974267e+00 1.514704e+00 -1.233698e+00 -1.499443e+00 -4.250464e-01 -2.255066e+00 -3.614502e-02 -2.747655e+00 -2.167805e+00 -7.157112e-01 1.058196e-01 
-7.610427e+00 -5.097415e+00 -9.701775e+00 -1.482481e+00 1.498632e+00 -3.326227e+00 7.805820e-01 8.959246e-01 -1.847872e-01 -1.065171e+00 1.090320e+00 8.524445e-01 2.146314e-01 4.244912e-01 -2.540136e+00 -2.985132e+00 1.109249e+00 -2.095487e+00 -1.588727e+00 2.343912e-01 -2.044405e+00 3.568694e-01 -1.249596e+00 -2.106294e+00 -1.520919e+00 2.043942e-01 
-7.557913e+00 -5.050744e+00 -1.031524e+01 8.141613e-01 -1.268319e+00 -4.490765e+00 2.388352e+00 -2.767030e+00 7.393579e-01 8.636560e-01 8.941060e-01 9.912137e-01 2.353675e-01 5.814808e-01 -8.393458e-01 -1.788939e+00 5.611923e-02 -1.469015e+00 -1.025955e+00 8.052464e-01 5.262469e-01 1.040494e+00 -3.667846e-01 -4.355432e-01 -1.665227e+00 2.257188e-01 
-6.518091e+00 -6.063687e+00 -1.372402e+01 -1.754025e+00 -5.778995e+00 -6.374490e+00 2.689783e+00 -4.437289e-01 5.996673e+00 6.056816e+00 9.453352e-01 -3.679758e-01 7.161363e-01 1.382474e+00 1.781855e+00 2.020190e+00 5.799413e-02 7.200995e-01 -3.374630e-01 -1.268761e+00 1.578354e+00 5.156344e-01 8.878685e-01 2.103132e-01 -6.487444e-01 1.377883e-01 
-6.667723e+00 -1.225077e+00 -8.571949e+00 -1.181640e+00 -2.445431e-01 -4.638182e+00 6.522925e-01 4.997075e+00 6.456370e+00 4.358835e+00 1.875187e+00 -3.010978e+00 7.581466e-01 4.095072e+00 6.097515e-01 2.096307e+00 3.546290e-01 1.797684e+00 -5.707327e-01 -1.087810e+00 4.320435e-01 -1.427253e+00 -1.054736e-01 3.772314e-01 3.253432e-01 1.104181e-01 
-1.143152e+00 1.899027e+00 -4.724690e-01 -1.946096e-01 4.587242e+00 -4.939834e+00 -4.695194e+00 4.905643e+00 -4.651214e-01 1.626582e+00 1.651345e+00 -3.901812e-01 6.421835e-01 5.299839e+00 -1.176893e-01 5.546347e-01 1.428224e+00 1.799755e+00 2.085297e-02 -9.262047e-01 -1.455565e+00 -3.333083e+00 -1.022675e+00 1.466055e+00 3.384237e-02 2.431665e-02 
1.022998e+01 -5.983344e+00 -6.459480e+00 1.807599e+00 2.536982e+00 -8.061756e+00 6.417918e-01 -3.281499e+00 -3.166011e+00 2.551405e+00 2.427258e+00 2.629032e+00 8.244343e-01 4.192573e+00 -5.374758e-01 -2.410893e+00 2.031560e+00 8.482499e-01 1.574801e+00 -5.053346e-01 -2.464384e+00 -3.148628e+00 -6.546096e-01 1.515515e+00 -1.072418e+00 -2.110835e-02 
1.153225e+01 -4.273001e+00 -1.200708e+01 3.892477e+00 1.829020e+00 -4.558437e+00 -1.935990e+00 -3.582265e+00 -5.857549e+00 1.847157e+00 7.999574e+00 -3.018769e+00 8.045757e-01 4.747920e-01 -2.093370e+00 -3.763577e+00 -6.005647e-01 1.835481e-01 3.215626e+00 -9.098074e-01 -2.775293e-01 1.542738e-02 7.910770e-01 3.270931e-02 -7.182840e-01 -1.610905e-02 
7.957439e+00 -8.264426e-01 -1.485911e+01 6.932615e+00 5.375818e+00 3.045124e+00 -3.253983e+00 -3.080891e+00 -6.590554e+00 9.754993e-01 6.278646e+00 -7.058773e+00 5.714087e-01 -2.746143e+00 -7.556285e-01 -1.591721e-01 -1.284930e+00 8.013042e-01 3.227840e+00 -1.997221e+00 1.306718e+00 6.027364e-01 1.233623e+00 -1.068055e+00 3.600201e-01 -4.726600e-02 
2.367077e+00 -1.114627e+01 -1.509054e+01 -5.759942e+00 4.085565e+00 5.584856e+00 -7.296344e+00 3.417693e+00 1.324287e+00 6.369919e+00 -1.108027e-01 8.623017e-01 6.881511e-01 -1.098603e+00 -9.831238e-01 1.257170e+00 -1.840333e+00 1.357325e+00 1.780226e+00 -1.599057e+00 -1.190568e+00 4.598864e-01 9.997233e-01 -8.740872e-01 2.243086e+00 4.882812e-03 
1.081849e+00 -6.324849e+00 -5.713609e+00 2.091603e-01 5.415231e+00 3.005799e+00 -6.664139e+00 -2.478881e-01 -3.743247e+00 6.458136e+00 1.142172e+00 2.488597e+00 6.463166e-01 1.571659e+00 -1.430092e-01 1.228819e+00 -1.082423e+00 1.105345e+00 1.481132e+00 -1.740710e+00 -2.470995e+00 -1.937730e+00 -6.769679e-02 1.551921e+00 2.056529e+00 4.449654e-02 
9.477036e+00 -6.439416e+00 -1.029398e+01 -1.947460e+00 8.595939e+00 4.362353e+00 -8.226196e+00 -1.095161e+01 -4.981770e+00 4.104455e+00 6.197375e+00 3.422975e+00 7.915359e-01 3.150494e+00 1.892051e+00 2.893871e-01 1.235271e+00 8.122698e-01 1.513569e+00 -8.589355e-01 -3.670141e+00 -3.439044e+00 -1.694931e+00 3.078479e+00 4.697132e-02 2.010969e-02 
1.226075e+01 -3.894917e+00 -1.111329e+01 -3.857384e-01 8.647358e+00 1.106204e+01 -1.149261e+01 -8.251219e+00 -1.312617e+01 1.769748e+00 1.088416e+01 1.943533e+00 7.421991e-01 3.037923e+00 9.927326e-01 -1.184791e+00 3.469134e-01 -1.090057e-01 2.129444e+00 -1.487641e+00 -2.429284e+00 -1.748323e+00 -6.774548e-01 1.499176e+00 -6.982448e-01 2.400998e-02 
1.253009e+01 -2.900984e+00 -1.094376e+01 7.138619e-01 6.530850e+00 9.124582e+00 -9.176786e+00 -1.093135e+01 -1.117947e+01 2.394593e-01 1.041059e+01 1.369690e+00 7.407583e-01 1.402500e+00 1.104291e+00 -9.226205e-01 5.518474e-01 1.365671e-02 1.492739e+00 -2.455142e+00 -1.225872e+00 8.447623e-01 7.714934e-01 -1.528536e+00 -7.694083e-01 1.857311e-02 
1.474494e+01 -3.130402e+00 -1.131267e+01 6.130662e-01 5.902746e+00 1.127190e+01 -1.362705e+01 -1.240444e+01 -9.386015e+00 5.003360e+00 6.531443e+00 2.401569e-02 7.917553e-01 1.201112e+00 4.223698e-01 -1.682842e+00 1.244020e+00 -1.066825e-01 3.910513e-02 -3.469955e+00 -1.078736e+00 3.416662e+00 1.417006e+00 -1.975613e+00 -1.577099e+00 4.298529e-02 
1.524744e+01 -1.300220e+00 -1.480739e+01 3.123746e-01 1.003653e+01 1.172111e+01 -1.943469e+01 -1.500435e+01 -2.628037e+00 6.345116e+00 7.310545e-01 5.356916e-01 8.596233e-01 1.515856e+00 -5.412847e-01 -2.276426e+00 3.530986e+00 -1.187227e+00 -1.206733e+00 -2.975617e+00 -4.194511e-01 3.910381e+00 1.254751e+00 -1.456731e+00 -2.358950e+00 4.716875e-02 
1.690764e+01 -2.583451e+00 -1.759569e+01 6.035105e+00 6.361107e+00 9.959296e+00 -2.371343e+01 -1.160840e+01 -3.185792e-01 5.801950e+00 5.845872e+00 -5.524962e+00 8.976930e-01 1.001198e+00 -1.349656e+00 -1.442245e+00 5.002987e+00 -2.641958e+00 -2.816735e+00 -8.503370e-01 -5.613727e-02 4.344010e+00 -3.311782e-01 -1.203574e+00 -1.892035e+00 3.687974e-02 
1.902802e+01 -5.880884e+00 -1.918438e+01 1.565777e+01 3.655367e-01 3.747219e+00 -1.901168e+01 -1.342662e+01 3.838722e+00 6.113920e+00 3.469726e+00 -7.650569e+00 9.236332e-01 3.779821e-01 -2.342390e+00 8.420630e-01 5.243188e+00 -4.224344e+00 -3.408365e+00 4.396677e-01 1.063483e+00 3.752461e+00 -1.662087e+00 -1.713790e+00 -1.655134e-01 2.613747e-02 
1.786064e+01 -7.588353e+00 -1.633540e+01 1.795530e+01 -2.471548e+00 1.175175e+00 -1.809024e+01 -1.347399e+01 9.100656e+00 3.463066e+00 -8.557619e-01 -5.343032e+00 9.441490e-01 -8.712084e-01 -2.375209e+00 3.630831e+00 2.762292e+00 -3.455685e+00 -2.994351e+00 2.589106e-01 2.401856e+00 2.393430e+00 -2.640638e+00 -2.968124e+00 2.102233e+00 2.079811e-02 
1.666086e+01 -1.050972e+01 -1.122722e+01 2.056822e+01 -6.668866e+00 -9.286503e-01 -2.004795e+01 -8.754141e+00 1.142465e+01 -7.958753e-01 -4.487078e+00 -3.828404e-01 9.670826e-01 -1.811559e+00 -1.926832e+00 5.722159e+00 4.750881e-02 -2.925190e+00 -1.596575e+00 -6.703424e-01 4.107428e+00 2.980205e-01 -3.536798e+00 -2.345037e+00 3.274835e+00 1.553953e-02 
1.373518e+01 -1.214508e+01 -3.420115e+00 1.739134e+01 -7.400118e+00 -2.674525e+00 -2.190075e+01 -1.935359e+00 7.855608e+00 -3.946342e+00 -5.016346e+00 1.352338e+00 9.799589e-01 -1.884440e+00 -1.602158e+00 6.370843e+00 -1.018225e+00 -2.817606e+00 -9.918709e-01 1.291180e-01 3.551543e+00 -1.319723e+00 -3.872155e+00 -7.689990e-01 2.666427e+00 1.051307e-02 
1.203295e+01 -1.323668e+01 2.968769e+00 1.617730e+01 -1.179613e+01 -2.310809e+00 -2.045814e+01 1.341198e+00 5.951348e+00 -7.865365e+00 -6.175166e+00 5.375920e+00 9.834259e-01 -1.831169e+00 -6.894199e-01 5.661826e+00 -1.333512e+00 -2.346737e+00 -6.217242e-01 2.043398e+00 7.243664e-01 -1.474863e+00 -3.810946e+00 3.743899e-01 1.684241e+00 5.339199e-03 
1.075239e+01 -1.423566e+01 8.420822e+00 1.505964e+01 -1.399594e+01 -3.093100e+00 -1.723955e+01 -7.639465e-01 5.238693e+00 -1.236296e+01 -3.856713e+00 5.109723e+00 9.885427e-01 -1.728344e+00 1.288214e-01 4.323356e+00 -8.021094e-01 -1.990210e+00 -1.943537e-01 3.240372e+00 -1.716579e+00 -8.036125e-01 -3.204342e+00 6.886656e-01 8.571048e-01 4.614300e-03 
8.996408e+00 -1.291153e+01 1.116144e+01 1.506651e+01 -1.510464e+01 -3.827984e+00 -1.216155e+01 -5.718014e+00 5.358796e+00 -1.564229e+01 -3.194944e+00 6.159669e+00 9.894867e-01 -1.578049e+00 5.088133e-01 3.284023e+00 -6.125950e-01 -1.040373e+00 2.643204e-02 3.396131e+00 -2.735819e+00 1.574293e-01 -2.585335e+00 1.001267e+00 -1.717591e-02 1.188070e-03 
6.611730e+00 -1.166355e+01 1.410033e+01 1.393619e+01 -1.569691e+01 -2.887706e+00 -9.847177e+00 -6.988647e+00 4.133821e+00 -1.607959e+01 -3.063128e+00 5.245987e+00 1.000000e+00 -1.313860e+00 6.107699e-01 2.676983e+00 -8.842207e-01 -3.210937e-01 5.465372e-01 2.879845e+00 -2.462135e+00 9.464353e-01 -2.023278e+00 7.956867e-01 -4.746948e-01 -3.142125e-03 
6.213038e+00 -1.197867e+01 1.654913e+01 1.367605e+01 -1.614751e+01 -2.281345e+00 -7.173670e+00 -9.225544e+00 7.290930e+00 -1.893373e+01 -1.565623e+00 5.221908e+00 9.836376e-01 -1.027193e+00 4.794367e-01 2.151515e+00 -8.178384e-01 -1.251892e-01 9.904926e-01 1.843337e+00 -1.509867e+00 1.282205e+00 -1.769460e+00 5.205613e-01 -5.531356e-01 -4.653609e-03 
5.574774e+00 -1.164824e+01 1.911189e+01 1.133377e+01 -1.507998e+01 -1.133733e+00 -5.334271e+00 -1.132086e+01 9.004802e+00 -2.083363e+01 -6.929399e-01 3.205130e+00 9.757566e-01 -7.565508e-01 4.742466e-01 1.647610e+00 -7.118088e-01 9.199981e-02 1.034759e+00 1.081464e+00 -6.759216e-01 8.655800e-01 -1.431436e+00 8.257427e-02 -3.196587e-02 -7.016623e-03 
4.378919e+00 -1.052200e+01 1.941323e+01 1.227853e+01 -1.603905e+01 2.474923e-01 -5.201323e+00 -1.110125e+01 9.334330e+00 -2.211257e+01 -1.777233e+00 4.414420e+00 9.783403e-01 -6.028757e-01 5.549008e-01 1.509727e+00 -9.601876e-01 4.523911e-01 9.332922e-01 3.450103e-01 4.832134e-01 -3.776228e-01 -4.795044e-01 -3.699521e-01 2.524835e-01 -9.503841e-03 
3.746036e+00 -1.002065e+01 2.090633e+01 1.107590e+01 -1.529114e+01 1.021669e+00 -5.426031e+00 -9.430405e+00 7.440022e+00 -2.164735e+01 -2.544452e+00 5.489902e+00 9.675655e-01 -3.835583e-01 5.803826e-01 1.293401e+00 -8.411064e-01 4.015652e-01 8.970111e-01 3.572064e-02 1.047312e+00 -9.065081e-01 5.172367e-02 -3.711620e-01 4.066351e-01 -1.710937e-02 
4.113029e+00 -1.001796e+01 2.320055e+01 9.004043e+00 -1.377997e+01 1.307414e+00 -5.402739e+00 -7.754703e+00 6.185206e+00 -2.092439e+01 -2.489627e+00 5.341939e+00 9.402140e-01 -2.455505e-01 7.558677e-01 9.247961e-01 -1.435144e+00 1.232134e-01 7.979380e-01 1.654936e-01 1.459446e+00 -1.329514e+00 8.842630e-01 -1.695403e-01 1.486946e-01 -2.512445e-02 
3.789927e+00 -8.998345e+00 2.368524e+01 8.765478e+00 -1.420169e+01 2.821361e+00 -5.054960e+00 -7.757566e+00 6.046823e+00 -2.116910e+01 -2.192553e+00 4.774545e+00 9.092730e-01 -5.779139e-01 1.674454e+00 1.792343e-01 -1.387583e+00 -9.081370e-01 5.482368e-01 5.321988e-01 1.197618e+00 -5.288212e-01 1.228403e+00 5.843293e-01 -2.601355e-01 -2.633308e-02 
3.129221e+00 -7.253814e+00 2.264776e+01 6.258021e+00 -1.596771e+01 3.337337e+00 -4.559390e+00 -4.640437e+00 3.383358e+00 -1.793038e+01 -2.800884e+00 5.515571e+00 8.818644e-01 -5.641497e-01 2.318584e+00 -2.874538e-01 -1.737150e+00 -1.761294e+00 3.488581e-01 1.396939e+00 1.749887e+00 1.202154e-01 1.272004e+00 6.355263e-01 -6.196879e-01 -3.400105e-02 
1.348370e+00 -3.030455e+00 2.207889e+01 5.510998e+00 -1.873796e+01 2.747892e+00 -3.186711e+00 -4.999446e+00 6.196840e+00 -1.700234e+01 5.328227e-01 4.102408e+00 8.650749e-01 2.972194e-01 2.709095e+00 -1.313123e+00 -1.329419e+00 -1.663055e+00 9.314678e-01 1.811280e+00 2.016911e+00 -6.924167e-02 1.790546e+00 1.186534e+00 -1.545443e+00 -6.353300e-02 
2.513059e+00 -1.408987e+00 2.256645e+01 1.945533e+00 -2.031831e+01 3.088439e+00 6.478305e-01 -3.843274e-01 6.711275e+00 -1.664775e+01 -6.746832e-01 2.579568e+00 7.923077e-01 9.779728e-01 3.201693e+00 -1.551957e+00 -1.045704e+00 -4.954235e-01 1.707453e+00 3.034081e+00 8.637546e-01 -6.832263e-01 2.836624e+00 1.267209e+00 -2.418990e+00 -9.260405e-02 
5.584105e+00 1.624717e+00 1.716027e+01 4.274626e+00 -2.034167e+01 7.603149e+00 1.397827e+00 1.989317e-01 4.036656e+00 -1.285768e+01 2.677016e+00 -1.484668e+00 6.363863e-01 1.335729e+00 2.885829e+00 -1.311089e+00 -6.547215e-01 1.337639e+00 1.816008e+00 4.033235e+00 8.876233e-01 -1.841131e+00 2.824481e+00 1.083412e+00 -1.858441e+00 -1.049641e-01 
5.901217e+00 6.427063e+00 1.734728e+01 1.647688e+00 -1.764297e+01 9.446972e+00 8.318745e+00 -2.920852e+00 1.047318e+00 -5.819584e+00 2.463065e+00 -3.785839e+00 5.331885e-01 1.054408e+00 2.587592e+00 -1.550250e+00 -1.309664e-01 3.671529e+00 2.047449e+00 4.769348e+00 -2.309148e-01 -2.763394e+00 3.827420e+00 -8.490883e-02 -1.991591e+00 -9.220709e-02 
6.332934e+00 7.480666e+00 1.813304e+01 2.386312e+00 -1.338743e+01 8.648665e+00 1.314400e+01 7.069325e-01 -1.768367e-01 -8.294020e+00 4.381007e+00 -2.007093e+00 4.698139e-01 1.614212e-01 1.549568e+00 -1.697048e+00 -9.392390e-02 5.478533e+00 2.004257e+00 5.080261e+00 3.350342e-01 -1.830399e+00 3.480374e+00 -2.798766e+00 -1.683484e+00 -7.488920e-02 
7.410686e+00 8.600999e+00 1.432882e+01 2.234858e+00 -5.437786e+00 1.280293e+01 1.862148e+01 -1.792902e+00 -4.998947e+00 2.075188e-01 -1.951223e+00 -7.117175e+00 4.145585e-01 -5.955895e-01 7.254352e-02 -2.187912e+00 2.686753e-02 5.158126e+00 2.386717e+00 3.708073e+00 4.862732e-01 -1.189955e+00 2.997252e+00 -3.277922e+00 -1.769527e+00 -8.192198e-02 
5.636477e+00 8.285591e+00 1.018426e+01 3.511422e+00 9.484015e-01 1.594646e+01 2.164776e+01 1.310127e+00 -2.092205e+00 1.530637e+00 -9.109669e+00 -8.236421e+00 3.212553e-01 -1.375355e+00 -5.578521e-01 -1.477642e+00 -1.138095e-01 2.535207e+00 8.346578e-01 4.149724e-01 -4.408792e-01 -3.340563e-01 2.477048e+00 -3.056129e+00 -1.754862e+00 -9.970705e-02 
3.271499e+00 6.387318e+00 1.038211e+01 1.219471e+00 9.797421e-01 1.773166e+01 2.260723e+01 -7.910838e-01 -3.944774e+00 4.254347e+00 -7.181210e+00 -9.518812e+00 1.978579e-01 -2.079946e+00 -1.412341e+00 -6.329811e-01 -4.831195e-02 -4.362877e-01 -1.669131e+00 -1.736919e+00 -1.275394e+00 -1.543297e-01 1.375695e+00 -5.167906e-01 -1.906752e-01 -1.005914e-01 
1.525754e+00 5.798245e+00 1.271818e+01 2.324958e+00 -3.920158e+00 1.035759e+01 1.322599e+01 -1.998373e+00 -2.374205e+00 2.067809e+00 -8.284642e+00 -9.580586e+00 7.962894e-02 -2.262243e+00 -1.314398e+00 -5.920647e-01 -3.878844e-01 -1.727421e+00 -2.955438e+00 -1.971457e+00 -1.379110e+00 -6.379110e-01 2.646116e+00 1.117879e+00 -1.307069e-01 -7.152705e-02 
-9.336805e-01 2.782968e+00 9.896955e+00 2.586530e+00 -5.184945e+00 7.251705e+00 1.414777e+01 -6.515622e+00 -5.629596e+00 6.817410e+00 -4.947689e+00 -7.398468e+00 3.241450e-02 -1.863816e+00 -8.342505e-01 -1.490215e+00 -4.884690e-01 -7.297010e-01 -3.956797e+00 -2.188774e+00 -6.863189e-02 -1.775557e-01 2.004983e+00 8.279827e-01 -1.651461e-01 -5.253829e-02 
-3.572147e+00 3.515774e+00 7.466518e+00 8.884706e-01 -4.606358e+00 6.409243e+00 1.602021e+01 -2.723154e+00 -4.439350e+00 1.347968e+01 -4.637035e+00 -9.950128e+00 4.634172e-02 -6.841144e-01 2.876782e-01 -2.549027e+00 -6.262458e-01 1.811968e+00 -2.264985e+00 -8.956712e-01 1.566725e+00 -2.766373e-02 1.302756e+00 1.860646e+00 1.157906e+00 -4.094242e-02 
-3.498632e+00 3.357302e+00 5.556868e+00 -5.046301e-01 -2.325663e+00 -7.814932e-02 1.026625e+01 -7.718525e-01 -3.799980e+00 8.573327e+00 -4.865100e+00 -1.015977e+01 -4.819000e-02 2.466855e-01 8.237503e-01 -1.371334e+00 3.892500e-01 2.304208e+00 -7.232857e-01 -7.362729e-01 2.033298e+00 2.351155e-01 -2.456799e-01 1.884356e+00 1.909592e+00 -3.831949e-02 
-6.123424e-01 6.949470e+00 2.143090e+00 7.393088e-01 3.710040e+00 2.697590e+00 1.068839e+01 2.963366e+00 -3.427331e+00 7.703631e+00 9.772944e-01 -2.410402e+00 -8.478093e-02 6.786378e-01 7.376637e-01 -8.818825e-01 1.035452e-01 2.388510e+00 -3.710527e-02 -8.984652e-01 9.029312e-01 -5.324594e-01 -2.002421e+00 1.327869e+00 1.402193e+00 -3.559684e-02 
-1.180155e+00 5.184872e+00 5.701998e+00 4.607361e+00 2.177898e+00 5.491103e+00 1.313231e+01 8.076084e-01 -4.960027e+00 8.477037e+00 1.666924e+00 -1.620369e+00 -9.362161e-02 1.972995e-01 1.581016e-01 -9.701300e-01 -5.483964e-01 2.016163e+00 1.212980e+00 1.241975e-01 2.081034e+00 8.341238e-01 -5.065142e-01 7.812055e-01 3.321261e-01 -1.913012e-02 
-1.338196e+00 6.290308e+00 2.984540e+00 -1.149799e+00 5.084411e+00 3.439090e+00 1.009485e+01 1.001771e+00 -6.521623e+00 3.515722e+00 -1.263701e+00 -7.208862e+00 -1.089267e-01 -6.964164e-01 -4.609041e-01 3.052316e-02 -5.500477e-01 -2.367740e-02 -1.077252e+00 -4.425831e-01 2.793421e+00 1.453236e+00 -4.039660e-01 1.639426e-01 -9.297510e-01 -1.122638e-02 
-2.149208e+00 4.477391e+00 2.854928e-01 -2.302058e+00 7.067968e+00 5.615999e+00 1.118401e+01 1.061412e+01 1.917785e+00 8.134710e+00 1.614258e-01 -6.099912e+00 -1.317677e-01 -5.430142e-01 -2.538447e-01 -1.248628e+00 -1.344035e+00 9.044576e-02 -2.956910e-01 -4.154815e-01 3.117764e+00 2.436034e+00 -2.402388e-01 -1.893649e-01 -2.652191e-01 -8.324802e-03 
-3.609898e+00 4.998690e+00 5.003958e+00 1.443780e+00 1.146617e+00 -2.751118e+00 9.449629e+00 1.202722e+01 3.999404e-01 5.854964e+00 2.549756e+00 -4.819386e+00 -1.218398e-01 -5.204881e-01 -2.971134e-02 -4.310477e-01 -5.209467e-01 -1.100123e-01 -6.675960e-01 -8.069612e-01 9.209717e-01 8.434477e-01 -1.212007e+00 -2.191936e-01 1.752372e+00 -4.441583e-03 
-2.759375e+00 4.561457e+00 -1.550849e+00 -3.409605e+00 4.599024e+00 7.107752e+00 1.137752e+01 1.088371e+01 3.759360e+00 6.106222e+00 -1.186629e+00 -4.141202e+00 -1.287891e-01 -3.704886e-01 3.986898e-01 3.090290e-01 1.806684e-01 -2.029969e-01 -1.229304e+00 -2.787163e+00 -1.612067e+00 -3.461561e-01 -2.155850e+00 -4.873180e-01 1.975300e+00 8.835316e-04 
-3.635553e+00 6.099718e+00 1.747473e+00 -3.200759e+00 5.768822e+00 -6.447661e-01 5.963294e+00 5.471836e+00 -3.225172e+00 -1.530066e+00 -1.685641e+00 5.736458e-01 -1.326239e-01 -1.204788e-01 2.573524e-01 -5.042673e-01 -5.228335e-01 -1.388628e-01 -1.223965e+00 -3.049997e+00 -1.886045e+00 -8.964054e-01 -1.526503e+00 -5.686477e-01 1.079347e+00 2.864158e-03 
-3.988823e+00 5.920326e+00 3.458880e+00 9.235535e-01 3.741882e+00 -1.583695e+00 -1.008634e+00 5.831474e+00 1.999561e+00 1.047977e+00 -1.574656e-01 1.080070e+00 -1.219580e-01 -1.847856e-01 1.097063e-01 1.027734e-01 2.668110e-01 -4.073442e-01 -1.401586e+00 -1.318606e+00 -3.241110e-01 3.114600e-02 5.807706e-01 -1.450060e-01 -1.758411e-01 1.965404e-03 
-3.597568e+00 5.606018e+00 -2.224290e-02 -3.336967e+00 8.808746e-01 -4.525218e+00 3.927200e-01 5.123108e+00 -3.202187e+00 7.515708e-01 -8.080641e-01 -2.033288e+00 -1.109345e-01 2.377300e-02 -5.589800e-02 -6.102251e-01 -2.221614e-01 -3.850278e-01 4.999463e-01 1.175472e+00 1.173587e+00 1.629528e+00 2.146350e+00 -8.942034e-02 -1.343143e+00 4.350281e-03 
-3.702296e+00 5.356839e+00 -1.521244e-01 -2.007446e+00 5.006276e+00 2.040050e+00 7.569777e+00 9.437515e+00 3.903598e+00 7.869256e+00 -2.350448e+00 -3.716941e+00 -1.298068e-01 5.717907e-02 -4.344053e-01 -9.422774e-01 -1.653545e-01 5.070864e-01 1.073798e+00 1.993866e+00 1.287225e+00 6.503040e-01 1.447939e+00 -4.377708e-01 -1.267801e+00 5.329681e-03 
-3.659952e+00 6.101972e+00 5.018495e-01 -2.846066e+00 3.211485e+00 4.309303e-02 7.551448e+00 9.536751e+00 3.970449e+00 5.791044e+00 -1.036252e+00 -3.743562e+00 -1.069481e-01 9.342518e-02 -1.359623e-01 1.565411e-01 1.099124e+00 3.654532e-01 2.522846e-01 1.570689e+00 1.302015e+00 -1.953676e-01 -8.428706e-01 -3.735385e-02 5.770620e-01 -2.443946e-03 
-3.671736e+00 3.500323e+00 -1.514553e+00 -1.486692e-01 5.112008e+00 1.501142e+00 5.381333e+00 1.006078e+01 1.664762e+00 5.767937e+00 -2.232226e+00 -4.403799e+00 -9.730279e-02 -1.260692e-01 -1.109054e-01 -1.587656e-01 2.329977e-01 -2.135248e-01 -1.584443e+00 -1.868386e-02 1.715634e-01 -9.662863e-01 -1.927650e+00 -6.415889e-01 8.508984e-01 -7.542992e-03 
-3.145722e+00 5.854464e+00 1.441677e+00 1.229267e+00 2.655274e+00 -2.994340e+00 9.340385e+00 1.132155e+01 -3.059607e+00 -2.412123e+00 -1.053944e+00 1.195451e+00 -1.394062e-01 3.641699e-01 2.643841e-01 -7.061527e-01 -5.346338e-01 -6.816576e-02 -4.175076e-01 -7.513449e-01 -1.092784e-01 -1.111660e-02 -4.845525e-01 -6.296855e-01 -1.300897e-01 -5.595112e-03 
-4.589756e+00 4.926065e+00 -1.415866e+00 -2.880124e+00 4.216758e+00 -4.363446e+00 6.581889e+00 9.402931e+00 2.587195e+00 2.332589e+00 -5.549546e+00 -1.931955e+00 -1.512927e-01 8.824979e-01 8.905953e-01 4.763794e-03 -5.638667e-01 -3.791832e-01 -5.079932e-01 -1.926649e+00 -1.077299e+00 2.428595e-01 5.349153e-01 6.138202e-01 -1.932516e-01 -1.605916e-03 
-1.380092e+00 6.711020e+00 -3.078257e+00 -4.153508e+00 3.318282e+00 8.878490e-01 3.194446e+00 9.319281e+00 3.453650e+00 5.085956e+00 -2.526019e+00 -5.629932e+00 -1.079288e-01 9.108741e-01 4.574475e-01 -1.624941e-01 -2.463853e-01 1.132846e-03 4.377493e-01 -1.952929e+00 -1.356110e+00 3.897076e-01 1.201014e+00 7.674749e-01 -8.733888e-01 1.255882e-03 
-1.420617e-01 7.525020e+00 7.692329e-01 -2.766151e-01 2.884588e+00 -2.979919e+00 -1.178942e+00 5.675416e+00 -3.775687e-01 4.693474e+00 1.572912e+00 -1.957365e+00 -1.210711e-01 2.520534e-01 1.238491e-01 3.784246e-01 3.564098e-01 4.674837e-01 1.031992e+00 -7.361635e-01 -6.973370e-01 -4.348114e-01 -1.721284e-01 5.992813e-01 -1.895157e-01 -2.632940e-03 
-8.151989e-01 6.842224e+00 -4.633431e-01 -1.304414e+00 3.327023e+00 -1.497358e+00 3.456155e+00 6.404757e+00 3.713123e-01 2.412503e+00 -7.777989e-01 -3.158788e+00 -1.482376e-01 -4.645255e-01 -5.156080e-01 -8.147071e-02 2.109442e-01 -2.300544e-01 -1.342389e+00 -5.163925e-01 -1.258277e+00 -3.591242e-01 -1.093540e+00 2.952794e-01 8.678235e-01 -5.444848e-03 
-3.611936e+00 5.479709e+00 -8.312004e-01 -2.522622e+00 6.549805e+00 1.989118e+00 2.770217e+00 7.373508e+00 1.954307e+00 2.808674e+00 -3.427250e+00 -4.115106e+00 -1.443030e-01 -5.266723e-01 -7.768533e-01 -8.929514e-01 -4.246618e-01 -1.332856e-01 -6.929495e-01 -1.528893e-01 -6.303508e-01 -2.321366e-01 -5.857724e-01 2.726151e-01 3.945135e-01 2.713084e-04 
-1.967782e+00 5.155636e+00 -2.685394e+00 -1.975783e+00 3.354015e-01 -8.308613e+00 -1.362096e+00 2.178849e+00 4.920911e-01 5.606568e-01 1.450459e+00 -2.119442e-01 -1.235371e-01 -1.775984e-01 -3.865177e-01 -6.637404e-01 -9.582861e-01 -3.866458e-03 -8.402101e-01 -1.085607e+00 -6.460999e-01 -3.688175e-01 2.721647e-01 5.182879e-01 1.221171e+00 4.827631e-03 
-2.199131e+00 4.484047e+00 -2.584499e+00 -2.064240e+00 3.713971e+00 -3.039039e+00 4.657378e-01 4.636616e+00 -1.598641e+00 2.690535e+00 1.821859e+00 -1.458219e+00 -1.320648e-01 1.962875e-01 1.073446e-02 -4.368393e-01 -1.195408e+00 7.418115e-02 -5.222611e-01 -6.637264e-01 -3.297755e-01 -3.489608e-01 5.319182e-01 2.971299e-01 1.329803e+00 2.148747e-03 
-2.409593e+00 5.407466e+00 -2.905396e+00 -6.325035e+00 4.725608e+00 -3.184330e+00 -8.196421e-01 4.542704e+00 3.036987e-01 3.832395e+00 -8.109138e-01 1.618623e+00 -1.302185e-01 -1.094083e-01 1.427079e-01 -7.609008e-02 -1.295930e+00 9.792050e-01 1.010328e+00 -2.004714e-02 4.633797e-01 1.525555e-01 7.685337e-01 -7.155519e-01 6.737977e-01 -1.151657e-03 
