-5.044792e+00 6.074731e+00 3.221870e+00 -9.527842e-01 1.293767e+00 -2.849460e+00 3.180553e+00 -2.290720e+00 -4.182454e+00 -8.363509e-02 -2.807183e+00 -6.263687e+00 -1.390553e-01 9.957333e-02 -2.558597e-01 -5.439795e-01 1.692027e-01 6.846306e-01 -2.844370e-01 -1.333727e+00 -7.055386e-01 -7.475953e-01 -4.792975e-02 -1.220454e-01 2.573625e-01 -6.293416e-04 
-4.600245e+00 6.239370e+00 3.646772e+00 -4.430205e-01 4.343183e+00 -1.604429e+00 4.587559e-01 -5.015521e+00 -4.781041e+00 3.530024e-01 -2.127753e+00 -4.523873e+00 -1.435808e-01 3.522465e-01 -2.558134e-01 -6.461238e-01 -7.827052e-02 -5.730406e-01 -5.472935e-01 -1.759315e+00 -5.585653e-01 -8.738445e-01 -3.211444e-01 -3.098577e-01 6.127985e-01 3.842235e-04 
-4.769199e+00 4.713113e+00 2.895217e-01 -3.616524e-01 3.192211e+00 -4.894160e+00 -2.127184e+00 -4.456013e+00 -7.621138e+00 -5.416026e-01 -3.757125e+00 -5.846782e+00 -1.399392e-01 4.803576e-01 1.867168e-02 -5.846249e-01 -9.236006e-01 -1.437329e+00 -8.279492e-01 -1.194121e+00 -8.592950e-01 -1.534548e+00 -5.092868e-01 -1.630324e-01 1.316709e+00 -8.941650e-04 
-3.421356e+00 5.476473e+00 1.457426e+00 -1.639703e+00 -2.520658e+00 -4.563577e+00 -2.962151e+00 -4.000900e+00 -6.832335e+00 -1.460373e+00 -3.881501e+00 -3.408148e+00 -1.366922e-01 1.699186e-01 -2.284565e-01 -6.576515e-01 -1.397981e+00 -1.339230e+00 -1.442115e+00 -7.719346e-01 9.770632e-03 -3.519309e-01 2.405150e-01 1.280884e+00 6.781532e-01 4.536867e-04 
-3.232449e+00 6.549538e+00 1.393419e+00 -4.972446e+00 -2.460957e+00 -5.509632e+00 -1.079598e+00 -7.094505e+00 -1.082955e+01 -1.723381e+00 -2.745471e+00 -2.380050e-01 -1.469704e-01 -1.588941e-01 -2.064028e-01 -1.270157e-01 -1.352556e+00 -6.605903e-01 -7.452365e-01 -7.061739e-02 6.570777e-01 1.058224e+00 6.822549e-01 1.868266e+00 7.811850e-01 -1.670909e-03 
-4.519027e+00 4.178875e+00 -1.934338e-01 -5.127529e+00 4.736161e-01 -8.507267e+00 -3.924710e+00 -3.647421e+00 -4.936491e+00 2.146467e+00 3.770838e+00 -3.937495e+00 -1.377968e-01 -5.634395e-01 -2.692920e-01 -7.379235e-02 -4.511029e-01 4.655588e-01 -2.697975e-01 -2.455596e-01 1.296322e+00 2.381674e+00 8.711146e-01 7.354180e-01 8.993357e-01 -7.361174e-04 
-5.014834e+00 4.329898e+00 4.798729e-01 -5.380521e+00 -1.607878e+00 -6.648498e+00 -1.998991e+00 -1.347363e+00 -3.277941e+00 1.066252e+00 1.758035e+00 -1.676183e+00 -1.477414e-01 -4.732867e-01 -1.360562e-01 2.141573e-01 -1.967947e-01 3.477671e-01 4.994582e-01 3.728409e-01 8.539589e-01 1.477768e+00 -3.854188e-01 -8.625194e-01 5.833818e-01 1.033747e-03 
-5.347361e+00 5.239833e+00 1.545237e+00 -3.691180e+00 -6.194043e-01 -5.343132e+00 -3.730252e+00 -3.928626e-01 1.300230e+00 1.500383e+00 -2.456164e+00 1.807620e+00 -1.399872e-01 -2.388902e-01 -2.945710e-02 9.025332e-01 7.848099e-01 -2.350925e-01 8.608661e-01 5.013722e-01 -5.992663e-01 -1.558348e+00 -5.940543e-01 -8.005217e-01 1.364939e+00 1.100707e-03 
-5.184715e+00 5.338778e+00 1.594870e+00 -6.674594e+00 -1.756113e-01 -4.594409e+00 6.873773e-01 -4.451990e+00 -6.559069e+00 -3.327433e+00 -3.944567e+00 -1.936539e-01 -1.407064e-01 1.152337e-01 1.732849e-01 5.185427e-01 9.535599e-01 -8.623220e-01 -4.146938e-02 -1.432740e-01 -2.174829e+00 -2.188896e+00 -2.996406e-01 2.123726e-01 5.033092e-01 -5.570650e-05 
-5.628537e+00 3.527149e+00 3.761734e+00 -5.564430e-01 -1.417980e+00 -5.229981e+00 -2.761034e+00 -5.091440e+00 -1.108767e+01 1.373038e+00 2.619531e+00 2.145933e+00 -1.358107e-01 5.089604e-01 1.699198e-01 5.964602e-02 1.024375e+00 -9.223735e-01 1.297752e-01 2.436403e-01 -1.672854e+00 -1.583020e+00 9.883963e-01 1.367927e+00 4.238715e-01 -1.669383e-03 
-4.298078e+00 6.052665e+00 1.964338e+00 -2.180090e+00 -5.520200e+00 -6.912420e+00 -3.199971e+00 -9.872222e+00 -8.028473e+00 -3.682787e-01 2.820508e-01 6.712064e-01 -1.501082e-01 8.731308e-01 1.242828e-01 -5.826763e-01 9.774534e-01 -5.501364e-01 -6.620075e-01 3.731971e-01 3.606798e-01 1.390902e+00 3.028528e+00 1.145346e+00 6.341043e-01 -1.691413e-03 
-3.245877e+00 5.732489e+00 1.658733e+00 -8.165587e-01 -2.558977e+00 -3.535250e+00 -5.683761e-01 -6.047019e+00 -5.880170e+00 4.962788e+00 2.270163e+00 3.494548e+00 -1.436332e-01 8.011325e-01 5.170518e-01 -5.080653e-01 -2.639808e-01 7.651702e-01 1.841702e-01 1.345181e+00 1.347121e+00 1.001523e+00 1.577710e+00 -6.788877e-01 2.253069e-01 2.684009e-03 
-2.010391e+00 4.857523e+00 -2.670114e-01 -1.657269e+00 -2.355794e+00 -8.751811e+00 1.457034e+00 -2.170801e+00 -2.208310e+00 1.002033e+01 1.956847e+00 2.302560e+00 -1.452522e-01 9.099188e-02 -1.529267e-01 -6.581761e-01 -6.603472e-01 2.394151e+00 7.696553e-01 3.492715e-01 1.417501e+00 6.778103e-01 1.252712e+00 -1.303060e+00 3.880527e-01 1.187651e-02 
-2.766718e+00 6.709980e+00 2.337082e+00 -2.137757e+00 8.256681e-01 -3.389434e+00 1.636370e+00 -2.206546e+00 -8.990133e+00 4.067284e+00 -1.612305e+00 2.456791e+00 -1.248187e-01 -3.541461e-01 1.148090e-02 -5.265814e-01 -5.479842e-01 2.470831e+00 -6.186875e-01 -3.877784e-01 -9.373350e-02 -6.890457e-01 -1.123862e+00 -2.327800e+00 7.452653e-02 2.271652e-02 
-4.082698e+00 4.799286e+00 -1.665717e+00 -4.821227e+00 4.758233e+00 -3.137051e+00 -2.555986e+00 -4.704953e+00 -3.084440e+00 6.343031e+00 -4.292017e+00 3.130348e+00 -1.001329e-01 -6.670186e-01 1.403347e-01 -2.290986e-01 -7.683811e-01 1.050764e+00 -6.305997e-01 3.650791e-01 -4.693481e-01 6.760604e-01 -1.311685e+00 -2.263406e+00 -6.817933e-01 3.240490e-02 
-3.980454e+00 5.819012e+00 -2.748210e-01 -1.974501e+00 6.238165e+00 -9.436068e+00 -5.007577e-01 -5.248611e+00 -8.887334e+00 1.182130e+00 -6.244405e+00 3.453286e+00 -5.261028e-02 -6.464689e-01 5.729389e-03 -6.955544e-01 -2.678232e-02 -6.154884e-01 -2.490151e+00 1.402984e+00 -1.356900e-01 2.327873e+00 -5.659032e-01 -1.497757e+00 -5.707358e-01 3.184922e-02 
-4.738616e+00 6.004680e+00 -1.065528e-01 -5.580803e+00 1.917751e-01 -8.881494e+00 4.350993e+00 -2.996509e+00 1.120592e+00 4.904485e+00 -7.044131e+00 -1.604654e+00 -1.933193e-02 -4.244022e-01 7.619804e-01 2.161832e-02 1.076112e+00 -4.209407e-01 -2.266026e+00 1.727093e+00 -9.495775e-02 7.482761e-01 -4.472621e-01 -9.933367e-01 -1.382776e+00 2.064530e-02 
-5.671103e+00 6.135929e+00 -1.920272e+00 -1.891881e+00 3.145504e-02 -1.296797e+01 5.197803e+00 -3.739217e+00 5.467163e-01 1.957040e+00 -7.725034e+00 1.970613e+00 -5.973101e-03 -3.907094e-01 3.857822e-01 1.486601e-01 1.830426e-01 -3.293466e-01 -1.490569e-01 1.477638e-01 -1.074397e+00 -1.376228e-02 -9.800897e-02 9.385432e-01 -9.702099e-01 -7.991076e-03 
-5.359385e+00 8.450729e+00 -7.348998e-01 5.180240e-01 5.756885e+00 -1.270123e+01 3.230196e+00 -5.934438e+00 -4.060084e+00 3.719265e+00 -8.518385e+00 -3.042195e+00 -2.022505e-02 2.463903e-01 9.093973e-01 5.031300e-01 4.414750e-01 -3.247142e-01 9.814949e-01 -1.248847e+00 1.283060e-01 -1.476678e+00 -9.431903e-01 1.557248e+00 1.006604e+00 -2.414423e-02 
-5.623617e+00 6.524899e+00 7.826530e-01 -4.108701e+00 1.808878e+00 -8.271483e+00 7.984599e-01 -9.151631e+00 -6.365807e+00 1.284695e+00 -8.145619e-01 -6.789922e-01 -9.211910e-02 -1.321368e+00 -2.367251e-02 3.298648e-01 1.054506e+00 -1.210955e+00 2.499962e+00 -1.690710e+00 1.456756e+00 5.498851e-01 -1.310680e-01 1.823562e+00 7.128361e-01 3.062201e-02 
-3.530408e+00 1.035718e+01 1.057634e+00 -2.265018e+00 -2.320508e+00 -6.322263e+00 3.064312e-01 3.512281e-01 -2.806538e+00 5.247066e-01 -2.713127e+00 4.753171e+00 -9.698009e-02 -1.084676e+00 -4.802476e-01 2.185471e-01 1.054022e+00 -1.355338e+00 2.647394e+00 -6.028592e-01 2.747583e+00 1.593708e+00 3.353745e-01 1.932916e+00 1.413279e+00 1.978103e-02 
-1.319243e+01 5.064340e+00 -1.167215e+00 4.772169e+00 -1.984624e+00 -3.657646e+00 -1.793867e+00 4.017297e-01 2.669369e+00 2.898980e+00 -1.509852e+00 1.637110e+00 1.855145e-01 6.620789e-02 3.496500e-01 3.790662e-01 1.608322e+00 -3.034878e-01 8.359575e-01 -2.510766e-01 1.548704e+00 8.491222e-01 -5.500249e-01 -3.477575e-01 -3.963929e-02 -6.065285e-03 
-6.998357e+00 6.779770e+00 1.332770e+00 1.347697e+00 8.769460e-01 -1.771179e+00 1.512064e+00 3.026795e+00 -6.091310e-01 4.588995e+00 1.493840e+00 2.866148e+00 -6.013668e-02 2.551524e-01 2.720869e-01 4.192025e-01 7.332880e-01 9.655926e-01 -1.812389e-01 8.301851e-01 -1.063536e+00 -4.118595e-02 -6.364670e-01 -9.180648e-01 -8.040125e-01 -2.657948e-02 
-3.558603e+00 1.006185e+01 2.540416e+00 2.126550e+00 -1.307288e+00 -6.367238e+00 -1.059739e+00 -2.745896e+00 -3.218899e+00 -3.497574e+00 -4.656833e+00 6.632280e-02 -1.408672e-01 5.513952e-01 1.804738e+00 7.884003e-01 -4.414916e-04 8.742582e-01 -1.417069e-01 3.789437e-01 -1.069767e+00 -1.905335e+00 6.093583e-02 -1.103764e+00 2.931682e-01 -1.923633e-02 
-7.071559e+00 9.218860e+00 1.299831e+00 2.724232e+00 2.168787e+00 -5.873662e+00 4.090293e+00 -3.392639e+00 -6.833345e-02 5.406483e-01 -5.729960e+00 1.518502e+00 -6.668663e-02 -1.478044e+00 1.695176e+00 -4.136511e-01 1.038990e+00 3.953155e-01 1.569649e-01 -1.063389e+00 -1.719457e+00 -1.977899e+00 1.358339e+00 2.828845e-01 1.398174e+00 5.231296e-02 
-1.039885e+01 1.286848e+01 2.791255e+00 4.081694e+00 1.740746e+00 -2.314939e+00 -1.188263e+00 -1.737387e+00 -7.127707e+00 5.227832e+00 -3.416770e+00 3.776774e+00 9.260780e-02 -1.363231e+00 -9.278759e-01 -1.866627e-01 -1.118709e-01 -6.533794e-01 2.251735e+00 -1.556878e+00 2.835769e-01 -8.348294e-02 1.338929e+00 2.571996e+00 1.785822e+00 2.269617e-02 
-1.096845e+01 1.385234e+01 -8.609052e-01 5.565076e+00 1.329506e+00 -3.012504e+00 -3.740617e+00 -6.074745e+00 -8.544223e+00 7.017988e+00 2.288231e+00 8.001792e+00 8.469063e-02 -4.564638e-01 -6.000627e+00 3.062918e+00 7.853456e-01 -9.206343e-01 2.723941e+00 -4.079174e+00 1.357344e+00 -6.592150e-01 -1.267690e+00 2.432201e+00 -6.050074e-02 8.654471e-02 
-8.426312e+00 3.105737e+00 2.687471e+00 1.467736e-01 -4.154544e+00 3.460860e+00 -4.928676e+00 1.304153e-02 6.016303e-01 -4.160118e-02 4.194050e+00 5.753788e+00 -1.030750e-01 1.445139e-01 -8.380402e+00 3.883823e+00 1.295933e+00 -1.064976e+00 1.982099e+00 -3.812101e+00 2.393445e+00 4.532770e-01 -3.039640e+00 -1.519342e-01 -2.084480e+00 1.282841e-01 
-1.034015e+01 -1.590290e+01 1.666632e+01 8.618420e+00 5.132616e-01 4.858143e+00 -1.443537e+01 2.518865e+00 -7.229077e+00 -3.163084e+00 2.625634e+00 2.274916e-01 4.638783e-01 9.926874e-01 -6.042081e+00 3.774932e+00 2.226123e+00 -1.062551e+00 1.537289e+00 -1.996508e-02 1.856404e+00 8.934263e-01 -2.536125e+00 -1.084879e+00 -2.111613e+00 8.899634e-02 
-9.990436e+00 -1.415591e+01 1.344676e+01 9.034689e+00 -3.176011e+00 3.660230e+00 -1.490139e+01 5.933035e+00 -5.518895e+00 -4.879832e+00 -4.345142e+00 -2.758472e+00 5.444345e-01 1.691025e+00 4.187884e-02 4.926435e-01 2.137957e+00 1.388691e+00 -2.226982e-01 2.847523e+00 9.154699e-01 1.779512e+00 1.489748e+00 -7.465034e-01 -1.130694e+00 -1.218269e-02 
-5.222955e+00 -7.727250e+00 1.263411e+01 1.225173e+01 -4.472517e+00 4.574254e+00 1.145914e+00 2.472771e-01 -1.016828e+00 -3.243520e+00 1.133432e+00 1.699860e+00 2.059175e-01 1.604659e+00 3.767653e+00 -3.139760e+00 -2.863428e-01 1.631395e+00 -8.959673e-01 3.958390e+00 -7.438079e-01 2.819751e+00 2.441237e+00 -4.485296e-01 -8.170463e-01 -1.293890e-01 
-2.529783e+00 -7.726951e-01 7.166790e+00 9.019902e+00 5.281799e+00 2.489314e+00 1.518298e+00 5.726185e+00 6.393065e+00 7.447358e+00 1.207634e+00 -6.358638e-01 -3.500807e-02 -5.283374e-01 2.729023e+00 -2.709104e+00 -1.963368e+00 2.510499e+00 -2.084002e+00 2.014146e+00 -3.228981e-01 1.359175e+00 3.778331e+00 4.713557e-01 1.381529e+00 -6.639889e-02 
-6.047180e+00 -3.756245e+00 4.107496e+00 7.194099e+00 4.441332e+00 9.637647e-01 -2.853263e+00 -1.096750e+00 9.136962e-01 2.879504e+00 -2.393402e+00 -4.919044e+00 1.066545e-01 -2.486015e+00 -5.322614e-01 -2.806691e+00 -3.354945e+00 1.990044e+00 -1.718059e+00 -1.238957e+00 2.718673e-01 1.239547e-01 4.053641e+00 -4.966526e-01 1.012641e+00 5.417814e-02 
-1.222001e+01 -2.496295e+00 4.164545e+00 1.746665e+00 4.919560e+00 -4.954534e+00 -2.831072e+00 4.990558e+00 3.117191e-01 1.095031e+01 -2.249472e-01 7.458624e+00 2.620716e-01 -1.431036e+00 -2.381210e+00 -2.071139e+00 -2.145734e+00 -2.083688e+00 -1.188384e+00 -2.640281e-01 -7.092687e-01 -1.593485e+00 -3.613570e-01 -6.001818e-01 7.887768e-01 9.145816e-02 
-1.280791e+01 -9.526756e+00 1.017799e-01 -8.863733e-01 5.658825e+00 -2.941158e-01 -2.874188e+00 1.974427e+00 2.643618e+00 1.527321e+01 -6.335405e-01 2.715822e+00 3.282684e-01 1.686059e-01 -1.432126e+00 -1.829384e+00 -9.380897e-01 -3.477032e+00 -8.524029e-01 3.554458e-01 -5.275533e-01 -1.623961e+00 -1.757538e+00 -1.339603e-01 -1.374482e-01 5.517828e-02 
-6.304598e+00 -9.793488e+00 -1.186047e+00 2.331469e+00 -5.745389e+00 -2.823665e+00 2.086198e-01 6.442524e-01 -2.439322e+00 -5.562782e-01 -2.673205e+00 -5.094132e-01 3.114758e-01 2.923782e-01 -8.135568e-01 -1.927999e+00 9.782209e-01 -2.742781e+00 1.783060e+00 1.424967e+00 -3.031077e-02 -9.568472e-01 -4.999259e+00 -1.699885e+00 -2.085290e+00 2.271470e-02 
-8.161857e+00 -7.268280e+00 -2.364126e+00 2.211249e+00 -7.611355e+00 -4.363684e+00 -2.595881e+00 -1.561364e+00 -5.830587e+00 -1.548917e-01 -1.839074e+00 -1.622267e+00 3.578439e-01 -1.305159e+00 5.898532e-01 -1.061770e+00 1.880066e+00 -1.263231e+00 1.417943e+00 1.797531e+00 6.617815e-01 -1.043635e+00 -3.490621e+00 -1.321893e-02 -3.903831e-02 1.706355e-02 
-1.308115e+01 -7.693318e+00 -4.242496e+00 5.088959e+00 -2.159253e+00 5.995549e+00 4.154610e+00 6.606899e+00 -2.354144e-01 -6.331932e+00 -8.121607e+00 -7.987846e-01 3.608574e-01 -1.702818e+00 1.618361e+00 -2.517834e-02 8.996465e-01 1.797890e+00 1.284035e+00 1.125801e+00 4.464437e-01 4.140922e-01 2.806966e-01 1.303379e+00 1.020716e+00 2.241785e-02 
-1.594544e+01 -7.627575e+00 -3.678846e+00 7.135212e+00 -2.450398e+00 2.385992e+00 4.140474e+00 2.302011e+00 -3.676512e+00 7.079297e-01 2.024566e+00 2.665316e+00 3.888953e-01 1.141893e+00 1.681794e+00 8.729898e-01 -4.451603e-01 1.516282e-01 -9.999771e-01 1.002441e+00 -7.977623e-01 -2.133704e-02 1.554165e-01 7.649660e-01 1.014260e+00 3.721946e-02 
-1.092690e+01 -1.522036e+00 -6.545789e-01 4.367720e+00 6.635854e-01 2.216721e-01 2.469447e+00 9.447834e-01 -1.445898e+00 4.157939e-01 1.911871e+00 2.450375e+00 4.080393e-01 2.335842e+00 1.568548e+00 1.078845e+00 -1.488645e+00 -4.979648e-01 -2.045820e+00 -1.375495e+00 -2.097703e+00 -8.479031e-01 1.344745e+00 1.893640e+00 3.422747e-01 5.668659e-02 
-3.529513e+00 -1.944951e+00 2.068641e-01 3.460671e-01 -8.264633e+00 -6.476631e+00 3.258905e+00 -2.719117e+00 -5.332030e+00 -2.751672e+00 -3.030983e+00 1.824453e+00 5.203502e-01 2.470878e+00 9.086183e-01 3.326278e-01 -1.458439e+00 -4.046816e-01 -8.522387e-01 -1.972880e+00 -1.348008e+00 -3.043031e-01 6.223204e-01 7.832748e-01 -7.072875e-01 5.717088e-02 
-7.609900e+00 -2.691888e+00 -7.911260e-01 1.040305e+00 -1.741959e+00 1.977633e-01 -2.282079e+00 -1.371048e+00 -3.647171e+00 2.121596e+00 3.874368e+00 1.333021e+00 5.785629e-01 2.925143e+00 9.782255e-01 -2.435346e-01 -1.523950e+00 -8.247470e-01 4.551574e-01 -1.466959e-01 -1.561509e-01 -1.119598e+00 6.688875e-01 4.481637e-01 -1.538095e+00 2.752858e-02 
-5.249544e+00 -2.499557e+00 -1.947434e+00 1.506727e+00 -3.271034e+00 -1.863247e+00 -3.348165e+00 -3.280111e+00 -4.097391e+00 2.966631e+00 4.959692e+00 -3.124438e-01 5.894879e-01 4.608747e+00 1.298115e+00 -1.257685e+00 -2.199752e+00 2.941591e-01 1.721648e+00 7.093796e-01 2.020885e+00 -1.842484e-01 -1.717873e+00 1.798274e+00 -7.911484e-01 4.751189e-02 
4.558834e+00 3.646395e+00 -7.951031e-01 -3.832361e+00 -5.956950e+00 1.907667e-01 5.039502e+00 4.445257e-01 -7.661206e+00 9.010801e-01 1.573522e-01 -4.171652e+00 5.111133e-01 5.750838e+00 4.744251e-01 -1.815745e+00 -3.591916e+00 -1.278539e+00 1.057734e+00 1.814843e+00 2.107768e+00 9.572482e-03 -4.159074e+00 1.169708e+00 -8.246733e-02 9.075502e-02 
1.342986e+01 1.376483e+00 -6.079571e+00 -8.216361e+00 -4.686343e+00 2.135108e+00 3.145012e+00 6.477519e+00 -4.246255e+00 -1.073078e+01 7.818897e+00 6.210474e-01 7.916344e-01 4.148668e+00 -8.442094e-01 -2.035455e+00 -3.582687e+00 -6.601449e-01 1.373944e+00 2.315171e+00 1.587639e+00 6.554993e-01 -4.137737e+00 1.456183e+00 1.150318e+00 1.231147e-01 
1.180459e+01 -2.257783e+00 -7.803781e+00 -1.205773e+01 -7.427001e+00 3.487253e+00 3.545548e+00 4.288977e+00 -3.524876e+00 -1.182507e+01 8.293305e+00 4.539387e-01 9.312647e-01 1.446594e+00 -2.408799e+00 -1.776444e+00 -1.925563e+00 -7.871104e-01 1.325453e+00 9.172935e-01 1.279730e-01 9.386398e-01 -2.823046e+00 1.849058e+00 1.593206e+00 1.181125e-01 
1.187092e+01 -3.768515e+00 -8.620368e+00 -1.229402e+01 -5.836732e+00 3.358229e+00 8.974667e+00 2.735861e+00 -2.888058e+00 -1.135898e+01 8.172628e+00 3.126351e+00 9.949858e-01 -3.573783e-01 -1.594402e+00 -6.192695e-01 -7.205232e-01 -6.626092e-01 8.255903e-01 1.540212e+00 -1.493305e+00 3.503212e-01 -6.940413e-02 9.712896e-02 9.543508e-01 4.510076e-02 
1.257127e+01 -5.825100e+00 -8.406923e+00 -1.142135e+01 -9.317307e+00 6.206471e+00 6.711142e+00 2.955220e+00 -3.647105e+00 -1.290005e+01 9.225775e+00 2.541726e+00 1.000000e+00 -1.905123e-01 -6.781629e-01 -2.034206e-02 -1.893152e-01 1.806853e-01 5.889731e-01 1.204138e+00 -8.957801e-01 -6.477318e-02 6.123716e-01 -3.201020e-01 1.135132e+00 5.616051e-03 
1.125962e+01 -4.811867e+00 -8.874347e+00 -1.213717e+01 -7.054236e+00 4.903450e+00 9.263277e+00 -3.221275e-01 -2.433534e+00 -1.054031e+01 7.838307e+00 4.348908e+00 9.827706e-01 -3.013583e-01 -2.161593e-01 1.151670e-01 -1.972070e-01 5.075345e-01 5.574663e-01 2.948695e-01 -1.144055e+00 1.920620e-01 7.269959e-01 -2.430810e-01 3.785518e-01 -1.223786e-02 
1.115767e+01 -5.126921e+00 -7.778502e+00 -1.308273e+01 -5.914823e+00 5.659508e+00 9.421930e+00 1.339070e+00 -4.076005e+00 -9.172547e+00 6.859955e+00 5.518321e+00 9.654526e-01 -5.152155e-01 1.826605e-01 1.867745e-01 -1.028369e-01 1.639692e+00 4.374027e-02 4.012282e-01 -1.813280e+00 5.434526e-01 1.229389e+00 -7.143016e-01 -3.779664e-02 -1.636844e-02 
1.107092e+01 -5.198401e+00 -8.358744e+00 -1.244936e+01 -5.000302e+00 6.419042e+00 9.093620e+00 -2.176337e+00 -1.713299e+00 -9.587749e+00 8.140133e+00 3.530813e+00 9.510702e-01 -2.240895e-01 -5.453396e-02 5.357618e-01 2.834676e-01 1.330449e+00 3.299028e-01 -3.071323e-01 -1.904490e+00 9.547892e-01 9.496880e-01 -1.089354e+00 -3.810813e-01 -1.936184e-02 
1.008954e+01 -4.718531e+00 -7.730852e+00 -1.177943e+01 -2.145815e+00 5.667377e+00 8.802112e+00 -5.184077e+00 -1.289959e+00 -7.229383e+00 5.503354e+00 2.761790e+00 9.340080e-01 -1.912147e-01 -4.229765e-02 6.396561e-01 5.247464e-01 1.109742e+00 3.920574e-02 -5.100371e-01 -1.844928e+00 1.011449e+00 8.689348e-01 -1.288626e+00 -4.472701e-01 -2.000281e-02 
1.067324e+01 -5.288732e+00 -6.219362e+00 -1.137148e+01 -2.286495e+00 6.549030e+00 8.037525e+00 -6.583004e+00 9.473886e-01 -6.763452e+00 3.069839e+00 3.821767e+00 9.016836e-01 -4.120267e-02 -1.070799e-01 7.271973e-01 3.771817e-01 9.854062e-01 -3.168499e-01 -3.570525e-01 -1.136490e+00 6.739398e-01 6.707847e-01 -1.282396e+00 -6.224668e-02 -1.635971e-02 
1.040044e+01 -5.293244e+00 -5.649912e+00 -1.099794e+01 -1.723014e+00 5.790543e+00 7.399792e+00 -5.682236e+00 -3.491044e-01 -6.240023e+00 2.951973e+00 3.136493e+00 8.901318e-01 2.045273e-01 -2.491668e-01 4.136717e-01 2.530116e-01 6.326394e-01 -3.712598e-01 -2.960072e-01 -4.550527e-01 4.458316e-01 2.130242e-01 -6.384088e-01 9.099386e-02 -9.709418e-03 
1.070946e+01 -5.446444e+00 -5.763227e+00 -1.095420e+01 -2.846713e-01 4.773210e+00 8.009518e+00 -7.609709e+00 1.185973e+00 -6.728506e+00 3.003842e+00 3.032228e+00 8.912098e-01 3.178739e-01 -3.413993e-01 1.415040e-01 2.152486e-01 5.083271e-01 -3.129401e-01 -2.292322e-01 -2.453692e-01 1.620911e-01 1.618767e-02 5.812902e-02 -1.852736e-01 -2.076954e-03 
1.109407e+01 -5.885509e+00 -5.890561e+00 -1.072302e+01 1.646996e-02 4.698988e+00 7.336080e+00 -6.945988e+00 8.199062e-01 -6.181734e+00 2.344307e+00 3.611529e+00 8.906978e-01 5.718425e-01 -5.170785e-01 1.336929e-01 2.061196e-01 2.478519e-01 3.075108e-02 -3.118843e-01 -1.716590e-01 2.823955e-01 -1.046712e-01 3.236297e-01 -1.987797e-01 7.993936e-04 
1.191580e+01 -6.699596e+00 -5.391518e+00 -1.043270e+01 -6.146011e-01 5.530107e+00 6.923220e+00 -7.177974e+00 1.173339e+00 -6.711658e+00 3.664317e+00 2.657881e+00 8.910158e-01 4.752108e-01 -4.803943e-01 1.711888e-01 1.521334e-01 -2.746796e-01 8.108065e-01 -8.727087e-01 3.877020e-01 -2.818569e-01 1.870355e-01 3.803431e-01 -2.213021e-01 3.108490e-03 
1.265649e+01 -7.252060e+00 -5.167302e+00 -1.022809e+01 -3.187900e-01 5.565850e+00 6.383519e+00 -6.756399e+00 1.069191e+00 -6.771803e+00 4.239885e+00 2.329768e+00 8.942257e-01 1.917971e-01 -3.633791e-01 7.590127e-02 3.942617e-01 -5.864514e-01 9.535192e-01 -8.694983e-01 4.140324e-01 -2.405438e-01 1.584449e-02 5.551980e-01 -3.652444e-01 4.611403e-03 
1.230431e+01 -7.165140e+00 -5.268913e+00 -1.044100e+01 -1.490439e+00 8.393811e+00 4.122254e+00 -5.765994e+00 -3.479535e-01 -5.498294e+00 3.957769e+00 2.566598e+00 9.049883e-01 -4.538345e-02 -3.011166e-01 7.857656e-02 3.421737e-01 -5.366572e-01 7.285680e-01 -5.934781e-01 4.491789e-01 -2.738015e-01 1.034267e-01 7.980399e-02 2.023294e-01 4.561740e-03 
1.185880e+01 -7.469633e+00 -5.572357e+00 -8.747561e+00 -2.477868e+00 8.034732e+00 4.389071e+00 -5.581816e+00 3.778333e-01 -6.709193e+00 4.973571e+00 1.830949e+00 9.067686e-01 -4.122107e-02 -2.520622e-01 -9.290461e-02 6.030518e-01 -9.071142e-01 1.023476e+00 -6.628310e-01 5.890069e-01 -2.880715e-01 2.108293e-02 -8.906503e-02 4.242455e-01 3.419089e-03 
1.208772e+01 -8.096394e+00 -4.796107e+00 -9.462100e+00 -2.218348e+00 7.938505e+00 4.953053e+00 -5.519371e+00 1.500102e-01 -6.225829e+00 3.696494e+00 3.918938e+00 9.075531e-01 1.176173e-01 -4.811869e-01 5.231285e-03 6.230263e-01 -4.476307e-01 6.510221e-01 -4.052435e-01 5.884232e-01 1.185132e-01 -1.119664e-01 1.794160e-01 2.129067e-02 2.787304e-03 
1.255867e+01 -8.046745e+00 -5.868228e+00 -7.702282e+00 -4.490407e+00 1.091088e+01 2.653964e+00 -3.934675e+00 -6.201487e-01 -6.302621e+00 3.925198e+00 3.774826e+00 9.100388e-01 3.263002e-01 -7.689884e-01 1.678742e-01 3.584205e-01 2.355199e-02 3.443262e-01 -5.909827e-01 4.649531e-01 1.229688e-01 6.230450e-02 1.498415e-01 -2.424393e-01 3.762364e-03 
1.254246e+01 -9.282518e+00 -5.094821e+00 -7.848503e+00 -2.722323e+00 1.021085e+01 2.963590e+00 -3.647448e+00 7.436038e-01 -6.261413e+00 5.379036e+00 1.701113e+00 9.172897e-01 1.514806e-01 -7.518952e-01 3.549099e-04 8.603753e-01 -1.425270e-01 4.366733e-01 -1.269412e+00 7.599171e-01 9.223543e-02 7.398967e-02 8.214364e-02 -4.320256e-01 4.594594e-03 
1.326293e+01 -1.072151e+01 -4.583630e+00 -7.762257e+00 -2.108120e+00 8.620193e+00 2.428890e+00 -4.193012e+00 6.958804e-01 -6.379879e+00 4.881507e+00 1.727665e+00 9.207121e-01 1.734791e-01 -9.647581e-01 1.682036e-01 1.147295e+00 -2.997317e-01 4.825488e-01 -1.912372e+00 1.190772e+00 -1.089156e-04 1.627831e-01 -2.187313e-01 -2.247452e-01 4.170013e-03 
1.249299e+01 -1.051849e+01 -5.436632e+00 -5.130236e+00 -4.122126e+00 1.126722e+01 -1.281471e+00 -1.590617e+00 -4.682714e-02 -5.817251e+00 3.629057e+00 2.782391e+00 9.251894e-01 1.737884e-01 -8.519572e-01 2.199220e-01 1.487906e+00 -5.466054e-01 4.949059e-01 -2.361559e+00 1.565762e+00 -1.998802e-01 3.697074e-01 -7.564331e-01 1.211586e-01 3.468764e-03 
1.345080e+01 -1.225255e+01 -4.856304e+00 -3.324942e+00 -5.289164e+00 1.279544e+01 -4.785365e+00 9.907686e-01 -2.254778e-01 -5.710786e+00 3.706531e+00 2.110461e+00 9.269390e-01 9.494569e-02 -7.903755e-01 5.469368e-01 1.364477e+00 -2.710342e-01 -1.060476e-01 -1.983817e+00 1.604041e+00 1.689322e-01 5.337743e-01 -9.198550e-01 -1.258240e-01 2.131140e-03 
1.331747e+01 -1.277678e+01 -3.858874e+00 -2.627630e+00 -3.864829e+00 1.059775e+01 -5.237077e+00 1.589473e+00 2.048820e-01 -4.747422e+00 2.184359e+00 2.115508e+00 9.315201e-01 1.530844e-01 -8.213358e-01 9.512358e-01 9.224103e-01 1.862740e-01 -1.362490e+00 -1.213645e+00 1.150668e+00 8.814224e-01 2.521453e-01 -5.970858e-01 -7.478572e-01 8.232176e-04 
1.332543e+01 -1.354424e+01 -2.637825e+00 -2.191175e+00 -3.591940e+00 8.424687e+00 -5.512390e+00 2.237146e+00 1.414687e+00 -4.245922e+00 1.004582e+00 1.431986e+00 9.282025e-01 -2.071732e-01 -4.656240e-01 1.091649e+00 7.371787e-01 2.202569e-01 -2.360330e+00 -6.955184e-01 8.009132e-01 1.407579e+00 2.676405e-01 -6.603191e-01 -7.376688e-01 1.262486e-03 
1.332110e+01 -1.397932e+01 -1.789693e+00 -1.085068e+00 -4.039368e+00 6.640143e+00 -6.986184e+00 3.539534e+00 3.540203e+00 -5.288957e+00 1.994603e+00 -6.176581e-01 9.286737e-01 -3.901449e-01 -2.215326e-01 1.383400e+00 5.551342e-01 7.911120e-02 -3.191615e+00 -3.338251e-01 4.885314e-01 2.011588e+00 1.152485e-01 -4.494606e-01 -3.879982e-01 2.248108e-04 
1.241312e+01 -1.397940e+01 -4.326475e-01 -4.103293e-01 -4.100610e+00 2.972595e+00 -7.388403e+00 4.020303e+00 5.144755e+00 -4.101815e+00 4.998129e-01 -2.113000e-01 9.346746e-01 -4.046111e-01 8.623238e-02 1.726570e+00 4.128578e-01 -2.029851e-01 -3.404713e+00 -5.608675e-01 6.105872e-01 1.939839e+00 8.022046e-02 -7.873695e-02 7.007241e-02 -3.171659e-03 
1.182290e+01 -1.366687e+01 1.955536e+00 -7.423815e-01 -3.214938e+00 -2.634277e+00 -5.968195e+00 3.140551e+00 8.397787e+00 -4.243233e+00 1.894403e-01 9.971598e-01 9.294081e-01 -5.249208e-01 7.485542e-01 1.705823e+00 2.404337e-01 -4.023795e-01 -3.340064e+00 -8.180951e-01 6.659635e-01 1.586659e+00 1.925128e-01 -3.553757e-01 7.253696e-01 -1.076433e-02 
1.205147e+01 -1.326931e+01 4.122410e+00 -2.982294e-01 -5.019081e+00 -3.961666e+00 -8.825722e+00 5.489573e+00 8.685088e+00 -4.367682e+00 1.513478e+00 9.749392e-01 9.119770e-01 -4.583886e-01 1.273946e+00 1.532897e+00 -6.679012e-02 -4.469310e-01 -2.606282e+00 -1.114540e+00 -9.975722e-02 1.763352e+00 -1.842680e-01 -4.553670e-01 8.088920e-01 -1.929821e-02 
1.087732e+01 -1.059160e+01 4.461893e+00 6.105101e-02 -5.592030e+00 -6.593045e+00 -1.035800e+01 6.134717e+00 9.703332e+00 -4.193460e+00 -2.891082e-01 2.416070e+00 8.862009e-01 -4.756445e-01 1.577532e+00 1.067292e+00 3.105274e-01 -5.346702e-01 -1.425239e+00 -1.805570e+00 -7.971999e-01 1.371485e+00 -4.636821e-01 -7.032607e-02 3.775189e-01 -2.511809e-02 
1.059396e+01 -9.147306e+00 5.978661e+00 -1.145996e+00 -5.146719e+00 -8.079429e+00 -1.076620e+01 2.024434e+00 1.330874e+01 -5.048041e+00 -1.537748e+00 3.123704e+00 8.597872e-01 -2.969797e-01 1.323640e+00 9.974683e-01 7.359532e-01 8.293267e-02 -8.105049e-01 -1.775865e+00 -1.792676e+00 1.073867e+00 -1.074480e+00 6.348240e-01 -1.357135e-01 -3.177109e-02 
1.017343e+01 -7.840208e+00 6.363873e+00 1.234139e+00 -5.824470e+00 -7.701590e+00 -1.402581e+01 8.871207e-01 1.294339e+01 -6.221463e+00 1.363423e+00 1.810372e+00 8.299125e-01 1.664650e-01 1.008765e+00 6.835726e-01 1.693289e+00 2.906265e-01 4.667478e-01 -2.034481e+00 -1.767736e+00 1.922684e-02 -1.244965e+00 8.272297e-01 -1.607153e-01 -4.519571e-02 
1.091852e+01 -8.026800e+00 8.158762e+00 2.794992e+00 -4.488197e+00 -7.459918e+00 -1.587114e+01 -8.500063e-01 1.243440e+01 -8.726082e+00 3.861332e+00 5.992209e-01 7.812657e-01 4.619485e-01 1.345793e+00 -4.274061e-01 2.769418e+00 1.989855e-01 1.888862e+00 -1.650219e+00 -1.055086e+00 -8.789595e-01 -1.426515e+00 2.073458e-01 -5.234663e-01 -6.591772e-02 
1.154737e+01 -6.108024e+00 6.789705e+00 6.557002e+00 -4.468158e+00 -4.569062e+00 -1.797793e+01 -1.266742e+00 1.023664e+01 -8.579264e+00 1.147500e+00 2.874735e+00 6.994831e-01 4.261495e-01 2.469107e+00 -1.002845e+00 1.946750e+00 1.588762e+00 1.692950e+00 9.935550e-02 -8.585180e-01 -1.924968e+00 4.644174e-01 -1.726187e+00 -6.275595e-01 -9.611493e-02 
1.221674e+01 -3.284435e+00 3.628714e+00 1.003966e+01 -4.829947e+00 -2.013827e-01 -1.704123e+01 -2.174065e+00 1.026732e+01 -1.100171e+01 -3.930575e-01 -2.580870e-02 5.954133e-01 -1.427519e+00 3.391788e+00 1.685617e-01 1.316160e+00 1.301051e+00 5.221531e-01 3.328913e+00 6.477993e-01 -3.337222e+00 3.172759e+00 -2.677507e+00 -2.028747e+00 -1.054988e-01 
1.165507e+01 2.134146e+00 3.614672e+00 7.345555e+00 2.290214e+00 -2.866107e+00 -1.294398e+01 -2.743440e+00 4.402088e+00 -2.761560e+00 -5.140316e+00 -1.014911e+00 4.422641e-01 -3.447800e+00 2.556436e+00 9.352551e-01 9.521926e-01 2.305587e+00 7.770104e-01 4.985345e+00 1.117286e+00 -2.821541e+00 3.075488e+00 -2.716129e+00 -3.057310e+00 -8.094505e-02 
3.727073e+00 4.811054e+00 1.058909e+01 8.981518e+00 -1.362130e+00 -5.700630e+00 -1.743553e+00 3.127339e+00 -1.334436e+00 4.228862e+00 -6.382295e+00 -7.599689e+00 3.823814e-01 -4.272317e+00 1.105720e+00 8.739206e-01 4.691237e-01 2.293760e+00 7.783128e-01 4.834569e+00 2.492841e+00 -8.314090e-01 2.897588e+00 -1.435240e+00 -6.010059e-01 -5.042635e-02 
-1.446800e+00 2.626413e+00 7.985794e+00 1.184704e+01 5.325868e+00 2.065614e+00 -7.000432e-01 1.668987e+00 1.929809e+00 -8.171113e-01 -9.438524e+00 -8.624876e+00 4.012738e-01 -4.122530e+00 -4.169989e-01 -6.270539e-01 -2.746560e-01 1.301102e+00 1.175833e+00 2.815597e+00 2.182471e+00 6.130756e-01 1.282699e+00 -2.451890e-01 4.514655e-01 -7.454080e-03 
-2.593916e+00 1.998030e+00 5.812756e+00 1.013454e+01 5.121027e+00 1.224321e+00 1.009642e+00 8.083930e+00 7.346413e+00 2.514001e+00 -5.420155e+00 7.741438e-01 3.637767e-01 -2.652125e+00 -1.501387e+00 -3.314239e+00 -1.942989e+00 1.540553e+00 9.798457e-01 1.355418e+00 1.088092e+00 5.823727e-01 3.075326e-01 1.113460e+00 2.227366e+00 6.808334e-03 
-5.797086e+00 1.455664e+00 2.867568e+00 5.395765e+00 5.554144e+00 -4.494173e-01 -2.425988e-01 5.690617e+00 3.127042e+00 4.509368e+00 -6.847332e+00 -2.944500e+00 4.142960e-01 -1.483538e+00 -1.142898e+00 -3.218360e+00 -2.121691e+00 2.280726e-01 9.546927e-02 1.626150e+00 1.955243e-01 -1.286602e+00 3.271421e-01 1.945988e+00 2.215757e+00 2.457136e-03 
-7.358409e+00 -2.110505e+00 -3.422994e+00 2.492208e+00 6.226499e+00 4.561143e-01 4.804814e+00 6.556985e+00 9.788105e-01 3.103286e+00 -2.110593e+00 6.969525e-01 4.099120e-01 -6.046262e-01 -7.481064e-01 -2.272567e+00 -1.355232e+00 -3.283853e-01 8.413815e-01 9.584923e-01 -1.732625e+00 -2.362622e+00 1.486011e-01 1.674277e+00 1.722877e-01 -7.332420e-03 
-6.482243e+00 -1.033811e+00 -3.488131e+00 5.059746e+00 5.913496e+00 2.927064e+00 5.533122e+00 3.410080e+00 -1.319398e+00 5.239570e-01 -1.363363e+00 2.492505e+00 3.904918e-01 -3.135878e-01 -9.930930e-01 -7.450687e-01 -2.075010e-01 -1.873409e-01 1.999513e+00 5.682029e-01 -1.526745e+00 -3.561504e-01 4.457687e-01 8.270590e-01 1.124726e+00 -2.566288e-02 
-5.274468e+00 -4.977643e-01 -2.372232e+00 3.526385e+00 3.299426e+00 3.742988e+00 2.914243e+00 5.610749e-01 -2.243477e+00 5.249712e+00 2.092469e-01 -1.082920e+00 3.390167e-01 2.075720e-02 -1.624855e-01 3.916112e-01 9.321868e-02 -1.131223e+00 1.732005e-01 -1.984108e+00 -1.461568e+00 4.812262e-01 5.725163e-01 -7.938755e-01 3.150584e-01 -2.895451e-02 
-8.406995e+00 -4.316172e+00 -1.383156e+00 3.841171e+00 6.080976e+00 7.904710e+00 3.543701e+00 1.054849e+00 2.957433e+00 5.664998e+00 -3.871956e+00 3.569065e+00 3.214293e-01 6.427574e-02 -3.535833e-01 2.441835e-03 -3.472812e-01 -3.436040e-01 -7.023326e-01 -3.052450e+00 -2.099681e-01 1.409229e+00 1.482025e-01 -9.721831e-01 -6.797078e-01 -2.320340e-02 
-6.292247e+00 -1.281752e+00 -2.517425e+00 3.567589e+00 4.866412e-01 -1.166706e+00 -4.121017e+00 4.267614e-01 1.246526e+00 3.395347e+00 -4.825674e+00 1.733964e+00 2.996708e-01 -2.552566e-02 -8.134125e-01 -6.526220e-01 -4.307262e-01 3.878102e-01 -1.854061e-01 -1.575806e+00 1.348033e-01 3.680959e-01 -7.519748e-01 -6.269568e-01 -2.270998e+00 -1.380116e-02 
-5.651975e+00 -2.409733e+00 -3.403325e+00 3.302738e+00 5.601868e+00 1.870248e+00 -6.211496e+00 2.427397e+00 3.981745e+00 2.192152e+00 -3.706819e+00 -2.314476e+00 2.941478e-01 1.119929e+00 1.068798e-01 5.682169e-01 -1.315598e-01 -1.186366e+00 -7.792222e-01 1.729782e-01 1.340097e+00 -1.656008e+00 -1.303045e+00 7.108981e-01 -4.122101e+00 -9.536386e-03 
-6.779607e+00 -5.518046e+00 -4.625257e+00 1.641971e+00 5.478030e+00 5.833188e+00 -8.718872e-02 5.488178e-01 -9.151532e-01 3.226261e+00 -3.008106e+00 -9.496139e+00 2.836516e-01 1.558477e+00 3.813585e-01 1.937035e+00 2.014372e-01 -1.342643e+00 -1.475281e-01 2.083766e+00 2.198475e+00 -3.198806e+00 -2.153989e+00 7.315392e-01 -4.431448e+00 -5.097711e-03 
-2.563670e+00 -1.663626e+00 2.511844e+00 4.146181e+00 -2.346550e+00 5.086514e-01 2.391678e+00 7.694305e+00 -4.241765e+00 -7.656853e-01 -1.226249e+00 -1.142639e+01 2.817569e-01 2.397777e+00 1.233587e+00 2.454329e+00 9.967703e-01 -1.246121e+00 -8.612828e-01 1.665451e+00 1.440289e+00 -9.992514e-01 -6.911508e-01 3.157726e-01 -1.464828e+00 -6.282332e-02 
-4.401493e-02 2.519865e-01 4.210166e+00 4.153054e+00 -2.252365e+00 -1.223548e+00 1.996227e+00 8.785681e+00 -1.063575e+01 -5.895679e+00 -2.408262e+00 -1.586732e+01 2.803777e-01 1.963895e+00 2.004730e+00 9.780290e-01 1.749859e+00 1.107052e+00 -1.181533e+00 1.957611e-01 3.176244e-01 1.695456e+00 8.890226e-01 8.519650e-01 1.893956e+00 -1.142141e-01 
2.969115e+00 8.731859e-01 4.450606e+00 7.031048e+00 3.236458e+00 1.092202e+00 1.074052e+00 5.510409e+00 3.845785e+00 3.297368e+00 -2.427877e+00 -6.453025e+00 -1.833177e-02 8.280595e-01 1.661407e+00 -1.377746e+00 1.099360e+00 3.619230e+00 1.781392e-01 -1.504169e-01 -6.818982e-01 4.271401e+00 2.500355e+00 1.067936e+00 3.424924e+00 -1.283851e-01 
2.734776e-01 3.237198e+00 -7.044933e-01 8.948834e+00 8.221786e+00 -3.662536e-01 1.550430e+00 3.228888e+00 3.518351e+00 5.639847e+00 1.852533e+00 -2.513038e+00 -1.373744e-01 -2.865012e-01 1.091542e+00 -1.348693e+00 1.114110e+00 3.475850e+00 6.533033e-01 3.596206e-01 -3.492260e-02 4.010723e+00 2.102054e+00 3.053380e-01 3.289414e+00 -9.963016e-02 
1.417881e+00 5.150803e+00 -1.919554e+00 7.245090e+00 1.051253e+01 9.707000e-01 1.862492e+00 7.063210e+00 1.003819e+01 5.968329e+00 1.983031e+00 -9.789102e-01 -1.512927e-01 -1.020302e+00 3.460475e-01 -1.388842e+00 1.887473e-01 1.682127e+00 -3.056149e-01 -1.113529e+00 -1.264594e-01 -3.187977e-01 -2.717098e-01 3.131825e-01 5.631808e-01 -2.798401e-02 
-7.009039e-01 3.570889e+00 6.517808e-01 9.616584e+00 1.148885e+01 2.103719e+00 3.400110e+00 7.834667e+00 6.321664e+00 3.279108e+00 -3.087026e+00 -2.157307e+00 -1.512927e-01 -9.774017e-01 -9.642780e-01 -1.482209e+00 -7.732001e-01 -7.429771e-01 -4.604855e-01 -2.197738e+00 -9.931726e-01 6.700788e-01 4.489872e-01 -3.695655e-03 4.013925e-01 3.790569e-03 
-1.645205e+00 2.436578e+00 -3.171740e+00 7.640910e+00 1.001356e+01 -1.670859e+00 -5.418432e+00 2.575222e+00 8.501397e-01 3.119189e+00 1.607815e+00 -3.814987e+00 -1.512927e-01 -1.757356e+00 -1.710566e+00 -1.229143e+00 -9.640844e-01 -1.193645e+00 -4.186703e-01 -1.300486e+00 -1.644413e+00 -4.461109e-01 1.188964e+00 -4.869547e-02 -3.754941e-01 3.287113e-03 
-3.081988e+00 -2.270799e-01 -7.489446e+00 4.884925e+00 4.756383e+00 -1.347902e+00 -5.797801e+00 5.070186e-01 1.146277e+01 9.309353e+00 2.021663e+00 9.119626e-01 -1.184216e-01 -8.048124e-01 -4.294545e-01 -1.161945e+00 -1.963700e+00 -1.523362e+00 -8.088185e-01 -3.226137e-02 -9.830953e-01 6.907472e-01 1.067294e+00 -1.100449e-01 -3.229109e-01 0.000000e+00 
-6.178358e+00 -1.503043e+00 -3.994655e+00 4.790498e+00 7.910537e+00 6.031591e-01 -4.098320e-02 2.504968e+00 5.237086e+00 8.898025e+00 -8.147908e-01 -4.391015e+00 -1.512927e-01 -1.635242e-01 8.543884e-01 3.764176e-02 -1.226878e+00 -8.456417e-01 1.199100e-01 2.268914e+00 1.023518e+00 1.285593e+00 -6.284215e-01 -1.215119e+00 -6.307661e-01 -3.287113e-03 
-2.458389e+00 3.393426e+00 -4.746486e+00 1.223289e+00 4.923553e+00 -3.077383e+00 5.500789e-01 2.954317e+00 7.581927e+00 5.726159e+00 -2.425948e+00 -3.483847e+00 -1.512927e-01 6.056477e-01 1.566235e+00 1.231165e+00 -8.131285e-02 -9.824898e-02 -1.819208e-01 1.723811e+00 7.684476e-01 -4.158175e-01 -1.448900e+00 -1.250241e-01 -8.920304e-01 -6.574226e-03 
-2.774625e+00 4.898267e+00 -4.355012e+00 3.337338e+00 5.701768e+00 -2.065683e-01 2.752199e+00 6.469162e+00 9.218526e+00 1.768678e+00 -2.243976e+00 -4.770913e+00 -1.512927e-01 5.229905e-01 1.731040e+00 1.167022e+00 -2.292926e-01 -3.775168e-01 7.539237e-01 1.512911e+00 -5.483382e-01 -8.860849e-01 -8.157328e-01 3.003516e-01 -3.833435e-02 0.000000e+00 
-1.755616e+00 4.403440e+00 -1.153443e+00 5.204941e+00 5.369523e+00 -1.852642e+00 1.424662e+00 2.367159e+00 7.392964e+00 5.629528e+00 2.111135e+00 -3.358240e+00 -1.512927e-01 -1.392256e-01 1.074800e+00 1.440767e+00 1.606035e-03 -4.174731e-01 1.867217e+00 1.544603e+00 1.349638e-01 -8.370465e-01 6.237473e-01 1.063599e+00 7.642387e-01 0.000000e+00 
-3.914792e+00 6.647152e+00 4.393268e-02 1.653209e+00 5.799968e+00 3.760407e+00 7.086283e+00 5.685619e-02 9.011431e-01 4.867676e+00 -1.581574e+00 -4.645490e+00 -1.512927e-01 -1.131338e-01 8.583903e-01 8.287066e-01 -9.910768e-01 -1.144692e+00 1.160195e+00 -3.222790e-02 3.441068e-01 -7.590764e-01 7.461073e-01 4.922220e-01 1.593849e+00 0.000000e+00 
-2.584434e+00 7.892986e+00 2.578769e-01 2.073384e+00 2.787087e+00 4.275217e+00 6.106052e+00 6.835289e+00 7.555386e+00 7.295397e+00 2.560846e+00 2.746352e-01 -1.512927e-01 -2.496437e-01 9.618008e-01 1.107294e-01 -1.449122e+00 -1.838898e+00 2.046199e-01 -6.079634e-01 1.278305e-02 -1.464304e+00 -8.244459e-01 -5.015095e-01 9.639171e-01 0.000000e+00 
-2.925885e+00 7.445446e+00 -9.171386e-01 -5.226779e-02 1.269527e+00 2.530477e+00 2.503645e-01 5.955631e+00 5.341933e+00 4.666280e+00 -7.721692e-03 1.381894e+00 -1.512927e-01 3.181820e-02 4.650024e-01 3.770815e-01 -8.492641e-01 -2.289593e+00 -1.635052e+00 -1.900450e+00 -1.311504e+00 -2.189162e+00 -5.781986e-01 -8.763328e-01 -2.587900e-01 0.000000e+00 
-3.498288e+00 8.813297e+00 -1.192603e-01 -1.187933e+00 -1.559745e+00 -2.145775e-01 1.802804e+00 -5.183128e-01 -2.148952e+00 1.607996e+00 -1.183338e+00 -1.552347e+00 -1.512927e-01 -3.632818e-01 -1.775985e-01 4.713048e-01 -8.544418e-01 -9.954360e-01 -1.219326e+00 -4.097614e-01 -1.548142e+00 -3.267455e+00 -2.172963e-01 -8.398321e-01 -1.820519e+00 0.000000e+00 
-3.298774e+00 8.512009e+00 2.117908e+00 -9.624531e-01 -3.474580e+00 -2.169957e+00 -2.643416e-01 -2.823865e+00 -5.192496e+00 4.820384e+00 -4.091146e+00 -5.025949e+00 -1.512927e-01 -2.980104e-01 7.250106e-02 4.524652e-01 4.294099e-01 -5.293906e-01 -7.043294e-01 6.686059e-01 1.775336e-01 -8.866342e-02 9.832221e-01 1.807237e-02 -2.358616e+00 0.000000e+00 
-4.214398e+00 6.471712e+00 1.096877e+00 -1.743733e+00 1.819606e-01 5.288037e-01 4.314599e+00 3.484328e+00 -3.514674e+00 6.131864e+00 4.033971e-01 -5.624040e+00 -1.512927e-01 -1.327565e-01 -2.073987e-01 3.633896e-01 1.297809e+00 1.736289e+00 1.846421e-01 1.149060e+00 1.901660e+00 1.947969e+00 5.721883e-01 -2.801638e-01 2.309992e-02 0.000000e+00 
-4.057882e+00 8.978744e+00 7.371187e-01 2.372681e+00 -2.248279e+00 -1.362861e+00 2.337497e+00 4.841978e+00 5.581477e+00 7.320457e+00 -7.107276e-01 -8.375340e+00 -1.512927e-01 5.015307e-02 6.452805e-01 8.382289e-01 1.489264e+00 1.630987e+00 -3.730564e-01 3.791366e-01 2.289459e-01 1.189539e+00 -4.373726e-01 3.237560e-01 2.453830e+00 0.000000e+00 
-3.782516e+00 7.542935e+00 2.388083e+00 3.633544e+00 6.508551e+00 3.050851e-01 6.247186e+00 5.157064e+00 2.203906e+00 3.218900e+00 -4.274366e+00 2.378474e-01 -1.512927e-01 1.237248e-01 7.967209e-01 1.382484e+00 8.756348e-01 5.442779e-01 -5.783198e-02 -4.360231e-01 -1.267579e+00 4.031772e-01 -1.894208e-01 3.302531e-01 2.276856e+00 0.000000e+00 
-3.263949e+00 1.120280e+01 5.663450e+00 3.795230e+00 1.517062e+00 -3.923379e+00 6.650475e-01 -2.515503e+00 -2.104090e+00 4.090003e+00 -1.334842e-01 4.312258e+00 -1.512927e-01 -4.104252e-02 2.040029e-01 1.083276e+00 2.429439e-01 5.782110e-01 -1.703116e-01 -1.165829e+00 -1.846352e+00 -4.063435e-01 -7.447499e-01 -4.219117e-02 1.302771e+00 0.000000e+00 
-3.992741e+00 9.343289e+00 5.546132e+00 1.923167e+00 1.020680e+00 1.519903e+00 2.970708e+00 8.251728e-01 2.343996e+00 6.799987e+00 1.766041e+00 -5.835572e-01 -1.512927e-01 -3.879152e-01 -2.526956e-02 3.097968e-01 4.484499e-01 -7.758583e-01 -1.808245e-02 -1.004007e+00 -1.376621e+00 -2.447034e-01 -8.155552e-01 1.877590e-01 -1.104473e-01 0.000000e+00 
-4.157983e+00 9.098581e+00 4.574474e+00 4.442589e+00 3.386712e+00 -2.821828e+00 -1.853410e+00 -2.223834e+00 3.479714e+00 1.806164e+00 -3.941887e+00 -1.450781e+00 -1.512927e-01 -5.680809e-02 -4.893848e-01 -1.322137e+00 5.368530e-01 6.700625e-01 8.318699e-01 3.288723e-01 9.226000e-01 3.076714e-01 -8.924030e-01 3.442672e-01 3.524252e-01 0.000000e+00 
-5.275076e+00 8.468697e+00 4.481555e+00 5.552114e+00 1.694435e+00 -3.361031e-01 2.486381e+00 -1.871878e+00 -1.811513e+00 2.830439e-01 -1.431370e+00 2.567131e+00 -1.512927e-01 -2.131282e-01 -3.594608e-02 -1.275360e+00 1.885530e-01 5.660949e-01 1.455161e-01 7.926761e-01 3.783048e-01 -1.186682e+00 -8.952324e-02 5.096668e-01 9.113606e-01 0.000000e+00 
-2.906822e+00 9.193171e+00 -4.149454e-01 4.665022e+00 4.530497e+00 1.163973e+00 2.551573e+00 3.446022e+00 1.512022e+00 2.886459e+00 3.186557e+00 4.499040e+00 -1.512927e-01 1.207706e-01 2.102606e-01 -7.340600e-01 -7.929673e-01 1.782425e-01 5.618995e-01 1.478111e+00 1.323730e+00 -2.322414e-01 1.810925e+00 5.046066e-01 -3.013548e-01 0.000000e+00 
-5.683962e+00 9.116264e+00 1.664043e+00 2.754716e+00 3.279262e+00 2.545832e-01 4.731597e+00 -1.182314e-01 -2.605568e+00 5.812223e+00 7.501525e-01 9.983345e-01 -1.512927e-01 5.302390e-01 -3.675542e-02 1.536604e-01 -3.095696e-01 -3.642767e-01 -3.600152e-01 4.898733e-01 8.981945e-01 6.337606e-01 1.796639e+00 3.143331e-01 -1.424656e+00 0.000000e+00 
-3.349687e+00 9.826100e+00 2.312930e+00 1.876452e+00 3.485511e+00 -3.076736e-01 4.414535e+00 3.517994e+00 2.715535e+00 8.096197e+00 -2.509615e+00 -2.173157e+00 -1.512927e-01 1.468399e-01 -1.476571e-01 1.030277e+00 -3.252076e-01 -3.247160e-01 -5.606092e-01 -1.339821e-01 -1.418463e-01 -4.048934e-02 5.220456e-01 -2.019591e-02 -1.078278e+00 0.000000e+00 
-2.402449e+00 7.968455e+00 3.885919e+00 5.398551e+00 3.955441e-01 -1.400356e+00 4.004266e+00 2.583109e+00 7.555326e-01 6.661369e+00 2.988382e+00 -1.220052e+00 -1.512927e-01 1.411543e-02 -4.224314e-01 6.170689e-01 -1.898483e-01 -8.568386e-01 -7.923352e-02 -2.109242e+00 -8.897190e-01 -1.492280e-01 -1.139161e-01 -2.776537e-01 -3.921988e-01 0.000000e+00 
-3.813379e+00 9.028790e+00 3.625504e+00 1.717066e+00 4.348775e+00 -8.116029e-01 2.245327e+00 1.386121e+00 -3.709754e-01 5.072114e+00 1.966463e+00 2.168416e-01 -1.512927e-01 -7.042793e-01 -5.412370e-01 3.767522e-01 -3.495954e-01 -1.167626e+00 2.346844e-01 -2.702337e+00 -2.012177e+00 -1.161196e+00 -2.589709e-01 -6.597616e-01 -9.066103e-02 0.000000e+00 
-5.381538e+00 7.402762e+00 4.093101e+00 1.885167e+00 -1.436563e+00 1.103803e-01 -4.730011e+00 -3.500890e+00 -1.808453e+00 6.754684e+00 -2.876155e+00 -2.157659e+00 -1.512927e-01 -7.526339e-01 -2.757414e-01 8.819582e-02 -6.858668e-01 -9.449555e-01 3.943456e-01 -2.444389e+00 -1.705501e+00 -6.565450e-01 1.869201e-01 -1.657169e+00 -4.249714e-01 0.000000e+00 
