-3.837487e+00 3.053101e+00 -4.898527e+00 -7.377399e+00 9.932389e-01 2.105353e+00 1.554083e+00 -4.155474e+00 -9.004741e+00 -3.292146e-01 2.740006e-01 -8.026445e+00 -1.512927e-01 5.302604e-01 5.026416e-01 6.113485e-01 4.988917e-01 -2.014622e-01 -3.679633e-01 -4.273156e-01 1.913424e-01 5.939058e-01 3.314208e-01 3.758748e-01 1.745279e+00 0.000000e+00 
-2.189066e+00 4.108384e+00 -2.975492e+00 -5.316418e+00 6.931677e-01 -3.665938e-01 -3.531439e+00 -7.315606e+00 -1.170789e+01 -3.307498e+00 -2.652931e+00 -4.660682e+00 -1.512927e-01 7.333450e-01 6.101762e-01 5.595611e-01 9.648033e-01 9.576868e-01 -1.225637e-01 -9.441882e-01 -1.702005e-01 9.458410e-01 5.927669e-01 4.317696e-02 2.349166e+00 0.000000e+00 
-2.010396e+00 5.038667e+00 -2.803303e+00 -5.913431e+00 1.359634e-01 1.501510e+00 1.960266e+00 -1.618695e+00 -4.683637e+00 2.817032e+00 3.616840e+00 -9.829343e-01 -1.512927e-01 4.259481e-01 3.531376e-01 -1.041908e-01 1.003826e+00 5.228568e-01 -8.938051e-01 -5.896000e-01 6.845794e-02 1.120293e+00 1.483331e+00 8.684230e-01 2.360880e+00 0.000000e+00 
-1.084308e+00 5.111198e+00 -3.148334e+00 -3.285367e+00 6.210310e+00 1.794456e+00 -3.369950e+00 -6.274865e+00 -6.436088e+00 1.061497e+00 -1.181534e+00 1.976302e-01 -1.512927e-01 -1.937799e-01 -3.707590e-01 -6.095968e-01 3.664378e-01 8.824220e-01 5.267515e-02 9.948167e-01 3.867284e-01 8.515781e-01 2.085780e+00 9.230348e-01 4.349082e-01 0.000000e+00 
-2.260126e+00 4.317381e+00 -5.333060e+00 -3.373797e+00 8.489513e-01 -3.444197e+00 -1.474662e+00 -4.333554e+00 -6.039176e+00 4.902943e+00 3.880417e+00 1.348798e+00 -1.512927e-01 -4.372483e-01 -6.689645e-01 -9.930723e-01 1.599148e-01 8.187314e-01 5.788053e-01 1.433330e+00 -2.226150e-01 -1.740873e-01 1.429334e+00 4.787932e-01 -8.686808e-01 0.000000e+00 
-3.033100e+00 2.615232e+00 -4.758598e+00 -4.754046e+00 4.748784e+00 2.369636e+00 3.160109e+00 -4.024535e+00 -6.772229e+00 6.078445e+00 1.830455e+00 -3.652007e+00 -1.512927e-01 -6.398225e-01 -8.596552e-01 -8.013467e-01 -6.675364e-01 -1.492036e+00 -1.576963e-01 1.800320e+00 1.119880e+00 5.369676e-01 5.366169e-01 3.016138e-01 -6.642798e-01 0.000000e+00 
-3.222241e+00 2.941827e+00 -6.963532e+00 -4.379518e+00 4.960384e+00 4.107947e+00 5.861889e+00 -3.856936e+00 -5.386003e+00 7.455230e+00 4.504812e+00 -3.401520e+00 -1.512927e-01 -2.353468e-01 -4.168783e-01 -1.159577e-01 -8.339624e-01 -6.496096e-01 1.151823e+00 9.318711e-01 1.259943e+00 1.063469e+00 -9.138524e-01 6.816232e-01 2.124715e-01 0.000000e+00 
-3.802362e+00 1.500699e+00 -6.339831e+00 -6.120189e+00 -3.305585e+00 -2.770098e+00 1.963375e+00 -9.137756e-01 -4.077836e+00 2.468438e+00 1.433745e-02 -7.486099e-01 -1.512927e-01 1.224717e-01 1.353732e-01 -2.292879e-01 -2.599114e-01 -8.698224e-01 7.931519e-02 -3.480474e-01 1.058733e+00 4.476467e-01 -1.465628e+00 4.248071e-01 1.053223e+00 0.000000e+00 
-3.052229e+00 2.790256e+00 -5.122231e+00 -6.860538e+00 1.628088e+00 4.884783e+00 3.783061e+00 4.107828e-01 -2.069030e+00 2.138684e+00 8.196592e+00 9.594571e-01 -1.512927e-01 1.289866e-01 3.660251e-01 3.933086e-01 5.824614e-01 1.324992e-02 -3.097186e-01 -4.181524e-01 9.796857e-01 -2.099189e-01 -9.301519e-01 5.064013e-02 3.533469e-01 0.000000e+00 
-2.505748e+00 3.367883e+00 -6.825687e+00 -4.813094e+00 2.065820e+00 2.377794e+00 2.459285e+00 -8.647269e-01 -6.192482e+00 1.408579e+00 2.108600e+00 -5.663786e-01 -1.512927e-01 1.158750e-01 8.465590e-01 5.520992e-01 9.772695e-01 1.530739e+00 6.191306e-01 8.463798e-02 4.547798e-01 -4.889787e-01 -1.229632e-01 -3.478516e-01 -3.864686e-01 0.000000e+00 
-3.225616e+00 3.838361e+00 -4.754062e+00 -2.120758e+00 2.340931e+00 -1.459146e-02 3.523172e+00 1.016968e+00 -5.378274e+00 3.334400e+00 3.710881e+00 -1.725901e+00 -1.512927e-01 1.060715e-01 5.845934e-01 3.710861e-01 -3.402185e-02 6.062941e-01 -2.609507e-01 -2.439499e-01 5.261197e-01 5.131292e-01 1.984403e-01 -1.477115e+00 -6.091127e-01 0.000000e+00 
-3.136294e+00 5.209442e+00 -3.763421e+00 -3.603731e+00 3.991687e+00 2.775242e+00 2.516510e+00 1.057031e+00 -4.868107e+00 1.255764e+00 5.179352e-01 -1.338274e+00 -1.512927e-01 5.442514e-02 2.418710e-01 3.182587e-01 -7.345661e-01 -9.206247e-01 1.887563e-01 9.369591e-01 7.210242e-01 1.339662e+00 7.734176e-01 -1.145297e-01 6.993901e-01 0.000000e+00 
-2.206598e+00 4.792444e+00 -4.797935e+00 -7.635328e+00 3.696624e+00 3.381305e+00 2.534699e+00 2.080503e+00 -1.655713e-01 3.207293e+00 1.606350e+00 -1.700159e+00 -1.512927e-01 9.833946e-02 1.556873e-01 1.035847e-01 -5.100300e-01 -1.687308e+00 -5.101174e-01 4.103708e-02 5.836972e-01 1.547440e+00 1.468420e-01 2.645302e-01 1.959209e+00 0.000000e+00 
-2.743131e+00 4.100197e+00 -5.212458e+00 -5.728639e+00 -3.215151e+00 1.623627e+00 7.638317e+00 2.208627e+00 -2.100525e+00 5.339220e+00 2.588217e+00 2.917701e+00 -1.512927e-01 -2.301712e-01 -2.155555e-01 5.667206e-02 4.530692e-03 -1.269480e+00 -5.104853e-01 3.169738e-01 -1.475987e-01 9.357961e-01 -3.766519e-01 3.785959e-01 2.234249e+00 0.000000e+00 
-2.930500e+00 5.171420e+00 -3.511619e+00 -3.608455e+00 -2.492189e+00 -1.989371e+00 1.167454e+00 3.359656e+00 9.751334e-01 2.026882e+00 3.998391e+00 5.942156e+00 -1.512927e-01 -7.413556e-01 -5.601820e-01 -4.256724e-01 5.764906e-01 -2.954138e-01 -1.112757e+00 -6.525434e-01 -1.679034e+00 3.003300e-01 -6.947289e-01 -1.237008e+00 1.002165e+00 0.000000e+00 
-3.925200e+00 3.942176e+00 -4.123218e+00 -5.594514e+00 7.386951e-01 2.908154e+00 4.785001e+00 -3.205393e-01 -7.594785e-01 -3.728986e-02 1.214894e+00 6.011814e+00 -1.512927e-01 -4.969053e-01 -2.107436e-01 -2.786601e-01 1.952840e-01 7.402465e-01 -1.453244e+00 -2.045774e+00 -1.939650e+00 8.975399e-02 -1.935704e-01 -1.733939e+00 -1.165462e+00 0.000000e+00 
-5.322342e+00 2.070544e+00 -7.470916e+00 -4.819937e+00 2.426324e-01 -2.824742e+00 6.986403e-01 -5.050083e+00 6.655559e-01 2.421903e+00 -3.892029e+00 1.763610e+00 -1.512927e-01 -3.619558e-01 -4.391305e-01 -3.129657e-01 5.326097e-01 7.025535e-01 -6.351851e-01 -4.863794e-01 -1.405369e+00 -2.378584e-01 1.161712e+00 -1.915777e-01 -2.369898e+00 0.000000e+00 
-4.031736e+00 4.596917e+00 -4.626110e+00 -4.146478e+00 -8.813291e-01 -5.224908e+00 -2.356146e+00 -3.284753e+00 -1.496966e+00 4.173858e+00 -2.136270e+00 -8.203367e-01 -1.512927e-01 -1.800403e-01 -2.006575e-01 1.578321e-01 1.119645e+00 5.745002e-01 -7.304948e-01 -1.319061e+00 -6.494015e-01 -3.732473e-01 8.150009e-01 5.970178e-01 -1.076925e+00 0.000000e+00 
-4.687011e+00 2.648397e+00 -4.825002e+00 -1.669425e+00 1.830590e+00 -1.098766e+00 2.306130e+00 -2.185084e+00 1.545849e-01 5.729867e+00 4.716084e+00 -2.491257e+00 -1.512927e-01 1.250404e-01 -7.098337e-02 2.731371e-03 2.612162e-02 1.573170e+00 1.657482e+00 7.515088e-01 1.581762e+00 3.096963e-01 5.202615e-01 1.815365e+00 6.725649e-01 0.000000e+00 
-5.143066e+00 2.649962e+00 -4.657014e+00 -1.571545e+00 2.817217e+00 -1.607308e+00 -2.614047e+00 -5.000046e+00 -2.370230e+00 2.383733e+00 -1.040738e-01 2.754621e+00 -1.512927e-01 -4.843262e-01 -1.958923e+00 -6.207136e-01 -1.508673e+00 2.307642e+00 3.881029e+00 -7.634279e-01 2.799815e-01 4.943012e-01 1.436002e+00 9.521062e-01 4.275822e-01 1.939485e-02 
-4.141475e+00 2.689105e+00 -7.441807e+00 -5.976796e+00 6.259208e+00 3.653870e+00 4.585135e+00 3.716376e+00 2.650669e+00 5.918273e+00 4.168696e+00 3.338955e+00 -1.512927e-01 -3.852533e-01 -2.537620e+00 -5.305977e-01 -1.985210e+00 2.323460e+00 3.940410e+00 -3.008199e+00 -1.016706e+00 -2.815964e-02 2.163035e+00 3.832896e-01 -9.568623e-01 4.448418e-02 
-6.726135e+00 -5.218051e+00 -6.421276e+00 -9.536159e+00 8.442569e+00 1.180392e+01 -7.312788e+00 -4.835576e+00 -2.735022e-01 1.125966e+01 2.897955e+00 -1.597531e+00 -5.431843e-02 2.657064e-01 -1.150032e+00 1.388551e-01 6.091280e-01 1.919447e+00 2.771987e+00 -1.134279e+00 -7.457676e-02 1.326580e+00 2.487832e+00 4.732236e-01 -2.109170e+00 1.739337e-02 
-5.821743e+00 -6.105698e+00 -6.595860e+00 -7.613168e+00 1.063522e+01 1.189767e+01 -1.038550e+01 -7.350851e+00 -1.034577e+00 1.210708e+01 5.131518e+00 -5.099493e+00 2.264106e-02 6.397471e-01 1.435593e+00 2.143327e+00 2.787615e+00 8.554129e-02 -1.674703e-01 2.575135e-02 1.103325e-01 4.013128e-02 -3.082793e-01 -8.186485e-01 -7.998050e-01 -9.697425e-03 
-2.974401e+00 1.297200e+00 -4.385713e+00 2.292281e+00 1.022645e+01 8.130730e+00 -8.001244e-01 1.606828e-01 6.105293e+00 1.172849e+01 1.780634e+00 -3.572004e+00 -1.512927e-01 5.947736e-01 2.689222e+00 1.540435e+00 2.214515e+00 -1.748893e+00 -3.351046e+00 2.380687e+00 2.157871e+00 -1.483846e-01 -2.036482e+00 -1.589514e-01 1.119046e+00 -3.678823e-02 
-2.818606e+00 6.609444e+00 2.257045e+00 2.047058e+00 5.794976e+00 4.653113e+00 1.457560e+00 1.769909e+00 -3.380723e-01 4.142464e+00 6.341147e-01 3.271654e-01 -1.512927e-01 -2.076354e-01 1.891085e+00 5.826653e-01 -1.221604e-02 -2.700322e+00 -3.212642e+00 1.793875e+00 1.266835e+00 8.592768e-02 -2.038520e+00 -1.916251e-01 1.675392e+00 -3.478675e-02 
-5.253836e+00 1.870485e+00 -3.145554e+00 -3.293696e+00 2.118223e+00 -1.329030e+00 -1.330882e+00 1.393400e+00 -1.363678e+00 5.059560e+00 4.351900e+00 1.284368e+00 -1.512927e-01 -1.046163e+00 6.862549e-02 -8.090766e-01 -2.563765e+00 -2.629487e+00 -2.378610e+00 1.292499e-01 -1.149301e-01 -4.025978e-01 -1.407104e+00 -5.598376e-02 6.766858e-01 0.000000e+00 
-5.720202e+00 3.063087e+00 -4.302612e+00 -4.881259e+00 1.187721e+00 5.643408e-01 -1.150744e+00 -1.633036e+00 3.129547e+00 5.248941e+00 2.887759e+00 8.492809e-01 -1.512927e-01 -1.102447e+00 -4.205890e-01 -1.318924e+00 -1.660157e+00 -1.172883e+00 -1.147138e+00 1.026064e+00 -7.920817e-02 3.980997e-01 5.029140e-01 -4.240421e-01 1.690823e-02 0.000000e+00 
-6.754417e+00 3.413506e+00 -5.151267e+00 -7.062387e+00 -6.173596e-01 -1.717936e+00 1.150277e+00 1.287505e+00 2.358495e+00 4.139730e+00 3.738927e-01 -4.496326e-01 -1.512927e-01 -3.341451e-01 4.940633e-01 3.916548e-01 4.331821e-01 4.956121e-01 1.804342e-01 1.947510e+00 2.469139e-01 3.347009e-01 3.011086e-01 -5.395213e-01 7.320351e-01 0.000000e+00 
-7.580551e+00 3.734988e+00 -3.334719e+00 -4.369384e+00 1.298353e+00 -8.881264e-01 5.347299e+00 1.426816e+00 -2.086598e-01 7.116948e+00 5.029081e-01 1.278707e+00 -1.512927e-01 8.781586e-02 -3.945895e-01 4.921467e-01 1.509307e+00 5.212847e-01 1.553233e-02 2.082392e+00 1.043243e+00 -1.646156e-01 1.387231e-01 3.581092e-01 9.437841e-01 0.000000e+00 
-5.994387e+00 4.004851e+00 -1.671227e+00 -1.383724e+00 4.540967e+00 2.993743e-01 5.157647e+00 1.098044e+00 1.978930e+00 5.631100e+00 2.846719e+00 4.729831e+00 -1.512927e-01 2.180032e+00 -1.616786e+00 3.193724e-01 1.562361e+00 -1.723780e+00 -5.374238e-01 3.808945e-01 -1.068391e+00 2.429436e+00 -2.498609e-01 -1.134054e+00 -7.422291e-01 5.377824e-02 
-5.661139e+00 7.944672e-01 -3.581899e+00 -1.740575e-01 1.214981e+00 -3.666525e-01 7.257530e+00 3.677912e+00 2.496251e+00 5.196873e+00 3.441892e+00 2.978470e+00 -1.512927e-01 3.774575e+00 -2.647195e+00 -4.227790e-01 1.345122e+00 -4.126212e+00 -1.771969e+00 -1.726052e+00 -1.647040e+00 3.335394e+00 -1.818589e+00 -1.600333e+00 -1.118886e+00 1.831674e-01 
3.186034e+00 -3.200163e+00 -3.430815e+00 -1.348242e+00 -9.194572e+00 -4.665792e+00 2.099634e+00 -5.179996e+00 1.315322e+01 3.850464e+00 -6.765870e+00 -5.010660e+00 1.175985e-01 4.257712e+00 -2.959000e+00 -1.006249e+00 1.337872e+00 -5.046221e+00 -2.372040e+00 -2.213092e+00 -1.964494e+00 2.599061e+00 -1.992336e+00 -1.576990e+00 -5.171558e-01 2.707419e-01 
6.702111e+00 -5.898479e+00 -4.568820e+00 2.338484e+00 -1.246494e+01 -7.265388e+00 -1.753954e+00 -3.669363e+00 1.088117e+01 -1.085679e+00 -2.692461e+00 5.545201e-01 6.300985e-01 3.629271e+00 -1.938830e+00 -8.511664e-01 2.044124e+00 -4.043435e+00 -1.863081e+00 -2.091347e+00 -2.080461e+00 1.634670e+00 -2.314928e+00 -1.592758e-01 1.404374e+00 2.705977e-01 
9.112552e+00 -7.443674e+00 -6.209010e+00 4.049366e+00 -1.385018e+01 -8.111457e+00 -1.402068e+00 -5.050791e+00 1.078178e+01 -1.189306e+00 -1.971056e+00 3.356027e+00 8.117212e-01 1.405052e+00 -9.857155e-01 -4.510975e-01 2.550609e+00 -2.243568e+00 -8.975157e-01 -4.052510e-01 -1.243675e+00 -2.013848e-01 -2.117373e+00 1.654192e+00 3.302951e+00 1.803588e-01 
9.521958e+00 -6.777925e+00 -6.448634e+00 7.347759e+00 -1.667439e+01 -7.959226e+00 -1.448353e+00 -6.788995e+00 1.185532e+01 -3.857884e+00 2.481064e-01 5.816996e+00 8.546345e-01 2.460885e-01 -2.291410e-01 5.511011e-01 2.023562e+00 -2.006033e+00 -1.729830e-01 3.176136e-01 -1.283928e+00 -7.423057e-02 -1.478197e+00 6.046933e-01 2.685947e+00 6.884955e-02 
8.801370e+00 -7.689017e+00 -4.746396e+00 8.900166e+00 -1.830769e+01 -8.806451e+00 -7.942128e-02 -9.838556e+00 1.165922e+01 -5.350300e+00 3.480461e-02 8.872858e+00 9.071243e-01 -4.247834e-01 2.283585e-01 1.701202e+00 1.025854e+00 -1.636027e+00 4.687611e-01 2.529138e-01 -1.066107e+00 -8.654518e-02 -2.057991e+00 7.270496e-01 1.808022e+00 2.710375e-02 
8.088144e+00 -6.921513e+00 -2.544621e+00 1.003090e+01 -2.026635e+01 -7.782805e+00 -8.272097e-01 -7.695119e+00 1.007130e+01 -6.396168e+00 -6.719252e-01 1.122584e+01 9.266447e-01 -6.165446e-01 2.732150e-01 2.210214e+00 3.774738e-02 -6.632233e-01 1.125140e+00 -5.152024e-01 1.459452e-01 -1.137533e+00 -1.788079e+00 7.113219e-01 8.416899e-01 1.254507e-02 
7.705541e+00 -6.230088e+00 3.449948e-01 7.837070e+00 -2.023433e+01 -5.855862e+00 -4.480708e-01 -9.928262e+00 1.124107e+01 -1.021012e+01 2.124208e+00 9.691715e+00 9.112349e-01 -6.192057e-01 2.140806e-01 2.425457e+00 -2.123775e-01 -2.079643e-01 1.623107e+00 -1.211590e+00 1.323628e+00 -2.231941e+00 -1.396356e+00 1.106435e+00 -3.184474e-01 4.858649e-03 
6.987150e+00 -6.141315e+00 2.056739e+00 8.068043e+00 -1.902718e+01 -3.808821e+00 -3.840040e+00 -6.014417e+00 6.376728e+00 -1.036837e+01 2.760014e+00 9.616017e+00 9.153045e-01 -6.513287e-01 -2.259344e-01 2.639869e+00 -2.945212e-01 3.351700e-01 1.355165e+00 -1.508934e+00 1.345618e+00 -2.986526e+00 -1.020156e+00 1.255983e+00 -1.129317e+00 8.317244e-03 
6.255839e+00 -7.008713e+00 5.080209e+00 8.819704e+00 -1.996709e+01 -2.677908e+00 -4.630957e+00 -4.060767e+00 2.346796e+00 -1.034598e+01 3.851009e+00 8.085532e+00 9.370877e-01 -4.427395e-01 -8.578221e-01 2.804998e+00 6.991424e-02 2.932907e-01 6.001145e-01 -1.532259e+00 1.355008e+00 -3.815208e+00 -1.442016e-01 5.657314e-01 -9.828448e-01 1.890676e-02 
5.556352e+00 -7.661872e+00 8.287116e+00 8.066973e+00 -1.872412e+01 -2.595957e+00 -6.280437e+00 -3.900777e+00 -4.141974e-01 -1.142902e+01 4.744588e+00 6.382347e+00 9.553045e-01 -2.982438e-01 -1.027014e+00 3.101595e+00 -3.203928e-01 4.924912e-01 -7.378981e-01 -4.471169e-01 -4.271503e-01 -2.798311e+00 -3.869267e-01 4.165319e-01 -1.012959e+00 2.180719e-02 
6.207242e+00 -9.758920e+00 1.125480e+01 8.187176e+00 -1.891941e+01 -3.461721e+00 -6.889169e+00 -4.210041e+00 -4.439513e+00 -1.040080e+01 3.960578e+00 6.394326e+00 9.857687e-01 -3.115770e-01 -4.316588e-01 2.592515e+00 -4.382595e-01 7.850817e-01 -1.290720e+00 -1.677677e-01 -1.240587e+00 -2.007197e+00 -1.731653e-02 -3.763153e-01 -2.599478e-01 1.377913e-02 
5.520229e+00 -9.901280e+00 1.447742e+01 6.782343e+00 -1.708857e+01 -7.106404e+00 -4.946519e+00 -8.075532e+00 -4.221674e+00 -1.227559e+01 4.787889e+00 5.396825e+00 1.000000e+00 -3.998607e-01 2.647634e-01 1.600874e+00 -1.658445e-01 4.211800e-01 -1.024620e+00 3.520252e-01 -1.006596e+00 -1.170007e+00 3.621400e-01 -8.625703e-01 -2.063142e-01 -1.261818e-03 
4.716015e+00 -8.047303e+00 1.494763e+01 7.270722e+00 -1.685946e+01 -6.876282e+00 -6.136754e+00 -8.176326e+00 -5.785452e+00 -1.000928e+01 1.947782e+00 7.278553e+00 9.836355e-01 -3.782431e-01 6.786990e-01 9.015568e-01 -3.807906e-01 5.941332e-01 -5.216352e-01 1.098813e+00 -4.703911e-01 -5.559115e-01 3.007700e-01 -1.241210e+00 -7.878555e-01 -2.360441e-02 
4.302662e+00 -7.193863e+00 1.444507e+01 7.695978e+00 -1.764820e+01 -6.011779e+00 -4.896518e+00 -6.950613e+00 -5.591265e+00 -9.814080e+00 1.438135e+00 4.908662e+00 9.500620e-01 1.578691e-01 6.837123e-01 8.941384e-02 -2.429212e-01 1.983810e-01 6.520174e-01 1.130131e+00 4.520847e-01 -1.387464e+00 9.041550e-01 -2.119237e+00 -1.078655e+00 -4.811924e-02 
4.924810e+00 -7.719133e+00 1.577876e+01 5.826406e+00 -1.566893e+01 -6.617210e+00 -1.420102e+00 -7.124455e+00 -6.534276e+00 -1.012771e+01 -5.705966e-01 2.699130e+00 8.927156e-01 5.127538e-01 1.017135e+00 -4.338694e-01 -5.931415e-02 2.943438e-01 4.262671e-01 1.807948e+00 -3.405378e-01 -1.555582e+00 8.421701e-01 -2.953064e+00 -6.751655e-01 -7.221907e-02 
6.205177e+00 -6.646804e+00 1.450893e+01 6.289896e+00 -1.669193e+01 -3.975853e+00 -1.654192e+00 -6.341043e+00 -1.078458e+01 -7.695601e+00 -4.549107e+00 2.293261e+00 8.048638e-01 7.471440e-01 1.535279e+00 3.972818e-01 4.433346e-02 6.572598e-01 -5.160383e-01 2.215330e+00 -3.551796e-01 -1.330706e+00 7.941521e-01 -2.698116e+00 1.000876e+00 -1.128237e-01 
6.328526e+00 -3.235157e+00 1.274636e+01 7.677192e+00 -1.586588e+01 -5.762909e+00 1.281825e+00 -1.018380e+01 -1.096671e+01 -6.857666e+00 -9.823920e+00 5.210426e+00 6.951393e-01 1.550773e-01 2.370919e+00 -1.528046e-01 -1.781940e-02 8.556740e-01 -8.394566e-01 9.737195e-01 -1.633300e-01 -1.041466e+00 -6.216059e-02 -1.440497e+00 6.490533e-01 -2.008630e-01 
7.336524e+00 -1.759458e+00 1.794768e+01 6.992252e+00 -1.426343e+01 -9.019121e+00 4.829167e+00 -7.196839e+00 -1.002858e+01 -7.478339e+00 -7.425781e+00 8.657393e+00 4.847316e-01 -1.020560e+00 4.008616e+00 -2.445142e+00 -1.150225e+00 3.171648e+00 -3.817500e-01 -1.155584e+00 1.342326e-01 2.297752e-01 5.525891e-01 1.077814e+00 -1.175181e+00 -2.558985e-01 
5.134523e+00 1.691792e+00 1.329536e+01 5.386131e+00 -1.260481e+01 -8.292859e+00 2.068160e-01 -7.513207e+00 -1.211961e+01 -1.054714e+01 -6.334746e+00 2.762331e+00 4.846698e-02 -2.769728e+00 1.920785e-01 -2.576908e+00 -1.342280e+00 3.282169e+00 1.003328e+00 -1.357061e+00 3.051467e+00 1.855089e+00 1.431764e+00 3.559927e+00 -2.082853e+00 -2.047789e-01 
1.699379e+00 1.093280e+01 2.008714e+00 1.684302e+00 -2.464219e+00 -4.619628e+00 -6.894609e+00 -7.005176e+00 -9.059255e+00 -3.087919e+00 -9.046255e-01 -2.358595e+00 -1.512927e-01 -4.616454e+00 -2.734019e+00 -3.521763e+00 -5.120901e-01 2.934317e+00 1.390141e+00 -2.481915e+00 4.623256e+00 2.290797e+00 2.664224e+00 2.447397e+00 -1.594932e+00 -8.534238e-02 
-4.701542e+00 -8.620894e+00 7.831298e+00 3.619768e+00 -5.354637e+00 -2.946016e+00 3.584065e-01 4.977703e+00 -2.175920e+00 -1.894057e+00 4.715135e+00 3.041558e-01 -1.074314e-02 -4.723670e+00 -4.010802e+00 -2.856774e+00 -5.222769e-02 2.439025e+00 3.726620e-01 -3.102907e-01 4.646823e+00 2.462626e+00 2.547486e+00 2.275884e+00 -2.583607e-01 5.589264e-02 
-1.082771e+01 -1.027321e+01 3.070894e+00 5.314983e+00 -3.216928e+00 -4.741839e+00 -7.656205e+00 9.673985e+00 -3.546435e+00 1.516241e+00 -7.137368e-01 1.911819e+00 8.762473e-02 -3.645207e+00 -2.400523e+00 -1.805637e+00 4.173641e-02 1.744185e+00 -3.766906e-01 2.567644e+00 2.080622e+00 1.831837e+00 1.044500e+00 1.369135e+00 1.403716e+00 6.892668e-02 
-1.222028e+01 -7.759215e+00 -1.519598e+00 3.309652e+00 -3.333330e-02 -6.368443e+00 -9.638398e-01 7.381330e+00 -2.562891e+00 -1.117902e-01 4.949229e+00 -6.646798e-01 2.084715e-01 -1.327756e+00 3.069208e+00 -2.226463e+00 -1.487336e+00 2.759467e+00 1.800480e-02 2.104144e+00 -7.561090e-01 8.097668e-01 3.921863e-01 1.043225e+00 1.471617e+00 -1.353534e-02 
-1.276729e+01 -1.500655e+00 -2.344024e+00 2.048042e+00 3.596054e+00 -4.791867e+00 6.604733e+00 2.196122e+00 2.934157e-01 1.243447e+00 5.824004e+00 5.144403e+00 8.373338e-02 1.063961e+00 3.322374e+00 -7.942199e-01 -2.874045e+00 1.585697e+00 8.831165e-01 1.911103e+00 -1.042074e+00 6.635467e-01 6.913564e-01 1.318829e+00 8.014385e-01 -7.627805e-02 
-1.037053e+01 2.338867e+00 -5.935581e-01 -2.183443e+00 5.036208e+00 -2.830978e+00 3.748656e+00 4.936090e+00 -4.701173e-02 2.032714e-01 6.662389e+00 6.045947e+00 -7.647419e-02 2.099217e+00 -3.699182e-01 8.888866e-01 -2.865992e+00 1.693490e+00 2.726360e+00 -3.311048e+00 1.798495e-01 6.599376e-01 -8.635525e-01 -2.668364e+00 1.389569e-01 4.959185e-02 
-6.432781e+00 1.289622e+00 -1.363225e+00 -6.308695e+00 2.176784e+00 -2.094990e+00 -4.569399e-01 5.686234e+00 -1.486641e+00 4.815492e+00 5.023829e+00 2.563698e+00 -1.512927e-01 1.377868e+00 -2.373744e+00 1.829168e-01 -2.902437e+00 9.905470e-01 1.461728e+00 -4.811551e+00 2.850022e-01 -2.779350e-02 -1.925507e+00 -3.072141e+00 -1.935911e+00 1.862489e-01 
-4.891448e+00 -1.100394e+01 2.434436e+00 -6.841939e+00 9.143753e+00 5.914915e+00 -1.398824e+01 6.535521e+00 1.626825e+00 -6.215575e+00 -7.992505e+00 1.320457e+00 5.739437e-01 -5.362917e-01 -1.206938e+00 -1.001461e+00 -2.501411e+00 -1.252460e+00 -9.042015e-01 -1.463222e+00 -5.935526e-01 -4.473790e-01 -7.961444e-01 -1.670087e+00 -3.416706e+00 2.443427e-01 
-8.617491e+00 -6.697966e+00 -2.943438e+00 -1.013490e+01 6.495016e+00 -1.856174e+00 -8.584573e+00 2.821417e+00 -6.824701e-01 -5.174664e+00 -2.209253e+00 -2.172408e+00 6.897689e-01 -2.428860e+00 3.524224e-01 9.655094e-03 -6.095344e-01 -1.086113e+00 -1.611824e+00 1.868351e+00 1.523407e-01 -6.276508e-01 4.869331e-01 -4.324052e-01 -3.204422e+00 1.949746e-01 
-1.195964e+01 2.979720e-01 -4.810755e+00 -1.277740e+01 -3.385206e+00 -7.471394e+00 4.963627e-01 3.400735e+00 -2.685992e+00 1.217627e+00 1.928493e+00 -8.669528e+00 7.247087e-01 -2.188372e+00 1.580263e+00 4.872428e-01 7.266943e-01 -1.056493e+00 -1.836021e+00 4.330318e+00 1.273857e+00 -7.276114e-01 2.165342e+00 1.198033e+00 -2.693883e+00 3.420377e-02 
-1.504299e+01 -2.599225e+00 2.307646e+00 -6.388637e+00 3.010701e+00 -3.460958e+00 1.642510e+00 8.015330e+00 -2.468487e+00 3.533556e+00 -2.098696e+00 -8.463418e+00 7.481979e-01 -3.888975e-01 -1.595181e-01 2.428201e+00 2.633985e+00 2.876568e-01 7.239969e-01 2.224246e+00 1.108542e+00 4.938398e-01 1.967278e+00 6.053473e-01 -9.358262e-01 -8.518958e-03 
-1.262056e+01 -5.152000e+00 2.245109e+00 -5.081596e+00 5.603445e+00 -2.462800e+00 2.549809e+00 1.030785e+01 -1.118223e+00 2.570231e-01 -2.057617e+00 -9.003450e+00 7.157481e-01 1.531379e+00 -1.562471e+00 2.152840e+00 2.351401e+00 7.812198e-01 1.563023e+00 7.439235e-01 6.465065e-01 6.123898e-01 8.784154e-01 8.912433e-01 9.323206e-01 -3.169825e-02 
-1.023152e+01 -4.770571e+00 5.669635e+00 -8.128724e-01 3.438974e+00 -7.404857e-01 1.509936e+00 4.910570e+00 1.002845e+00 5.142027e+00 2.810539e+00 -6.684578e+00 6.516544e-01 2.295721e+00 -1.253327e+00 3.626140e-01 9.722416e-01 -1.098468e+00 1.890438e-01 -2.310166e-01 -6.152498e-01 6.215084e-01 1.831015e-01 1.016590e+00 2.069429e+00 -5.032238e-02 
-6.708477e+00 -6.428711e+00 4.272451e+00 -3.808277e+00 3.067565e-01 -1.016515e+00 4.282268e+00 8.185648e+00 -1.359709e+00 4.805469e+00 3.930092e+00 -4.897346e+00 6.144892e-01 2.029735e+00 -6.074680e-01 6.974347e-01 1.467690e+00 -1.235404e+00 -8.810192e-01 -6.712154e-01 -2.495005e-01 4.003502e-01 3.528974e-02 -6.088338e-02 1.811534e+00 -5.540658e-02 
-6.520426e+00 -8.227505e+00 3.107044e+00 -2.164089e+00 1.667051e-01 -3.238881e+00 -3.788025e-01 6.000181e+00 7.597979e-01 2.174841e+00 -9.599954e-03 -1.693261e-01 5.472155e-01 2.317930e+00 -3.558651e-01 2.046372e-01 1.139095e+00 7.302626e-01 -1.981633e-01 4.246842e-01 8.096160e-01 -7.562473e-02 -1.830104e+00 -1.814323e+00 4.194958e-01 -6.227575e-02 
-4.327432e+00 -6.460873e+00 7.013577e+00 2.932464e+00 1.062561e+00 -5.618698e+00 1.381011e-01 8.515539e+00 1.005051e+00 1.917065e+00 -9.519643e-01 -3.203408e+00 4.909347e-01 2.079382e+00 -2.824197e-01 -4.707246e-02 5.303403e-01 1.790949e+00 1.266717e+00 9.070902e-02 -5.618186e-02 3.847055e-01 -1.061650e+00 -1.813248e+00 1.276614e-01 -8.364275e-02 
1.676083e-01 -6.533815e+00 5.322258e+00 1.512232e+00 6.712386e+00 5.697896e-01 5.705440e+00 8.793704e+00 -5.576588e-01 -2.564291e+00 -3.820048e+00 -5.434068e+00 4.020529e-01 2.191708e+00 -1.060564e+00 -7.262784e-01 -1.211353e+00 1.127265e+00 2.716378e+00 1.915391e-01 4.031227e-01 1.627574e-01 -5.936791e-01 -2.727448e-01 -4.230641e-01 -9.189234e-02 
3.444147e-01 -8.687654e+00 2.929482e+00 -2.994736e+00 5.988662e+00 3.412736e+00 1.693691e+00 6.507977e+00 1.222547e+00 1.866787e+00 -3.230925e+00 -1.626668e+00 2.688567e-01 1.865297e+00 -1.557946e+00 -9.601720e-01 -1.102677e+00 6.753901e-01 2.057046e+00 -5.299579e-01 1.757646e-01 2.521915e+00 4.922343e-01 5.462209e-01 8.213145e-01 -7.532082e-02 
2.102193e+00 -1.241693e+01 1.517700e+00 -5.257252e+00 3.339978e+00 5.827290e+00 -1.989019e-01 9.019575e+00 1.464837e+00 -7.684159e-01 -2.338435e-01 -3.073016e+00 1.987928e-01 9.702428e-01 -6.583417e-01 -4.091839e-01 6.588328e-01 -1.424716e-01 5.239931e-01 -1.327953e+00 -2.212781e-01 2.482698e+00 -6.109048e-01 1.116208e+00 -2.479033e-01 -6.630556e-02 
4.031763e+00 -1.130904e+01 4.114996e+00 8.038216e-01 6.125715e+00 2.037781e+00 4.404826e-01 9.281426e+00 1.260338e+01 3.480299e+00 -1.396194e-02 -2.773608e-01 2.159607e-01 9.510530e-01 3.900858e-01 -1.995444e-01 1.335570e+00 -5.536596e-01 5.668276e-01 3.957093e-02 5.108054e-01 1.886937e+00 -2.175302e+00 4.219321e-01 -3.371790e-01 -4.546521e-02 
3.175148e+00 -8.514830e+00 2.683581e+00 2.907117e+00 5.931501e+00 3.877232e+00 -3.077219e-01 6.300589e+00 6.165414e+00 -6.425570e+00 1.525102e-01 -7.348238e+00 9.697312e-02 6.494828e-01 1.626647e+00 -1.314228e-01 1.585614e+00 8.576191e-01 1.094110e+00 9.935195e-01 3.761985e-01 7.902476e-01 -1.527868e+00 -8.024074e-01 -1.839080e-01 -4.273630e-02 
4.563202e+00 -8.688278e+00 1.348819e+00 -3.990698e-01 1.924602e+00 7.221902e+00 1.945956e+00 1.042150e+01 8.306942e+00 -6.181145e+00 -1.314441e+00 -1.174953e+00 9.244049e-02 6.299635e-01 1.675023e+00 -9.835819e-01 2.620383e-01 -1.310118e-01 6.663844e-01 1.393990e-02 9.019756e-01 -4.248728e-01 -1.370077e+00 -1.716200e+00 1.254730e-01 -4.731984e-02 
5.083888e+00 -5.594081e+00 2.243675e+00 3.272262e+00 9.728629e+00 8.705778e+00 4.015959e+00 1.033053e+01 7.564292e+00 -3.577033e+00 -3.595641e+00 -3.543761e+00 4.687136e-02 8.556007e-01 1.662235e+00 -7.053197e-01 1.237483e+00 2.016918e-01 -8.934690e-01 -9.483463e-01 3.468970e-01 5.753850e-01 3.787189e-01 -1.528455e+00 2.503397e+00 -2.782022e-02 
6.227211e+00 -4.394300e+00 -5.829601e-01 1.931441e+00 3.572092e+00 2.955431e+00 -1.651658e+00 1.177633e+01 9.779573e+00 -4.794356e+00 -6.720886e+00 -1.552234e+00 4.412353e-03 3.894788e-01 1.666700e+00 -9.241409e-01 1.067120e+00 -4.626674e-01 -2.886925e+00 -2.239975e+00 -1.818719e+00 -1.013557e+00 6.083240e-02 -1.375565e+00 3.998323e-01 -3.007889e-02 
6.621147e+00 -2.350642e+00 1.228726e-01 7.929276e+00 6.116215e+00 1.543123e+00 -3.250646e+00 7.357656e+00 8.306024e+00 -5.225370e+00 -4.786545e+00 5.357390e+00 1.886070e-03 3.991748e-01 1.728142e+00 -1.384380e+00 8.850741e-02 -1.136477e+00 -2.537544e+00 -2.125357e+00 -2.268728e+00 -7.114404e-01 5.514662e-01 2.840428e-01 -1.565750e-01 -3.122973e-02 
5.741966e+00 -1.976496e+00 -2.211484e+00 2.608023e+00 1.417472e+00 -3.631397e+00 -5.620616e+00 2.814339e+00 2.868293e+00 -5.052814e+00 -7.596816e+00 -3.626366e+00 -3.546131e-02 4.323101e-02 1.835024e+00 -8.991682e-01 -7.981014e-03 7.277473e-01 -2.432727e-01 6.425276e-02 -1.730358e+00 -9.207800e-01 1.171990e+00 1.079111e+00 -7.716538e-01 -3.579495e-02 
7.322384e+00 1.837724e+00 -3.863962e+00 3.376508e+00 5.123551e+00 -6.885300e-01 -4.626346e+00 3.467892e+00 7.462730e+00 -6.904731e-01 -1.737462e+00 -3.289569e+00 -8.934045e-02 6.267168e-02 1.905585e+00 -2.705812e-01 -3.844658e-01 1.146563e+00 1.367414e+00 2.378371e+00 -1.786308e-01 -2.107172e+00 1.090050e+00 9.261071e-01 -1.667873e+00 -3.130062e-02 
6.092748e+00 2.686637e+00 -3.085384e+00 4.167920e+00 7.707160e+00 2.854894e+00 -6.425450e-01 5.069425e+00 5.597320e+00 -1.201855e+00 -2.849874e+00 -1.087023e+00 -1.289492e-01 2.283365e-01 2.349615e+00 3.319137e-01 3.884488e-01 7.596327e-01 1.505079e+00 2.761773e+00 1.251835e+00 -1.312823e+00 9.543486e-02 1.164972e+00 9.548868e-01 -1.945532e-02 
6.759115e+00 4.845715e+00 -7.930837e-01 5.226999e+00 8.704188e+00 5.137046e+00 6.152170e+00 5.336959e+00 -3.594351e+00 -1.700602e+00 -2.529481e+00 -4.251645e+00 -1.078731e-01 -7.823896e-02 1.317804e+00 -1.456273e-01 -1.901251e-01 4.398360e-01 5.060566e-01 1.511166e+00 -3.811960e-02 -1.905695e+00 -1.018218e-01 2.360365e-01 2.846172e-01 -1.085023e-02 
7.165283e+00 8.267583e+00 -2.087355e+00 3.625021e+00 3.425318e+00 9.812105e-01 2.798992e+00 8.138983e+00 1.832720e+00 -4.070575e+00 -1.375947e+00 1.629106e+00 -1.234716e-01 7.421036e-02 1.412894e+00 -2.279877e-01 -3.014595e-01 1.245559e+00 -1.729737e-01 -1.551633e+00 -1.845746e+00 -9.722424e-02 1.438308e+00 1.155480e+00 7.025754e-02 -1.834214e-03 
6.394921e+00 5.636272e+00 -5.091114e+00 2.697332e+00 9.463653e+00 2.778595e+00 1.208714e+00 1.742514e+00 -1.834431e-01 2.347782e-01 -1.294242e+00 -3.224548e+00 -1.463304e-01 -1.632296e-01 6.963271e-01 -4.654328e-01 -5.144072e-01 1.156639e+00 2.028340e-01 -2.218854e+00 -2.142692e+00 1.516433e+00 2.014250e+00 1.232546e+00 4.936458e-01 -8.225918e-03 
6.645896e+00 9.355826e+00 -2.076308e+00 3.925456e+00 1.355522e+01 3.169251e+00 -5.928984e+00 -2.362084e+00 3.405745e+00 5.021996e+00 2.309909e+00 -1.249284e+00 -1.188916e-01 -1.858490e-01 6.458313e-01 4.711453e-01 -4.374320e-01 2.589871e-01 5.128718e-01 -1.917827e+00 -2.470866e+00 -6.056341e-01 1.913702e-01 7.604623e-02 -7.576907e-01 -5.650652e-03 
6.202661e+00 7.783228e+00 -3.125771e+00 2.504746e+00 9.422429e+00 5.057196e+00 -5.781133e-01 -1.259668e-01 3.201300e+00 3.824363e+00 1.790319e+00 -3.442212e-01 -1.512927e-01 -1.690282e-01 7.837310e-01 1.041753e+00 1.293624e-01 -2.142804e-01 3.554100e-01 -2.148066e-02 -7.769433e-01 2.197045e-01 -2.049532e-02 -1.370662e-01 1.507972e-01 -4.027677e-03 
6.332169e+00 1.042326e+01 -7.142994e-01 1.534154e+00 4.740865e+00 2.406269e+00 -5.896729e+00 -3.281107e+00 -2.887822e+00 -4.908516e+00 -2.537997e+00 -3.599511e+00 -1.492437e-01 -5.289264e-02 -1.166053e-02 5.307136e-01 -2.394574e-01 -5.395141e-01 -1.134536e-01 8.964068e-01 -5.243759e-01 -7.130640e-01 -8.878239e-01 -1.106566e+00 4.206493e-02 -6.480217e-03 
5.706644e+00 9.021210e+00 -5.633516e-01 4.539794e+00 1.279943e+01 4.937135e+00 1.085184e+00 -1.682691e+00 4.061863e+00 5.097558e+00 4.443794e-01 -1.295448e+00 -1.512927e-01 1.782870e-01 2.102245e-01 5.461212e-01 -3.406438e-01 2.949656e-01 -9.421628e-01 3.806073e-01 -2.720052e-01 7.373363e-01 7.973751e-01 -2.947316e-01 5.410882e-01 9.295225e-04 
6.629441e+00 8.678534e+00 -7.039497e-01 1.710644e+00 9.169153e+00 2.662013e+00 -2.278598e+00 -4.205602e+00 -5.898567e-01 -5.372047e-02 -2.549954e+00 -5.633459e-01 -1.512927e-01 -1.993020e-02 8.796635e-02 2.287964e-01 -5.079902e-01 8.766882e-01 2.103221e-01 1.767489e+00 2.372136e-02 3.786485e-01 2.096133e+00 2.934628e-02 3.679417e-01 1.574159e-04 
6.945459e+00 9.706715e+00 -4.003398e-01 7.132821e-01 8.683112e+00 2.185097e-01 -4.841425e-01 -1.023745e+00 5.738999e+00 5.383841e+00 3.226392e-01 8.431373e-01 -1.456206e-01 -3.216980e-01 2.083500e-01 -5.442579e-02 -1.334202e+00 -2.652209e-01 8.625075e-01 1.055337e+00 3.776408e-01 -9.779961e-01 -4.063227e-01 -1.171088e+00 -1.775882e+00 0.000000e+00 
5.613110e+00 1.052034e+01 3.481767e-01 9.074593e-01 1.118246e+01 5.817192e+00 3.725378e+00 -3.491973e+00 -1.833148e+00 5.429006e+00 -2.330395e+00 -2.829095e+00 -1.512927e-01 -4.347478e-01 6.763052e-01 3.773219e-01 -5.233844e-01 3.799230e-01 1.577370e+00 1.071767e+00 -2.149949e-01 -1.500355e+00 -3.778881e-01 -8.932538e-01 -1.413407e+00 -5.672097e-04 
4.606320e+00 9.142056e+00 -1.361544e+00 -1.729625e+00 1.046667e+01 7.672083e+00 3.359879e+00 -1.513014e-01 -2.064714e-01 3.245816e-01 -5.520842e+00 -9.041982e+00 -1.512927e-01 -8.934174e-01 4.626999e-01 5.442658e-01 -1.177177e-02 -8.154154e-01 7.720734e-01 -7.659341e-01 -1.178020e+00 -2.535600e+00 -1.479941e+00 -1.076007e+00 -6.382612e-01 -1.134419e-03 
5.625272e+00 1.234239e+01 1.663262e+00 3.151760e-01 1.017699e+01 6.822077e+00 1.158228e+00 -5.716798e+00 -5.118900e+00 5.864689e-01 -4.094482e+00 -2.687821e+00 -1.512927e-01 -9.732321e-01 -3.382417e-01 7.626738e-02 1.210899e-01 -1.200487e+00 1.186460e-01 -2.395082e-01 3.283984e-01 -1.858154e-01 6.555682e-01 5.519544e-01 4.579883e-01 0.000000e+00 
2.472292e+00 1.110919e+01 1.663447e+00 9.505649e-01 5.108773e+00 3.576434e+00 -3.030237e+00 -5.801434e+00 -5.296124e+00 4.054055e-01 -4.175354e+00 -2.418806e+00 -1.512927e-01 -8.949052e-01 -3.037972e-01 -2.012652e-01 -5.127950e-02 -1.144060e+00 3.108180e-01 7.835829e-02 4.650602e-01 -4.639532e-01 4.290783e-01 6.065090e-01 4.048606e-01 0.000000e+00 
1.813964e+00 7.845565e+00 -7.829816e-01 1.728139e-01 7.858977e+00 8.458246e+00 5.722896e+00 9.750855e-01 -2.173980e-01 8.666434e+00 -2.433667e-01 -3.850742e+00 -1.512927e-01 -2.857127e-01 1.135169e-01 -3.259334e-01 -4.860857e-01 -8.774826e-01 5.826951e-01 9.548437e-01 1.910963e+00 1.307463e+00 2.885167e-01 1.028020e+00 -1.816792e-01 0.000000e+00 
2.037448e+00 9.871482e+00 -1.144748e+00 -1.914841e+00 5.905376e+00 8.408089e+00 1.469337e+00 -1.171942e+00 -4.976988e+00 -1.570010e+00 -4.413854e+00 -6.436218e+00 -1.512927e-01 -5.332508e-02 3.512959e-01 -5.683322e-02 -3.428042e-01 7.008421e-01 7.110513e-01 2.325593e+00 1.189234e+00 1.578448e+00 2.767688e-01 -3.322275e-02 1.779661e-02 0.000000e+00 
4.414130e+00 1.352883e+01 1.437692e+00 -6.825495e-01 5.391275e+00 7.319726e+00 3.682660e+00 1.523272e+00 1.258846e+00 3.016760e+00 1.164866e+00 -1.587510e+00 -1.512927e-01 -2.948626e-01 4.509503e-01 3.517543e-01 5.618904e-02 7.917174e-01 -2.221729e-01 1.593842e+00 -1.166301e-01 1.098576e+00 -1.920599e-01 -1.023617e+00 3.753386e-01 0.000000e+00 
9.055834e-01 1.002404e+01 2.689438e-01 -3.357744e-01 9.846834e+00 7.700951e+00 9.617847e+00 -1.293574e-01 1.857992e+00 4.614087e+00 -5.045584e+00 -3.461439e+00 -1.512927e-01 -5.772276e-01 -3.199676e-01 1.658636e-01 3.504909e-01 1.233848e+00 -1.033050e-01 2.223221e+00 4.325400e-02 1.426911e+00 1.396552e+00 -7.473911e-01 4.075630e-01 0.000000e+00 
