-7.004008e+00 2.674020e+00 2.338562e+00 -4.567568e+00 6.455630e+00 3.016954e+00 -5.781882e+00 -4.176824e-01 -2.337129e+00 2.422190e+00 6.546581e+00 1.856584e+00 1.278567e-01 4.181519e-01 2.086103e-01 -7.951480e-01 1.158324e+00 -1.805910e+00 -6.356980e-01 1.287744e+00 -8.018107e-01 9.045323e-01 -1.420242e+00 -2.012050e+00 -7.403924e-02 -8.182770e-03 
-4.699969e+00 3.652788e+00 1.490380e-01 -1.265730e+00 1.293696e+00 2.379525e+00 -3.800493e+00 -1.866671e+00 4.948714e-01 3.539460e-01 2.025057e+00 2.762197e+00 9.617954e-02 2.219139e-01 -2.261460e-02 -3.129863e-01 1.345689e+00 -1.490930e+00 -5.283195e-01 2.284626e+00 -1.014620e+00 1.121552e+00 -4.190803e-01 -1.802830e+00 -1.192596e-01 -1.434773e-03 
-6.065269e+00 3.227688e+00 -5.424168e-01 -4.268675e-01 7.046223e-03 1.571788e-01 -3.338548e-01 -3.702242e+00 7.695327e-01 -3.644898e+00 -1.252908e+00 1.033581e+00 1.027815e-01 -1.933763e-01 -2.153411e-01 2.252749e-01 1.210621e+00 -6.625751e-01 -1.364372e-01 2.244869e+00 -5.924621e-01 8.735225e-01 1.771056e+00 1.109674e+00 5.610975e-01 -4.118645e-03 
-6.363809e+00 2.284113e+00 2.214119e+00 9.052637e-02 2.225271e+00 1.805244e+00 2.917232e+00 -3.848504e+00 1.717299e+00 3.360332e+00 1.432178e+00 1.671787e+00 1.332205e-01 -7.861368e-01 -4.620986e-01 3.081869e-01 7.064575e-01 8.540406e-02 -1.376480e-01 1.279202e+00 2.482699e+00 1.960056e+00 2.769189e+00 2.413846e+00 1.291262e+00 -3.059304e-03 
-7.138970e+00 2.281652e+00 2.432395e+00 8.074102e-01 2.676967e+00 2.621908e+00 2.083601e+00 -2.389076e+00 1.419270e+00 9.774275e+00 1.239139e+01 5.207277e+00 8.874303e-02 -1.181658e-01 -3.636815e-01 9.641166e-02 4.495130e-01 4.179606e-01 3.456601e-01 4.570525e-01 2.657253e+00 2.109980e+00 2.831193e+00 3.348979e+00 2.055591e+00 -1.959677e-02 
-8.093802e+00 1.815313e+00 2.025663e-01 1.649419e+00 3.857555e-01 4.589202e-01 1.386788e+00 9.890242e+00 9.970282e+00 7.490303e+00 7.272136e+00 7.131660e+00 8.790225e-02 2.399178e-01 3.486983e-01 2.179773e-01 3.914633e-01 1.043676e-01 5.045996e-01 -3.884291e-01 6.103200e-01 7.354609e-01 4.324419e-01 1.866981e+00 9.811610e-01 -1.308625e-02 
-5.791101e+00 1.643681e+00 9.454178e-01 1.041252e+00 3.016607e+00 2.558641e+00 2.716630e+00 2.714648e+00 7.192939e+00 8.446083e+00 1.257201e+01 8.581601e+00 2.745676e-02 6.183466e-01 3.612866e-01 -2.056419e-01 -5.014141e-01 1.420424e+00 1.670949e+00 -1.297184e-02 -7.740406e-01 3.215725e-01 -2.202405e+00 -6.807912e-01 1.199808e+00 3.273010e-04 
-5.838155e+00 4.346591e+00 4.047494e+00 1.930922e+00 2.577289e+00 4.359876e+00 6.585723e-01 -3.348767e+00 2.507768e+00 6.186637e+00 1.067677e+01 4.890430e+00 9.843236e-02 9.721025e-01 -7.172311e-01 -8.922378e-01 -2.137497e+00 2.040108e+00 2.457908e+00 -2.539812e-01 -2.281353e+00 -2.953368e-01 -3.777821e+00 -7.761230e-02 1.779947e+00 2.392449e-02 
-5.175061e+00 2.822446e+00 -5.182781e-01 -1.840412e+00 8.683320e+00 9.026175e+00 2.382850e+00 3.602247e-01 6.758389e+00 -5.859201e-01 7.285118e+00 1.232693e+01 8.511448e-02 2.001914e+00 -3.033488e-01 -2.046642e+00 -2.666529e+00 1.647869e-01 5.215155e-01 -1.937412e+00 -5.638534e-01 1.404221e-01 -4.764655e+00 -1.807650e+00 3.904415e-01 3.738060e-02 
-3.541309e+00 -2.360225e+00 -3.526775e+00 -7.597236e+00 7.752938e+00 9.514695e+00 2.837718e-01 -3.393089e-01 8.710873e+00 -6.882799e+00 9.527519e+00 1.415873e+01 1.786959e-01 3.236061e+00 -4.440145e-01 -2.119640e+00 -2.016875e+00 -1.256613e+00 -5.974730e-01 -2.684159e+00 9.484027e-01 -8.660038e-01 -3.777689e+00 -1.123342e+00 -7.424811e-01 3.486937e-02 
3.070046e+00 3.480345e+00 -5.500657e+00 -7.527312e+00 1.252717e+00 2.588809e+00 -6.783031e+00 -1.609347e+00 4.793498e+00 -8.842476e+00 4.108382e+00 5.899659e+00 1.742280e-01 1.756512e+00 6.609697e-01 3.345141e-01 1.346843e-01 -1.783273e+00 -2.279644e+00 -1.533243e+00 3.222271e-01 -2.834074e+00 -5.095459e-01 -1.224975e+00 -2.932508e+00 1.049061e-02 
6.219597e+00 1.797569e+00 -4.059517e+00 -5.310003e+00 9.526491e-03 4.591193e+00 -8.179280e+00 2.378033e+00 -8.398054e-01 -8.573528e+00 6.648435e+00 4.391663e+00 2.282224e-01 -2.997414e-01 1.266170e+00 1.542480e+00 2.199797e+00 4.117077e-01 -1.742422e+00 3.591126e-01 9.471200e-01 -3.045445e+00 2.119987e+00 -1.773085e+00 -3.528093e+00 -1.285517e-02 
-1.272952e+00 4.048398e+00 1.420664e+00 -2.310606e+00 3.638664e+00 8.970213e-02 -1.051838e+00 6.126891e-01 -2.636640e+00 -2.288285e+00 2.599782e+00 2.547927e+00 1.128042e-01 -2.531420e+00 4.649652e-02 1.901844e+00 3.587592e+00 2.169796e+00 8.926696e-01 1.930522e+00 8.255283e-01 -1.639471e+00 3.211762e+00 1.600482e-01 -9.881504e-01 -1.111422e-02 
-2.868517e+00 3.686600e+00 7.249647e-01 7.933975e-01 8.618504e+00 2.052140e+00 -7.862619e-01 3.285273e+00 -2.801285e+00 4.400388e-01 1.416393e+00 -1.805868e+00 1.451319e-01 -2.401180e+00 5.021183e-01 1.232776e+00 2.803053e+00 6.215035e-01 1.625701e-01 1.094919e+00 -2.164612e+00 -1.316760e+00 1.828287e+00 -7.298447e-01 -1.919262e+00 -1.212407e-02 
-5.042999e+00 2.768312e+00 1.616321e+00 7.358949e+00 7.797208e+00 8.321684e+00 -8.269318e-01 2.064674e+00 -2.423119e+00 2.709552e+00 7.524644e+00 4.057672e+00 1.602022e-01 -4.783946e-01 7.361238e-01 5.327507e-02 1.535641e+00 -1.263079e+00 -1.853170e-01 -1.248898e+00 -2.369031e+00 -1.363681e+00 -1.004361e+00 -1.088381e+00 -1.079520e+00 2.013138e-02 
-3.901278e+00 4.948204e+00 2.006533e+00 3.870486e+00 1.037772e+00 1.288053e+00 -2.817140e+00 -9.171019e+00 -7.530364e+00 -1.931013e+00 5.367806e-01 -5.959521e+00 1.439031e-01 -6.242059e-01 1.015117e+00 5.437921e-01 1.171228e+00 -1.931903e+00 -5.033133e-01 -1.413778e+00 -2.263443e+00 -1.316520e+00 -1.230162e+00 -8.490683e-01 1.057461e-01 2.553888e-02 
-3.148544e+00 7.098215e+00 1.046255e+00 3.829053e+00 1.113634e+00 -4.548399e-01 -6.280887e+00 -5.004319e+00 -7.090505e+00 -6.124566e+00 -2.402317e+00 -7.728441e-01 2.140756e-01 -1.298656e+00 5.171908e-01 6.327935e-01 3.480906e-02 -1.879845e+00 -2.196924e+00 -1.672784e+00 -4.800455e-01 5.681809e-01 7.474374e-01 7.830886e-02 7.501966e-01 3.079667e-02 
-6.936774e+00 6.597235e+00 3.728958e+00 8.414487e+00 2.300776e+00 3.923835e+00 -5.128174e+00 -4.497448e+00 -7.050191e+00 -1.293712e+00 2.134531e+00 1.138121e+00 2.458896e-01 -1.853041e+00 -2.576873e-01 -4.867510e-01 -2.029474e-01 -1.413387e+00 -8.935012e-01 1.600161e-02 1.588040e+00 2.424806e+00 1.261983e+00 9.542387e-01 1.916279e+00 4.538740e-02 
-1.001853e+01 4.529749e+00 3.919076e+00 5.260994e+00 -2.233520e+00 -3.980830e+00 -8.035336e+00 -2.672339e+00 1.776984e-01 6.128088e+00 7.117313e+00 4.259834e+00 2.631923e-01 -1.377152e+00 -2.508962e-01 -8.951197e-01 1.058106e-01 -1.103883e+00 4.505042e-01 1.579830e+00 1.648902e+00 3.195477e+00 1.334271e+00 4.927382e-01 -6.739102e-02 4.688796e-02 
-9.731492e+00 4.944000e+00 -1.863633e+00 2.139779e+00 -4.355585e+00 -1.416458e+00 -1.859907e+00 -2.396810e+00 9.595630e-01 -1.747425e+00 5.481591e-01 1.105535e+00 3.462817e-01 -6.283989e-01 -4.540510e-01 -1.351418e+00 -2.040410e-02 3.804575e-01 6.718680e-01 2.399634e+00 2.496968e+00 2.660907e+00 6.977402e-01 -2.741778e-01 -1.441448e+00 6.440444e-02 
-8.636945e+00 6.670352e+00 -6.330481e-01 7.495461e+00 -1.077601e+00 4.467827e+00 -1.586902e-02 2.189872e+00 4.882002e+00 7.736454e-01 8.545606e-01 -1.093506e+00 3.983193e-01 -9.437971e-01 -5.709900e-01 -7.239302e-01 4.891575e-01 1.291267e+00 1.523607e+00 1.876658e+00 1.393112e+00 8.457839e-01 -1.201701e+00 -1.167217e+00 -1.817834e+00 7.531040e-02 
-1.076956e+01 3.256679e+00 -7.520709e-01 7.195233e+00 3.625104e+00 3.058846e+00 2.860260e+00 5.556288e+00 3.902191e+00 4.872211e+00 3.895018e+00 -3.392448e+00 5.003483e-01 -1.243760e+00 -9.115168e-01 4.650484e-01 -1.531653e-02 1.229987e+00 4.234572e-01 -9.035613e-01 -1.314785e+00 -6.552094e-01 1.925269e-01 6.770934e-01 1.397597e+00 6.680863e-02 
-1.421848e+01 2.518460e+00 -2.563553e-01 5.179054e+00 2.324708e-01 1.399551e+00 -1.012130e+00 3.166711e-01 2.935304e+00 -3.190237e+00 -3.922005e-01 -2.580344e+00 5.627110e-01 -5.001919e-01 -1.017152e+00 -3.180510e-01 -2.086003e+00 -1.141806e+00 -1.581661e+00 -2.472452e+00 -3.810905e+00 -2.343071e+00 -2.597053e-01 3.617334e-02 3.566741e+00 7.392193e-02 
-1.315953e+01 2.462362e+00 2.732625e-01 3.221399e+00 1.139315e+00 2.234967e+00 -5.879583e+00 -8.034134e+00 -1.343135e+00 1.197150e+00 4.557007e+00 8.836937e+00 5.981290e-01 8.602218e-02 -7.116321e-01 -8.284215e-01 -1.873935e+00 -1.231091e+00 -9.507538e-01 -1.291623e+00 -2.327081e+00 -2.595546e-01 7.519114e-01 -6.004386e-02 3.723258e+00 5.545895e-02 
-9.942922e+00 1.981749e+00 -2.735970e+00 -9.476367e-01 -5.543738e+00 -3.028538e+00 -8.008205e+00 -1.006944e+01 -4.210691e+00 1.312649e+00 7.044330e-01 1.062550e+01 7.190386e-01 1.647044e+00 -1.296836e+00 -1.600213e+00 -1.646920e+00 4.289667e-01 1.343007e+00 4.039058e-01 6.317264e-01 1.374323e-01 1.434681e+00 -6.584453e-03 6.355729e-01 3.631620e-02 
-1.247723e+01 -3.312635e-02 -3.654371e+00 8.889055e-01 3.577526e-01 5.191216e-01 -9.981441e-02 -8.860632e-01 6.177416e+00 6.380325e+00 3.046482e+00 8.620916e+00 6.994793e-01 5.344434e+00 -1.062644e+00 -1.946799e+00 -2.261652e+00 -7.378154e-01 4.819988e-01 1.305773e+00 1.467801e+00 -9.906276e-01 -8.379771e-01 -1.449617e+00 -3.995403e+00 2.622058e-02 
-6.324409e+00 -2.717975e+00 -6.293604e+00 -1.889301e+00 2.768086e+00 8.972507e+00 -1.882485e+00 -9.873189e-02 -1.378100e-01 1.391581e+00 3.301396e-01 7.055304e-01 6.936169e-01 7.640240e+00 -1.657980e+00 -2.054436e+00 -3.098880e+00 -8.911036e-01 4.907205e-01 9.423078e-01 4.552844e-01 -2.447201e+00 -2.126667e+00 -8.932846e-01 -5.800708e+00 5.817978e-02 
1.175339e+01 -5.009960e-01 -7.681913e+00 -7.616030e+00 -6.705673e+00 -1.355561e+00 -2.413577e+00 -5.680481e+00 -8.332714e+00 -3.032201e+00 -2.503931e+00 -6.180092e+00 7.419428e-01 7.825253e+00 -1.623211e+00 -1.939685e+00 -3.982316e+00 -1.787281e+00 -8.138706e-01 1.079115e-01 -1.591484e+00 -3.972787e+00 -2.663226e+00 -1.678678e+00 -4.717557e+00 8.961304e-02 
1.614297e+01 -6.074218e+00 -1.099438e+01 -1.218957e+01 -6.467544e+00 3.624063e-01 -2.139785e+00 -5.395808e+00 -9.191635e+00 -4.614423e+00 -9.867835e-01 -1.097753e+01 9.887058e-01 4.590962e+00 -1.182501e+00 -9.695129e-01 -2.766806e+00 -3.532334e-01 -1.299787e+00 8.901485e-01 -9.362375e-01 -1.415813e+00 -1.384000e+00 -6.778145e-01 -2.321768e+00 8.429928e-02 
1.541535e+01 -6.471061e+00 -1.100241e+01 -1.387254e+01 -3.960840e+00 7.548186e-01 5.683932e-01 -6.194946e+00 -9.159609e+00 -3.932803e+00 -4.688447e+00 -9.125340e+00 1.000000e+00 1.868173e-01 -9.238383e-01 -1.728699e-01 -4.245856e-01 1.820894e+00 -5.176842e-03 2.015112e+00 1.079086e-01 -1.870839e-01 -9.258026e-01 6.985934e-01 -1.796578e-01 4.304783e-02 
1.479942e+01 -5.645448e+00 -9.480923e+00 -1.259508e+01 -3.704977e-01 1.418382e+00 1.077272e+00 -4.522686e+00 -6.803426e+00 -5.078120e+00 -1.966675e+00 -9.430685e+00 9.860846e-01 -8.854257e-01 4.123335e-02 9.236428e-01 4.843614e-01 1.617918e+00 5.520596e-02 1.503376e+00 -9.694819e-02 -9.127150e-01 -7.739812e-01 9.663394e-01 8.008105e-01 -1.175744e-02 
1.335925e+01 -5.334573e+00 -9.302992e+00 -9.536205e+00 -6.497250e-01 -1.909433e+00 6.053456e+00 -5.577499e+00 -1.046224e+01 -7.429366e+00 1.478982e+00 -7.851804e+00 9.584925e-01 -9.866450e-01 -3.401023e-01 1.725643e+00 6.333575e-01 3.170613e-01 2.955827e-01 1.374480e+00 -1.172878e-01 -2.055445e+00 -1.223378e+00 2.290532e+00 1.099389e+00 -1.469800e-02 
1.274389e+01 -6.436295e+00 -7.225874e+00 -1.193593e+01 -3.351355e-02 1.970562e+00 2.634566e+00 -6.189273e+00 -1.310390e+01 -6.736048e+00 7.611990e-01 -7.610247e+00 9.506723e-01 -9.312165e-01 -4.297123e-01 1.215835e+00 6.845384e-01 -4.433718e-01 4.657348e-01 1.052459e+00 -4.214827e-01 -2.307351e+00 -8.060867e-01 1.891965e+00 3.852975e-01 -9.975296e-03 
1.150989e+01 -7.776149e+00 -3.501714e+00 -1.103533e+01 -2.544026e+00 1.956642e+00 6.662146e+00 -5.948092e+00 -1.628660e+01 -9.220732e+00 5.400276e+00 -4.538612e+00 9.442161e-01 -6.609160e-01 3.531403e-02 5.404097e-01 2.665311e-01 -3.885262e-01 1.226214e+00 5.832171e-01 -9.491655e-01 -1.514212e+00 6.221828e-01 1.122986e+00 -9.142744e-01 -4.808187e-03 
1.106802e+01 -6.573221e+00 -6.302384e+00 -8.422823e+00 -1.640206e+00 1.814019e+00 6.035223e+00 -6.444803e+00 -1.542800e+01 -8.212872e+00 5.532503e+00 -9.160793e+00 9.433463e-01 -4.230251e-01 4.017860e-01 -3.925512e-01 1.214381e+00 -2.983502e-01 2.327087e-01 9.039099e-01 -1.028376e+00 -3.159477e-01 1.698245e+00 -2.741376e-01 -1.079316e+00 -4.260349e-03 
1.089260e+01 -5.089540e+00 -7.062688e+00 -9.960104e+00 -1.789010e+00 4.299906e+00 7.269213e+00 -1.019556e+01 -1.687125e+01 -3.580040e+00 4.708260e+00 -1.164790e+01 9.381145e-01 -8.273648e-02 6.271634e-01 -1.074630e+00 7.329690e-01 5.377005e-01 -2.209040e-02 -1.341741e-01 -6.434318e-01 8.220412e-01 1.921551e+00 -1.965022e+00 -4.121482e-01 -3.190708e-03 
1.093741e+01 -5.770669e+00 -7.408143e+00 -6.401635e+00 -1.902772e+00 1.962473e+00 6.850581e+00 -9.207420e+00 -1.439131e+01 -1.065167e+00 -2.634804e-01 -9.452182e+00 9.324214e-01 1.997684e-01 -1.250324e-02 -3.547489e-01 4.208656e-01 4.723581e-01 -4.029085e-01 -6.179954e-01 5.384221e-02 1.523465e+00 7.608861e-01 -2.372439e+00 9.570794e-01 -4.989058e-03 
1.116151e+01 -5.041608e+00 -8.321984e+00 -8.381076e+00 2.757599e-01 1.771963e+00 5.583596e+00 -7.783943e+00 -1.269474e+01 -3.186828e+00 -1.526843e+00 -6.453659e+00 9.337251e-01 1.242176e-01 -2.050234e-01 2.591473e-01 2.803523e-01 3.927124e-01 -8.357365e-01 -7.068988e-01 5.851609e-01 1.334216e+00 -2.590792e-01 -1.938579e+00 9.148232e-01 -8.309597e-03 
1.193241e+01 -6.659703e+00 -7.446481e+00 -7.108008e+00 -3.108006e-01 1.063448e+00 3.788054e+00 -7.381402e+00 -9.898929e+00 -4.605047e+00 -3.212142e+00 -6.972518e+00 9.205958e-01 -1.562572e-01 -8.613686e-02 6.618918e-01 -2.644848e-01 8.565927e-03 2.134719e-01 -3.330112e-01 -2.867270e-01 3.674650e-02 3.903233e-01 -9.902607e-01 6.843729e-02 -8.059991e-03 
1.101619e+01 -5.670140e+00 -5.747783e+00 -8.205155e+00 -6.214337e-01 5.707363e-01 5.265982e+00 -8.182767e+00 -1.244636e+01 -3.105496e+00 -3.510306e+00 -8.313619e+00 9.024794e-01 -4.380704e-01 -1.862819e-01 7.834410e-01 5.461379e-01 -4.152551e-02 -3.493691e-01 4.890088e-01 -9.913111e-01 5.070220e-01 4.958165e-01 -1.029105e+00 3.211849e-01 -8.861077e-03 
1.022878e+01 -5.887088e+00 -5.385784e+00 -7.812019e+00 -1.411346e+00 3.630446e+00 5.344332e+00 -1.044164e+01 -1.433177e+01 8.457835e-01 -4.223053e+00 -8.180016e+00 9.077443e-01 -5.241410e-01 1.209061e-01 5.310439e-01 6.575530e-01 2.554205e-01 -4.073853e-01 1.016227e+00 -1.068697e+00 6.769451e-01 2.960198e-01 -3.632469e-01 1.013465e+00 -8.701617e-03 
9.822970e+00 -6.359325e+00 -5.435127e+00 -5.298381e+00 6.184051e-01 -1.258382e+00 7.250502e+00 -1.121038e+01 -7.943210e+00 -3.433161e+00 -6.166911e+00 -4.243985e+00 8.958454e-01 -3.041170e-01 -1.581325e-01 4.131612e-01 8.330263e-01 5.286811e-01 -3.118721e-01 2.240649e-01 7.539177e-02 1.465269e+00 -6.596773e-01 -3.542522e-01 1.500170e+00 -6.307632e-03 
9.908313e+00 -5.710580e+00 -4.947589e+00 -5.273631e+00 3.463824e-01 -5.891931e-02 7.876930e+00 -1.121108e+01 -8.765779e+00 -2.961115e+00 -3.700074e+00 -3.940010e+00 8.804047e-01 -5.822174e-02 1.375477e-01 2.561726e-01 2.832382e-01 7.685641e-01 3.652303e-02 -5.909005e-01 1.100790e+00 8.398539e-01 -1.069268e+00 -1.130309e-01 1.215972e+00 -9.422923e-03 
9.655841e+00 -6.549056e+00 -3.901074e+00 -5.309218e+00 1.143108e+00 8.560584e-01 5.120008e+00 -7.421088e+00 -7.903009e+00 -4.500433e+00 -5.543056e+00 -2.932770e+00 8.846110e-01 1.114764e-01 1.091326e-01 1.907127e-01 9.712338e-02 1.026054e+00 5.185061e-02 -1.363069e+00 1.807310e+00 -8.127556e-02 -5.653464e-01 6.285629e-02 8.206759e-02 -1.131918e-02 
1.002124e+01 -5.104484e+00 -4.871948e+00 -6.390409e+00 2.169123e+00 2.755841e+00 3.455076e+00 -6.832336e+00 -1.015260e+01 -3.966921e+00 -5.100134e+00 -2.755765e+00 8.662469e-01 -1.859071e-02 3.872721e-01 2.511771e-01 4.111502e-01 3.544389e-01 -3.869345e-01 -3.569984e-01 9.891872e-01 -6.185694e-02 6.106234e-02 -2.204006e-01 -1.738977e-03 -1.303195e-02 
1.032389e+01 -6.116710e+00 -4.519383e+00 -4.254375e+00 4.837306e+00 -2.406509e+00 2.646084e+00 -4.363198e+00 -7.656178e+00 -5.756989e+00 -5.152599e+00 -4.425770e+00 8.463284e-01 -3.993639e-02 4.924465e-01 8.766017e-02 1.080415e+00 5.707913e-02 -8.837174e-01 -4.210811e-02 -2.819496e-01 9.098600e-01 1.519741e+00 -1.298794e+00 -1.166583e-01 -1.254175e-02 
9.481335e+00 -3.990393e+00 -3.382549e+00 -3.745301e+00 2.714777e-01 -3.623078e-01 7.328900e+00 -7.794092e+00 -9.198479e+00 -2.027525e+00 -4.997305e+00 -3.202205e+00 8.343862e-01 -4.083631e-02 2.260575e-01 5.729791e-01 1.521693e+00 -5.111454e-01 -1.723806e+00 1.190347e-01 8.315271e-01 1.218061e+00 1.395998e+00 -1.933230e+00 3.644372e-01 -7.670367e-03 
9.726110e+00 -4.643869e+00 -4.207473e+00 -1.229698e+00 2.377326e+00 -2.003454e+00 2.972556e+00 -8.349958e+00 -3.830768e+00 2.128573e+00 -1.208844e+01 -3.292842e+00 8.378326e-01 -1.557316e-01 3.324983e-01 4.351974e-01 1.306434e+00 -8.449853e-01 -5.929025e-01 -1.451261e+00 1.475867e+00 1.060089e+00 1.040098e+00 -1.434681e+00 -1.074210e-01 -1.656735e-03 
1.011595e+01 -4.710617e+00 -2.163008e+00 -2.942843e-01 8.433859e-01 -6.064718e+00 3.887014e+00 -6.813210e-01 -5.974996e+00 -9.297104e-01 -1.129836e+01 -1.500044e+00 8.321429e-01 -1.272456e-01 2.321288e-01 2.589308e-01 4.355523e-01 -1.028046e-01 -6.956761e-01 -3.211013e+00 2.944777e+00 1.217071e+00 -5.628420e-01 -1.196106e+00 -1.600445e-01 1.395339e-03 
9.227926e+00 -4.094107e+00 -2.953167e+00 5.522876e-01 3.264251e-01 -2.519817e+00 -2.889277e+00 -5.402475e-01 -3.967474e+00 -1.105406e+00 -9.175474e+00 -5.813956e+00 8.391663e-01 -5.645079e-01 7.516941e-01 6.182124e-01 -9.614114e-02 -1.156371e+00 -1.074283e+00 -2.264272e+00 3.221860e+00 8.776817e-01 -1.677691e+00 -4.756163e-01 1.771641e-02 4.295665e-03 
9.094199e+00 -3.104630e+00 -2.715048e+00 -2.458533e+00 7.829053e-01 -3.582507e+00 -5.795248e+00 3.024940e+00 -3.044772e+00 -3.224746e+00 -1.243432e+01 -2.741871e+00 8.406960e-01 -5.259880e-01 5.755972e-01 1.221610e+00 -4.087522e-01 -2.194506e+00 -1.071005e+00 -1.210020e+00 2.505066e+00 -2.437272e-01 -1.955812e-01 -1.175780e+00 7.282456e-01 6.151825e-03 
7.414444e+00 -1.688392e+00 -8.403912e-01 -6.282794e-01 -3.374291e+00 -8.615973e+00 -3.507676e+00 5.906209e+00 -9.074714e-01 -5.112365e+00 -1.389854e+01 -2.583346e+00 8.550344e-01 -1.470793e-01 6.608664e-01 1.671608e+00 -1.170818e-01 -3.046230e+00 -2.524843e+00 3.549215e-01 3.219670e+00 -1.236906e+00 2.868119e-01 -6.430309e-01 9.326299e-01 9.486139e-04 
8.392747e+00 -3.035488e+00 2.888654e+00 -1.747762e+00 -8.278786e+00 -8.371663e+00 -1.853886e+00 8.620781e+00 -8.723633e+00 9.586334e-02 -1.481573e+01 5.258796e-01 8.549681e-01 4.885028e-02 6.231294e-01 2.044562e+00 -5.610955e-02 -3.537951e+00 -1.539742e+00 -1.285515e-01 2.074913e+00 -1.041675e+00 9.216118e-01 1.264583e+00 -5.221006e-01 -4.410589e-03 
8.843256e+00 -8.243452e-01 2.603021e+00 -3.885069e-01 -1.037388e+01 -1.274945e+01 -3.085350e+00 1.276018e+01 -7.312573e+00 -1.331651e+00 -1.119993e+01 -2.784682e+00 8.367734e-01 8.451097e-02 4.176816e-01 2.182821e+00 -3.222051e-01 -3.561166e+00 3.150459e-01 -1.477923e+00 2.675314e-01 -8.952587e-01 1.341824e+00 2.294101e+00 -1.016925e+00 -6.060803e-03 
8.624044e+00 -4.210062e-01 5.786055e+00 -2.858967e+00 -1.340706e+01 -9.214478e+00 -6.649168e+00 9.972515e+00 -5.050598e+00 -5.070443e-01 -7.460718e+00 -5.251706e+00 8.277736e-01 -3.705516e-01 8.865425e-01 2.129815e+00 1.885046e-01 -2.958560e+00 2.145044e-01 -1.394437e+00 -1.010702e+00 -2.716019e-01 3.462610e-01 1.654997e+00 -1.424224e+00 -1.482722e-02 
7.721351e+00 -9.072248e-01 8.625013e+00 -1.683702e+00 -1.861599e+01 -6.619336e+00 -8.499649e+00 6.567999e+00 -7.220283e+00 1.898209e+00 -6.105546e+00 -4.779181e+00 8.383276e-01 -3.387791e-01 2.687567e-01 2.364775e+00 8.624371e-01 -7.682346e-01 7.158684e-01 -1.844748e+00 -1.838543e+00 -5.610038e-01 -9.957663e-01 9.904933e-01 -1.938866e-01 -3.515040e-02 
7.100942e+00 1.438664e+00 1.052673e+01 -1.576410e-01 -1.895053e+01 -1.036420e+01 -6.118921e+00 6.663363e+00 -1.012779e+01 2.122386e-01 -9.087934e+00 -5.597993e+00 7.800549e-01 -3.944498e-01 3.389870e-01 1.240604e+00 2.686298e+00 1.873300e+00 6.574401e-01 -6.593243e-01 -2.577950e+00 -2.367826e-01 -2.929382e+00 3.061941e-01 4.654969e-01 -6.407282e-02 
7.910912e+00 -4.103967e-01 1.205656e+01 2.573016e+00 -1.144331e+01 -8.595251e+00 -1.257421e+01 5.222047e+00 -7.578998e+00 -6.670125e+00 -5.433851e+00 -3.580971e+00 6.848807e-01 -1.496684e+00 8.739985e-01 6.090761e-01 2.943134e+00 4.287965e+00 1.204835e+00 1.010320e+00 -2.067679e+00 1.196289e+00 -3.930515e+00 -1.295412e+00 2.121883e-01 -7.842991e-02 
6.557015e+00 1.025515e+00 1.027330e+01 8.444163e+00 -7.626894e+00 -4.939321e+00 -7.908506e+00 -2.244258e+00 -6.055154e+00 -1.086979e+01 -6.265595e+00 -3.523326e+00 5.841329e-01 -3.113206e+00 6.655540e-01 -4.336615e-01 1.812462e+00 4.574466e+00 1.367185e+00 1.530738e+00 -1.773931e+00 3.021400e+00 -1.660991e+00 -5.172843e-01 5.890144e-01 -5.279677e-02 
5.098925e-01 3.669343e+00 1.179711e+01 8.731066e+00 -2.837980e+00 -3.307602e+00 -2.553255e+00 6.834121e-01 -3.275152e+00 -1.221335e+01 -1.399377e+01 -4.755572e+00 5.441390e-01 -4.189292e+00 -1.100292e-01 -1.738087e+00 5.849571e-02 2.269422e+00 6.891316e-01 2.956769e+00 -3.138509e-01 3.700779e+00 1.305180e+00 7.970489e-01 1.589289e+00 -9.436214e-03 
-4.764582e+00 2.726564e+00 8.488150e+00 5.825642e+00 -3.808703e-01 -6.172101e+00 -3.475714e+00 6.302631e-02 2.827291e+00 -5.321104e+00 -7.394394e+00 -2.065620e+00 5.864419e-01 -3.165788e+00 -1.147284e+00 -2.323950e+00 -1.565649e+00 1.279606e+00 3.789513e-01 2.299409e+00 1.891716e+00 3.077759e+00 2.696275e+00 3.294233e+00 2.484605e+00 1.939065e-02 
-7.374753e+00 -1.811068e+00 4.258701e+00 4.174755e+00 -3.719217e+00 -4.533202e+00 -6.763101e-03 2.499150e+00 6.483677e+00 -2.918567e+00 -8.842063e-01 3.636622e+00 6.365452e-01 -1.117804e+00 -2.028319e+00 -3.312104e+00 -1.895516e+00 8.325502e-01 9.870218e-01 1.208380e+00 -1.007862e-02 5.828360e-01 2.630311e+00 4.283534e+00 1.920711e+00 1.174940e-02 
-5.329604e+00 -1.970702e+00 2.422759e+00 2.894075e+00 -7.882462e-01 -2.431763e+00 2.315291e+00 6.306451e+00 4.454226e+00 -2.035805e+00 3.650785e+00 4.703600e+00 6.348831e-01 6.639459e-01 -5.076154e-01 -1.503051e+00 -5.176125e-01 5.289196e-01 9.832920e-01 1.282170e+00 -4.982728e-01 -8.946255e-01 1.739387e+00 1.207450e+00 -7.667670e-02 -5.784708e-03 
-4.796616e+00 -4.123619e+00 -1.730717e+00 7.192671e-01 1.528459e+00 -2.426610e-01 5.931404e-01 -2.488693e+00 -1.174440e+00 -7.044449e-01 1.901304e+00 1.463371e+00 5.786654e-01 1.056625e+00 6.711372e-01 6.523978e-01 1.300839e+00 1.365264e+00 1.186543e+00 2.116177e-01 -3.597545e-01 -8.610978e-01 9.491723e-01 -1.200353e+00 -2.244642e+00 -1.630208e-02 
-2.733921e+00 1.344763e+00 3.967602e+00 4.965323e+00 -3.601108e-01 -3.400912e+00 2.635183e+00 6.558374e-02 2.183223e+00 2.268768e+00 -2.749898e+00 -1.362378e+00 5.864582e-01 5.106323e-01 1.086827e+00 2.403697e+00 2.586980e+00 7.929851e-01 5.883106e-01 -3.204488e-01 -6.584160e-01 -7.269283e-01 -1.327426e+00 -3.522310e+00 -1.443624e+00 -1.185845e-02 
-3.389471e+00 -1.131138e-01 6.748268e+00 9.643328e+00 2.893034e+00 1.884085e+00 8.913792e-01 3.820811e+00 3.313690e+00 -3.249922e-01 -3.685628e+00 -4.553597e+00 5.792472e-01 -2.410875e-01 8.079079e-01 2.525768e+00 2.713833e+00 7.237920e-01 2.356861e-01 1.286708e-01 1.354864e+00 7.872580e-01 -2.489944e+00 -2.132404e+00 -2.304413e-01 2.005947e-03 
-3.480015e+00 1.458180e+00 1.020175e+01 1.136695e+01 2.494392e+00 -5.535834e-01 5.639273e-01 -1.403810e-01 -1.424480e+00 -8.862663e+00 -1.116730e+01 4.939644e-01 5.753000e-01 -1.044478e+00 -4.617292e-01 9.385816e-01 1.382381e+00 1.159547e+00 5.709283e-01 -7.913976e-01 -2.590589e-01 3.953614e-01 -1.424699e+00 -3.530540e-01 1.398791e+00 7.138991e-03 
-5.629006e+00 -1.407878e-01 7.781049e+00 1.108762e+01 3.720168e+00 -4.878945e-01 2.272122e+00 4.388610e+00 4.565702e+00 -7.588452e+00 -4.552017e+00 -6.170070e-01 5.942743e-01 -1.671046e+00 -9.877011e-01 3.802900e-02 -3.941116e-02 2.153806e-01 1.094941e+00 3.717367e-01 2.713413e-01 1.768480e+00 1.645962e+00 8.086901e-01 1.866645e+00 1.790919e-02 
-6.836541e+00 -9.500464e-01 8.144120e+00 1.115508e+01 5.024058e+00 6.397197e-01 -2.012177e+00 -1.513610e+00 3.534024e+00 -1.222997e+00 -4.081974e+00 3.663282e+00 6.146396e-01 -1.564236e+00 -1.082348e+00 -4.970044e-01 -8.385226e-01 -3.771084e-01 1.325204e+00 1.548181e+00 1.578564e+00 1.932940e+00 3.612666e+00 1.169996e+00 3.130141e-01 6.031126e-03 
-1.006644e+01 -3.847506e+00 7.967229e+00 9.552203e+00 2.705103e+00 6.762139e+00 4.038115e+00 5.864132e+00 9.676835e+00 4.084987e+00 -3.184840e+00 3.194971e+00 6.491234e-01 -6.266642e-01 -1.172811e+00 -5.019318e-01 -1.648455e+00 -1.207576e+00 7.007044e-01 6.558521e-01 4.301686e-01 1.722273e+00 3.303381e+00 2.114563e+00 9.235523e-01 -2.576115e-02 
-9.082480e+00 -2.100201e+00 7.623639e+00 7.942042e+00 1.116382e+00 2.447422e+00 7.421838e+00 7.014679e+00 5.684655e+00 3.363946e+00 -6.000908e+00 1.530459e-01 5.780311e-01 8.711888e-01 -1.067787e+00 -5.781125e-01 -1.830164e+00 -1.278197e+00 -7.626522e-02 2.120920e-01 5.197260e-01 1.278175e+00 1.567817e+00 3.931128e+00 1.168938e+00 -6.929996e-02 
-7.639358e+00 -5.429764e+00 5.531630e+00 4.451869e+00 -3.638730e-01 2.111776e+00 8.343757e-01 2.275309e+00 1.210175e+01 6.634980e+00 6.980263e+00 5.755873e+00 4.837728e-01 2.427787e+00 -7.806808e-01 -8.499330e-01 -1.098837e+00 -1.420993e+00 -1.376832e+00 -4.365779e-01 -5.337753e-02 -1.360426e-01 9.527238e-01 4.062958e+00 1.413903e+00 -1.003339e-01 
-3.694137e+00 -5.497851e+00 6.471357e+00 4.554433e+00 1.675620e-01 2.583575e+00 6.501528e-01 2.879431e+00 8.712440e+00 5.341091e+00 1.049111e+01 8.227520e+00 3.508151e-01 2.738107e+00 -5.001591e-01 -9.854104e-01 2.363485e-01 -2.434266e-01 -1.451266e+00 -1.060288e+00 1.579840e+00 6.909195e-01 4.663449e-01 2.020551e+00 3.661323e-01 -8.602296e-02 
-6.216726e-01 -6.052085e+00 4.293705e+00 5.751822e+00 -3.925450e+00 -1.900990e-01 5.241067e+00 7.664868e+00 7.482730e+00 7.860033e+00 8.883937e+00 6.227252e+00 2.610621e-01 1.975182e+00 1.173543e+00 -9.904959e-01 8.870838e-01 1.269592e+00 -7.156361e-01 2.710946e-01 2.733535e+00 -5.689676e-01 -1.325746e+00 -2.401517e+00 -2.370199e+00 -5.474252e-02 
1.099211e+00 -4.289836e+00 3.315550e+00 8.473808e+00 1.680038e+00 -3.657971e+00 -8.294785e-02 1.221910e+01 1.144876e+01 5.083144e+00 3.150008e+00 1.748018e+00 2.592716e-01 1.142883e+00 1.808632e+00 -1.433164e+00 -2.485383e-01 1.217069e+00 -5.764044e-01 -6.329089e-01 1.010511e+00 3.649401e-01 -1.487222e+00 -3.076246e+00 -1.670908e+00 -3.958108e-02 
-1.601200e-01 -1.660557e-01 2.157055e+00 6.927600e+00 5.227850e+00 1.654369e+00 2.556399e+00 1.127315e+01 7.888750e+00 1.352242e-01 -1.356771e+00 -2.855371e+00 2.558320e-01 3.971605e-02 1.418260e+00 -1.870108e+00 -1.582184e+00 1.137897e+00 5.626345e-01 -1.486188e-01 1.073514e+00 2.669513e+00 -6.411888e-01 -1.019577e+00 -5.911047e-01 -3.199670e-02 
1.789502e+00 6.022921e-01 3.738620e-01 2.723852e+00 1.676255e+00 -1.220681e+00 -1.172058e+00 6.127846e+00 1.033413e+01 1.767388e+00 2.302406e-01 4.414292e+00 1.555248e-01 -3.286363e-01 5.735191e-01 -1.780515e+00 -1.913915e+00 -4.956059e-01 5.173654e-01 1.216313e+00 1.285889e-01 2.471718e+00 6.225685e-01 4.447233e-01 7.712629e-01 -3.371237e-02 
-7.682381e-01 -1.406848e+00 -3.585993e+00 7.158825e-01 1.765929e+00 1.404428e+00 5.042528e+00 1.607807e+01 2.138761e+01 6.311967e+00 5.245934e+00 1.938591e+00 1.529520e-01 -4.400536e-01 4.491504e-01 -1.109293e+00 -1.159679e+00 -1.107759e+00 -1.079643e+00 9.577900e-01 -5.552783e-02 2.632878e+00 7.982339e-01 5.738565e-01 1.671596e+00 -3.029805e-02 
-2.399120e-01 -8.018447e-01 -2.715504e+00 2.010092e+00 9.329684e-01 -9.461737e-01 4.755550e+00 1.045959e+01 1.705792e+01 5.107615e+00 2.072273e+00 3.207352e+00 1.421497e-01 -6.597409e-01 7.839663e-01 2.723394e-01 1.735417e-01 -1.309367e-01 -8.729714e-01 3.623820e-01 -6.689160e-01 -4.586064e-01 -3.457622e-01 -4.425313e-01 7.518011e-01 -1.716343e-02 
-1.345681e+00 2.781765e+00 -1.844725e+00 1.486084e+00 6.069708e-02 -3.881101e+00 4.381546e+00 8.829643e+00 1.769125e+01 2.456280e+00 5.914960e-01 6.106081e+00 1.110292e-01 -1.610328e-01 1.205165e+00 1.058946e+00 -8.091331e-03 -1.846376e-02 -6.941169e-01 -1.802428e+00 -2.607136e+00 -2.702069e+00 -1.073729e+00 -1.004521e+00 3.064254e-01 -2.130961e-02 
-1.220481e+00 2.427818e+00 8.649253e-01 3.206460e+00 1.874188e+00 -2.942774e+00 9.703435e-01 6.407477e+00 9.889281e+00 1.966421e+00 3.448029e-01 6.089553e+00 9.066904e-02 -3.906983e-01 1.451198e+00 1.128961e+00 -4.856820e-01 4.538152e-01 6.437957e-01 -1.430230e+00 -1.631416e+00 -2.601786e+00 -1.025801e+00 2.229277e-01 -7.068824e-01 -1.929731e-02 
-1.083117e+00 3.004148e+00 -8.147740e-02 7.724190e-02 1.203001e+00 -1.067856e+00 -2.077007e+00 5.068439e+00 1.146159e+01 2.513919e+00 1.087065e+00 2.029618e+00 7.214433e-02 -6.678604e-01 6.434386e-01 2.096183e-01 -1.076431e+00 9.410480e-01 1.190742e+00 -1.321519e+00 -1.803255e+00 -1.333443e+00 1.594766e-01 1.018823e-01 -1.618536e+00 -4.148358e-03 
-2.324685e+00 6.342953e+00 2.047679e+00 2.861032e-01 2.630892e+00 8.661823e-01 8.336785e-01 4.183110e+00 7.163820e+00 -5.020821e-02 2.939127e+00 1.711172e+00 6.510562e-02 -1.105544e+00 3.512770e-01 -5.826210e-01 -5.309116e-01 -2.130060e-02 1.106032e+00 -4.810703e-01 -2.390642e+00 -1.080529e+00 7.275939e-04 -6.770580e-01 -2.005416e+00 9.304559e-03 
-4.132881e+00 4.041390e+00 -1.388010e+00 -2.435894e+00 4.387585e+00 1.681304e-01 -2.157717e+00 9.255495e-01 1.238676e+01 4.261977e+00 -1.962547e-01 2.025926e-01 1.030691e-01 -1.406742e+00 -3.552601e-01 -2.668944e-01 -1.858654e-01 -8.090595e-01 3.397815e-01 1.469158e-01 -1.267815e+00 -8.746464e-01 4.099790e-01 -1.576334e-01 -7.627649e-01 8.464659e-03 
-5.223317e+00 3.665581e+00 -1.394913e+00 1.808469e+00 1.753924e-01 1.969394e+00 -1.394653e+00 -3.474289e+00 4.024047e+00 1.096030e+00 -2.398828e+00 -3.024018e+00 1.217294e-01 -1.052189e+00 -6.077740e-01 2.298739e-01 6.708507e-01 -5.241038e-01 7.053373e-01 3.235564e-01 -6.595931e-01 -1.351107e+00 6.169958e-01 7.583169e-01 7.920387e-01 -3.138101e-03 
-6.667514e+00 2.566533e+00 3.053466e-01 -1.613268e+00 -1.614547e+00 7.944572e-02 -2.282625e-01 2.558064e+00 8.658242e+00 3.990695e+00 2.967875e+00 5.833876e-01 8.615571e-02 -5.268065e-01 -1.463587e-02 6.070865e-01 7.510293e-01 -2.958754e-01 9.941187e-01 1.128657e+00 7.868578e-01 -1.187854e+00 4.358748e-01 2.145686e+00 1.621549e+00 -8.125645e-03 
-6.318315e+00 4.041512e+00 2.350370e+00 3.229044e+00 3.011439e+00 4.437211e+00 1.486733e+00 6.888717e-02 2.272543e+00 3.170412e+00 5.148647e+00 5.480968e+00 5.787182e-02 -1.858366e-01 3.090446e-02 3.881428e-01 -1.126736e-01 8.763967e-01 9.613658e-01 7.265413e-01 6.101710e-01 3.745886e-01 1.099937e+00 2.125887e+00 1.302603e+00 -9.832108e-03 
-6.219415e+00 3.780245e+00 -2.252195e-01 6.089653e-01 1.490185e+00 3.904816e+00 2.044875e+00 3.088250e+00 7.323245e+00 5.404160e+00 6.758437e+00 4.057844e+00 9.436971e-02 4.034214e-01 6.203730e-01 2.370085e-01 3.918144e-01 4.355655e-02 -1.005458e+00 3.582882e-01 -1.348392e-01 -6.512513e-02 -3.143807e-01 -8.214647e-01 -1.256172e+00 -4.347456e-03 
-6.376550e+00 3.213247e+00 8.110839e-01 1.339844e-01 3.005010e+00 4.863538e+00 1.101485e+00 -6.885277e-01 6.564488e+00 5.888980e+00 6.335328e+00 1.751769e+00 6.846189e-02 5.525805e-01 5.277541e-01 3.238549e-02 -2.174496e-02 -6.613714e-01 -2.195237e+00 -5.737097e-01 1.466806e-01 1.259793e-01 6.286014e-01 -6.479357e-01 -1.608278e+00 2.310878e-03 
-4.621289e+00 6.082530e+00 2.260032e+00 1.893333e+00 -1.393549e+00 -5.161010e+00 1.755803e+00 2.262576e+00 6.186644e+00 1.059507e+00 -1.732789e+00 -3.832872e+00 5.912340e-02 6.862645e-01 3.734962e-01 3.186969e-01 6.327478e-01 7.882293e-01 -1.127397e+00 -9.915830e-01 -9.411243e-02 -1.332030e-01 6.633534e-02 -1.543714e-01 5.034947e-01 -7.014430e-03 
-4.354475e+00 5.529140e+00 1.269672e+00 2.478135e+00 1.146449e+00 -2.006062e+00 -1.237279e+00 1.215127e+00 3.470740e+00 8.485744e+00 6.154581e+00 1.384938e+00 8.704937e-02 5.121112e-01 3.448205e-01 -1.693089e-01 1.766626e-01 5.655447e-01 -2.568619e-01 -7.641542e-01 3.074689e-01 6.036351e-01 1.031857e+00 9.156154e-01 1.911580e+00 3.518850e-03 
-3.799129e+00 4.489780e+00 1.138971e+00 2.600629e+00 6.360611e+00 1.702632e+00 -1.743659e+00 1.665861e+00 8.204103e+00 4.437454e+00 6.076953e+00 6.758734e+00 5.000383e-02 -8.563574e-01 4.985958e-01 -4.336994e-01 -9.076998e-02 1.037131e-01 1.830780e+00 -2.242863e+00 -1.014582e-01 -3.086469e-01 1.965024e+00 -1.779464e-01 1.634697e+00 5.267546e-02 
-4.227074e+00 5.733725e+00 5.250701e-01 6.636494e-01 1.955653e+00 1.474079e-01 -9.695553e-01 1.147174e+00 8.573934e+00 9.359291e+00 7.008534e+00 6.013867e+00 9.061593e-02 -8.789994e-01 7.120621e-01 -2.735352e-01 -4.302058e-02 -8.164178e-01 3.183674e-01 -1.739992e+00 -4.647582e-01 -7.465793e-01 1.408117e-01 -1.742924e+00 -6.939494e-01 3.767145e-02 
-8.966777e+00 8.473217e+00 4.638360e-01 2.346726e+00 -1.279586e+00 2.916154e+00 -9.592377e+00 1.789262e+00 2.091813e+00 1.044785e+01 -3.049497e+00 2.026145e+00 3.207174e-01 -6.266724e-01 -4.066415e-02 -3.152468e-01 -1.350752e+00 -6.362754e-01 -8.940556e-02 -3.276265e-01 -3.649599e-01 -1.298290e+00 -1.680731e-01 -1.049465e+00 -9.192769e-01 4.968327e-03 
-6.165648e+00 7.097732e+00 2.395637e-01 2.389984e+00 8.844585e-01 -1.020986e+00 -6.012882e+00 -1.170364e+00 2.793989e+00 6.184605e+00 2.003188e+00 2.814844e-01 1.400498e-01 2.189636e-04 -9.630691e-01 -3.280856e-01 -1.143287e+00 -2.074215e-01 -2.854042e-01 1.069283e+00 -1.726061e-01 -1.341341e-01 -1.534309e+00 5.404700e-01 -7.272035e-01 -3.567410e-02 
-5.963204e+00 3.604456e+00 -2.945096e-01 -5.016298e+00 3.714831e+00 1.839801e+00 -8.601280e-01 9.998302e-01 4.602629e+00 5.184432e+00 3.332299e+00 5.028540e+00 5.012852e-02 6.199476e-01 -1.592420e+00 -6.921221e-01 -5.858954e-01 1.237691e+00 -1.183169e+00 2.964625e+00 1.588595e-02 4.825605e-01 -1.088578e+00 3.016873e+00 8.481555e-01 -4.988804e-02 
-5.727765e+00 3.352759e+00 -7.361851e-01 -1.371272e+00 -1.578663e+00 -7.414365e-01 1.073313e-02 6.788597e-01 6.647856e+00 4.319455e+00 6.519986e+00 8.766522e-01 4.753989e-02 3.656006e-03 -1.064911e+00 -7.711318e-01 4.129962e-01 1.293754e+00 -9.216228e-01 1.954272e+00 4.173136e-01 -2.457562e-01 2.589600e-02 2.199072e+00 1.231651e+00 2.236825e-03 
-6.085980e+00 2.383603e+00 -2.508900e+00 1.297877e+00 6.140428e+00 -3.139466e+00 2.218942e+00 9.440794e-01 2.577682e+00 5.937534e+00 9.776466e+00 5.969339e+00 1.175321e-01 -6.037674e-02 -3.410861e-01 -6.201495e-01 1.529750e+00 1.257028e+00 -1.235656e+00 8.366349e-01 1.537180e-02 -8.120068e-01 3.124282e-01 1.614482e+00 6.974284e-01 2.047995e-02 
