-4.625652e+00 -6.663930e-01 8.524632e-02 -8.549083e-01 4.274836e+00 4.481721e+00 4.110568e+00 1.857796e+00 5.323336e+00 1.017070e+01 1.066051e+01 5.881824e+00 -3.276229e-02 -4.274635e-02 2.336928e-01 3.340593e-01 2.673057e-01 -7.477934e-01 -7.448659e-01 -5.076988e-01 -1.519522e-01 2.926767e-01 -1.362043e-01 7.000307e-01 1.646104e-01 1.749516e-04 
-3.899731e+00 8.382268e-01 1.065065e+00 -5.053385e-01 1.930090e+00 1.580310e+00 3.577631e+00 3.493185e+00 4.905609e+00 9.041848e+00 9.758028e+00 4.924389e+00 -3.356576e-02 9.945621e-02 1.201554e-01 1.323833e-01 5.536625e-01 -9.906147e-02 -5.795623e-01 -2.519967e-01 -1.069899e+00 -2.417558e-01 -5.166643e-01 1.746945e-01 -1.949031e-02 -2.094507e-03 
-5.202345e+00 -2.502390e-01 1.265633e+00 3.068352e-01 1.708241e+00 2.208097e+00 1.838541e+00 2.803398e-01 6.995584e+00 1.005410e+01 1.461190e+01 7.183593e+00 -3.148580e-02 2.068357e-01 1.853847e-01 3.910027e-01 4.398463e-01 -4.818087e-01 -2.402366e-01 -2.049130e-01 -7.339922e-01 3.287784e-01 -1.501523e+00 -7.998721e-01 -4.877515e-01 -2.036095e-04 
-3.840025e+00 -2.736931e-01 1.569694e-01 1.332533e+00 5.062825e+00 2.720722e+00 3.986597e+00 -2.702970e+00 3.278434e+00 7.645677e+00 9.558285e+00 5.133488e+00 -4.387307e-02 2.033480e-01 -1.358830e-01 -7.881999e-02 7.068484e-01 -1.513350e-01 2.545494e-01 -3.488612e-01 7.517716e-02 3.007813e-01 -1.205734e+00 -1.008076e+00 -8.018746e-01 -3.613448e-03 
-3.621326e+00 8.164902e-01 2.494308e+00 4.253874e-01 2.994244e-01 2.710332e+00 2.881519e+00 1.285912e+00 7.780816e+00 3.361170e+00 6.761020e+00 3.338517e+00 -2.862668e-02 2.630991e-01 1.617342e-02 -6.727470e-01 -3.026549e-01 4.188507e-02 -4.069355e-01 -5.781559e-01 9.452181e-01 7.785411e-01 -6.785822e-01 -1.428285e+00 -2.038956e+00 -3.976703e-04 
-3.673500e+00 -3.745526e-01 5.662799e-02 2.969628e+00 1.877824e+00 2.601940e+00 1.311837e+00 3.366285e+00 6.016899e+00 6.359646e+00 8.643087e+00 2.837554e+00 -5.306256e-02 -9.843788e-02 -1.538521e-01 -2.855564e-01 -7.611156e-01 -1.147387e-01 -1.463928e-01 -3.740176e-01 1.024724e+00 9.395382e-01 5.189457e-02 3.095592e-01 5.730245e-01 -8.653879e-04 
-3.970112e+00 -1.189421e-01 -2.047931e+00 -2.024987e+00 3.510167e+00 2.328112e-01 2.851419e-01 1.971804e+00 9.519056e+00 7.304210e+00 7.928076e+00 -1.863222e+00 -2.887940e-02 -1.133156e-02 1.697986e-01 -2.953652e-02 -3.023809e-01 9.820480e-01 -1.523042e-01 7.045828e-01 5.273911e-01 6.900261e-02 4.475095e-01 1.618495e+00 1.815946e+00 5.717278e-04 
-4.157822e+00 -5.752374e-01 1.000307e+00 -1.247858e+00 2.883760e+00 3.227519e+00 3.414698e+00 2.077705e+00 7.107004e+00 5.933630e+00 1.052255e+01 1.059948e+01 -4.807365e-02 7.688083e-02 6.519709e-01 9.310440e-01 -4.617192e-01 3.212666e-01 -3.225648e-02 1.070788e+00 4.023837e-01 -2.096082e-01 -1.105298e-01 5.230857e-01 1.445573e+00 1.279175e-03 
-3.435823e+00 1.765826e+00 1.874786e+00 1.022226e+00 4.706697e+00 1.636022e+00 5.353003e+00 4.567158e+00 7.580776e+00 5.811726e+00 1.391376e+01 8.537284e+00 -2.826250e-02 2.708931e-02 2.291775e-02 1.238554e+00 9.189846e-01 5.439368e-01 6.941854e-01 1.023987e+00 2.898001e-01 -8.034258e-01 1.058882e+00 1.276135e-01 8.606548e-01 -3.329158e-04 
-3.556240e+00 1.942918e+00 2.750490e+00 -8.625747e-01 2.885892e+00 1.739052e+00 4.131848e+00 4.080526e+00 5.937998e+00 6.553239e+00 8.265674e+00 4.865169e+00 -4.697514e-02 5.718212e-02 -1.940362e-01 1.493671e-01 2.059503e-01 7.123537e-02 5.074077e-01 3.002898e-01 2.925285e-01 -2.910347e-02 1.227943e+00 -5.819070e-01 -1.406784e+00 4.529357e-03 
-4.135456e+00 -1.263431e+00 3.269746e+00 2.377294e+00 6.228786e+00 4.447972e+00 5.046499e+00 2.419394e+00 6.086430e+00 1.228881e+01 9.694582e+00 5.307207e+00 -3.109324e-02 -3.840691e-01 -2.380712e-01 -1.901987e-01 -4.502381e-01 -3.476279e-01 5.313280e-01 2.379272e-01 -1.402547e-01 6.849146e-02 1.060272e+00 -6.941633e-01 -3.813475e-01 4.296482e-03 
-3.522095e+00 -3.078973e-02 1.049662e+00 -8.956407e-01 2.478893e+00 4.358582e+00 5.069398e+00 4.614229e+00 7.708660e+00 8.834801e+00 9.722607e+00 5.180596e+00 -2.401149e-02 -3.338818e-01 3.898479e-01 -8.228629e-01 -6.628187e-01 -6.269922e-01 2.728727e-01 2.057968e-01 3.016757e-01 2.360330e-01 3.927012e-01 4.785784e-01 -3.265973e-01 1.678031e-02 
-5.373241e+00 1.562324e+00 1.774206e+00 -1.212432e+00 3.172056e+00 2.982897e+00 6.073864e+00 3.599033e+00 7.037903e+00 9.972307e+00 9.714478e+00 6.472833e+00 -1.826191e-02 -2.646055e-01 9.031457e-01 -3.945828e-01 -4.975183e-01 -1.313761e+00 -6.936592e-01 -2.684088e-02 -4.957350e-01 -6.066722e-01 -9.001907e-01 -9.367242e-02 -8.578224e-01 8.107299e-03 
-4.606756e+00 2.479280e+00 -6.160548e-01 -2.381805e+00 1.279295e+00 3.835953e+00 4.647150e+00 4.999085e+00 6.642426e+00 9.674997e+00 1.064862e+01 2.649369e+00 3.051072e-02 -4.824970e-01 -2.760684e-02 9.000225e-02 1.123255e-01 -4.950720e-01 -5.474523e-01 1.735646e-01 -1.101728e+00 -1.107430e+00 -8.731641e-01 -4.726097e-01 -6.031772e-01 1.346624e-03 
-4.916153e+00 1.997262e+00 2.129690e+00 6.327851e-01 2.597818e-01 1.240991e+00 5.123419e+00 -2.517097e-01 3.586185e+00 7.367761e+00 8.763215e+00 2.283708e+00 -1.781785e-02 1.242125e-01 -4.301597e-01 2.040582e-01 6.423153e-02 3.285261e-02 2.108624e-01 -4.832192e-01 -8.121507e-01 -6.208054e-01 -1.338646e+00 -5.948422e-02 -1.329953e-01 -5.533725e-03 
-6.163124e+00 -3.862933e-01 1.321931e+00 -1.256622e+00 1.459670e+00 2.492274e+00 6.412443e+00 1.030962e+00 3.897367e+00 5.771254e+00 7.835190e+00 4.259273e+00 -1.750040e-02 2.472248e-01 -7.053254e-02 2.803375e-01 2.552131e-01 6.921429e-01 3.171156e-01 -9.003343e-02 -7.067081e-01 -2.356919e-01 -1.061318e+00 5.632533e-01 7.474928e-01 -1.524127e-02 
-3.973995e+00 8.443120e-01 1.825503e+00 -1.453866e+00 3.246132e+00 4.709049e+00 2.775121e+00 1.522341e+00 5.306406e+00 5.230948e+00 1.082377e+01 5.002905e+00 -2.192497e-02 1.823049e-01 2.190811e-01 -1.200154e-01 -7.687125e-01 6.320693e-01 6.703156e-01 -6.281162e-02 6.169319e-01 -5.570664e-01 -1.627379e+00 5.929284e-02 6.850155e-01 1.580203e-03 
-3.841711e+00 2.703093e+00 9.377257e-01 -6.241405e-02 3.246835e+00 3.687502e+00 5.371132e+00 5.785188e-01 4.603857e+00 5.436816e+00 1.243461e+01 5.027235e+00 -4.364204e-02 3.240019e-01 5.546123e-01 -3.804937e-01 -1.217397e+00 -4.340426e-01 5.265148e-01 -6.975764e-01 5.490582e-01 -1.708871e+00 -1.990769e+00 -8.097004e-01 -2.409549e-02 1.449016e-02 
-5.165335e+00 1.547975e+00 1.721716e+00 -3.807882e+00 2.526546e+00 3.994955e+00 5.330017e+00 3.059171e+00 4.476085e-01 -6.019180e-01 6.759971e+00 5.324804e+00 3.153980e-03 -8.424215e-01 -1.092647e-01 -3.561624e-01 -6.853417e-01 8.858585e-02 6.023960e-01 -1.378325e+00 9.401165e-01 -5.058460e-01 -3.152484e+00 -9.341471e-01 -6.648746e-01 5.295274e-02 
-3.947445e+00 2.034937e+00 -5.286435e-01 -6.166601e+00 -3.507500e-01 5.481895e+00 1.647113e+00 3.007838e+00 -2.217588e+00 -1.266158e+00 5.818587e+00 3.977845e+00 4.241091e-02 -2.824258e+00 -7.212581e-01 -2.512220e-02 -1.055924e+00 8.328829e-02 2.359476e-02 -3.593522e+00 6.975067e-01 6.787077e-01 -2.196859e+00 5.550314e-01 -1.030829e+00 1.450482e-01 
-8.133236e+00 6.320662e-01 7.778763e-01 -1.828481e+00 5.487854e+00 6.823832e+00 -2.254493e+00 5.008264e+00 6.187899e+00 -7.179986e+00 9.461044e+00 2.203227e+00 1.998122e-01 -3.869391e+00 -1.740601e-01 -3.327106e-01 -5.466551e-01 5.287401e-01 -1.395068e+00 -1.129938e+00 5.186344e-01 5.228356e-01 4.800290e-01 1.155704e+00 -5.713122e-01 2.061661e-01 
-1.647905e+01 -4.452434e-01 1.284035e+00 -6.331736e+00 2.182622e+00 2.391037e+00 -8.804225e+00 3.091506e+00 5.127250e+00 -2.258446e+00 1.385923e+01 1.433878e+00 5.832696e-01 -3.732156e+00 8.828678e-01 -1.061578e+00 1.578707e+00 1.062412e+00 -2.414201e+00 2.201470e+00 -1.753081e-01 -3.528592e-01 1.245642e+00 1.262844e-01 -8.654199e-02 2.288769e-01 
-1.824649e+01 1.917765e+00 -8.481762e-01 -6.458590e+00 3.903560e+00 -1.434958e+00 4.905995e+00 5.610509e+00 -6.106329e-01 2.294371e+00 8.518171e+00 3.740227e+00 7.635554e-01 -2.311131e+00 1.075145e+00 -2.813507e+00 1.581736e+00 -1.855105e+00 -2.824965e+00 2.397795e+00 -1.403234e+00 -9.225819e-01 2.700287e+00 -1.352094e+00 8.254467e-01 1.895113e-01 
-1.755160e+01 5.806427e+00 -5.023508e+00 4.041986e+00 5.753456e+00 -2.459716e+00 9.074217e+00 1.830174e+00 -5.826187e-01 2.248755e-01 6.921446e+00 2.776635e+00 9.049236e-01 -3.018295e-01 7.106592e-01 -3.805537e+00 2.759178e+00 -2.277328e+00 -1.161137e+00 2.169661e+00 -1.555300e+00 1.687480e-01 1.510864e+00 -1.843324e+00 1.501424e+00 1.043601e-01 
-1.915261e+01 2.881954e+00 -1.013589e+01 8.933399e-01 -5.573088e+00 -4.875616e+00 7.952600e-01 -1.377243e+00 4.429924e+00 5.079791e+00 6.169466e+00 5.659081e+00 9.865417e-01 4.989491e-02 -4.877190e-01 -3.410199e+00 1.790682e+00 -2.772144e+00 6.247291e-01 -6.655303e-01 -1.619271e+00 1.193179e+00 8.792035e-01 -8.731822e-02 1.127092e+00 5.615423e-02 
-1.753514e+01 2.625958e+00 -1.309979e+01 3.788189e+00 -4.465693e+00 -1.694321e+00 4.099446e+00 -1.191120e+00 3.450712e+00 3.903166e+00 5.816957e+00 7.981573e+00 9.935767e-01 1.684811e-01 -1.042005e+00 -2.061311e+00 4.580946e-02 -1.878712e+00 9.229399e-01 -1.092617e+00 -3.018215e-01 1.446895e+00 7.910293e-01 -6.809281e-01 -1.584740e-01 1.144629e-02 
-1.800525e+01 1.069404e+00 -1.386103e+01 2.621721e+00 -4.847584e+00 1.305990e+00 4.065729e+00 -9.751965e-01 3.338598e+00 4.851243e+00 8.633824e+00 6.773216e+00 1.000000e+00 8.477553e-01 -1.456484e-01 -2.655225e-01 1.530862e+00 1.566924e+00 1.893194e+00 5.583935e-01 3.617568e-01 3.639979e-02 -7.458349e-01 -1.093574e+00 -1.691914e-01 -7.899535e-03 
-1.728288e+01 1.502677e+00 -1.346749e+01 3.406843e+00 -4.002856e+00 -9.358189e-01 1.975895e+00 1.200438e-01 7.197517e+00 4.294296e+00 2.284627e+00 1.427198e+00 9.554259e-01 2.682495e-01 -5.458481e-01 5.240433e-01 2.060412e+00 1.924147e+00 1.077305e+00 -1.097557e-01 9.882577e-02 5.013294e-02 -8.412237e-01 -9.634132e-01 -3.141068e-01 -3.277463e-03 
-1.503996e+01 2.715352e+00 -1.127965e+01 8.738324e+00 2.030113e+00 4.211105e+00 4.649003e+00 -2.240404e-01 2.738520e+00 1.155051e+00 2.467764e+00 8.090313e+00 9.661195e-01 -1.103905e-01 -6.266809e-01 6.740740e-01 2.447815e+00 2.011034e+00 1.669916e+00 5.410522e-01 2.389269e-01 -5.100955e-01 -1.156543e+00 -1.269127e+00 3.436449e-01 -1.937622e-03 
-1.767653e+01 -9.262564e-01 -1.177027e+01 1.103195e+01 1.716195e+00 2.239649e+00 3.259030e+00 -1.072569e+00 4.001415e+00 1.545144e+00 4.082922e+00 5.752491e+00 9.941297e-01 -5.374796e-01 -5.021270e-01 -2.545796e-01 8.141773e-01 2.125745e-02 1.358153e+00 4.937040e-01 8.513458e-01 -6.684555e-01 -1.183720e+00 -2.878954e-02 2.792429e-01 6.249720e-03 
-1.836037e+01 -8.495332e-01 -1.133927e+01 1.104825e+01 2.348059e+00 8.067836e+00 6.129422e+00 8.157442e-01 2.386172e+00 4.431008e-01 1.389044e+00 6.328794e+00 9.709600e-01 -5.457037e-01 -3.661684e-01 -2.260546e-01 -8.444220e-01 -1.847497e+00 4.328218e-01 5.981430e-03 8.486226e-01 -7.045833e-01 -5.402277e-01 6.601931e-01 -1.022338e+00 2.787030e-03 
-1.831007e+01 7.744853e-01 -1.471058e+01 6.322768e+00 -4.055542e+00 3.926581e+00 3.704205e+00 3.856881e+00 4.031414e+00 -1.268329e+00 2.680039e+00 3.704172e+00 9.842542e-01 2.516308e-02 -1.711478e-01 4.596300e-02 -1.961762e+00 -1.661909e+00 4.947128e-02 -6.467445e-01 5.370957e-01 -4.445206e-01 3.016335e-01 1.381240e+00 -3.361363e-01 -4.642397e-03 
-1.745171e+01 3.413939e-02 -1.093977e+01 6.870803e+00 -4.321502e+00 5.531747e+00 4.456322e+00 1.554348e+00 -7.993956e-01 -1.393507e-01 6.470170e+00 4.002784e+00 9.849923e-01 2.977863e-01 -1.634830e-01 4.965930e-01 -9.009024e-01 -5.223285e-01 -3.888349e-01 -1.253260e+00 -1.534489e+00 -1.438495e+00 8.008875e-01 8.656287e-01 2.924544e-01 -5.757761e-03 
-1.800504e+01 -2.223831e+00 -1.174020e+01 3.311856e+00 -3.258573e+00 3.755050e+00 8.618579e-01 1.243608e+00 3.371596e+00 3.344537e+00 8.448557e+00 5.234815e+00 9.639015e-01 6.085573e-01 -2.416423e-01 8.933681e-01 4.763886e-01 8.046632e-02 1.260108e-01 -9.053085e-01 -1.387535e+00 -9.658686e-01 1.460266e+00 7.593777e-02 4.586981e-01 -5.500472e-03 
-1.702396e+01 -1.677897e-01 -1.034150e+01 8.049191e+00 -6.620684e-01 6.209427e+00 1.284298e+00 -5.550063e+00 -4.476392e+00 2.141105e+00 2.832929e+00 7.025744e+00 9.523476e-01 4.714670e-01 -2.585962e-01 -1.168797e-01 1.955902e-01 -7.588009e-01 2.068410e-01 -1.455443e-01 -1.886654e-01 5.888146e-01 1.842105e+00 -1.117485e-01 -8.544632e-01 -7.426321e-04 
-1.548116e+01 -3.327616e-01 -1.054287e+01 8.115518e+00 -5.482927e+00 4.217795e+00 7.636743e-01 4.714115e-01 1.040570e+00 4.892773e+00 4.878348e+00 4.486182e+00 9.730743e-01 9.710672e-01 2.259617e-01 1.322422e-02 -8.928227e-02 -1.188770e+00 -3.154130e-01 -2.271222e-01 1.826606e-02 -5.570394e-01 -6.820822e-03 -1.391876e-01 -1.445545e+00 4.651934e-03 
-1.635632e+01 -2.204377e+00 -1.212283e+01 5.446923e+00 -7.003330e+00 6.334579e+00 3.777693e+00 9.971190e-01 3.310191e+00 8.297059e+00 7.696532e+00 1.047845e-01 9.766928e-01 8.711929e-01 -6.303612e-01 -1.351547e-02 -1.014359e+00 -9.588766e-01 -5.002082e-01 2.250040e-01 1.445471e+00 5.311731e-01 -4.284679e-01 1.049741e+00 -5.953091e-01 3.681761e-03 
-1.348353e+01 -7.572937e-02 -1.078342e+01 4.166578e+00 -6.031792e+00 2.115409e+00 -1.520450e+00 -1.938653e+00 -3.306892e+00 2.324562e-01 5.320817e+00 1.467568e+00 9.749886e-01 1.283898e+00 -6.138767e-01 6.979553e-01 -1.273845e+00 1.109103e+00 -6.196525e-01 1.658468e+00 5.082902e-01 -5.618984e-01 -1.917497e+00 1.166662e-01 1.431125e+00 -2.745095e-02 
-1.366681e+01 -3.448112e+00 -1.028880e+01 4.951865e+00 -5.182019e+00 4.759580e+00 3.551380e+00 2.882326e+00 3.532043e-01 2.328924e+00 7.860398e+00 5.558506e+00 9.697992e-01 3.980082e+00 7.996303e-01 3.309386e+00 -2.085513e+00 -3.980159e-01 -4.883986e+00 -9.608852e-01 -1.025496e+00 -4.048089e-01 -2.997326e+00 -2.970114e+00 2.620099e-01 -7.741518e-02 
-1.040643e+01 -2.780277e+00 -7.970111e+00 1.993820e+00 -8.480682e-01 1.907033e+00 9.169173e+00 2.070259e+00 -2.904291e-01 -1.710645e+00 5.379746e+00 8.914944e+00 8.392663e-01 6.724681e+00 2.592623e-01 3.036020e+00 -2.646965e+00 -2.141477e+00 -5.511562e+00 -2.601160e+00 -1.312242e+00 2.697168e-01 -9.324024e-01 -4.153498e+00 -2.168170e+00 -7.018290e-02 
2.005542e+00 3.146049e+00 3.017447e+00 -3.894260e+00 -1.158527e+01 -1.798116e+01 -6.371545e+00 -6.134820e+00 -2.220850e-01 -5.718020e+00 -7.183503e+00 -2.308854e+00 6.574780e-01 7.193461e+00 -4.100278e-02 2.547750e+00 -3.198476e+00 -3.012586e+00 -5.193927e+00 -3.515199e+00 -1.348118e+00 -3.538391e-01 -7.711545e-01 -3.510925e+00 -3.404164e+00 -4.103530e-02 
1.230370e+01 -2.076498e+00 -2.256440e+00 -4.645184e+00 -1.353755e+01 -1.407203e+01 -9.564787e+00 -3.991292e+00 -1.670663e+00 -4.060838e-01 -7.924720e+00 -5.439601e+00 7.802346e-01 5.434183e+00 -1.539538e+00 1.256647e+00 -2.841354e+00 -2.858828e+00 -1.156813e+00 -2.292129e+00 1.465112e+00 -1.111987e+00 5.104467e-01 -1.703816e+00 -3.670731e+00 1.132886e-02 
1.094543e+01 -4.005015e+00 -4.068906e-01 -7.721011e+00 -1.390021e+01 -1.322052e+01 -4.657636e+00 -8.274894e-01 -7.258739e-01 -2.179129e+00 -3.041991e+00 -4.285040e+00 7.941386e-01 1.939278e+00 -2.295686e+00 -8.032659e-01 -2.349572e+00 4.439754e-02 3.332240e+00 1.587786e+00 4.599063e+00 -1.783162e+00 4.733937e-01 5.516611e-01 -1.415762e+00 3.971769e-02 
1.229454e+01 -6.902434e+00 2.529275e-02 -1.029958e+01 -1.398474e+01 -6.257357e+00 -3.148427e+00 6.742154e+00 -5.598467e+00 -9.278574e-01 -5.210088e+00 -8.450617e+00 8.275803e-01 -2.583078e-02 -1.171450e+00 6.725314e-02 -1.967366e+00 1.135448e+00 2.458483e+00 2.336802e+00 4.392253e+00 -1.776249e+00 -6.960095e-01 -7.616450e-01 2.020434e-01 9.200049e-03 
1.170652e+01 -5.919413e+00 -2.139750e+00 -1.281492e+01 -1.113969e+01 -5.227304e+00 -1.640794e+00 1.149377e+01 -7.173992e+00 -3.090165e+00 -5.782514e+00 -7.882154e+00 8.323936e-01 1.817958e-01 -4.928111e-01 -4.575930e-01 -1.275740e+00 1.912115e+00 2.370488e+00 6.246580e-01 2.429314e+00 -7.925768e-01 -7.563577e-01 -1.910027e+00 7.210365e-01 -3.437591e-03 
1.179401e+01 -6.976547e+00 -1.053745e+00 -1.193506e+01 -9.240574e+00 -5.776223e+00 6.107993e-01 1.180934e+01 -7.327850e+00 -3.430613e+00 -1.036268e+01 -2.630827e+00 8.071073e-01 8.955384e-03 1.598344e-01 -5.247418e-01 -5.641053e-01 2.265411e+00 5.171558e-01 -8.190537e-03 3.065204e-01 5.869479e-01 -1.067453e+00 -1.484431e+00 1.441494e+00 -1.572892e-02 
1.210468e+01 -6.432014e+00 -2.155337e+00 -1.328197e+01 -6.711718e+00 -1.608652e+00 -3.413959e+00 8.785489e+00 -3.824067e+00 -4.709539e+00 -1.001583e+01 -3.589753e+00 7.871871e-01 1.410623e-01 2.679925e-01 -2.217847e-01 -2.067289e-01 1.541306e+00 -2.725554e-02 1.177979e+00 -1.449523e+00 -1.476760e-01 -3.663359e-02 -5.250891e-01 8.601152e-01 -1.795452e-02 
1.214024e+01 -5.846961e+00 -2.590622e+00 -1.288658e+01 -4.871672e+00 -5.480904e+00 -2.302797e+00 9.628898e+00 -4.338690e+00 -5.455437e+00 -1.051558e+01 -3.389349e+00 7.715390e-01 2.042044e-01 1.630389e-01 -2.543830e-01 3.066521e-01 2.661049e-01 3.248949e-01 1.276739e+00 -2.456382e+00 5.126608e-01 2.686671e-01 9.570071e-01 -1.392809e+00 -1.207958e-02 
1.223871e+01 -5.144243e+00 -2.480234e+00 -1.337281e+01 -5.617610e+00 -5.511241e+00 5.705897e+00 5.336380e+00 -9.406952e+00 -2.260922e+00 -8.331510e+00 -3.202317e+00 7.604052e-01 4.410779e-01 -2.440148e-01 -2.895594e-03 4.785747e-01 1.470843e-01 -3.680862e-01 1.122694e+00 -1.872522e+00 1.013342e+00 4.815410e-01 6.493728e-01 -1.432318e+00 -7.937616e-03 
1.274801e+01 -6.805239e+00 -2.163211e+00 -1.035638e+01 -8.457104e+00 -2.200454e+00 2.434565e+00 1.251987e+00 -1.973104e+00 -3.311587e+00 -6.419808e+00 -9.788589e+00 7.601004e-01 6.666637e-01 -3.022245e-01 -4.880433e-02 6.106836e-01 7.879000e-01 -3.206798e-01 -8.721229e-01 -1.144138e+00 2.191013e+00 8.827022e-01 3.511152e-01 -1.213180e+00 -8.579737e-03 
1.400618e+01 -7.172950e+00 -2.383520e+00 -1.215420e+01 -4.183581e+00 -5.089308e+00 -1.691689e-01 3.611334e+00 5.985117e-02 -3.373760e+00 -8.816854e+00 -7.551721e+00 7.532184e-01 8.941186e-01 -1.840565e-01 7.412298e-02 8.111776e-01 1.351038e+00 -6.342652e-01 -2.355428e+00 -5.944309e-01 2.860588e+00 1.276973e+00 8.390083e-02 -4.826783e-01 -1.818495e-02 
1.458982e+01 -6.343730e+00 -2.883001e+00 -1.044246e+01 -1.649187e+00 -7.295269e+00 -3.725879e+00 4.770731e+00 1.882971e+00 -4.855065e-01 -8.517335e+00 -7.280545e+00 7.322338e-01 8.509004e-01 3.809884e-01 3.208649e-01 2.098148e+00 6.963529e-01 -5.154213e-01 -9.628584e-01 -2.002338e+00 1.411881e+00 2.365879e+00 1.100565e-01 1.343028e+00 -3.989646e-02 
1.578840e+01 -6.295280e+00 -1.749724e+00 -9.273877e+00 -2.266379e+00 -6.135159e+00 -2.991023e+00 6.048534e-01 2.967950e+00 2.710905e+00 -6.863242e+00 -6.869731e+00 6.834137e-01 2.675250e-01 5.472720e-01 1.275469e+00 3.533946e+00 4.064390e-01 1.112499e-02 -1.386826e-01 -3.795972e+00 5.554044e-01 2.627362e+00 1.662779e-01 1.593264e+00 -5.763543e-02 
1.611140e+01 -5.339131e+00 -8.757849e-01 -1.305799e+00 -5.933939e+00 -4.254635e+00 -9.688005e-01 -7.256461e+00 3.632254e+00 5.475475e+00 -6.846332e+00 -3.414444e+00 5.955204e-01 -1.851996e-01 1.014188e+00 1.595731e+00 3.645724e+00 9.964969e-01 1.042533e+00 1.014974e-01 -4.010883e+00 2.617873e-02 1.348354e+00 8.395195e-02 1.291608e+00 -6.619249e-02 
1.458301e+01 -4.938890e+00 2.990217e+00 9.471993e-01 -9.009361e-03 -6.554000e+00 -2.241121e+00 -9.354929e+00 1.962232e+00 6.782557e+00 -8.820966e+00 -1.518453e+00 5.333979e-01 -8.588884e-01 1.811123e+00 1.693052e+00 3.185608e+00 1.509907e+00 4.680847e-01 5.071990e-01 -2.048634e+00 -1.357906e+00 -3.742542e-01 6.756051e-01 8.866297e-01 -5.878139e-02 
1.426652e+01 -1.950983e+00 2.725684e+00 2.675616e+00 2.204613e+00 -1.873186e+00 -3.593343e+00 -1.030379e+01 2.516724e+00 4.220438e+00 -7.118713e+00 -3.498146e+00 4.762793e-01 -1.276443e+00 2.039240e+00 2.004976e+00 5.616201e-01 1.604163e+00 1.024851e+00 -3.511360e-01 8.043013e-01 -2.474095e+00 -1.536688e+00 1.965557e+00 -9.546520e-01 -3.697138e-02 
1.241640e+01 1.066261e+00 4.914800e+00 4.663456e+00 1.213879e+00 -4.985460e+00 8.572431e-01 -8.114652e+00 -3.263814e+00 1.467152e+00 -3.349026e+00 -2.394732e+00 4.491274e-01 -1.204231e+00 1.409625e+00 1.705681e+00 -3.562151e-01 4.300039e-01 1.532830e+00 -8.305109e-01 2.785160e+00 -1.699493e+00 -2.754781e+00 1.294007e+00 -1.558564e+00 -1.473184e-02 
1.081249e+01 1.854493e+00 8.186801e+00 -3.558263e-01 1.475431e+00 8.535004e-02 -4.273663e+00 -3.855093e+00 -6.125196e+00 4.497361e-01 2.454844e-01 -7.749565e+00 4.527987e-01 -7.947510e-01 2.998155e-02 1.366255e+00 -3.677534e-01 -4.703504e-01 4.325761e-01 -4.514735e-01 2.050731e+00 -1.222848e+00 -1.231035e+00 -3.265859e-01 -1.540786e+00 7.746577e-03 
1.028887e+01 2.064967e-01 8.788063e+00 6.818449e-01 2.505601e+00 1.308815e-01 -6.053515e+00 1.346518e+00 -2.214275e+00 -5.105999e+00 -6.033031e+00 -7.185565e+00 4.714790e-01 -1.857415e-01 -1.059226e+00 3.235655e-02 -1.501301e-01 -1.131778e+00 -2.022186e-01 -3.186338e-01 5.458221e-01 2.358050e-01 -5.938345e-01 -1.079621e+00 -1.321960e+00 2.610185e-02 
1.135653e+01 -1.371193e+00 7.620328e+00 2.827654e+00 -7.930002e-01 -2.268476e+00 -2.395331e+00 -4.780723e+00 -4.122284e+00 1.351840e+00 -7.409640e+00 -8.806660e+00 5.038363e-01 3.654785e-01 -1.167826e+00 -1.654189e+00 2.672916e-01 -1.541135e+00 -1.459673e+00 1.125405e+00 -4.063346e-01 4.141505e-01 1.156395e-01 -2.191300e+00 -4.715377e-01 3.948208e-02 
1.121568e+01 -2.617028e+00 5.359819e+00 2.321065e+00 -3.310797e+00 -4.819640e+00 -1.675092e+00 -4.922726e+00 -3.086246e+00 -1.953072e+00 -4.919568e+00 -8.475985e+00 5.541178e-01 4.419594e-01 -7.595081e-01 -2.030383e+00 -6.896003e-01 -1.936699e+00 -8.522019e-01 1.012803e+00 -3.901991e-01 -3.866493e-01 1.955488e+00 -2.711377e+00 3.335081e-01 4.734173e-02 
1.217648e+01 -2.572875e+00 1.629976e+00 1.610217e-01 -3.322045e+00 -4.737753e+00 -8.358474e-01 -2.752145e+00 -3.618458e+00 -5.485296e-01 -1.126775e+01 -9.462044e+00 6.088897e-01 5.746019e-03 -2.583593e-01 -1.525169e+00 -1.660438e+00 -1.041598e+00 4.091377e-01 -5.316083e-01 1.030446e+00 1.101027e+00 3.160277e-01 -3.152124e+00 2.132399e+00 4.330198e-02 
1.208869e+01 -2.990203e+00 1.631323e+00 -1.432840e+00 -5.913373e+00 -2.895490e+00 -1.769242e+00 -1.618767e+00 -4.399434e+00 5.621624e+00 -1.766086e+01 -5.190332e+00 6.556610e-01 -2.760977e-01 1.264455e-01 -4.392005e-01 -1.850923e+00 -3.034739e-01 1.389350e+00 -1.479727e+00 7.240201e-01 1.567237e+00 1.453478e-02 -2.817556e+00 3.054935e+00 2.920785e-02 
1.094875e+01 -2.476402e+00 1.858730e+00 -3.597584e+00 -4.699702e+00 -1.184863e+00 -5.006297e+00 -1.280474e+00 2.039443e+00 -8.553693e-01 -1.679961e+01 2.125096e-01 6.695746e-01 -5.731557e-01 5.141938e-03 6.808821e-01 -1.141261e+00 -5.125055e-01 1.739185e+00 -1.999690e+00 5.551776e-01 1.490679e+00 -7.201735e-01 -1.314548e+00 3.377227e+00 1.471666e-02 
1.044905e+01 -2.033037e+00 3.049440e+00 -5.054246e+00 -4.139338e+00 3.506660e-01 -6.988503e+00 -2.038461e+00 1.920989e+00 -1.726978e+00 -1.624141e+01 1.961416e+00 6.698146e-01 -4.254324e-01 -5.585213e-02 8.444492e-01 -2.730487e-01 1.715126e-02 1.006760e+00 -1.859463e+00 8.143908e-01 9.976327e-01 -1.662097e+00 -1.059374e-01 2.015632e+00 1.904488e-03 
1.013052e+01 -3.025749e+00 4.325328e+00 -3.734578e+00 -6.771590e+00 2.335096e+00 -8.224666e+00 2.335901e-01 6.747265e-01 -4.750960e-01 -1.855021e+01 3.848216e+00 6.753962e-01 -6.383600e-02 3.944671e-02 9.172335e-01 3.603090e-01 1.397523e-01 5.490453e-01 -2.004019e+00 1.278537e+00 -7.391713e-01 -8.294001e-01 8.739843e-01 -1.034475e-01 -6.791717e-03 
1.037064e+01 -2.994791e+00 4.620269e+00 -2.729586e+00 -4.791672e+00 3.783309e-01 -9.457376e+00 1.696155e+00 1.271088e+00 -2.878999e+00 -1.731525e+01 3.069977e+00 6.622726e-01 4.027756e-02 5.038265e-01 1.082232e+00 3.780125e-01 4.791049e-01 5.132904e-01 -2.331878e+00 1.875480e+00 -1.225599e+00 -1.756248e+00 1.994846e+00 -8.091259e-01 -1.665058e-02 
1.066877e+01 -1.798292e+00 5.659483e+00 -2.958369e+00 -3.674773e+00 1.546531e+00 -1.379195e+01 3.244903e+00 -1.331462e+00 -4.426359e+00 -1.189278e+01 -8.590083e-01 6.393870e-01 3.874619e-02 1.781994e+00 1.202724e+00 -5.625492e-02 3.022421e+00 -5.985345e-01 -1.186439e+00 1.554812e-01 -2.257197e+00 -2.670412e+00 2.817194e+00 -1.645765e+00 -2.136648e-02 
1.038132e+01 -1.276325e-01 7.793521e+00 -3.552289e+00 -3.292222e+00 3.311401e+00 -1.586425e+01 5.833285e+00 -3.203911e+00 -8.532588e+00 -9.595901e+00 2.693987e-01 6.045663e-01 2.118572e-01 2.332565e+00 1.326936e+00 8.259882e-01 3.133827e+00 -1.666021e+00 1.482018e+00 -1.969839e+00 -4.513715e+00 -1.577276e+00 2.885931e+00 -2.216976e+00 -1.358849e-02 
1.031892e+01 4.450640e+00 8.752321e+00 -3.604502e+00 7.590791e+00 -2.124111e+00 -1.095343e+01 -1.057569e+00 -8.373760e+00 -1.100036e+01 -8.323914e+00 -2.980318e+00 5.974170e-01 2.217589e-01 2.048619e+00 1.318382e+00 1.816331e+00 3.000186e+00 -2.534508e+00 3.068786e+00 -3.985493e+00 -4.315354e+00 -1.471484e-01 1.948975e+00 -1.414537e+00 -6.036347e-03 
1.160486e+01 5.543567e+00 9.708529e+00 1.723421e+00 5.244683e+00 -6.116452e+00 -3.466552e+00 -6.001807e+00 -1.777634e+01 -7.478376e+00 -4.670025e+00 -6.954246e+00 6.153152e-01 1.613357e-01 1.223380e+00 3.906301e-01 1.774321e+00 2.218873e+00 -2.358395e+00 2.580459e+00 -4.190403e+00 -3.456795e+00 5.234579e-01 4.396978e-01 -1.573484e+00 -2.155089e-03 
1.116580e+01 5.609204e+00 1.129389e+01 3.485431e+00 7.057703e+00 -6.412083e+00 -4.646872e+00 -1.076502e+01 -1.562202e+01 -5.689207e+00 -4.610838e+00 -4.319870e+00 6.038308e-01 -6.824796e-02 6.343236e-02 -2.168067e-01 2.255052e+00 1.739262e-01 -7.473415e-01 1.389221e+00 -1.918909e+00 -1.685930e+00 1.937196e-01 -2.941909e-01 -7.286922e-01 -6.753969e-03 
1.076455e+01 5.409986e+00 8.475889e+00 1.774352e+00 8.068686e+00 -6.336589e+00 -6.115229e+00 -1.026500e+01 -1.686375e+01 -8.570874e+00 -9.253949e+00 -6.928246e+00 5.905839e-01 -1.334425e-01 -7.739609e-01 -9.382223e-01 1.537935e+00 -3.380668e-01 2.584653e-01 7.947588e-02 -1.045181e+00 3.562824e-01 -1.788828e+00 -1.039166e+00 -4.600576e-01 -1.438838e-02 
1.039783e+01 4.834593e+00 8.284608e+00 7.645291e+00 7.048421e+00 -5.750751e+00 -2.682984e+00 -8.520517e+00 -1.725970e+01 -9.485512e+00 -7.502906e+00 -6.636779e+00 5.760128e-01 -1.641944e-01 -1.143625e+00 -3.366674e-01 2.227850e+00 -1.707418e+00 -9.255733e-02 6.021949e-01 8.770941e-01 7.755793e-01 -3.166259e+00 -1.280682e+00 -2.253031e+00 -1.505551e-02 
1.132163e+01 2.061068e+00 6.522057e+00 7.333162e+00 3.558990e+00 -5.154792e+00 -4.051116e+00 -1.234996e+01 -1.517608e+01 -1.452436e+01 -8.419822e+00 -8.096079e+00 5.572823e-01 -4.403955e-01 -1.135852e+00 -1.854591e-01 2.263437e+00 -1.158573e+00 -2.717838e-01 1.087027e+00 9.497333e-01 1.073647e+00 -2.224950e+00 -1.611912e+00 -2.563440e+00 -2.448376e-02 
1.006629e+01 1.565536e+00 1.058747e+01 1.184528e+01 7.754605e-01 -7.465768e+00 -2.667953e+00 -5.337070e+00 -1.258796e+01 -1.854376e+01 -1.143131e+01 -1.500111e+01 5.452040e-01 -7.961968e-01 -3.490442e-01 -4.641940e-01 8.495067e-01 2.380184e-01 2.857952e-01 1.469191e-01 5.476165e-01 1.270104e+00 -1.173746e+00 -1.713513e+00 -1.956910e+00 -4.190160e-02 
8.728348e+00 1.365252e+00 6.397164e+00 1.099154e+01 5.412302e+00 -6.837999e+00 -6.876078e-01 -7.108062e+00 -1.383139e+01 -1.516650e+01 -1.534931e+01 -1.556328e+01 4.835695e-01 -1.210541e+00 6.802808e-01 -6.399606e-01 -5.219384e-01 2.117535e+00 7.310140e-01 2.605120e-01 2.874361e-01 1.659295e+00 8.187479e-01 -1.690647e+00 -1.251107e+00 -6.150377e-02 
7.713488e+00 3.437279e+00 6.026084e+00 1.006363e+01 7.311857e+00 -3.480170e+00 -3.630143e+00 -8.403384e+00 -1.158153e+01 -1.503317e+01 -1.260573e+01 -1.268773e+01 4.033612e-01 -1.153944e+00 9.334900e-01 -1.617155e+00 -2.202700e+00 1.857851e+00 1.523169e+00 -3.432103e-01 -1.095931e+00 1.513641e+00 1.551778e+00 -8.393498e-02 2.510641e-01 -8.278652e-02 
6.445325e+00 4.526601e+00 5.602944e+00 5.614291e+00 1.087847e+01 -3.492520e+00 -2.267461e+00 -9.379622e+00 -7.382824e+00 -1.218592e+01 -1.628585e+01 -1.550831e+01 3.206849e-01 -1.367353e+00 7.692727e-01 -1.279687e+00 -1.551772e+00 2.971904e-01 1.143936e+00 -2.377485e-01 -2.218895e-02 1.708164e+00 6.328799e-01 1.952025e+00 1.755745e+00 -9.883197e-02 
5.438079e+00 4.652312e+00 2.898802e+00 3.520403e+00 7.331636e+00 -1.522661e+00 -3.594078e+00 -9.680943e+00 -8.244034e+00 -1.227516e+01 -1.138272e+01 -1.377327e+01 2.127138e-01 -1.838784e+00 2.879953e-03 -1.046168e+00 -1.728731e+00 -8.062763e-01 1.029960e+00 1.254103e+00 2.281036e+00 2.267112e+00 1.802772e+00 2.917717e+00 3.217854e+00 -1.066162e-01 
3.029285e+00 4.604099e+00 1.562372e+00 6.504300e+00 6.888364e+00 -2.097071e+00 -1.894383e+00 -6.580227e+00 -6.959314e+00 -1.338111e+01 -6.200686e+00 -6.241782e+00 8.473337e-02 -2.086264e+00 -1.043976e+00 -1.058500e+00 -1.092273e+00 -1.209574e+00 1.963867e+00 1.674409e+00 3.718994e+00 3.024318e+00 2.445380e+00 4.931612e+00 4.595716e+00 -9.049933e-02 
2.275906e-01 3.412930e+00 2.815530e+00 9.749780e-01 5.275526e+00 9.719057e-01 2.453834e+00 1.602100e+00 -4.577217e-01 -5.421715e+00 -3.059723e+00 -1.231719e+00 -1.174402e-02 -2.042070e+00 -1.904163e+00 -5.672346e-01 -3.969809e-01 2.515836e-01 2.169668e+00 2.220491e+00 3.963700e+00 3.675235e+00 3.039635e+00 4.295518e+00 4.249462e+00 -5.505327e-02 
-1.380752e+00 -7.358730e-02 3.520826e-01 1.425640e+00 5.858652e+00 5.079533e+00 3.080629e+00 3.573827e+00 3.845609e+00 -3.385737e+00 4.210715e+00 1.199493e+00 -1.958287e-02 -1.011738e+00 -1.626081e+00 -1.113907e+00 -9.468184e-01 -1.097875e+00 1.436638e+00 9.216926e-01 3.252668e+00 3.126591e+00 3.436338e+00 2.898662e+00 2.941525e+00 -1.594209e-02 
-2.567254e+00 -2.529657e+00 6.677734e-01 4.074828e+00 9.104410e+00 5.737377e+00 5.020872e+00 5.060532e+00 4.729681e+00 -2.074670e+00 4.889170e+00 3.753397e+00 -1.039445e-02 -1.096271e-01 -7.484390e-01 -6.182381e-01 1.632403e-01 -1.835483e+00 -1.035127e+00 -9.054314e-01 4.433968e-02 8.585343e-01 6.155561e-01 6.077850e-01 1.167514e+00 -1.836729e-03 
-6.319799e-01 -5.550095e-01 -2.933286e+00 2.202835e-01 -5.154505e-01 2.703382e+00 1.430561e+00 7.953897e+00 6.079939e+00 2.127059e+00 4.318177e+00 5.973283e+00 4.348159e-03 5.885047e-01 5.413515e-01 1.749460e-01 -1.667694e-01 -1.401697e+00 -1.658116e+00 -1.243630e+00 -1.256396e+00 -1.766824e-01 7.088618e-02 -1.554034e+00 -7.076039e-02 5.060077e-04 
-6.949310e-01 -8.855414e-02 1.367024e+00 2.393858e+00 -7.148366e-01 -3.015655e+00 -1.248289e+00 -3.662369e-01 2.717785e+00 -5.100332e+00 -7.452869e-02 2.218954e+00 -3.289318e-02 5.446572e-01 1.403101e+00 1.134385e-01 -1.632362e-01 -6.879603e-01 -3.973013e-01 -1.035974e+00 -2.355686e+00 -2.051367e+00 -6.153010e-01 -9.874319e-01 -1.116030e+00 8.596683e-03 
6.256104e-01 1.412619e+00 8.771871e-01 1.432278e+00 3.759792e+00 1.165470e+00 -2.939224e-03 5.231261e-03 3.968145e+00 -1.518475e+00 -1.077607e+00 1.612913e+00 -5.803466e-03 1.253107e-01 9.539543e-01 5.717569e-01 1.209453e-01 1.615929e+00 1.289330e+00 5.882626e-01 -1.074442e+00 -1.591024e+00 -5.906515e-02 2.257006e-01 -7.034401e-01 -6.101489e-04 
-4.727631e-01 3.502032e+00 -6.702710e-01 2.652650e+00 3.526987e+00 4.519827e+00 5.577526e-01 -2.743567e+00 -4.471258e+00 -3.328407e+00 2.649903e+00 3.534346e-01 3.766477e-02 -5.049938e-01 9.539530e-02 1.015879e-02 1.600785e-01 1.767819e+00 1.425978e+00 9.010029e-01 2.751899e-03 -5.376602e-01 1.767108e+00 1.028740e+00 -4.225825e-01 -3.719389e-03 
-1.165104e-01 2.419469e+00 9.441457e-01 6.956141e-01 5.443284e+00 5.382292e+00 3.468853e+00 3.770353e+00 1.719341e+00 9.457711e-01 4.084464e+00 3.388842e+00 -3.398156e-02 -1.030852e+00 -4.108672e-01 5.364165e-01 -5.561453e-01 -6.204473e-01 -3.664756e-01 8.019345e-02 -1.092429e+00 -4.739723e-01 2.492945e+00 2.422652e+00 3.895148e-01 -1.367261e-02 
-2.848840e+00 -1.150026e-01 1.384339e+00 3.562582e+00 7.282513e+00 2.005824e+00 1.520829e+00 -2.235038e+00 1.153886e+00 2.503087e+00 2.488134e+00 -7.819235e-01 -3.740108e-02 -1.017717e+00 -2.640010e-01 6.151527e-01 -7.086195e-01 -1.691119e+00 -1.266782e+00 3.579136e-01 -1.334266e-01 1.672700e+00 2.925591e+00 1.703772e+00 8.698547e-01 -7.652092e-03 
-3.340610e+00 1.166800e+00 2.531965e+00 -1.803414e+00 -1.220208e+00 5.900934e-01 -8.351040e-02 -5.711178e+00 -1.214288e+00 8.030502e+00 1.111654e+01 4.128166e+00 -3.663361e-02 -4.731036e-01 4.034761e-01 1.651963e-01 2.313206e-02 -1.426450e+00 -3.861735e-01 -2.791314e-02 -6.774264e-01 9.278098e-01 1.050032e+00 9.395013e-02 -3.025116e-01 1.063352e-02 
-3.949301e+00 2.808361e+00 1.611583e+00 3.590665e-01 -1.596862e+00 5.820160e-01 4.123503e+00 1.330066e+00 5.359056e+00 7.757181e+00 7.652726e+00 4.333046e+00 7.303357e-04 2.444941e-01 8.542815e-01 -3.650735e-01 -4.795712e-01 -1.039834e+00 1.446693e-01 -1.021572e-01 7.902501e-01 6.692349e-01 -3.608343e-01 -4.560397e-01 2.173966e-01 1.701304e-02 
-1.931798e+00 2.975168e+00 1.656505e+00 2.413032e+00 2.750721e+00 4.163329e+00 2.027951e+00 -1.399331e+00 4.255805e+00 3.568886e+00 1.971919e+00 -6.812005e-01 1.203418e-04 -2.459693e-01 2.396687e-01 8.002067e-02 -4.668767e-01 1.889833e-01 1.723402e+00 -7.814962e-01 2.321588e+00 8.854495e-01 -1.525940e+00 -9.946540e-01 3.913902e-01 2.919279e-02 
-2.330775e+00 3.252221e+00 -3.298998e-03 -9.434971e-01 9.787941e-02 9.425530e-01 -4.568720e-02 -4.397112e-01 1.765014e+00 2.929724e+00 4.780245e+00 2.709743e+00 2.928716e-02 -9.703509e-01 3.467087e-01 1.613114e+00 -1.388119e+00 -3.671467e-01 2.922599e+00 -2.958213e+00 1.639668e+00 8.163261e-02 -1.599542e+00 3.798871e-02 8.393563e-01 5.899058e-02 
-5.379719e+00 2.143214e+00 3.739509e+00 -3.486516e+00 -1.122663e+00 9.026834e+00 -1.906397e+00 6.781652e+00 5.009981e+00 2.814530e+00 7.579508e+00 6.896769e+00 9.505194e-02 -6.232513e-01 -2.131138e-01 9.231941e-01 -9.051329e-01 -3.604618e-01 6.108893e-01 -5.687153e-01 1.717202e-01 5.639235e-01 -1.168536e+00 4.590986e-02 8.104146e-01 1.667091e-02 
-7.077095e+00 4.957882e+00 8.635651e+00 -3.631755e+00 -1.495904e+00 1.276326e+01 -8.700388e+00 5.437916e+00 5.390131e+00 1.366467e-01 5.038875e+00 4.740844e+00 2.482174e-01 2.239845e-01 -3.431400e-01 7.854629e-02 2.220387e-01 1.316968e+00 4.095763e-01 1.651851e+00 -1.679026e-01 7.638774e-01 -4.980751e-01 -2.669957e-01 2.780351e-01 -2.701915e-02 
-2.674894e+00 1.056768e+00 1.953001e+00 -7.685031e-01 1.745303e+00 1.307423e+00 3.511725e+00 -3.479544e+00 5.262863e+00 -8.772554e-01 2.072154e+00 2.355322e+00 -2.599025e-02 8.189260e-01 -5.367965e-01 -8.364460e-01 1.287501e+00 1.984635e+00 -1.488804e+00 2.827677e+00 -1.271110e+00 4.731816e-01 -6.885556e-01 -1.450269e+00 -1.291665e+00 -5.644372e-02 
-2.563265e+00 2.079744e+00 1.282687e+00 -1.192310e+00 5.248737e+00 6.850140e+00 5.504506e+00 3.851374e+00 5.457960e+00 2.285241e+00 6.198944e+00 6.370642e+00 -4.528749e-02 6.203073e-01 -8.277632e-01 -9.523020e-01 1.322581e+00 1.753107e+00 -1.321583e+00 2.927768e+00 -3.738176e-01 5.982801e-01 -4.503675e-01 -1.290552e+00 -1.296637e+00 -5.916872e-02 
-3.542004e+00 8.983002e-01 3.233761e+00 1.731264e+00 5.428190e+00 4.539371e+00 5.129543e+00 1.219371e+00 7.341975e+00 -1.702545e+00 -2.518711e-01 -3.764536e-01 -4.041421e-02 -2.712957e-01 -1.498380e-01 4.512594e-01 7.923108e-01 7.545225e-01 4.153128e-01 2.860673e-01 6.765826e-01 6.042240e-01 -5.638367e-01 -1.109886e+00 -1.221065e+00 -2.397466e-03 
