-2.122307e+00 -1.011288e+01 -6.650099e+00 -1.683613e+00 5.517917e-01 1.730608e+00 -7.121907e+00 -4.821145e+00 -5.627577e+00 -1.654153e+00 -4.251587e-01 1.662561e+00 1.607627e-02 -1.195693e-01 1.805824e+00 -3.417235e-01 -6.148416e-01 1.139338e+00 -7.474180e-01 2.111018e-01 -1.100262e+00 1.864798e+00 9.236714e-01 -4.378036e-01 9.972405e-02 -8.092153e-03 
-2.353472e+00 -7.262753e+00 -9.536047e+00 -4.051706e+00 4.136225e+00 1.894934e+00 -4.389592e+00 -7.328939e+00 -1.460604e+00 6.016146e-01 1.352299e-01 2.963622e+00 2.700686e-04 -5.806009e-01 1.923083e+00 -2.069794e-01 -1.415956e+00 5.372303e-01 3.223978e-01 -1.768661e-01 -5.794831e-01 2.287956e+00 5.096288e-01 8.005152e-02 -8.952403e-03 -9.854895e-03 
-2.604570e+00 -2.508821e+00 -6.915743e+00 -3.573775e+00 4.456264e+00 -2.088645e+00 -7.432555e+00 -9.068558e+00 1.612927e+00 1.836320e+00 -2.894371e+00 1.510651e+00 -1.648140e-02 -4.263149e-01 1.230574e+00 -8.143361e-01 -9.553150e-01 1.888364e-01 4.073164e-01 6.015499e-01 1.091749e+00 5.653678e-01 -5.894987e-01 -6.879892e-01 -7.658550e-01 -2.381287e-02 
-4.784180e+00 -4.299491e+00 -7.552174e+00 -7.818315e+00 1.285707e+00 5.252223e+00 -7.850913e+00 -5.594854e+00 2.191951e+00 -8.512455e-01 1.209705e+00 1.693754e+00 -1.691937e-02 4.601965e-02 1.744316e+00 1.407260e-01 -7.529410e-01 -1.379093e+00 6.788638e-01 8.714885e-01 1.573942e+00 -1.570229e+00 -1.900837e+00 -6.906613e-01 -1.563685e+00 -3.142512e-02 
-3.038527e+00 -5.441638e+00 -1.171372e+01 -4.576884e+00 2.921233e+00 2.088545e+00 -2.383497e+00 -2.294433e-01 -4.627015e+00 -3.875217e+00 -4.402342e+00 -1.531780e+00 -9.439337e-02 -4.104924e-02 1.671500e+00 5.287554e-01 -2.472369e-01 -1.722782e+00 4.391279e-01 2.632133e+00 2.359269e+00 -1.618054e+00 -9.499367e-01 6.868528e-01 -1.379713e+00 -3.446559e-02 
-1.906395e+00 2.925234e+00 -6.433430e+00 -7.314856e+00 -1.991723e+00 3.200658e+00 -2.556679e+00 -3.878786e+00 -6.191778e+00 -6.046802e+00 -2.564091e+00 -3.333589e+00 -1.178995e-01 -1.494790e-01 2.005159e+00 1.316979e+00 5.050954e-01 -2.053601e+00 -1.034338e+00 3.245467e+00 1.193005e+00 -4.257280e-01 -4.086544e-01 3.493967e-01 -7.346900e-01 -2.234856e-02 
-4.248709e+00 2.236315e+00 -4.831338e+00 -5.061689e+00 -2.518930e+00 1.132778e+00 3.080991e+00 1.869752e+00 -2.285478e+00 -3.155855e-01 2.426791e+00 -2.874240e+00 -1.383193e-01 -9.767414e-01 5.465557e-01 6.271145e-01 -1.009605e+00 -3.698375e+00 -1.063901e+00 4.087537e+00 3.941655e-01 2.072125e+00 6.064399e-01 2.647905e+00 4.470817e-01 3.445294e-02 
-4.926484e+00 1.887329e+00 -4.408466e+00 -5.050436e+00 -6.262214e+00 5.584185e-01 5.644176e+00 -6.794261e-01 -1.107458e+00 -4.674333e+00 -4.578782e-01 -1.308465e+00 -1.066992e-01 -1.300667e+00 -1.249659e+00 4.056090e-01 7.076867e-01 -2.034986e+00 -1.135745e+00 3.386561e+00 1.328585e+00 2.413201e+00 8.880078e-01 1.201442e+00 1.069850e+00 1.933530e-02 
-6.412190e+00 -2.189908e+00 -9.590626e+00 -1.075712e+01 -1.343539e+01 -1.909842e+00 1.395376e+01 1.417041e-01 3.191448e+00 -1.529251e+00 7.784075e+00 -3.089330e-01 7.227117e-02 -1.242053e+00 -1.939433e+00 9.686332e-01 1.186192e+00 -9.179161e-01 -1.163512e+00 1.942937e+00 5.476674e-01 1.139182e+00 -5.405576e-02 9.248658e-02 1.780141e+00 1.573553e-02 
-7.327991e+00 -1.109947e+00 -2.025742e+00 -9.287069e-01 -6.708423e+00 -9.567593e-01 8.939742e+00 3.628164e+00 3.135762e+00 -9.999292e-01 7.644774e-01 7.330096e-01 -1.265182e-01 -9.410928e-01 1.453165e-01 2.747985e+00 3.868269e+00 2.989279e+00 3.046454e-01 -1.518235e+00 1.325651e+00 5.162102e-01 1.593798e+00 -3.726762e-01 1.330414e+00 -2.111902e-02 
-9.258222e+00 -5.962212e+00 -1.179535e+00 -1.191595e+00 -6.885406e+00 -3.927193e+00 1.114790e+01 2.454295e+00 1.288822e+00 -2.423066e+00 2.278046e+00 5.005724e+00 -4.973209e-02 3.743991e-01 2.868382e+00 3.711064e+00 4.209744e+00 4.792838e+00 1.159108e+00 -2.865704e+00 4.801801e-01 -1.101080e+00 4.695375e-01 -1.330263e+00 5.235868e-02 -4.719021e-02 
-8.208933e+00 4.500064e+00 5.125912e+00 9.508150e+00 5.409187e+00 3.090321e+00 -5.440695e-01 4.792532e+00 2.424906e+00 3.741565e+00 4.317554e-01 2.686276e+00 -1.512927e-01 1.270652e+00 3.328699e+00 1.509934e+00 9.905840e-01 3.145727e+00 1.026717e+00 -3.706577e+00 -1.497822e+00 -1.716774e+00 4.665351e-01 5.016737e-01 -1.835776e-01 -1.452014e-02 
-4.099724e+00 9.346998e+00 5.388867e+00 5.073174e+00 4.469990e+00 1.862160e+00 4.367141e+00 1.960420e+00 -1.958522e+00 -1.552311e+00 1.299119e+00 -1.023773e+00 -1.512927e-01 1.500004e+00 2.729304e+00 3.734651e-01 -2.503225e-01 2.489320e+00 9.579521e-01 -2.911356e+00 -8.438633e-01 -1.186473e+00 -3.087007e-01 -1.951941e-01 2.202882e-01 -2.001672e-02 
-3.553981e+00 7.878941e+00 2.239725e+00 8.918288e-01 3.342515e+00 1.282148e+00 -6.202766e+00 -3.614008e+00 -3.824435e+00 8.973686e-01 3.762310e+00 2.829870e+00 -1.483387e-01 8.872976e-01 6.397805e-02 -6.305312e-01 -1.424590e+00 -1.401556e-02 2.569550e-01 -6.507168e-02 1.357781e-01 -4.441406e-01 -2.079979e+00 -7.006027e-01 1.870883e-01 0.000000e+00 
-4.085676e+00 5.994870e+00 2.130884e+00 1.864953e+00 6.594531e+00 1.766654e+00 -5.795387e-01 2.438248e+00 -1.518871e+00 -2.544471e+00 -3.632015e-01 6.035368e+00 -1.512927e-01 -3.292456e-01 -1.179075e+00 -5.522884e-01 3.034933e-01 7.705653e-02 6.662303e-01 3.738915e-01 1.363203e+00 1.220181e+00 -2.715911e-01 1.410387e-01 8.318963e-01 -2.954006e-04 
-3.779469e+00 6.496018e+00 3.602247e+00 3.989308e+00 4.276839e+00 4.422850e+00 1.603912e+00 5.232509e+00 -1.562285e-02 -6.162249e+00 -2.240098e+00 9.214664e-02 -1.512927e-01 -7.385273e-01 -6.912438e-01 -3.720000e-01 3.947165e-01 -1.140184e+00 -7.410839e-01 1.177111e+00 7.216688e-01 -1.397900e-01 -3.753688e-01 8.041494e-01 -8.530650e-02 -5.908012e-04 
-5.633208e+00 4.143084e+00 1.946164e+00 5.041900e+00 4.388110e+00 3.622962e+00 2.333260e+00 4.353178e+00 2.237978e+00 6.195420e-01 5.005516e+00 4.504571e+00 -1.512927e-01 -5.686568e-01 -2.298703e-01 -1.046771e+00 -7.216436e-01 -1.053878e+00 -6.123228e-02 9.366442e-01 -4.109585e-01 2.911213e-01 4.572247e-01 1.039546e+00 -1.231069e+00 0.000000e+00 
-6.472852e+00 5.348615e+00 4.720849e-01 1.276937e+00 -1.255197e+00 -3.351425e+00 -1.773611e+00 -9.631286e-01 -6.401809e+00 -2.561482e+00 5.098698e+00 3.168737e+00 -1.512927e-01 3.348774e-01 -8.119750e-02 -1.770414e+00 -6.794301e-01 -7.223384e-02 -5.632719e-01 2.812276e-01 -1.769220e-01 1.742460e+00 1.248110e+00 1.867718e+00 2.267519e-01 1.196225e-02 
-5.582269e+00 5.419220e+00 -1.537892e+00 -3.870794e-01 4.091160e+00 5.347630e+00 5.792443e+00 3.481275e+00 3.129829e+00 -2.058731e+00 1.165131e+00 -1.658272e+00 -1.512927e-01 2.608992e+00 2.007058e+00 7.370669e-01 9.022733e-01 -6.993428e-01 -1.784269e+00 -9.213833e-01 -1.306184e+00 1.617570e+00 -1.297276e+00 4.715495e-01 -5.823703e-01 8.138521e-02 
-2.130551e+00 5.451962e+00 -3.507793e+00 3.306648e+00 4.064145e+00 7.441558e-01 1.280458e+00 4.783851e+00 8.250751e+00 1.417439e+00 9.018688e+00 4.307327e+00 -9.148145e-02 4.212187e+00 1.963881e+00 2.952897e+00 1.283376e+00 -8.047365e-01 -1.888716e+00 -2.121112e+00 -2.295338e+00 1.291431e+00 -1.820519e+00 7.213982e-01 -6.094011e-01 1.745420e-01 
5.240599e+00 1.412670e+01 7.621438e+00 8.538412e+00 -1.768275e+00 -7.346175e+00 -3.800691e+00 -5.051231e+00 2.999546e+00 -7.856300e+00 5.403268e+00 1.023424e+00 2.257277e-01 4.301559e+00 2.197889e+00 3.230348e+00 -2.363966e-01 -2.461142e+00 -3.957359e+00 -2.309008e+00 -4.330307e+00 -1.182673e+00 -2.510684e+00 1.064031e+00 -6.458211e-01 2.218996e-01 
9.176647e+00 1.081428e+01 1.065690e+01 3.231071e+00 -2.349162e+00 -6.448104e+00 -7.582602e+00 -8.173564e+00 1.204883e-01 -8.765292e+00 6.586620e+00 -1.219117e+00 5.329072e-01 3.314168e+00 1.801506e+00 1.136157e+00 -1.806784e+00 -2.034719e+00 -3.269948e+00 -1.344638e-02 -4.433211e+00 -1.147379e+00 -1.600724e+00 -7.657132e-01 -1.592497e+00 2.009833e-01 
1.027193e+01 1.372751e+01 7.531498e+00 -1.531274e+00 -5.007894e+00 -1.084304e+01 -1.321064e+00 -1.169155e+01 1.281597e+00 -9.520785e+00 7.701319e+00 -2.124155e+00 6.460109e-01 1.718942e+00 6.745060e-01 -1.252979e+00 -2.537076e+00 -2.674405e+00 -2.353118e+00 2.203796e+00 -1.981888e+00 4.629429e-01 1.572504e+00 -1.036173e+00 -5.582674e-01 1.223738e-01 
1.192462e+01 1.465909e+01 2.217962e+00 -6.924278e-01 -4.489642e+00 -1.385716e+01 -2.658677e-02 -1.406204e+01 3.372830e+00 -5.753938e+00 4.041096e+00 -2.081368e+00 7.032935e-01 1.181942e+00 6.860749e-01 -1.709686e+00 -1.259620e+00 -3.385257e+00 -2.383429e+00 1.827189e+00 3.190409e-01 1.724256e+00 2.428737e+00 -2.175901e+00 -1.444874e-02 6.377062e-02 
1.246132e+01 1.557682e+01 5.576013e+00 -2.185216e+00 -1.407006e+01 -1.540724e+01 3.440281e+00 -1.201643e+01 3.688090e+00 -1.499456e+00 1.495165e+00 -1.336788e+00 7.524034e-01 9.430822e-01 -3.932532e-01 -6.586457e-01 -1.317584e+00 -3.812788e+00 -2.017933e-01 4.649345e-01 1.440875e+00 2.741589e+00 2.999424e+00 -2.452793e+00 1.864363e-01 4.995741e-02 
1.399166e+01 1.331999e+01 3.086216e+00 -2.740058e+00 -1.474437e+01 -1.608315e+01 -8.273298e-01 -6.415919e+00 7.538522e+00 -6.322700e-01 -1.189806e+00 -1.685045e+00 7.985641e-01 4.960996e-01 -1.209183e+00 -1.249238e-01 -1.893612e+00 -4.337902e+00 1.726397e+00 1.377610e+00 2.065655e+00 1.711799e+00 2.215400e+00 -1.508862e+00 2.570135e-01 4.877455e-02 
1.395382e+01 1.243079e+01 3.804143e+00 -7.095380e+00 -1.894447e+01 -1.073901e+01 1.403980e+00 -8.310241e+00 1.290669e+01 2.915498e+00 -1.947196e+00 -1.390136e+00 8.481627e-01 -2.010364e-02 -1.776464e+00 -1.164465e+00 -2.445683e+00 -2.858779e+00 2.821219e+00 2.702639e+00 2.279294e+00 3.228115e-01 1.638814e+00 -2.576573e+00 8.892504e-01 4.913968e-02 
1.365887e+01 1.018619e+01 2.479278e+00 -7.705406e+00 -2.374195e+01 -7.559285e+00 7.879612e+00 -5.586865e+00 7.322521e+00 3.115583e+00 -1.782030e+00 -7.696266e-01 8.992866e-01 -4.438175e-01 -1.939472e+00 -1.588047e+00 -1.771300e+00 -1.823803e+00 2.934243e+00 4.143916e+00 2.572643e+00 -2.158366e+00 1.071533e+00 -2.917592e+00 5.529931e-01 3.976943e-02 
1.252720e+01 8.261408e+00 5.715513e-02 -1.193095e+01 -2.386516e+01 -5.563077e+00 1.260000e+01 -1.034490e+00 5.410147e+00 4.820688e+00 -1.109159e+01 2.651755e+00 9.477406e-01 -4.508989e-01 -2.651872e+00 -1.676635e+00 -1.041153e+00 -4.553881e-01 3.203802e+00 3.281752e+00 2.826450e+00 -3.611882e+00 -2.014658e-01 -2.788691e+00 2.587798e-01 3.177894e-02 
1.248588e+01 5.707322e+00 -2.980524e+00 -9.178768e+00 -2.140303e+01 -3.999900e+00 1.429424e+01 2.809418e+00 4.949652e-01 3.772798e+00 -1.120557e+01 -9.410245e-01 9.476223e-01 -5.240288e-01 -2.510981e+00 -1.700184e+00 -1.187908e+00 1.514611e+00 3.650352e+00 1.709045e+00 1.700708e+00 -3.223693e+00 -9.851991e-01 -1.920410e+00 8.170857e-02 2.365757e-02 
1.228582e+01 1.410865e+00 -1.849131e+00 -1.156446e+01 -2.239087e+01 3.500309e+00 1.460543e+01 1.623867e+00 -1.738939e+00 1.579562e+00 -1.117888e+01 -1.053762e-02 9.828895e-01 -3.723859e-01 -2.273236e+00 -1.329808e+00 -3.993839e-01 2.398704e+00 2.742011e+00 8.647313e-01 1.012877e+00 -3.684740e+00 -1.097814e+00 -6.442757e-01 -3.119456e-02 1.081043e-02 
1.115942e+01 1.056555e+00 -5.068501e+00 -1.382819e+01 -1.690604e+01 6.160785e+00 1.542213e+01 1.587495e+00 -5.221403e+00 -1.898487e-01 -1.134043e+01 9.700626e-01 1.000000e+00 -9.958286e-01 -2.052246e+00 -6.862410e-01 -6.642197e-01 3.708022e+00 1.073689e+00 2.545858e-01 -8.670380e-02 -2.542499e+00 -5.374586e-01 -4.714066e-01 5.011388e-01 4.422075e-03 
1.132850e+01 -7.793878e-01 -5.547895e+00 -1.160316e+01 -1.412014e+01 3.066634e+00 1.635972e+01 4.640857e+00 -1.015537e+01 1.312942e+00 -1.424553e+01 1.540239e+00 9.756039e-01 -1.022944e+00 -2.203010e+00 -1.851304e-01 2.980068e-01 4.421651e+00 -4.985330e-01 -8.746584e-01 -7.400250e-01 -1.754243e+00 7.086619e-01 2.135727e-01 4.702744e-01 -8.927470e-03 
7.985399e+00 -3.458781e+00 -4.562346e+00 -1.248052e+01 -6.998289e+00 1.585385e+00 1.469003e+01 8.674045e-01 -8.009316e+00 1.218815e+00 -1.202928e+01 7.892814e-01 9.733755e-01 -1.023588e+00 -2.088422e+00 6.684439e-01 9.690199e-01 3.650073e+00 -8.838615e-01 -2.088339e+00 -2.070353e+00 -3.297132e-01 1.532174e+00 1.205923e+00 -8.655128e-02 -2.162048e-02 
8.758108e+00 -7.346518e+00 -3.027860e+00 -1.074827e+01 -5.236489e+00 3.295344e+00 1.059819e+01 -1.716213e+00 -9.116196e+00 4.418539e+00 -9.766595e+00 2.431225e+00 9.515644e-01 -1.312680e+00 -1.414773e+00 1.270743e+00 1.128487e+00 2.688438e+00 -4.297768e-01 -3.309727e+00 -2.735323e+00 8.865511e-01 1.718838e+00 1.710935e+00 -3.960467e-01 -2.864096e-02 
7.326674e+00 -6.101988e+00 -2.986300e+00 -9.410542e+00 -3.097503e+00 1.627123e+00 7.861197e+00 -5.585735e+00 -7.389555e+00 5.918220e+00 -7.550287e+00 9.181309e-02 9.039173e-01 -1.006000e+00 -7.429103e-01 1.011485e+00 2.482267e+00 1.004214e+00 -3.607542e-01 -4.032156e+00 -1.792684e+00 1.247479e+00 1.877846e+00 7.285423e-01 -6.089892e-01 -3.486120e-02 
5.094469e+00 -6.531651e+00 1.779699e-02 -7.495717e+00 -2.628347e+00 8.968815e-01 3.225497e+00 -5.809189e+00 -6.032493e+00 7.557428e+00 -7.930355e+00 -9.126067e-02 8.671282e-01 -1.095855e+00 -7.450972e-02 9.662614e-01 3.208293e+00 2.836003e-02 -6.564719e-01 -4.163149e+00 -1.061942e+00 2.841114e+00 5.036095e-01 3.067710e-01 -1.056660e+00 -3.707453e-02 
4.787219e+00 -7.580766e+00 -1.027748e+00 -1.695458e+00 -3.281291e+00 9.808453e-01 -1.784409e+00 -6.049527e+00 -3.313772e+00 9.038602e+00 -9.304686e+00 -9.944220e-01 8.412876e-01 -4.152115e-01 2.529728e-01 9.945952e-01 3.806658e+00 -1.072650e+00 -8.520214e-01 -3.832049e+00 -5.275562e-01 3.377717e+00 -1.487903e+00 7.336954e-01 -2.277947e-01 -4.568122e-02 
4.548561e+00 -6.979677e+00 8.241709e-01 1.435657e+00 -5.002795e+00 3.361233e-01 -5.394755e+00 -6.794026e+00 3.051483e+00 5.376396e+00 -7.355541e+00 -2.308960e+00 7.975066e-01 7.535257e-01 1.387606e+00 1.310035e+00 4.450686e+00 7.082491e-02 -1.923233e+00 -2.572284e+00 4.793339e-02 -1.466283e-01 -4.403184e+00 2.555283e+00 4.781553e-01 -6.982456e-02 
5.523571e+00 -4.613111e+00 1.583490e+00 5.157059e+00 -7.273528e+00 -2.352605e+00 -6.988924e+00 -7.731098e+00 4.957039e+00 -4.307804e-01 -4.169217e+00 6.168914e-02 7.103220e-01 1.430856e+00 2.516477e+00 3.135275e+00 5.465599e+00 -2.905049e-01 -2.456794e+00 -1.544406e+00 6.790932e-01 -2.004497e+00 -6.670483e+00 4.437596e+00 8.852890e-01 -7.941421e-02 
8.493921e+00 -1.077446e+00 5.262354e+00 1.133145e+01 -2.781043e-01 -7.052559e+00 -7.033664e+00 -4.728737e+00 -1.090104e+01 -9.723803e+00 2.278326e+00 1.771461e+00 5.834882e-01 1.362167e+00 2.398193e+00 3.329543e+00 6.260847e+00 -6.135901e-01 -2.494916e+00 -9.500219e-01 1.019439e+00 -2.860114e+00 -5.696513e+00 4.295092e+00 8.098718e-01 -6.934873e-02 
9.968820e+00 2.050506e+00 1.242953e+01 2.068464e+01 -7.096160e+00 -7.608782e+00 -8.686984e+00 -3.686706e+00 -6.359997e+00 -1.676371e+01 8.066360e+00 1.391813e+00 5.512258e-01 7.846991e-01 2.109612e+00 2.846641e+00 3.935842e+00 -3.027807e-01 -8.946363e-01 -1.310046e+00 1.195258e+00 -1.049890e+00 -4.129687e+00 2.769332e+00 1.686051e-01 -4.711375e-02 
9.136772e+00 1.679477e+00 1.204886e+01 2.497610e+01 -8.159430e+00 -9.510367e+00 -9.295834e+00 -3.719026e+00 -5.590568e+00 -1.493970e+01 8.002131e+00 1.075337e+00 5.303111e-01 -3.747615e-01 1.255991e+00 1.831673e+00 6.947805e-01 -1.912954e-01 1.226760e+00 -2.645257e+00 -8.954486e-01 2.901912e+00 -1.695581e+00 1.560583e+00 -7.564265e-01 -2.734948e-02 
9.125641e+00 4.556485e+00 1.242344e+01 1.801394e+01 -4.846769e+00 -5.596883e+00 -1.240807e+01 -2.259665e+00 -2.947646e+00 -1.847126e+01 6.815544e+00 1.252777e+00 5.013418e-01 -1.245833e+00 4.411123e-01 1.050829e-01 -2.303670e+00 3.103037e+00 2.133907e+00 -1.117100e+00 5.300304e-01 1.377753e+00 2.230494e-01 -2.374894e-01 -1.551985e+00 -4.180735e-02 
7.041703e+00 3.949522e+00 1.442376e+01 1.614070e+01 -2.359277e+00 -1.924707e+00 -1.839941e+01 -9.919500e+00 1.902343e+00 -1.734793e+01 1.070665e+01 -1.941154e+00 4.716827e-01 -1.960865e+00 -2.047220e+00 -1.207205e+00 -4.267932e+00 4.091690e+00 1.125442e+00 2.701945e+00 3.169120e+00 2.858678e-01 3.586380e+00 -5.528958e-01 -1.150078e+00 -2.212924e-02 
4.787189e+00 3.121045e+00 1.176750e+01 1.358399e+01 5.518949e+00 -7.320774e-01 -9.720699e+00 2.063684e+00 -3.217685e+00 -1.444435e+01 5.526654e+00 -4.859867e+00 3.715032e-01 -1.687507e+00 -3.790696e+00 -3.269994e+00 -2.341494e+00 4.168402e+00 1.016541e+00 3.900976e+00 5.289783e+00 3.185389e-01 7.345968e+00 -1.408202e+00 -1.436442e+00 -2.195480e-02 
1.501671e+00 -7.838901e+00 6.340808e+00 5.851420e+00 7.116159e+00 -6.315560e+00 2.870206e+00 9.964901e+00 -4.026209e+00 9.787387e-01 5.882096e+00 -1.618730e+00 4.845842e-01 -1.408676e+00 -3.612302e+00 -4.240454e+00 -1.865325e+00 3.680176e+00 1.627426e+00 3.232296e+00 6.138174e+00 7.301737e-01 6.044257e+00 -2.001867e+00 1.532651e-01 -2.067845e-02 
3.458122e+00 -8.502785e+00 1.149547e-01 1.145111e+01 1.125752e+01 1.681247e+00 -3.537997e+00 1.424705e+01 1.609325e+00 9.095240e+00 2.186811e+00 -6.090647e+00 3.851171e-01 -1.163589e+00 -2.906899e+00 -3.111984e+00 -1.572247e+00 1.806593e+00 2.212659e+00 6.913872e-02 2.718485e+00 1.909071e+00 2.545487e+00 -2.011776e+00 1.027465e-03 -5.338383e-03 
6.628559e-01 -8.300074e+00 -9.522346e-01 7.880517e+00 1.317232e+01 5.005759e+00 -5.329279e+00 1.467969e+01 3.139707e+00 1.103555e+00 2.367236e+00 -5.594382e-01 3.614836e-01 -1.285162e+00 -7.085084e-01 -1.115256e-01 -1.365266e+00 1.009511e+00 2.921595e+00 -2.426885e+00 -1.009042e+00 3.891183e-01 -7.326874e-01 -1.253606e+00 -1.832801e-01 -1.472645e-02 
-6.113462e-01 -1.118287e+01 -1.459033e-01 4.708204e+00 1.152384e+01 4.670558e+00 -5.275263e+00 1.329871e+01 2.744714e+00 -1.779320e+00 -2.774798e+00 -5.384376e+00 4.063616e-01 -1.359035e+00 -7.589920e-01 1.543082e+00 -2.570766e+00 -8.451691e-01 2.063715e-02 -1.218690e+00 -2.402084e+00 -1.370689e+00 5.481367e-01 -1.136781e+00 -1.297713e-01 -5.978006e-03 
-2.889405e+00 -1.004140e+01 5.913610e+00 2.396544e+00 1.203056e+01 6.797759e+00 -8.395584e+00 5.393857e+00 -2.648312e+00 2.752581e+00 2.094870e+00 -2.888266e+00 4.003296e-01 -4.346985e-01 -5.695721e-01 1.492918e-01 -2.866514e+00 -1.762639e+00 -1.174582e+00 -1.644354e-02 -2.691834e+00 -1.987576e+00 3.526989e+00 -5.028952e-01 -8.834707e-01 -2.073066e-02 
-1.560923e+00 -1.142708e+01 4.397445e+00 1.339272e+00 7.602557e+00 8.884331e-01 -8.098295e+00 6.879542e+00 -2.350110e+00 1.101141e+01 -3.360912e+00 -5.575089e+00 3.358040e-01 -1.401477e-01 -3.552459e-01 -7.718704e-01 -2.909210e+00 -2.147927e+00 -1.422157e+00 3.393523e-01 -4.466971e+00 -3.081354e+00 1.688919e+00 -5.095994e-01 7.531350e-01 -3.694380e-02 
-1.035849e+00 -1.102583e+01 -2.477450e+00 -4.767587e+00 6.319761e+00 1.023914e+00 -3.999980e+00 4.430105e+00 -4.250762e+00 1.234313e+01 1.458170e-01 -4.881435e+00 2.931091e-01 5.347437e-01 -6.440027e-01 -2.103416e+00 -2.952047e+00 -2.776332e+00 -1.835568e+00 7.470705e-01 -4.008351e+00 -1.969659e+00 -3.421146e-01 -6.459042e-01 7.121035e-01 -3.973903e-02 
-2.238863e+00 -1.246688e+01 1.902745e-01 -6.255783e+00 3.639601e+00 4.466949e-01 -5.776304e+00 -8.554265e+00 -1.186083e+01 1.869999e+00 -4.348269e+00 -6.221166e-01 2.752529e-01 5.551457e-01 -2.304182e-01 -1.595213e+00 -1.453051e+00 -1.563096e-01 2.160306e-01 5.930836e-01 -2.284230e+00 1.029831e-01 -1.563024e+00 -1.110710e-01 9.987488e-02 -3.112785e-02 
1.232839e-01 -1.274151e+01 -2.499886e+00 -8.566163e+00 1.303711e-01 -2.159213e+00 -5.821228e+00 -6.930997e+00 -7.741247e+00 5.612713e+00 -6.409725e-01 -1.804235e+00 2.319100e-01 8.419574e-01 7.558864e-01 -7.404051e-01 4.607521e-01 1.983604e+00 1.089495e+00 -3.619472e-01 -1.647587e-02 1.381217e+00 -1.529839e+00 -1.909876e+00 -1.230102e+00 -3.008478e-02 
6.352396e-01 -1.172133e+01 -3.567400e+00 -4.026696e+00 9.915703e+00 3.560150e+00 -4.222254e+00 1.138942e+00 -8.995160e-02 6.561500e+00 -3.522872e+00 -6.614315e+00 2.107643e-01 5.196753e-01 1.482398e+00 -9.626158e-01 1.461037e+00 2.667013e+00 1.520846e+00 1.157814e+00 2.129051e+00 1.497103e+00 -2.703126e-01 -7.515122e-01 -1.488022e+00 -4.572085e-02 
1.736888e+00 -7.619172e+00 -4.300638e+00 -3.578370e+00 1.309973e+01 4.914664e+00 -6.586741e+00 -4.988781e-01 -3.230117e+00 2.348187e+00 -9.816262e+00 -8.035844e+00 1.749295e-01 4.025211e-02 2.122543e+00 -3.830032e-02 1.869253e+00 2.152935e+00 1.119560e+00 4.260313e-01 3.501714e-01 7.485259e-01 -4.758412e-01 2.935855e-01 4.722556e-01 -5.896502e-02 
-4.472885e-01 -7.616066e+00 -3.722428e+00 -1.444494e+00 1.048998e+01 4.513987e+00 3.955206e-01 -1.125071e+00 -6.630886e+00 2.150699e+00 -3.518184e+00 -4.946420e+00 7.513893e-02 -5.460365e-02 1.857511e+00 -6.710275e-01 5.005813e-02 -8.104466e-01 -7.773674e-02 6.227083e-01 -6.259193e-02 8.538892e-01 5.413870e-01 1.715219e+00 1.268124e+00 -5.986374e-02 
8.658085e-01 -4.181430e+00 -2.613873e+00 -5.109971e-01 1.060790e+01 2.961667e+00 -5.999959e+00 -4.048134e+00 -7.281506e-01 5.438908e+00 8.246114e-01 -2.769046e-01 4.897654e-03 1.789503e-01 1.852363e+00 -5.914262e-01 -1.981850e-01 -1.713913e+00 -6.405377e-01 1.092329e+00 2.500807e-01 7.544721e-01 9.382133e-01 2.425091e+00 9.874981e-01 -5.123441e-02 
7.977610e-01 -4.152641e+00 -7.765920e+00 -5.310091e+00 7.109384e+00 4.147964e+00 -1.402104e+00 2.600610e+00 2.928511e+00 7.723074e+00 -2.672135e-01 -4.153165e+00 -3.538489e-03 3.833503e-01 2.103106e+00 -3.670251e-01 -9.890895e-02 -5.523125e-01 1.222035e+00 7.952542e-01 -2.097095e-01 1.312319e+00 1.129361e+00 1.461519e+00 -4.463181e-01 -3.716282e-02 
2.009114e+00 -8.906937e-02 -5.236022e+00 -2.636497e+00 6.220469e+00 1.894986e+00 -2.262822e-01 -1.111315e+00 -4.237454e+00 4.253066e+00 6.837092e-01 -3.494981e+00 -4.190385e-02 -2.131646e-01 1.196897e+00 -6.108080e-01 9.772613e-02 -5.659075e-02 1.870190e+00 1.071920e+00 1.913352e-01 6.667941e-01 -9.366151e-01 -1.223303e+00 -2.250311e+00 -2.251238e-02 
8.978102e-01 8.532817e-01 -4.246479e+00 -8.762892e-01 9.922140e+00 1.115750e+01 1.484954e+00 -3.642027e+00 1.685359e+00 8.390425e+00 3.859863e+00 -5.568972e+00 -8.727443e-02 -6.767296e-01 8.392537e-01 5.451288e-02 1.061540e+00 9.007187e-01 1.371605e+00 7.301105e-01 9.496787e-01 1.950568e+00 -1.472253e+00 -1.239505e+00 -1.222979e+00 -2.835593e-02 
-2.500391e-01 -6.999085e-01 -7.427634e+00 -2.239267e+00 8.918571e+00 8.807849e+00 -2.083886e+00 2.986109e-02 3.227396e+00 4.221576e-01 -7.355442e+00 -1.082056e+01 -6.579626e-02 -1.095597e+00 4.749871e-01 2.285886e-02 -1.117951e-01 -3.955009e-01 -2.632791e-01 1.886066e-02 2.292945e+00 2.694463e+00 -1.450412e+00 -7.555166e-01 3.454574e-01 -2.648752e-02 
-1.456310e+00 3.490467e-01 -6.397550e+00 -2.010064e-01 1.026393e+01 7.549558e+00 3.177250e+00 6.778416e+00 8.948925e+00 2.277266e+00 -2.445165e+00 -6.605274e+00 -1.333719e-01 -1.085059e+00 5.645639e-01 7.571880e-01 -1.571670e-01 -6.458825e-01 -7.201068e-01 9.025937e-01 2.802304e+00 5.966219e-01 -2.030994e+00 -3.921989e-01 1.346918e+00 -2.135329e-02 
-2.291810e+00 2.537984e+00 -4.046193e+00 -3.533113e+00 4.072071e+00 2.382563e+00 -9.781274e-01 5.143190e+00 5.603075e+00 5.758798e-02 5.864036e-02 -1.249543e+00 -1.512927e-01 -1.256962e+00 4.593993e-01 1.355893e+00 3.960326e-01 -1.008515e+00 2.822103e-01 1.944680e+00 1.112809e+00 -4.436174e-01 -1.167420e-01 1.792509e+00 3.364342e+00 -1.889136e-02 
-3.506599e+00 2.057155e+00 -2.151260e+00 -1.015201e+00 9.115977e+00 1.076961e+01 5.445043e+00 7.812826e+00 3.480629e+00 -1.582258e+00 -1.808172e+00 -3.619888e+00 -1.512927e-01 -1.374563e+00 3.094682e-01 1.894779e+00 1.232132e+00 -1.141579e+00 -9.591283e-01 1.228477e-01 -4.370784e-01 -1.732643e+00 2.688911e-01 1.056401e+00 2.661073e+00 -3.584146e-03 
-5.509705e+00 7.430339e-01 -2.771314e+00 1.479931e-01 4.449973e+00 8.608873e+00 6.505616e+00 5.076702e+00 3.743457e+00 1.768210e+00 1.288607e+00 4.508462e+00 -1.512927e-01 -1.591740e+00 3.272246e-01 1.712675e+00 1.938888e+00 -1.459641e-01 -8.700830e-01 3.240579e-01 -3.916987e-01 -4.763339e-01 1.562867e+00 4.822647e-01 1.472655e+00 0.000000e+00 
-6.720180e+00 2.793863e+00 2.438907e+00 4.119101e+00 4.367078e+00 -3.592390e-01 4.961717e-02 4.626268e+00 1.215520e+00 2.766411e+00 2.221854e+00 3.821088e+00 -1.512927e-01 -1.504549e+00 3.362652e-01 1.430183e+00 9.447798e-01 -9.384667e-01 -1.959067e+00 -5.595219e-01 1.625172e-01 1.611719e-01 1.143042e+00 7.854429e-01 1.878230e+00 0.000000e+00 
-8.643722e+00 3.805753e+00 2.222098e+00 3.594176e+00 5.716700e+00 3.596572e+00 3.339875e+00 4.777976e+00 4.353960e+00 5.697589e+00 4.549508e-01 2.393242e+00 -1.512927e-01 -8.150132e-01 4.995329e-01 1.369704e+00 1.095093e+00 4.929771e-01 -7.476794e-01 -5.341654e-01 8.304299e-01 -1.418282e-01 -4.658123e-01 3.086026e-01 3.429559e-01 0.000000e+00 
-9.462334e+00 2.207122e+00 2.502951e+00 1.985606e+00 3.790281e+00 3.480427e+00 4.230304e+00 8.774775e+00 3.981237e+00 2.168262e+00 2.535871e+00 6.828872e+00 -1.512927e-01 -7.683641e-01 -5.538929e-01 -3.934903e-01 -2.185627e-01 -2.406134e-01 3.038045e-01 6.918901e-01 6.452798e-01 4.575790e-01 -9.918027e-01 -2.202660e-01 2.948244e-02 0.000000e+00 
-8.213694e+00 3.534069e+00 4.045183e+00 6.690206e+00 7.203257e+00 2.950644e+00 1.744446e+00 7.154598e+00 1.651458e+00 -2.617772e-01 2.674612e+00 4.719349e+00 -1.512927e-01 -6.733740e-01 -7.828302e-01 -1.443518e+00 -8.482548e-01 -9.625856e-01 -1.640207e-01 -3.254113e-02 -4.219286e-01 7.622002e-01 -9.593828e-01 2.142204e-01 -4.891626e-01 0.000000e+00 
-1.077701e+01 1.602404e-01 -4.400870e-01 1.478273e+00 2.420733e+00 1.482748e+00 4.306782e+00 6.664355e+00 4.854666e+00 7.870809e-01 1.069379e-02 2.805447e+00 -1.512927e-01 -7.639285e-01 -6.321664e-01 -1.036488e+00 -4.238001e-01 3.107990e-01 8.208440e-01 -1.240087e+00 -1.436484e+00 2.048021e-01 -7.035788e-01 -3.337297e-01 -1.239622e+00 0.000000e+00 
-1.135325e+01 9.150422e-01 -3.523975e+00 -3.934312e-01 1.588546e+00 3.775309e+00 3.138930e+00 3.723542e+00 7.728247e+00 1.591266e+00 2.788641e+00 1.959141e+00 -1.512927e-01 -9.001828e-01 -7.617237e-01 -3.926005e-02 -8.053827e-01 2.981654e-01 -2.223505e-01 -1.451325e+00 -1.094809e+00 2.862318e-01 -1.311612e-01 2.097635e-01 5.936729e-01 0.000000e+00 
-1.171220e+01 3.558035e-01 1.105089e+00 3.408424e+00 8.151631e+00 7.172315e+00 -2.667374e+00 3.307881e+00 1.966853e+00 -2.276153e+00 8.102072e-01 2.010866e+00 -1.512927e-01 -5.024287e-01 -5.296586e-01 9.052655e-01 7.816672e-03 -3.036931e-01 -1.622221e+00 -1.466103e+00 -5.668255e-01 -8.670108e-01 5.879714e-01 1.162888e+00 7.220350e-01 0.000000e+00 
-1.224702e+01 -3.723313e-01 3.076295e+00 1.698216e+00 5.828635e+00 -1.005892e+00 -2.025099e+00 3.358789e+00 4.526523e+00 6.140338e-01 3.323672e+00 8.085004e+00 -1.512927e-01 3.008709e-02 -3.051258e-01 7.724315e-01 9.805058e-01 -6.719506e-01 -2.632011e+00 -1.209336e-01 -2.133595e-01 -9.607285e-01 6.716776e-01 9.077095e-01 1.286814e+00 0.000000e+00 
-1.284227e+01 -1.844366e+00 7.861052e-01 4.715322e-01 -1.217777e+00 -4.237757e+00 -4.417206e-01 4.012604e+00 2.120475e+00 4.215554e+00 5.557616e+00 3.352690e+00 -1.512927e-01 1.148885e-01 -8.199012e-03 -3.744944e-01 2.779634e-01 -7.222657e-01 -2.104549e+00 3.614137e-02 -1.359823e+00 2.190963e-01 1.203227e+00 1.996222e+00 1.229746e+00 0.000000e+00 
-1.063778e+01 4.894979e-01 4.976740e-01 5.977544e+00 2.913497e+00 -3.679711e+00 1.421435e+00 2.304383e+00 2.847794e+00 1.703801e+00 4.953484e+00 7.722300e+00 -1.512927e-01 -2.470037e-01 -4.583350e-01 -1.174923e+00 -2.461241e-01 -5.863432e-01 -8.084993e-01 -1.134613e+00 -2.039167e+00 -8.866306e-02 -3.486208e-01 1.123109e+00 -4.256018e-01 0.000000e+00 
-1.194237e+01 -1.161062e-01 5.219276e-01 2.658577e+00 5.997872e+00 -2.013519e+00 -4.209934e+00 -2.964028e+00 3.901699e+00 3.195100e+00 9.976412e+00 8.340949e+00 -1.512927e-01 -3.452163e-01 -8.093788e-02 -2.706793e-01 -6.826853e-01 -2.555299e-03 1.970048e-02 -9.624928e-01 -6.007785e-01 -2.207329e-01 -8.653461e-01 4.380361e-01 1.731047e-01 0.000000e+00 
-1.393198e+01 -3.528136e+00 -2.666232e+00 -6.259272e-01 -7.109060e-01 -6.160508e+00 -5.814056e+00 -3.348730e+00 3.192595e+00 -6.188432e-01 6.729818e+00 3.462866e+00 -1.512927e-01 -5.545828e-01 -1.583605e-01 1.526710e-01 -1.353414e+00 -1.007992e+00 6.763726e-02 -3.542252e-01 9.861067e-01 -7.064058e-01 -3.452265e-01 6.955099e-02 -4.741757e-01 0.000000e+00 
-1.292125e+01 -2.402384e-01 1.014662e+00 3.598416e-01 5.816479e-01 -2.898856e+00 -1.636439e+00 3.835268e+00 8.444096e-01 1.050146e+00 6.859630e+00 6.347931e+00 -1.512927e-01 -9.470234e-02 3.039633e-01 4.666363e-01 -3.611703e-01 -9.539894e-01 1.490977e-01 9.324608e-01 2.078259e+00 -8.462765e-01 -2.620920e-01 -6.103752e-01 -1.100972e-01 0.000000e+00 
