-4.005051e-01 5.424350e+00 -3.557393e+00 3.415813e+00 -1.143993e+00 -6.595298e-01 6.006399e+00 3.134489e+00 -6.303783e+00 -3.809214e+00 -4.601621e-01 3.671137e+00 -1.512926e-01 3.463561e-01 -1.052322e+00 6.828637e-02 -5.424183e-01 6.658007e-01 -1.648904e-01 -1.669662e+00 -1.488297e+00 -1.163943e+00 9.744390e-01 -8.061582e-01 -1.660020e+00 0.000000e+00 
-1.039400e-01 2.962447e+00 -1.555172e+00 5.713888e+00 3.110671e+00 2.346039e-01 5.273479e+00 3.220264e+00 -7.537765e+00 3.851969e-01 -2.221579e+00 -1.448416e+00 -1.512926e-01 6.768351e-01 -1.321405e+00 -3.153983e-01 -1.058267e+00 3.804990e-01 6.273618e-02 -2.033402e+00 -2.330124e+00 -8.033593e-01 1.578854e+00 4.885178e-01 -1.241499e+00 0.000000e+00 
1.182993e+00 1.393692e+00 -4.217072e+00 -4.453166e-01 5.767816e-02 -1.931048e+00 -1.975453e+00 -4.349881e+00 -1.150651e+01 -1.034225e+00 -3.610244e+00 -2.069188e+00 -1.512926e-01 1.158866e+00 -1.422110e+00 -1.650731e+00 -1.501567e+00 3.435173e-02 -4.635827e-01 -3.278683e+00 -1.909153e+00 -7.192251e-01 1.983267e+00 1.684448e+00 -7.188897e-01 0.000000e+00 
2.191921e+00 8.326551e-01 -4.804545e+00 5.504179e-02 1.576663e-01 2.899104e-01 -1.696858e-01 -4.773948e+00 -7.719218e+00 2.697563e+00 3.557468e+00 3.338041e-01 -1.512926e-01 7.755575e-01 -1.121316e+00 -1.501961e+00 -8.240113e-01 -5.150817e-01 -9.253981e-01 -3.036647e+00 -4.044432e-01 9.238251e-01 1.324207e+00 1.217637e+00 8.708190e-01 0.000000e+00 
4.245893e+00 -6.213031e-01 -1.018636e+01 -1.262598e+00 5.042679e-01 -3.005096e+00 -7.665437e+00 -2.414171e+00 -9.809183e+00 4.950939e+00 5.072556e+00 -8.144209e-01 -1.512926e-01 2.511640e-01 -1.916499e+00 -1.218195e+00 6.370755e-01 7.875882e-01 -5.346793e-01 -1.062133e+00 1.752576e+00 2.112102e+00 1.666371e+00 1.032631e+00 6.004188e-01 0.000000e+00 
2.242397e+00 -1.636635e+00 -6.080332e+00 2.002472e+00 3.119676e-01 -3.855362e+00 -7.064765e+00 2.301929e-01 -3.767302e+00 4.013648e+00 -4.747944e-01 2.278296e+00 -1.512926e-01 5.663424e-02 -2.525753e+00 -8.516868e-01 5.779449e-01 1.151275e+00 -3.109498e-02 -6.501492e-01 1.914930e+00 2.925729e+00 1.095773e+00 2.340694e-01 4.845390e-01 0.000000e+00 
2.413575e+00 -6.954155e+00 -9.670153e+00 1.766346e+00 3.918468e+00 -2.531809e+00 -3.838577e+00 1.910931e+00 -2.921955e+00 6.639587e+00 3.569040e+00 -3.933936e-02 -1.512926e-01 2.848250e-01 -1.759276e+00 9.438866e-01 1.030365e+00 1.067828e-01 1.448586e-02 2.391853e-02 4.003964e-01 8.220446e-01 -3.663831e-01 9.644985e-03 5.758303e-01 0.000000e+00 
3.391252e+00 -8.629683e+00 -9.321085e+00 1.430294e+00 4.206944e+00 -1.022084e-01 -5.333861e+00 2.638152e+00 3.465813e+00 7.332105e+00 5.479573e+00 2.368958e+00 -1.512926e-01 8.489666e-01 -9.500235e-01 9.994755e-01 5.758563e-01 -5.817196e-01 5.130836e-01 4.216542e-01 -7.627590e-01 -4.765199e-01 -1.375267e-01 -1.591852e-01 -9.217251e-01 0.000000e+00 
5.095592e+00 -5.921158e+00 -3.846555e+00 4.175317e+00 -9.093059e-01 -4.809244e+00 -8.411296e+00 -1.616168e+00 -9.315517e+00 1.459795e+00 2.143597e+00 2.019399e+00 -1.512926e-01 6.386188e-01 2.772651e-01 1.894350e+00 -5.350082e-02 -1.433204e+00 -2.977906e-01 -8.278416e-01 -1.284372e+00 -6.941245e-01 -1.531665e+00 -2.800232e+00 -1.633783e+00 0.000000e+00 
5.146222e+00 -6.903251e+00 -3.994753e+00 3.677268e+00 -1.827431e-01 -1.512263e-01 -2.670135e+00 -1.820052e+00 -2.953120e+00 5.915910e+00 -5.579990e-01 -3.359699e+00 -1.512926e-01 1.918930e-01 2.528704e-01 7.789875e-01 -8.168516e-01 -7.078729e-01 -6.404986e-01 -5.159140e-02 2.130618e-01 -6.430795e-01 -1.364005e+00 -2.002088e+00 -1.724444e+00 0.000000e+00 
4.729184e+00 -6.431046e+00 -2.861570e+00 3.753545e-01 -1.052706e+00 -3.996253e+00 -9.309649e+00 -2.281825e+00 -3.183111e+00 -3.106422e-01 -7.413332e+00 -5.343927e+00 -1.512926e-01 2.648092e-01 2.517451e-01 -4.890131e-01 -1.006706e+00 9.477936e-02 -1.935840e-01 6.403183e-01 2.745523e-01 5.626211e-01 -4.244982e-01 -1.972704e-01 -7.212264e-01 0.000000e+00 
4.533920e+00 -7.110387e+00 -5.918639e+00 -7.539822e-01 7.392789e-01 -3.711197e+00 -5.142642e+00 4.036289e+00 -2.815788e+00 1.397300e+00 2.475967e-01 -2.571598e+00 -1.512926e-01 5.540061e-02 6.926098e-02 -5.644952e-01 -8.936211e-01 2.018747e-02 -8.273994e-01 -7.801722e-01 3.862770e-01 -2.209663e-01 -2.556652e-01 9.823071e-01 1.205151e+00 0.000000e+00 
6.725789e+00 -4.558865e+00 -5.329677e+00 1.357410e+00 -8.964201e-01 -3.997179e+00 -3.973451e+00 -3.171578e+00 -6.571077e+00 1.596609e+00 7.544478e-01 -1.980783e+00 -1.512926e-01 -2.136879e-02 5.069663e-01 1.959329e-02 -7.442053e-02 -6.602894e-02 5.311390e-01 1.647116e-01 1.616635e-02 7.293943e-01 2.659733e+00 2.336023e+00 1.146805e+00 0.000000e+00 
4.424923e+00 -7.493036e+00 -5.583175e+00 -1.281865e+00 -1.599488e-01 -4.287760e+00 -9.239095e+00 5.562088e-01 -2.363968e+00 3.683959e+00 2.696460e-01 9.844818e-01 -1.512926e-01 2.654099e-02 8.570170e-01 8.265613e-01 5.244584e-01 -8.068921e-01 4.361521e-01 3.510154e-01 2.074396e-01 5.698935e-01 1.162941e+00 -6.340702e-02 -5.797719e-02 0.000000e+00 
4.676839e+00 -3.704889e+00 -2.931336e+00 2.671931e-01 -9.332371e-01 -1.052276e+00 -6.437864e+00 -4.609530e-01 2.379503e-01 1.184469e+01 4.255756e+00 -1.387941e+00 -1.512926e-01 -3.304300e-01 1.158020e+00 7.426469e-01 5.965633e-01 -5.017835e-01 2.548274e-01 1.906597e+00 1.444057e+00 -9.230980e-01 -5.191187e-01 9.598692e-02 2.506781e-03 0.000000e+00 
5.691100e+00 -3.252289e+00 -2.985004e+00 2.413418e+00 -3.276773e+00 -3.002887e+00 -2.155358e+00 3.718175e+00 -3.370834e+00 2.087965e+00 -1.820092e+00 -3.157905e+00 -1.512926e-01 -5.324279e-01 1.699055e+00 -1.117503e-01 1.511156e-01 -5.053846e-01 3.408557e-01 2.844221e+00 1.198974e+00 -1.832034e+00 -2.468736e+00 -7.366416e-01 1.192072e-01 0.000000e+00 
4.440550e+00 -8.891380e-01 -2.915529e+00 2.492585e+00 -1.846925e+00 -3.365478e+00 2.017664e+00 2.467722e+00 -1.068313e+01 -2.009871e-01 2.279252e+00 1.029441e-01 -1.512926e-01 -5.870749e-01 1.369460e+00 -8.467562e-01 -5.440546e-01 -4.321779e-01 -1.228964e-01 2.687488e+00 1.833128e+00 -4.561350e-01 -2.800388e+00 -1.676696e+00 5.943283e-01 0.000000e+00 
1.880928e+00 -4.056388e-01 -6.149830e+00 -1.638983e+00 -2.230028e+00 -1.426881e+00 7.542443e-01 5.086741e+00 -6.063594e+00 -2.636881e+00 -2.425310e+00 8.350755e-01 -1.512926e-01 -8.207978e-01 1.547362e+00 -2.010165e-01 -7.647018e-01 2.482905e-02 4.888982e-01 1.530226e+00 6.857983e-01 1.079895e+00 3.017718e-01 -2.292786e-01 1.053443e+00 0.000000e+00 
3.646550e+00 1.719083e+00 -5.582703e+00 -4.268796e-01 -3.617499e+00 -2.454762e+00 5.544774e+00 8.020403e+00 -6.963449e-01 2.051759e-01 -3.825114e+00 -4.127896e-01 -1.512926e-01 -8.980660e-01 2.132209e+00 7.540799e-01 -3.516839e-02 3.322937e-01 3.780178e-01 -1.656081e-01 1.025391e-02 2.178931e+00 2.117063e+00 1.876771e+00 1.003313e+00 0.000000e+00 
1.984111e+00 3.180412e+00 -2.656499e+00 4.964125e-02 -2.267341e+00 -1.013754e+00 3.732217e+00 4.370827e+00 -2.964756e+00 3.393742e+00 8.569726e-02 2.367178e+00 -1.512926e-01 -2.145463e+00 2.632811e+00 2.468786e+00 1.107359e-01 1.720475e+00 5.489329e-01 -1.366181e-01 -5.778831e-01 2.425588e+00 1.378395e+00 3.808117e+00 6.223146e-01 0.000000e+00 
-1.013718e-01 7.978880e+00 -8.917949e-01 1.472431e+00 -1.668006e-01 -1.681952e+00 -2.993631e-01 2.876949e+00 -1.337900e+00 7.369015e+00 1.040760e+01 4.353457e+00 -1.512926e-01 -1.180342e+00 2.141309e+00 2.281003e+00 6.244711e-01 1.800629e+00 1.589090e+00 4.902081e-01 3.008377e-01 1.062460e+00 -7.917806e-02 2.193573e+00 -4.031356e-01 0.000000e+00 
-6.972423e+00 9.628519e+00 3.848646e+00 -2.034959e+00 4.646998e+00 9.313785e-01 2.993222e+00 4.769053e+00 6.385126e+00 6.731768e-01 9.498917e+00 1.563525e+00 -1.512926e-01 -9.088879e-01 -4.174437e-01 2.458770e+00 -1.160921e+00 -3.672597e-01 1.207013e+00 8.732828e-01 6.989124e-01 1.471823e+00 -2.292716e+00 -3.935798e-01 -9.226443e-01 8.818889e-03 
2.223106e+00 9.201574e+00 2.569741e+00 3.737776e+00 1.928478e+00 4.518121e+00 8.365312e+00 9.325479e+00 -5.898666e-02 1.169568e+00 2.436141e+00 -2.026641e+00 -1.512926e-01 -1.673247e+00 -2.278428e+00 2.712594e+00 -2.227213e+00 -1.795852e+00 1.254213e+00 -1.507089e-01 -2.118040e+00 1.999716e+00 -2.421659e+00 -3.075283e+00 -6.683755e-01 8.458388e-02 
-3.722568e+00 4.818466e-01 7.906581e+00 -6.887635e+00 -5.151279e+00 1.921276e+00 3.766294e+00 4.641124e+00 3.754903e+00 -4.970114e+00 2.103529e+00 9.440064e-01 -1.071981e-01 -2.713327e+00 -1.902467e+00 3.184652e+00 -1.492386e+00 -7.640451e-01 8.094097e-01 -1.610389e+00 -5.297088e+00 1.428280e+00 -1.785384e+00 -2.127264e+00 8.148077e-01 1.671875e-01 
-1.009253e+01 1.160076e+00 1.064221e+01 -7.237296e+00 -4.246924e+00 4.094166e+00 -1.439444e+00 -7.649284e+00 9.975792e+00 -1.917636e+00 -1.271116e+00 1.321340e+00 2.495796e-01 -4.522126e+00 -4.022330e-01 3.008409e+00 -1.940259e+00 2.102775e-02 2.682075e-01 -9.387463e-01 -4.818163e+00 2.012193e+00 -2.505612e+00 -2.882784e-01 1.015218e+00 2.023816e-01 
-1.438124e+01 4.136931e+00 1.573567e+01 -4.009351e+00 3.914474e+00 5.190405e+00 -1.563473e-01 -1.322901e+01 8.509134e+00 -6.710139e+00 7.162220e-01 3.963573e+00 4.842091e-01 -2.698102e+00 2.047093e+00 1.638116e+00 1.081933e+00 1.302958e+00 -2.349789e-01 1.849190e+00 -2.036123e+00 7.503522e-01 -1.634192e+00 -2.902229e-01 1.146509e-01 1.873354e-01 
-1.505819e+01 5.362867e+00 1.369724e+01 -7.402661e+00 -2.499260e+00 4.224594e+00 5.632900e+00 -5.830273e+00 7.624863e+00 -1.048848e+01 1.688403e+00 1.539665e+00 5.649117e-01 -1.071738e+00 2.049046e+00 1.121008e+00 7.948395e-01 1.767192e-01 -9.258204e-01 2.570433e+00 3.708582e-02 -2.327868e+00 -1.067873e+00 -3.822518e-01 -4.159640e-01 1.028863e-01 
-1.473025e+01 8.615917e+00 1.456965e+01 -1.395286e+00 4.896793e-01 6.811678e-01 9.476072e+00 -6.448997e+00 8.682129e+00 -8.855654e+00 -8.273444e-01 1.408098e+00 6.718127e-01 -3.788971e-01 1.522943e+00 2.866833e-01 -6.303658e-02 -1.014473e+00 -4.444048e-01 1.765272e+00 1.521995e+00 -2.574832e+00 1.346543e+00 -1.629483e+00 -4.776451e-01 5.692934e-02 
-1.527672e+01 9.165813e+00 1.683026e+01 -4.570130e+00 -1.650931e+00 1.719683e+00 6.596514e+00 -1.085386e+01 -1.750043e+00 -6.184244e+00 -2.410591e+00 5.192569e-01 6.702095e-01 -5.857355e-01 7.971081e-01 -5.688034e-01 -9.078053e-01 -4.850250e-01 -1.056293e-01 4.384843e-01 7.817001e-01 -1.812537e+00 1.605243e+00 -1.156152e+00 -1.760474e-02 4.924357e-02 
-1.616646e+01 9.850173e+00 1.560258e+01 -5.740799e+00 -1.582053e+00 4.220837e+00 8.188206e+00 -3.107239e+00 3.224268e-01 -2.129541e+00 -5.381693e+00 2.085552e+00 7.162069e-01 -6.055743e-01 3.044275e-01 -1.780535e+00 -1.533223e+00 -3.124801e-01 5.848107e-02 -6.320051e-01 1.468151e+00 -5.198935e-01 7.593018e-01 9.038380e-01 -3.060397e-01 4.847900e-02 
-1.726876e+01 8.731279e+00 1.033675e+01 -9.768930e+00 -3.888519e+00 1.926613e+00 8.469255e+00 -3.592651e+00 2.742028e+00 -5.825320e+00 -1.815182e+00 1.112915e+00 7.889324e-01 -5.852400e-01 4.007439e-01 -2.354724e+00 7.698345e-03 1.470414e-01 -2.254917e-01 -1.084851e+00 4.128306e-01 7.024293e-02 -1.163989e+00 2.196259e+00 -6.809415e-01 6.248620e-02 
-1.676210e+01 1.035532e+01 8.913727e+00 -6.462000e+00 4.607266e-02 8.701082e-01 5.379676e+00 -2.738847e+00 3.836625e+00 -5.238606e+00 3.394141e+00 -4.189290e-01 8.548462e-01 -1.331160e-01 6.450074e-01 -1.428986e+00 8.950961e-01 1.976635e-01 3.640442e-02 -7.553158e-01 -1.961513e+00 -6.915711e-01 -1.519955e+00 1.617188e+00 -7.679206e-01 5.751098e-02 
-1.790510e+01 1.091696e+01 8.401069e+00 -4.171038e+00 -1.729787e+00 2.267589e+00 2.576524e+00 -8.973903e+00 -3.155928e+00 -1.044966e+01 4.182789e+00 -1.633210e+00 9.133209e-01 -2.898672e-01 1.376780e+00 1.168208e-01 9.072052e-01 7.987614e-02 1.795336e-01 -6.863353e-01 -1.853450e+00 -1.281005e+00 -1.263647e+00 -1.245737e+00 -1.236397e+00 4.853233e-02 
-1.651387e+01 1.198237e+01 9.425490e+00 -4.064265e+00 -1.673102e+00 4.232371e+00 7.357992e+00 -1.022418e+01 -1.864505e-01 -7.417149e+00 -2.947418e-01 -3.809891e-01 9.415676e-01 -3.154469e-01 1.159560e+00 6.453715e-02 2.246895e-02 -6.037715e-01 1.023125e-01 -4.962513e-01 -9.897464e-01 -5.489067e-01 -1.247051e+00 -1.753644e+00 -4.060043e-01 3.652201e-02 
-1.884221e+01 1.480165e+01 1.066498e+01 -6.431773e+00 -2.629551e+00 1.143149e+00 4.048420e+00 -9.117235e+00 -1.651458e+00 -1.105428e+01 -6.199428e+00 -5.088042e+00 9.882334e-01 -4.603443e-02 6.623805e-01 2.272771e-01 6.637617e-01 3.857675e-01 -4.727283e-01 -3.484183e-01 8.736855e-01 8.263799e-01 3.710995e-02 -6.125480e-01 5.395982e-01 1.980565e-02 
-1.787078e+01 1.421077e+01 8.104459e+00 -5.219288e+00 -2.522903e+00 1.943890e+00 2.162472e+00 -7.615913e+00 3.398566e-01 -1.117155e+01 -1.829719e-01 -7.215344e-01 1.000000e+00 5.906277e-01 -7.507001e-01 1.007449e+00 1.561558e+00 8.674765e-01 9.731881e-02 -1.049911e+00 1.059844e+00 8.273315e-01 -1.197648e-01 6.337832e-01 6.417464e-01 -1.259050e-02 
-1.745682e+01 1.311466e+01 1.019797e+01 -2.747178e-01 6.239517e-01 1.048187e+00 3.432193e+00 -5.909609e+00 7.128181e-01 -8.386909e+00 1.064165e+00 1.235054e+00 9.831330e-01 2.886163e+00 -2.096864e+00 1.084254e+00 2.245109e+00 6.187224e-01 7.885728e-02 -4.116352e-01 2.194544e+00 1.508048e+00 1.870029e+00 2.164687e+00 1.678714e+00 -7.131813e-02 
-1.425343e+01 9.072368e+00 1.469624e+01 6.650001e-01 1.037530e+00 4.766447e+00 2.416552e+00 -6.528773e+00 2.768069e+00 -9.349660e+00 -7.576218e-01 -3.338048e-01 8.811653e-01 5.987117e+00 -1.275630e+00 4.364662e-01 1.327123e+00 -8.411730e-01 -1.410802e+00 -1.264290e+00 8.652586e-01 -4.731027e-01 1.651464e+00 2.144724e+00 7.812195e-01 -1.295163e-01 
-6.220067e+00 6.886536e+00 1.279036e+01 1.851630e+00 -1.316155e+00 1.261578e-01 1.863204e+00 1.311915e+00 4.674675e+00 -2.615080e+00 4.911330e+00 3.111665e+00 6.910601e-01 8.208682e+00 -1.324740e+00 -1.850363e+00 -6.164773e-01 -2.423792e+00 -2.509605e+00 -2.139345e+00 -9.435350e-01 -1.752913e+00 2.511876e+00 2.297937e+00 7.706558e-01 -1.169354e-01 
6.446434e+00 1.094669e+01 8.990597e+00 3.531507e-01 -5.758715e+00 -4.649106e+00 -3.374486e+00 -6.900382e+00 -4.006585e+00 -5.800146e+00 8.617064e+00 2.246258e+00 4.984551e-01 7.898854e+00 -1.151519e+00 -3.641041e+00 -1.371631e+00 -3.049754e+00 -3.217523e+00 -1.877618e+00 -1.872794e+00 -1.729221e+00 4.582742e+00 6.308910e-01 1.349796e+00 -5.755116e-02 
1.323666e+01 5.553801e+00 3.798975e+00 -3.201180e+00 -8.096889e+00 -6.792062e+00 -4.369015e+00 -1.044148e+01 -4.664420e+00 2.397714e+00 7.866508e+00 3.798301e+00 5.898111e-01 5.570708e+00 -1.887502e+00 -4.178710e+00 -4.095318e-01 -2.715591e+00 -1.996616e+00 -8.685967e-01 -2.694335e+00 -1.026931e+00 5.363065e+00 -2.512020e+00 1.862547e+00 1.093615e-02 
1.551247e+01 3.981140e+00 9.867224e-01 -3.666752e+00 -1.082087e+01 -7.862057e+00 -3.855431e+00 -1.001605e+01 -1.208488e+00 1.105765e+01 9.192441e-01 6.071859e+00 6.440340e-01 2.571639e+00 -3.014354e+00 -3.347181e+00 3.077138e-01 -1.175624e+00 -1.202031e+00 4.375392e-01 -4.736595e-01 1.212468e+00 5.588348e+00 -4.629124e+00 3.096524e+00 4.885178e-02 
1.710045e+01 9.317998e-01 -4.101254e+00 1.813923e+00 -1.236303e+01 -8.250446e+00 -2.239308e+00 -1.060193e+01 -1.859030e+00 1.577135e+01 -3.799858e+00 1.051160e+01 6.729513e-01 1.128524e+00 -2.367753e+00 -2.290870e+00 9.330692e-01 -3.899671e-01 -1.047986e-01 -2.035356e-01 5.034516e-01 2.060272e+00 2.344144e+00 -4.441616e+00 3.067056e+00 2.983270e-02 
1.737274e+01 -1.814085e+00 -3.795194e+00 -6.158314e-01 -9.503764e+00 -9.930070e+00 -2.251644e+00 -9.188455e+00 6.530619e-01 1.545478e+01 -8.695372e+00 1.437223e+01 7.011439e-01 3.863885e-01 -1.614967e+00 -1.548900e+00 5.909746e-01 6.748358e-01 7.038699e-01 -2.232348e+00 1.353822e+00 2.414060e+00 -7.137459e-01 -3.280002e+00 2.418231e+00 1.350387e-02 
1.794915e+01 -3.387352e+00 -5.264418e+00 -6.129396e-02 -1.070528e+01 -6.282049e+00 -6.188586e+00 -8.338018e+00 4.706162e+00 1.191987e+01 -9.534263e+00 1.498340e+01 7.104197e-01 4.617202e-02 -5.655625e-01 -4.880352e-01 4.651374e-03 1.802740e+00 8.912036e-01 -4.197762e+00 1.581184e+00 3.243645e+00 -2.280523e+00 -2.532299e+00 1.298567e+00 -6.036520e-03 
1.702006e+01 -1.934118e+00 -6.176193e+00 2.257290e-01 -8.275571e+00 -5.326906e+00 -1.304253e+01 -4.378894e+00 7.579216e+00 9.414660e+00 -1.261357e+01 1.592711e+01 6.928192e-01 -3.397933e-01 6.703912e-01 -3.514335e-01 7.568018e-01 4.189667e+00 -8.176225e-01 -5.451054e+00 1.901882e+00 3.050517e+00 -2.423213e+00 -2.215414e+00 -5.342455e-01 -3.011273e-02 
1.750765e+01 -1.835996e+00 -5.350930e+00 1.416399e+00 -3.963427e+00 -6.096010e+00 -1.783267e+01 -5.100788e+00 1.089612e+01 7.388794e+00 -1.450226e+01 1.622699e+01 6.469311e-01 -1.019439e+00 1.550801e+00 -3.933292e-02 2.639410e+00 5.501560e+00 -1.567991e+00 -3.305845e+00 1.936997e+00 1.352051e+00 -3.074137e+00 -3.706288e-01 -2.861833e+00 -8.495544e-02 
1.589452e+01 7.621936e-01 -5.509105e+00 2.429331e+00 8.073647e+00 -1.411120e+01 -2.368487e+01 -1.297661e+00 1.281067e+01 5.604250e+00 -1.728844e+01 1.107920e+01 5.823245e-01 -8.183922e-01 1.855773e+00 5.971785e-01 3.633768e+00 3.733789e+00 -2.306801e+00 1.221720e+00 1.079484e+00 -1.841188e+00 -3.075165e+00 1.567694e+00 -4.117267e+00 -1.734934e-01 
1.341473e+01 3.018495e+00 -5.794627e+00 1.203396e+01 8.627913e+00 -9.729855e+00 -1.739664e+01 -1.936495e-01 8.850691e+00 -1.545609e+00 -9.049968e+00 3.098183e+00 3.408898e-01 -2.146323e+00 2.978636e+00 2.023122e+00 2.000721e+00 -7.484453e-01 -1.670105e+00 3.676431e+00 2.076926e-01 -4.476818e+00 -8.367147e-01 5.175128e+00 -2.540798e+00 -2.200399e-01 
1.497456e+01 4.917503e+00 -2.968452e+00 1.308579e+01 4.097705e+00 -1.504399e+01 -7.151948e+00 -1.435045e+00 -6.040108e-01 -1.493965e+00 -7.501242e+00 1.905183e+00 -2.162731e-02 -3.258843e+00 2.881810e-01 3.460779e+00 -8.284073e-01 -2.993197e+00 1.000254e+00 2.437429e+00 -1.099379e+00 -3.560254e+00 -4.089279e-01 4.841355e+00 -1.243605e+00 -1.959417e-01 
7.236012e+00 1.097953e+01 3.494353e+00 6.091773e+00 -5.717683e+00 -1.398014e+01 -7.716976e+00 -3.993633e+00 -4.780634e+00 6.754328e+00 6.479785e+00 8.110011e+00 -1.512926e-01 -4.678865e+00 -3.735025e+00 3.340015e+00 -2.861305e+00 9.048052e-02 2.604426e+00 1.256677e-01 -8.197830e-01 -1.450504e-01 -2.091468e-01 1.711716e+00 -1.140125e+00 -5.622277e-02 
2.689666e+00 -1.777418e+00 7.150302e+00 1.258387e+00 2.804568e-01 -6.984789e+00 -1.633756e+01 -4.894565e+00 1.825059e+00 -5.903583e-01 -8.465439e-01 2.355263e+00 -1.512926e-01 -3.624730e+00 -4.904635e+00 -1.131948e+00 -2.885879e+00 1.410338e+00 2.717910e+00 1.765551e-01 1.979916e+00 1.833080e+00 -4.991228e-01 -4.477106e-01 -2.066743e+00 1.172595e-01 
-3.837150e+00 -1.230917e+01 5.846071e+00 3.641132e+00 1.098894e+01 -7.373250e-01 -1.217550e+01 -2.562805e+00 6.910904e+00 -3.043146e+00 -3.818737e+00 -2.827483e+00 1.246086e-01 -1.372782e+00 -3.772715e+00 -4.327470e+00 -1.559097e+00 1.125205e+00 1.577510e+00 3.768148e-01 2.945564e+00 4.704275e-01 -1.466795e+00 -2.124104e+00 -2.618150e+00 1.968472e-01 
2.387492e+00 -7.961325e+00 -9.804052e+00 -1.182833e-01 2.796084e+00 -8.075847e+00 -4.039912e+00 7.749123e+00 2.715619e+00 9.091581e-01 -4.590534e+00 -2.959784e+00 4.267195e-01 -9.241344e-01 6.899042e-01 -3.685249e+00 -8.457572e-01 -3.713432e-01 -1.194149e+00 -4.141426e-02 2.282755e+00 -7.967284e-01 3.201911e-01 8.300249e-01 -1.440565e+00 2.131319e-01 
5.231905e-01 -4.792091e+00 -9.665818e+00 -1.015379e+00 -1.349470e+00 -5.547061e+00 -1.198173e+01 4.412340e+00 -2.873777e+00 -1.329408e+00 -2.268741e+00 -2.323214e+00 5.439374e-01 -2.467867e+00 1.575648e+00 -5.374055e-01 9.059339e-01 1.026456e-02 -7.285367e-01 -2.140483e+00 3.755188e-01 -7.766198e-01 1.274223e+00 2.646639e+00 1.410338e-01 1.723836e-01 
-4.111176e+00 -2.086437e+00 -3.519999e+00 -6.421436e-01 4.592945e+00 -1.055067e+01 -1.664152e+01 3.031638e+00 2.733757e+00 1.537280e-01 2.528582e+00 -5.099694e+00 7.047024e-01 -4.334477e+00 1.112975e+00 3.367270e+00 2.100782e+00 2.054681e+00 2.864382e+00 -1.392149e+00 -1.457333e+00 6.353312e-01 6.275638e-01 2.055221e+00 -2.372203e-01 1.154943e-01 
-1.292715e+01 -7.368374e+00 1.701725e-02 8.432732e+00 1.014183e+01 -3.142598e+00 -1.657711e+01 1.673531e+00 3.018736e+00 3.705682e+00 5.854899e+00 -1.052359e+00 8.475351e-01 -3.764423e+00 1.149017e+00 3.891666e+00 1.657934e+00 1.228942e+00 3.345130e+00 2.663527e+00 -6.034680e-02 8.303143e-01 -2.590703e-01 2.147856e-01 2.921722e-01 7.740505e-02 
-1.255972e+01 -1.108306e+00 2.190882e+00 5.661570e+00 7.323837e+00 5.043832e+00 -8.702965e+00 1.831860e+00 2.946018e+00 1.529432e+00 1.623751e+00 -4.781313e+00 8.523924e-01 -2.485066e+00 1.432724e+00 2.613995e+00 -3.727870e-01 -1.193261e+00 3.229885e+00 4.729453e+00 5.215545e-01 1.016028e+00 -7.971774e-01 -1.778152e+00 9.907937e-01 3.053055e-02 
-1.407465e+01 4.639281e-01 6.937073e+00 4.122436e+00 3.429793e+00 3.381341e+00 -2.633366e+00 4.710495e+00 1.171664e+00 -3.312611e+00 -7.423973e-01 -1.021543e+00 8.571177e-01 -1.096923e+00 2.441749e+00 1.870440e+00 -2.695600e+00 -2.573213e+00 1.370124e+00 3.708972e+00 -8.043685e-01 5.391442e-01 -1.364311e+00 -2.235086e+00 1.544161e+00 3.749794e-03 
-1.596276e+01 1.161033e+00 6.089946e+00 -3.509309e-01 1.982658e+00 2.336786e+00 3.387594e-02 4.120929e+00 8.737434e+00 -3.230121e-01 -3.063527e+00 -1.611336e-01 8.525639e-01 -1.197850e+00 1.231329e+00 1.564215e+00 -2.158197e+00 -1.716456e+00 5.504978e-01 1.824107e+00 -1.707661e+00 -1.050993e+00 -9.646524e-01 -9.490694e-01 1.940050e+00 4.687029e-03 
-1.671024e+01 3.705699e+00 7.419688e+00 -2.039019e+00 -5.364352e-02 5.061546e+00 -2.400673e+00 -3.492845e+00 2.818748e+00 -2.189653e+00 -2.976890e+00 4.358356e+00 8.661984e-01 -8.433437e-01 7.009596e-01 1.165103e+00 -1.470865e+00 -6.277048e-01 2.006746e+00 1.585440e+00 -2.012683e+00 -1.677924e+00 -1.453615e+00 5.879868e-01 2.320177e+00 4.319960e-03 
-1.723117e+01 3.427454e+00 9.770651e+00 -2.048688e+00 4.832740e-01 6.956219e+00 3.012257e-01 -2.604774e+00 -3.132491e+00 -3.855309e+00 -2.004349e+00 2.228988e+00 8.712872e-01 -1.429369e-01 5.418246e-01 9.894601e-01 -9.854914e-01 -5.141173e-01 1.259067e+00 3.001863e-01 -7.628011e-01 -2.330478e+00 -1.374112e+00 1.400973e+00 8.237921e-01 7.244170e-04 
-1.765716e+01 2.835515e+00 1.092224e+01 -2.383008e+00 1.040961e+00 1.110536e+01 5.160158e+00 -1.990068e+00 -1.282994e+00 -8.814536e+00 1.667948e+00 9.384280e+00 8.693558e-01 -1.403747e-01 -7.578762e-01 8.521537e-02 -1.115671e+00 -3.282445e-01 1.279645e-02 3.331913e-01 5.290917e-01 -2.848278e-01 -2.312856e-02 1.479756e+00 -1.306581e+00 -3.583962e-03 
-1.620398e+01 4.305248e+00 9.285972e+00 -5.106393e+00 -1.135230e+00 5.610214e+00 -2.245608e+00 -4.444652e-01 -8.640862e-01 -3.881128e+00 1.618919e+00 1.444864e+00 8.546072e-01 -4.003853e-01 -1.547050e+00 -4.227069e-01 -1.084524e+00 -8.937511e-01 -7.854987e-01 1.267850e-01 9.557907e-01 5.494002e-01 1.135017e-01 5.512987e-01 -1.493999e+00 -5.070233e-03 
-1.792571e+01 -5.225787e-01 8.088104e+00 -6.088520e+00 -8.856140e-01 5.798531e+00 5.387001e-01 -1.927541e+00 2.604074e-01 -2.292386e+00 2.610255e+00 -1.782490e+00 8.566185e-01 -3.324923e-01 -1.692577e+00 -1.436225e-01 -3.375044e-01 -1.338786e+00 -9.593455e-01 7.606214e-01 1.826030e+00 1.573961e+00 5.980620e-01 -6.495541e-01 -2.525072e+00 -9.621328e-03 
-1.909882e+01 -2.628751e+00 9.074183e+00 -5.618553e+00 -3.022194e+00 5.682138e+00 3.245880e+00 2.142916e+00 -1.157190e+00 -6.548875e+00 2.809908e-01 3.423800e-01 8.523046e-01 -6.457786e-02 -1.551242e+00 3.256396e-01 1.128210e+00 -7.917898e-01 -2.988116e-01 2.095899e+00 1.000590e+00 3.853781e-01 -5.853654e-01 4.913615e-01 -1.526995e-01 -1.683456e-02 
-1.787220e+01 -2.160367e+00 1.031002e+01 -3.814450e+00 -4.709486e+00 6.272667e+00 6.217522e+00 5.846391e+00 6.733362e+00 -4.490353e+00 -9.108588e-01 -2.689836e+00 8.224005e-01 6.201998e-01 -4.834939e-01 7.741377e-01 1.179768e+00 -2.655289e-01 1.655428e-01 2.688291e+00 1.791767e+00 -4.922944e-01 -1.016939e+00 1.232976e+00 8.111479e-01 -1.002123e-02 
-1.655363e+01 -2.632070e+00 9.803212e+00 -6.023778e-01 -3.182244e+00 3.879088e+00 5.394475e+00 6.715188e-01 -2.173673e+00 -5.708972e+00 5.836283e+00 1.135040e+00 7.875435e-01 9.113325e-01 3.027294e-02 5.658105e-01 9.752002e-01 -1.758744e-01 -3.527647e-01 1.540266e+00 3.085629e-01 -8.040531e-01 3.927973e-01 2.464769e+00 1.333147e-01 -1.110103e-02 
-1.609731e+01 -2.938389e+00 1.159428e+01 -2.697769e+00 -2.133234e+00 7.527770e+00 1.290586e+01 7.766994e+00 -1.692823e+00 -7.797030e+00 5.997488e+00 1.876920e+00 8.388929e-01 6.004961e-01 -1.577429e-01 2.217922e-02 8.584070e-01 -6.121013e-02 -2.640093e-01 9.855586e-01 8.874233e-02 -1.726314e+00 1.272493e+00 2.288523e+00 -7.356307e-01 -1.179065e-02 
-1.542961e+01 -2.088375e+00 1.126111e+01 -1.300893e+00 -5.189692e+00 3.290764e+00 7.603041e+00 2.725429e+00 -9.643633e-01 -2.931550e+00 9.150661e+00 -1.274424e+00 7.885532e-01 5.370186e-01 -4.802743e-01 1.326942e-01 1.101634e+00 -9.199576e-01 -1.175967e+00 -8.311462e-01 4.957826e-01 -4.830807e-02 1.733378e+00 -3.505855e-01 -1.481978e+00 -1.844085e-02 
-1.543173e+01 -3.220929e+00 9.691968e+00 8.268426e-01 -4.011812e+00 5.246782e+00 1.004103e+01 5.263147e+00 -2.502861e+00 4.834012e-01 8.874566e+00 -5.163257e+00 7.629423e-01 1.290433e+00 -8.876636e-02 -6.147445e-01 5.019957e-01 -1.181870e+00 -2.054101e+00 -2.933953e+00 -3.635793e-01 6.026542e-01 2.605281e+00 -4.832930e-01 3.053127e-01 -4.410920e-02 
-1.420132e+01 -4.892171e+00 1.141784e+01 3.143488e+00 -6.842743e+00 -8.602533e-01 2.671157e+00 4.402355e+00 -2.010194e+00 -1.182298e+00 2.644816e+00 -2.754761e+00 7.333145e-01 3.237600e+00 6.606415e-01 -8.763682e-01 -6.298092e-01 -3.378126e-01 -1.471770e+00 -2.649458e+00 5.279566e-01 1.200900e+00 1.152391e+00 -1.576720e+00 1.122812e+00 -7.100587e-02 
-1.025929e+01 -1.980323e+00 8.442188e+00 -2.409981e+00 -7.216062e+00 -6.672258e-01 7.020378e-01 5.110634e+00 1.843363e+00 4.354749e+00 6.833946e+00 4.143651e+00 6.459663e-01 4.401267e+00 1.021337e+00 -1.661133e+00 -1.402185e+00 5.702282e-01 -4.941570e-01 -1.902547e+00 8.445898e-01 1.391589e+00 -3.322972e-01 -7.773014e-01 1.213322e+00 -1.066695e-01 
-1.827830e+00 5.945290e-01 7.504155e+00 -2.831527e+00 -5.276631e+00 -1.111080e+00 -9.747543e-01 5.441469e+00 2.867026e+00 8.947327e-01 2.287373e+00 -3.138179e-01 4.920119e-01 4.290842e+00 -1.470220e-01 -2.486611e+00 -1.149057e+00 9.607286e-01 -2.659886e-01 -5.160229e-02 5.220078e-01 2.271014e-01 -1.189680e+00 1.773082e-01 4.769398e-01 -1.130581e-01 
3.878527e-01 -8.575947e-01 3.343143e+00 -3.196577e+00 -1.943727e+00 2.901411e+00 2.351251e+00 8.966539e+00 2.016474e+00 -2.216600e+00 5.166781e+00 -3.171174e-01 3.502463e-01 3.432053e+00 -1.018628e+00 -2.572828e+00 9.531542e-01 1.546773e+00 -7.712609e-01 -1.033736e-01 1.894433e-01 1.841335e-01 -5.777923e-01 9.374250e-01 -1.336398e+00 -1.069093e-01 
1.929315e+00 -6.188645e+00 1.534305e+00 -2.208500e+00 -4.675267e+00 -3.974514e+00 1.588538e+00 5.084441e+00 -9.612424e-01 -3.845024e+00 4.364939e+00 1.860323e+00 3.158840e-01 2.223947e+00 -7.941958e-01 -1.456830e+00 1.662384e+00 1.637007e+00 -1.311713e+00 6.534543e-01 -3.799441e-01 -9.626603e-02 2.919344e-01 1.515964e+00 -3.476625e-01 -7.880029e-02 
5.022403e+00 -3.681875e+00 -1.437029e+00 2.044277e+00 2.171202e-01 -3.091813e+00 -1.096477e+00 6.236365e+00 4.678165e+00 3.835665e+00 1.048229e+01 -3.625411e+00 1.994839e-01 1.738141e+00 -2.214274e-01 -6.044602e-01 1.762682e+00 1.650614e+00 -3.216122e-01 1.432618e+00 -3.330821e-01 -4.803178e-01 2.539997e-01 3.303260e-01 -9.767238e-01 -5.199031e-02 
6.974629e+00 -1.964309e+00 2.610092e+00 2.859969e+00 1.827981e+00 -4.673032e+00 4.016381e+00 4.906836e+00 1.054851e+00 -6.717279e-01 7.209442e+00 -3.979834e-01 1.733916e-01 8.414141e-01 4.672259e-01 -9.602238e-02 1.483866e+00 1.392919e+00 1.325542e+00 2.358757e+00 9.049959e-01 -6.349444e-01 -1.760332e-01 -2.355875e-01 -4.155857e-01 -3.837091e-02 
6.555900e+00 -4.076900e+00 -2.170511e-01 3.082597e+00 3.057719e+00 1.642609e+00 8.300419e+00 7.389932e+00 -1.393162e+00 -2.533250e+00 5.396160e+00 -4.071584e+00 1.615409e-01 2.372864e-01 -2.680712e-01 -3.438474e-01 6.838463e-02 7.521819e-01 1.643845e+00 2.557740e+00 6.126454e-01 -1.060974e+00 -1.458113e+00 -1.054521e+00 1.567638e+00 -1.990994e-02 
5.369637e+00 -3.655003e+00 4.442047e-01 4.691672e+00 8.690264e-01 2.859854e-01 8.683876e+00 9.032638e+00 -1.100302e+00 -1.540732e+00 5.730066e+00 5.480468e-03 1.430010e-01 8.076682e-02 -3.116279e-01 -1.254801e+00 -5.137455e-01 -1.403527e-01 1.363219e+00 -5.305899e-01 -5.937592e-01 2.767940e-01 -4.996077e-01 -7.640795e-01 7.389842e-01 -1.620833e-02 
7.011331e+00 -4.176885e+00 -2.073322e+00 1.470348e+00 4.457507e+00 2.647905e+00 9.358475e+00 7.236691e+00 4.508729e-01 -3.020400e+00 5.949371e+00 4.011049e+00 1.151295e-01 5.375234e-01 5.073023e-02 -1.283881e+00 -2.591703e-02 2.115713e-01 8.957696e-02 -3.212186e-01 -1.479808e+00 1.153746e+00 7.691401e-01 1.770417e-01 3.119106e-01 -1.900475e-02 
7.150747e+00 -3.472456e+00 -2.735777e+00 1.097366e+00 4.263238e-01 1.640413e+00 8.344035e-01 2.014660e+00 1.516803e+00 -2.926192e+00 3.112439e+00 -7.443787e-01 1.155556e-01 4.637135e-01 -3.650799e-01 -1.604152e+00 -5.540954e-01 7.619860e-01 -3.314024e-01 -9.999731e-01 -2.434555e+00 1.024906e+00 1.228126e-01 -7.977711e-01 -2.011071e+00 -1.672899e-02 
8.352962e+00 -3.914522e+00 -5.046463e+00 4.750165e+00 4.336927e+00 1.413280e+00 1.061906e+01 3.499880e+00 3.067017e+00 2.005181e+00 7.590182e+00 -2.137102e+00 8.023977e-02 -8.375211e-02 -8.807032e-01 -1.155207e+00 -5.116940e-01 -7.695686e-01 -1.800712e-01 -4.930804e-01 -8.591642e-01 5.363691e-01 6.864190e-01 -1.230728e+00 -2.187435e+00 -2.275311e-02 
7.017389e+00 -5.611584e+00 -6.089986e+00 2.812862e-01 4.739246e+00 -7.537134e-01 3.053717e+00 -1.271730e+00 2.716155e+00 -3.439460e+00 9.208051e-01 -6.975799e+00 7.680088e-02 -3.071303e-02 -4.049917e-01 -2.829073e-01 -5.741820e-01 -6.915867e-01 -5.678044e-02 1.370756e+00 1.328992e+00 6.863652e-01 1.474309e+00 -1.231862e+00 -1.390250e+00 -2.862427e-02 
6.659250e+00 -7.510837e+00 -6.172250e+00 -6.800822e-01 -1.546797e+00 2.944613e+00 5.783417e+00 4.584064e+00 2.533042e+00 6.683289e-01 8.915490e-01 -3.810418e+00 2.074134e-02 -1.668074e-01 -2.236388e-01 8.252893e-02 -6.409235e-01 -1.413659e+00 -7.816436e-01 -8.073727e-01 -4.767399e-02 4.419184e-03 1.162123e+00 -1.651181e+00 -1.379027e+00 -2.472549e-02 
7.844038e+00 -3.699257e+00 -3.587420e+00 9.415796e-01 -8.974797e-02 5.908442e-01 1.010601e+01 8.117526e+00 5.215617e+00 5.113781e+00 3.024437e-01 -6.858971e+00 2.183497e-03 3.379935e-01 4.641257e-01 -1.017513e-01 5.261979e-02 -1.676378e-01 9.919332e-01 1.370219e+00 8.631132e-01 4.090047e-02 1.389034e+00 -5.453380e-01 -6.064209e-01 -2.854545e-02 
7.105600e+00 -5.988879e+00 -5.885102e+00 1.215401e+00 -3.168700e-01 -3.167217e+00 3.056053e+00 -1.433118e+00 1.839382e+00 3.539176e+00 -3.565409e-01 -9.090649e+00 -6.078959e-03 5.718299e-01 7.717863e-01 -3.687101e-01 3.941063e-01 3.982424e-01 -2.245884e-02 -1.518557e-01 -9.071741e-01 -5.313763e-01 3.310300e-01 -8.122730e-01 -6.480026e-02 -2.809733e-02 
8.484181e+00 -4.051934e+00 -6.742316e+00 -4.033566e-01 3.286094e+00 7.261868e+00 1.126849e+01 6.052427e+00 3.267488e+00 2.070288e+00 -1.181840e+00 -7.367788e+00 -5.251622e-02 4.154864e-01 2.290463e-01 -3.426200e-01 3.444197e-01 5.544761e-01 5.809422e-01 -1.542324e+00 -1.459208e+00 -8.442462e-01 -1.789964e+00 -1.194183e+00 5.733094e-01 -2.353380e-02 
9.198328e+00 -3.475566e+00 -6.438352e+00 1.962918e+00 -1.243505e+00 -5.031937e-01 4.442896e+00 1.080743e+00 8.502254e-01 3.845225e+00 -2.427675e+00 -3.880011e+00 -9.239542e-02 1.367183e-01 3.043691e-01 -1.781138e-01 2.317086e-01 4.045458e-01 4.117597e-01 -1.220843e+00 -1.371593e+00 -4.725173e-01 -1.171095e+00 -6.958832e-01 1.090209e+00 -2.017204e-02 
8.875107e+00 -3.810682e+00 -5.023895e+00 2.289920e+00 3.145951e+00 2.163543e+00 1.700967e+00 -4.354460e-01 1.488964e+00 -3.989065e+00 -4.632905e+00 -6.597743e+00 -7.232726e-02 -5.635656e-01 -4.331927e-01 3.354288e-01 4.437765e-01 2.364741e-01 -1.847423e+00 -2.390949e+00 -2.556677e+00 -1.935276e+00 -2.830028e-01 4.605374e-01 2.075222e+00 -1.914299e-02 
7.593729e+00 -4.587660e+00 -7.634881e+00 1.027306e+00 1.775931e+00 1.440744e+00 1.735601e+00 -5.047148e+00 3.660574e-01 7.133770e-01 -2.110424e+00 -4.024624e+00 -9.703362e-02 -3.857798e-01 -5.422401e-01 3.966224e-01 4.315098e-01 9.666651e-01 -2.043009e-02 -5.978262e-01 -7.733004e-01 -5.076898e-01 3.933021e-01 1.510078e+00 9.183742e-01 -1.554153e-02 
6.468653e+00 -5.661851e+00 -4.466908e+00 2.283332e+00 2.958747e+00 -2.947217e+00 6.673975e-01 -3.667011e+00 -6.166806e+00 2.221198e+00 9.622221e-01 3.080632e+00 -1.459121e-01 8.009644e-02 7.135201e-02 2.892062e-01 -3.820889e-01 -5.678898e-01 9.954464e-02 -5.566610e-01 6.651449e-01 -6.896127e-01 3.041538e-01 5.099634e-01 7.410334e-01 -1.942077e-02 
8.472655e+00 -5.261183e+00 -4.733734e+00 4.123760e+00 3.683422e+00 1.950036e+00 1.970550e+00 -1.169976e+00 2.139662e+00 2.706604e+00 2.325151e+00 -4.127327e+00 -1.333107e-01 4.811197e-01 8.770491e-01 -2.401164e-01 -2.562361e-01 -5.432171e-01 7.148751e-01 -6.609274e-01 1.773812e+00 -6.561480e-01 -6.939657e-01 -7.547437e-01 -4.535208e-02 -7.448184e-03 
8.836125e+00 -3.117161e+00 -5.028438e+00 -1.168752e+00 -6.472442e-01 2.406620e+00 -1.199812e+00 9.516926e-01 -2.845901e+00 -3.464910e+00 -4.300876e+00 -2.841224e+00 -1.512926e-01 6.423485e-01 9.448671e-01 -9.092884e-01 -1.073299e+00 -1.199818e-01 9.508931e-01 -3.445649e-03 1.248912e-01 6.012936e-02 -7.659481e-01 -1.721558e+00 -1.450089e+00 -9.034633e-04 
8.815592e+00 -1.474760e+00 -8.554699e+00 1.472167e+00 8.628409e-01 2.338201e+00 -6.354318e-01 1.512558e+00 -4.575135e+00 8.660233e-02 -3.252594e+00 -1.290457e+00 -1.315843e-01 3.192086e-01 3.494161e-01 -1.103026e+00 -1.438323e+00 1.745267e-01 2.005669e-01 -1.028015e-01 -2.833642e-01 -1.197521e+00 1.034176e-01 -1.749767e+00 -9.036587e-01 -3.596377e-03 
9.508927e+00 -2.830727e+00 -7.102867e+00 -1.757366e+00 3.769128e+00 1.613166e+00 1.953160e+00 -4.383822e+00 -2.508761e+00 -2.985411e-01 -4.856698e+00 -5.588248e+00 -1.512926e-01 4.468051e-01 4.422069e-03 -7.267305e-01 -3.385588e-01 1.176919e+00 2.653105e-01 3.606050e-01 3.424716e-01 8.831106e-01 1.701013e+00 -7.761864e-01 -1.826884e+00 -1.970828e-03 
9.732298e+00 -3.657320e+00 -9.211647e+00 -2.773546e+00 2.347869e+00 3.349597e+00 -1.199436e-01 8.096051e-02 -4.016513e+00 1.640508e+00 -6.145775e+00 -7.272109e+00 -1.512926e-01 3.977809e-01 -7.086341e-02 3.224750e-01 2.339817e-01 8.158824e-01 1.368665e+00 1.663848e+00 1.019944e+00 8.067888e-01 1.016373e+00 -1.217670e-02 -4.776668e-01 -3.941655e-03 
1.061180e+01 -2.003771e+00 -8.333616e+00 -7.386893e-01 4.494838e+00 3.227474e+00 3.454690e-01 3.379849e+00 1.290340e+00 4.263202e+00 -6.735217e+00 -8.984818e+00 -1.512926e-01 2.675194e-01 3.611349e-01 -1.879038e-01 1.187634e+00 -3.415226e-01 -1.104255e-02 1.556194e+00 1.448514e+00 -4.022793e-01 6.787337e-02 3.747161e-01 1.010018e+00 0.000000e+00 
1.025306e+01 -2.242555e+00 -6.326949e+00 2.132737e+00 4.579398e+00 8.374372e+00 8.487652e+00 2.730444e+00 -2.440742e+00 2.887595e+00 -2.374217e+00 -1.980506e+00 -1.512926e-01 1.152437e-02 2.784154e-01 -5.923532e-01 8.452760e-01 2.478272e-01 -9.799564e-01 1.368640e-01 -2.533252e-01 -4.204624e-01 -1.005655e+00 -3.562551e-01 2.689908e-01 0.000000e+00 
1.058614e+01 -1.732435e+00 -9.484735e+00 1.727662e+00 9.457507e-01 -9.544336e-01 5.430332e+00 1.534003e+00 -5.308043e+00 -5.827177e-01 -4.868896e+00 -3.183959e+00 -1.512926e-01 -3.008670e-01 2.071819e-01 -9.666414e-01 -4.783573e-02 3.424268e-02 8.780833e-02 -3.260505e-01 1.835223e-01 -6.442479e-01 -1.417461e+00 -1.792649e-01 6.659512e-01 0.000000e+00 
9.802747e+00 -2.400910e+00 -1.159785e+01 2.196586e-01 5.361548e+00 5.407692e-01 -1.978055e+00 -2.627423e-01 -2.819633e+00 -9.648056e-01 -8.860211e+00 -8.827584e+00 -1.512926e-01 -3.136238e-01 3.002737e-01 -1.311419e+00 -6.101630e-01 -6.346575e-01 -2.112149e-01 -1.962567e+00 5.144541e-01 1.109980e+00 -2.779477e-01 2.621490e-01 1.079469e+00 0.000000e+00 
9.332620e+00 -8.886833e-01 -1.053137e+01 -2.132881e-02 4.274976e+00 7.583317e+00 3.948070e+00 5.794054e+00 -1.741453e+00 -8.979011e-01 -4.388545e+00 -2.231522e+00 -1.512926e-01 -3.158465e-01 1.735210e-01 -6.544921e-01 -1.082158e-01 3.287542e-01 1.052688e+00 -2.935509e-01 2.685374e-01 6.418009e-01 1.165416e+00 1.818520e+00 1.608212e+00 0.000000e+00 
9.311703e+00 -1.163062e+00 -1.236073e+01 -4.358232e-02 -2.585018e-01 3.049422e+00 -5.840516e-01 3.172689e+00 1.325865e+00 1.655448e+00 -1.303648e+00 2.940620e+00 -1.512926e-01 -3.337356e-01 4.435791e-01 -1.443439e-01 -3.645893e-02 -7.083625e-01 3.200263e-01 4.035268e-01 -1.744270e-02 3.221933e-01 2.057620e+00 1.946636e+00 1.565597e+00 0.000000e+00 
9.252432e+00 -1.483753e+00 -1.237576e+01 1.318204e+00 5.399547e+00 3.054678e+00 3.265575e+00 1.158975e+00 -4.171788e+00 3.934238e+00 4.454230e-01 -1.027004e+00 -1.512926e-01 -2.364016e-01 4.443538e-01 -3.933280e-01 -5.000604e-01 -4.377792e-02 -1.682081e-01 2.493682e-01 -7.919680e-01 1.631312e-01 7.776986e-01 -1.785717e-01 -3.749420e-01 0.000000e+00 
8.174162e+00 1.145202e-01 -1.139738e+01 -6.324024e-01 1.257451e+00 4.405221e+00 3.808265e-01 1.967584e+00 6.500244e-03 6.907222e+00 -1.544016e+00 -1.601856e+00 -1.512926e-01 -3.470969e-01 3.699698e-01 5.701103e-02 3.105199e-01 1.403572e+00 9.974591e-01 7.535316e-01 -6.507068e-01 -6.146719e-01 -5.400227e-01 -3.399201e-01 -1.583114e+00 0.000000e+00 
8.719381e+00 6.942946e-01 -1.297969e+01 -2.227221e+00 3.298110e+00 6.064377e+00 4.712472e+00 2.436767e+00 -2.661150e-01 3.647052e-01 -5.161219e+00 -1.834994e+00 -1.512926e-01 -1.464503e-01 1.319882e-01 -4.864318e-01 -2.293170e-01 1.529639e+00 1.574882e+00 2.190577e-01 5.229735e-02 1.731919e-01 -5.097655e-01 8.489911e-02 -6.837379e-01 0.000000e+00 
7.842744e+00 -4.022374e-01 -1.177371e+01 3.281730e+00 7.810078e+00 6.531868e+00 2.460158e+00 -7.197411e-01 -3.700331e+00 7.401010e-01 -1.999269e-01 -4.570956e+00 -1.512926e-01 9.899626e-02 -2.619635e-01 -8.084810e-01 -1.864316e-01 2.350127e+00 1.472247e+00 4.489470e-01 1.920438e-01 -4.104123e-01 -7.722354e-02 8.842875e-01 -3.844723e-01 0.000000e+00 
8.685890e+00 -5.654335e-01 -1.461975e+01 -1.785447e+00 9.771426e+00 9.865762e+00 3.321198e+00 2.764124e+00 -1.452413e+00 4.468971e+00 1.978739e-01 -2.961143e+00 -1.512926e-01 7.761617e-02 -2.682652e-01 -6.126174e-01 -4.183629e-01 1.490798e+00 1.093666e+00 -1.921507e-01 4.138580e-01 -1.246769e-02 1.193740e+00 1.111599e+00 -6.424844e-02 0.000000e+00 
