-9.942448e+00 3.307111e+00 1.030150e+00 7.634555e+00 1.858616e+00 5.096375e+00 6.555089e+00 1.665813e+00 9.495424e+00 1.133903e+01 6.577591e+00 8.827999e+00 -2.449787e-02 -5.886282e-01 -1.854373e-01 1.084125e+00 -4.706891e-01 5.172100e-01 -1.720516e+00 4.913630e-01 -1.684975e+00 -5.108078e-01 -5.585322e-01 -4.556622e-01 -7.357199e-01 -1.177343e-02 
-1.072045e+01 2.552505e+00 5.305824e+00 7.932408e+00 5.740448e+00 1.642158e+00 9.173387e+00 -5.720491e-01 9.954205e+00 1.108170e+01 5.404802e+00 5.923023e+00 -7.693696e-02 -6.958159e-01 4.408254e-02 8.827537e-01 -3.794798e-01 7.855173e-02 -2.309066e+00 -5.293797e-02 -2.517775e+00 -7.053240e-01 -1.760731e+00 -1.124817e+00 -1.083098e+00 -1.223454e-02 
-1.249659e+01 2.757228e+00 4.312939e+00 5.132183e+00 2.503750e+00 -1.779099e+00 7.702755e+00 -5.640128e+00 6.711995e+00 8.675031e+00 4.885675e+00 6.601888e+00 -5.714548e-02 -4.780880e-01 1.206843e-02 -1.154914e-01 -1.227267e+00 -3.814427e-01 -1.439180e+00 -4.819813e-01 -1.859576e+00 -1.141929e+00 -2.139849e+00 -1.723434e+00 -3.462240e-01 -9.759295e-03 
-1.214446e+01 3.802465e+00 3.802525e+00 6.988341e+00 1.928808e+00 -3.011220e+00 5.716566e+00 -7.270089e+00 7.360518e+00 3.867367e+00 1.799463e+00 4.525566e+00 -6.934679e-02 -1.725960e-03 -1.883273e-01 -8.766422e-01 -9.547722e-01 -1.048227e+00 -1.001224e+00 -1.924948e+00 -3.075573e-01 -1.073088e+00 -1.388712e+00 -7.871619e-01 5.476905e-01 -6.138945e-03 
-1.162088e+01 2.742473e+00 1.204343e+00 1.970252e+00 1.857223e+00 2.271621e-01 5.873593e+00 -4.283048e+00 5.082621e+00 4.246947e+00 -2.369104e-01 7.795608e+00 -7.708943e-02 5.054671e-01 -3.071076e-01 -1.897539e-01 -2.450419e-01 -3.071420e-01 -8.844866e-01 -1.462626e+00 1.738944e+00 -8.358836e-02 4.962347e-02 -6.837096e-01 -3.199340e-01 -1.012270e-02 
-1.116693e+01 1.618246e+00 2.476911e+00 4.739513e+00 8.225751e-01 -4.367095e+00 4.632277e-01 -2.788376e+00 5.403450e+00 6.352178e+00 4.030285e+00 8.064615e+00 -9.765971e-02 2.945145e-01 -1.832438e-01 -3.169472e-02 3.685651e-01 2.220325e-01 -4.328877e-01 2.598463e-01 9.253448e-01 2.869186e-01 7.287895e-01 2.683890e-01 2.232177e-01 -3.651929e-03 
-1.045802e+01 2.313800e+00 4.026977e+00 5.031387e+00 1.521157e+00 -5.523595e+00 3.016292e+00 8.137355e-01 7.272587e+00 7.680742e+00 3.517156e-01 3.232693e+00 -9.360254e-02 7.435341e-02 3.183537e-01 8.156274e-02 6.034827e-01 1.568239e-01 -7.020166e-02 1.100602e+00 -2.788486e-01 2.939706e-01 -2.290247e-01 -1.929619e-01 -5.484672e-01 3.005385e-03 
-1.125332e+01 3.100583e+00 2.232734e+00 7.300599e+00 3.207004e+00 -2.300280e+00 8.444448e+00 -5.191757e+00 7.700129e+00 5.794417e+00 2.847095e+00 7.923112e+00 -7.934988e-02 2.934666e-02 3.928664e-01 -4.249835e-02 5.093645e-02 -1.092396e-01 9.591840e-01 1.189564e+00 -1.265022e+00 -2.769060e-01 -1.473360e+00 -1.324598e+00 -8.664304e-01 3.908205e-03 
-1.120592e+01 3.593073e+00 1.734245e+00 3.707122e+00 1.449128e+00 -1.157253e+00 7.385993e+00 -4.475601e+00 5.404135e+00 3.380703e+00 -6.101243e-01 5.124024e+00 -7.121742e-02 -2.751015e-01 -8.549299e-02 -3.829449e-01 -1.143926e+00 -1.228814e+00 7.566998e-02 9.145356e-01 -6.068009e-01 -6.661044e-01 -1.215370e+00 8.750844e-02 -6.528077e-02 2.375197e-03 
-1.064624e+01 2.942941e+00 3.410785e+00 5.656328e+00 3.123913e-01 -1.754345e+00 4.226195e+00 -6.468820e+00 4.953146e+00 1.135399e+00 -2.111784e+00 2.786798e+00 -8.931124e-02 -3.168442e-01 -7.435889e-01 -6.626727e-02 -1.817942e+00 -9.471501e-01 -3.065314e-01 -5.804163e-01 2.922733e-01 -7.343894e-01 -6.706851e-01 -7.481221e-01 -3.562267e-01 -9.171247e-04 
-1.213706e+01 1.965156e+00 1.523227e+00 1.338921e-01 -3.175607e+00 -5.418213e+00 9.698096e+00 -1.581738e+00 5.315557e+00 3.933402e+00 3.268697e+00 5.474446e+00 -7.674587e-02 -4.680866e-01 -5.721816e-01 4.463655e-02 -8.103620e-01 -8.614840e-02 -3.869187e-01 -7.475172e-01 -9.694212e-01 -5.345577e-01 1.380838e-01 -4.161190e-01 1.360077e+00 1.344335e-03 
-1.237197e+01 1.965969e-01 2.006907e+00 -2.497673e-03 7.836208e-01 -1.702457e+00 4.386315e+00 -5.177322e+00 4.072471e+00 2.164643e+00 -2.832927e+00 5.966767e+00 -8.117127e-02 -6.402016e-02 4.043831e-01 1.433659e-01 -2.248089e-01 1.032590e+00 7.146311e-01 -5.615469e-01 1.831192e-01 1.575363e-01 8.612940e-01 -3.935188e-01 5.397350e-01 2.493239e-03 
-1.268349e+01 2.105337e+00 2.659366e+00 2.484725e+00 7.827716e-01 -3.117791e+00 3.568347e+00 -9.968456e+00 3.171684e+00 3.556501e+00 -2.330148e+00 1.033442e+01 -6.856573e-02 3.584635e-01 2.728629e-01 1.511809e-02 7.927622e-01 1.899096e+00 1.549520e+00 -1.398873e+00 7.331979e-02 -4.459255e-01 -4.150979e-01 3.692762e-01 7.195185e-01 -6.638062e-03 
-1.069313e+01 4.894766e+00 3.559544e+00 3.356867e+00 3.496150e+00 6.685994e-01 4.483335e+00 -1.359864e+00 6.812764e+00 5.630320e+00 -1.279955e+00 3.055484e+00 -8.093512e-02 2.937862e-01 5.370917e-01 1.085742e-01 9.722235e-01 3.541102e-01 -1.693743e-01 -4.494364e-01 3.360498e-01 -1.478914e-01 1.900797e-01 2.231361e+00 2.203901e-01 -5.434859e-03 
-1.118416e+01 9.803858e-01 8.224986e-01 2.418020e+00 4.963607e+00 1.143858e+00 2.655220e+00 -3.123867e+00 1.715782e+00 1.250734e-01 4.338592e+00 1.052768e+01 -1.100543e-01 3.734976e-01 6.401028e-02 1.045515e-01 1.275753e+00 1.389495e-01 6.822209e-01 1.554938e+00 1.035543e+00 6.296226e-01 6.922222e-01 1.884372e+00 -4.881024e-02 2.430439e-03 
-1.165270e+01 3.444531e+00 3.468212e+00 4.891972e+00 4.637537e-01 -4.680153e+00 2.595697e+00 -6.919367e+00 4.060965e+00 4.830755e+00 4.989511e+00 6.972090e+00 -8.760130e-02 -8.112908e-04 1.471087e-01 6.167186e-01 1.735928e+00 -1.373320e-01 8.408203e-02 1.500221e+00 -1.656244e-01 1.842492e-01 9.640516e-01 1.982772e+00 1.181834e+00 6.395710e-03 
-1.033622e+01 3.150506e+00 3.227790e+00 8.095940e+00 2.993717e+00 2.967690e+00 1.228686e+01 -2.010989e+00 7.695697e+00 7.417395e+00 3.956976e+00 8.132071e+00 -5.308044e-02 2.831110e-01 7.536525e-01 6.882874e-01 1.684038e+00 5.501239e-01 1.248569e+00 1.012441e+00 3.790472e-01 -7.390580e-02 1.460381e+00 5.866034e-01 2.227660e-01 1.594696e-02 
-1.112116e+01 4.545249e+00 5.440492e+00 9.197550e+00 3.794436e+00 1.770937e-01 7.168620e+00 -2.744425e+00 4.744052e+00 6.804418e+00 8.824716e+00 1.016246e+01 -7.744348e-02 4.689187e-01 1.667120e-01 1.698912e-01 -7.501803e-02 1.051877e+00 2.828814e+00 2.737368e-01 3.120072e-01 -1.685507e-01 5.039378e-01 -3.484449e-01 1.559135e+00 6.126857e-03 
-1.003438e+01 4.198289e+00 3.277796e+00 8.685423e+00 6.048886e+00 4.958082e+00 5.430963e+00 -3.316102e+00 1.004709e+00 6.440149e+00 5.354007e+00 1.004633e+01 -3.539836e-02 7.874519e-01 -5.473745e-01 5.676376e-02 -1.624056e+00 -5.354443e-01 2.292437e+00 -2.485353e+00 -2.122516e+00 -5.745419e-01 -1.175863e+00 -8.418645e-01 -7.179598e-01 2.497935e-02 
-9.459028e+00 3.754200e+00 4.292665e+00 4.222140e+00 4.195556e+00 8.468720e+00 7.392328e+00 -4.706775e+00 6.563705e+00 7.839067e+00 2.548771e+00 1.381064e+01 -6.580806e-02 1.107449e+00 -2.648105e+00 8.345146e-01 -1.416619e+00 -1.460324e+00 1.875393e+00 -2.909698e+00 -1.073168e+00 4.689949e-01 -3.122498e+00 -1.148057e+00 -9.346045e-01 7.933202e-02 
-7.230022e+00 8.091581e-01 4.085522e+00 2.463365e+00 1.159358e-01 1.028406e+01 -2.517605e-01 -1.164240e+01 3.913162e+00 1.020753e+00 2.885626e+00 2.718183e+00 6.599861e-02 5.116363e-01 -2.431718e+00 1.799488e+00 -8.036178e-01 -2.053281e+00 -4.813375e-01 -1.445400e+00 3.991140e-01 6.131897e-01 -3.542272e+00 -8.546539e-02 3.051357e-01 7.794309e-02 
-6.986093e+00 -7.000712e+00 9.209202e+00 5.225482e+00 -5.407088e-01 6.891068e+00 -4.538507e+00 -3.947117e+00 5.634800e+00 -6.098376e+00 4.318622e+00 9.153508e+00 2.685181e-01 -6.893309e-01 -7.000146e-01 1.331203e+00 4.402029e-01 -2.894144e-01 -2.120029e+00 -6.395843e-01 2.160776e+00 9.008588e-01 -1.499945e+00 -4.093206e-01 -4.268748e-01 4.601076e-02 
-8.712668e+00 -2.582844e+00 9.816968e+00 4.165663e+00 -1.849388e+00 3.340220e+00 4.169383e+00 -1.700361e+00 4.535110e+00 -4.302491e+00 4.041754e+00 1.390057e+01 1.871540e-01 -1.075946e+00 1.722274e+00 -2.707016e-02 1.730235e+00 1.982134e+00 -2.649122e+00 2.221359e+00 2.668456e+00 6.421921e-01 1.953826e+00 4.691140e-01 1.063995e+00 -4.258420e-02 
-1.216436e+01 1.950128e+00 8.082954e+00 5.572005e+00 3.731146e+00 1.340498e+00 1.983835e+00 1.126090e+00 1.075702e+01 3.000964e+00 -7.589664e-02 6.085070e+00 1.036680e-01 -5.749288e-01 6.084818e-01 -2.236260e+00 2.428923e+00 2.400878e+00 -2.310424e+00 2.658706e+00 7.423772e-01 -7.081919e-01 3.059641e+00 7.835814e-01 -9.297535e-01 -7.071908e-02 
-1.002062e+01 4.945110e+00 4.513295e+00 1.094128e+01 7.890678e+00 -1.862597e-01 7.593863e+00 -8.367186e-01 4.563010e+00 6.240212e+00 7.428455e+00 9.572378e+00 -6.449735e-02 4.504914e-01 -2.045903e+00 -2.078536e+00 2.660076e+00 2.261230e+00 -2.300738e+00 8.550116e-01 -3.853740e-01 -1.893882e+00 1.184495e+00 1.339832e+00 -1.552504e+00 -1.396322e-02 
-9.206761e+00 -7.722281e+00 6.797361e-01 1.398229e+01 6.593649e+00 -2.897811e+00 7.042782e+00 -6.670523e-01 2.079891e+00 3.928476e+00 6.543178e+00 6.668836e+00 4.074842e-02 1.252232e+00 -2.008033e+00 -1.288661e+00 -1.147808e-01 -1.034675e+00 -1.682204e+00 -1.578493e-02 -8.599030e-01 -2.098059e+00 -1.176688e+00 -2.536864e-01 1.219541e-01 1.577900e-02 
-7.939011e+00 -7.976156e+00 3.125896e+00 1.326090e+01 8.025509e+00 -6.044314e+00 5.914967e+00 -2.730660e+00 -5.957332e-01 1.156227e+00 7.431376e+00 5.846166e+00 1.487977e-01 3.930922e-01 -6.057552e-01 1.995323e-01 -1.364867e+00 -2.842507e+00 7.897543e-01 -2.064422e+00 -1.413437e+00 1.991365e+00 -1.729589e+00 -2.166041e+00 -1.151363e+00 5.750670e-02 
-6.944002e+00 -1.629404e+00 2.333348e+00 3.838289e+00 -1.509647e+00 -4.141497e+00 2.744359e+00 -2.226455e+00 2.846102e+00 -3.404832e-01 -1.345789e+00 8.557947e+00 7.591552e-02 -4.681385e-01 2.693197e+00 1.201575e+00 -5.320393e-01 -1.995736e+00 3.693595e+00 -2.091856e+00 -1.543520e+00 7.301087e-01 -2.342362e+00 -1.436541e+00 -2.962515e-01 4.560309e-02 
-9.186537e+00 -1.130104e+00 4.684151e+00 9.188942e+00 -2.270210e+00 4.384355e+00 -5.790348e-01 -7.124203e+00 1.413673e+01 -2.732515e-01 5.427318e-01 2.871009e+00 2.054526e-01 -7.140940e-01 2.255850e+00 1.639084e-01 9.749705e-01 -1.826235e+00 2.492111e+00 -1.014062e+00 -7.496935e-01 6.424271e-01 -8.028161e-01 -3.619741e-01 -3.512962e-01 2.575604e-02 
-1.092369e+01 2.320679e+00 5.908484e+00 1.335807e+01 1.762830e+00 1.035583e+01 -1.694975e-01 -6.187879e+00 -1.635796e+00 -7.068593e+00 2.804795e+00 6.675157e+00 2.404364e-01 -1.239955e+00 -1.924996e+00 -1.556516e+00 1.684213e+00 4.964279e-01 -1.409328e+00 5.478838e-01 -5.096731e-01 -5.981920e-01 -3.986717e-01 6.075228e-01 -1.896142e-01 5.326556e-02 
-9.519636e+00 1.328055e+00 2.157869e+00 1.337586e+01 -2.741902e+00 -8.324211e-01 2.301585e+00 -4.498415e+00 4.857351e+00 5.062016e-01 3.546214e+00 5.031079e+00 1.953174e-01 -8.098892e-01 -3.268773e+00 -2.479564e+00 -5.552417e-01 2.572657e-01 -4.665824e+00 5.381986e-01 1.774684e-01 -1.887182e+00 5.437430e-01 -8.483259e-01 2.106683e-01 4.269708e-02 
-1.297723e+01 -1.248346e+01 -4.186090e+00 1.016589e+01 1.208338e+00 -8.579750e+00 4.043468e+00 -6.087714e+00 4.494831e+00 -2.723568e+00 1.900844e-01 6.529840e+00 3.473109e-01 -7.989941e-01 -3.670221e+00 -1.767732e+00 -1.938317e+00 -3.536215e-01 -3.849413e+00 7.556270e-01 -1.161315e+00 -2.186198e-01 1.662868e+00 -1.042941e+00 -1.058652e+00 4.524004e-02 
-1.220922e+01 -1.007190e+01 -2.666382e+00 8.008823e+00 -7.066362e-01 -9.476976e+00 5.475998e-03 -6.286943e+00 1.635508e+00 2.729506e-01 -2.391542e+00 3.997008e+00 3.655007e-01 -8.656693e-01 -1.797437e+00 7.262060e-01 -1.349219e+00 1.172339e+00 7.761331e-01 1.524427e-01 -2.984514e+00 -2.898037e+00 -1.299863e-01 -4.554383e-01 -2.644364e-01 4.322946e-02 
-1.357387e+01 -1.033045e+01 -5.180509e-01 6.350006e+00 -1.022911e+00 -4.568962e+00 4.756692e+00 -1.110019e+01 -1.117974e+00 1.362370e+00 5.589662e-01 1.898934e+00 3.815449e-01 -5.536879e-01 4.828245e-01 1.969658e+00 2.374187e-02 9.316480e-01 3.269168e+00 1.623461e+00 -5.386744e-01 -6.737779e-01 1.696217e+00 1.188685e+00 3.228150e-01 1.797291e-02 
-1.354966e+01 -8.735638e+00 3.954880e+00 8.537711e+00 4.235415e+00 1.042850e+00 2.707186e+00 -1.691475e+01 -6.826431e+00 -2.186699e+00 1.084581e+00 6.024351e+00 3.943477e-01 -6.450852e-01 9.996223e-03 6.604916e-01 9.612969e-01 1.530521e+00 2.551773e+00 2.149518e+00 1.642479e+00 2.372938e-01 2.109914e-01 1.143954e+00 -6.240845e-02 1.632535e-02 
-1.507544e+01 -1.073747e+01 2.351566e+00 1.002016e+01 3.395552e+00 2.506180e+00 1.080992e+01 -3.467184e+00 5.356911e+00 6.987344e+00 4.395449e+00 7.130244e+00 4.227520e-01 -5.247671e-01 5.298647e-01 7.175161e-01 7.925998e-01 6.383668e-01 1.264034e+00 1.463972e+00 3.019609e+00 1.480217e+00 7.195007e-01 2.137692e-01 2.588514e-01 1.293442e-02 
-1.468386e+01 -9.818407e+00 -7.987320e-01 1.098023e+01 4.736739e+00 -2.556826e-01 7.726456e+00 -1.891050e+00 -4.154654e-01 -1.484579e+00 1.409984e+00 1.069310e+00 4.265240e-01 -2.568111e-02 1.736438e+00 7.664085e-01 4.607314e-01 -5.749206e-01 -1.098828e-01 3.933954e-01 2.433554e+00 1.505977e+00 -2.288724e-01 -2.821850e-01 5.273032e-01 7.413000e-03 
-1.563061e+01 -7.139744e+00 5.446335e+00 9.091745e+00 1.918262e+00 2.400475e+00 9.566918e+00 -3.513993e+00 3.077626e+00 4.608813e+00 1.465111e+00 5.670711e+00 4.301289e-01 1.766348e-01 1.850357e+00 7.375745e-01 -1.108192e-01 6.280764e-01 6.998060e-01 -2.320018e-01 -6.646407e-01 -1.675413e-02 -9.325358e-01 -5.400816e-01 7.864550e-01 4.549461e-03 
-1.340048e+01 -1.852311e+00 6.239538e+00 1.130557e+01 2.099458e+00 5.462887e-01 5.295662e+00 -4.723574e+00 1.843095e+00 -2.141796e+00 1.138826e+00 9.390634e+00 4.277242e-01 2.528995e+00 5.987453e-01 -2.161051e+00 -1.128143e+00 1.857281e-01 -1.170471e+00 -4.602356e-01 -1.436461e+00 1.191306e-01 -1.336848e-01 -1.034322e-01 5.044731e-01 4.470537e-02 
-1.483396e+01 -5.468731e+00 2.520303e+00 9.303391e+00 7.854575e+00 5.604225e+00 1.086530e+01 -5.374125e+00 4.143860e+00 2.653273e+00 1.830620e+00 6.901858e+00 4.448991e-01 5.141929e+00 4.947596e-01 -4.317435e+00 -5.456828e-01 9.861809e-02 -3.830635e+00 -8.472795e-01 -1.961328e+00 -1.629308e+00 -1.490901e+00 -8.565080e-01 -2.191005e+00 6.220151e-02 
-2.437205e+00 -7.660187e+00 -1.014097e+01 5.233694e+00 2.697223e+00 -7.709915e+00 4.776085e+00 -8.143287e+00 -3.529291e-01 -1.175233e+00 7.100678e-01 2.976102e+00 6.426657e-01 7.387666e+00 7.089218e-01 -1.856637e+00 -6.235610e+00 -2.420567e+00 -1.649347e+00 -9.101185e-01 -4.061395e-01 -4.811438e+00 -6.222236e-01 8.038654e-02 -4.009902e+00 1.096374e-01 
4.597398e+00 -1.762008e+00 -7.950583e+00 9.399271e+00 2.112470e+00 -1.262460e+01 5.590309e+00 -1.161078e+01 -3.970903e+00 -3.328974e+00 -2.603050e+00 -2.077049e+00 6.336657e-01 6.888628e+00 1.507203e+00 1.444941e+00 -8.940422e+00 -3.896312e+00 -2.000439e-01 -1.532022e+00 1.298795e+00 -6.111808e+00 -9.764324e-01 6.163232e-01 -3.724903e+00 1.264762e-01 
1.382217e+01 -1.610638e-01 2.191796e+00 -1.992041e+01 -7.132325e+00 1.413965e+00 3.382567e+00 -3.635946e+00 -1.815672e+01 -2.261790e+00 3.757593e+00 -6.169421e+00 8.815278e-01 3.415940e+00 1.408119e+00 3.568954e+00 -8.807959e+00 -3.262249e+00 2.514315e+00 -5.091645e-01 2.602310e+00 -4.928882e+00 1.873239e-01 5.527400e-01 -2.693287e+00 9.955934e-02 
1.147950e+01 -1.682278e+00 3.578624e+00 -2.282167e+01 -6.712211e+00 4.206526e-02 3.901955e+00 -1.133823e+00 -1.751329e+01 -1.685611e+00 3.388473e+00 -7.149897e+00 9.578493e-01 1.323957e+00 -7.381990e-02 1.925684e+00 -6.706113e+00 -2.870139e+00 2.458441e+00 -7.211039e-01 2.881572e+00 -2.886851e+00 5.283876e-01 3.778576e-01 -1.455653e+00 8.128767e-02 
1.120144e+01 -6.594561e-01 1.939194e+00 -2.269563e+01 -9.201682e+00 -1.471671e+00 3.074440e+00 -3.702154e-01 -1.822615e+01 -1.060295e+00 4.780065e-01 -7.953908e+00 9.783707e-01 -2.414894e-02 -4.406341e-01 -1.755487e-01 -7.893190e-01 -1.202077e+00 4.876900e-02 -3.541995e-01 1.232585e+00 1.781521e-02 4.575090e-01 -1.001983e+00 -5.663603e-01 2.707778e-02 
1.252754e+01 -1.881911e+00 1.804138e+00 -2.274368e+01 -1.120355e+01 1.110423e+00 2.138853e+00 1.164221e+00 -1.837044e+01 -1.287784e+00 9.260312e-01 -8.463072e+00 9.916826e-01 5.064473e-01 4.321937e-02 -1.629813e-01 -3.946644e-01 -1.091885e+00 6.442483e-01 -3.980157e-01 1.010146e+00 2.582749e-01 5.706954e-01 -7.624446e-01 -1.899053e-01 1.053573e-02 
1.317740e+01 -2.264418e+00 2.201295e+00 -2.390600e+01 -1.089704e+01 1.123631e+00 2.493121e+00 1.377955e+00 -1.763906e+01 -1.731586e-01 -2.110120e-02 -8.344635e+00 1.000000e+00 5.030087e-01 3.222139e-01 3.329011e-01 -5.522431e-01 -4.942601e-01 5.968472e-01 -2.375920e-01 9.291750e-01 8.846546e-01 4.827705e-01 -2.203604e-01 -1.550721e-01 3.816032e-03 
1.302376e+01 -6.637006e-01 2.632667e+00 -2.418981e+01 -1.132395e+01 1.965656e+00 2.202536e+00 3.042822e+00 -1.651546e+01 7.242982e-01 -1.741960e-01 -7.904059e+00 9.997133e-01 3.871098e-01 8.744753e-01 4.198273e-01 -2.157257e-01 -5.139861e-01 1.998485e-02 -2.669338e-01 7.060933e-01 1.262408e+00 5.826816e-01 -3.626292e-01 -2.538772e-01 -3.025997e-03 
1.346838e+01 3.425081e-01 3.189435e+00 -2.473379e+01 -1.161278e+01 1.084949e+00 1.854639e+00 3.336359e+00 -1.473037e+01 3.475164e-01 -7.368208e-02 -9.008775e+00 9.934355e-01 3.889939e-01 1.226688e+00 5.784773e-01 1.285393e-01 -4.780987e-01 -1.288778e-01 6.289339e-02 2.074474e-01 1.867010e+00 6.019357e-01 -1.977738e-01 -2.746632e-01 -8.792234e-03 
1.431760e+01 1.187002e+00 3.409205e+00 -2.340842e+01 -1.341561e+01 1.229688e+00 1.123425e+00 3.715486e+00 -1.351275e+01 1.365287e+00 -8.608243e-01 -9.400388e+00 9.798349e-01 4.535917e-01 9.677033e-01 7.785958e-01 2.318268e-02 -1.550115e-01 -5.478138e-01 1.146474e-02 -8.718171e-02 2.150378e+00 3.649701e-01 -1.477090e-01 -5.097941e-01 -1.142566e-02 
1.447545e+01 2.943673e+00 4.705412e+00 -2.365400e+01 -1.224171e+01 8.472260e-01 3.347143e+00 2.078861e+00 -9.805366e+00 2.516026e+00 -6.666558e-01 -8.969787e+00 9.659780e-01 2.039032e-01 1.075571e+00 5.674729e-01 4.244290e-02 -1.040170e-01 -4.610708e-01 -1.077457e-01 4.140883e-02 1.856407e+00 1.851715e-01 4.958422e-02 -4.597731e-01 -1.129904e-02 
1.478818e+01 2.874234e+00 5.767657e+00 -2.461379e+01 -1.178455e+01 -6.545517e-01 1.513608e+00 3.235662e+00 -8.226066e+00 1.464894e+00 -6.162544e-01 -1.047252e+01 9.563137e-01 -1.021750e-01 1.318147e+00 1.437101e-01 -9.396744e-03 -1.442524e-01 -4.491653e-01 -1.828721e-01 -2.848101e-03 1.532315e+00 1.742096e-01 -1.453526e-01 -3.472506e-01 -9.323609e-03 
1.425261e+01 4.876749e+00 4.847573e+00 -2.391889e+01 -1.294840e+01 -2.782850e-01 1.120819e+00 3.783315e+00 -8.091673e+00 1.223570e+00 5.195402e-02 -1.077157e+01 9.487009e-01 -2.139670e-01 1.186292e+00 -4.010681e-01 3.917450e-01 -3.631156e-01 -4.312672e-01 -4.567471e-01 6.199484e-02 1.231239e+00 3.836986e-01 -7.473776e-01 -9.395685e-02 -6.961036e-03 
1.391815e+01 6.811197e+00 4.056674e+00 -2.332296e+01 -1.378353e+01 -4.533829e-01 1.322227e+00 2.849018e+00 -6.708021e+00 2.882562e+00 -1.946892e+00 -1.023575e+01 9.418554e-01 -1.688585e-01 9.726465e-01 -4.343834e-01 5.744591e-01 -5.245113e-01 -1.964562e-01 -1.189549e-01 -7.154723e-02 1.084022e+00 5.138012e-01 -9.073085e-01 2.709702e-01 -5.903953e-03 
1.384063e+01 6.906651e+00 3.555563e+00 -2.234069e+01 -1.305780e+01 -1.409694e+00 1.159098e+00 2.582157e+00 -4.408195e+00 3.725684e+00 -3.738225e+00 -9.557959e+00 9.384020e-01 -9.922218e-02 5.815406e-01 -1.309729e-01 3.181858e-01 -5.904592e-01 5.121888e-02 5.836429e-02 5.742330e-02 6.596910e-01 4.221581e-01 -6.518422e-01 3.040487e-01 -5.290210e-03 
1.414988e+01 6.722515e+00 4.241745e+00 -2.253059e+01 -1.435240e+01 -1.071128e+00 8.996935e-01 3.478505e+00 -4.647693e+00 2.782843e+00 -3.257707e+00 -9.724480e+00 9.319434e-01 -2.197752e-02 1.968251e-01 2.873912e-02 2.046478e-01 -6.142622e-01 3.182119e-01 1.936150e-01 1.311869e-01 1.946089e-01 9.989712e-02 2.155750e-02 3.017739e-01 -5.283141e-03 
1.364063e+01 7.828793e+00 4.100173e+00 -2.272414e+01 -1.561625e+01 2.866820e-01 1.623907e+00 3.755688e+00 -5.823382e+00 3.384220e+00 -2.551849e+00 -9.506963e+00 9.272059e-01 -4.835653e-02 1.518725e-01 -2.583326e-01 4.270142e-01 -8.892750e-01 4.010774e-01 2.934789e-01 -1.095461e-01 -1.870133e-01 -3.544732e-01 4.505684e-01 1.829269e-01 -5.644965e-03 
1.390826e+01 7.334251e+00 3.928065e+00 -2.210799e+01 -1.557561e+01 2.894881e-01 2.057898e+00 2.918187e+00 -5.027383e+00 3.552780e+00 -2.432293e+00 -8.752377e+00 9.210378e-01 -9.403048e-02 -2.769880e-02 -7.074867e-01 8.601725e-01 -5.892174e-01 3.172041e-01 3.077931e-01 -3.156358e-01 -1.793526e-01 -3.110900e-01 5.173610e-01 1.978156e-01 -4.549879e-03 
1.371966e+01 7.360145e+00 2.420741e+00 -2.041692e+01 -1.689257e+01 -8.461505e-02 2.047390e+00 2.314586e+00 -5.153417e+00 1.568350e+00 -1.898090e+00 -9.129375e+00 9.156300e-01 -4.443998e-02 -4.647284e-01 -8.395827e-01 1.194907e+00 -2.868095e-01 2.798129e-01 3.611590e-01 -9.656696e-02 -6.528568e-03 -8.056538e-01 9.568580e-01 1.515555e-01 -1.804698e-03 
1.364021e+01 6.818345e+00 1.544029e+00 -1.938334e+01 -1.666033e+01 7.005412e-01 2.226917e+00 2.620877e+00 -5.879438e+00 2.135329e+00 -9.977820e-01 -8.924195e+00 9.149820e-01 -1.273825e-01 -6.762466e-01 -1.166743e+00 1.211174e+00 -5.866089e-02 8.814133e-01 4.114377e-01 5.017649e-01 -7.086813e-01 -8.059890e-01 1.401939e+00 3.211991e-01 2.928293e-03 
1.355245e+01 5.763104e+00 1.094278e+00 -1.811193e+01 -1.650794e+01 1.480220e+00 3.345192e+00 3.421508e+00 -5.429997e+00 6.467724e-02 1.515186e+00 -8.663276e+00 9.212103e-01 -1.672001e-01 -1.235057e+00 -1.491452e+00 1.205174e+00 4.238743e-01 1.395352e+00 6.513146e-01 7.942628e-01 -1.425739e+00 -9.638737e-01 2.203175e+00 4.428679e-01 8.494580e-03 
1.335495e+01 4.751539e+00 -1.242417e+00 -1.720461e+01 -1.606123e+01 3.914137e+00 3.466185e+00 4.873550e+00 -8.432499e+00 2.746716e-01 2.870766e+00 -7.379431e+00 9.328891e-01 -1.529300e-01 -1.525589e+00 -2.028854e+00 1.411876e+00 8.220530e-01 1.307191e+00 5.628108e-01 5.550128e-01 -1.709431e+00 -1.802036e+00 2.813511e+00 8.265405e-01 8.915705e-03 
1.302629e+01 2.218261e+00 -3.643294e+00 -1.548041e+01 -1.507275e+01 5.285348e+00 4.684330e+00 5.159563e+00 -1.100558e+01 -2.320690e+00 7.183513e+00 -7.687418e+00 9.491493e-01 -3.456907e-02 -1.602618e+00 -2.179125e+00 1.697071e+00 1.381315e+00 7.037168e-01 1.231479e-01 7.213744e-01 -1.685888e+00 -2.049369e+00 2.820328e+00 1.151490e+00 3.033364e-03 
1.313865e+01 9.628247e-01 -6.231458e+00 -1.363972e+01 -1.326766e+01 5.333932e+00 4.371403e+00 4.526914e+00 -1.163880e+01 -5.682168e+00 1.023561e+01 -5.279422e+00 9.455910e-01 1.590256e-01 -1.513944e+00 -1.961082e+00 1.873414e+00 2.187607e+00 -2.048201e-01 -5.835183e-01 1.202669e+00 -8.513573e-01 -2.607192e+00 2.637558e+00 1.255585e+00 -1.507026e-03 
1.348776e+01 -3.556272e-01 -7.306826e+00 -1.140902e+01 -1.099815e+01 4.288906e+00 3.508323e+00 7.201698e+00 -1.225629e+01 -7.203750e+00 1.193440e+01 -3.955830e+00 9.300262e-01 3.415212e-01 -1.289113e+00 -1.951780e+00 1.701941e+00 3.280344e+00 -5.839934e-01 -1.959300e+00 1.890663e+00 -5.353689e-02 -1.804432e+00 1.221422e+00 1.405854e+00 -1.164973e-03 
1.391934e+01 -1.531239e+00 -9.216061e+00 -9.873238e+00 -7.160496e+00 3.388258e+00 1.136597e+00 9.865826e+00 -1.206393e+01 -1.031976e+01 1.368311e+01 -2.967298e+00 9.349155e-01 3.310561e-01 -1.242781e+00 -1.811460e+00 1.202227e+00 4.080924e+00 -3.260061e-01 -3.846579e+00 2.471371e+00 4.552000e-01 -4.074632e-01 -1.202298e-01 4.421420e-01 2.294183e-04 
1.434355e+01 -2.980273e+00 -1.190989e+01 -8.853953e+00 -1.724613e+00 3.338218e+00 -3.494768e+00 1.194342e+01 -1.106070e+01 -9.024056e+00 1.156687e+01 -1.814207e+00 9.486622e-01 2.296351e-01 -9.788100e-01 -1.811430e+00 8.213280e-01 4.310466e+00 4.749429e-01 -5.366218e+00 1.771088e+00 1.356661e+00 7.297403e-01 -9.039488e-01 -6.633128e-01 1.299351e-03 
1.436603e+01 -3.938756e+00 -1.298723e+01 -8.906119e+00 2.500185e+00 4.179246e+00 -1.135995e+01 1.451291e+01 -9.960597e+00 -6.809330e+00 9.818227e+00 -4.139524e+00 9.374201e-01 1.294682e-01 -6.579972e-01 -1.399903e+00 4.535444e-01 4.205956e+00 9.587137e-01 -5.462224e+00 6.525257e-01 1.751009e+00 2.069738e+00 -1.582989e+00 -1.291150e+00 -1.938224e-04 
1.441259e+01 -4.045918e+00 -1.447839e+01 -7.785939e+00 5.723843e+00 6.268126e+00 -1.707449e+01 1.373360e+01 -6.524647e+00 -5.310263e+00 9.347102e+00 -6.686282e+00 9.352707e-01 2.568884e-02 -2.937721e-01 -1.070452e+00 3.699496e-01 3.434591e+00 1.128537e+00 -4.414004e+00 -1.065603e-01 1.172693e+00 3.057287e+00 -2.029613e+00 -1.282009e+00 -1.887167e-03 
1.453216e+01 -4.288402e+00 -1.493132e+01 -8.139523e+00 1.014506e+01 6.716871e+00 -1.938466e+01 1.223337e+01 -5.576914e+00 -1.827967e+00 6.878050e+00 -6.987012e+00 9.406422e-01 -6.571331e-02 -4.510985e-02 -9.631191e-01 2.135920e-01 2.779875e+00 5.801600e-01 -2.656264e+00 -8.944437e-01 8.904979e-01 2.990985e+00 -2.334270e+00 -8.556298e-01 -3.523457e-03 
1.438893e+01 -4.274310e+00 -1.629010e+01 -7.387504e+00 1.162590e+01 7.712091e+00 -2.155243e+01 1.255039e+01 -7.389075e+00 3.771694e+00 2.888894e+00 -6.800507e+00 9.376153e-01 -1.922154e-01 4.772472e-02 -6.447519e-01 1.277297e-01 1.688275e+00 3.349470e-01 -2.110454e+00 -3.830557e-01 1.700361e-01 2.679886e+00 -2.342591e+00 -5.868416e-01 -8.428949e-03 
1.404930e+01 -4.050109e+00 -1.689697e+01 -8.037377e+00 1.344853e+01 6.358064e+00 -2.240230e+01 1.063229e+01 -5.075893e+00 3.604615e+00 1.375978e+00 -8.360560e+00 9.186305e-01 -2.609387e-01 -6.971645e-02 -5.459957e-02 8.776951e-02 6.484039e-01 5.055256e-02 -1.901710e+00 5.634518e-02 1.535743e-01 1.735594e+00 -1.672572e+00 -6.510269e-01 -1.348066e-02 
1.369295e+01 -3.926441e+00 -1.671933e+01 -7.198363e+00 1.251348e+01 8.122266e+00 -2.611794e+01 1.261886e+01 -5.924976e+00 5.372876e+00 3.851836e-01 -8.933716e+00 9.041318e-01 -3.348516e-01 -3.004767e-01 4.695929e-01 3.831158e-02 5.015831e-02 -4.617045e-01 -1.857580e+00 4.026861e-01 3.151911e-01 6.552458e-01 -1.331876e+00 -3.094643e-01 -1.448917e-02 
1.357546e+01 -4.810919e+00 -1.498971e+01 -7.795245e+00 1.294329e+01 6.764547e+00 -2.661046e+01 1.248086e+01 -5.541092e+00 6.049412e+00 -2.329568e-01 -9.175542e+00 8.899806e-01 -2.551937e-01 -6.962142e-01 7.218895e-01 2.704517e-01 -6.982225e-01 -8.261730e-01 -1.827405e+00 7.604679e-01 7.016754e-02 2.885872e-01 -1.721946e+00 9.805460e-02 -1.191295e-02 
1.295159e+01 -5.396289e+00 -1.489577e+01 -7.317012e+00 1.212932e+01 5.200327e+00 -2.873626e+01 1.363954e+01 -5.580521e+00 5.825524e+00 -2.966018e+00 -7.940337e+00 8.794944e-01 -2.238822e-01 -6.762041e-01 4.460428e-01 5.866119e-01 -1.317620e+00 -1.631994e+00 -1.209951e+00 4.023392e-01 5.348986e-01 -5.624593e-01 -2.531238e+00 4.054318e-02 -1.201756e-02 
1.314401e+01 -6.796256e+00 -1.419930e+01 -6.625794e+00 1.014950e+01 3.688168e+00 -3.023017e+01 1.392429e+01 -4.897284e+00 4.821227e+00 -5.558152e+00 -8.366977e+00 8.713844e-01 -2.149788e-01 -3.623106e-01 2.359757e-01 9.798244e-01 -1.932365e+00 -1.909800e+00 -9.389607e-01 1.993193e-01 6.638503e-01 -1.488777e+00 -3.545342e+00 -6.525946e-02 -1.432758e-02 
1.278926e+01 -6.314793e+00 -1.488432e+01 -4.850029e+00 7.322277e+00 1.500486e+00 -3.035784e+01 1.390884e+01 -3.572388e+00 3.174672e+00 -9.608406e+00 -9.135283e+00 8.533421e-01 -2.255484e-01 1.960750e-01 7.034186e-01 1.100306e+00 -2.358138e+00 -2.495961e+00 1.019466e-01 -7.431852e-01 6.270556e-01 -2.493867e+00 -3.414498e+00 -2.233133e-01 -2.632799e-02 
1.258173e+01 -6.163219e+00 -1.381555e+01 -4.129615e+00 5.684981e+00 -9.345338e-01 -3.049447e+01 1.334281e+01 -3.225907e+00 -6.904817e-02 -1.463847e+01 -8.904366e+00 8.314189e-01 -4.437165e-01 6.486140e-01 8.016952e-01 1.422775e+00 -2.540122e+00 -2.929580e+00 7.403820e-01 -2.485387e+00 4.070850e-01 -4.192814e+00 -2.524937e+00 -6.615170e-01 -3.817460e-02 
1.210498e+01 -4.732432e+00 -1.157055e+01 -3.063570e+00 2.570888e+00 -4.968129e+00 -2.809437e+01 1.021436e+01 -3.280931e+00 -4.198672e+00 -1.549835e+01 -8.788209e+00 7.678372e-01 -5.491366e-01 3.045303e-01 2.145488e+00 2.370958e+00 -1.159586e+00 -2.174371e+00 1.416677e+00 -2.839212e+00 -1.463566e+00 -4.249443e+00 -6.659659e-01 3.335494e-01 -4.695239e-02 
1.126756e+01 -4.344367e+00 -1.184771e+01 -4.051499e-01 -1.754138e-01 -7.725428e+00 -2.765999e+01 3.344596e+00 -3.007587e+00 -1.245617e+01 -1.523786e+01 -1.184810e+01 7.232639e-01 -5.913329e-01 3.054073e-01 2.641577e+00 3.352144e+00 -3.004784e-01 -8.774548e-01 1.394655e+00 -3.397400e+00 -3.318341e+00 -2.957615e+00 6.301863e-01 1.460296e+00 -4.985974e-02 
1.070066e+01 -5.701568e+00 -5.140802e+00 5.142529e+00 4.454542e+00 -5.975920e+00 -2.469169e+01 4.711883e+00 -1.099938e+01 -1.187898e+01 -1.263854e+01 -5.995669e+00 6.726576e-01 -8.192304e-01 4.267079e-01 2.654933e+00 4.233411e+00 -4.694776e-01 -1.095645e+00 2.691375e+00 -3.550706e+00 -3.461774e-01 -1.639753e+00 1.228908e+00 1.827282e+00 -5.556148e-02 
1.032722e+01 -4.151615e+00 -3.822544e+00 8.528056e+00 3.240762e+00 -4.817912e+00 -2.522253e+01 -8.929548e-01 -1.595839e+01 -1.101697e+01 -1.291745e+01 -2.999157e+00 6.297100e-01 -1.333092e+00 1.443200e-01 2.108855e+00 3.302509e+00 -1.139314e+00 -2.397327e+00 3.533913e+00 -3.335828e+00 1.021424e+00 -5.780137e-01 1.816085e+00 2.036253e+00 -7.672289e-02 
8.479001e+00 -2.695268e+00 -2.308467e+00 1.363688e+01 -1.484588e+00 -1.190011e+01 -1.585623e+01 -5.420397e+00 1.463584e+00 -1.311704e+01 -1.051402e+01 -4.076271e+00 5.368068e-01 -2.254839e+00 -4.762998e-01 7.399418e-01 1.682098e+00 -1.807155e+00 -3.022512e+00 4.249553e+00 -2.670902e+00 2.889846e+00 -5.742751e-01 2.651649e+00 6.114336e-01 -9.407813e-02 
5.712931e+00 -5.125916e+00 -2.719603e+00 1.186022e+01 -2.902417e+00 -1.674996e+01 -1.440816e+01 -8.268403e+00 -4.131946e+00 -1.472721e+01 -7.219701e+00 -2.626532e+00 4.075748e-01 -3.208942e+00 -2.284344e+00 1.089697e-01 1.035968e-01 -6.830251e-01 -1.114468e+00 5.226158e+00 3.023987e-01 3.276831e+00 -1.173574e-01 2.723003e+00 6.258116e-01 -8.479580e-02 
1.733612e+00 -7.595916e+00 -1.992564e+00 1.188694e+01 -1.509645e+00 -1.512245e+01 -8.851112e+00 -4.954905e+00 -2.463371e+00 -1.289524e+01 -2.229165e+00 -3.124813e+00 3.133345e-01 -2.838968e+00 -2.687691e+00 -9.255287e-01 -8.274624e-01 8.541021e-01 2.171412e+00 4.820748e+00 3.073959e+00 1.594980e+00 1.580888e+00 2.701952e+00 7.038999e-01 -5.411070e-02 
-2.344790e+00 -1.312301e+01 -3.435647e+00 9.921013e+00 -1.618350e-01 -8.779081e+00 -2.594298e+00 3.862925e-01 2.389241e+00 -1.171466e+01 -3.444858e+00 -3.458273e-01 3.174671e-01 -1.865986e+00 -1.672266e+00 -8.645214e-01 -7.935106e-01 1.151673e+00 3.578564e+00 4.260852e+00 3.491671e+00 3.945283e+00 1.575932e+00 8.654268e-01 1.448025e+00 -2.131791e-02 
-1.686977e+00 -1.213518e+01 -6.578088e+00 1.046918e+01 1.415632e+00 -5.028498e+00 2.340581e+00 5.622050e+00 6.177891e+00 -6.718874e+00 1.108320e+00 -1.697124e+00 3.113071e-01 -9.601951e-01 -3.434741e-01 1.924093e-01 -7.460108e-02 3.090688e-01 2.462167e+00 2.509514e+00 1.772862e+00 4.355462e+00 1.729694e+00 8.295496e-02 1.375303e+00 -2.012967e-02 
-1.906705e+00 -1.121761e+01 -4.749448e+00 8.601546e+00 1.393310e+00 -3.904125e+00 1.300251e+00 3.901473e+00 1.127384e+01 -9.935732e+00 -4.561309e+00 3.899748e+00 3.019990e-01 -5.194010e-01 8.657157e-01 8.109612e-01 7.067572e-01 3.306107e-01 1.366453e+00 1.468665e+00 5.718273e-01 3.450438e+00 1.644821e+00 -1.533988e-01 1.321298e-01 -3.618925e-02 
-3.286406e+00 -1.026599e+01 -3.736174e-01 1.217367e+01 -7.418730e-01 -5.249099e+00 1.749185e+00 2.151814e+00 1.487164e+01 -5.136229e+00 -1.256164e+00 1.628914e+00 2.204202e-01 -5.306490e-01 1.069734e+00 1.557542e+00 2.871757e-01 -3.296942e-01 -9.403257e-01 -9.171093e-01 -8.453788e-01 9.163150e-01 -2.953216e-01 -1.564226e+00 -1.361297e+00 -4.004996e-02 
-4.142080e+00 -9.729031e+00 -2.483076e+00 1.260255e+01 2.569971e+00 -1.836515e+00 5.044723e+00 4.980547e+00 1.529455e+01 -4.281874e+00 -3.029610e+00 -1.348197e+00 1.819643e-01 -9.152956e-02 1.778709e+00 1.382564e+00 6.737770e-01 7.952072e-01 -9.279318e-01 -1.456496e+00 -4.535863e-01 -3.455558e-01 8.399407e-01 -1.081736e+00 -2.759881e+00 -3.453641e-02 
-3.222534e+00 -7.530800e+00 7.643485e-02 9.904551e+00 -8.211701e-01 -1.076393e+01 -4.117202e+00 8.556194e-01 8.749107e+00 -1.102241e+01 -7.478660e+00 -5.879635e+00 1.710747e-01 4.739519e-01 2.230987e+00 2.980768e-01 -4.880990e-01 1.033639e+00 2.245030e-01 -1.356024e+00 -1.124618e+00 -9.304882e-01 1.967362e-01 -9.438078e-01 -8.357716e-01 -3.530742e-02 
-2.396288e+00 -3.691664e+00 1.938348e+00 1.310499e+01 5.408994e+00 -5.786368e+00 -3.049035e+00 2.281639e+00 1.260733e+01 -2.792937e+00 -6.858742e+00 -6.145384e+00 1.539897e-01 2.683497e-01 1.940191e+00 -3.686211e-01 -1.229901e+00 2.651280e-01 5.464250e-01 -2.976960e-01 -7.396387e-01 8.827639e-03 1.095638e+00 1.334026e-01 4.542757e-01 -3.799985e-02 
-1.789542e+00 -2.129734e+00 -1.093945e+00 9.481954e+00 3.006809e+00 -2.151657e+00 -9.840574e-01 -2.121822e+00 1.156281e+01 -4.897016e+00 -4.060637e+00 -1.513510e-01 5.787045e-02 -3.822789e-01 1.686479e+00 -4.672266e-01 -1.460697e+00 6.834475e-01 2.216538e+00 1.911055e+00 -7.912647e-01 9.666729e-02 2.014528e+00 1.846079e+00 2.043919e+00 -4.516505e-02 
-3.516828e+00 -2.728611e+00 -3.740991e+00 6.664345e+00 1.981621e+00 -3.410527e+00 1.989671e+00 2.771074e+00 1.393184e+01 -1.866383e+00 -4.071608e+00 -1.940961e+00 4.856718e-02 -3.852187e-01 1.700844e+00 -1.426318e-01 -1.691284e+00 4.189474e-01 1.870864e+00 2.185863e+00 -3.066697e-01 -9.951901e-02 5.293853e-01 1.622577e+00 2.120336e+00 -4.153404e-02 
-4.573659e+00 4.200709e-01 5.799716e-01 5.821387e+00 4.309753e+00 -8.691613e-01 2.918722e+00 -3.345422e+00 8.570187e+00 -1.413050e+00 3.581662e-01 2.237747e+00 -2.039313e-03 -1.202848e-01 1.839056e+00 5.234677e-01 -1.092468e-01 5.888041e-01 1.004793e+00 2.294194e+00 -3.773477e-01 -1.617773e+00 1.264847e+00 1.245095e+00 1.174024e+00 -2.335824e-02 
-2.930324e+00 3.537654e+00 3.882306e-01 6.478854e+00 6.852259e+00 2.926706e+00 5.928888e+00 1.360090e+00 1.360604e+01 -1.887993e+00 -9.552594e-01 3.261747e+00 -2.372563e-02 -2.871151e-02 2.202755e+00 1.505373e+00 6.252823e-01 1.379311e+00 1.487396e+00 1.910442e+00 -1.496432e+00 -1.956781e+00 7.569029e-01 1.199451e-01 9.665089e-01 -2.002668e-02 
-2.684218e+00 3.932412e+00 -5.412180e-01 9.028465e+00 3.515511e+00 -2.963100e-01 8.517305e+00 -3.303069e+00 3.636844e+00 1.438026e+00 6.066613e-01 3.117414e+00 -2.277434e-02 2.277718e-02 2.063347e+00 1.138069e+00 4.954782e-01 1.335971e-01 9.342238e-01 1.074585e+00 -1.246743e+00 -2.332828e+00 7.970367e-01 -1.425857e+00 -1.066740e-01 -8.841288e-03 
-4.605105e+00 6.528996e+00 4.346466e+00 8.187218e+00 9.275296e+00 3.740026e+00 8.742589e+00 -4.732262e+00 6.614606e+00 4.925934e-01 -3.596130e+00 2.451751e+00 -4.119873e-02 -4.017796e-01 1.768355e+00 1.922678e+00 9.151012e-01 -9.252697e-01 5.719187e-01 8.093088e-01 -9.514166e-01 -2.492633e+00 -6.436245e-02 -2.156796e+00 -1.060442e+00 -5.459130e-03 
-3.622382e+00 9.241135e+00 4.291200e+00 7.444597e+00 3.766221e+00 3.395297e+00 6.884796e+00 -6.532959e+00 4.017665e-01 1.381840e+00 -5.450686e+00 2.109376e+00 -3.750920e-02 -2.056469e-01 1.415377e+00 1.745062e+00 -2.918168e-01 -8.497460e-01 9.201632e-01 1.090437e+00 1.479478e+00 -3.486852e-01 -1.114570e+00 -1.290147e+00 -6.938184e-01 -7.534110e-03 
-4.470140e+00 9.725066e+00 7.585410e+00 1.184629e+01 2.100555e+00 3.940496e+00 1.079169e+01 -1.782047e+00 2.760415e+00 -2.181712e+00 -8.710567e+00 -1.536443e+00 -4.365385e-02 -2.439213e-03 7.630076e-01 6.176940e-01 3.765498e-01 -3.813571e-01 -5.911424e-02 7.749830e-01 1.149725e+00 2.496120e-01 3.707224e-01 8.468443e-01 9.297997e-01 -5.388892e-03 
-3.779936e+00 9.411261e+00 6.564621e+00 5.739842e+00 2.854151e+00 4.204271e+00 1.294494e+01 2.619214e+00 3.820514e+00 -2.797671e+00 -3.286854e+00 1.642418e+00 -5.921733e-02 -3.718119e-02 4.654303e-01 8.228243e-01 1.416856e-01 1.276429e+00 1.940669e-01 2.279411e-01 7.732751e-01 1.777419e+00 2.837380e-01 1.353882e+00 1.638516e+00 -3.687823e-03 
-4.538525e+00 1.025897e+01 6.298225e+00 1.092234e+01 7.824545e+00 3.039968e+00 9.587433e+00 -3.559723e+00 6.153293e+00 4.435961e+00 -4.438241e-01 7.334228e+00 -5.728912e-02 6.862297e-02 2.317977e-01 2.467557e-01 -5.794497e-01 1.017539e+00 2.031721e-01 -5.718734e-01 -7.247381e-01 5.752187e-01 9.464510e-01 1.404052e+00 1.752160e+00 -4.838347e-04 
-3.774096e+00 1.130133e+01 9.048914e+00 8.615000e+00 7.286370e+00 4.815895e+00 8.626629e+00 -1.777746e+00 7.592425e+00 -5.083070e-01 -2.814649e+00 5.866622e+00 -4.913068e-02 -2.922446e-01 -2.608800e-01 -1.077014e-01 3.976643e-01 8.304372e-01 -7.184296e-01 -9.977678e-01 -1.219791e-01 5.223995e-01 1.237567e+00 4.676804e-01 -2.948848e-01 4.488230e-05 
-4.129945e+00 9.939018e+00 7.577043e+00 7.511467e+00 4.972141e+00 4.650544e+00 1.009148e+01 -3.207258e+00 3.750552e+00 1.405861e+00 -1.926407e+00 5.112257e+00 -5.111635e-02 -2.701178e-02 -2.962057e-01 -3.734696e-01 -9.533694e-01 -8.000361e-01 -5.854307e-01 -4.339777e-01 4.102546e-01 9.256703e-01 5.470715e-01 -1.412369e-01 -1.290921e+00 -5.331314e-03 
-5.445449e+00 8.266837e+00 5.386705e+00 9.433601e+00 8.432539e+00 -1.931648e-01 7.704079e+00 1.833086e+00 7.633882e+00 4.905212e+00 -2.071610e-01 1.278979e+00 -6.207931e-02 -1.482166e-01 2.598305e-02 -6.263510e-01 -3.720569e-01 -6.080212e-01 -8.414565e-01 -6.908261e-01 -1.343939e+00 3.264591e-01 1.432822e+00 4.585277e-01 -6.368688e-01 -4.870725e-03 
-3.837907e+00 1.029519e+01 6.261981e+00 5.746195e+00 3.251281e+00 2.617345e+00 7.878819e+00 -3.313866e+00 1.076092e+01 4.464559e+00 -2.453752e+00 3.173446e+00 -7.747138e-02 1.927640e-01 5.926005e-01 7.119259e-01 1.046664e+00 -1.983792e-01 -7.205850e-01 -6.942413e-01 -2.481886e+00 -5.715895e-01 2.431348e-01 -1.497630e-01 5.373074e-01 3.326189e-03 
-4.661198e+00 1.125316e+01 6.574689e+00 7.637352e+00 5.106694e+00 1.625212e+00 6.278827e+00 -8.444138e+00 5.719539e+00 5.126451e+00 -2.583373e-01 3.651683e+00 -6.030679e-02 -2.491445e-02 6.578086e-01 6.997352e-01 6.915394e-01 -9.166321e-01 3.187606e-01 9.831083e-01 -3.505465e-01 -2.332311e-01 -3.920935e-01 -1.989986e-01 1.618093e+00 1.048419e-02 
-3.558250e+00 1.140886e+01 1.054268e+01 1.364291e+01 5.643168e+00 1.384308e-01 7.332895e+00 -1.047808e+01 1.849776e+00 2.510915e+00 -2.649633e+00 6.612442e+00 -3.537166e-02 -7.527560e-01 -4.210248e-01 1.601654e-01 1.481903e+00 6.114410e-01 5.332638e-01 1.169756e+00 1.374774e+00 -1.633342e-01 -1.260348e+00 9.627010e-01 8.982967e-01 3.897965e-03 
-5.709849e+00 1.099905e+01 6.745031e+00 8.942942e+00 2.653435e+00 2.640095e+00 1.289258e+01 3.662457e+00 1.092330e+01 3.921566e+00 -1.104214e+00 7.649946e+00 -3.070819e-02 -1.291237e+00 -1.093929e+00 -4.756037e-01 1.228671e-01 -1.018716e-02 9.039540e-01 1.234491e-02 6.705402e-01 -4.906658e-01 -1.381645e+00 2.522392e-01 -1.158599e-01 -1.320040e-03 
-7.077361e+00 8.317125e+00 6.977637e+00 1.250291e+01 7.535115e+00 4.776222e+00 1.042072e+01 -2.493294e+00 7.342366e+00 -1.234739e+00 2.782691e+00 5.665797e+00 -7.278085e-02 -1.524714e+00 -1.182861e+00 -9.892815e-01 -9.763707e-01 -1.610416e-01 8.561304e-01 -1.316846e+00 -9.957792e-01 -1.306310e+00 -8.670241e-01 1.263569e-01 -1.023771e+00 -4.315567e-03 
-9.357829e+00 7.329383e+00 5.979192e+00 8.821686e+00 4.109785e+00 3.826087e+00 4.796637e+00 -9.083828e+00 5.199151e-01 9.105206e-02 -1.713304e+00 3.545706e+00 -4.820240e-02 -9.576427e-01 -8.327068e-01 -2.530124e-01 -3.923741e-01 -5.126290e-02 1.421849e-01 -2.181597e+00 -3.208311e+00 -2.762921e+00 -6.335238e-01 -5.714175e-01 -1.032857e+00 -1.040995e-03 
