-8.113661e-01 3.443596e+00 -5.395025e-01 -2.781271e+00 -1.778466e+00 5.365451e+00 3.315984e+00 -6.102861e+00 -2.212290e+00 -1.414627e+00 -4.200347e+00 -5.173671e+00 -1.512927e-01 8.397846e-02 1.984287e-01 1.637644e-01 1.129256e+00 1.133229e+00 4.217208e-01 -1.185725e+00 1.279959e-01 3.023662e-01 3.789555e-01 9.871563e-01 9.909662e-01 0.000000e+00 
1.159658e-01 4.500465e+00 3.089444e-01 1.526413e-01 -5.752102e-01 4.922693e+00 -2.582886e+00 -7.212883e+00 1.951771e+00 7.570765e-01 -2.171663e+00 -4.558517e+00 -1.512927e-01 4.174236e-01 4.724762e-01 3.551584e-01 1.499830e+00 7.620963e-01 1.305136e-01 -1.933634e-01 2.118437e+00 4.600160e-01 4.937916e-01 8.292888e-01 1.172762e+00 0.000000e+00 
-8.551397e-01 3.907305e+00 -1.449040e-01 1.398050e+00 3.286053e+00 7.695435e+00 3.367934e-01 -4.907870e+00 -2.782489e+00 -6.057012e-01 -2.789078e-01 -5.264169e-01 -1.512927e-01 2.956501e-01 1.236514e-01 8.328919e-02 8.892070e-01 4.488396e-01 -2.122383e-01 7.429464e-01 2.559074e+00 1.232850e-01 3.476458e-01 4.282337e-01 8.804320e-01 0.000000e+00 
1.297639e+00 5.574122e+00 1.038990e+00 2.628217e+00 -5.002430e-01 4.853028e+00 3.838763e+00 3.891828e+00 3.728896e-01 6.498682e-01 -2.014622e+00 -1.633489e+00 -1.512927e-01 -4.174757e-02 -1.923139e-01 2.544743e-01 -4.027100e-01 3.767624e-01 8.073988e-01 1.953071e+00 1.776435e+00 -4.553758e-01 -3.528702e-01 -6.602373e-01 6.482188e-01 0.000000e+00 
7.604790e-02 3.525024e+00 -4.880794e-01 4.269762e-01 4.282485e-01 4.339092e+00 3.819892e+00 1.140154e+00 -8.064243e-01 3.772063e-01 -2.137699e+00 -2.234025e+00 -1.512927e-01 -6.464253e-02 -6.635917e-01 1.166853e-01 -4.768402e-01 -2.005188e-01 -1.275608e-01 7.553381e-02 3.948845e-01 3.985617e-01 3.388309e-02 2.247125e-01 2.605299e-01 0.000000e+00 
-5.583658e-01 3.730036e+00 1.752904e+00 -1.375372e+00 2.737504e+00 1.063786e+01 5.440919e+00 -1.354720e+00 -1.313140e+00 -1.498728e+00 -4.543454e+00 -4.636182e-01 -1.512927e-01 -2.016009e-01 -9.026395e-01 -2.545139e-01 -1.526431e-01 1.329434e-01 -1.317600e+00 -1.705465e+00 -1.606332e+00 -1.500264e+00 -1.259916e+00 5.018546e-01 1.870138e-01 0.000000e+00 
-2.503500e-01 1.511390e+00 8.156565e-02 1.015644e+00 6.645856e-01 4.165215e+00 -8.661556e-02 -3.101740e-01 5.333424e-02 6.380124e-01 2.109071e+00 1.912976e-01 -1.512927e-01 6.433984e-01 1.639264e-01 -2.634709e-01 8.045663e-01 -2.063226e-01 -2.040608e+00 -1.253947e+00 -1.069435e+00 -1.328983e+00 -1.119509e+00 -2.266078e-02 3.261950e-01 0.000000e+00 
4.528332e-01 2.067742e+00 -5.184019e-01 1.570668e+00 4.630520e-02 -1.648034e+00 -2.735309e+00 -3.414668e+00 -7.558308e+00 -5.780114e+00 -1.628734e+00 -1.911081e+00 -1.512927e-01 6.693724e-01 3.977472e-01 -1.534298e-01 6.796606e-01 2.048143e-01 -1.528523e+00 -1.128650e-01 -3.514127e-01 -9.698694e-01 -4.966523e-02 7.051058e-02 -3.718062e-01 0.000000e+00 
2.787440e+00 5.175803e+00 -6.697810e-01 2.976788e+00 7.422348e-01 2.789998e-01 1.638270e+00 -3.177048e+00 -4.328755e+00 -3.079643e+00 -3.708363e+00 1.206812e-01 -1.512927e-01 2.327468e-01 6.039374e-01 -3.777092e-02 -6.136562e-01 2.588668e-01 2.955127e-01 6.245274e-01 -7.548505e-01 -4.580607e-01 3.696250e-01 -3.134591e-01 -1.311543e-01 0.000000e+00 
1.269601e+00 3.886566e+00 1.361428e+00 1.042359e+00 3.722751e+00 4.938350e+00 4.014151e+00 -1.678346e+00 -3.971442e+00 1.117737e-01 -1.282184e+00 -2.287341e+00 -1.512927e-01 -4.245886e-01 -2.825704e-01 -1.465088e-01 -7.235224e-01 -8.236748e-03 1.361783e+00 5.890126e-01 3.408586e-01 2.314626e+00 2.240865e+00 -1.308506e-01 -1.343595e-02 0.000000e+00 
5.050001e-01 3.621665e+00 -1.047204e+00 -1.788483e+00 1.206970e-01 2.349587e+00 -3.387089e-01 -4.952587e+00 -4.030402e+00 -4.598062e-01 3.685002e-01 -2.763441e-01 -1.512927e-01 -1.010623e+00 -1.051495e+00 -7.680991e-02 -1.152416e+00 -4.379252e-01 -1.627512e-01 -1.257867e+00 1.091128e+00 2.121756e+00 1.080955e+00 3.658502e-01 -1.688904e-01 0.000000e+00 
-5.288897e-01 1.431959e+00 -1.062234e+00 3.356915e-01 3.158903e-01 4.125588e+00 1.198243e+00 -8.226056e-01 3.865646e+00 4.114293e+00 -4.321418e+00 -1.779748e+00 -1.512927e-01 -7.163559e-01 -8.209890e-01 -4.592224e-02 -9.004170e-01 -4.978378e-01 -2.404823e-02 -6.071955e-01 5.991605e-01 1.130697e+00 -1.060341e+00 2.550096e-02 1.015468e+00 0.000000e+00 
-1.366427e+00 1.145630e+00 1.580008e-01 -2.431956e+00 2.560390e-01 -1.283755e-01 -3.243110e+00 1.850723e+00 2.361479e+00 3.238697e-01 -3.594947e-01 -9.775671e-01 -1.512927e-01 -6.194354e-01 -3.296129e-01 4.451039e-02 -4.474850e-01 -1.990943e-01 4.759014e-01 1.490444e-01 6.300720e-01 9.306712e-02 -2.626653e-01 6.031578e-01 1.206902e+00 0.000000e+00 
-1.376465e+00 1.019639e+00 5.292147e-01 -3.137990e+00 1.165891e+00 6.057090e+00 2.430374e+00 -2.084199e+00 -1.513896e+00 -5.581769e+00 -7.906818e-01 3.140614e+00 -1.512927e-01 -2.578731e-01 -6.740335e-02 -1.303289e-01 -5.104808e-02 -1.346383e-02 -1.752876e-01 1.542138e-01 -3.139279e-01 -1.307980e+00 -2.244015e-02 1.618519e+00 4.448885e-01 0.000000e+00 
-2.168389e+00 2.179761e+00 -1.620377e+00 -2.289068e+00 -1.299775e+00 3.763343e+00 -2.095523e-01 -1.171430e+00 -8.752955e-01 3.074898e+00 1.618921e+00 3.297983e+00 -1.512927e-01 -2.903852e-01 -2.350380e-01 -7.179829e-01 1.381669e-02 1.322180e-01 5.409763e-01 1.761614e-01 -1.110237e+00 -1.068114e+00 1.756764e+00 1.156046e+00 -2.418940e-01 0.000000e+00 
-1.417274e+00 5.778765e-01 -8.246903e-01 9.006977e-03 1.026478e+00 1.303291e+00 4.525337e-01 -8.811684e-01 -1.055865e+00 2.626578e+00 2.781967e+00 -1.693080e+00 -1.512927e-01 -2.461331e-01 1.961379e-01 -3.246806e-01 8.092997e-02 9.396912e-01 6.069184e-01 7.540530e-01 -2.097010e-01 -1.039882e+00 1.470808e+00 1.036949e+00 1.897871e-01 0.000000e+00 
-2.797949e+00 1.913207e-01 -2.754961e+00 -3.936371e+00 9.868355e-01 4.953406e+00 -1.373383e+00 -4.301975e+00 -3.208108e+00 5.003518e+00 3.634410e+00 2.298099e-01 -1.512927e-01 -1.846733e-01 3.807912e-01 4.986302e-01 -2.702647e-01 1.018347e-01 1.210996e+00 2.223575e+00 -1.060327e-01 -8.549770e-01 -3.309985e-01 4.532560e-01 4.955804e-01 0.000000e+00 
-2.292351e+00 2.994548e+00 -5.268960e-01 -1.909689e+00 4.721042e+00 8.496651e+00 6.782555e+00 -1.567432e+00 -5.546898e+00 8.079605e-01 3.386317e+00 5.623635e+00 -1.512927e-01 -5.044953e-01 3.212183e-01 8.647146e-01 6.129788e-01 1.633813e-02 5.411705e-01 1.428658e+00 6.275957e-01 7.692006e-01 5.806694e-02 -6.303851e-02 7.711982e-01 0.000000e+00 
-2.654218e+00 2.875381e+00 7.238775e-01 -2.681043e+00 -2.637883e+00 6.221645e+00 7.743314e+00 -1.358462e+00 -2.904664e+00 2.329214e+00 3.583026e+00 2.117527e+00 -1.512927e-01 -2.953567e-01 -2.452821e+00 4.952870e-01 2.787664e+00 4.584823e-02 -6.000816e-01 -2.152386e-02 -1.683056e-02 2.605775e+00 9.288465e-01 -1.817459e+00 -8.050795e-01 9.044957e-03 
-4.011617e+00 8.419379e-01 1.759463e+00 2.446237e+00 2.920528e+00 3.375023e+00 3.037476e+00 7.850537e-01 2.638415e+00 4.254065e+00 2.492467e+00 1.219052e+00 -1.512927e-01 -1.417704e+00 -5.872871e+00 -1.531583e+00 2.079301e+00 -1.673124e-01 -1.175099e+00 -1.451610e+00 -1.564649e+00 1.250611e+00 2.494784e-01 -6.924405e-01 -1.729432e+00 9.685558e-02 
-3.415099e+00 -1.099648e+01 -1.421706e+00 7.823987e+00 2.116333e+00 4.513812e+00 3.915372e-01 -5.562371e+00 5.728108e+00 7.924699e+00 -5.005963e+00 -1.593296e+00 -1.060679e-01 -1.816226e+00 -6.332828e+00 -1.962154e+00 1.692962e+00 1.430227e+00 -1.721389e-01 -8.302013e-01 -1.809369e+00 -1.021085e+00 -1.140208e+00 4.824032e-01 -1.138793e+00 1.468207e-01 
-9.000432e+00 -1.943388e+01 -7.112021e+00 3.234299e+00 1.507371e+00 3.475074e+00 3.200392e+00 -7.288721e+00 -3.610230e+00 -7.423894e-01 4.218608e+00 -1.168115e+00 3.103728e-01 -1.592056e+00 -1.071978e+00 3.226399e-01 -2.281050e+00 5.658020e-01 1.559554e+00 -1.282685e+00 4.391243e-01 -1.648534e+00 -1.484854e+00 2.049279e+00 2.775747e-01 9.078829e-02 
-9.240941e+00 -1.865085e+01 -4.651150e+00 5.389739e+00 5.219828e+00 5.310925e+00 3.510850e+00 -6.368421e+00 -4.885764e+00 -8.736012e-01 5.131971e+00 -2.382856e+00 3.519781e-01 6.077785e-02 4.145719e+00 2.312151e+00 -3.106304e+00 -2.691302e+00 1.004287e+00 1.409283e-02 3.881303e+00 -2.147552e+00 -1.630042e+00 2.107793e+00 1.173608e+00 -1.641319e-02 
-9.058976e+00 -6.907657e-01 4.987385e+00 -7.741891e+00 4.197791e+00 1.077424e+01 -4.935604e+00 3.383700e+00 -2.973170e-01 1.228945e+00 7.669898e+00 3.001706e+00 7.362574e-02 1.692343e+00 6.708277e+00 2.631169e+00 -7.949206e-01 -2.743046e+00 8.328065e-01 2.321585e-02 4.197692e+00 -8.604665e-01 6.704669e-01 6.714272e-03 1.223159e+00 -1.333172e-01 
-3.081938e+00 3.605554e-01 4.089347e+00 -2.219439e+00 -1.268539e+01 5.885665e+00 4.529999e+00 8.507936e+00 -6.666111e+00 -1.211179e+00 3.807357e+00 2.189834e+00 -6.976032e-02 1.533203e+00 4.609084e+00 7.111710e-01 -2.185785e-01 -1.091097e+00 5.963050e-01 1.464902e+00 3.041784e+00 1.029126e+00 4.951461e-01 -7.161829e-01 1.496799e-01 -1.225511e-01 
-3.618217e+00 4.601806e+00 1.673575e+00 3.064284e+00 -3.255251e+00 7.351737e+00 2.806896e+00 6.261559e+00 -7.022389e+00 2.778734e+00 4.914487e+00 2.661334e+00 -1.453440e-01 -2.453319e-01 4.876479e-01 -1.510959e+00 1.446438e+00 6.482129e-01 -4.800320e-01 2.459470e+00 1.853505e+00 2.150285e+00 1.643702e+00 -9.044029e-01 -1.446494e+00 -3.596859e-02 
-4.295308e+00 1.748283e+00 5.616094e-01 -1.106242e+00 3.490862e+00 1.000370e+01 6.964108e+00 7.401569e+00 3.622401e+00 8.272347e-01 2.928762e+00 -1.464270e+00 -1.512927e-01 -1.365871e+00 -2.089182e-01 -1.222695e+00 1.366189e-01 3.394289e+00 3.006850e-01 1.663681e-01 -4.524236e-02 1.816265e+00 6.666781e-01 -1.271396e+00 -9.558693e-01 -7.385647e-03 
-9.678950e+00 1.053610e+00 -8.035391e-01 -1.066298e+00 -6.492702e-01 6.315060e+00 6.144693e+00 1.320441e+01 5.309852e+00 8.428248e+00 3.587180e+00 -2.403714e+00 -6.545103e-02 -2.727854e-01 -1.031678e+00 -5.590969e-01 -1.002774e+00 1.342120e+00 -9.535215e-01 -8.990768e-01 -9.496916e-01 9.038516e-01 3.629250e-01 -4.819361e-01 2.857192e-01 -7.239699e-04 
-6.880927e+00 1.090062e+00 -7.855711e-01 5.289474e-01 2.983066e+00 7.907428e+00 3.692941e+00 4.810299e+00 -3.750906e+00 -7.025449e-01 -1.885968e+00 -5.698884e-02 -1.466351e-01 7.232285e-03 -1.085833e+00 1.260000e+00 -9.947159e-01 3.598385e-01 -1.951255e+00 -2.411389e+00 -6.380157e-01 -1.018627e+00 -2.686101e-01 1.093487e-01 1.119900e+00 2.365007e-02 
-3.689334e+00 -2.274739e-01 -4.483187e-01 -2.767182e+00 3.709246e+00 3.632265e+00 -5.290484e-02 2.808736e+00 1.183522e+00 5.358249e+00 4.912171e+00 3.386289e+00 -1.512927e-01 -4.923092e-01 -1.145740e+00 2.228822e+00 -1.599265e+00 1.476827e-01 -3.067684e+00 -3.064532e+00 -3.935769e-01 5.097055e-02 -9.494734e-01 6.711245e-03 9.828835e-01 8.479841e-02 
-7.253955e+00 -3.040338e+00 6.683998e+00 -5.229379e+00 3.110797e+00 1.588821e+00 -1.994036e+00 9.409328e+00 5.924294e-01 1.019184e+00 2.813010e+00 1.240225e+00 9.878516e-03 -2.796408e+00 -5.556471e-01 1.762121e+00 -2.511594e+00 -8.610066e-01 -3.880306e+00 -1.841976e+00 1.459590e+00 9.448082e-01 5.924652e-01 -8.453395e-02 5.929032e-01 1.650577e-01 
-1.195398e+01 -2.609890e+00 6.605788e+00 -6.183458e+00 2.527768e-02 -5.864055e+00 -6.334478e+00 8.937011e+00 3.393037e+00 2.820017e+00 1.271247e+00 1.862096e+00 2.802842e-01 -3.970790e+00 3.147900e-01 5.930703e-01 -1.142328e+00 2.119279e-01 -1.995934e+00 -4.080501e-01 -2.007999e-01 -9.415660e-01 -6.348950e-01 -7.587095e-01 8.430969e-01 1.883602e-01 
-1.673064e+01 -4.969650e-01 4.497980e+00 -1.032088e+01 5.200170e-01 -6.745940e+00 -2.376154e+00 9.044113e+00 -1.316228e-01 3.528897e+00 -4.881759e-01 3.669623e+00 4.628649e-01 -3.553288e+00 1.542372e+00 -1.773988e+00 -1.189427e+00 2.898547e-01 -1.500181e+00 -4.748338e-01 -2.194965e+00 -5.940651e-01 8.151608e-01 -7.955061e-01 1.713015e+00 1.633422e-01 
-1.880494e+01 7.478986e-02 3.610042e+00 -5.933069e+00 6.064276e+00 -2.180026e+00 -1.902097e+00 1.987344e+00 -3.162282e+00 9.289167e-01 2.769217e+00 6.387074e+00 5.640149e-01 -1.715673e+00 2.626492e+00 -2.404955e+00 -1.325677e+00 4.778596e-01 -2.377959e-01 1.348485e-01 -1.535329e+00 -4.798598e-01 2.689315e-01 -5.478296e-01 3.804334e-01 1.181848e-01 
-2.159492e+01 3.329183e+00 -6.880686e-01 -1.130171e+01 1.540571e+00 -7.754097e+00 -6.584396e+00 1.909335e+00 8.997631e-01 6.040538e+00 -1.913505e+00 7.542810e+00 6.847241e-01 -5.999249e-01 2.128628e+00 -2.295603e+00 -7.564068e-04 -4.808632e-01 -8.905236e-01 1.301599e-01 -1.398510e-01 9.438269e-01 7.973469e-01 -1.148957e-01 -4.935781e-01 9.683563e-02 
-1.810021e+01 8.609496e+00 -2.825963e+00 -1.232143e+01 1.904299e+00 -6.548956e+00 -3.556114e+00 4.827756e+00 4.780449e-01 2.908854e+00 -7.552361e-01 1.827669e+00 7.602787e-01 -7.405434e-02 1.690929e+00 -2.092997e+00 5.558103e-01 -9.058952e-01 -1.047602e+00 1.022382e+00 5.849578e-01 4.297541e-01 1.205658e+00 4.555704e-01 -1.194800e+00 8.606713e-02 
-2.008263e+01 5.878824e+00 -3.762032e+00 -7.130485e+00 1.956897e-01 -9.014091e+00 -8.983452e-01 6.924652e+00 2.767348e+00 6.525663e+00 6.995721e-01 3.481435e+00 8.489111e-01 3.553619e-02 8.389818e-01 -1.901974e+00 1.798362e+00 2.475575e-01 8.607870e-01 2.160626e+00 9.360000e-01 -6.098450e-01 -4.254781e-01 1.215700e-01 -1.934659e+00 6.216994e-02 
-1.993135e+01 7.254616e+00 -5.317962e+00 -5.239630e+00 2.207241e+00 -6.788041e+00 3.667877e-01 2.404474e+00 -1.947304e+00 6.714643e+00 3.740530e+00 2.443763e+00 9.122570e-01 -2.433357e-01 2.095861e-02 -1.284897e+00 1.314564e+00 6.189300e-01 1.369425e+00 1.405011e+00 7.032177e-01 -2.848393e-01 -5.518667e-01 -2.905210e-01 -1.114413e+00 4.187593e-02 
-2.050166e+01 8.201532e+00 -8.951939e+00 -5.850802e+00 2.626888e+00 -3.330619e+00 2.257282e+00 7.800976e+00 -9.367881e-01 2.010253e+00 -3.553538e+00 -2.438531e+00 9.195846e-01 3.176916e-01 7.255371e-01 -6.527928e-01 -2.376300e-01 6.426532e-01 1.741364e+00 2.860619e-01 6.684482e-01 -6.828410e-01 -1.486739e+00 -3.596846e-01 -3.589345e-01 2.842784e-02 
-1.910737e+01 7.552935e+00 -6.655497e+00 -6.388450e+00 3.783350e+00 -2.543567e+00 1.891128e+00 7.905683e+00 9.059162e-01 2.407226e+00 -8.128572e-02 -7.844139e-01 9.343216e-01 4.745161e-01 7.426443e-01 1.997304e-01 -3.725263e-01 6.886385e-01 1.642209e+00 -8.395627e-01 6.917441e-01 1.063824e-01 -5.291018e-01 -1.514321e-01 3.915140e-01 2.173605e-02 
-1.890617e+01 9.357350e+00 -6.357228e+00 -7.744225e+00 2.620901e+00 -2.429509e+00 -2.302060e-01 7.516289e+00 -2.073467e+00 1.245678e+00 8.120570e-01 3.300851e+00 9.800180e-01 3.613678e-01 6.317378e-01 1.103527e+00 1.257235e-01 6.496890e-01 9.064687e-01 -8.975512e-01 -1.368613e+00 -8.634498e-01 9.228368e-01 5.795916e-01 1.446762e+00 2.075369e-02 
-1.835653e+01 1.038993e+01 -5.616665e+00 -6.155551e+00 5.653427e+00 9.724507e-01 -2.587282e+00 6.005538e+00 -8.470522e-01 4.451421e+00 8.005719e-01 1.531641e+00 9.907206e-01 -2.343493e-01 -2.022601e-01 4.634500e-01 5.055207e-01 -7.447474e-02 -7.959194e-01 -1.210976e+00 -1.454164e+00 -5.098156e-01 2.103392e+00 5.010322e-01 1.479102e+00 1.464924e-02 
-1.907025e+01 9.941725e+00 -3.953720e+00 -5.338634e+00 4.940294e+00 -5.562844e-01 8.731365e-03 1.907986e+00 -4.377553e+00 5.602339e+00 -1.096509e+00 3.637254e+00 9.951536e-01 5.680103e-02 -1.524260e+00 -8.940677e-02 -4.124072e-01 -6.650411e-01 -1.391221e+00 -2.693351e-01 -1.936708e+00 -9.198049e-02 9.805088e-01 -2.477691e-01 9.353983e-02 -2.671270e-02 
-2.019707e+01 6.249447e+00 -5.540001e+00 -5.063642e+00 2.251280e+00 -7.459776e+00 -4.283219e+00 3.439015e+00 -4.911192e-01 1.074586e+01 3.378159e+00 6.442897e+00 1.000000e+00 1.243677e+00 -3.057215e+00 8.286131e-01 -5.503846e-01 -1.941698e+00 -2.079255e+00 5.165350e-02 -1.500179e+00 -6.953540e-01 -1.846712e+00 -9.218858e-01 -1.033783e-02 -8.570127e-02 
-1.770189e+01 3.806291e+00 -6.842594e+00 -1.035221e+01 9.967692e-01 -5.169502e+00 -7.289126e-01 -8.839923e-01 -2.711336e+00 3.001004e+00 -1.715582e+00 1.312922e+00 8.418148e-01 4.962038e+00 -2.740777e+00 2.580867e+00 1.211287e+00 -4.253462e-01 -1.513565e+00 -1.286771e+00 -2.104240e+00 -4.047604e-01 -2.069120e+00 -1.014100e-01 -1.612174e+00 -1.403024e-01 
-1.282232e+01 -1.828431e+00 -2.916232e-02 -6.400683e+00 -2.083299e+00 -7.117216e+00 -1.960192e+00 -9.936869e-02 -5.156930e+00 -3.481474e+00 -3.499321e+00 2.642118e+00 6.388836e-01 8.054337e+00 -3.149364e+00 4.285144e+00 2.586335e+00 -4.303680e-01 -1.422068e+00 -1.823582e+00 -2.443915e+00 7.421276e-01 -2.487008e+00 1.273358e-01 -1.286692e+00 -1.067138e-01 
2.052567e+00 2.767803e-01 6.195195e+00 1.386321e+00 4.980853e+00 -8.295391e+00 -7.586637e+00 -6.844023e+00 -4.068449e+00 2.370404e+00 1.835181e+00 -2.523225e+00 4.741997e-01 7.648023e+00 -3.529559e+00 4.296455e+00 3.080362e+00 -1.937097e+00 -2.542781e+00 -3.049746e+00 -1.868579e+00 3.560099e+00 -1.102643e+00 2.453200e+00 7.506354e-01 -6.591022e-03 
1.019738e+01 -7.732619e+00 9.366826e+00 1.998764e+00 -1.892602e+00 -1.300717e+01 -9.972269e+00 -5.800543e+00 3.898075e+00 -1.373883e+00 2.239456e+00 1.927512e+00 6.502385e-01 4.803053e+00 -3.168267e+00 2.159263e+00 1.231448e+00 -3.413088e+00 -1.798788e+00 -2.376680e+00 -7.733881e-01 4.953975e+00 -4.350154e-01 2.398937e+00 1.500342e+00 8.015050e-02 
9.028379e+00 -1.088941e+01 9.941689e+00 8.498707e-01 -8.784061e+00 -1.493843e+01 -1.197161e+01 -7.376298e+00 1.056166e+01 -3.566005e+00 7.681031e+00 5.423403e+00 8.031822e-01 7.077146e-01 -3.081859e+00 1.800935e-01 -6.251609e-01 -4.588618e+00 -1.049928e+00 -6.273984e-01 1.090528e+00 4.720647e+00 -8.983225e-01 6.779904e-01 2.256646e+00 1.123269e-01 
7.705038e+00 -1.208667e+01 8.893906e+00 2.478123e-02 -1.226628e+01 -1.278964e+01 -1.165111e+01 -3.700171e+00 1.229789e+01 -2.688346e+00 5.572439e+00 6.170516e+00 8.751448e-01 -6.342944e-01 -1.553787e+00 -4.831734e-01 -1.006624e+00 -2.545897e+00 1.776011e-01 1.974589e-01 1.698429e+00 2.657736e+00 1.377864e-02 -1.053796e-01 6.253251e-01 6.386977e-02 
6.837312e+00 -1.295549e+01 7.332123e+00 -7.524927e-01 -1.277539e+01 -1.365380e+01 -9.884208e+00 -2.441566e+00 1.533488e+01 -1.463977e+00 3.558641e+00 6.638503e+00 9.233809e-01 -1.335146e-01 -8.947870e-01 -6.573852e-01 -8.416154e-01 -7.828630e-01 3.084677e-01 1.257869e+00 1.850802e+00 1.654112e+00 -5.391288e-02 -1.037512e+00 -5.471165e-01 2.067642e-02 
8.121445e+00 -1.446851e+01 8.255742e+00 -2.233174e+00 -1.262642e+01 -1.276148e+01 -1.002867e+01 2.242335e-01 1.480014e+01 -2.356004e+00 3.773753e+00 4.446588e+00 9.094881e-01 1.463747e-01 -5.695434e-01 -6.167046e-01 -9.262635e-01 4.126901e-01 -8.104821e-02 1.966651e+00 8.235152e-01 1.684214e+00 -6.229147e-01 -8.942332e-01 -5.704892e-01 1.214522e-03 
8.152602e+00 -1.417242e+01 6.973844e+00 -2.229229e+00 -1.251831e+01 -1.341017e+01 -6.493482e+00 -8.449018e-02 1.758109e+01 -4.001740e+00 3.392816e+00 3.549785e+00 8.893927e-01 2.308166e-01 -3.211924e-01 -6.362194e-01 -7.629668e-01 5.445277e-01 4.610375e-01 1.631595e+00 7.183644e-01 1.123589e+00 -5.953462e-01 -1.173255e+00 -4.029269e-01 -6.517672e-03 
7.779266e+00 -1.432592e+01 5.989522e+00 -3.868168e+00 -1.033137e+01 -1.331669e+01 -3.513222e+00 -7.611337e-01 1.959586e+01 -4.534039e+00 1.184186e+00 4.862429e+00 8.982115e-01 1.062281e-01 -5.676184e-02 -9.161905e-01 -8.329479e-02 3.937830e-01 9.458714e-01 6.536749e-01 1.595811e-01 8.828415e-01 -3.558510e-01 -9.132090e-01 -1.708051e-01 -4.317808e-03 
8.162484e+00 -1.463275e+01 5.284136e+00 -3.749829e+00 -1.120028e+01 -1.107101e+01 -4.983958e+00 1.642939e+00 1.855497e+01 -3.351691e+00 -1.012852e+00 4.415947e+00 8.964308e-01 4.249054e-01 -7.233381e-02 -6.817117e-01 3.942892e-01 5.432559e-01 1.119499e+00 -6.107012e-01 -6.861084e-01 2.722321e-02 -1.085480e-01 7.497323e-02 -1.872935e-01 -1.178923e-02 
8.647644e+00 -1.452216e+01 4.519644e+00 -1.889348e+00 -1.131652e+01 -9.201706e+00 -7.515060e+00 1.584244e-01 1.872741e+01 -4.460283e+00 1.410542e+00 3.159481e+00 8.843800e-01 9.767044e-01 2.964130e-01 -9.223348e-01 1.299657e+00 5.942575e-01 9.924919e-01 -1.079041e+00 -1.818745e+00 -7.188654e-01 7.770620e-02 8.907377e-01 6.268362e-01 -3.697255e-02 
9.842940e+00 -1.443597e+01 4.300225e+00 -1.247193e+00 -9.309456e+00 -9.870169e+00 -7.546068e+00 -3.974811e+00 1.815143e+01 -4.581358e+00 3.654504e+00 3.464791e+00 8.373623e-01 1.627358e+00 1.024138e+00 -1.377278e+00 2.225377e+00 9.062179e-01 1.518191e+00 -1.977894e-01 -2.819832e+00 -1.639149e+00 3.022281e-01 9.186880e-01 1.645561e+00 -8.990052e-02 
1.182256e+01 -1.294224e+01 1.869803e+00 1.378800e+00 -8.305498e+00 -8.954651e+00 -7.627369e+00 -7.045981e+00 1.620330e+01 -3.530674e+00 3.304197e+00 8.472188e+00 7.428830e-01 1.885382e+00 2.947269e+00 -1.212755e+00 2.454004e+00 2.352437e+00 2.383735e+00 1.530774e+00 -2.952855e+00 -3.845609e+00 9.454737e-02 -6.569569e-01 1.196054e+00 -1.464328e-01 
1.471181e+01 -1.030201e+01 -2.773346e-01 5.742982e+00 -8.174699e+00 -3.603578e+00 -5.916751e+00 -8.854018e+00 1.162128e+01 -2.305355e+00 2.633760e+00 9.987396e+00 5.176767e-01 1.353580e+00 4.968874e+00 -6.347960e-01 2.451166e+00 3.655763e+00 3.158863e+00 1.580879e+00 -9.724871e-01 -5.030215e+00 -3.382501e-01 -1.783753e+00 -8.352764e-01 -1.563421e-01 
1.564011e+01 -1.852793e+00 7.446461e-01 6.885584e+00 -1.217094e-01 -4.163270e-01 -6.758506e-01 -1.216625e+01 2.764440e+00 -5.125548e+00 -1.363871e+00 5.878446e+00 3.120586e-01 2.874391e-01 4.744656e+00 4.434798e-02 2.469939e+00 4.096628e+00 2.720688e+00 1.456325e+00 3.983670e-01 -5.496327e+00 -4.713000e-01 -2.042679e+00 -2.691509e+00 -1.235235e-01 
1.470206e+01 4.863670e+00 1.688824e+00 8.255243e+00 4.877465e+00 1.654982e+00 -3.117431e+00 -6.277114e+00 -2.802168e-01 -5.475171e+00 -2.930228e+00 5.852799e-01 2.710638e-01 -8.973684e-01 2.775086e+00 -2.594290e-01 4.712703e-01 2.833784e+00 1.423992e+00 1.196690e+00 2.626607e+00 -3.356375e+00 -8.823816e-01 -1.670392e+00 -1.930281e+00 -6.850093e-02 
1.326463e+01 3.198190e+00 1.108464e+00 1.247237e+01 5.651560e+00 2.019508e+00 -1.745405e+00 -6.342598e+00 -5.327590e+00 -4.302266e+00 -4.127203e+00 -2.842999e-01 2.485719e-01 -5.827205e-01 -1.910493e-01 -6.565745e-01 -3.077375e-01 -1.054402e+00 -8.162643e-01 1.055333e-01 4.252565e+00 3.214908e-01 2.299258e-01 -1.404257e+00 -1.882386e-01 -1.784735e-02 
1.141271e+01 1.047925e+00 -1.756389e+00 5.305943e+00 3.107583e+00 2.298466e+00 6.014776e-01 1.367192e+00 -1.114584e+00 -7.128904e+00 -4.336532e+00 3.417366e+00 2.069154e-01 1.893848e-01 -1.752274e+00 -6.535233e-01 -8.088462e-01 -4.494355e+00 -2.386292e+00 -1.266347e+00 3.736024e+00 1.564582e+00 1.086889e+00 -1.526999e+00 5.973162e-01 1.150825e-02 
1.437119e+01 -9.001664e-01 -8.156202e-01 6.821547e+00 -4.508779e+00 -4.819391e+00 -2.007638e+00 5.274427e+00 4.789077e+00 -3.149052e+00 -7.682005e+00 3.521210e+00 2.548960e-01 3.203912e-02 -6.422885e-01 -7.062799e-01 -1.203201e+00 -5.402360e+00 -2.276692e+00 -1.732315e+00 2.422672e+00 2.125247e+00 3.600987e-01 -7.756869e-01 -3.203491e-01 9.560132e-03 
1.509571e+01 -1.848519e+00 -6.167504e-01 7.036422e+00 -1.251414e+01 -6.857028e+00 -9.318048e+00 6.594494e+00 2.484362e+00 -6.173313e-01 -8.787821e+00 1.669106e+00 3.254430e-01 -7.758901e-01 1.620561e+00 -8.068737e-01 -1.856822e-01 -3.293871e+00 -5.601050e-01 -1.197586e+00 -2.091689e+00 -1.015296e+00 -3.049888e-01 4.769328e-01 2.291091e-01 -6.009323e-03 
1.158333e+01 1.434969e+00 -2.992755e+00 5.591119e+00 -1.354938e+01 -4.786204e+00 -5.447215e+00 3.157109e+00 3.499170e+00 -5.757559e+00 -5.779993e+00 -1.011916e+00 2.371088e-01 -1.430519e+00 2.866297e+00 -1.632133e-02 -2.109044e+00 1.208606e+00 1.391106e+00 1.480922e+00 -3.367542e+00 -5.556223e+00 -1.643771e+00 3.693859e+00 -1.023570e+00 -4.281938e-02 
8.927191e+00 7.983162e+00 -4.702190e+00 4.992746e+00 -8.841470e+00 -5.186520e-01 -3.666664e+00 -8.032593e+00 -5.546110e+00 -7.349595e+00 -2.902874e+00 6.829474e+00 1.857625e-01 -1.829558e+00 2.350735e+00 9.897047e-01 -2.599206e+00 4.757794e+00 1.621336e+00 2.367209e+00 -1.294336e+00 -6.166692e+00 -1.224470e+00 4.260714e+00 -1.952212e+00 -4.961879e-02 
1.030285e+01 8.515480e+00 1.145493e+00 -2.701832e+00 -3.020838e-01 -1.033048e+00 2.571282e+00 -4.249737e+00 -1.897680e+01 -8.001778e+00 7.844815e+00 -4.176823e+00 1.106394e-01 -2.325192e-01 8.910483e-01 1.216397e+00 -6.342871e-01 4.316262e+00 8.947003e-01 2.722039e+00 -6.953500e-01 -5.485828e+00 6.368908e-01 2.419122e+00 -1.125049e+00 -2.365059e-02 
6.588161e+00 6.364901e+00 2.262649e+00 -1.813134e+00 4.651182e+00 -6.269255e-01 -1.491254e+00 3.826240e+00 -1.711111e+01 -5.617573e+00 5.703347e+00 -6.509498e+00 1.405837e-01 8.973547e-01 -2.485030e-01 1.223171e+00 1.181997e+00 2.932754e+00 1.608725e-02 3.165060e+00 3.036683e-01 -1.712274e+00 1.984969e+00 2.191068e-01 -1.052025e+00 -1.169311e-02 
1.159025e+01 6.699341e+00 -3.931875e-01 5.822624e+00 1.285602e+00 -2.585654e-01 7.075277e+00 -6.249058e+00 -1.814747e+01 -3.439116e+00 2.012508e+00 3.232688e-02 1.414452e-01 6.776065e-01 -7.137524e-01 1.103635e+00 3.549798e+00 1.662733e-01 5.032545e-01 3.125123e+00 -8.724574e-01 2.929983e+00 1.175639e+00 -3.291037e+00 3.967980e-01 -7.286280e-03 
1.277026e+01 7.648716e+00 2.183004e+00 6.640504e+00 5.028457e+00 -8.254571e-01 9.906639e+00 -5.514591e+00 -1.452214e+01 2.939198e-01 1.108813e+00 -5.352255e-01 1.118940e-01 7.021183e-01 -5.640765e-01 1.143087e+00 2.221946e+00 -1.282769e+00 2.916535e-01 4.003121e+00 4.993298e-01 4.423070e+00 1.002175e+00 -2.496991e+00 -1.847039e-01 -2.417600e-02 
1.059983e+01 4.304810e+00 6.703492e+00 1.082034e+01 3.406449e-01 1.582490e+00 1.249795e+01 -3.941609e+00 -5.621371e+00 -5.079327e+00 -6.313101e+00 -5.179969e+00 8.855283e-02 -3.674917e-01 -1.003862e+00 6.836304e-01 4.824284e-01 -5.450983e-01 3.756804e-01 1.192542e+00 2.353429e+00 4.149867e+00 6.332731e-01 -3.185720e-01 -6.751379e-01 -2.869778e-02 
1.059396e+01 4.741784e+00 4.429742e+00 6.797737e+00 -1.290187e+00 -8.918571e-02 1.581301e+01 5.169164e+00 -1.258813e+00 2.134085e-01 -2.618802e+00 -4.826869e+00 4.614991e-02 -3.711590e-01 -1.367144e+00 -5.943431e-01 -4.397824e-01 -1.424445e-01 1.916529e-01 -9.115387e-01 2.833161e+00 2.608878e+00 1.175461e-02 6.017916e-01 2.163763e-02 -2.411319e-02 
1.084094e+01 3.133497e+00 1.901595e+00 8.156149e+00 1.719433e+00 1.251701e+00 1.008480e+01 1.762091e-01 -4.029799e+00 -2.324944e-01 2.283456e+00 -1.197540e+00 3.082836e-02 -1.447205e-01 -8.040121e-01 -8.461210e-01 -4.340170e-01 1.265402e+00 -3.034856e-01 -2.065844e+00 1.888656e+00 9.634792e-01 3.986379e-01 6.764026e-01 4.163195e-01 -1.965702e-02 
1.079391e+01 1.398653e+00 1.612237e+00 5.773687e+00 3.626841e+00 2.982020e-01 6.555523e+00 6.592305e+00 -2.273538e+00 -2.070723e+00 -1.805077e-01 -2.418252e+00 2.019030e-02 -4.369531e-01 -7.500551e-01 -3.665286e-01 1.056308e-01 1.716003e+00 6.806395e-01 -2.231352e+00 7.412623e-01 1.826904e+00 -7.907588e-01 -1.975226e-01 -1.057868e+00 -1.811687e-02 
9.776253e+00 1.956316e+00 3.881640e+00 9.162279e+00 4.209141e+00 -1.286316e-01 6.797479e+00 4.790102e+00 -2.966127e-01 -1.944071e+00 -4.150236e+00 -4.302680e+00 3.247559e-03 -5.380076e-01 -3.887298e-01 -8.694856e-02 -5.847589e-01 1.003004e+00 1.384847e-01 -1.859573e+00 2.204839e-01 2.421151e+00 8.941597e-01 -5.098702e-01 -1.523619e+00 -1.998121e-02 
8.941542e+00 1.580099e+00 1.607077e+00 6.822826e+00 6.044973e+00 4.004178e+00 6.299911e+00 6.568529e+00 6.009116e+00 -2.884597e+00 -3.895693e-01 -8.563638e+00 -3.064406e-02 -6.646889e-01 -3.937457e-01 -9.426049e-01 -7.757503e-01 4.075034e-01 2.212415e-01 -1.155069e+00 -1.113658e+00 1.326702e+00 2.254823e+00 5.280256e-04 -5.781316e-01 -2.209025e-02 
9.077090e+00 1.099124e+00 1.469432e+00 4.707785e+00 5.525384e+00 9.113646e-02 9.147387e-01 1.290517e+00 3.934628e+00 4.645241e+00 -1.613643e-01 -5.742942e+00 -4.366052e-02 -1.039500e+00 -8.406911e-01 -1.842005e+00 -1.490726e+00 -2.006869e-01 2.720166e-01 -1.375417e+00 -1.236244e+00 -6.292424e-02 2.951961e+00 1.119652e+00 7.831679e-01 -2.873429e-02 
7.820050e+00 -1.414801e-01 -1.894684e+00 4.122182e+00 5.006236e+00 1.294525e+00 3.721550e+00 2.773808e+00 2.244350e+00 5.908738e+00 -2.172303e+00 -4.588779e+00 -6.680691e-02 -1.484953e+00 -8.766115e-01 -1.171662e+00 -7.897434e-01 -2.837829e-01 -1.371356e-01 -1.593718e+00 -2.025695e+00 -2.307842e+00 7.259745e-01 6.560097e-01 1.433743e+00 -2.942665e-02 
5.139497e+00 -1.386350e+00 -3.577507e+00 3.058970e+00 3.725075e+00 2.586278e+00 1.209576e+00 5.062416e-01 1.271149e+00 8.419067e+00 2.339391e+00 -2.374270e+00 -1.223425e-01 -1.389287e+00 -7.709802e-01 -1.650758e+00 -1.342648e+00 -1.185062e+00 4.140064e-01 -1.170828e+00 -1.652714e+00 -1.847374e+00 -1.764618e+00 -3.953024e-01 -2.339680e-01 -2.868937e-02 
3.485575e+00 -1.560221e+00 -1.727761e+00 3.698516e+00 5.526213e+00 2.070929e+00 -1.816097e+00 -3.167811e+00 -4.198352e+00 -1.141638e+00 1.640101e+00 -3.079260e+00 -1.384363e-01 -1.042686e+00 -5.482891e-01 -1.043208e+00 -1.707184e+00 -1.628387e+00 -6.143343e-01 -2.151165e+00 -2.248513e+00 -1.730640e+00 -1.534882e+00 3.712460e-01 -3.606696e-01 -1.979217e-02 
4.297891e+00 -2.046406e+00 -6.867819e+00 -1.793623e+00 -6.599156e-01 1.772967e+00 -2.170580e+00 -4.002244e+00 -2.080891e+00 -6.526625e-01 -4.044078e+00 -7.667542e+00 -1.512927e-01 -4.416917e-01 -4.525664e-01 -5.866197e-01 -8.038044e-01 -7.674006e-01 -8.036249e-01 -1.511570e-01 -1.100961e-01 -2.996755e-01 -2.214406e+00 -1.799483e+00 -1.511964e+00 -7.075679e-03 
3.027425e+00 -2.552897e+00 -5.465566e+00 -1.987440e+00 -9.432064e-01 -1.370491e+00 -5.344199e+00 -6.214513e+00 -4.732831e+00 2.770191e+00 2.875662e+00 -3.745492e+00 -1.512927e-01 -2.314322e-01 3.194259e-01 4.521160e-02 -1.625092e-01 6.494488e-01 8.712162e-01 9.558867e-01 1.177399e+00 5.388973e-01 -2.398846e-01 -1.400520e+00 -8.979428e-01 -2.571273e-03 
3.160113e+00 -3.152844e+00 -4.641703e+00 1.882927e+00 3.122782e+00 2.888627e-01 2.217843e+00 1.479112e+00 4.001105e-02 -4.608875e+00 -7.275806e+00 -9.600977e+00 -1.512927e-01 -5.959620e-01 6.553653e-01 1.068568e+00 8.110555e-01 2.479119e+00 2.327482e+00 1.013845e+00 2.003743e+00 9.318928e-01 -1.847458e-03 -1.466576e-01 2.097486e-01 0.000000e+00 
2.897303e+00 5.901276e-01 -2.614761e+00 1.047696e+00 6.882108e+00 7.169062e+00 7.691257e-01 -2.149379e-02 -2.564316e+00 -3.629549e-01 -3.746633e+00 -6.602256e+00 -1.512927e-01 -7.887230e-01 4.250663e-01 -2.042607e-01 -8.735437e-01 1.202196e+00 1.735088e+00 1.112174e+00 1.442332e+00 2.757958e-01 2.533761e-01 -3.215644e-01 2.919471e-01 0.000000e+00 
1.383142e+00 -3.410918e-01 -2.950382e+00 7.440867e-01 7.823021e+00 9.140602e+00 -1.580184e-01 2.919961e+00 1.494316e+00 9.046731e-01 -1.466219e+00 -5.190416e+00 -1.512927e-01 -6.596209e-01 4.595580e-01 -5.627249e-01 -1.532261e+00 -7.149091e-01 -1.588821e-02 -9.509641e-01 -8.650399e-01 -1.344120e+00 1.281633e+00 1.295015e+00 1.050636e+00 0.000000e+00 
-2.770424e-02 -1.833442e+00 -7.332530e+00 -5.785739e+00 2.717654e+00 2.879081e+00 1.404602e+00 2.767240e-01 -4.081004e+00 1.280298e+00 -1.636954e+00 -4.491036e+00 -1.512927e-01 -2.167625e-01 6.972727e-01 -2.867468e-01 -7.433215e-01 -2.144776e+00 -1.358172e+00 -5.151289e-01 -1.840614e+00 -1.415967e+00 8.142247e-02 1.450433e-01 6.431729e-01 0.000000e+00 
1.324512e+00 3.567310e-01 -5.096443e+00 -2.361659e+00 1.630464e+00 2.354412e+00 -2.854716e+00 -2.995196e+00 -5.922244e+00 9.776659e-01 -1.855569e+00 -5.403408e+00 -1.512927e-01 3.549795e-02 1.380702e+00 6.426775e-01 5.648662e-01 -1.379689e+00 -7.989791e-01 6.470127e-01 -1.574201e+00 -1.800460e+00 5.929020e-01 -1.727604e-01 5.399612e-01 0.000000e+00 
1.842805e+00 3.727580e+00 -2.975464e+00 -1.116040e+00 -7.454935e-01 3.771297e+00 -4.581699e-01 -6.266985e+00 -5.935874e+00 7.661104e-03 -2.826741e+00 -3.279896e+00 -1.512927e-01 -1.284673e-01 1.286665e+00 1.119221e+00 1.813345e+00 3.820674e-01 5.161901e-01 9.890145e-01 -7.042038e-01 -7.683251e-01 -2.763464e-01 -3.760402e-01 3.912438e-01 0.000000e+00 
6.253767e-01 3.781910e+00 -1.915528e+00 1.233568e+00 2.656151e+00 4.699598e+00 4.008431e+00 -1.679187e+00 -6.580550e+00 4.505501e+00 -1.735127e+00 -3.096180e+00 -1.512927e-01 -5.600516e-01 5.236424e-01 4.608706e-01 9.524741e-01 1.037975e+00 3.744087e-01 9.307762e-01 6.588704e-01 4.672066e-01 -5.883586e-01 9.242498e-01 7.221367e-01 0.000000e+00 
-3.204727e-01 2.887293e+00 -3.326884e+00 1.483372e+00 4.115147e+00 4.287438e+00 2.918101e+00 -3.902300e+00 -7.593477e+00 -1.865352e+00 -3.577376e+00 -3.688431e+00 -1.512927e-01 -6.202211e-01 -2.589236e-01 2.900651e-01 5.004259e-01 8.925679e-01 1.235995e+00 1.317401e+00 2.178287e+00 1.582031e+00 -2.311146e-01 6.236724e-01 3.967943e-01 0.000000e+00 
-3.941069e-01 3.395086e+00 -2.616380e+00 1.101007e+00 4.390018e+00 3.968385e+00 1.110294e-01 -8.831870e-01 -2.757409e+00 -1.027621e+00 3.140997e+00 -1.588457e+00 -1.512927e-01 -8.001914e-01 -6.106602e-01 2.538402e-01 -2.621051e-01 -7.693084e-01 1.178253e+00 1.189913e+00 1.494397e+00 1.469732e+00 -8.009820e-01 -5.485100e-01 -2.461859e-01 0.000000e+00 
-7.485590e-01 2.626373e+00 -1.174713e+00 1.452371e+00 2.850413e+00 1.031688e+01 8.077537e+00 4.226451e+00 6.270814e-02 1.618649e+00 -2.146441e+00 -2.049787e+00 -1.512927e-01 -7.375340e-01 -6.543255e-01 6.207479e-01 -3.204725e-01 -7.780311e-01 1.289656e+00 7.843886e-01 9.381672e-01 7.309231e-01 -2.002699e-01 -1.072551e+00 -4.743716e-01 0.000000e+00 
-3.161537e+00 8.590687e-01 -1.722412e+00 -6.145668e-02 -5.580240e-01 7.576145e+00 7.378279e+00 1.728423e+00 -3.059981e+00 -1.241410e+00 -5.193144e+00 -5.146432e+00 -1.512927e-01 -6.336511e-01 -6.765523e-01 4.397088e-01 -2.267662e-01 -3.533413e-01 8.541870e-01 1.319662e-01 -4.011883e-01 -5.910617e-01 -7.842830e-01 -1.845474e+00 -7.617204e-01 0.000000e+00 
-2.624428e+00 8.836743e-01 -6.701285e-01 4.622407e-01 2.699012e+00 8.931840e+00 3.206419e+00 -5.172687e-01 -3.787576e+00 -2.759807e+00 -4.773061e+00 -4.281301e+00 -1.512927e-01 -3.214628e-01 -3.460792e-01 2.061452e-01 -1.456563e-01 2.954235e-01 -1.414383e-01 -1.391410e+00 -1.173313e+00 -8.428162e-01 -1.027531e+00 -4.833156e-01 -3.597899e-01 0.000000e+00 
