-1.091747e+01 1.598960e+00 4.892800e+00 -7.075679e-02 9.301553e+00 -1.928113e+00 5.811668e+00 -5.915531e+00 -6.623888e-02 7.404190e+00 -5.738851e+00 -6.484203e-01 2.217625e-01 1.710709e-01 -3.572038e+00 6.823244e-02 3.459049e+00 -2.342308e+00 -2.371612e+00 -1.296864e+00 5.035176e+00 1.149225e+00 -6.059899e-01 2.897505e+00 -6.334197e-01 -1.361246e-02 
-1.042846e+01 -7.766386e+00 3.235785e+00 9.074916e+00 2.391560e+00 -8.278172e+00 1.573019e+00 7.927392e+00 2.995558e+00 3.728270e+00 -9.926596e-01 -8.106386e+00 1.207275e-01 5.727064e-01 -2.839687e+00 -6.872031e-01 3.181421e+00 -2.094244e+00 -8.263527e-01 2.761885e-01 5.731920e+00 7.920247e-01 -1.066037e+00 2.125619e+00 -4.505931e-01 -2.964886e-02 
-1.030662e+01 -1.157856e+01 6.062469e+00 1.265165e+01 1.045010e+00 -1.061114e+01 1.446671e+00 1.233889e+01 4.148989e+00 6.212201e+00 6.375579e+00 -8.653569e-02 2.042177e-01 5.315851e-01 -6.800813e-01 -1.188250e+00 7.714714e-01 -1.379062e+00 1.058568e+00 7.969693e-01 2.801676e+00 -2.223737e-01 1.422507e-01 1.401083e+00 -3.821339e-01 -3.677584e-02 
-8.359360e+00 -6.010718e+00 8.719490e-01 9.475144e+00 2.958602e+00 -1.718361e+00 9.375109e+00 1.361686e+01 1.786270e+00 2.670000e+00 -1.167971e+00 -3.182328e+00 8.229065e-02 5.738945e-01 2.384459e+00 -1.116042e+00 -1.968699e+00 3.423186e-01 3.613604e+00 1.448040e+00 -1.064822e+00 -4.851706e-01 1.373621e+00 -1.067857e-01 1.694326e-01 -3.270847e-02 
-9.294090e+00 -2.679281e+00 1.334653e-01 3.586486e+00 2.122721e+00 8.482051e-02 5.895470e+00 5.248116e+00 -5.734638e-01 8.644579e+00 1.354222e+00 -5.021119e+00 5.710179e-02 3.000223e-01 2.464368e+00 -1.016133e+00 -2.294275e+00 4.007764e-01 3.581454e+00 1.326037e+00 -1.928226e+00 -1.095029e+00 2.647623e-01 -1.779794e+00 -1.523331e+00 -3.552775e-02 
-8.065248e+00 -2.937317e-01 6.200784e-01 3.764005e+00 3.564297e+00 4.441866e+00 6.588820e+00 6.148666e+00 2.930931e+00 9.380184e+00 9.840908e-01 -4.791932e+00 3.074318e-02 2.206873e-01 1.145556e+00 6.418363e-02 -1.893500e+00 -5.861136e-01 4.572525e-01 -9.013163e-01 -2.809856e+00 -1.239536e+00 6.849063e-01 5.293025e-01 -1.209301e-01 -8.900451e-03 
-8.953562e+00 -2.115210e+00 1.107742e+00 4.035843e+00 2.746045e+00 4.216014e+00 9.470000e+00 6.431856e+00 -1.898485e+00 4.180920e+00 -3.599423e+00 -6.898390e+00 5.235273e-02 4.584526e-01 4.100778e-01 1.757473e-01 -1.240058e+00 -3.171874e-01 4.096243e-01 -3.116844e-01 -1.173641e+00 -1.359503e+00 6.724577e-01 1.383054e+00 7.037299e-01 1.286089e-04 
-7.426188e+00 -5.649738e-01 7.057289e-01 -2.170351e-01 -2.836276e-01 -1.497695e+00 3.081262e+00 -1.024289e+00 -3.748899e+00 8.326361e+00 3.955364e+00 -2.848344e+00 4.016292e-02 1.260714e-01 1.533790e-01 3.425897e-02 -9.429625e-01 4.042335e-02 9.371431e-01 -8.710958e-01 -2.662263e+00 -2.142912e+00 4.386919e-01 6.495903e-01 -1.553649e-01 6.002224e-03 
-7.321358e+00 -4.932709e-01 9.693764e-01 -6.232854e-01 2.460746e+00 5.102723e+00 6.090827e+00 2.966390e+00 -4.031065e+00 1.253378e+01 6.783854e+00 -2.474264e+00 5.303496e-02 6.630171e-01 7.800885e-01 2.551500e-01 -1.181176e+00 -5.404336e-01 1.050599e+00 -1.264376e+00 -1.982175e+00 5.135622e-02 5.971836e-01 -6.196809e-01 1.505097e-01 8.867920e-04 
-8.250994e+00 -3.378065e-01 8.605559e-01 1.378758e+00 3.909063e+00 8.684227e+00 3.922928e+00 -5.429914e+00 -6.717340e+00 7.397214e+00 -9.595958e-01 -7.780819e+00 6.041318e-02 4.924251e-01 2.287269e-01 1.099030e+00 -2.663696e-02 -2.742721e-01 2.094723e+00 -2.958656e-01 -1.156578e+00 -6.575179e-03 -6.986705e-01 -2.172538e+00 -1.150710e+00 4.441834e-03 
-5.226073e+00 1.671649e+00 2.306078e+00 -2.667932e+00 -2.052468e+00 4.378045e+00 2.727289e+00 -1.276206e+00 -1.574838e-01 7.631411e+00 -4.240348e+00 -3.679603e+00 4.666156e-02 5.758753e-02 -4.057625e-01 1.343446e+00 3.019978e-01 -3.527830e-01 8.797477e-01 -2.173345e-01 -6.292082e-01 7.311269e-01 9.973874e-02 -3.467917e-01 -1.535462e-01 3.293794e-03 
-6.011704e+00 -5.037990e-01 5.532530e+00 6.721035e-01 6.016196e-01 9.338258e+00 3.283702e+00 -4.685880e+00 -5.718566e+00 7.284192e+00 -1.395226e+00 -7.999223e+00 6.555879e-02 -6.623269e-01 -7.891825e-01 2.210691e-01 2.241704e-01 -3.026352e-01 -5.764272e-01 5.519640e-02 1.381299e+00 1.086399e+00 1.114296e+00 1.218573e+00 1.417988e+00 -4.879636e-03 
-8.153065e+00 -2.439087e+00 5.350619e+00 1.240031e+00 2.350553e+00 9.174446e+00 5.323767e+00 -5.516682e-01 -8.748176e-01 1.308898e+01 5.267710e+00 -3.132792e+00 6.693113e-02 -4.479880e-01 -1.252596e+00 -6.232294e-01 -3.203028e-01 -5.535741e-01 -2.601275e+00 -2.079973e+00 7.564266e-01 7.338782e-01 -9.287958e-01 -1.710363e-01 1.864528e-01 4.601860e-03 
-1.009913e+01 -2.228351e+00 4.436308e-01 5.456282e-01 1.943766e-01 3.403891e+00 2.900671e+00 1.114311e+00 -9.266782e-01 1.023991e+01 3.792409e-01 -9.642873e-01 2.588022e-02 3.655976e-01 -3.979801e-01 -2.100103e-01 -1.346105e+00 -8.076409e-01 -3.506945e+00 -2.790697e+00 8.893158e-01 1.765822e+00 -2.342726e+00 -2.811219e+00 -5.854375e-01 1.853026e-02 
-5.422299e+00 -3.729056e+00 1.734381e+00 -4.206208e+00 -4.616717e+00 -5.661145e+00 -7.481058e+00 -3.941686e-01 1.115963e+00 1.509573e+00 -5.982763e+00 -6.264808e+00 8.951014e-02 9.614487e-01 -1.146433e-01 -1.043337e+00 -3.850760e-01 6.254137e-01 -1.304094e+00 -1.792695e-01 2.132338e-01 -1.896774e+00 -3.522460e+00 -1.531854e+00 -2.996385e-01 1.016182e-02 
-5.549099e+00 -1.848715e+00 6.290598e+00 -3.335302e+00 4.705060e-02 -7.786742e-01 -4.267370e+00 -3.180505e-01 2.115153e+00 1.360264e+00 -9.826083e+00 -9.360403e+00 1.469206e-01 7.773662e-01 3.976088e-01 -1.200516e+00 7.557102e-02 1.908174e+00 1.315467e+00 2.717251e+00 8.811728e-01 -2.411670e+00 -1.564050e+00 2.541459e+00 1.575754e+00 4.158997e-03 
-5.620838e+00 -3.202122e+00 -2.789551e+00 1.255116e+00 5.551284e+00 4.745259e+00 8.011440e+00 1.230681e+00 -1.187960e+01 -8.349180e-02 2.711100e+00 -4.329267e-01 5.722004e-02 8.182168e-01 1.586871e+00 -1.314078e+00 1.408155e+00 3.533261e-01 2.257819e-01 2.501754e+00 1.132978e+00 -1.463258e+00 6.492713e-01 3.511487e+00 2.465988e+00 -7.577032e-03 
-6.113032e+00 -5.037745e-01 -3.296983e+00 -1.807179e+00 4.651246e+00 4.778023e+00 8.740679e+00 4.707750e+00 -6.487244e+00 3.216192e+00 8.739606e+00 3.998541e+00 6.282026e-02 5.584653e-01 2.024603e+00 -2.522797e-01 1.164958e+00 -6.519937e-01 -8.377855e-01 -3.691697e-01 -7.493170e-02 7.397755e-01 1.429000e+00 1.426152e+00 1.676921e+00 -5.383796e-03 
-1.049249e+00 3.532827e+00 -4.221809e-02 2.070505e+00 -5.152184e+00 -7.310584e+00 -1.476311e+00 2.757821e+00 -1.899126e+00 3.827966e+00 2.291831e+00 -6.143384e-01 9.367514e-02 9.699726e-02 1.157745e+00 1.363744e+00 2.031423e+00 5.947012e-01 -8.721682e-01 -3.584301e+00 -1.388624e+00 3.890846e+00 2.371493e+00 -8.771217e-01 -1.192697e+00 1.405196e-02 
-5.042567e+00 4.906827e+00 3.655533e+00 2.081791e+00 2.138816e+00 1.060320e+00 -1.369344e+00 -1.456279e+00 8.237925e-01 6.549533e+00 -2.485689e+00 -8.850901e-01 1.017740e-01 -7.379436e-01 -2.863687e-01 -5.062298e-01 2.956046e+00 2.795403e+00 -1.910596e-01 -3.504795e+00 -3.154438e+00 1.456543e+00 1.114414e+00 -1.308915e+00 -1.376334e+00 3.672446e-02 
-5.671084e+00 -1.186984e-01 5.529093e-01 9.467747e+00 9.781006e+00 2.243269e+00 -4.855052e+00 -2.630425e+00 3.919109e+00 1.010730e+01 3.938138e+00 -3.954594e+00 1.080030e-01 -2.682889e+00 1.756878e-01 -1.668396e+00 1.608098e+00 3.416341e+00 2.604521e+00 2.044947e-01 -3.152115e+00 -1.090670e+00 -1.997330e-01 -6.882108e-01 -1.024746e+00 8.209197e-02 
-7.491833e+00 -1.098552e-01 -6.125696e+00 9.274429e+00 1.116167e+01 -9.542016e-01 -7.093925e+00 -8.370314e+00 -2.113648e+00 5.648595e+00 1.371875e+00 -1.213002e+00 2.392786e-01 -1.200864e+00 9.227470e-01 -6.049023e-01 -4.097638e-02 3.607103e-01 8.498350e-01 2.153647e+00 -8.465451e-01 -8.621720e-01 -1.321460e-01 2.686739e-03 -1.554043e-01 4.368801e-02 
-1.323906e+01 6.919607e+00 -3.493584e+00 6.514675e+00 7.418096e+00 6.719283e+00 2.408453e+00 -9.545738e+00 -5.883758e+00 3.279770e+00 -3.078005e+00 -5.574111e+00 4.353827e-01 6.738172e-01 3.328598e-01 -7.106967e-01 -2.165212e+00 -8.837997e-01 1.291772e+00 1.705735e+00 9.570061e-01 -5.497415e-02 1.051340e+00 1.380863e-01 8.595126e-01 -5.151493e-03 
-7.262898e+00 6.001410e+00 2.654268e+00 3.353445e+00 5.123823e+00 3.071488e+00 5.767139e+00 -2.231348e+00 1.414365e+00 9.302570e+00 1.035816e+00 -8.523531e-01 1.565242e-01 7.251844e-01 -1.990620e+00 7.779489e-02 -2.005615e+00 1.013082e+00 2.669005e+00 1.210371e+00 1.368716e+00 1.468542e+00 2.126459e+00 7.480113e-01 9.848251e-01 -2.667455e-02 
-2.416466e+00 -1.510032e+00 -7.390556e+00 1.602180e+00 8.380930e+00 6.689283e+00 -2.756910e+00 -9.148782e-01 1.880232e+00 1.353702e+01 4.796599e+00 1.626439e-01 1.236227e-01 8.222686e-01 -2.557344e+00 5.327812e-01 -1.337924e+00 8.022851e-01 8.175397e-01 -9.852280e-02 1.375743e+00 1.593575e+00 1.411221e+00 1.837236e+00 1.763012e+00 -5.870484e-02 
-9.277208e+00 -5.848138e+00 -3.788236e+00 1.702604e+00 1.574566e+01 1.240582e+01 1.540612e+00 -5.842165e+00 1.347065e+00 1.115227e+01 1.174630e+00 8.427458e-01 2.617859e-01 -3.223427e-01 -8.969296e-01 7.040910e-01 -1.007238e-01 -6.810247e-01 -5.701983e-01 -1.535111e-01 9.076994e-01 -1.210442e+00 -1.992430e+00 3.687643e-01 3.191781e-02 -2.434376e-02 
-8.120564e+00 5.766046e-02 2.391574e+00 6.504771e-01 6.118600e+00 6.139813e+00 4.029103e+00 -8.616148e-01 2.117769e+00 9.411027e+00 6.038767e+00 2.393402e+00 8.922768e-02 -1.394434e+00 -3.485495e-01 3.097616e+00 2.376374e+00 -9.958240e-01 -2.309523e+00 2.829427e+00 2.379214e+00 -5.072396e-01 -2.198930e+00 -7.036902e-01 -4.723685e-02 -1.853389e-02 
-6.022563e+00 7.329162e-01 1.283658e+00 3.325677e+00 2.849864e+00 4.952317e-01 1.606577e+00 2.280518e+00 -4.756616e+00 1.403411e+00 2.258554e+00 -1.808143e+00 5.200291e-02 -3.544828e-01 -1.018389e+00 2.329176e+00 2.824136e+00 -1.316828e+00 -3.369776e+00 3.748213e+00 2.964193e+00 -1.551589e+00 -1.218138e+00 -2.507164e-01 7.383208e-01 -2.132219e-03 
-1.101596e+01 -6.543306e+00 5.561576e+00 1.267251e+01 9.849710e+00 1.096965e+00 1.135724e+01 6.919851e+00 2.395874e+00 7.416791e+00 7.361856e-01 1.251904e+00 1.358448e-01 -1.248244e-01 -1.086265e+00 3.339714e-01 2.244204e+00 1.244306e-01 -8.872434e-01 1.735067e+00 6.687317e-01 -1.333970e+00 5.847510e-01 -7.907524e-01 -3.440271e-02 1.306503e-02 
-9.601925e+00 -7.639602e+00 6.272646e+00 9.812265e+00 7.295969e+00 -1.921630e+00 1.661761e+01 5.088067e+00 -6.549934e+00 6.058696e+00 2.572339e+00 5.105099e+00 2.278162e-01 -7.271795e-02 -1.067086e-01 -1.012849e+00 -3.805553e-01 8.406644e-02 1.347154e+00 8.352011e-01 3.879899e-01 1.586760e+00 3.161176e+00 9.211363e-01 -3.241763e-01 -1.063238e-02 
-6.955005e+00 -1.187408e+00 1.566937e+00 8.628201e+00 4.517701e+00 2.912027e+00 5.198926e+00 1.078269e+00 -3.655423e+00 1.000714e+01 1.928113e+00 -1.235233e+00 6.664616e-02 6.555732e-01 1.481613e+00 -2.475981e+00 -2.084750e+00 -3.342094e-01 2.022093e+00 -1.921253e+00 -2.338605e-01 1.659394e+00 2.862186e+00 1.956576e+00 -2.662527e-01 -3.707466e-02 
-8.416630e+00 -2.478576e+00 -1.783269e+00 3.445058e+00 5.936201e+00 6.323471e+00 8.861741e+00 7.141258e+00 6.202831e+00 1.591411e+01 6.268271e+00 -2.185456e+00 3.344029e-02 -4.281902e-03 1.416071e+00 -1.900430e+00 -1.790573e+00 1.760170e-01 1.439339e+00 -2.497031e+00 6.101838e-01 2.716038e+00 1.662140e+00 1.282191e+00 -4.493453e-01 -3.960563e-02 
-8.330740e+00 -1.715755e+00 -2.790369e+00 5.432366e+00 8.858547e+00 7.084878e+00 5.628911e+00 4.723953e+00 4.316461e+00 1.680001e+01 8.671100e+00 3.565918e+00 4.765946e-02 -4.274820e-01 7.095148e-02 -7.470646e-01 -1.752998e+00 -2.077829e-01 -1.013043e-01 -1.209252e-01 1.200096e+00 1.519361e+00 6.354917e-01 5.445576e-01 -1.091277e-01 -5.259919e-03 
-8.935467e+00 -2.950748e-01 -1.050850e+00 2.457315e+00 6.005631e+00 3.188641e+00 3.917458e+00 6.316144e+00 3.044316e+00 1.097296e+01 5.611799e+00 4.577971e-01 3.928143e-02 4.362753e-01 5.551552e-01 2.062495e-01 -1.054837e+00 -1.818607e+00 -2.291639e+00 -2.049873e+00 -1.691033e+00 -1.557625e+00 -1.862258e+00 -1.295335e+00 -1.243160e+00 -4.971623e-05 
-8.832996e+00 -1.924401e+00 -2.534595e+00 3.570812e-01 3.444071e+00 3.972920e+00 7.066442e+00 7.491304e+00 5.520642e+00 1.565518e+01 4.979137e+00 -3.102498e+00 3.742599e-02 8.780060e-01 1.085513e+00 8.923526e-01 -8.576726e-01 -2.047216e+00 -2.078050e+00 -2.168985e+00 -2.416947e+00 -2.377292e+00 -2.564056e+00 -1.822942e+00 -2.518028e+00 -2.834392e-03 
-5.984125e+00 4.015230e-01 -8.799086e-01 7.085150e-01 -4.495989e-01 -3.578747e+00 -2.106390e+00 -2.697583e+00 -2.187383e+00 7.175244e+00 1.637580e+00 -5.067046e+00 3.830844e-02 8.235761e-01 6.834360e-01 9.639829e-01 -1.542891e-01 -1.147427e+00 -1.923372e-01 -1.031851e+00 -2.343781e+00 -2.833966e+00 -2.393641e+00 -7.999022e-01 -9.312023e-01 -1.958829e-03 
-5.416381e+00 3.363510e+00 1.585923e+00 2.018404e+00 1.850080e+00 7.832289e-02 -2.204092e+00 -2.853920e+00 -4.954149e+00 5.878588e+00 1.543499e+00 -6.261803e+00 3.397399e-02 2.221132e-01 9.760123e-01 1.270458e+00 3.709089e-01 -3.545536e-01 3.457891e-01 -4.962029e-01 -1.494974e+00 -2.022213e+00 -2.583009e+00 -8.475709e-01 1.911168e-01 -1.628417e-03 
-6.525894e+00 4.781500e-01 1.708806e+00 8.552083e-01 1.065492e+00 4.174253e+00 3.393470e+00 -2.301478e-01 -5.888121e+00 3.893045e+00 3.330107e+00 -2.618562e+00 3.121328e-02 -6.784528e-01 3.030717e-01 9.577015e-01 5.468777e-01 9.302492e-01 1.989516e+00 1.335299e+00 1.892563e-01 7.858812e-01 5.932222e-01 -7.926496e-01 1.895711e-01 -4.111290e-04 
-7.451546e+00 2.917347e+00 2.523335e+00 2.138279e+00 9.137578e-01 1.825366e+00 1.835497e+00 -1.217281e+00 -2.740052e+00 4.381233e+00 -1.049806e-01 -3.371156e+00 3.283149e-02 -5.098686e-01 -3.168481e-01 -2.414088e-01 2.247157e-01 -3.349924e-02 7.439727e-02 2.277738e-01 -2.322187e-01 1.113602e+00 1.685163e+00 -5.444802e-01 4.314196e-01 4.667103e-04 
-8.358807e+00 2.139963e+00 3.439893e+00 3.382966e+00 4.669808e+00 5.495309e+00 2.550310e+00 -2.569621e+00 6.349752e-01 1.089003e+01 -1.501428e+00 -5.564515e+00 3.682405e-02 1.037075e+00 -1.590494e-01 -2.272738e+00 -8.984107e-01 2.733446e-01 -2.519944e+00 5.934959e-01 -5.857790e-01 2.369915e+00 -1.436233e-01 -2.653778e-01 6.640096e-01 4.714869e-02 
-7.049268e+00 9.483632e-01 -4.866643e-01 1.878103e+00 -1.195744e-01 -2.102187e-01 -6.436431e-01 -2.845277e+00 -2.647689e+00 1.080591e+01 1.236865e+00 -2.631729e+00 3.350216e-02 2.446157e+00 -1.587510e-01 -4.353291e+00 -4.366252e-01 -7.992547e-02 -3.679511e+00 1.484964e+00 -9.284285e-01 3.840039e-01 -2.882460e+00 -1.689178e+00 2.847507e+00 1.347437e-01 
-1.541659e+00 6.673950e-01 -8.149883e+00 -3.506757e+00 2.948881e+00 -7.407673e+00 7.600519e+00 -2.345045e+00 5.915270e+00 -3.740788e-02 1.332295e+00 3.317728e-01 2.666214e-01 4.468389e+00 -6.468916e-01 -5.270365e+00 -1.140160e+00 -1.545903e+00 -4.318927e+00 4.324586e-01 -4.641174e-01 1.610597e-01 -4.239961e+00 -1.807943e+00 4.836423e+00 2.182638e-01 
1.370667e+00 2.859876e+00 -1.344823e+01 3.400014e+00 1.374594e+00 -1.012070e+01 6.735214e+00 -5.971712e+00 -3.460180e+00 -4.567345e+00 -9.967730e+00 7.918237e+00 5.916511e-01 4.938280e+00 -1.799892e+00 -2.861071e+00 -1.732358e+00 -1.873275e+00 -1.743702e+00 -1.414231e+00 -5.382186e-01 2.257426e+00 -4.425410e+00 3.076953e-01 4.690101e+00 2.420249e-01 
9.773168e+00 -2.050252e+00 -1.643115e+01 -3.078790e+00 -3.806790e+00 -1.114409e+01 1.023175e+00 -3.326990e+00 1.846519e+00 -2.623149e+00 -4.938845e+00 1.334262e+01 8.490688e-01 3.998759e+00 -2.649451e+00 3.641527e-01 -2.205038e+00 -2.336706e+00 4.602996e-01 -4.111782e+00 -2.891358e-01 2.058881e+00 -2.489968e+00 2.222694e+00 3.639426e+00 1.750339e-01 
1.198472e+01 -6.692275e+00 -1.065139e+01 -6.997671e+00 -6.108116e+00 -7.060522e+00 -4.426125e+00 -5.045397e+00 1.067382e+01 -1.002827e+01 5.910912e+00 1.431335e+01 9.524031e-01 2.607406e+00 -2.085958e+00 2.305378e+00 -3.508525e+00 -1.402160e+00 1.207603e+00 -3.769372e+00 1.684958e-01 3.803010e+00 -2.088443e+00 3.493484e+00 1.597196e+00 8.265160e-02 
1.314511e+01 -7.803785e+00 -7.727541e+00 -9.333102e+00 -4.993296e+00 -6.636263e+00 -7.377723e+00 -4.253881e+00 9.142676e+00 -9.756783e+00 4.506442e+00 1.533135e+01 9.614150e-01 6.496459e-01 -4.777210e-01 3.116843e+00 -2.467032e+00 -6.928444e-05 9.102079e-01 -2.389507e+00 4.719222e-02 1.682204e+00 -2.051672e+00 1.557296e+00 1.149178e-01 2.283565e-02 
1.272173e+01 -4.693146e+00 -6.273143e+00 -1.101546e+01 -5.042956e+00 -6.336597e+00 -7.911195e+00 -4.665788e+00 1.190679e+01 -1.144274e+01 2.777049e+00 1.490985e+01 9.487360e-01 -9.214211e-02 7.364828e-01 1.922975e+00 -1.874186e+00 3.257726e-01 1.742775e-01 -1.163640e+00 2.067763e-01 6.223965e-02 -1.326518e+00 8.333347e-02 -4.117431e-02 7.699871e-03 
1.265289e+01 -5.438422e+00 -3.036059e+00 -1.340506e+01 -4.339717e+00 -6.955011e+00 -9.181825e+00 -3.280834e+00 9.641053e+00 -1.217427e+01 4.414565e+00 1.361896e+01 9.650806e-01 -4.021237e-01 8.546830e-01 1.326936e+00 -1.425175e+00 -7.951608e-02 3.106691e-01 -6.141776e-01 1.819760e-01 -7.380123e-02 -1.702851e+00 6.026067e-01 4.178112e-01 1.131460e-02 
1.177011e+01 -4.192543e+00 -3.382252e+00 -1.433262e+01 -4.806043e+00 -6.029760e+00 -9.342274e+00 -4.498039e+00 1.073583e+01 -1.545212e+01 6.373518e+00 1.496368e+01 9.890696e-01 -2.078675e-01 3.882747e-01 9.713361e-01 -9.034227e-01 -6.087621e-01 1.075713e+00 -7.887583e-01 4.408687e-01 -9.810206e-01 -1.783630e+00 1.401548e+00 5.259409e-01 1.352686e-02 
1.161030e+01 -3.780672e+00 -2.538307e+00 -1.480040e+01 -5.509333e+00 -5.236336e+00 -9.733071e+00 -3.427876e+00 9.359154e+00 -1.626635e+01 5.721241e+00 1.739349e+01 9.978212e-01 6.284435e-02 5.606489e-01 6.404481e-01 -4.450395e-01 -9.132981e-01 1.494933e+00 -7.921432e-01 2.830843e-01 -1.149854e+00 -1.394973e+00 9.154429e-01 1.697884e-01 6.060320e-03 
1.220369e+01 -3.580648e+00 -1.665339e+00 -1.483490e+01 -7.501959e+00 -1.817371e+00 -1.157936e+01 -2.387923e+00 7.142640e+00 -1.831485e+01 9.131453e+00 1.565229e+01 1.000000e+00 3.229231e-01 1.538926e-01 1.086094e+00 -2.124058e-01 -1.113344e+00 1.464226e+00 -1.016090e+00 4.015004e-01 -1.018452e+00 -4.708267e-01 -2.033339e-02 -3.175993e-01 -5.061865e-04 
1.275033e+01 -2.941124e+00 -6.922749e-01 -1.537912e+01 -7.558249e+00 -1.586543e+00 -1.202400e+01 -2.920470e+00 5.688375e+00 -1.771777e+01 7.612812e+00 1.412359e+01 9.899170e-01 3.460426e-01 3.474731e-01 1.141684e+00 -8.479424e-02 -1.503369e+00 1.204334e+00 -1.095700e+00 5.775405e-01 -5.815696e-01 -6.562843e-02 -9.573036e-01 -4.384895e-01 -4.531145e-03 
1.281471e+01 -3.842854e+00 1.125199e+00 -1.510529e+01 -9.348306e+00 -5.335281e-01 -1.327726e+01 -2.744240e+00 7.478954e+00 -1.708054e+01 5.326065e+00 1.501063e+01 9.904908e-01 4.065400e-01 3.518637e-01 1.130546e+00 -1.657243e-01 -1.255921e+00 8.934580e-01 -1.306747e+00 1.204179e+00 -4.181046e-01 2.222839e-01 -2.017864e+00 -1.021147e-01 -8.445377e-03 
1.303500e+01 -1.912204e+00 1.774844e+00 -1.508917e+01 -1.210300e+01 1.434121e-01 -1.436262e+01 -3.620150e-01 6.283149e+00 -1.721165e+01 2.837417e+00 1.552187e+01 9.799200e-01 3.218092e-01 5.776979e-01 7.377836e-01 1.829004e-01 -1.459101e+00 1.190089e+00 -1.347376e+00 1.315116e+00 -3.214572e-01 -2.128834e-01 -1.674132e+00 -3.878960e-01 -1.198204e-02 
1.409405e+01 -2.335790e+00 2.753833e+00 -1.580850e+01 -1.150919e+01 1.784941e+00 -1.694378e+01 2.353745e+00 4.754730e+00 -1.745650e+01 1.429832e+00 1.444258e+01 9.627716e-01 1.604908e-01 1.047847e+00 3.628255e-01 1.131967e-01 -9.149283e-01 7.117996e-01 -5.932465e-01 6.553336e-01 -1.532071e-01 -9.757131e-01 -1.035331e+00 -6.302670e-01 -1.712780e-02 
1.371970e+01 -8.061668e-01 2.182326e+00 -1.411301e+01 -1.377331e+01 3.204668e+00 -1.692761e+01 1.106117e+00 5.443202e+00 -1.859422e+01 1.190269e+00 1.246814e+01 9.438664e-01 1.616311e-01 9.893664e-01 1.010759e-01 5.584382e-01 -6.634892e-01 5.521029e-01 -3.272041e-01 5.710898e-02 6.996525e-01 -1.820585e+00 9.384987e-02 -1.563859e+00 -2.157257e-02 
1.327481e+01 8.433613e-01 2.735586e+00 -1.502739e+01 -1.308779e+01 1.494842e+00 -1.496100e+01 -2.016377e-01 7.132893e+00 -2.126783e+01 9.729840e-01 1.338616e+01 9.228786e-01 2.643709e-02 1.352967e+00 -1.858564e-01 8.623959e-01 -1.083714e+00 7.178978e-02 7.980381e-01 -2.304278e-01 9.279587e-01 -2.105674e+00 4.797693e-01 -1.918386e+00 -2.459383e-02 
1.425277e+01 1.445052e+00 2.289347e+00 -1.268753e+01 -1.463115e+01 3.048976e+00 -1.699004e+01 1.201221e+00 8.592330e+00 -2.440891e+01 3.535090e+00 8.230785e+00 8.920037e-01 1.823260e-01 1.505898e+00 -1.445277e-01 8.885314e-01 -6.659628e-01 -6.619431e-01 1.188070e+00 1.531245e-01 3.438897e-01 -9.860646e-01 5.999338e-02 -2.243194e+00 -2.920801e-02 
1.395971e+01 3.303433e+00 1.771040e+00 -1.220926e+01 -1.649884e+01 2.221736e+00 -1.292238e+01 1.154054e+00 7.819960e+00 -2.507752e+01 2.656268e+00 6.969325e+00 8.657338e-01 3.519651e-01 1.797420e+00 -3.297899e-01 1.130579e+00 -3.682802e-01 -1.197722e+00 1.476032e+00 -1.150622e-02 8.065631e-01 -3.563219e-01 -8.568023e-01 -2.337571e+00 -3.344610e-02 
1.428889e+01 5.493285e+00 1.941960e+00 -1.107942e+01 -1.539760e+01 -4.684940e-01 -1.200657e+01 1.193893e+00 6.819117e+00 -2.161969e+01 6.485939e-01 4.460588e+00 8.263987e-01 4.839851e-01 2.578508e+00 -1.522322e+00 1.894043e+00 5.107054e-01 -2.563284e+00 2.442722e+00 -9.604920e-01 2.711195e-01 2.009722e+00 -2.621035e+00 -1.342046e+00 -3.607218e-02 
1.501658e+01 7.806346e+00 1.260330e+00 -1.017855e+01 -1.454597e+01 -2.735034e+00 -1.007257e+01 -2.555048e-01 1.205231e+01 -2.444404e+01 -1.867779e+00 3.583405e+00 7.884506e-01 2.888602e-01 2.666853e+00 -1.237463e+00 2.145469e+00 6.563064e-01 -2.464139e+00 2.595072e+00 -1.506729e+00 -8.627973e-01 3.382993e+00 -2.832337e+00 -4.550553e-01 -3.898885e-02 
1.614426e+01 1.208613e+01 -5.066907e+00 -4.232672e+00 -1.305406e+01 -7.289058e+00 -6.201334e+00 -2.896460e+00 7.831750e+00 -1.467704e+01 -7.308064e+00 3.213514e+00 7.502844e-01 -1.511390e-01 1.888633e+00 2.585577e-01 1.637258e+00 4.098816e-01 -1.626643e+00 2.583679e+00 -2.082813e+00 -1.486708e+00 3.439579e+00 -1.959365e+00 4.626061e-01 -3.978001e-02 
1.447632e+01 1.334127e+01 -9.118407e-01 -4.905284e+00 -1.438908e+01 -6.688677e+00 -2.849642e+00 -4.334417e+00 2.999657e+00 -1.163388e+01 -7.527087e+00 5.317586e+00 7.088467e-01 -4.191466e-01 1.498201e+00 1.338561e+00 8.082027e-01 6.198531e-01 -1.357224e+00 1.908038e+00 -1.637210e+00 -2.342838e+00 4.026561e+00 -6.706152e-02 2.949954e-01 -3.962939e-02 
1.380332e+01 1.216899e+01 4.320834e+00 -5.529767e+00 -1.342664e+01 -6.624889e+00 -2.699642e+00 -7.180715e+00 3.911905e+00 -1.082688e+01 -6.318578e+00 5.906528e+00 6.673006e-01 -7.080088e-01 1.055357e+00 2.397150e+00 6.081825e-01 3.032004e-01 -1.665684e+00 1.269668e+00 3.984480e-01 -1.571292e+00 2.801322e+00 1.722535e+00 -6.463593e-01 -4.221908e-02 
1.409131e+01 1.525593e+01 3.259264e+00 -5.488989e+00 -1.126041e+01 -9.853239e+00 -2.283227e+00 -6.299424e+00 2.298046e+00 -6.236317e+00 -2.697830e+00 3.711874e+00 6.317955e-01 -3.524512e-01 -2.457289e-01 3.954911e-01 1.627548e+00 9.105551e-01 -1.622454e+00 2.095276e+00 2.197448e+00 -1.916698e+00 3.080024e+00 2.839067e+00 -1.879395e+00 -4.559208e-02 
1.279672e+01 1.640560e+01 4.833289e+00 -8.999069e-01 -1.310239e+01 -1.403519e+01 -1.362014e-01 7.828414e-02 3.260982e-01 -3.369210e+00 -1.110016e+00 7.845731e-01 5.777146e-01 -4.718034e-01 -1.537677e+00 -1.435103e+00 2.915389e+00 2.511324e+00 -9.623547e-02 3.043535e+00 2.034537e+00 -3.802008e+00 3.009450e+00 3.779741e+00 -1.975149e+00 -5.249531e-02 
1.321737e+01 9.994325e+00 8.093876e-01 9.175261e-01 -9.998429e+00 -1.109580e+01 6.345017e+00 3.023322e+00 -4.790930e+00 3.740501e-02 4.063968e+00 -1.518413e+00 5.256793e-01 -1.084924e+00 -3.819494e+00 -1.229385e+00 3.568822e+00 3.250997e+00 1.144464e+00 3.236649e+00 1.448614e+00 -3.336800e+00 2.419042e+00 2.843033e+00 -1.314460e+00 -5.823647e-02 
1.188128e+01 7.111401e+00 -1.629745e+00 5.843919e+00 -1.501006e+00 -6.484788e+00 8.203910e+00 -1.669403e+00 -1.155365e+01 1.083515e+00 9.199230e+00 -1.354071e+00 4.578821e-01 -1.544897e+00 -4.266690e+00 -5.928716e-01 3.214308e+00 4.405587e+00 1.827918e+00 9.800159e-01 1.152363e+00 1.730201e-01 1.674330e+00 1.151350e+00 -9.447682e-01 -4.959534e-02 
9.124414e+00 8.055528e-01 3.438554e-01 8.983211e+00 -8.061205e-01 -7.906121e+00 9.729962e+00 1.817491e+00 -8.446083e+00 3.632532e+00 6.362712e+00 -1.791102e+00 4.005294e-01 -2.017944e+00 -3.280015e+00 8.534190e-01 2.889257e+00 3.894536e+00 2.972609e+00 1.120213e-01 1.300731e+00 2.936160e+00 1.368374e+00 -2.611250e+00 -1.766228e+00 -4.237602e-02 
7.118711e+00 -3.334707e-01 2.101696e+00 1.113879e+01 4.329388e+00 -6.490441e+00 3.071406e+00 6.443015e+00 3.018775e+00 3.204875e+00 3.497364e+00 -3.802923e+00 3.923128e-01 -2.407259e+00 -3.405471e+00 2.827235e+00 8.026806e-01 5.262907e-01 4.430417e+00 3.641200e-01 1.515540e+00 4.010791e+00 9.776182e-01 -4.147153e+00 -1.396773e+00 -1.530393e-02 
5.508928e+00 -2.683313e+00 3.210762e+00 1.271638e+01 6.559053e+00 3.770074e+00 9.471375e+00 5.470766e+00 2.603657e+00 5.818596e+00 -6.141349e+00 -9.125128e+00 3.465839e-01 -2.007445e+00 -9.429854e-01 1.719840e+00 -1.011532e+00 -3.094954e-02 5.600515e+00 4.432546e-01 2.793841e-01 1.733350e+00 -7.932853e-01 -2.610906e+00 -1.324468e-01 -1.605183e-02 
1.652725e+00 -8.171522e+00 1.107297e+01 7.990739e+00 -2.552139e+00 9.829199e+00 1.015380e+01 4.081659e+00 2.975442e+00 4.878574e+00 -5.284505e+00 -4.670921e+00 4.083352e-01 -1.586900e+00 -8.491282e-02 -2.554761e-01 -1.316788e+00 1.851949e-01 2.864265e+00 1.007157e+00 -5.806425e-01 -1.651383e+00 -7.370715e-01 -1.861237e+00 -7.569684e-01 -3.152716e-02 
1.820184e+00 9.652257e-03 4.457415e+00 5.499578e+00 2.479895e+00 1.193663e+01 8.405037e+00 4.395090e+00 2.423325e-01 -1.170744e+00 -2.300885e+00 -2.019338e+00 3.122590e-01 -1.301647e+00 3.473634e-01 -2.085630e+00 -1.508373e+00 9.542719e-01 -9.685203e-01 -1.278071e+00 -5.201886e-01 -2.048321e+00 -5.438560e-01 2.346559e-01 -3.450595e-01 -4.227640e-02 
1.028586e+00 -2.104517e+00 2.009898e-01 8.163249e+00 7.294941e+00 3.747604e+00 8.640360e+00 4.077641e+00 -4.057477e+00 3.014187e+00 -7.729054e+00 -1.114066e+01 2.518395e-01 -5.536606e-01 5.857996e-01 -3.806096e+00 -7.325966e-01 2.034447e+00 -2.697983e+00 -1.185869e+00 -1.802856e-01 -1.376868e+00 -1.420765e-01 9.932522e-02 -5.128642e-01 -5.190035e-02 
-6.872368e-01 -3.979999e+00 -1.781394e+00 5.088255e+00 6.406873e+00 1.968270e+00 3.837742e+00 2.871832e+00 -4.121491e+00 4.031509e+00 -3.745794e+00 -7.615556e+00 2.134498e-01 -7.389448e-01 -4.616259e-01 -1.803145e+00 -1.224361e+00 4.744697e-01 -1.992461e+00 -1.267059e+00 -4.608348e-01 3.221390e-01 1.751833e+00 7.113697e-01 6.481491e-01 -3.106989e-02 
1.381321e-01 -3.247699e+00 -4.838102e+00 4.533417e+00 5.656608e+00 1.323466e+00 6.508108e+00 3.941860e+00 -1.726989e+00 1.567065e+00 -4.065424e+00 -4.437133e+00 1.982381e-01 -6.055628e-01 1.001446e-01 -8.016176e-01 -1.410651e+00 -7.225096e-01 -4.899616e-01 -1.557032e+00 -1.342781e-01 1.242431e+00 -2.577434e-02 1.779806e+00 2.759258e+00 -1.554594e-02 
-1.429313e+00 -1.726886e+00 -2.038763e+00 1.192687e+00 5.671410e+00 3.186396e+00 3.135869e+00 2.158806e+00 6.877835e-01 8.311981e+00 -5.758518e-01 -2.130356e+00 1.837103e-01 -2.631082e-01 5.400794e-01 -6.381235e-02 -9.701059e-01 -7.065148e-01 4.680134e-01 -1.545043e+00 -2.566541e-01 -1.292725e+00 -1.653003e+00 1.243426e+00 1.876906e+00 -7.472986e-03 
-1.628190e+00 -2.730350e+00 -3.678414e+00 3.057779e+00 4.050125e+00 6.887329e-01 1.206138e+00 3.762764e+00 -2.499566e-01 7.450790e-01 -4.149944e-01 -8.697224e-02 1.889795e-01 -3.696947e-01 6.064904e-01 4.395088e-01 -1.197101e+00 -5.541185e-01 1.087425e+00 -1.280672e+00 -1.106818e+00 -2.218512e+00 -5.210816e-01 2.026810e-01 4.243051e-01 -7.750326e-03 
-1.119617e+00 -1.538276e+00 -2.680300e+00 9.755443e-01 3.677540e+00 4.625703e+00 -1.236490e+00 1.678110e+00 -1.132364e+01 -3.822512e+00 6.461212e-01 -4.061069e-01 1.807141e-01 -3.055439e-01 7.024738e-01 7.243955e-01 6.356940e-02 -9.157020e-01 2.683491e-01 1.330508e-02 -5.160356e-01 -1.045037e+00 -7.663871e-01 -1.932624e+00 -2.134578e+00 -1.353198e-02 
-1.865190e+00 -3.095526e-01 -2.319790e+00 -1.343516e+00 3.882951e+00 6.040937e+00 2.290926e+00 -1.351882e+00 -6.813839e+00 5.028903e+00 -3.663006e+00 -3.177732e+00 1.609845e-01 -7.717846e-01 -3.064993e-01 1.796512e+00 9.739501e-01 -1.755658e+00 -4.086966e-01 1.105501e+00 -9.940351e-01 -8.963356e-02 1.238682e+00 -1.613266e+00 -3.246713e+00 -1.178084e-02 
-2.838532e+00 5.750839e-01 9.039026e-01 3.711181e+00 1.176487e+00 1.852039e+00 2.660000e+00 2.135951e+00 -1.255462e+00 2.338134e+00 -8.614964e+00 -1.125787e+01 1.300479e-01 -6.157511e-01 -3.863260e-01 1.382187e+00 1.365345e+00 -1.110360e+00 -1.601305e+00 -3.455030e-01 -8.567441e-01 1.328998e+00 4.811825e-01 -1.633682e+00 -1.896626e+00 -1.600723e-02 
-4.627655e+00 -5.319527e+00 3.512044e+00 6.559711e+00 -3.477641e+00 3.208172e-02 4.785399e+00 -1.436333e+00 -5.732211e+00 3.858165e+00 -3.850784e+00 -1.089466e+01 1.554084e-01 1.468704e-01 -2.588788e-01 -1.596626e-01 9.117640e-01 6.901056e-01 -1.697778e+00 -1.826401e+00 -7.099827e-01 -6.090746e-01 -1.114391e+00 -7.323152e-01 -3.703104e-01 -1.801967e-02 
-2.817140e+00 -9.649187e-01 1.314720e+00 3.850656e+00 1.806038e+00 -3.763927e-01 -4.211242e+00 -2.563385e+00 -5.219459e+00 -8.312297e-01 -7.428401e+00 -6.030774e+00 1.034660e-01 5.427591e-01 4.605173e-01 -9.844719e-01 -6.422983e-01 1.792657e+00 1.633607e-01 -8.067358e-01 -5.748261e-01 -1.625773e+00 -1.609785e+00 6.341114e-02 9.648255e-01 -1.705149e-02 
-1.141534e+00 -8.339453e-01 -3.323511e+00 3.145567e+00 7.018703e+00 -1.333736e+00 -3.405461e+00 -2.552127e+00 -7.877213e+00 1.041630e+00 -7.917864e+00 -7.642831e+00 8.417708e-02 5.149341e-01 1.380695e+00 -6.117786e-01 -4.780251e-01 1.825916e+00 1.703780e-01 -7.944493e-01 -1.809540e-01 -1.815948e+00 -2.469497e+00 -4.004222e-01 4.040246e-01 -1.765953e-02 
-1.867798e+00 6.348797e-01 -6.006795e-01 2.206762e+00 4.891598e+00 3.351752e+00 2.721751e+00 -1.802820e-01 -8.311824e+00 -4.302526e+00 -6.264369e+00 -8.059653e+00 8.040607e-02 -2.463139e-01 1.067041e-01 3.282710e-01 -1.039774e-01 -3.916876e-01 -5.731553e-01 8.197792e-01 6.377376e-01 -3.949856e-01 -7.247398e-01 5.737467e-01 2.414184e-01 -7.032633e-03 
-2.527656e+00 7.840499e-01 1.410851e+00 4.991533e+00 4.109157e+00 -9.801008e-01 -2.653343e+00 -3.532654e+00 -1.326577e+01 -6.753671e+00 -6.434911e+00 -7.860094e+00 7.864076e-02 -2.759376e-01 3.634067e-01 1.187274e+00 3.855794e-02 -1.710375e+00 -4.701112e-01 -4.591606e-02 8.605328e-01 1.251933e+00 -6.601696e-02 7.629563e-01 4.188857e-02 -6.406367e-03 
-3.355648e+00 -1.240396e+00 5.888939e-01 2.407786e+00 1.302374e+00 -3.418987e+00 -4.884044e-01 1.115567e+00 -4.500111e+00 -5.572786e-01 -5.301144e+00 -4.715050e+00 7.107103e-02 -2.217907e-01 3.747686e-01 3.274650e-01 2.735663e-01 -3.437238e-01 -5.371689e-01 -7.040406e-01 2.058468e-01 2.126993e+00 2.422120e+00 9.132244e-01 1.103895e+00 -4.606909e-03 
-1.777297e+00 1.920726e+00 2.018070e+00 3.237844e+00 2.614393e-01 -2.989227e-01 -2.029963e+00 1.102612e+00 -3.523407e+00 -1.161079e+00 -4.584695e+00 -9.105690e+00 5.681276e-02 -3.118282e-01 1.524803e-01 -8.312148e-02 -4.944990e-01 6.247503e-01 -1.318855e-02 -5.616909e-01 -1.338002e+00 9.641399e-01 2.795381e+00 5.442913e-01 3.535192e-01 -5.047006e-03 
-3.351931e+00 1.940384e+00 7.330356e-01 4.451437e+00 5.096838e+00 3.253184e-01 -1.110142e+00 -1.468681e+00 -2.548041e+00 5.011775e+00 -2.623355e+00 -1.917380e+00 6.828552e-02 -2.800527e-01 1.961914e-01 -4.041095e-01 -8.430365e-01 7.651812e-01 -1.422620e-01 -8.411625e-01 -1.032016e+00 -1.539897e-01 7.053095e-01 5.179297e-01 7.207237e-01 -3.410256e-03 
-4.088655e+00 -4.393852e-02 9.231725e-01 1.497212e+00 5.335677e+00 -2.918196e+00 -5.150928e+00 -8.930540e+00 -9.421102e+00 4.438709e+00 -5.052349e+00 -7.491333e+00 5.479848e-02 -3.906947e-01 -3.024728e-01 -5.127846e-01 -9.624048e-01 7.552289e-01 4.897525e-01 -3.468177e-02 -3.122952e-02 -3.523262e-01 -6.062415e-01 -1.498916e-01 8.980467e-01 -6.343901e-04 
-3.600232e+00 7.228936e-01 -8.842046e-01 -9.370801e-01 2.591161e+00 -2.820660e+00 -3.133734e+00 9.720645e-01 -2.321212e+00 1.693745e-01 -2.477668e+00 -1.918610e+00 5.502689e-02 5.205724e-01 7.361854e-01 -2.295243e-01 -5.440216e-01 -8.649281e-01 8.382486e-01 4.315790e-01 4.992299e-01 5.648167e-02 -2.112858e+00 6.133161e-02 -5.790481e-01 1.395136e-03 
-3.606620e+00 1.017108e+00 2.627677e-01 1.120079e+00 5.290422e+00 3.722829e+00 -1.191576e+00 -2.739085e-01 -5.398452e+00 -1.771086e+00 -5.406997e+00 -4.614841e+00 6.027013e-02 6.002655e-01 1.047508e+00 2.671174e-01 8.135889e-01 -9.165418e-02 1.847692e+00 1.542014e+00 5.301669e-01 1.919877e-01 -7.298688e-01 3.860008e-01 -1.142262e+00 3.820240e-03 
-9.900866e-01 5.090788e+00 -8.438373e-02 1.919896e+00 7.948247e-01 1.196049e+00 -9.319232e-01 -3.300848e+00 -4.276958e+00 -2.447616e+00 -2.139373e+00 -6.250866e+00 7.252538e-02 3.629882e-01 6.566066e-01 7.082188e-01 1.316409e+00 6.853977e-01 1.485421e+00 1.183375e+00 -1.409997e+00 -1.240900e+00 7.725919e-01 4.878550e-02 -2.465749e+00 2.512741e-03 
-2.392401e+00 3.009654e+00 1.858849e+00 4.136669e+00 5.775574e+00 4.311907e+00 1.458235e+00 -4.143250e+00 -7.483291e+00 2.097861e+00 -3.291492e+00 -1.103652e+01 6.515044e-02 1.026124e-01 1.903957e-01 5.135395e-01 8.249952e-01 5.951051e-01 4.294013e-01 7.689781e-01 -8.581083e-01 -7.376010e-01 1.228337e+00 3.078890e-01 -1.762900e+00 2.385676e-04 
