-7.261880e+00 4.097212e+00 4.255726e-01 -8.812307e-01 1.300610e+00 -6.644941e+00 4.031394e+00 -1.475247e+00 2.610015e+00 -1.530652e+00 -8.915228e+00 2.287177e+00 -4.482138e-02 8.515539e-02 -1.329787e+00 -9.194514e-01 8.690052e-01 1.424881e+00 7.401479e-01 -1.263473e+00 -8.006021e-01 -1.021441e+00 6.151953e-01 2.159018e+00 1.094690e+00 3.881645e-03 
-7.698077e+00 1.504777e+00 -7.896900e-01 1.707645e+00 5.180563e+00 -5.815277e+00 -1.073093e+00 -7.108909e+00 -2.996079e+00 -3.189683e+00 -6.025081e+00 1.991850e+00 -4.348242e-02 1.221809e-02 -1.096403e+00 -8.473277e-01 3.101087e-02 -4.546490e-02 4.596933e-01 -5.703827e-01 8.161519e-02 -1.003448e+00 3.779263e-01 1.721677e+00 5.463058e-01 7.440424e-03 
-6.618005e+00 -1.255504e+00 -3.564053e+00 2.169357e+00 6.485038e+00 -3.359033e+00 2.662730e-01 -2.661427e+00 3.058555e-01 2.374841e+00 4.347863e-01 7.908291e+00 -2.608263e-02 4.384480e-01 -3.165048e-01 -1.186349e-01 1.537714e-01 -1.167170e+00 2.218671e-01 1.083795e+00 1.181611e+00 6.968111e-02 8.750817e-01 1.103226e+00 1.613239e-02 6.825709e-03 
-7.522727e+00 1.291553e+00 -1.816253e+00 -2.251471e+00 -1.518929e+00 -5.989429e+00 3.062041e+00 -4.740808e-01 -1.255143e+00 -1.593766e+00 -4.981853e+00 2.208149e+00 -1.698864e-02 3.194299e-01 1.426728e-01 1.007120e-01 7.984014e-02 -1.233774e+00 1.922932e-02 1.447628e+00 2.492245e+00 1.536475e+00 6.094893e-02 1.069262e-01 -6.099410e-02 5.309892e-03 
-5.157315e+00 2.621300e+00 3.456798e-01 1.867185e+00 -1.185495e+00 -5.448529e+00 7.382800e+00 1.115396e+00 2.087953e+00 2.046798e+00 -3.920711e+00 2.259689e+00 -2.393973e-02 2.639914e-01 3.867844e-01 2.764685e-01 9.631912e-01 3.065187e-01 -4.906822e-02 -1.116688e-01 1.489735e+00 2.255933e+00 -2.528866e-01 -5.622490e-01 7.672745e-01 -1.623988e-04 
-6.831273e+00 2.797399e-01 -2.240996e+00 2.257932e+00 2.846960e+00 -4.674382e+00 2.606784e+00 3.463907e+00 3.795247e+00 -2.720917e+00 -3.312701e+00 4.511180e+00 -1.800442e-02 1.094792e-01 -5.078525e-02 -3.740331e-01 9.853548e-01 2.188741e+00 5.519485e-01 -7.272834e-01 1.434842e+00 2.682260e+00 6.630107e-01 -6.090037e-01 1.747789e+00 -4.463112e-03 
-5.643775e+00 1.184325e+00 -1.969338e+00 4.730612e+00 5.834687e+00 -4.261897e+00 -6.444263e-02 2.818254e+00 9.060328e+00 1.673983e+00 -3.211034e+00 1.059315e+01 -2.638674e-02 -4.142110e-01 1.930410e-01 -2.647315e-01 -3.982704e-01 1.706634e+00 6.493011e-01 -7.589645e-01 6.484777e-01 4.459472e-01 -5.337768e-01 -1.200289e+00 4.406685e-01 -6.725120e-03 
-6.732101e+00 1.756114e+00 -2.528910e+00 1.243590e+00 5.914687e+00 -3.823002e+00 3.149246e+00 5.848701e+00 8.669968e+00 1.907695e+00 -8.381709e+00 6.780364e+00 -3.808069e-02 -5.974401e-01 7.551195e-01 9.880770e-01 -6.651943e-01 1.392107e-01 1.051169e+00 1.178114e+00 -1.449879e+00 -1.250746e+00 -4.828940e-02 -6.996389e-01 -7.972396e-01 -9.318078e-03 
-7.277956e+00 2.848317e+00 -8.340211e-01 3.830040e-01 5.813813e+00 -2.627714e+00 3.316747e+00 3.165387e+00 1.880328e+00 -2.936392e+00 -7.387652e+00 3.328439e+00 -4.752719e-02 -1.115159e+00 5.427865e-01 1.389120e+00 -8.325647e-01 -6.750150e-01 6.011690e-01 1.892834e+00 -1.630036e+00 -1.250865e+00 4.803573e-01 9.814858e-01 -9.628564e-01 -6.275666e-03 
-9.001383e+00 3.223341e+00 2.131730e+00 1.105765e+00 3.553451e+00 -2.356312e-01 6.806758e+00 -3.959054e+00 1.131519e+00 -6.571766e-01 -4.722587e+00 4.157336e+00 -5.402458e-02 -8.539160e-01 9.333946e-01 1.531102e+00 5.135149e-01 4.719207e-01 8.319645e-01 8.117365e-01 -1.571369e+00 2.726693e-02 8.635985e-01 1.816546e+00 1.373435e-01 -2.244615e-03 
-1.008493e+01 3.164644e+00 2.645940e+00 6.367007e-01 3.640230e+00 -3.049737e+00 7.570971e+00 -4.280485e-01 6.575229e+00 5.358205e+00 -1.331663e-01 7.090380e+00 -4.979312e-02 -3.223456e-01 9.784930e-01 1.518741e+00 1.678825e+00 9.020918e-01 -1.433110e-01 -2.126632e-01 -6.451052e-01 1.206851e+00 2.060722e+00 1.180976e+00 -1.810681e-01 -1.081407e-03 
-9.598194e+00 6.264924e+00 3.386618e+00 3.684316e+00 9.361082e+00 5.478318e-01 5.080815e+00 -2.114270e-01 6.458853e+00 2.078388e+00 -2.926221e+00 5.586111e+00 -4.817080e-02 7.186517e-01 -3.676369e-02 1.423917e-02 1.615737e+00 4.508635e-01 -4.655556e-01 1.977745e-01 1.036149e+00 4.299122e-01 1.201289e+00 3.902175e-01 -1.417883e+00 7.265973e-03 
-8.591278e+00 6.219991e+00 6.132240e+00 7.487853e+00 7.420457e+00 -3.736001e+00 3.116402e+00 -1.933952e+00 5.250919e+00 5.999437e+00 -2.380957e+00 1.708712e+00 -5.586112e-02 2.024157e+00 -2.492075e-01 1.485972e-01 1.465139e+00 -9.394549e-01 -1.253647e+00 5.779957e-01 9.367461e-01 -9.169108e-01 3.570236e-01 7.687938e-01 -4.257354e-01 2.211430e-02 
-6.154951e+00 1.511849e+00 4.597762e-01 5.758872e+00 3.917655e+00 -2.220277e+00 1.002291e+01 1.974643e+00 3.943235e+00 5.028650e+00 -1.647604e+00 -2.412467e-01 -1.466072e-02 2.627561e+00 -1.265911e-01 4.099285e-01 1.259642e+00 -2.310023e+00 -7.892338e-01 8.730882e-01 1.978177e+00 -2.762334e-01 -4.022571e-01 1.786666e-01 -1.209611e+00 4.540812e-02 
-1.685767e+00 4.295144e+00 4.852346e+00 6.925119e+00 1.664669e+00 -7.933918e+00 7.989900e+00 3.162647e+00 3.248483e+00 5.668192e+00 3.071494e+00 7.875382e+00 4.402333e-02 1.935189e+00 5.714773e-01 -2.901661e-01 6.093001e-01 -2.361728e+00 6.586194e-01 -1.172609e-02 1.946156e+00 -8.628104e-01 -1.020111e+00 -7.988555e-01 -1.657082e+00 6.638722e-02 
8.685303e-02 6.594393e+00 6.076207e+00 1.026389e+01 6.888604e-01 -1.299379e+00 7.009508e+00 7.131160e+00 6.078903e+00 2.327248e-01 -4.759114e+00 -3.545280e+00 1.289276e-01 -1.104199e+00 4.789396e-01 -9.281611e-01 5.878683e-01 -9.459987e-01 2.120404e+00 -1.894626e+00 -1.130922e-01 -3.744349e-01 -6.119836e-01 -1.331250e+00 -9.712343e-02 8.356568e-02 
-2.036234e+00 6.536105e+00 1.873194e+00 8.281842e+00 -2.773788e+00 -9.033531e-01 4.564475e+00 5.218568e+00 -1.309671e-01 3.296843e+00 -4.819479e+00 -4.924682e+00 2.042809e-01 -3.753883e+00 -1.357903e+00 -2.955267e+00 1.140219e-01 1.388123e-01 3.458576e+00 -1.323504e+00 -7.582852e-01 -3.341346e-02 4.199630e-01 -1.468305e+00 4.976248e-01 7.534522e-02 
-1.150071e+01 2.786066e+00 -2.691453e+00 8.019852e+00 1.406890e+00 4.866461e+00 2.262497e+00 3.812212e-01 3.760785e+00 3.154407e+00 -4.358368e+00 5.673168e+00 3.230389e-01 -4.198240e+00 -2.409703e+00 -2.428400e+00 -2.721868e-01 5.761355e-01 1.688358e+00 -1.666673e+00 -1.073050e+00 -1.391096e-01 1.798407e+00 2.177580e-02 3.020991e+00 4.863479e-02 
-1.466140e+01 -5.902059e-01 -5.540159e+00 8.617249e+00 1.999715e+00 6.276043e+00 3.745883e+00 2.746191e+00 4.240475e+00 6.307166e+00 -4.470406e+00 5.754282e+00 3.236938e-01 -2.563943e+00 -2.411602e+00 -1.149942e+00 1.381405e-01 7.903083e-01 4.915235e-02 -9.136008e-01 9.246384e-01 1.627865e+00 2.788338e+00 7.430638e-02 2.509192e+00 1.792926e-02 
-1.459177e+01 -1.890964e+00 -2.359115e+00 8.735255e+00 1.182786e+00 3.552715e+00 -9.145608e-01 3.002101e+00 3.197635e+00 7.719598e+00 -4.824772e+00 6.220192e+00 3.123951e-01 3.489903e-01 -2.085694e+00 9.579973e-01 -8.659071e-01 -2.492341e-01 -2.232603e+00 -1.031367e+00 2.052445e-02 -5.926746e-01 1.299411e+00 -1.041433e-01 2.582507e-01 -2.655172e-03 
-1.331042e+01 -3.183387e+00 -4.042685e+00 8.614843e+00 1.289805e+00 -7.183552e-04 1.585000e+00 8.531320e+00 8.289935e+00 1.495594e+01 -4.214746e+00 7.347768e+00 2.992491e-01 1.331543e+00 -1.906609e+00 1.892469e+00 -1.760911e+00 -3.496005e-01 -3.119065e+00 -1.485847e+00 -2.250419e+00 -1.456648e+00 -9.583592e-01 -6.442996e-02 -2.272891e-01 7.484036e-03 
-1.043125e+01 -6.345811e+00 1.349796e+00 3.691520e+00 5.156751e-01 -3.158171e+00 -1.813894e+00 -2.408721e+00 -1.227318e+00 5.327077e+00 -5.006915e+00 6.167679e+00 3.219854e-01 1.020634e+00 -1.004287e+00 1.075536e+00 -2.035363e+00 -4.980009e-01 -2.642095e+00 -1.302024e+00 -2.446374e+00 -1.482528e+00 -2.183089e+00 -5.967543e-01 -5.359850e-01 2.219289e-02 
-1.008394e+01 -7.895829e+00 2.067731e+00 2.334562e+00 5.852680e-01 -5.963840e+00 -3.233688e+00 -5.800495e+00 -8.302898e-01 2.711630e+00 -4.701484e+00 4.644093e+00 3.563188e-01 7.129627e-01 1.065950e-01 1.037416e+00 -3.130267e+00 -1.361646e+00 -1.764700e-01 -1.227194e+00 -2.828983e+00 -2.689042e+00 -1.865067e+00 -7.382377e-01 -9.308599e-01 8.124759e-02 
-1.110184e+01 -4.556178e+00 -3.664255e-02 1.698582e+00 -9.549499e-01 -6.676201e+00 -5.015335e+00 -2.063863e+00 3.451068e-01 2.926307e+00 -7.565174e+00 4.892105e+00 3.948247e-01 6.246847e-01 5.265803e-02 -2.963158e-01 -9.771137e-01 -6.362511e-01 1.659162e-01 -5.425408e-01 4.738284e-02 1.027603e-01 5.009924e-01 -4.593085e-02 -7.155676e-01 8.321244e-02 
-9.410315e+00 -3.545229e+00 1.837614e+00 -6.040025e+00 -4.783113e+00 8.759468e-01 -2.950250e+00 -5.786022e+00 -5.941485e+00 6.830985e+00 -6.626805e+00 3.331255e+00 6.690674e-01 3.962022e+00 1.514146e+00 -1.210260e+00 -1.573216e+00 -9.863365e-01 1.646657e-01 5.787612e-01 -5.602483e-01 -1.437775e+00 -1.543250e+00 -7.404133e-01 -1.152218e+00 5.846826e-02 
-7.644637e+00 -8.257821e+00 -1.672459e-02 2.993245e+00 1.861048e-02 -5.748484e+00 -4.668317e+00 -2.179043e+00 1.842081e+00 5.772362e+00 -4.273908e+00 3.246259e+00 5.816733e-01 7.110548e+00 1.957759e-01 -1.113050e+00 -3.440165e+00 -1.213941e+00 1.041706e+00 -9.105059e-01 -2.760046e-01 -3.674139e+00 -2.629552e+00 1.930688e+00 -2.445243e+00 8.451784e-02 
7.997572e+00 1.525721e+00 -3.993527e+00 -6.178848e+00 -4.833195e+00 -5.604370e+00 -5.133905e-01 -8.544147e+00 -8.767653e+00 -6.427649e+00 -1.004918e+01 -2.940729e-01 5.552357e-01 7.092413e+00 -5.658168e-01 -1.237462e+00 -4.315192e+00 -1.954653e+00 7.900032e-01 -2.417412e+00 6.228141e-01 -4.340570e+00 -4.378657e+00 3.420921e+00 -3.216937e+00 8.389665e-02 
1.574696e+01 -6.112773e+00 -2.686322e+00 -1.543283e+01 -6.999613e+00 1.772488e+00 -1.078629e+01 -2.064824e+00 -1.661250e+01 -3.592136e+00 3.799452e+00 -5.521447e+00 8.743297e-01 4.854188e+00 -5.448457e-01 -6.235447e-01 -5.587011e+00 -3.189294e+00 2.227161e+00 -2.538051e+00 4.912170e-01 -5.021973e+00 -3.989151e+00 3.876558e+00 -3.161307e+00 1.134351e-01 
1.435595e+01 -7.446836e+00 -3.014899e+00 -1.840295e+01 -1.104727e+01 1.065477e+00 -1.197832e+01 -2.729062e+00 -1.841705e+01 -1.038005e+01 6.441123e+00 -8.369578e+00 9.422225e-01 1.098430e+00 -1.348970e+00 4.477189e-01 -2.847845e+00 -1.837618e+00 2.336907e+00 -2.205437e+00 2.006826e+00 -1.579387e+00 -1.388805e+00 3.968678e+00 -1.676937e+00 8.587334e-02 
1.344711e+01 -6.495770e+00 -3.623762e+00 -1.882976e+01 -1.282083e+01 2.052397e+00 -1.162611e+01 -2.630501e+00 -1.844309e+01 -1.219719e+01 6.863729e+00 -8.522523e+00 9.553555e-01 -3.811176e-01 6.240111e-01 4.622984e-01 -7.342459e-01 -1.016159e+00 1.167978e+00 -1.248379e-01 1.215323e+00 7.726074e-01 -9.676048e-01 8.957958e-01 -6.498544e-01 1.078681e-02 
1.463964e+01 -5.027631e+00 -1.286213e+00 -1.871961e+01 -1.111068e+01 5.940210e+00 -1.112067e+01 1.772824e+00 -1.574930e+01 -9.069146e+00 8.262066e+00 -7.178219e+00 9.440895e-01 -4.151344e-03 1.229022e+00 6.271836e-01 3.558659e-01 -4.410349e-01 1.852949e+00 -8.866692e-03 2.013352e+00 1.537306e+00 5.906227e-01 8.994198e-01 -1.014791e+00 -7.849867e-03 
1.369953e+01 -4.202321e+00 -1.239173e+00 -1.894573e+01 -1.204870e+01 5.175013e+00 -1.183931e+01 1.760851e+00 -1.408334e+01 -9.085612e+00 7.367959e+00 -9.366399e+00 9.273302e-01 2.900600e-03 1.089819e+00 3.507557e-01 6.660498e-01 -4.905815e-01 9.132930e-01 3.819687e-01 1.156534e+00 1.978700e+00 1.260596e-01 8.434771e-01 -1.619400e+00 -1.269539e-02 
1.420899e+01 -2.448452e+00 -1.071276e+00 -1.656563e+01 -1.363850e+01 8.768915e+00 -1.191605e+01 5.142021e+00 -1.291039e+01 -8.982727e+00 1.068611e+01 -1.302160e+01 9.169858e-01 -1.144422e-01 6.688021e-01 -7.606220e-03 7.143795e-01 -1.119865e+00 -2.110861e-01 9.312931e-01 2.564498e-01 1.473669e+00 -6.557132e-01 4.118614e-01 -1.454850e+00 -1.205316e-02 
1.367694e+01 -2.336264e+00 -1.977452e+00 -1.657650e+01 -1.400982e+01 5.204509e+00 -9.318571e+00 1.467569e+00 -9.969040e+00 -1.161010e+01 9.869095e+00 -1.369783e+01 9.054304e-01 -2.379261e-01 5.290047e-01 -8.741746e-02 4.590092e-01 -1.018681e+00 -6.911559e-01 1.456487e+00 1.129509e-01 1.291009e+00 -7.474436e-01 2.165699e-03 -6.167005e-01 -9.192782e-03 
1.407872e+01 -2.616648e+00 -9.551044e-01 -1.633233e+01 -1.572944e+01 4.870031e+00 -7.724571e+00 3.201714e+00 -1.043810e+01 -1.108547e+01 9.070807e+00 -1.228675e+01 8.947736e-01 -4.937640e-01 3.954629e-01 -9.731469e-02 -1.862268e-01 -7.051172e-01 -9.714072e-01 1.796271e+00 -2.794574e-01 1.658145e+00 -6.400694e-01 -6.480365e-01 3.671638e-01 -2.408266e-03 
1.257503e+01 -1.473199e+00 -1.734346e+00 -1.676734e+01 -1.609663e+01 3.668675e+00 -6.652617e+00 3.295760e+00 -8.864441e+00 -1.177146e+01 8.186438e+00 -1.281732e+01 8.924724e-01 -2.250840e-01 3.026514e-01 2.104419e-01 -9.236012e-02 -5.449858e-01 2.874962e-01 1.654436e+00 6.558067e-01 1.679201e+00 1.329782e-01 -3.443193e-01 1.277247e+00 9.888858e-03 
1.229113e+01 -9.026697e-01 -1.679402e+00 -1.740135e+01 -1.612068e+01 4.679796e+00 -4.267676e+00 2.830638e+00 -5.171964e+00 -1.210239e+01 8.287252e+00 -1.162603e+01 9.114235e-01 -2.614633e-01 -2.555348e-01 -3.287475e-01 -8.555756e-02 -1.237978e-01 6.181892e-01 1.141667e+00 2.588892e-03 1.604298e+00 -2.353640e-01 4.185247e-01 1.356139e+00 2.319107e-02 
1.344532e+01 -1.679996e+00 -5.630937e-01 -1.650379e+01 -1.653913e+01 6.737108e+00 -2.774839e+00 4.932139e+00 -4.206102e+00 -1.043675e+01 8.539274e+00 -7.641959e+00 9.465498e-01 -1.920579e-01 -8.986009e-01 -6.553997e-01 1.323034e-01 3.471478e-01 7.371089e-01 1.053424e+00 -6.327030e-01 1.176261e+00 -2.790718e-02 1.024472e+00 1.381894e+00 2.267539e-02 
1.233626e+01 -3.790924e+00 -3.184468e+00 -1.689189e+01 -1.612718e+01 6.426760e+00 -3.955122e+00 2.396468e+00 -4.745781e+00 -1.292965e+01 1.098701e+01 -8.093739e+00 9.836903e-01 -2.382396e-01 -1.193699e+00 -7.598543e-01 3.994560e-01 8.185577e-01 1.299204e+00 3.286275e-01 -4.849087e-01 2.515792e-01 1.474692e-01 1.278504e+00 9.914401e-01 1.124330e-02 
1.159217e+01 -4.522077e+00 -4.258812e+00 -1.636055e+01 -1.435765e+01 6.480737e+00 -1.541771e+00 3.493298e-01 -3.196226e+00 -1.149737e+01 1.195892e+01 -7.674004e+00 9.697160e-01 -4.591120e-01 -1.293687e+00 -8.434723e-01 8.050482e-01 1.738790e+00 1.132846e+00 -1.264912e-01 -8.245443e-01 2.103897e-01 6.743910e-01 5.985349e-01 6.437782e-01 -1.395768e-03 
1.202650e+01 -5.450122e+00 -3.630815e+00 -1.547569e+01 -1.311864e+01 1.130400e+01 -3.241072e+00 2.697500e+00 -4.419005e+00 -1.083474e+01 1.296995e+01 -6.652809e+00 9.560569e-01 -2.075523e-01 -1.258665e+00 -3.114268e-01 1.668913e+00 1.865764e+00 9.925612e-01 -5.235763e-01 -3.517780e-01 4.602416e-01 1.545536e+00 5.045122e-01 4.609594e-02 -6.300760e-03 
1.130464e+01 -7.318831e+00 -4.557281e+00 -1.318665e+01 -9.349456e+00 9.962717e+00 -3.764320e+00 6.589023e-01 -3.317542e+00 -8.112246e+00 1.054048e+01 -5.143533e+00 9.533876e-01 -8.641019e-02 -1.607890e+00 -3.849372e-01 1.769660e+00 1.949266e+00 3.482453e-01 -7.243427e-01 -3.640067e-01 4.211168e-01 1.329401e+00 5.976286e-01 -5.787973e-01 6.486183e-03 
1.144227e+01 -8.685872e+00 -4.592367e+00 -1.013428e+01 -9.302458e+00 9.648577e+00 -5.461730e+00 4.827920e-01 -2.383915e+00 -6.894527e+00 1.421879e+01 -9.128494e+00 9.603506e-01 -1.974392e-03 -1.610710e+00 -8.692714e-01 1.845847e+00 1.696222e+00 -5.276801e-01 -2.055736e-01 -9.526746e-01 7.264432e-01 1.242669e+00 2.366612e-01 -8.696583e-01 1.264931e-02 
1.145224e+01 -1.094365e+01 -5.702722e+00 -1.018295e+01 -6.519405e+00 9.049675e+00 -4.053156e+00 -3.633497e-01 -2.108187e+00 -6.820469e+00 1.432264e+01 -9.330148e+00 1.000000e+00 2.675745e-01 -8.443133e-01 -1.001984e+00 2.240389e+00 4.128181e-01 -1.109816e-01 -5.532238e-01 1.617388e-01 7.840818e-01 4.484939e-01 2.590090e-01 -1.415238e+00 -2.506405e-03 
1.194283e+01 -1.169127e+01 -7.404451e+00 -7.748301e+00 -6.052553e+00 9.122120e+00 -4.124522e+00 -1.554747e+00 -1.391467e+00 -5.267280e+00 1.226217e+01 -8.907793e+00 9.959973e-01 4.454592e-01 2.078257e-01 -1.101106e+00 2.571463e+00 5.394229e-01 -1.177049e+00 -2.561440e-01 3.762688e-01 7.431059e-01 6.831607e-01 -1.188396e+00 -2.698684e-01 -2.503244e-02 
1.239223e+01 -1.003770e+01 -8.161159e+00 -3.177690e+00 -8.910317e+00 9.671038e+00 -7.199043e+00 2.486366e+00 1.066434e-01 -6.683400e+00 1.281383e+01 -1.233007e+01 9.230323e-01 5.771679e-01 1.310467e+00 -6.423911e-01 2.824903e+00 6.984377e-01 -1.893730e+00 -4.763470e-01 4.064412e-01 6.536191e-01 9.880589e-01 -1.629444e+00 7.790204e-01 -5.161528e-02 
1.319957e+01 -8.099717e+00 -8.868680e+00 -7.795950e-01 -5.409887e+00 3.452652e+00 -5.169507e+00 9.392780e-01 2.241993e-01 -3.547259e+00 9.031216e+00 -8.977874e+00 8.736723e-01 6.009458e-01 2.620402e+00 -4.749794e-01 2.593713e+00 1.248354e+00 -2.554387e+00 1.645796e-01 -1.011318e-01 3.057331e-01 4.547075e-01 -2.373027e+00 1.245019e+00 -7.499686e-02 
1.370971e+01 -6.187086e+00 -8.182563e+00 4.572073e-01 -3.348550e+00 2.415761e+00 -5.912399e+00 4.218439e-01 3.520751e-01 -2.740186e+00 7.790902e+00 -5.400005e+00 8.030861e-01 6.857576e-02 3.299546e+00 3.765897e-01 3.166562e+00 2.414804e+00 -1.849275e+00 5.880733e-01 -2.036224e+00 5.738572e-01 7.086259e-01 -4.353415e+00 1.874071e+00 -9.782311e-02 
1.428882e+01 -5.145636e-01 -9.768646e+00 3.402815e+00 -2.591665e+00 -2.217507e-02 -3.944946e+00 -1.028145e+00 1.448226e-02 -4.965349e+00 2.908504e+00 -6.147730e+00 6.809860e-01 -8.268675e-01 3.399939e+00 2.224612e+00 3.130533e+00 2.979953e+00 -3.372182e-01 1.299601e+00 -2.489457e+00 6.263612e-01 6.245914e-01 -4.942803e+00 1.417889e+00 -1.219027e-01 
1.219048e+01 2.667451e+00 -5.828227e+00 1.056391e+01 1.754592e+00 2.162074e+00 -4.870957e+00 -6.711044e+00 3.080788e+00 -2.431225e+00 -5.891886e+00 -4.374789e+00 5.302598e-01 -2.539056e+00 8.963152e-01 3.951602e+00 2.338366e+00 3.733976e+00 9.641464e-02 3.238444e+00 2.280432e-01 -5.364949e-02 6.530253e-01 -4.939851e+00 7.093958e-01 -1.297221e-01 
9.824846e+00 4.472707e+00 1.077209e+00 9.819715e+00 6.938305e+00 1.893404e+00 8.077784e-01 -7.941561e+00 1.991649e+00 -5.787824e-01 -8.841406e+00 -2.401039e+00 4.005717e-01 -4.354196e+00 -2.290425e+00 4.663478e+00 -1.920650e-02 3.011011e+00 -2.067898e-01 4.270076e+00 1.648312e+00 3.938198e-04 2.650229e+00 -2.954953e+00 1.154342e+00 -8.690890e-02 
3.246419e+00 -4.199145e+00 6.152519e+00 8.940588e+00 1.055634e+01 1.940044e+00 7.903460e+00 5.018767e+00 -9.047556e-01 -1.668344e+00 -1.103340e+01 -3.726372e+00 2.946830e-01 -4.160545e+00 -3.263379e+00 3.747454e+00 -1.086775e+00 1.361014e+00 -1.696610e+00 2.099766e+00 1.778065e+00 1.104189e-01 3.058477e+00 2.586751e-01 6.923655e-01 -5.660402e-02 
-3.010130e+00 -8.533388e+00 7.558373e+00 4.118446e+00 8.062513e+00 -9.451089e-01 1.101822e+01 1.348509e+00 2.009223e+00 7.904354e+00 -9.295502e+00 -7.002287e-01 3.642300e-01 -3.013918e+00 -1.712418e+00 -4.289308e-01 -3.149308e-01 4.479919e-02 -2.172144e+00 -6.255981e-01 5.958167e-01 1.648094e+00 2.327349e+00 2.447276e+00 1.424122e+00 -6.811469e-02 
-2.194755e+00 -7.146395e+00 9.668464e+00 7.980673e+00 7.997559e+00 -4.901718e+00 5.226483e-01 -2.465752e+00 3.624095e+00 8.619593e+00 -4.371463e+00 -1.763366e+00 2.654106e-01 -1.071320e+00 1.115618e+00 -2.619251e+00 9.106683e-01 4.114661e-01 -1.097709e+00 -2.325501e+00 -1.935633e+00 1.296332e+00 1.400872e+00 3.038634e+00 1.739337e+00 -7.512706e-02 
-2.524158e+00 -2.615757e+00 -2.825417e+00 8.725019e+00 8.441694e+00 -5.546434e+00 1.370193e+00 -1.220218e+00 7.967691e+00 5.913995e+00 6.400394e-02 3.738070e+00 7.463443e-02 3.686165e-01 2.514745e+00 -2.438304e+00 1.904675e+00 1.142095e+00 2.318935e-01 -1.691171e+00 -4.767703e-01 1.023076e+00 -6.464125e-01 2.046764e+00 6.935812e-01 -8.461545e-02 
-2.353169e+00 -1.579871e+00 -1.751842e+00 1.119064e+01 1.242408e+01 -1.247841e+00 1.099968e+00 -3.375032e+00 2.597670e+00 6.331193e+00 -5.199838e-01 2.751165e+00 6.384546e-02 2.593776e-01 2.232922e+00 -1.637281e+00 -6.230080e-01 -7.975206e-01 1.041840e+00 9.696207e-01 5.992086e-01 3.278031e-02 -9.728206e-01 4.202990e-01 6.019570e-01 -4.897567e-02 
-1.087841e+00 1.257072e+00 1.077007e+00 1.203684e+01 1.155972e+01 -1.612580e+00 2.273709e+00 -5.807024e-01 7.637816e+00 5.816491e+00 -9.874229e-01 5.104120e-01 4.193532e-02 -2.143126e-02 1.176671e+00 7.466818e-01 -2.167066e-01 -7.950087e-02 5.077844e-01 2.244669e-01 4.443831e-01 4.528596e-01 -2.478412e-01 -4.401318e-01 2.498870e-01 -1.566282e-02 
-1.616025e+00 2.081799e+00 -4.691553e-01 3.209724e+00 2.450941e+00 -1.659447e+00 4.918994e+00 2.105333e-01 3.952934e+00 3.804241e+00 -1.744254e+00 2.860248e+00 3.688180e-02 -5.667069e-01 7.372926e-01 3.738956e-01 -6.179468e-01 -1.105829e+00 -1.256920e+00 -8.836516e-01 5.189503e-01 7.476565e-01 -1.042037e-01 1.890976e-01 1.491558e+00 -1.426865e-02 
-2.999886e+00 1.436763e+00 2.666488e-01 1.163195e+01 1.303076e+01 -2.801709e+00 5.830150e-01 -7.910850e-01 9.554358e+00 5.938265e+00 -1.524520e+00 4.932963e+00 9.802163e-03 -7.310421e-01 5.889844e-01 3.066278e-01 -8.471416e-01 -9.642412e-01 -6.941266e-01 3.600812e-01 1.051147e+00 5.413811e-01 -1.210064e-01 2.332767e-01 1.563148e+00 -1.299962e-02 
-4.230681e+00 2.016747e+00 5.228152e-01 8.303354e+00 6.159418e+00 -6.937874e+00 -2.472943e+00 -6.750891e-01 5.377682e+00 5.749288e+00 6.940527e-01 7.997681e+00 8.568764e-03 -4.937238e-01 3.691448e-01 2.812302e-01 -1.123724e-01 3.846404e-01 1.498378e-01 3.118399e-01 7.779914e-01 1.557805e-01 2.957814e-01 -7.512513e-01 -4.831986e-01 -8.446080e-03 
-3.435724e+00 4.234521e+00 2.114161e+00 5.254314e+00 4.884279e+00 -2.444000e+00 7.770083e+00 5.117843e+00 9.632348e+00 4.238936e+00 -1.040193e+00 5.757438e+00 -8.906245e-03 5.095577e-03 9.723322e-01 1.663017e-02 -1.602785e+00 -5.276021e-01 9.795237e-01 5.655413e-01 8.204095e-02 -8.463932e-01 2.261853e-02 -1.529394e+00 -1.727879e+00 -1.645643e-03 
-3.866725e+00 2.528645e+00 1.323986e-02 5.836678e+00 8.447383e+00 -1.089113e+00 2.884660e+00 1.146026e+00 4.692842e+00 6.132813e+00 -5.742674e+00 3.201866e-02 4.005611e-03 -8.349943e-02 1.262669e+00 2.997465e-01 -1.694138e+00 -2.344794e-01 4.930248e-01 -1.203886e-01 -4.573998e-01 -5.491480e-01 3.909592e-01 -1.256253e+00 -2.162991e+00 -2.117235e-03 
-3.156386e+00 6.042476e+00 6.045873e-01 4.851359e+00 9.248768e+00 -8.284712e-01 7.319202e-01 -1.291438e+00 5.664812e+00 5.859595e+00 -5.953125e+00 2.763987e-01 3.855526e-03 -6.016151e-01 1.334611e+00 7.385688e-01 -1.008050e+00 -6.888348e-01 -2.526013e-01 -8.779289e-01 -6.533315e-01 -1.226573e+00 -2.275746e-01 -3.764842e-01 -4.468495e-01 -2.432221e-03 
-4.787847e+00 7.426114e+00 2.776334e+00 3.414297e-02 2.804777e+00 -5.280514e+00 4.441957e-01 2.425519e-01 4.615710e+00 6.893754e+00 -3.130748e+00 -7.675290e-02 -8.398294e-03 -4.341827e-01 7.732271e-01 8.389691e-01 -6.343809e-01 -1.032515e+00 -4.033583e-01 7.133473e-01 4.350152e-01 -6.474929e-02 3.183281e-02 1.026640e+00 1.490838e+00 -1.553234e-02 
-5.983239e+00 8.458839e+00 4.425458e+00 3.115333e+00 4.261408e+00 -1.611305e+00 4.600670e+00 2.302923e+00 3.538050e+00 2.720592e+00 -4.228577e+00 3.577576e+00 -1.486540e-02 -5.337989e-01 -8.688381e-02 1.135232e+00 9.642769e-01 1.689580e-01 7.009665e-01 7.784804e-01 -4.226104e-01 -1.062981e+00 -1.011929e+00 5.906546e-02 3.334862e-01 -1.681473e-02 
-4.624213e+00 5.186598e+00 2.297650e+00 3.532787e+00 5.778487e+00 -2.714487e+00 4.517022e+00 1.523922e+00 5.432476e+00 7.861478e+00 -1.471747e+00 5.835618e+00 -6.429565e-02 -4.334474e-01 -3.896703e-01 6.223324e-01 1.811859e+00 1.203658e+00 1.768782e+00 1.343398e+00 -1.468768e-02 -2.298426e-01 -3.974394e-01 1.071453e-01 4.848077e-01 -5.775523e-03 
-5.907197e+00 6.727815e+00 6.520091e+00 7.923422e+00 8.606703e+00 1.393348e+00 2.587909e+00 -4.045175e+00 -5.847383e-02 3.160876e-01 -6.487298e+00 -1.012356e+00 -5.226946e-02 -5.529318e-02 -1.196760e-01 -1.034670e-01 3.525168e-01 2.219889e-01 4.395096e-01 -3.599177e-01 -2.616592e-01 -7.248035e-01 -8.076302e-01 -9.218773e-01 -5.625597e-01 8.018410e-03 
-6.993104e+00 6.343275e+00 4.840680e+00 6.689394e+00 6.650422e+00 2.061072e+00 8.167566e+00 3.343162e+00 5.264759e+00 6.108809e+00 -1.465661e+00 4.642251e+00 -1.857388e-02 -2.052300e-01 3.989804e-01 7.632752e-01 6.018156e-01 5.628815e-02 9.133677e-02 2.699997e-02 -4.501787e-01 -2.433355e+00 -1.015904e+00 -1.218718e+00 2.243691e-01 1.403686e-02 
-5.075259e+00 7.282121e+00 2.636608e+00 3.299613e+00 4.935386e+00 -1.801537e+00 9.758096e-01 8.500636e-02 -2.108812e-03 -4.412245e-01 -8.841007e+00 1.361460e+00 2.365768e-03 3.020921e-01 5.986752e-02 -4.863334e-03 -1.888384e-01 -1.308407e-01 -7.345681e-01 3.842415e-01 -1.194433e-01 -1.320791e+00 3.035460e-01 7.655064e-01 2.189769e+00 3.162050e-03 
-6.066332e+00 6.904347e+00 8.055767e+00 8.853770e+00 7.895586e+00 -6.603613e-01 5.458071e+00 -2.792062e+00 -6.762480e+00 3.160613e+00 -6.388484e+00 5.770555e+00 -2.142894e-02 3.858902e-01 1.866559e-01 7.403052e-01 2.255753e-01 -4.423945e-01 -1.114384e+00 1.325353e-01 -2.995775e-01 -4.333989e-01 -2.217954e-01 2.341501e+00 1.700173e+00 -5.791384e-03 
-4.860123e+00 6.746616e+00 4.888230e+00 5.897042e+00 7.329917e+00 -9.187760e-01 5.863865e+00 -1.574779e+00 -6.488090e-01 3.307916e+00 -1.983542e-01 9.372335e+00 -3.503168e-02 -2.305004e-01 1.702477e-01 8.838136e-01 1.195170e+00 -2.941567e-01 -3.607133e-01 5.993316e-01 -3.087960e-01 1.346813e+00 1.100282e+00 4.090036e+00 2.020290e+00 -4.685485e-03 
-5.171221e+00 7.544307e+00 7.416395e+00 6.518556e+00 3.241184e+00 -3.952230e+00 6.386216e+00 2.675167e+00 3.421114e+00 3.125262e+00 5.920516e+00 9.137680e+00 -2.883208e-02 -2.183876e-02 1.099126e-01 2.684705e-02 4.269316e-01 -7.499375e-01 -7.973853e-01 -6.021329e-01 -2.974720e-01 2.700380e+00 1.197234e+00 1.056394e+00 -7.385921e-02 -3.149986e-04 
-6.675316e+00 7.813379e+00 7.375362e+00 1.044307e+01 5.791804e+00 -1.959169e+00 3.508395e+00 -4.192588e+00 1.640160e+00 5.077861e+00 5.454673e+00 9.779346e+00 -1.736009e-02 -3.136944e-01 -8.705387e-02 -6.601462e-01 7.916250e-02 -1.625437e-01 -2.789619e-01 -1.224833e+00 -1.333199e+00 -2.026260e-02 8.450203e-01 -1.868361e+00 -1.109335e+00 6.175017e-03 
-5.267930e+00 6.920528e+00 6.946436e+00 8.715415e+00 4.914956e+00 -4.127091e+00 3.625142e+00 -2.970518e+00 5.594935e+00 8.261810e+00 -3.933026e+00 5.197754e+00 -3.183973e-02 -3.224832e-01 -7.108840e-01 -1.259760e+00 -9.201424e-01 2.237111e-01 5.948927e-02 -1.000971e+00 -1.196880e+00 -3.771322e-01 -1.989369e-01 -2.310403e+00 -1.517659e+00 1.589084e-03 
-6.380241e+00 6.623236e+00 1.822478e+00 5.194425e+00 5.680313e+00 -2.226155e+00 1.120239e+00 -5.417931e+00 -1.837033e+00 4.964744e+00 -4.613386e+00 5.795622e+00 -2.652764e-03 9.514685e-02 -4.814280e-01 -7.990657e-01 -1.410772e+00 -7.254669e-01 -5.583713e-01 -6.710735e-01 4.132525e-01 1.908035e-01 -9.999878e-01 -9.371413e-01 3.715185e-01 -1.675272e-03 
-6.931175e+00 4.584959e+00 3.894035e+00 4.542166e+00 4.415484e+00 -3.521291e+00 2.575439e+00 -2.696562e+00 3.274050e+00 2.187136e+00 -5.974727e-01 3.541248e+00 -2.824032e-02 8.122215e-02 -7.422199e-02 -9.966469e-02 -6.197764e-01 -8.267611e-01 -4.681440e-01 -6.336884e-01 4.569058e-01 1.911022e-01 -1.214259e+00 9.783008e-01 2.120445e+00 -1.627624e-03 
-5.367959e+00 6.574024e+00 4.906235e+00 5.475831e+00 2.414205e+00 -5.053926e+00 6.778793e-01 -2.263303e+00 3.754620e+00 3.115258e+00 -8.988099e-01 1.246519e+01 -2.753615e-02 3.587778e-01 1.890643e-01 7.179713e-01 1.496476e-01 -8.533496e-01 -7.188177e-01 -2.782280e-01 6.742516e-01 1.166388e+00 -2.770848e-01 7.127815e-01 2.226308e+00 -4.906261e-03 
