-4.691210e+00 1.093663e+01 1.927810e+00 -2.535524e-01 3.820962e+00 -4.290266e+00 -4.965043e-01 -3.708180e+00 8.160716e+00 7.591423e+00 4.157533e+00 9.642056e+00 -1.305885e-01 -6.374111e-02 -7.025397e-01 -2.811766e-01 -9.451202e-01 -1.097104e+00 -5.853152e-01 -1.828053e-01 2.678802e-01 -1.448058e+00 -5.937088e-01 -1.113730e-01 3.959441e-01 -8.548617e-04 
-3.517710e+00 1.033229e+01 -7.551928e-01 -2.793661e+00 -1.255001e+00 -3.678694e+00 -2.738726e+00 -1.491129e+00 7.312120e+00 7.736640e+00 1.793276e+00 9.427853e+00 -9.772885e-02 -2.320912e-01 -7.845429e-01 2.427704e-02 -4.758695e-01 -8.078367e-01 -6.406593e-03 -6.337933e-02 6.541196e-01 -1.462903e+00 -2.309008e+00 -4.114390e-01 -1.163995e-01 -4.163659e-03 
-5.596665e+00 7.726109e+00 1.863429e+00 -3.709099e+00 8.734226e-01 -7.522628e+00 -2.894201e-01 -3.477305e+00 1.344725e+00 4.550270e+00 4.782797e+00 1.172888e+01 -1.512927e-01 -5.868199e-01 -6.111709e-01 2.455041e-01 -2.726356e-01 -4.606249e-01 -3.550369e-01 2.073296e-01 -1.223504e-01 -1.682347e+00 -2.828078e+00 -1.214048e+00 -1.286042e+00 -7.849264e-03 
-5.398938e+00 8.619182e+00 2.081386e+00 -9.051267e-01 1.255549e+00 -2.706118e+00 -9.169431e-01 -5.530204e-01 4.254195e+00 -2.433040e+00 1.787706e+00 8.016647e+00 -1.410547e-01 -3.760237e-01 -3.533926e-01 4.372857e-01 8.505581e-01 5.390250e-01 3.094419e-01 4.930876e-01 -1.887763e+00 -2.570025e+00 -1.961801e+00 -3.814693e-01 -6.426569e-01 -1.040069e-02 
-6.684695e+00 8.737331e+00 1.737041e+00 -2.560998e+00 2.625628e-01 -6.551739e+00 -3.707476e-01 -4.788987e+00 1.277945e+00 -1.464126e+00 -1.909920e+00 3.917450e+00 -1.481719e-01 -1.077073e-01 1.117455e-01 4.792835e-01 1.341062e+00 9.530767e-01 1.130679e+00 1.112689e+00 -1.045794e+00 -1.454812e+00 -7.647514e-03 -5.269641e-01 2.514925e-02 -8.964062e-04 
-4.853813e+00 8.059711e+00 1.494430e+00 8.850788e-01 1.745554e+00 -2.616929e+00 -2.326241e-01 -1.027410e+01 -5.504616e+00 9.348341e-01 3.232288e+00 1.012028e+01 -1.512927e-01 -4.441829e-01 -3.631378e-01 4.559296e-01 8.174409e-01 7.084509e-01 5.560502e-01 7.831024e-01 -4.560871e-01 1.198595e-02 2.203413e+00 3.204579e-01 8.594971e-01 1.863551e-03 
-6.407764e+00 8.564571e+00 4.553325e+00 2.101108e+00 5.393804e+00 -1.913826e+00 4.931866e+00 -3.845735e+00 -1.049930e+00 2.828095e+00 1.425685e+00 1.080281e+01 -1.506557e-01 -4.848999e-01 -3.789250e-01 4.907355e-01 6.397006e-01 5.831364e-01 6.467860e-01 1.539196e+00 1.663425e+00 8.083925e-01 1.340802e+00 1.357470e+00 1.699036e+00 1.455605e-03 
-7.758318e+00 6.889872e+00 2.952893e+00 8.510246e-01 2.232183e+00 -2.244823e+00 3.472624e-01 -3.305081e+00 5.478062e+00 6.437916e+00 1.722193e+00 8.871454e+00 -1.304951e-01 -5.445765e-01 -6.198366e-02 -1.301524e-01 -5.282111e-02 3.761372e-01 7.689517e-01 1.837129e+00 2.493966e+00 1.384141e+00 2.883847e-01 4.312452e-01 -1.337801e-01 -6.369352e-05 
-7.656942e+00 7.427626e+00 3.461488e+00 6.545322e-01 2.934930e+00 -3.503862e+00 7.035292e+00 4.362750e-02 -1.714306e-01 2.488342e+00 5.632480e+00 1.303704e+01 -1.512927e-01 -1.434084e-01 2.596177e-01 -3.254067e-01 7.018678e-01 -1.132505e-01 9.285757e-01 1.411052e+00 1.831908e+00 6.964418e-01 -1.007439e+00 -7.780842e-02 -5.046960e-01 6.726348e-03 
-6.952106e+00 8.318266e+00 1.389587e+00 1.344261e+00 4.855677e+00 2.022847e+00 7.901310e+00 2.510462e-01 9.768408e-01 2.546634e+00 3.285117e+00 8.334264e+00 -1.512927e-01 4.000408e-01 6.939357e-01 1.898605e-01 9.224650e-01 6.126124e-01 7.121562e-01 1.598442e+00 1.862109e+00 -1.786519e-01 -1.203253e+00 -5.290732e-01 -7.968549e-01 5.118298e-03 
-7.527912e+00 9.148462e+00 3.707944e+00 5.363829e+00 3.515804e+00 5.952168e-01 8.210101e+00 3.535742e+00 4.682890e+00 -2.634575e-01 2.551812e-01 8.547923e+00 -1.066252e-01 1.395388e+00 6.860849e-01 7.503772e-01 7.476736e-01 3.289188e-01 1.264008e+00 1.803304e+00 1.926292e+00 -3.532009e-01 4.456691e-01 -1.808847e-01 -2.313510e+00 1.514488e-02 
-5.822629e+00 9.499132e+00 3.778967e+00 3.108701e+00 5.004808e+00 -7.335810e-01 7.752066e+00 4.259407e+00 2.157642e+00 1.797552e+00 1.765476e+00 7.131740e+00 -1.272373e-01 2.509279e+00 1.131227e+00 1.622483e+00 4.482186e-01 -1.293140e+00 1.495993e-01 1.198814e+00 1.126194e+00 -1.148316e+00 -4.148988e-01 4.522834e-02 -1.447911e+00 2.193114e-02 
-1.244740e+00 1.026762e+01 6.018683e+00 3.510680e+00 4.504958e+00 4.194391e+00 1.612643e+01 7.670908e+00 -2.527835e+00 5.091228e+00 5.487877e+00 2.070754e+00 -8.759594e-02 2.866708e+00 -1.846660e-01 -2.154350e-04 -5.618094e-01 -2.046760e+00 -7.292098e-01 -3.751905e-02 -6.334220e-01 -2.251069e+00 -4.835453e-01 1.172186e-01 -2.156787e+00 2.541298e-02 
2.452701e+00 1.341482e+01 8.346633e+00 4.511929e+00 -2.104599e+00 9.712567e-01 9.937216e+00 3.814434e+00 -1.159376e+00 -2.205203e+00 8.949108e-01 4.333293e+00 -5.115163e-02 1.521635e+00 -5.162688e-01 -8.513268e-01 -9.905125e-01 -2.471215e+00 -1.163537e+00 -9.937595e-01 -2.640835e+00 -2.074079e+00 -8.634351e-01 -5.567409e-01 -1.780182e+00 1.164911e-02 
2.667965e+00 6.267287e+00 1.423034e+00 1.853168e+00 -3.163292e+00 -3.903251e+00 6.929931e+00 5.911181e-01 -4.913948e+00 -6.798065e-01 1.276557e+00 -8.367896e-01 -1.760316e-02 -1.623482e+00 -9.646473e-01 -1.286631e+00 -1.003259e+00 -3.929442e-01 -1.283076e+00 -3.696166e+00 -4.009572e+00 2.998290e-01 1.068027e-01 -3.032354e-01 1.955198e-01 -1.023892e-02 
-1.708069e-01 8.917953e+00 1.820158e+00 -1.015105e+00 -3.517145e+00 -2.502445e+00 7.381520e+00 -5.404875e+00 -7.019695e+00 3.658942e-01 1.087431e+00 -3.153968e-01 -1.039882e-01 -3.402003e+00 -8.213846e-01 -5.860834e-01 -1.086711e+00 2.070266e+00 -1.224207e-01 -2.294328e+00 -1.632124e+00 4.419560e-01 1.760139e+00 1.567512e+00 1.856538e+00 -1.355220e-02 
-8.050396e+00 7.692816e+00 2.848764e+00 1.257902e+00 3.246511e+00 -4.841384e-01 -1.076547e+00 -7.767296e+00 1.901469e+00 4.339694e+00 3.875440e+00 5.372698e+00 -1.123723e-01 -3.481516e+00 7.641461e-01 1.670511e-01 5.745382e-01 2.490335e+00 8.769653e-01 -1.309147e+00 8.206633e-01 2.063932e+00 1.964477e+00 1.738483e+00 3.553546e+00 1.192342e-02 
-9.198132e+00 8.595136e+00 4.703351e+00 -6.239939e-01 5.041830e+00 -1.350403e+00 2.468814e+00 -1.669805e-01 -2.357305e+00 4.085743e+00 7.433029e+00 1.051124e+01 -7.152808e-02 -2.697666e+00 4.491533e-01 4.640729e-01 1.996601e+00 2.005495e+00 1.034279e+00 -9.838438e-02 1.987884e+00 1.635650e+00 5.158493e-01 7.677849e-01 2.439075e+00 4.950685e-02 
-1.022595e+01 1.024943e+01 8.166926e-01 4.530304e+00 5.008896e+00 -9.444559e-02 2.840547e+00 2.075487e+00 3.074515e+00 7.282653e+00 6.796173e+00 1.151762e+01 2.578390e-02 1.094742e-02 -1.379218e+00 -1.757487e-01 9.569494e-01 -8.582821e-01 4.794796e-01 1.119918e+00 1.475053e+00 1.475167e-01 -5.190266e-01 -5.892345e-01 6.499356e-01 7.431819e-02 
-1.257136e+01 9.885414e+00 5.156558e+00 7.331697e+00 5.629136e+00 2.474104e+00 4.931051e+00 -3.868463e-01 5.720305e-01 1.473661e+00 3.465989e+00 8.807512e+00 7.446802e-02 1.698350e+00 -3.787531e+00 -1.323238e+00 -1.138266e+00 -2.823449e+00 -2.612441e-01 -4.067404e-01 -1.098027e+00 1.116845e-01 -1.099507e+00 -1.722928e+00 -1.337496e+00 1.307606e-01 
-6.309046e+00 1.515884e-01 1.743417e+00 2.064804e+00 -1.338553e+00 1.006007e-03 3.291922e+00 -2.821007e-01 1.174385e+00 3.050602e+00 2.912787e+00 9.474240e+00 1.862206e-01 4.337433e+00 -3.610766e+00 -1.741360e+00 -2.897528e+00 -3.031278e+00 -1.211637e+00 -1.436813e+00 -2.299825e+00 -1.300092e+00 -2.178284e+00 -2.893322e+00 -3.547350e+00 1.409107e-01 
-2.664836e+00 -5.293601e+00 -2.376201e+00 -5.082572e+00 -5.901692e+00 -2.704350e+00 2.094245e-01 -4.478320e+00 -8.488166e-01 7.042335e-01 7.600797e-01 4.845452e+00 5.020565e-01 6.173915e+00 -3.947673e+00 -2.935305e+00 -3.863391e+00 -2.783373e+00 -1.779990e+00 -3.651321e+00 -1.261790e+00 -1.485279e+00 -1.760200e+00 -1.514277e+00 -6.786486e+00 1.843319e-01 
6.507954e+00 -2.148967e-01 -4.123730e+00 -3.750205e+00 -4.382082e+00 -3.563403e+00 -1.982706e+00 -7.377900e+00 -2.715523e+00 -3.224053e+00 -6.317484e+00 -4.238096e+00 5.165434e-01 4.657730e+00 -2.451051e+00 -2.218547e+00 -2.253057e+00 -1.261461e+00 -5.465111e-01 -3.689343e+00 1.941531e-02 -1.476260e+00 -1.994693e+00 -4.943744e-01 -8.552899e+00 1.716235e-01 
1.188972e+01 -9.669706e+00 -6.586392e+00 -9.077754e+00 -6.765967e+00 -4.643643e+00 -1.068824e+01 -3.147898e+00 -4.909412e+00 -4.190010e+00 5.097394e-01 -1.826875e+01 8.309660e-01 2.703551e+00 -1.940307e+00 -1.384524e+00 -7.492251e-01 -6.009324e-01 4.809828e-01 -2.344167e+00 1.080420e+00 -6.466286e-01 -1.214449e+00 4.490852e-03 -6.963805e+00 1.165071e-01 
9.702327e+00 -9.915613e+00 -7.244222e+00 -7.202892e+00 -7.213719e+00 -1.761903e+00 -9.705962e+00 -8.502351e-01 -4.176620e+00 -4.475739e+00 5.660849e-01 -2.173316e+01 8.798836e-01 2.235607e-01 -2.238843e+00 -1.050726e+00 -2.254372e-01 -6.262153e-01 1.818974e+00 -1.229120e+00 1.061531e+00 6.317692e-02 -3.206797e-01 5.740165e-01 -3.702396e+00 9.266134e-02 
9.255733e+00 -1.014478e+01 -7.738575e+00 -7.102354e+00 -7.490536e+00 -1.200186e+00 -7.649783e+00 -2.340051e+00 -3.351412e+00 -4.742169e+00 -2.659250e+00 -2.122604e+01 9.029217e-01 -8.195351e-01 -4.612272e-01 -1.026982e+00 9.312204e-01 2.630897e-01 2.884900e+00 5.716696e-02 -2.771246e-01 1.299457e-01 -1.145538e-01 -6.693355e-01 -1.607035e-01 3.518175e-02 
8.942749e+00 -1.117157e+01 -8.801270e+00 -5.865090e+00 -7.150874e+00 3.809740e+00 -9.647533e+00 -2.474167e+00 -3.178639e+00 -4.551373e+00 -1.862907e+00 -2.127143e+01 9.438723e-01 -4.829853e-01 -5.999507e-01 -9.285647e-01 4.839657e-01 9.242132e-01 2.892395e+00 -1.769216e-01 -1.012777e+00 -5.036389e-01 1.175784e-01 -1.851734e-01 8.494413e-01 3.025416e-02 
8.171830e+00 -1.134786e+01 -1.094278e+01 -5.090552e+00 -5.481941e+00 6.995038e+00 -1.043162e+01 -3.721555e+00 -4.758674e+00 -4.724962e+00 -1.622442e+00 -1.930313e+01 9.748804e-01 -4.095301e-01 -5.326519e-01 -6.475536e-01 2.878915e-01 1.030902e+00 2.960759e+00 -3.149604e-01 -7.840056e-01 -9.100543e-01 2.287489e-01 6.197951e-01 8.051766e-01 2.454594e-02 
7.829352e+00 -1.231383e+01 -1.028494e+01 -5.788964e+00 -3.596951e+00 8.602465e+00 -9.199651e+00 -5.223369e+00 -5.991183e+00 -3.896451e+00 -8.781865e-01 -1.844741e+01 9.951750e-01 -2.526371e-01 -2.043016e-01 -3.513408e-01 1.342545e-01 6.593498e-01 2.282223e+00 1.271006e-01 -3.269719e-01 -9.001845e-01 2.284045e-01 3.203494e-01 1.052274e+00 1.229906e-02 
7.764781e+00 -1.223691e+01 -1.023451e+01 -5.700959e+00 -4.112986e+00 1.120725e+01 -9.448526e+00 -4.885478e+00 -6.495411e+00 -3.925885e+00 -5.263495e-02 -1.861217e+01 1.000000e+00 -1.945758e-01 1.601612e-01 -1.112509e-02 8.769655e-02 1.962297e-01 1.457190e+00 5.517198e-01 7.161102e-02 -1.208903e-01 -5.119920e-02 2.345791e-02 1.216983e+00 6.455779e-04 
7.883088e+00 -1.174856e+01 -1.091211e+01 -4.888615e+00 -4.538603e+00 1.311475e+01 -9.503578e+00 -3.527065e+00 -6.811193e+00 -3.808888e+00 -1.046063e+00 -1.635554e+01 9.928077e-01 -1.061270e-01 3.042286e-01 2.347162e-01 -5.920305e-02 5.196915e-02 6.350648e-01 6.239874e-01 4.055737e-01 6.069149e-01 -2.875895e-01 -4.400233e-01 1.548607e+00 -7.757914e-03 
7.172083e+00 -1.082969e+01 -1.068482e+01 -5.102244e+00 -4.029966e+00 1.202484e+01 -7.521059e+00 -4.211652e+00 -4.953120e+00 -5.024739e+00 -1.421214e+00 -1.426415e+01 9.792919e-01 -1.604598e-02 2.704292e-01 7.680594e-01 -2.075670e-01 2.843227e-01 2.093224e-01 5.577030e-01 1.021547e+00 1.207056e+00 -1.951490e-01 -4.483182e-01 1.637768e+00 -1.221910e-02 
7.595066e+00 -1.149629e+01 -8.886204e+00 -6.384336e+00 -3.378614e+00 1.136899e+01 -7.043447e+00 -3.532414e+00 -3.727754e+00 -4.784971e+00 -2.394014e+00 -1.287839e+01 9.667395e-01 3.325940e-02 5.735912e-02 1.116509e+00 -4.093927e-01 3.947760e-01 -2.669624e-01 2.356383e-01 1.119730e+00 1.566956e+00 -3.807632e-01 -3.539278e-01 9.892079e-01 -1.218681e-02 
7.828562e+00 -1.101090e+01 -7.407162e+00 -5.990933e+00 -3.271366e+00 1.312674e+01 -7.890077e+00 2.249327e-01 -2.001851e+00 -4.413589e+00 -1.620250e+00 -1.216191e+01 9.519386e-01 1.342789e-01 -9.055214e-02 1.123880e+00 -1.652160e-01 4.790013e-01 7.763509e-02 -1.213410e-01 1.290355e+00 1.744103e+00 3.015648e-01 -1.141631e-01 3.257008e-01 -8.750886e-03 
7.721145e+00 -1.137116e+01 -6.968394e+00 -6.491234e+00 -2.944023e+00 1.122899e+01 -8.140878e+00 -1.467061e-01 -4.520466e-01 -6.018280e+00 -2.716184e+00 -1.246062e+01 9.455503e-01 -1.030361e-01 -1.961632e-02 6.838838e-01 1.280048e-01 3.175701e-01 2.683430e-02 -2.119373e-01 7.526253e-01 1.324173e+00 5.650251e-01 -2.100906e-01 -4.760094e-02 -5.211926e-03 
7.780438e+00 -1.134502e+01 -6.024325e+00 -5.874876e+00 -1.852255e+00 1.248302e+01 -7.579049e+00 5.472713e-01 2.129543e+00 -2.900261e+00 -1.830944e+00 -1.284453e+01 9.461321e-01 -1.847022e-01 -1.319712e-01 3.038233e-01 2.140451e-01 3.645898e-01 -1.394854e-01 -1.968898e-01 -5.915978e-02 8.628091e-01 6.495849e-01 -1.212997e-01 -2.796825e-01 -1.254499e-03 
7.103948e+00 -1.142731e+01 -6.158204e+00 -5.802341e+00 -2.500319e+00 1.182502e+01 -8.258648e+00 6.954360e-02 8.274118e-01 -2.716509e+00 -3.339120e+00 -1.277508e+01 9.435831e-01 -1.321927e-01 -1.255175e-01 1.905645e-01 3.503012e-01 3.148883e-01 -5.614395e-02 -2.764513e-01 1.056044e-01 5.912676e-02 6.103914e-01 1.575816e-01 -3.380203e-03 -2.172345e-03 
7.213650e+00 -1.164268e+01 -6.293141e+00 -5.265154e+00 -1.670269e+00 1.213130e+01 -8.815640e+00 -1.789911e-01 1.672465e+00 -2.816549e+00 -1.915281e+00 -1.340309e+01 9.466497e-01 -4.380392e-02 -1.686110e-01 2.004850e-01 2.513698e-01 2.822728e-01 -4.836322e-01 9.641838e-03 1.618721e-01 -3.691129e-01 -1.256377e-01 3.994237e-01 3.335152e-02 -5.903852e-03 
7.343575e+00 -1.184992e+01 -5.881163e+00 -5.044589e+00 -1.460575e+00 1.112413e+01 -8.904839e+00 7.444470e-01 7.212591e-02 -3.008178e+00 -1.886108e+00 -1.219824e+01 9.344298e-01 1.045724e-01 -1.315315e-01 4.390045e-01 1.117983e-01 3.919581e-01 -8.046600e-01 4.431645e-01 4.011394e-01 -1.521709e-02 -4.028935e-01 4.988175e-01 -1.435280e-02 -9.685004e-03 
7.441605e+00 -1.197677e+01 -5.160420e+00 -4.996903e+00 -9.607639e-01 1.041530e+01 -7.207745e+00 1.019180e+00 6.616212e-01 -3.382615e+00 -5.603316e-01 -1.296619e+01 9.211895e-01 2.093904e-01 -3.097210e-02 6.320683e-01 2.086108e-01 1.812059e-01 -1.315063e+00 9.236194e-01 7.948300e-01 4.977344e-02 -3.429893e-01 -3.309526e-02 1.919746e-01 -1.090363e-02 
7.512833e+00 -1.191792e+01 -4.529541e+00 -5.377475e+00 -8.952813e-01 8.659719e+00 -6.846773e+00 1.476155e+00 1.256748e+00 -4.447944e+00 -1.522507e+00 -1.306530e+01 9.078882e-01 2.375918e-01 7.742500e-02 7.208170e-01 5.734690e-01 -3.266678e-01 -1.485258e+00 9.954975e-01 1.389232e+00 1.592238e-01 -4.887953e-02 -4.014316e-01 -2.507725e-02 -9.368634e-03 
8.175973e+00 -1.176353e+01 -3.808610e+00 -4.055657e+00 -1.046886e+00 6.788186e+00 -5.226576e+00 3.429305e+00 1.329021e+00 -3.811613e+00 -2.262558e+00 -1.200969e+01 9.054024e-01 3.188149e-01 1.739681e-01 9.905382e-01 4.327708e-01 -8.181196e-01 -2.003596e+00 1.269975e+00 1.713154e+00 4.970918e-02 1.853139e-01 -9.865624e-01 3.225098e-01 -1.386667e-02 
8.164351e+00 -1.156941e+01 -2.952983e+00 -2.647867e+00 -3.050853e+00 5.511399e+00 -4.917935e+00 6.485544e+00 5.345448e-01 -3.038077e+00 -3.042153e+00 -1.280187e+01 8.954802e-01 2.828113e-01 3.971771e-01 1.295541e+00 1.499248e-01 -1.328364e+00 -2.126305e+00 1.436365e+00 1.936970e+00 -2.714351e-01 5.431513e-01 -1.201192e+00 5.043300e-01 -2.131938e-02 
8.709921e+00 -1.128119e+01 -9.960084e-01 -4.197854e+00 -3.973577e+00 1.971482e+00 -1.822289e+00 7.080258e+00 1.271269e+00 -3.160979e+00 -4.733320e+00 -1.148536e+01 8.580602e-01 2.484105e-01 3.987130e-01 1.600697e+00 -4.111153e-01 -1.346563e+00 -2.240865e+00 1.050623e+00 1.961457e+00 -6.328198e-01 7.338690e-01 -1.268153e+00 1.000589e+00 -2.684267e-02 
8.659916e+00 -1.017321e+01 5.418606e-01 -4.556752e+00 -6.073755e+00 4.365475e-01 -1.367092e+00 9.335529e+00 -7.155085e-02 -2.057505e+00 -6.293086e+00 -1.080581e+01 8.249624e-01 3.647442e-01 5.688385e-01 1.438677e+00 -4.600982e-01 -1.252661e+00 -1.760779e+00 3.468747e-01 1.685044e+00 -6.447327e-01 9.790190e-01 -4.729961e-01 1.482181e+00 -2.800227e-02 
9.170243e+00 -1.046807e+01 2.447451e+00 -5.156791e+00 -6.268248e+00 -1.878714e+00 -1.748884e+00 1.181160e+01 -1.532029e+00 -6.325545e-01 -6.977856e+00 -8.004776e+00 8.064479e-01 5.335487e-01 5.914480e-01 9.702289e-01 9.772368e-02 -1.403714e+00 -1.137235e+00 -8.860477e-01 1.517310e+00 -8.581438e-01 1.605792e+00 4.257236e-01 1.468853e+00 -2.205043e-02 
9.757910e+00 -9.131779e+00 2.518675e+00 -4.468889e+00 -8.166822e+00 -1.367398e+00 -3.220264e+00 1.254509e+01 -1.287469e+00 5.928062e-01 -4.284865e+00 -7.131260e+00 7.812750e-01 9.425866e-01 5.928841e-01 8.717289e-01 5.341773e-01 -1.140355e+00 -1.286356e+00 -1.728185e+00 7.184083e-01 -4.630077e-01 1.942092e+00 1.492771e+00 1.502767e+00 -2.295073e-02 
1.082867e+01 -8.844664e+00 2.866729e+00 -3.753167e+00 -9.945615e+00 -2.812722e+00 -5.325941e+00 1.306202e+01 -2.411491e+00 3.542824e+00 -3.608813e+00 -5.978369e+00 7.696518e-01 1.268271e+00 1.037785e+00 1.029160e+00 1.110500e+00 -5.019701e-01 -1.945358e+00 -1.824112e+00 -9.315252e-01 3.315277e-02 1.721268e+00 1.725055e+00 1.559803e+00 -4.323722e-02 
1.254364e+01 -8.020491e+00 4.690866e+00 -2.587677e+00 -9.936848e+00 -5.528231e+00 -8.219490e+00 1.230236e+01 -1.946859e+00 5.565266e+00 -5.137553e-01 -4.305183e+00 7.286068e-01 1.077432e+00 2.076096e+00 1.003639e+00 2.279548e+00 8.135480e-01 -3.101286e+00 -3.117047e-01 -3.464840e+00 2.354784e-01 1.012908e+00 9.777142e-01 1.917343e+00 -7.812180e-02 
1.411873e+01 -5.834788e+00 6.507154e+00 -5.448966e-01 -7.893085e+00 -9.525088e+00 -8.369828e+00 7.275340e+00 -1.036571e+00 5.487555e+00 -2.381349e-01 -1.618799e+00 6.165959e-01 -3.172306e-01 4.514229e+00 4.731759e-01 3.495490e+00 2.435048e+00 -3.097486e+00 1.780464e+00 -4.924325e+00 7.177666e-01 -3.762609e-01 5.398928e-01 9.266351e-01 -1.193585e-01 
1.350004e+01 -2.562351e-01 5.716660e+00 5.324717e+00 -5.125347e+00 -1.351765e+01 -3.256845e+00 -1.885765e+00 -7.975376e-01 4.684979e+00 -1.081634e+00 2.756681e-01 4.671940e-01 -2.963142e+00 5.376924e+00 8.825530e-01 4.772775e+00 4.583600e+00 2.447534e-01 3.232035e+00 -4.116614e+00 2.143079e-01 -3.039989e+00 -4.947000e-01 1.110465e+00 -1.348916e-01 
8.764315e+00 9.844355e+00 4.719711e+00 9.768085e+00 -1.761265e-01 -1.430544e+01 1.095056e+00 -4.465544e+00 6.026813e-01 2.101663e+00 -6.254101e-01 -3.635619e+00 3.035659e-01 -5.221089e+00 3.838197e+00 4.030727e-01 4.283117e+00 6.038821e+00 4.037360e+00 3.258948e+00 -2.645835e+00 -6.206225e-01 -2.863488e+00 -1.177434e+00 1.246522e+00 -1.120339e-01 
4.051371e-01 1.102456e+01 9.997353e+00 1.611971e+01 9.122672e+00 -1.914288e+00 3.208241e+00 -2.410274e+00 -1.694945e+00 -7.941731e+00 -2.793618e+00 2.255554e+00 2.106639e-01 -5.847816e+00 7.966053e-01 -2.809036e-01 8.418563e-01 4.008447e+00 4.613029e+00 1.872441e+00 2.552620e-01 6.271092e-01 -6.353714e-01 -7.497813e-01 2.672611e+00 -7.568826e-02 
-5.439262e+00 7.715798e+00 6.382171e+00 1.547320e+01 1.517701e+01 4.860030e+00 4.692369e+00 -5.691582e+00 -3.690980e+00 -2.516528e+00 -5.269314e+00 3.623866e+00 1.846915e-01 -4.508674e+00 -1.767101e+00 -1.362235e+00 -1.593052e+00 1.744535e+00 3.022720e+00 -1.257339e-01 2.313432e+00 1.306654e+00 1.172424e+00 5.908185e-01 3.485091e+00 -3.835076e-02 
-8.637257e+00 4.791070e+00 3.480912e+00 6.681442e+00 7.240317e+00 -3.523928e-02 4.306703e+00 3.564119e-03 4.484838e+00 3.817217e+00 -2.508588e+00 1.000898e+01 1.481898e-01 -3.003030e+00 -2.821553e+00 -3.069564e+00 -2.300624e+00 -1.028221e+00 -3.434054e-01 -4.105017e-01 2.470296e+00 3.382329e+00 2.677932e+00 -2.944914e-01 1.158172e+00 1.002098e-02 
-9.257858e+00 4.125597e+00 1.166755e+00 6.521958e+00 9.487725e+00 -1.313630e-01 -8.284473e-02 5.894700e+00 4.046058e+00 2.084309e+00 2.186167e+00 9.913124e+00 1.430491e-01 -1.763382e+00 -2.919043e+00 -2.409025e+00 -2.005350e+00 -1.981956e+00 -4.913850e-01 3.481463e-02 2.348234e+00 2.385376e+00 8.553966e-01 6.388167e-01 2.195979e-01 2.896990e-02 
-1.270071e+01 -1.288104e+00 -2.742758e+00 9.092203e+00 6.826209e+00 -1.135618e+00 3.543340e+00 4.148065e+00 1.134818e+01 3.147511e+00 -7.993815e+00 4.901787e+00 2.815900e-01 -1.111787e+00 -2.040345e+00 -9.112750e-01 -7.480350e-01 -9.550434e-01 -1.025045e-01 7.825912e-01 -8.449720e-01 -3.265632e-01 -9.510163e-01 -4.405442e-01 3.215137e-01 3.109540e-02 
-1.222444e+01 -3.839829e+00 -2.551118e+00 4.241063e+00 5.474285e+00 2.953294e+00 5.248124e+00 3.977337e+00 4.804227e+00 2.095308e+00 6.673834e-01 7.275453e+00 2.628409e-01 3.142147e-01 -1.300931e-01 1.169315e+00 -1.130840e+00 -1.623494e+00 -4.015808e-01 1.228438e+00 -2.579940e+00 -1.878089e+00 -6.293257e-01 -1.668351e-01 2.321973e-01 1.087601e-02 
-1.271290e+01 -1.427941e+00 7.834733e-01 4.081715e+00 4.471820e+00 -2.090091e+00 5.554175e+00 -3.262615e+00 2.472938e+00 -9.433639e-01 -3.951917e+00 1.293539e+01 2.437709e-01 2.528708e+00 2.506418e+00 3.124023e+00 -1.048570e+00 -5.770966e-01 -1.595288e+00 1.470489e-01 -9.222471e-01 -2.980396e+00 -1.925859e+00 1.342173e+00 7.593206e-01 -2.159718e-02 
-7.680693e+00 3.545050e+00 5.250213e+00 3.373000e+00 2.547450e+00 -1.662031e+00 5.053930e+00 -3.299659e+00 -9.067645e-01 9.831184e-01 -6.689575e-01 7.057311e+00 2.163386e-01 2.995738e+00 2.068601e+00 2.702464e+00 8.578406e-02 -5.026754e-01 -1.623590e+00 2.473312e-01 2.801922e-01 -1.135041e+00 -3.424107e-01 6.744167e-01 -8.453741e-01 -2.879879e-02 
-2.329047e+00 7.551544e+00 8.976690e+00 4.283383e+00 5.404143e+00 -6.804394e+00 4.375681e+00 3.175328e+00 -6.982985e-01 -5.925690e+00 -6.147783e-01 8.807462e+00 1.968552e-01 2.804477e+00 -1.557940e-01 1.107417e+00 -2.198478e-01 -8.686409e-01 -1.050872e+00 -6.262232e-01 1.108204e+00 -1.710750e-02 3.006244e-01 2.073205e+00 -1.197363e+00 -2.743387e-02 
-2.437681e+00 2.013433e+00 6.864595e+00 4.569149e+00 2.494746e+00 -2.807502e+00 7.074027e+00 2.159327e+00 7.146406e-01 2.874418e+00 2.370898e+00 5.112545e+00 1.423048e-01 1.729406e+00 -2.432843e+00 -8.124649e-01 -3.144347e-01 -1.529387e+00 -8.387045e-01 -2.338047e-01 1.236990e+00 2.355970e-01 -4.382930e-02 1.173023e+00 3.754620e-02 -2.648762e-02 
-1.312016e+00 -1.441103e+00 5.513366e+00 2.384401e+00 1.549678e-01 -6.771714e+00 1.413011e+00 -4.510863e-01 1.576697e+00 -3.858914e-01 4.894178e+00 7.920953e+00 1.436185e-01 9.018205e-01 -2.859415e+00 -2.188936e+00 4.753058e-02 -1.738906e+00 -5.986464e-02 -1.284431e-01 -4.544402e-01 -6.999384e-01 1.400448e+00 -3.541641e-01 -6.619644e-02 -3.261746e-02 
4.578228e-01 -4.122840e+00 2.919550e+00 2.750318e+00 -2.474896e+00 -5.871893e+00 5.366242e+00 4.698499e+00 -8.662772e-01 -2.005927e+00 2.441679e+00 7.688296e+00 1.105189e-01 6.266547e-01 -1.521617e+00 -2.623433e+00 -1.055375e-01 -5.319571e-01 -7.856921e-01 7.740843e-02 -6.769016e-01 -1.223103e+00 -8.438059e-01 -1.255372e+00 3.650247e-01 -3.201279e-02 
7.323036e-01 -3.677391e+00 4.532099e-03 5.430452e+00 -8.055639e-01 -5.571522e+00 4.587358e+00 -3.664589e-01 -3.407531e+00 3.516723e+00 -2.420989e+00 7.188604e+00 4.966086e-02 1.128043e-01 1.299564e-01 -1.828253e+00 1.004341e+00 1.416113e-01 9.142793e-01 2.149108e+00 9.898113e-01 -6.415061e-02 -5.809523e-01 -2.173267e+00 -5.362083e-01 -3.061659e-02 
-3.265676e-01 -4.476506e+00 -3.498154e+00 2.518436e+00 3.152261e-01 -7.336058e+00 5.873895e+00 -1.267495e+00 -2.908759e+00 -3.295919e+00 -2.483766e-01 7.303843e+00 2.921963e-02 -1.385570e-01 1.285241e+00 -9.218443e-01 4.445301e-01 1.334781e+00 8.983873e-01 8.993222e-01 4.822811e-01 1.387654e+00 4.576590e-01 -3.807285e-01 -6.763193e-01 -3.511571e-02 
-3.557997e-01 -6.144876e-01 -4.190464e-01 7.522048e+00 -5.320368e-01 -1.468235e+00 1.190472e+01 7.480967e+00 2.277185e+00 -2.645657e+00 -4.627131e+00 5.432138e+00 3.118515e-02 -4.749402e-01 1.594085e+00 -6.045154e-01 -8.192824e-01 3.767158e-01 -1.384746e-01 -5.054003e-01 1.115242e+00 1.863391e+00 -1.181035e+00 2.980414e-01 -8.323561e-01 -3.544535e-02 
3.090897e-01 7.719159e-01 -1.477882e+00 3.927171e+00 4.062246e+00 -3.431600e+00 6.204170e+00 3.186191e+00 3.229636e+00 3.363557e+00 1.641108e+00 5.184932e+00 -5.582178e-02 -7.122350e-01 2.272701e+00 1.565147e-01 -1.031954e+00 3.106360e-01 -1.165058e+00 -1.822664e+00 3.606741e-01 6.135117e-01 -2.315784e-01 9.976773e-02 2.017472e-01 -4.391206e-02 
-1.960226e+00 1.668824e+00 -4.028181e+00 6.296732e-01 -7.954950e-01 -8.216124e+00 1.895219e+00 2.982909e+00 2.840228e+00 -5.718190e+00 -1.875524e+00 4.086279e+00 -8.504522e-02 -1.242349e+00 2.033063e+00 1.402378e-02 -2.610071e+00 -3.957014e-01 -1.586293e+00 -1.847580e+00 -6.691725e-01 -8.507305e-01 1.873697e-01 4.017426e-01 1.023245e-01 -4.413594e-02 
-3.085529e+00 5.745344e+00 -9.110131e-01 8.048515e-01 2.000135e+00 -9.787401e+00 1.765326e+00 2.784905e+00 -1.227217e-01 -2.917545e+00 -1.125341e+00 8.985509e+00 -1.322255e-01 -1.319185e+00 2.047559e+00 1.297403e+00 -1.273834e+00 -2.951202e-01 7.480106e-01 -1.810898e-01 -1.572193e-01 -3.843226e-01 -5.479120e-01 -6.141864e-01 3.087365e-01 -2.571893e-02 
-4.870234e+00 7.064113e+00 -6.323619e-01 -3.967148e+00 -1.479488e+00 -6.221801e+00 4.886244e+00 4.335748e+00 -3.002880e-01 1.431743e+00 -1.235193e+00 4.043472e+00 -1.512927e-01 -1.296132e+00 1.441481e+00 1.853218e+00 -4.226507e-02 5.526263e-01 1.505924e+00 2.672617e-01 -5.213846e-01 6.044165e-01 1.257980e+00 8.767142e-01 3.106568e-01 -1.292251e-02 
-4.831831e+00 8.312067e+00 3.311224e+00 -1.435860e-01 2.928642e+00 -6.887082e-01 3.803209e+00 1.723675e+00 2.878281e+00 -2.950969e+00 -1.749990e+00 6.750019e+00 -1.512927e-01 -1.012658e+00 5.071219e-01 1.669930e+00 1.003913e+00 7.390617e-01 1.475553e+00 -1.059665e+00 -2.661972e+00 4.404184e-01 5.734626e-01 1.201765e+00 -5.340254e-01 -2.696586e-03 
-7.567738e+00 7.592866e+00 3.126791e+00 8.925667e-01 1.503383e+00 -5.235854e+00 2.212586e+00 9.066007e-01 4.361809e+00 5.884209e-01 2.820371e+00 6.757309e+00 -1.401242e-01 -5.445403e-01 7.304528e-02 5.433070e-01 6.906671e-01 1.389412e+00 1.262518e+00 -1.073330e+00 -2.527037e+00 4.202258e-01 6.571252e-01 1.348400e+00 9.298064e-01 0.000000e+00 
-6.800067e+00 8.016576e+00 5.559058e+00 3.394557e+00 4.204009e+00 -2.902611e+00 -2.196172e+00 -8.810378e+00 -2.516779e-01 3.714290e-01 2.855700e+00 4.958464e+00 -1.512927e-01 -5.089698e-01 1.820776e-02 -4.919197e-01 -7.995034e-03 8.029320e-01 7.438533e-01 -1.041513e+00 -2.880732e+00 -1.276417e+00 1.315009e+00 1.697927e+00 7.792939e-01 2.238750e-05 
-6.608817e+00 7.577085e+00 9.602559e-01 -2.282884e+00 4.829887e+00 1.197742e+00 2.519284e+00 -3.032409e+00 3.365820e+00 3.056170e+00 3.203961e+00 9.588282e+00 -1.512927e-01 -1.224172e-01 -1.391225e-01 -3.660900e-01 8.878936e-02 3.731932e-01 1.089991e+00 8.711594e-01 -7.235823e-01 -5.052303e-01 7.844205e-01 4.038050e-01 1.669958e+00 -1.664078e-03 
-7.856140e+00 8.410997e+00 1.934893e+00 1.404164e+00 5.280049e+00 -1.862394e-01 -1.557706e+00 -1.071048e+01 -3.005811e+00 2.390201e+00 6.547852e+00 9.231001e+00 -1.455965e-01 -4.306075e-01 -1.742293e-01 -4.016473e-01 -1.893995e-01 -5.148152e-01 3.909399e-01 2.015176e+00 1.685135e-01 -1.494610e-02 1.096971e+00 4.447024e-01 1.888868e+00 1.481247e-03 
-7.651787e+00 6.700043e+00 3.108424e+00 2.331710e+00 2.831328e+00 -1.144086e+00 6.249150e+00 -1.761259e+00 3.212723e+00 3.501137e+00 2.993320e+00 1.297083e+01 -1.512927e-01 -2.879391e-02 2.797591e-01 9.033621e-01 8.861055e-01 -3.577951e-01 -3.128147e-01 1.368390e+00 -3.821945e-01 -2.067221e-01 1.384319e+00 -2.945676e-02 -4.300681e-01 1.710057e-04 
-8.431620e+00 7.583950e+00 2.476737e+00 1.402624e-01 2.629213e+00 2.230018e-01 6.014774e+00 -8.603386e+00 -2.498599e-01 5.633801e+00 5.184532e+00 1.271153e+01 -1.438864e-01 2.435142e-01 1.888829e-01 4.535093e-01 -1.768630e-01 -8.937837e-01 -5.907590e-01 1.280637e+00 1.009448e+00 5.694626e-01 3.185219e-01 -1.265340e+00 -2.128582e+00 -5.170822e-04 
-6.465047e+00 9.389404e+00 5.206143e+00 2.779594e+00 4.366330e+00 -5.709525e-01 5.574996e+00 -5.996929e+00 9.542346e-01 8.355964e+00 3.738337e+00 5.697679e+00 -1.512927e-01 2.039375e-01 3.048158e-01 7.671525e-02 -3.915961e-01 -8.160979e-01 -8.214633e-01 -2.965411e-01 1.489688e-01 -3.263348e-01 -7.969885e-01 -1.162524e+00 -3.197918e+00 1.926064e-04 
-7.231939e+00 8.010732e+00 3.153579e+00 2.959070e-01 4.363012e-02 -3.426601e+00 5.182555e+00 -3.545405e+00 9.707464e-01 1.555397e+00 -1.513574e-01 2.224670e+00 -1.481819e-01 1.632468e-01 -5.251098e-02 -6.988807e-02 -2.172398e-01 -9.493865e-01 -1.015485e+00 -2.056881e-01 1.256749e+00 2.457725e-01 -1.495738e+00 -1.456147e+00 -2.444672e+00 -5.480170e-04 
