-1.243163e+01 4.352222e+00 -2.696308e+00 4.491926e+00 1.520544e+01 -6.388856e+00 -3.791650e+00 7.799738e+00 -2.165405e+00 -1.452598e+00 5.209619e+00 2.725721e+00 -1.512927e-01 -1.515148e-01 -1.993079e-01 -8.569890e-02 2.296139e-01 5.721001e-01 -5.227314e-01 -5.858649e-01 -6.451788e-01 -4.317868e-01 -8.230710e-02 -1.414082e+00 -7.275330e-01 0.000000e+00 
-1.255798e+01 3.469343e+00 -3.062674e+00 3.381047e+00 1.705425e+01 -8.050162e+00 -7.387520e+00 6.251165e+00 -1.795640e-01 2.414766e+00 2.144010e+00 -1.662436e+00 -1.512927e-01 3.144609e-01 2.287794e-01 1.237601e-01 -6.374961e-01 4.414589e-01 4.858074e-01 -8.413008e-01 -1.237969e+00 7.705013e-01 2.210243e-01 -1.993480e+00 -5.054514e-01 0.000000e+00 
-1.312604e+01 3.797122e+00 -2.941620e+00 6.195435e+00 1.714153e+01 -8.171861e+00 -4.923040e+00 5.348131e+00 -5.317259e+00 -3.797815e+00 -3.279893e-01 1.282134e+00 -1.512927e-01 3.146158e-01 1.880891e-01 1.696320e-01 -8.379035e-01 8.759331e-01 1.307487e+00 2.399490e-01 -1.017623e+00 1.050004e+00 1.189454e+00 -1.150106e+00 -3.135396e-01 0.000000e+00 
-1.051213e+01 5.773669e+00 -1.954852e+00 4.526914e-01 1.644468e+01 -3.068317e+00 -7.432460e+00 2.835698e+00 3.263029e+00 8.251324e-01 -1.988977e+00 9.202571e-01 -1.512927e-01 2.092400e-01 1.355660e-01 5.074427e-01 1.017458e-01 7.202128e-01 1.297308e+00 9.519359e-01 -2.097236e-01 1.350584e+00 8.818558e-01 8.173575e-01 4.110694e-03 0.000000e+00 
-1.188148e+01 4.140505e+00 -2.402059e+00 1.766587e+00 1.988988e+01 -2.342342e+00 -2.569435e+00 4.419358e+00 1.363319e+00 5.289491e+00 1.525581e+00 -1.333239e-01 -1.512927e-01 -1.083838e-01 -2.684616e-01 4.699283e-01 4.658321e-01 1.229090e+00 -1.436392e-01 -6.027821e-01 2.837473e-01 1.668462e+00 1.833580e+00 1.629889e+00 -1.617815e-01 0.000000e+00 
-1.213405e+01 3.975482e+00 -7.952409e-01 6.104200e+00 1.928114e+01 -4.478379e+00 -3.804642e+00 5.666933e+00 3.233065e+00 2.280392e+00 5.304012e+00 -9.341536e-01 -1.512927e-01 -4.553019e-01 -2.441280e-01 6.167898e-01 1.243744e+00 4.271264e-01 -1.377971e+00 -6.561737e-01 1.288553e+00 1.653371e-01 6.730211e-01 9.536775e-01 -8.022909e-02 0.000000e+00 
-1.285699e+01 3.353908e+00 -1.171784e+00 5.698841e+00 2.186875e+01 -8.185026e+00 -9.750860e+00 5.351250e+00 3.040033e+00 4.642454e+00 4.174959e+00 1.400432e+00 -1.512927e-01 -3.014912e-01 3.566116e-01 1.823887e-01 3.996704e-01 -5.494512e-01 -1.181747e+00 -1.506705e+00 1.435683e+00 8.855270e-01 -2.220794e-01 -1.453560e-01 -1.854916e-01 0.000000e+00 
-1.230088e+01 4.946327e+00 5.139591e-01 4.705286e+00 1.759088e+01 -7.036829e+00 -7.122616e+00 8.812516e+00 3.251358e+00 4.513756e+00 1.454721e+00 -2.477663e-01 -1.512927e-01 -3.783102e-01 3.646128e-01 -1.770605e-01 -7.523347e-01 -9.118315e-01 -1.524151e-01 -9.873943e-02 8.003864e-01 -3.523984e-01 1.511202e-01 -5.049623e-01 -7.423276e-01 0.000000e+00 
-1.330552e+01 5.438140e+00 -2.144716e+00 4.464396e+00 1.798776e+01 -6.971852e+00 -8.443974e+00 1.002498e+01 5.781807e+00 3.062411e+00 2.723447e+00 -1.403976e+00 -1.512927e-01 -4.318142e-02 4.801109e-01 1.251544e-01 -8.063615e-01 -1.149083e+00 9.525765e-01 1.230914e+00 -3.433050e-01 -1.484273e+00 -7.595536e-01 2.146235e-01 -3.641074e-01 0.000000e+00 
-1.380134e+01 4.756430e+00 -1.194077e+00 2.959750e+00 1.666248e+01 -5.847041e+00 -4.951783e+00 7.331999e+00 1.001856e-01 3.826015e+00 3.504957e+00 -3.243588e+00 -1.512927e-01 -3.370476e-01 -4.732618e-01 -5.759376e-01 -4.625835e-01 -2.812656e-02 3.822144e-01 -5.444722e-02 -1.863872e+00 -2.348223e+00 -1.824921e+00 -3.286108e-01 1.308823e-03 0.000000e+00 
-1.232267e+01 5.849411e+00 3.080067e-01 2.539802e+00 1.658754e+01 -4.017037e+00 -4.681707e+00 4.374983e+00 -2.805748e+00 1.188557e+00 4.222959e+00 1.077806e+00 -1.512927e-01 -4.420109e-01 -9.305702e-01 -2.307813e-01 -7.893156e-02 -5.889207e-01 -7.935916e-01 -1.778211e-01 -1.503476e+00 -1.504470e+00 -2.334359e+00 -9.755191e-01 2.370371e-01 0.000000e+00 
-1.447754e+01 2.374383e+00 -3.592091e+00 3.354666e+00 1.815036e+01 -6.603165e+00 -9.275986e+00 2.318156e+00 -4.195980e+00 -3.673923e+00 -9.380890e-01 -1.482113e+00 -1.512927e-01 -2.740681e-01 -5.102178e-01 6.868041e-02 8.989854e-01 -6.834514e-02 -7.094271e-01 -6.619704e-01 -9.096531e-01 7.777479e-02 -1.638262e+00 -6.641217e-01 1.221198e+00 0.000000e+00 
-1.517747e+01 1.976312e+00 -2.099616e+00 3.872280e+00 1.429921e+01 -1.056175e+01 -7.170978e+00 5.014524e+00 4.075398e-01 -4.859416e+00 6.737435e-02 -1.099527e+00 -1.512927e-01 -2.518320e-01 -2.337574e-01 1.548960e-01 4.698146e-01 -3.350235e-01 -9.220147e-01 -3.616067e-01 -6.625661e-01 1.037836e+00 1.141050e+00 6.968565e-01 2.321336e-01 0.000000e+00 
-1.374428e+01 4.141890e+00 3.531359e-01 6.788437e+00 1.746492e+01 -6.121821e+00 -7.016999e+00 2.463963e+00 -1.117584e+00 -1.341309e+00 2.262141e+00 3.951067e+00 -1.512927e-01 3.115982e-01 3.983735e-01 3.691894e-01 2.004843e-01 -2.506091e-01 -4.949093e-04 6.261086e-01 4.355112e-01 1.390113e+00 2.271306e+00 1.709802e+00 4.946405e-01 0.000000e+00 
-1.394846e+01 3.796871e+00 -8.901265e-01 3.171989e+00 1.525514e+01 -8.867783e+00 -7.619234e+00 9.892492e-01 8.442324e-01 5.727500e+00 6.107126e+00 -4.781162e-01 -1.512927e-01 3.135870e-01 4.566233e-01 1.997696e-01 -4.022051e-01 5.267975e-01 1.103347e+00 1.107321e+00 1.322125e+00 9.970461e-01 2.290539e+00 1.372304e+00 3.671454e-01 0.000000e+00 
-1.353406e+01 3.455971e+00 -2.350888e+00 4.707233e+00 1.641935e+01 -7.452622e+00 -5.921314e+00 6.508349e+00 2.536241e+00 2.389148e+00 4.591047e+00 6.803842e-01 -1.512927e-01 1.118805e-01 9.481283e-02 -1.637511e-01 -1.117446e+00 -2.523736e-01 7.906829e-01 5.154969e-01 6.128829e-01 1.285818e+00 1.963025e+00 8.236128e-01 -4.602833e-02 0.000000e+00 
-1.371465e+01 4.602388e+00 2.512445e-01 2.901857e+00 1.745599e+01 -4.379614e+00 -2.182215e+00 9.602954e+00 3.565858e+00 4.728052e+00 5.764439e+00 2.371541e+00 -1.512927e-01 3.105911e-01 -1.012766e-01 3.430720e-02 -5.374832e-01 -6.626211e-01 8.669507e-01 2.015218e-01 -3.532756e-01 -2.650208e-01 -6.450558e-02 -1.005446e-01 7.189358e-01 0.000000e+00 
-1.330178e+01 4.213195e+00 -1.036305e+00 1.336274e+00 1.510263e+01 -4.412491e+00 -7.158025e+00 1.221525e+00 3.950693e+00 8.973541e+00 6.551548e+00 2.296097e+00 -1.512927e-01 9.798928e-02 -2.559810e-01 -3.952211e-02 -6.672754e-01 -4.219906e-01 2.585720e-02 -3.344131e-01 -1.123776e+00 -3.476390e-01 3.653467e-01 -5.588003e-01 -3.123595e-01 0.000000e+00 
-1.251164e+01 2.911876e+00 -1.375882e+00 2.170053e+00 1.260040e+01 -6.053094e+00 -5.993269e+00 1.866283e+00 -1.188097e+00 2.112775e+00 4.624153e+00 2.308707e+00 -1.512927e-01 2.676892e+00 -1.033201e+00 8.239333e-01 -1.278515e+00 -4.309593e+00 1.801442e+00 2.086813e+00 -1.151109e+00 -1.231165e+00 -2.062804e+00 -7.664007e-01 -6.920121e-01 1.976678e-02 
-1.364561e+01 3.021322e+00 -1.734936e+00 1.736758e+00 1.673719e+01 -6.486596e+00 -5.687852e+00 4.757806e+00 3.175024e+00 5.523520e+00 2.367189e+00 -8.499962e-01 -1.512927e-01 5.858027e+00 -2.730707e+00 6.033238e-01 -2.270607e+00 -7.733836e+00 4.137091e+00 2.187711e+00 -8.941731e-01 -1.126903e+00 -3.702624e+00 -7.349349e-01 -8.754760e-01 1.562410e-01 
-1.582720e-01 3.231847e-02 4.720226e+00 -3.690959e+00 -4.909260e+00 5.664649e+00 7.516763e+00 2.079269e+00 -2.202133e+00 -3.860956e+00 4.024615e+00 4.845266e-01 -5.245876e-02 6.714406e+00 -4.070126e+00 2.619179e-01 -3.043455e+00 -8.804747e+00 4.704360e+00 9.697448e-01 -3.024205e+00 9.520229e-01 -2.976362e+00 -9.669761e-02 -8.247052e-01 2.655346e-01 
9.811670e+00 -8.000563e+00 -1.067740e+00 -7.086257e+00 -1.481172e+01 1.041409e+01 -2.974488e+00 -3.355834e+00 -1.176802e+00 -6.552713e+00 3.176643e+00 -1.169193e+00 5.804952e-01 5.250373e+00 -4.597167e+00 -3.750434e-01 -2.014934e+00 -8.347682e+00 4.334200e+00 -2.746993e-01 -4.438410e+00 6.754686e-01 -2.651035e+00 2.071266e-01 2.541792e-01 3.007062e-01 
9.331747e+00 -1.192781e+01 -3.998902e-01 -8.635716e+00 -1.564888e+01 9.018360e+00 -2.501228e+00 -9.197924e+00 5.747930e+00 -6.730917e+00 3.735938e+00 -1.655221e+00 8.104866e-01 1.234382e+00 -3.106625e+00 -1.340226e+00 -6.126798e-01 -3.460603e+00 2.153914e+00 -1.241582e+00 -3.882073e+00 1.334917e+00 -8.311597e-01 -2.473267e-01 6.952535e-01 2.375601e-01 
7.861240e+00 -1.398445e+01 -1.050094e+00 -5.865534e+00 -1.963141e+01 1.350755e+01 -2.052353e+00 -1.179565e+01 2.577335e+00 -6.296673e+00 3.547161e+00 1.490773e+00 9.207655e-01 -6.344988e-01 -1.044788e+00 -3.402945e-01 2.186900e-01 -1.298349e+00 1.239167e+00 1.589172e+00 -2.263253e+00 8.134882e-01 -7.291570e-01 -2.076588e-01 1.174888e+00 9.574213e-02 
6.988855e+00 -1.250886e+01 -1.989728e+00 -7.364719e+00 -1.980243e+01 1.488749e+01 8.477845e-01 -1.311119e+01 2.595383e+00 -8.144773e+00 2.602723e+00 2.630811e+00 9.652063e-01 -3.051373e-01 -1.821083e-01 -2.420701e-01 8.598594e-02 -3.018314e-01 4.056522e-01 1.613623e+00 -4.940138e-01 -7.203898e-01 -1.807713e-01 -1.054468e+00 8.779148e-01 4.049365e-02 
7.810622e+00 -1.293398e+01 -1.974294e+00 -6.628305e+00 -1.922669e+01 1.367537e+01 3.296868e+00 -1.271546e+01 4.466912e+00 -9.491570e+00 2.704956e+00 2.562232e+00 9.818460e-01 1.718717e-01 2.489328e-02 1.254811e-01 -1.437596e-01 3.487881e-01 -5.760815e-01 1.254605e+00 1.803638e-01 -2.593376e-01 2.999682e-01 -9.742724e-01 -1.924914e-01 1.579496e-02 
7.831369e+00 -1.336359e+01 -1.148141e+00 -7.824401e+00 -1.736040e+01 1.096271e+01 2.892275e+00 -1.120809e+01 1.201192e+00 -6.037325e+00 -1.115301e+00 2.198624e+00 9.824146e-01 1.374889e-01 -6.195927e-02 2.846248e-01 2.447066e-01 -6.724701e-02 -7.994429e-01 5.326067e-01 3.761765e-01 -7.633252e-01 1.459623e+00 -1.296638e+00 -2.619184e-01 7.887751e-03 
8.299341e+00 -1.343262e+01 -8.434824e-01 -6.354491e+00 -1.910849e+01 1.258953e+01 3.198424e+00 -1.184538e+01 1.977742e+00 -5.850557e+00 5.348108e-01 7.444100e-01 9.911362e-01 -1.800377e-02 2.975043e-01 3.438617e-01 2.134875e-01 -1.529137e-01 -6.938210e-01 6.410364e-01 9.849043e-02 -5.750801e-01 1.723429e+00 -9.704829e-01 -1.474692e-01 4.030383e-03 
7.431940e+00 -1.256934e+01 -1.132010e+00 -6.278093e+00 -2.019777e+01 1.143319e+01 3.560040e+00 -1.166535e+01 2.334183e-02 -2.667163e+00 -2.795395e+00 2.230130e+00 1.000000e+00 2.314328e-01 2.221455e-01 1.264180e-01 5.079090e-01 -1.034839e+00 -1.031507e-01 7.448403e-01 -3.865151e-01 3.355600e-01 8.414686e-01 -5.463182e-02 -1.972032e-01 1.319808e-03 
7.920318e+00 -1.184358e+01 -2.630506e-01 -6.334022e+00 -1.857258e+01 9.971020e+00 6.168168e+00 -1.199438e+01 2.180437e+00 -2.559504e+00 -1.307412e+00 1.809133e+00 9.932052e-01 2.912761e-01 -1.662664e-02 2.860890e-01 7.064237e-02 -9.454719e-01 -2.579542e-01 4.334135e-02 1.358685e-01 -1.703447e-01 9.474655e-01 -1.808465e-01 -3.358650e-01 -3.867191e-03 
9.178045e+00 -1.304738e+01 -8.062668e-01 -5.295091e+00 -2.280255e+01 1.175621e+01 5.131605e+00 -1.306616e+01 2.777645e+00 -3.475508e+00 -4.673492e-01 6.802466e-01 9.879791e-01 7.236894e-01 -4.325977e-01 5.519522e-01 -2.964640e-02 -1.325239e+00 2.498234e-01 -4.324050e-01 3.100075e-01 -2.542717e-01 6.855504e-01 -1.917224e-01 -6.716199e-02 -9.526444e-03 
8.882669e+00 -1.327673e+01 4.240910e-01 -6.492781e+00 -2.253346e+01 1.113825e+01 2.629348e+00 -1.046563e+01 -2.511323e-01 -7.090564e-01 -1.533445e+00 -1.599734e-01 9.778107e-01 3.786601e-01 -1.880012e-01 7.289582e-01 -4.842806e-01 -1.297424e+00 1.201347e-01 -6.302084e-01 8.529384e-01 -1.383535e+00 1.476290e+00 -1.294720e+00 6.808534e-01 -1.258755e-02 
1.056921e+01 -1.401575e+01 1.284180e+00 -6.346946e+00 -2.484352e+01 1.209870e+01 3.167425e+00 -1.087968e+01 -3.223217e-02 -1.646348e-01 -3.640991e+00 2.878873e+00 9.600651e-01 5.174256e-01 1.554670e-01 6.480831e-01 -7.694454e-02 -1.250042e+00 8.235512e-02 -3.429722e-01 1.021167e+00 -1.213014e+00 1.404158e+00 -1.736402e+00 1.030739e+00 -1.917778e-02 
9.118035e+00 -1.229940e+01 2.336517e+00 -8.229497e+00 -2.403921e+01 1.040045e+01 3.999216e+00 -8.822927e+00 -3.332298e+00 3.166511e+00 -6.194191e+00 4.114086e+00 9.442245e-01 4.354978e-01 2.879803e-01 4.282727e-01 6.564019e-01 -1.510319e+00 -2.401878e-01 2.665700e-01 8.346187e-01 -3.821720e-01 8.093532e-01 -1.306177e+00 4.353887e-01 -2.041844e-02 
1.164749e+01 -1.275871e+01 1.477936e+00 -4.811456e+00 -2.829988e+01 1.253689e+01 2.731810e+00 -8.781681e+00 -1.746843e+00 1.607501e+00 -6.818985e+00 3.696913e+00 9.088833e-01 5.598304e-01 1.195972e-01 6.382532e-01 1.041764e+00 -1.519875e+00 -6.895822e-01 6.389561e-01 7.147125e-01 5.198426e-01 3.550391e-01 -8.720669e-01 -4.381691e-01 -2.254221e-02 
1.052102e+01 -1.246535e+01 2.468577e+00 -3.978517e+00 -2.835687e+01 9.718214e+00 4.180006e+00 -7.341540e+00 -1.304687e+00 2.451642e+00 -6.475332e+00 1.607950e+00 9.013094e-01 5.723702e-01 8.205290e-02 5.605108e-01 1.431425e+00 -1.370896e+00 -1.124682e+00 1.025584e+00 2.839749e-01 1.457302e+00 -1.129627e-01 -1.877833e-01 -1.186641e+00 -2.340414e-02 
1.266687e+01 -1.333479e+01 4.409416e+00 -3.263614e+00 -3.028406e+01 8.991903e+00 6.271810e+00 -8.046815e+00 1.553175e+00 1.967995e+00 -7.860754e+00 1.941096e+00 8.688116e-01 1.145367e-01 4.377822e-01 6.865106e-01 6.190652e-01 -3.232231e-02 -1.993683e+00 1.209636e+00 5.124663e-01 5.842345e-01 6.234609e-01 -3.678789e-02 -1.385169e+00 -2.780656e-02 
1.147020e+01 -1.160110e+01 3.673331e+00 -1.846292e+00 -2.990160e+01 6.549535e+00 7.357135e+00 -7.770485e+00 2.304204e+00 2.421450e+00 -6.612223e+00 -9.412082e-01 8.472397e-01 4.382802e-01 3.647985e-01 5.334178e-01 7.979664e-01 -1.783367e-01 -1.493953e+00 6.122161e-01 3.196008e-01 5.310187e-01 1.221724e-01 4.904611e-01 -1.461977e+00 -3.370469e-02 
1.174559e+01 -1.100192e+01 4.308112e+00 -2.782242e+00 -2.768913e+01 4.152812e+00 7.191424e+00 -6.004877e+00 -6.301157e-01 4.739901e+00 -6.934479e+00 -1.954352e+00 7.968853e-01 2.217729e-01 4.905426e-01 4.012383e-01 9.031605e-01 -1.975895e-01 -1.083699e+00 -4.483557e-02 6.768131e-02 3.180354e-01 -2.845443e-01 1.124228e+00 -1.202981e+00 -3.401908e-02 
1.317306e+01 -1.180779e+01 5.186317e+00 -2.293713e-01 -3.054602e+01 4.667998e+00 6.781279e+00 -6.764505e+00 2.442052e+00 1.676551e+00 -4.486164e+00 -3.754208e+00 7.687491e-01 4.327717e-02 8.485939e-01 4.896944e-01 2.756256e-01 2.448166e-01 -1.155963e+00 -4.145870e-01 6.390225e-01 -3.866138e-01 1.435897e-01 4.821935e-01 -6.258312e-01 -3.693034e-02 
1.292430e+01 -1.077873e+01 5.659113e+00 4.437280e-01 -3.094980e+01 4.514177e+00 6.335560e+00 -8.211398e+00 3.074428e+00 9.177227e-01 -3.302642e+00 -2.667308e+00 7.379615e-01 -4.952621e-02 1.119551e+00 -4.218207e-02 7.760955e-01 -1.097477e-01 -4.944845e-01 -7.301329e-01 8.583463e-01 -1.584369e-01 -1.411728e-01 5.196058e-01 -6.401892e-01 -3.810130e-02 
1.109722e+01 -7.469725e+00 5.446301e+00 -2.081149e+00 -2.704719e+01 5.890360e-01 5.712132e+00 -3.472112e+00 -1.481137e+00 5.050488e+00 -6.017174e+00 -3.713886e+00 6.920499e-01 -2.081213e-02 1.212123e+00 -1.676385e-01 1.262672e-01 7.601715e-01 -7.863901e-01 -5.234019e-01 9.172106e-01 -7.992763e-01 5.249381e-01 2.628196e-01 -2.280491e-01 -4.400169e-02 
1.253587e+01 -7.573200e+00 3.967210e+00 2.024125e+00 -2.998729e+01 3.719871e+00 4.075333e+00 -3.359342e+00 5.392944e-01 2.347069e+00 -3.570946e+00 -5.175459e+00 6.447284e-01 2.517671e-01 1.314417e+00 -4.165445e-01 -5.588724e-02 8.802158e-01 -8.519976e-01 -4.416808e-01 8.931645e-01 -5.101706e-01 5.799916e-01 4.500393e-01 -5.568403e-02 -4.987911e-02 
1.326322e+01 -7.349942e+00 5.194077e+00 -3.882337e-01 -2.722642e+01 1.133200e+00 5.294384e+00 -4.604481e+00 -2.867624e-01 3.586569e+00 -3.037914e+00 -3.640378e+00 5.953572e-01 4.508428e-01 1.264819e+00 -2.937058e-01 -3.483800e-01 9.867252e-01 -1.003750e+00 7.795115e-02 -1.978159e-01 4.955248e-01 3.143208e-02 9.052578e-01 3.641781e-01 -4.949739e-02 
1.310014e+01 -4.266541e+00 3.702503e+00 -6.821659e-01 -2.645910e+01 -1.789331e-02 4.336030e+00 -3.179392e+00 -7.361218e-02 4.549640e+00 -2.542075e+00 -2.982482e+00 5.369123e-01 -6.121492e-02 1.929462e+00 4.813170e-02 -1.029293e+00 1.618670e+00 -1.990775e+00 3.244218e-01 1.495104e-01 5.697088e-01 1.695429e-01 5.471609e-01 3.113455e-01 -4.700969e-02 
1.306930e+01 -2.798959e+00 4.110126e+00 -2.469904e+00 -2.387765e+01 -2.560834e+00 5.971539e+00 -4.551167e+00 1.302940e+00 4.106362e+00 -2.005320e+00 -2.989484e+00 4.984710e-01 -1.578786e-01 1.996932e+00 -5.725450e-02 -4.962234e-01 1.422927e+00 -2.158997e+00 -4.682445e-03 7.207624e-01 6.244567e-01 3.564114e-02 3.541906e-01 -2.077692e-01 -3.968620e-02 
1.232676e+01 -2.013797e-01 4.749844e+00 -2.081507e+00 -2.356832e+01 -4.386989e+00 5.358864e+00 -2.638447e+00 2.592987e+00 2.934887e+00 -1.351438e+00 -3.944179e+00 4.581231e-01 -2.015761e-01 1.850316e+00 3.921251e-02 -2.661141e-01 1.409831e+00 -2.073817e+00 -3.860102e-01 4.690603e-01 5.444538e-01 -9.682103e-02 4.842208e-01 -5.121303e-01 -3.194564e-02 
1.286052e+01 6.021389e-01 4.384134e+00 -2.169680e+00 -2.155717e+01 -7.477234e+00 4.759554e+00 -1.271141e+00 1.502221e+00 4.572151e+00 -1.862280e+00 -4.198376e+00 4.363208e-01 -2.428568e-01 2.107620e+00 7.309189e-02 -6.642589e-01 1.061070e+00 -1.198553e+00 -1.288113e+00 4.974297e-01 1.595750e-01 4.949209e-01 1.782855e-01 -3.125655e-01 -2.573481e-02 
1.219665e+01 3.284490e+00 3.761562e+00 -2.162848e+00 -2.057018e+01 -7.928779e+00 3.011972e+00 -2.474104e+00 2.549016e+00 3.832641e+00 -1.924910e-01 -4.938688e+00 4.082592e-01 -3.015736e-01 7.938682e-01 3.247061e-01 -5.726963e-01 5.096031e-01 -3.408290e-01 -9.884049e-01 3.620548e-01 -1.555977e-01 4.876905e-01 1.486008e-01 2.066899e-01 -1.641942e-02 
1.192007e+01 5.996206e+00 4.969726e+00 -5.750527e+00 -2.007137e+01 -6.782707e+00 7.044196e-01 -2.146190e+00 2.122801e+00 6.132090e+00 -1.693366e+00 -4.055058e+00 3.947288e-01 -3.284138e-01 1.501020e+00 -3.450626e-01 -5.510586e-01 1.589486e+00 -3.845451e-01 -1.444760e-01 9.063553e-01 -8.911628e-01 7.387939e-01 2.113550e-01 -4.043719e-01 -2.741665e-02 
1.128911e+01 1.070928e+00 6.080578e+00 -3.154565e+00 -2.176321e+01 -6.438398e+00 2.444407e+00 -3.906484e-01 1.504709e+00 4.593370e+00 -6.928913e-01 -2.982388e+00 3.968220e-01 -1.221094e+00 2.472758e+00 -5.129939e-01 4.064025e-01 4.076820e+00 -9.980127e-01 5.606230e-01 2.437616e+00 -5.562350e-01 1.748228e+00 5.538310e-01 -1.320177e-01 -7.589579e-02 
1.167222e+01 9.214020e+00 1.499313e+00 -4.429114e+00 -1.301323e+01 -1.014515e+01 4.320957e+00 2.218908e+00 -2.431439e+00 7.885756e+00 -5.553049e-01 -7.198385e+00 3.049561e-01 -2.279535e+00 1.708129e+00 -5.893767e-01 2.166660e+00 6.037225e+00 -2.685984e-01 1.988000e+00 2.688248e+00 -1.319587e+00 5.013462e-01 1.541376e+00 7.072248e-02 -1.197081e-01 
6.215109e+00 1.403937e+01 2.931799e+00 -7.915421e-01 -3.715153e+00 -1.123762e+01 4.006818e+00 7.531425e+00 2.044961e+00 1.169695e+01 2.007633e+00 -4.027112e+00 7.366663e-02 -2.770880e+00 8.734152e-01 -4.435589e-01 1.526198e-01 5.258008e+00 1.244061e+00 1.429982e+00 5.426036e-01 3.071389e-02 -1.848384e-01 3.734376e-01 5.866472e-01 -1.141805e-01 
3.059395e+00 8.052628e+00 3.597233e+00 3.901263e+00 1.090727e+00 -5.726088e+00 9.863213e+00 7.334016e+00 -4.745261e+00 5.087032e+00 4.663253e+00 -3.179083e+00 -4.223406e-02 -2.771737e+00 -1.912494e+00 6.597444e-01 -1.248298e+00 1.787287e+00 1.822323e+00 2.354153e-01 -1.518510e+00 7.111319e-01 -1.252421e+00 -1.980571e-01 1.813888e+00 -6.183802e-02 
1.741122e+00 6.018700e+00 2.813824e+00 -6.556654e+00 -2.525150e+00 -2.427623e+00 6.823190e+00 -2.351842e-01 2.815189e+00 5.068540e+00 -1.434983e+00 -2.058803e+00 -4.853010e-04 -1.575429e+00 -2.958396e+00 4.883431e-01 -2.634748e+00 -1.835911e-01 1.822508e+00 7.921860e-01 -2.068844e-01 6.526121e-01 -2.327012e+00 -3.735613e-01 1.340753e+00 2.912003e-03 
5.052900e-02 3.661885e+00 4.857022e+00 -7.788050e+00 -4.671797e+00 -5.438534e+00 4.089847e+00 -1.490337e+00 7.391061e-01 4.937853e+00 1.757177e-01 8.868980e-01 3.284198e-02 -4.892409e-01 -8.562891e-01 8.799696e-01 -1.454441e+00 8.001574e-01 7.387372e-01 -3.397133e-01 8.332869e-01 5.969400e-01 -1.359216e+00 -1.823564e-01 1.414228e+00 3.136264e-02 
-1.576011e-01 1.442762e+00 4.743619e+00 -8.120625e+00 -1.751846e+00 -2.268860e+00 1.085443e+01 1.090918e+01 2.565838e+00 1.364772e-01 2.383595e+00 6.436610e-01 5.068862e-02 4.101146e-01 -5.755272e-01 9.849075e-01 2.964251e+00 3.640424e+00 5.478948e-01 -1.226787e-01 1.005266e+00 -1.557850e+00 -2.953303e+00 8.615315e-03 2.208284e+00 2.458755e-02 
1.562552e+00 6.059151e+00 7.032183e+00 -2.588959e+00 4.704862e+00 -2.111783e+00 6.149025e+00 5.928267e+00 -1.635885e+00 7.569852e-01 1.842183e+00 2.540827e+00 8.899218e-02 8.524710e-01 -4.468635e-01 -4.579770e-01 2.981757e+00 3.656043e+00 1.229956e-02 -1.936273e+00 -9.200566e-01 -7.402099e-01 -3.109535e+00 -1.873124e+00 1.919014e+00 -5.246776e-03 
3.035683e+00 1.942431e+00 6.650781e+00 5.665056e+00 1.098864e+01 -1.351525e+00 5.180208e+00 1.081842e+00 -3.786566e+00 -7.607538e+00 -2.225139e+00 8.155655e+00 9.437734e-02 9.738477e-01 4.429190e-01 -1.935138e+00 2.553444e+00 2.952713e+00 -1.151427e+00 -3.483409e+00 -3.330146e+00 -5.797700e-01 -2.886955e+00 -2.109326e+00 2.051485e+00 -2.980902e-02 
2.716241e+00 1.177733e+00 1.613556e+00 2.278965e-01 7.238174e+00 -5.835704e+00 -2.754405e+00 -1.176951e+00 2.142590e-01 -6.737816e+00 -6.885534e+00 6.725970e+00 -1.523626e-02 5.587417e-01 -3.594608e-02 -2.979510e+00 2.688293e-01 8.805346e-01 -6.269760e-01 -1.878305e+00 -1.087807e+00 7.292259e-01 -2.784385e+00 -2.230917e+00 3.471321e-01 -4.362990e-02 
4.134792e+00 6.098066e+00 -2.222759e+00 3.238167e+00 1.174506e+01 -6.164035e+00 -2.110900e+00 -2.188939e+00 -1.258084e+00 -1.055090e+01 -3.799178e+00 8.808515e+00 -4.624224e-02 1.054159e-02 8.554434e-01 -2.908925e+00 -1.075818e+00 5.112184e-01 1.906262e-01 -2.440329e-01 7.360948e-01 -4.032716e-01 -1.286572e+00 -1.346525e+00 -1.423085e+00 -4.784175e-02 
3.806705e+00 3.801603e+00 -3.428597e+00 -3.136826e-02 8.729324e+00 -2.840408e+00 4.030538e-01 2.124623e+00 7.460036e-01 -1.169326e+01 -8.525381e+00 3.950057e+00 -5.884755e-02 -3.537514e-01 1.138797e+00 -1.424232e+00 1.656800e-01 2.499117e+00 2.443642e+00 2.023054e+00 1.975826e+00 -5.378524e-01 -1.425779e-01 1.191253e+00 -6.303534e-01 -3.231345e-02 
2.543159e+00 4.907713e+00 -5.372766e+00 4.156008e-01 1.279916e+01 -1.896042e+00 2.381314e+00 3.111529e+00 -6.068797e+00 -1.156267e+01 -8.137841e+00 2.428187e+00 -1.230258e-01 -1.096799e+00 -2.871037e-03 -1.245631e+00 -1.595645e-01 2.902138e+00 2.646287e+00 1.382187e+00 2.390500e+00 -3.857790e-01 2.010910e+00 2.024866e+00 -8.273724e-01 -2.896651e-02 
1.743301e+00 7.466896e+00 -3.932602e+00 2.467580e+00 1.920671e+01 4.248508e+00 5.114758e+00 6.051944e+00 -6.964701e-02 -6.944817e+00 1.240064e+00 6.764367e+00 -1.384118e-01 -1.129977e+00 4.236766e-01 -1.457410e+00 5.859798e-01 3.204552e+00 1.584212e+00 8.865997e-01 1.174683e+00 -5.939813e-01 2.929498e+00 3.089760e+00 3.751114e-01 -2.131572e-02 
-3.174999e-01 4.251064e+00 -8.198910e+00 1.190871e+00 2.101706e+01 3.522940e+00 2.444184e+00 7.799901e+00 -2.779154e+00 -2.870568e+00 1.442427e+00 3.264498e+00 -1.512927e-01 -1.556934e+00 1.645136e-02 -1.142265e+00 -4.954461e-01 1.668799e+00 9.376976e-01 2.531906e-01 7.177423e-01 -2.667550e-01 2.047785e+00 2.370775e+00 2.156587e-01 -6.941474e-03 
-4.128511e-01 6.248310e+00 -9.302573e+00 2.510895e+00 2.064314e+01 2.371161e+00 4.804617e+00 5.653855e+00 -3.868725e+00 -1.391823e+00 2.133286e+00 5.407458e+00 -1.512927e-01 -1.874981e+00 3.305886e-02 9.182014e-02 -6.481051e-01 -5.543941e-01 -3.940510e-01 -3.803910e-01 -4.999081e-01 -1.490864e+00 -2.698134e-01 -5.797405e-02 -1.118112e+00 -2.576184e-03 
-4.163434e+00 5.599263e+00 -8.399107e+00 -2.083287e+00 2.042494e+01 3.731120e+00 3.802337e+00 6.899285e+00 -5.503033e+00 -4.100246e+00 3.269424e+00 4.184935e+00 -1.512927e-01 -1.858901e+00 3.029576e-01 1.269768e+00 7.644681e-02 -3.906636e-01 5.436525e-02 -1.182583e+00 -1.285581e+00 -4.258135e-01 -3.629944e-01 5.705459e-01 -5.377212e-01 0.000000e+00 
-5.708635e+00 6.958091e+00 -3.373403e+00 8.641331e-01 1.673080e+01 2.174163e+00 2.533726e+00 4.002710e+00 -6.162026e+00 -7.679045e+00 3.669560e-02 7.135868e-01 -1.512927e-01 -1.407590e+00 1.816529e-01 9.561003e-01 6.894058e-01 -4.027677e-01 -5.037175e-01 -2.420973e+00 -4.386652e-01 1.617000e-01 5.962880e-01 -1.889199e-01 -1.476382e+00 0.000000e+00 
-6.964111e+00 5.410961e+00 -4.814654e+00 2.396486e+00 2.101991e+01 3.893265e+00 -2.333284e+00 2.197567e+00 -3.761570e+00 -1.541929e+00 5.343452e+00 2.922828e+00 -1.512927e-01 -4.588439e-01 6.650909e-01 1.294548e-01 9.390296e-01 8.459218e-02 -9.950226e-01 -2.082990e+00 -4.982650e-01 4.873605e-01 6.990272e-01 -3.910039e-01 -7.503507e-01 0.000000e+00 
-6.050462e+00 7.250726e+00 -6.314298e+00 3.718038e+00 1.833181e+01 -2.284994e-01 -4.232436e+00 5.811388e+00 -3.930956e+00 3.104584e-01 1.516725e-01 -1.343399e+00 -1.512927e-01 -5.683486e-01 2.066389e-01 3.921191e-01 9.961130e-02 3.789599e-02 -6.924909e-01 -1.196958e+00 3.489049e-01 5.418913e-01 1.011364e+00 7.305040e-01 5.739997e-02 0.000000e+00 
-6.286740e+00 8.778400e+00 -6.281386e+00 1.184908e+00 2.004740e+01 -4.266214e-02 -3.229530e+00 3.503622e+00 -4.181765e+00 -4.599862e+00 1.256917e+00 1.461674e+00 -1.512927e-01 -3.873096e-01 2.786178e-01 1.683010e+00 6.169829e-01 1.196587e-01 -6.268164e-01 -6.885500e-01 4.793584e-01 7.093537e-01 -2.405021e-01 -2.366612e-01 -1.393620e-01 0.000000e+00 
-8.889064e+00 6.307566e+00 -6.794420e-01 1.967979e+00 1.740654e+01 6.796727e-01 -3.002940e+00 5.094208e+00 -3.242472e+00 -1.093259e+00 5.732483e+00 1.731164e+00 -1.512927e-01 -2.648588e-01 2.006590e-01 1.781504e+00 1.712154e+00 1.025778e+00 6.625897e-01 1.185338e-01 -2.051495e-01 8.141054e-01 3.270964e-01 -1.393363e-01 -9.624524e-01 0.000000e+00 
-7.481359e+00 7.275630e+00 7.829697e-01 6.356430e+00 2.208084e+01 3.050971e-01 -6.390782e+00 4.952949e+00 -5.590439e-01 -2.042581e+00 1.369740e+00 6.887367e-01 -1.512927e-01 2.330842e-01 4.118717e-01 1.101029e+00 2.207640e+00 2.689624e-01 -2.247802e-01 -2.241561e-01 6.328209e-02 6.590546e-01 8.553478e-01 -1.078365e+00 -1.383331e+00 0.000000e+00 
-6.777447e+00 9.005405e+00 -9.389573e-01 9.693046e+00 2.244398e+01 2.910570e+00 -2.059141e+00 4.060977e+00 -1.671789e+00 6.673000e-01 -6.014209e-01 -5.769193e+00 -1.512927e-01 2.851392e-01 3.752924e-01 -7.123091e-01 1.479944e+00 2.528673e-01 -6.761783e-01 -5.603507e-01 -2.644961e-01 3.265820e-01 -2.060216e-01 -1.630322e+00 -1.016390e+00 0.000000e+00 
-6.177128e+00 9.488839e+00 -6.464825e-01 8.360573e+00 1.887349e+01 -2.282012e+00 -4.822210e+00 4.336648e+00 -1.671834e+00 -1.203402e+00 -9.679573e-01 -1.704803e+00 -1.512927e-01 -1.161742e-01 -3.536983e-01 -1.372385e+00 -2.231874e-01 -9.930673e-01 -9.930182e-01 -5.318205e-01 1.367741e-01 5.550768e-01 1.259079e+00 9.050547e-02 -1.559499e-01 0.000000e+00 
-8.115483e+00 7.077423e+00 -3.526261e+00 8.365628e+00 2.027455e+01 -1.407665e+00 -6.588980e+00 4.079878e+00 -1.053167e+00 -2.542957e+00 -1.250279e+00 -2.154016e+00 -1.512927e-01 -2.423069e-01 -4.099777e-01 -3.694165e-01 -7.902067e-01 -8.283575e-01 -1.702504e+00 -1.139531e+00 8.545763e-01 9.086546e-01 9.300162e-01 8.549824e-01 1.497722e-01 0.000000e+00 
-7.393211e+00 6.471130e+00 -4.785302e+00 5.904202e+00 1.820022e+01 -2.500876e+00 -6.784966e+00 5.627369e+00 1.907029e+00 5.857944e+00 2.146697e+00 -1.898601e+00 -1.512927e-01 -4.022880e-01 -4.356696e-01 -3.904770e-02 -2.495043e-01 6.565942e-01 -8.098513e-01 -2.416787e-01 1.387374e-01 1.800564e-01 9.149003e-01 1.193226e+00 -1.317628e+00 0.000000e+00 
-7.380939e+00 8.464372e+00 -7.166300e-01 6.970198e+00 1.863883e+01 -5.492517e+00 -6.775420e+00 7.688498e+00 1.082053e+00 1.786708e+00 2.116164e+00 -4.923433e+00 -1.512927e-01 -2.625591e-01 -1.624604e-01 3.663315e-01 -6.441879e-01 9.246590e-01 -5.276208e-01 -6.496948e-01 -1.064517e+00 -5.549459e-01 -3.008235e-01 -3.138890e-01 -1.218374e+00 0.000000e+00 
-8.555840e+00 6.617017e+00 -2.246536e+00 7.810766e+00 2.297432e+01 -4.288842e+00 -5.937384e+00 3.226025e+00 -1.839162e+00 1.206267e+00 3.314952e+00 -6.908235e+00 -1.512927e-01 -4.373532e-01 -2.830098e-01 1.395276e-01 -6.204383e-01 1.249312e+00 1.038912e-01 -1.043838e+00 -1.906934e+00 -1.076051e+00 -1.866630e+00 -1.662111e+00 -8.502569e-01 0.000000e+00 
-8.846965e+00 6.192178e+00 -2.963986e+00 4.191406e+00 2.251080e+01 -3.151786e+00 -1.026124e+01 -4.203534e-02 -1.954802e+00 -1.721235e+00 -3.403852e+00 -5.741068e+00 -1.512927e-01 -3.223176e-01 -4.969227e-01 -5.212162e-01 -9.176943e-01 7.280414e-01 5.818519e-01 -1.129551e+00 -1.872913e+00 -6.189348e-01 -9.943389e-01 -1.775883e+00 -4.681044e-02 0.000000e+00 
