-4.912627e+00 -5.518625e-01 -1.147006e+01 -3.568931e+00 1.076742e+00 -2.148439e+00 3.563631e+00 -2.596725e+00 -4.749637e-01 2.815607e+00 1.937174e-01 1.927360e+00 -1.512927e-01 -1.736737e-01 9.212260e-01 1.111397e+00 -2.244546e-01 1.079320e+00 1.870033e+00 1.085327e+00 5.815848e-01 -1.163940e-01 2.048341e-01 -1.047361e+00 -1.409124e+00 0.000000e+00 
-6.293676e+00 1.214216e+00 -9.967205e+00 -4.618485e+00 6.700167e+00 3.815082e+00 3.897212e+00 -2.703421e+00 -1.394045e+00 1.323685e+00 -2.572120e+00 1.850044e+00 -1.512927e-01 -1.583653e-01 1.326647e+00 1.821395e+00 4.385291e-02 8.857339e-01 2.042206e+00 1.095658e+00 -4.084301e-03 -4.750442e-01 8.507249e-01 -1.431577e+00 -9.496751e-01 0.000000e+00 
-5.090471e+00 3.171228e+00 -6.664508e+00 -4.166427e+00 3.661633e+00 4.219962e+00 8.823475e+00 3.645461e-01 -5.973930e-01 4.585738e+00 -3.660171e+00 -5.079602e+00 -1.512927e-01 -5.134073e-01 6.685867e-01 2.796044e+00 7.858885e-01 1.713669e-01 1.522000e-01 2.987538e-01 5.388035e-01 -1.784174e-01 1.203175e+00 -1.496255e-01 2.501456e-01 0.000000e+00 
-5.615532e+00 4.219827e+00 -4.765866e+00 -3.050918e+00 4.212967e+00 4.878388e+00 6.411997e+00 -4.097783e+00 -2.788970e+00 6.184165e+00 -5.037222e+00 6.824657e-01 -1.512927e-01 -2.315141e-01 2.803465e-01 2.398615e+00 9.682857e-01 -4.638616e-01 -1.891581e+00 -6.636529e-01 9.399886e-02 7.585387e-01 1.337844e+00 1.804214e-01 1.599103e-01 0.000000e+00 
-7.818736e+00 1.288266e+00 -9.051037e-02 -4.232717e-01 3.177177e+00 -1.919093e+00 3.800007e+00 7.944729e-01 -6.695886e-01 6.401242e+00 6.781408e-01 3.761877e+00 -1.512927e-01 -4.548698e-01 -3.485847e-01 5.636603e-01 4.618912e-01 6.741757e-01 -1.652318e+00 -1.787256e+00 -7.668112e-01 1.494372e+00 1.197878e+00 8.810654e-02 9.164058e-01 0.000000e+00 
-6.087114e+00 3.557430e+00 -1.261126e+00 -1.648633e+00 4.623086e+00 -2.573295e+00 3.090681e+00 -2.448390e+00 2.434746e+00 7.105155e+00 -3.839169e+00 -1.771145e+00 -1.512927e-01 -3.888973e-01 -7.393008e-01 -1.145454e+00 -2.362524e-01 7.166441e-01 -6.359898e-01 -9.713294e-01 8.040950e-01 3.097476e+00 1.446627e+00 1.112095e+00 2.097442e-01 0.000000e+00 
-7.129029e+00 1.759503e+00 -5.598577e+00 -2.558113e+00 6.827451e+00 -3.157858e-01 1.547853e+00 -4.294207e+00 4.262609e+00 1.011463e+01 -3.818665e+00 7.292322e-01 -1.512927e-01 -2.165250e-01 -9.254061e-01 -1.605327e+00 -2.870767e-01 1.138713e+00 2.362494e-01 -4.415399e-01 1.815377e-01 2.703842e+00 1.457913e+00 1.637543e+00 9.711750e-01 0.000000e+00 
-7.904872e+00 2.877043e-01 -7.739101e+00 -3.164759e+00 5.971050e+00 8.967859e-01 2.681427e+00 2.467032e+00 1.023231e+01 1.156060e+01 2.771654e+00 3.247509e+00 -1.512927e-01 -4.804987e-01 -8.071789e-01 -1.140535e+00 -5.925867e-01 3.417422e-01 1.746747e-01 9.710723e-01 1.374256e+00 1.442321e+00 1.215117e-01 1.903892e+00 1.684355e+00 0.000000e+00 
-7.992482e+00 -1.703902e+00 -4.878157e+00 -1.100592e+00 8.196762e+00 -2.472887e+00 1.796934e+00 -7.555493e-01 8.950839e+00 1.146308e+01 5.560447e+00 6.108426e+00 -1.512927e-01 -1.957598e-01 3.407578e-01 9.359843e-01 2.602807e-01 -3.548127e-01 2.395712e-01 6.403358e-01 1.476461e+00 7.566150e-01 -5.900825e-01 1.674354e-01 4.771360e-01 0.000000e+00 
-8.057881e+00 1.253238e+00 -7.324013e+00 -5.340327e+00 5.647142e+00 -6.213709e-01 7.821502e+00 2.653561e+00 7.302238e+00 7.038488e+00 9.907366e-01 3.961036e+00 -1.512927e-01 3.021213e-01 7.349808e-01 1.071552e+00 -3.744420e-01 -1.901190e+00 1.630147e-01 5.600463e-01 -3.047690e-01 -9.252725e-01 -1.042998e+00 -1.702807e+00 -6.943021e-01 0.000000e+00 
-8.031323e+00 2.980525e+00 -1.126200e+00 -1.689253e-01 5.215342e+00 1.641149e+00 2.179495e+00 2.994835e+00 9.510721e+00 9.425280e+00 -2.091029e+00 2.758148e+00 -1.512927e-01 5.841570e-01 4.121088e-01 4.070130e-01 -3.626357e-01 -1.587079e+00 4.545369e-02 9.699883e-01 -3.068128e-02 -1.215557e+00 -2.091578e+00 -2.129453e+00 -1.611819e+00 0.000000e+00 
-6.374845e+00 1.620394e+00 -4.257322e+00 -5.502803e+00 -2.044188e+00 -3.451580e-01 5.290378e+00 -9.320056e-01 5.326010e+00 7.364518e+00 -1.916646e+00 1.451137e+00 -1.512927e-01 8.050857e-01 3.831805e-01 1.758224e-01 -2.150187e-02 3.718435e-01 -7.288851e-01 1.218805e+00 -1.718799e-01 -5.756801e-01 -1.745882e+00 -1.564403e+00 -2.329220e+00 0.000000e+00 
-5.913216e+00 1.730635e-01 -4.376437e+00 -2.832533e+00 4.107031e+00 -2.383725e+00 7.912438e+00 8.838273e-01 3.861169e+00 8.421793e-01 -3.633129e+00 -6.957200e-01 -1.512927e-01 2.293485e-01 4.018767e-01 -7.129490e-01 -9.096463e-01 1.005665e+00 -1.304527e+00 -1.224810e-01 -8.382834e-01 -1.162473e+00 -9.889637e-01 -2.286874e-01 -7.688311e-01 0.000000e+00 
-5.091507e+00 4.572871e+00 -4.819782e+00 -4.116033e+00 8.060515e+00 -2.253359e+00 1.104906e+01 2.849665e+00 7.248613e+00 2.600629e+00 -6.060227e+00 -5.958129e+00 -1.512927e-01 -6.631223e-01 3.692508e-01 -7.328280e-01 -6.725125e-01 1.260001e+00 -1.480272e-01 -3.077022e-01 5.091408e-01 1.617356e-01 1.188022e+00 5.127333e-01 5.346342e-01 0.000000e+00 
-7.526250e+00 3.513671e+00 -4.409715e+00 -5.410542e+00 5.191317e+00 -3.927386e+00 -1.312249e+00 -3.087417e+00 2.737054e+00 6.862406e+00 -1.162675e+00 2.618627e+00 -1.512927e-01 -1.053097e+00 -3.966384e-02 -5.043217e-01 -4.587979e-01 -6.530890e-01 -4.468990e-03 -1.597793e+00 -1.193045e-01 3.524494e-01 2.977881e+00 1.495360e+00 1.811063e+00 0.000000e+00 
-8.883939e+00 1.796345e+00 -7.904823e+00 -7.576361e+00 3.713675e+00 -3.134633e-01 8.364210e+00 3.599321e+00 6.696745e+00 1.029451e+01 -5.882057e-01 2.467135e+00 -1.512927e-01 -1.024340e+00 -8.610075e-01 -1.398484e-01 2.639363e-01 -1.223670e+00 -7.281613e-02 -1.057336e+00 3.560695e-01 1.056736e+00 2.723358e+00 2.430411e+00 1.548702e+00 0.000000e+00 
-9.282483e+00 1.363008e+00 -5.355525e+00 -3.396358e+00 3.015006e+00 -3.376018e+00 1.265893e+00 -8.752316e-02 5.899350e+00 1.188464e+01 1.107660e+00 4.146964e+00 -1.512927e-01 -3.937208e-01 -7.819158e-01 -3.728547e-01 4.767631e-01 -1.600282e-01 2.715753e-01 3.294639e-01 9.207255e-01 1.549229e+00 1.828752e+00 1.655928e+00 -6.014398e-01 0.000000e+00 
-9.335090e+00 1.343166e+00 -5.046119e+00 -3.803443e+00 3.030321e+00 -2.893124e+00 4.473304e+00 3.130065e+00 1.095115e+01 1.370630e+01 4.956658e+00 1.021211e+00 -1.512927e-01 1.232450e-01 -2.840055e-01 -4.704428e-01 2.325835e-01 2.240223e-01 1.211451e-01 -3.986496e-01 -5.134801e-01 1.186049e-01 3.172844e-02 1.140662e+00 -2.637667e-01 0.000000e+00 
-9.269279e+00 -1.693188e-01 -7.703341e+00 -4.913186e+00 4.732853e+00 -1.279679e+00 2.280523e+00 1.750838e+00 8.355998e+00 1.430027e+01 4.344534e+00 3.343891e-01 -1.512927e-01 6.537075e-02 2.382947e-02 -7.309145e-01 -1.372476e+00 -2.496464e-01 -2.447562e-01 7.604925e-02 2.980864e-01 -4.309869e-01 -1.259732e+00 2.388770e-01 -2.572379e-01 0.000000e+00 
-8.274316e+00 1.142481e+00 -9.083129e+00 -5.655030e+00 3.974863e+00 -7.559073e-01 5.863647e+00 1.127400e-01 6.061446e+00 9.245342e+00 3.496669e+00 3.054589e+00 -1.512927e-01 -4.857290e-01 -2.616780e+00 7.454956e-01 -2.539419e+00 -1.579336e+00 8.226579e-01 -2.415942e+00 -4.591113e-02 -2.342973e+00 -2.180809e+00 -4.487658e-01 4.973903e-01 1.130928e-01 
-9.486016e+00 1.582497e+00 -6.991592e+00 -9.332943e+00 1.294503e+00 -5.668407e+00 9.509683e-01 2.911572e+00 6.189266e+00 7.816463e+00 3.032040e+00 1.844086e+00 -1.512927e-01 -1.308113e+00 -1.863606e+00 1.511205e+00 -2.983958e+00 -1.936573e+00 8.615405e-01 -3.236487e+00 1.076853e+00 -3.052252e+00 -2.340769e+00 -7.028944e-01 7.898389e-02 2.313211e-01 
-1.165537e+01 -1.261664e+01 -1.674515e+00 -1.429066e+01 -3.147183e+00 3.414529e+00 -6.941628e+00 2.320143e+00 3.196478e-01 6.044159e+00 3.369076e+00 2.753314e+00 4.141714e-01 -2.687438e+00 -3.204892e-02 1.675411e+00 -2.820469e+00 -8.405579e-01 1.056844e+00 -3.049806e+00 1.490630e+00 -2.349777e+00 -2.109731e+00 -3.613615e-03 -1.662932e-01 3.176458e-01 
-1.411932e+01 -2.607786e+00 -3.851622e+00 -1.551516e+01 -1.388989e+00 9.428055e-01 -7.499275e+00 6.031402e+00 -4.034361e+00 4.197020e+00 8.938586e-01 8.799460e-01 7.225806e-01 -2.909716e+00 2.151208e+00 1.363997e+00 -1.601322e+00 2.063537e-02 1.070634e+00 -5.648565e-01 6.835265e-01 -1.247799e+00 -2.287830e+00 2.999133e-01 2.367404e-01 2.852713e-01 
-1.939485e+01 3.077378e+00 -2.276057e+00 -1.666626e+01 1.113820e+00 1.222706e+00 -5.160262e+00 6.005977e+00 -5.756264e-01 5.064087e-01 4.547691e+00 2.705193e+00 1.000000e+00 -2.517834e+00 3.386900e+00 1.040323e+00 8.487368e-01 5.897432e-01 3.503790e-01 2.102371e+00 1.187209e+00 1.839028e+00 -1.557958e+00 -3.225414e-01 -1.320100e-02 1.180162e-01 
-2.016485e+01 4.491527e+00 1.291623e-01 -1.615175e+01 -7.328215e-01 7.806720e-01 -2.763998e+00 4.486287e+00 3.979096e-01 -8.538132e-01 3.942298e+00 3.051848e+00 9.821495e-01 -1.102424e+00 -6.064083e-02 2.103784e+00 2.917220e+00 2.934294e-01 1.115471e+00 3.703252e+00 7.977751e-01 3.079453e+00 2.120837e-01 -2.098357e-01 4.803645e-01 6.334221e-03 
-2.122177e+01 7.682011e-01 1.536707e+00 -9.728682e+00 -5.265512e-01 5.247491e+00 1.202587e+00 9.028745e+00 7.298652e+00 7.797847e-01 2.321489e-01 1.601358e+00 8.744678e-01 7.882996e-01 -2.379583e+00 2.194370e+00 3.702318e+00 -1.054806e+00 -3.491495e-01 3.401298e+00 1.309642e+00 3.215411e+00 2.003564e+00 -1.039273e+00 -5.260154e-01 -6.229637e-02 
-1.871798e+01 -1.756402e+00 4.760913e+00 -4.397853e+00 8.983436e-01 4.507768e+00 7.835563e+00 8.508893e+00 7.425762e+00 5.120750e+00 2.002451e+00 3.833686e+00 8.170177e-01 1.813943e+00 -2.677106e+00 1.137748e+00 3.075508e+00 -5.461288e-01 -4.351560e-01 2.185360e+00 6.553416e-01 1.873539e+00 1.432846e+00 -2.557589e-01 1.481399e-01 -6.518226e-02 
-1.617679e+01 -5.696573e+00 6.379918e+00 -4.031623e+00 -4.975791e+00 -2.386590e+00 6.546447e+00 1.054288e+01 1.198750e+01 7.536949e+00 3.212525e-01 -3.158031e-01 7.710840e-01 4.143864e+00 -5.064071e-01 1.410735e+00 1.980109e+00 -1.244046e+00 -2.318339e+00 -3.903405e-01 -1.743026e+00 -1.744212e+00 -4.732496e-01 -2.416733e-01 -5.186653e-01 -5.632979e-02 
-1.361763e+01 -5.661617e+00 3.396297e+00 -3.622737e+00 -1.238846e+00 2.421932e+00 5.490873e+00 7.005925e+00 7.421177e+00 2.931836e+00 2.618952e+00 4.751128e+00 7.079301e-01 5.606721e+00 -6.732693e-02 1.148114e+00 1.228793e+00 -1.408024e+00 -3.305603e+00 -2.701070e+00 -2.841480e+00 -2.004115e+00 -2.759666e+00 -8.895597e-01 -1.440873e+00 -2.963125e-02 
-3.052626e+00 1.887731e-01 9.272688e+00 -2.156963e-01 -5.678188e+00 -5.301284e+00 4.232297e-01 1.065099e+00 -1.420115e+00 -4.920063e-01 -1.284468e+00 -1.450690e+00 6.473627e-01 5.629013e+00 -1.812067e-02 9.220923e-01 1.285539e+00 -1.913227e+00 -3.317167e+00 -2.960765e+00 -3.950528e+00 -1.745143e+00 -4.078488e+00 -7.076853e-01 -1.770119e+00 1.085331e-02 
2.753541e+00 -5.035710e+00 9.055098e+00 -1.618524e-01 -5.790578e+00 -1.056290e+01 -2.608181e+00 -9.596167e-01 4.108996e+00 -4.663104e+00 -1.642487e+00 -2.803235e+00 7.307221e-01 4.256051e+00 -1.081342e+00 2.901044e-01 8.520689e-01 -3.412484e+00 -3.912914e+00 -2.331471e+00 -3.797229e+00 -2.838945e-02 -3.738654e+00 -1.234249e+00 -1.620145e+00 4.647083e-02 
3.782689e+00 -6.100130e+00 8.160978e+00 6.656303e-01 -1.226606e+01 -1.248001e+01 -4.207852e+00 -5.226984e+00 4.917879e+00 -9.058021e+00 -1.086454e+00 -5.389219e+00 8.139545e-01 1.253643e+00 -2.088642e+00 -8.692873e-01 3.111481e-01 -3.062793e+00 -1.980546e+00 -1.256677e+00 -2.668572e+00 1.312214e+00 -2.919577e+00 -3.780701e-01 4.670979e-01 6.441133e-02 
4.244969e+00 -7.923876e+00 5.402674e+00 1.969438e-01 -1.500733e+01 -1.355327e+01 -3.850943e+00 -8.834180e+00 4.110233e+00 -1.147843e+01 -3.651300e+00 -1.380330e+00 8.569883e-01 1.121618e-01 -1.245018e+00 -4.045926e-01 4.789575e-01 -2.722499e+00 -5.986007e-01 -8.583317e-01 -1.883911e+00 5.443268e-01 -1.573502e+00 1.670762e-01 1.241557e+00 4.759363e-02 
2.469874e+00 -8.810352e+00 6.752464e+00 1.160646e+00 -1.638378e+01 -1.370883e+01 -5.238776e+00 -8.340481e+00 5.140337e+00 -1.168223e+01 -2.170412e+00 1.733478e-01 9.062862e-01 1.135468e-02 -8.456283e-01 2.244351e-01 6.500294e-01 -9.580246e-01 -4.405991e-01 -6.418270e-01 -1.054107e+00 6.482066e-01 -5.170689e-01 6.393501e-01 1.412320e+00 2.922947e-02 
3.970757e+00 -9.905686e+00 7.736392e+00 1.985427e+00 -1.734421e+01 -1.294150e+01 -6.384377e+00 -8.822426e+00 6.719401e+00 -1.121851e+01 -2.651268e-01 6.232681e-01 9.225245e-01 1.595674e-01 -4.552402e-01 7.148401e-01 1.020131e+00 9.514656e-02 -3.064850e-01 -6.882628e-01 -4.216698e-01 7.399908e-01 -3.803293e-01 1.140831e+00 7.645404e-01 1.472669e-02 
3.976568e+00 -9.337365e+00 8.116295e+00 3.021535e+00 -1.588774e+01 -1.498889e+01 -6.150270e+00 -1.050340e+01 6.854328e+00 -1.177332e+01 4.172100e-01 6.705809e-01 9.273338e-01 5.358144e-01 -2.220783e-01 3.593509e-01 1.152508e+00 8.168243e-01 -3.154469e-02 -4.875210e-01 -1.275380e-01 4.049121e-01 -2.404150e-01 6.518995e-01 1.047113e+00 -5.803228e-04 
4.289459e+00 -9.936570e+00 8.294958e+00 4.367157e+00 -1.477962e+01 -1.444567e+01 -6.836510e+00 -9.861072e+00 6.953192e+00 -1.333453e+01 7.590448e-01 2.193755e+00 9.200979e-01 3.878777e-01 6.016588e-02 -1.114102e-01 1.382764e+00 8.748733e-01 5.510413e-01 -8.595756e-01 4.591567e-01 -1.944184e-03 -6.747188e-02 6.186712e-01 1.099451e+00 -8.377755e-03 
4.989595e+00 -9.905302e+00 8.269936e+00 5.732324e+00 -1.358196e+01 -1.311447e+01 -7.450314e+00 -8.458848e+00 7.048002e+00 -1.182630e+01 5.770000e-01 4.623669e+00 9.045979e-01 5.574756e-01 7.421255e-02 -4.717337e-01 1.338203e+00 7.437668e-01 1.465871e+00 -1.305830e+00 8.424449e-01 1.647235e-01 3.399647e-01 6.177962e-01 9.218324e-01 -1.462114e-02 
5.403632e+00 -9.320889e+00 7.102521e+00 7.543855e+00 -1.412274e+01 -1.112350e+01 -1.003223e+01 -7.548916e+00 6.612843e+00 -1.152938e+01 2.748334e+00 4.143980e+00 8.920037e-01 5.488615e-01 4.773350e-02 -6.196114e-01 1.120036e+00 7.110065e-01 1.759495e+00 -1.606788e+00 8.159151e-01 1.263178e-01 6.647900e-01 1.073542e-01 4.444332e-01 -1.276743e-02 
6.206860e+00 -9.274143e+00 6.353845e+00 8.124201e+00 -1.249735e+01 -9.320620e+00 -1.108156e+01 -7.447248e+00 7.848121e+00 -1.097607e+01 2.511546e+00 4.304631e+00 8.682753e-01 4.080993e-01 -1.875136e-01 -4.108929e-01 5.949658e-01 7.263085e-01 2.086684e+00 -1.683022e+00 6.073779e-01 -1.561650e-01 2.505188e-02 -2.653723e-01 1.314808e-01 -9.626317e-03 
6.425135e+00 -1.001348e+01 6.154947e+00 8.771399e+00 -1.176689e+01 -7.545114e+00 -1.305483e+01 -6.287296e+00 7.184722e+00 -1.043569e+01 3.285425e-01 4.575441e+00 8.744221e-01 2.285943e-01 -4.269822e-01 -2.172470e-03 4.243364e-01 8.643991e-01 2.423561e+00 -1.484079e+00 6.986003e-01 -7.227401e-01 -1.585445e-02 -9.362313e-01 1.019102e-01 -6.190270e-03 
6.519340e+00 -1.049657e+01 6.689258e+00 8.093382e+00 -1.112834e+01 -4.470243e+00 -1.435412e+01 -6.052769e+00 5.981237e+00 -1.224788e+01 4.600345e-01 5.065343e+00 8.652571e-01 2.003669e-01 -3.456429e-01 2.303536e-01 2.145682e-01 7.844579e-01 2.695075e+00 -1.762156e+00 9.551169e-01 -8.558876e-01 1.902470e-01 -8.794202e-01 -4.563031e-01 -7.907420e-03 
6.390363e+00 -1.084458e+01 6.923953e+00 9.680946e+00 -1.048525e+01 -1.430886e+00 -1.581635e+01 -4.753154e+00 3.932584e+00 -1.097275e+01 -9.070663e-01 4.273175e+00 8.625614e-01 4.043091e-01 -3.326359e-02 2.904493e-01 -1.144302e-01 5.897155e-01 2.615617e+00 -1.847814e+00 7.459477e-01 -5.345286e-01 8.178978e-01 -9.271114e-02 -1.412597e+00 -1.810457e-02 
7.226080e+00 -1.058681e+01 7.121110e+00 8.742268e+00 -9.215878e+00 1.097638e+00 -1.851158e+01 -3.438735e+00 5.194752e+00 -9.756309e+00 -1.267750e+00 2.174248e+00 8.346685e-01 6.025731e-01 4.302918e-01 3.163576e-02 -2.548157e-01 2.999133e-01 2.249612e+00 -2.007152e+00 6.297262e-01 -5.007095e-01 1.252365e+00 9.582430e-01 -2.279663e+00 -2.478896e-02 
8.093310e+00 -1.013468e+01 7.391267e+00 7.874804e+00 -9.774542e+00 2.749031e+00 -2.021517e+01 -3.864574e+00 4.905322e+00 -7.591986e+00 7.288791e-01 -1.041998e+00 7.991935e-01 5.773342e-01 8.341198e-01 -1.342502e-01 -8.384501e-01 7.966604e-01 1.564916e+00 -1.686519e+00 -1.830884e-01 -9.332345e-01 1.777434e+00 1.585821e+00 -2.204504e+00 -3.029398e-02 
8.680733e+00 -8.700065e+00 6.613780e+00 7.722374e+00 -9.984127e+00 4.687860e+00 -2.219047e+01 -3.348427e+00 2.991321e+00 -7.676440e+00 4.433277e+00 -3.675385e+00 7.729962e-01 6.370786e-01 9.593646e-01 -4.581649e-01 -1.096108e+00 1.637863e+00 9.440702e-01 -7.849007e-01 -1.090708e+00 -1.663929e+00 1.534132e+00 2.075578e+00 -1.963093e+00 -3.389431e-02 
8.549708e+00 -7.617357e+00 6.506367e+00 5.998642e+00 -6.117820e+00 4.598586e+00 -2.240949e+01 -5.713750e+00 3.681269e-01 -3.125513e+00 4.171526e+00 -3.824528e+00 7.419276e-01 9.270605e-01 7.808887e-01 -4.340393e-01 -1.727800e+00 2.786164e+00 3.531298e-01 1.769281e-01 -1.267938e+00 -2.323623e+00 1.127929e+00 1.760240e+00 -1.486370e+00 -3.988096e-02 
1.018327e+01 -7.048647e+00 5.272736e+00 4.199809e+00 -2.854921e+00 4.893212e+00 -2.133892e+01 -7.967690e+00 -8.562942e-01 -4.318884e+00 7.388815e+00 -6.249952e+00 6.938299e-01 9.776695e-01 8.044654e-01 -5.313109e-01 -1.900670e+00 2.681896e+00 7.562939e-01 -4.619217e-03 -3.189929e-01 -2.993615e+00 7.650664e-01 1.377826e+00 -9.879365e-01 -4.334401e-02 
1.197734e+01 -7.055950e+00 5.891593e+00 9.970880e-01 5.916758e-01 4.412004e+00 -1.975631e+01 -7.894635e+00 -4.788984e+00 -3.631118e+00 8.052308e+00 -7.186567e+00 6.393719e-01 9.754103e-01 7.337168e-01 -6.874800e-01 -1.337546e+00 1.437289e+00 1.230696e+00 -1.334860e-01 7.246986e-01 -3.333167e+00 3.816543e-01 9.576942e-01 -5.557194e-01 -4.154684e-02 
1.185526e+01 -4.958442e+00 4.264613e+00 7.198019e-01 7.060671e-02 8.562620e+00 -2.354016e+01 -3.852950e+00 -9.398195e+00 -3.598306e+00 9.382015e+00 -6.934048e+00 6.075541e-01 3.457941e-01 7.148515e-01 -5.953543e-01 -4.960549e-01 1.657453e-01 1.653191e+00 -2.129646e-01 8.916033e-01 -3.029086e+00 5.960184e-01 4.223179e-01 -2.307233e-01 -3.314493e-02 
1.259076e+01 -4.993876e+00 3.573029e+00 1.050916e+00 -3.941374e-01 8.917364e+00 -2.197631e+01 -4.147627e+00 -1.202676e+01 -1.577531e+00 7.963397e+00 -6.261076e+00 5.773313e-01 2.414834e-02 7.297426e-01 -5.956059e-01 6.832480e-02 -5.051118e-01 1.512046e+00 2.095451e-02 5.444234e-01 -2.683038e+00 7.917706e-01 4.508590e-01 -1.661790e-01 -2.568431e-02 
1.160553e+01 -4.505427e+00 3.455246e+00 1.692620e+00 -1.533288e+00 1.090649e+01 -2.129375e+01 -5.383177e+00 -1.238284e+01 -2.365585e+00 9.544860e+00 -7.866314e+00 5.591255e-01 1.397157e-02 9.389105e-01 -7.191105e-01 -7.458849e-02 -6.273641e-02 5.190028e-01 7.830366e-01 -3.815185e-01 -2.462560e+00 1.160141e+00 3.437406e-01 -2.310909e-01 -2.163665e-02 
1.222295e+01 -3.633744e+00 3.318246e+00 8.523030e-01 -1.131936e+00 1.080030e+01 -2.077474e+01 -4.407404e+00 -1.671185e+01 -2.886248e-01 1.022518e+01 -7.551330e+00 5.351646e-01 -3.982620e-01 1.654513e+00 -9.832188e-01 -5.749330e-01 5.254593e-02 6.718885e-01 1.923655e-01 9.388876e-03 -2.436986e+00 3.190178e-01 9.539564e-01 -5.430242e-01 -1.819630e-02 
1.210903e+01 -9.439554e-01 7.964516e-01 4.461660e-01 1.258240e-01 1.021617e+01 -2.022576e+01 -5.630653e+00 -1.936845e+01 1.557944e+00 9.969827e+00 -7.444376e+00 5.204542e-01 -3.759643e-01 3.115741e+00 -2.025115e+00 -1.330952e+00 8.127605e-01 5.939804e-01 1.135584e-01 1.986974e-01 -1.956462e+00 1.379468e-01 2.190886e-01 -1.822892e-01 -2.536461e-02 
1.034771e+01 1.497955e+00 -1.366758e-02 -1.200522e+00 -9.609637e-01 1.262197e+01 -2.154847e+01 -3.976944e+00 -2.071889e+01 -1.944206e+00 1.252070e+01 -9.187166e+00 5.056855e-01 -4.870749e-01 3.865396e+00 -1.769697e+00 -1.331263e+00 7.469080e-01 5.886772e-01 2.493572e+00 6.852266e-01 -5.512106e-01 4.450255e-01 -6.978241e-01 6.842314e-01 -4.832414e-02 
1.066333e+01 8.507431e+00 -5.004372e+00 -3.935729e+00 2.445029e+00 1.296556e+01 -2.033909e+01 -4.604920e+00 -2.016163e+01 -8.480606e-01 9.492545e+00 -7.959842e+00 4.470420e-01 -5.990613e-01 2.705838e+00 -7.739680e-01 -6.994944e-01 1.618301e-01 9.021621e-01 3.246230e+00 1.732155e+00 -3.732286e-01 2.353783e-01 -9.287843e-01 1.105629e+00 -5.199206e-02 
1.051042e+01 1.096754e+01 -2.629828e+00 -3.613065e+00 1.443002e+00 1.236899e+01 -8.250217e+00 -1.494138e+00 -1.907132e+01 3.139505e+00 6.974701e+00 -3.872440e+00 3.302500e-01 9.726381e-03 1.291245e+00 -4.632266e-01 -2.878295e-01 4.851472e-02 3.881968e-01 3.796918e+00 1.602861e+00 -5.983440e-01 5.846179e-01 -1.825037e+00 1.235172e+00 -4.520764e-02 
9.032365e+00 7.850441e+00 -1.765308e+00 -1.845034e+00 -2.670083e-01 1.485346e+01 -1.064373e+01 1.788720e+00 -2.205838e+01 1.929798e-01 8.098903e+00 -4.573596e+00 3.482116e-01 5.852702e-02 -2.115357e-01 -1.646303e-01 -5.218776e-01 3.434202e-01 -1.406277e+00 4.343801e+00 1.388123e+00 9.695224e-02 -8.447617e-01 -2.274859e+00 1.141373e+00 -3.784754e-02 
1.121182e+01 8.282678e+00 -3.949333e+00 -3.685016e+00 6.376283e-01 1.361900e+01 -7.411561e+00 8.405416e-01 -2.276223e+01 4.583631e-01 4.092332e+00 -4.704428e+00 3.290625e-01 -8.754517e-01 -1.714738e+00 -1.408271e+00 -1.732647e-01 1.936802e-01 -4.714090e+00 3.567813e+00 3.721570e-01 2.937461e+00 -2.993009e+00 -4.094561e+00 3.158039e-01 -1.788026e-02 
1.060527e+01 8.792185e+00 -5.167772e+00 -6.509140e+00 4.564816e+00 5.309170e+00 9.605865e-01 1.168357e+00 -1.783141e+01 -3.731298e+00 -4.405636e-01 -1.836984e+00 2.583981e-01 -5.997919e-01 -3.790913e-01 -1.988526e+00 1.195622e+00 -1.874738e-01 -5.499561e+00 6.396169e+00 -1.123429e+00 4.717539e+00 -2.566500e+00 -3.531705e+00 6.086003e-01 -1.582118e-02 
5.346713e+00 1.922978e+00 -7.969950e+00 -2.147335e+00 -4.509926e-03 -6.429310e+00 3.786689e+00 6.768281e-01 -6.497494e+00 -9.863402e+00 -9.228369e+00 -3.661726e+00 2.857555e-01 -4.079432e-01 2.651836e-01 -6.526410e-01 2.517231e+00 -1.442653e+00 -4.916380e+00 5.752861e+00 4.408654e-01 3.921579e+00 -6.740369e-01 -1.973268e+00 1.800358e-01 -1.419275e-02 
8.965960e+00 9.134834e+00 -9.697630e+00 3.364234e+00 -8.833084e-01 -2.620190e+00 1.573799e+01 -3.746569e+00 -6.603048e+00 -7.478636e+00 -2.899274e+00 -2.051945e+00 2.907593e-01 1.568363e-01 1.001155e+00 5.853523e-01 2.754702e+00 -2.213242e+00 -2.890197e+00 4.553473e+00 8.506290e-01 1.915186e+00 1.184685e+00 -1.329655e-01 6.230869e-01 -1.202953e-02 
9.991760e+00 9.437271e+00 -4.947608e+00 3.964448e+00 -3.851576e+00 -6.998223e+00 1.396405e+01 5.502331e+00 -8.768519e+00 -1.038153e+00 -4.544651e+00 -3.696768e+00 2.419181e-01 5.701841e-01 1.521602e+00 2.189662e+00 1.476966e+00 -3.289014e-01 -1.031140e+00 3.213350e+00 9.508660e-01 3.873354e-01 2.449059e+00 8.025789e-01 4.804796e-01 -2.663843e-02 
9.066925e+00 1.004081e+01 -3.752181e+00 4.208476e+00 -4.577860e+00 -8.857357e+00 1.863928e+01 3.008750e+00 -7.119968e+00 -2.220500e+00 -3.447250e+00 1.295972e+00 2.201691e-01 -9.139717e-01 -1.433903e-01 3.058936e+00 1.420749e+00 2.444479e+00 -1.053698e+00 -4.968317e-01 1.517157e-01 1.303246e+00 1.378283e+00 -7.217310e-01 6.577317e-01 -3.747993e-02 
8.147151e+00 9.078001e+00 5.634785e-03 4.815373e+00 1.982589e-01 -8.466427e+00 1.840280e+01 2.053499e+00 -4.302357e+00 -2.471771e-01 -4.941486e+00 -2.933287e+00 1.878584e-01 -1.359360e+00 -1.588258e-01 2.428961e+00 9.929876e-01 3.475366e+00 9.030056e-01 -3.102204e-01 -8.517030e-01 1.389210e+00 -2.023322e-01 -1.422274e+00 -4.777570e-01 -3.475416e-02 
5.318406e+00 8.597518e+00 3.120430e+00 1.004251e+01 9.314169e+00 -7.154578e+00 1.103445e+01 -1.263574e+00 -2.319901e+00 -9.827080e-01 -6.309512e+00 8.549729e-01 1.303895e-01 -1.693962e+00 -4.910913e-01 1.439859e+00 2.719294e-01 3.387566e+00 1.062863e+00 -1.112262e+00 6.837525e-01 1.267280e+00 6.396371e-01 -1.570099e+00 2.401960e-02 -3.700886e-02 
5.069222e+00 9.364789e+00 3.760890e+00 6.012367e+00 6.579239e+00 -3.334584e+00 1.621535e+01 3.379978e+00 -4.222505e+00 -2.668710e+00 -1.022489e+01 -5.865054e+00 1.130371e-01 -2.092848e+00 -9.963018e-01 -2.043233e-02 -9.946251e-01 1.474716e+00 1.819679e+00 -1.054793e+00 2.593678e+00 1.591031e+00 5.439044e-01 -2.578649e-02 1.199639e+00 -3.576693e-02 
2.136077e+00 7.441961e+00 1.569486e+00 4.969626e+00 9.169478e+00 -6.108962e+00 1.417168e+01 5.764274e+00 -8.234968e-01 2.188452e+00 -8.656041e+00 2.881953e+00 7.253540e-02 -1.947506e+00 -1.492800e+00 -8.592180e-01 -2.306255e+00 -1.423088e+00 2.326286e+00 1.006730e+00 3.255955e+00 1.472094e+00 1.342685e+00 1.870654e+00 1.327087e+00 -2.797603e-02 
-7.259235e-01 4.674270e+00 6.789451e-01 2.378692e+00 7.644182e+00 1.091612e-01 1.156021e+01 1.150796e+01 2.904594e+00 8.867650e-01 -3.897154e+00 2.051418e+00 3.795081e-02 -1.557925e+00 -1.799921e+00 -1.371262e+00 -2.142742e+00 -1.588705e+00 2.339616e+00 3.857018e-01 1.126972e+00 3.813265e-01 1.426776e+00 2.585594e+00 1.233744e+00 -2.073934e-02 
-1.521552e+00 3.478780e+00 3.653116e-01 3.280797e-01 1.666259e+00 2.754978e+00 1.839567e+01 1.095221e+01 1.477021e+00 3.952977e+00 -1.201097e-01 3.532172e+00 2.805251e-02 -7.850801e-01 -1.124204e+00 -7.052358e-01 -1.339214e+00 -9.963599e-01 2.326830e+00 5.275111e-02 -2.951791e-01 -4.333218e-01 6.164085e-01 1.438773e+00 -2.574230e-01 -8.693188e-03 
-8.915882e-01 2.346772e+00 -2.493335e+00 -2.380569e+00 2.387322e+00 3.931524e+00 1.603187e+01 6.420869e+00 -3.466131e+00 3.582909e+00 -1.564886e+00 -2.144355e-02 3.158188e-02 -4.335489e-02 -5.457401e-01 -2.678398e-01 -1.812936e-01 -1.476192e-01 8.999184e-01 1.939287e-02 -8.822151e-01 1.118366e-01 3.036404e-02 -7.798337e-01 -2.689277e-01 -2.452886e-03 
-1.706491e+00 2.984691e+00 -3.705535e-01 6.531863e-01 6.816109e+00 3.614007e+00 1.219961e+01 6.831925e+00 1.952572e-01 3.922422e+00 -2.628309e+00 2.631269e+00 3.225392e-02 3.900317e-01 1.303464e-01 3.097180e-01 7.410321e-01 1.851529e-01 -3.877031e-01 -2.337234e+00 -1.401557e+00 7.274682e-01 -1.333288e+00 -1.428959e+00 2.826332e-01 -2.900016e-03 
-8.502283e-01 2.192614e+00 -2.923217e-01 1.309671e+00 4.331161e+00 4.179239e+00 1.475521e+01 9.157029e+00 4.104660e+00 1.053863e+00 -6.542223e+00 1.157231e+00 2.358568e-02 2.936930e-01 7.776104e-01 3.850215e-01 1.119134e+00 4.756022e-01 -8.015437e-02 -1.668917e+00 -1.250615e+00 1.296644e+00 -1.433044e+00 -3.286074e-01 1.148486e+00 -1.487970e-03 
4.079266e-01 4.207590e+00 8.133945e-01 2.188120e+00 1.620104e+00 6.926051e-01 7.347833e+00 2.576345e+00 1.328967e+00 -1.448938e+00 -4.776235e+00 4.356001e+00 1.755053e-02 8.247509e-01 1.228806e+00 5.864532e-01 1.505612e+00 -3.099747e-02 -6.169506e-01 -7.096172e-01 -1.904380e+00 -4.882504e-01 -7.037340e-01 -6.425940e-01 -5.201505e-01 9.581178e-03 
-4.803324e-01 5.623374e+00 -1.160202e+00 2.447636e+00 7.363336e+00 4.991453e+00 1.011317e+01 2.295585e+00 2.450233e+00 -8.966322e-01 -2.133960e+00 4.858620e+00 3.149372e-02 5.830433e-01 9.488575e-01 6.420141e-01 1.427671e+00 -6.055584e-01 -1.265272e+00 2.152708e-01 -1.319239e-01 4.719310e-02 1.150632e+00 9.383230e-02 -3.925170e-01 8.562517e-03 
2.232315e+00 7.413342e+00 2.995653e+00 7.612264e+00 5.145034e+00 1.231472e-01 1.097254e+01 7.407481e-01 -1.418781e+00 1.379000e+00 -8.045411e+00 -1.820178e+00 7.620579e-02 7.065487e-03 -5.569317e-01 -5.011016e-01 7.854862e-01 1.399178e-01 -3.715868e-02 1.078852e+00 2.103142e+00 9.171581e-01 1.165218e+00 3.698534e-01 -7.313749e-01 -6.698304e-03 
1.152794e+00 5.334025e+00 1.826620e+00 5.735953e+00 -4.590960e-01 -1.862392e+00 1.401921e+01 9.415208e+00 5.714499e+00 5.393054e+00 -4.438473e+00 2.282736e+00 3.707063e-02 3.252537e-01 -9.049616e-01 -4.340519e-01 -6.868948e-01 -3.599668e-01 -2.804049e-01 -9.694122e-01 5.573521e-01 5.179446e-01 -4.104115e-01 -3.834397e-01 -8.779766e-01 -2.295899e-02 
-3.733091e-01 1.567606e+00 -3.185524e+00 4.471393e+00 6.230909e+00 3.933734e+00 1.078908e+01 9.532246e+00 4.282625e+00 1.232306e+00 -1.774711e+00 1.987068e+00 -1.872945e-02 -1.363563e-01 -5.278183e-01 -4.811710e-01 -1.130477e+00 1.049063e+00 8.471406e-01 -1.080129e+00 -7.205690e-01 3.769813e-01 -1.476597e+00 5.605162e-01 1.328177e-01 -3.361404e-02 
2.448748e+00 4.021434e+00 -2.398729e-01 5.835977e-01 5.020565e+00 1.684135e+00 5.357846e+00 6.865968e-01 2.189253e+00 -2.875343e+00 -7.186508e+00 -1.434887e+00 -3.583360e-02 -1.634891e-01 -2.197147e-01 3.607660e-01 3.967476e-02 1.402147e+00 9.515430e-01 -1.024995e+00 -3.118449e+00 -1.687430e+00 -1.010425e+00 4.366803e-01 -4.046795e-01 -3.021419e-02 
9.025564e-01 5.430546e+00 1.623044e+00 4.536056e+00 7.650518e+00 2.585587e+00 9.902578e+00 1.502209e+00 2.228749e+00 -1.869784e+00 -3.868813e+00 7.027213e-01 -5.541229e-02 -1.736431e-01 -2.572836e-01 3.727815e-01 -1.158360e-01 7.849775e-02 1.557457e-01 1.121689e+00 -1.031598e+00 -1.543836e+00 4.987255e-01 7.533682e-01 5.664326e-01 -2.370726e-02 
-3.025846e-01 2.303982e+00 1.226166e+00 5.901995e+00 5.841833e+00 3.569396e+00 9.337483e+00 -2.162018e+00 -1.695711e+00 1.891976e+00 -1.208021e+00 9.015120e-01 -9.565890e-02 -5.573734e-01 -1.095559e+00 -7.662317e-01 2.830507e-01 9.581726e-01 9.169829e-01 1.418070e+00 1.269041e+00 3.630010e-01 1.422926e+00 6.025091e-01 1.084785e+00 -1.659299e-02 
1.341419e-01 1.139914e+00 -2.054636e+00 1.233014e+00 6.212763e+00 3.769833e+00 1.440770e+01 5.798565e+00 -1.494072e+00 1.342274e+00 -9.971137e-01 3.651032e+00 -1.073531e-01 -3.576122e-01 -7.848061e-01 -1.261461e+00 3.529997e-01 1.226230e+00 5.037466e-01 -1.376214e-01 1.254396e-02 -4.486885e-01 5.203519e-01 3.343656e-01 1.024508e+00 -1.373365e-02 
4.608822e-02 6.889542e-01 -2.232191e+00 3.650372e+00 1.053030e+01 5.676927e+00 1.019563e+01 4.883625e+00 5.865669e+00 2.633255e+00 -5.609812e+00 2.514881e+00 -9.282815e-02 -1.955139e-01 -6.440498e-02 -1.340995e+00 -6.882872e-02 1.835271e+00 2.624624e-01 -1.027972e+00 -5.711161e-01 -9.595339e-01 -3.809021e-01 -7.617511e-01 -1.830988e-01 -1.171860e-02 
-1.059841e+00 2.314030e+00 -2.955084e+00 7.426866e+00 1.143743e+01 4.050554e+00 8.785397e+00 -1.957893e+00 -3.795383e+00 3.613358e-01 3.910899e-03 5.018576e+00 -1.254959e-01 6.672955e-02 7.324498e-01 3.045371e-01 1.368910e-01 1.125043e+00 4.778881e-02 -6.975473e-01 -9.415686e-01 -1.263224e-01 -7.066461e-01 -1.441222e+00 -6.201385e-01 -1.188484e-02 
-6.831627e-01 1.394899e+00 -5.028585e+00 2.460926e+00 1.240585e+01 4.741347e+00 7.008777e+00 -1.139370e+00 -5.342725e+00 4.779348e-01 -5.517289e+00 -6.977537e-01 -1.451805e-01 3.464910e-01 9.655634e-01 1.001821e+00 -7.191033e-01 2.025747e-02 -1.974709e-01 8.363520e-01 4.497302e-01 2.499583e-01 -8.967735e-01 -1.353274e+00 -3.578368e-01 -1.106513e-02 
8.324151e-01 4.449191e+00 8.662462e-01 2.512192e+00 1.090021e+01 4.476566e+00 1.251340e+01 4.102220e+00 3.478512e+00 -1.113297e+00 -8.249483e+00 2.156657e+00 -1.406012e-01 5.300090e-01 7.324614e-01 1.353749e+00 -9.778081e-01 -2.580101e-01 5.872431e-02 1.296061e+00 1.736182e+00 2.336903e+00 -4.540496e-01 -1.923898e+00 -2.869429e-01 -2.563119e-03 
