-8.655528e+00 3.241763e+00 1.363879e+00 3.670620e+00 3.510299e+00 2.711139e+00 2.774633e+00 1.878202e+00 9.108650e+00 6.224831e+00 8.783413e+00 4.431659e+00 -8.248484e-02 3.029665e-01 5.281743e-01 2.501617e-01 -1.544068e-01 -7.888257e-01 -1.233337e-01 1.623477e+00 6.367892e-01 -9.057224e-01 -2.939197e-01 -4.105898e-01 -2.103404e-01 -5.891872e-03 
-7.643065e+00 4.630890e+00 2.353174e+00 3.669548e+00 4.622531e-01 -2.261018e+00 6.945870e+00 6.291568e+00 9.386250e+00 5.899832e+00 7.584437e+00 -1.090454e+00 -1.235770e-01 2.203799e-01 3.822760e-01 2.745507e-01 -4.663914e-01 -6.112821e-01 -4.006328e-01 1.450801e+00 8.541111e-01 -4.817655e-01 -1.038934e+00 -7.069267e-01 -1.844300e-01 -2.756286e-03 
-7.646927e+00 5.188070e+00 2.120040e+00 2.899122e+00 1.090193e+00 4.580549e+00 8.806398e+00 2.855465e+00 4.441238e+00 4.917732e+00 7.329952e+00 6.141013e+00 -9.139812e-02 -4.482422e-02 1.933410e-01 -4.887106e-01 -6.556494e-01 -1.908403e-02 -5.876216e-01 -3.831262e-01 1.079978e-01 -1.036611e-01 -1.410189e+00 -8.225304e-01 6.816429e-01 2.919865e-03 
-8.057929e+00 4.179989e+00 2.358552e+00 1.724412e+00 1.663941e+00 -2.267299e-01 7.012754e+00 5.660126e+00 9.033528e+00 1.683707e+00 5.975511e+00 2.654832e+00 -9.180963e-02 -4.304870e-01 -1.685147e-01 -5.810259e-01 -4.792731e-01 4.221846e-01 2.141995e-01 -1.441173e+00 -4.645645e-01 -5.554919e-02 -6.843509e-01 -9.458979e-01 8.380705e-01 1.105764e-02 
-8.672217e+00 4.433918e+00 -1.082363e+00 1.364941e+00 2.814035e+00 -1.244113e+00 8.255596e-01 2.733912e+00 8.766705e+00 1.281949e+00 5.475224e+00 5.967230e+00 -8.376920e-02 -5.418203e-01 -6.832821e-01 -1.171030e+00 -2.949169e-01 8.751413e-01 2.654373e-01 -1.061921e+00 -4.831878e-01 2.097694e-01 -2.216805e-01 6.953049e-01 -6.723113e-02 1.288828e-02 
-9.282855e+00 4.165392e+00 1.049246e+00 2.040273e+00 1.711255e+00 1.722311e+00 3.730424e+00 4.029522e+00 6.945770e+00 4.295969e+00 3.782312e+00 3.186790e+00 -7.210326e-02 -3.654848e-01 -1.989847e+00 -2.155208e+00 -3.726360e-01 1.626260e+00 2.482317e+00 1.317107e-01 1.277960e-01 1.643950e-01 -3.619080e-01 2.824373e+00 6.902890e-01 2.623433e-02 
-9.743566e+00 1.778958e+00 -3.080456e+00 1.266607e+00 5.442243e+00 4.933216e+00 5.137957e+00 1.254828e+00 6.533964e+00 2.503199e+00 1.190308e+01 5.538878e+00 -3.680992e-02 2.636057e-01 -1.675511e+00 -1.066529e+00 1.815263e-01 1.975394e+00 2.981517e+00 8.259020e-01 7.641811e-01 8.866920e-02 -5.997075e-01 3.034133e+00 6.366110e-03 1.719047e-02 
-9.349679e+00 -4.441768e+00 -7.418441e+00 -8.960104e-02 8.481136e+00 9.096191e+00 5.515110e+00 7.038648e+00 1.097187e+01 -7.364577e-01 1.688345e+01 6.320452e+00 1.588237e-02 5.853577e-01 -1.118855e-01 -2.686874e-01 -1.159842e-01 8.512884e-01 4.594228e-01 -2.476153e-01 3.932197e-02 3.594112e-01 -5.961432e-02 9.718501e-01 -2.292568e-01 -2.036369e-03 
-7.320777e+00 3.599448e-01 -2.181165e+00 3.337510e+00 9.306067e+00 9.976534e+00 4.062727e+00 5.050255e+00 7.197000e+00 7.996252e-01 1.409532e+01 4.432230e+00 -4.180968e-02 5.396231e-01 1.070413e+00 1.178293e+00 4.817128e-01 -1.084598e+00 -1.319947e+00 2.694466e-01 -2.346285e-01 -5.772532e-01 1.283766e+00 -8.402740e-01 -7.517240e-02 -1.994293e-02 
-7.567461e+00 4.315471e+00 -7.438369e-01 4.249005e-01 4.035785e+00 1.497766e+00 3.029963e+00 2.328418e+00 8.411308e+00 4.849684e+00 7.545439e+00 2.593830e+00 -7.978523e-02 -4.896603e-02 1.796275e+00 1.096683e+00 5.166767e-01 -1.650896e+00 -2.116596e+00 -1.165671e-02 -1.524392e+00 -1.202653e+00 2.098488e+00 -1.930280e+00 -2.709288e-01 -2.521330e-02 
-7.936559e+00 2.752401e+00 -5.262952e-01 3.417921e+00 2.241928e+00 2.132693e+00 7.727763e+00 2.436800e+00 4.927981e+00 6.128957e+00 1.237071e+01 7.026328e+00 -8.869076e-02 -5.780471e-01 5.001111e-02 4.277812e-01 6.361850e-01 -8.190483e-01 -2.420198e+00 -7.746965e-01 -1.896552e-01 3.061576e-01 5.914971e-01 -1.313460e+00 -9.023951e-01 -9.273088e-03 
-9.286618e+00 3.343380e+00 -2.762460e+00 2.453577e+00 3.758727e+00 2.435135e+00 3.624308e+00 7.234166e-01 6.093120e+00 7.091315e+00 8.094354e+00 3.668760e+00 -8.674359e-02 -2.117962e-01 -1.120021e+00 2.961081e-01 6.529622e-01 2.809821e-01 -7.962316e-01 -1.261304e+00 3.940526e-01 3.973903e-01 -1.275317e+00 -9.193184e-01 -1.418437e+00 -5.083859e-03 
-9.351434e+00 1.096046e+00 9.670522e-01 5.504097e+00 5.349354e+00 -2.593140e+00 -1.079278e-01 4.904480e+00 9.886882e+00 2.636295e+00 7.253565e+00 -6.172109e-01 -8.469594e-02 6.653452e-02 -6.620361e-01 1.238182e-01 -5.694941e-01 -3.885214e-01 -8.946854e-01 -1.177254e+00 5.462934e-01 6.198702e-01 -1.418587e+00 -1.122163e+00 -1.470829e+00 -5.529559e-03 
-7.919004e+00 -4.564559e-01 -9.970188e-03 2.646624e+00 3.886982e+00 -1.204760e-01 6.412907e-01 3.064842e+00 7.918809e+00 2.194326e-01 5.507420e+00 -6.765869e-01 -1.072019e-01 1.766465e-01 -1.111528e+00 -1.796383e-01 -5.393864e-01 -8.944473e-01 -7.827449e-02 -6.944765e-01 -1.385799e+00 -4.325065e-01 -2.969814e-01 -1.489227e-01 -1.318050e-01 2.267182e-03 
-8.287693e+00 1.342138e+00 -1.283449e+00 4.739268e-01 2.351937e-01 -1.062929e+00 3.333003e+00 3.997555e+00 7.114487e+00 2.471964e+00 8.053362e+00 1.844858e+00 -1.061094e-01 4.520864e-01 -4.932909e-02 -1.070638e+00 -1.425123e-01 2.331641e-01 1.320259e+00 -5.470109e-01 -2.564176e+00 -2.536739e-01 1.748513e+00 1.252710e+00 1.094576e+00 7.590985e-03 
-8.935256e+00 -2.337308e+00 -2.535401e+00 2.271730e+00 1.843571e+00 1.278657e+00 -1.568541e+00 -5.752114e+00 5.316784e+00 5.688574e+00 6.949841e+00 1.778700e+00 -6.470096e-02 2.674246e-01 8.802676e-01 2.273545e-01 1.003986e+00 6.587359e-01 4.654411e-01 8.888777e-01 -6.627798e-01 5.601166e-01 1.719970e+00 8.046098e-01 6.805385e-01 6.604052e-03 
-6.582876e+00 1.789827e+00 -3.123421e+00 4.978982e+00 7.536880e+00 3.308589e+00 -1.738067e+00 -3.507923e+00 9.919525e+00 8.644287e+00 1.279590e+01 3.628023e+00 -6.799150e-02 1.665088e-01 1.225350e+00 1.025347e+00 1.257991e+00 9.761877e-01 2.266422e-01 1.751815e+00 1.535991e+00 8.325703e-01 2.341994e-01 5.943366e-01 2.709530e-01 8.579969e-04 
-7.434290e+00 3.721038e+00 2.046788e+00 5.414027e+00 3.529819e+00 2.097106e-02 7.621214e+00 3.503681e+00 9.316874e+00 5.733119e+00 7.159198e+00 1.834524e+00 -9.324062e-02 -2.098372e-01 1.500571e+00 1.161813e+00 1.939647e-01 6.136556e-01 8.473845e-02 3.104765e+00 2.721879e+00 7.362250e-01 -3.720504e-01 7.706506e-01 3.738009e-01 3.239882e-03 
-8.205632e+00 4.439713e+00 1.552192e+00 5.192732e+00 4.273008e+00 6.991253e-01 7.497199e+00 7.049612e+00 9.277293e+00 3.620688e+00 1.092037e+01 3.171711e+00 -8.754957e-02 -1.399145e+00 4.358571e-01 1.787809e+00 -9.609426e-01 4.623075e-01 -7.316241e-01 1.612166e+00 1.798965e+00 -1.573689e+00 -2.493740e-01 -3.901476e-01 4.551815e-01 3.365881e-02 
-9.173064e+00 3.840606e+00 9.358597e-01 3.134679e+00 6.543785e+00 3.007081e+00 9.337652e+00 2.578512e+00 9.319025e+00 6.340121e+00 1.174086e+01 3.875860e+00 -3.872252e-02 -1.626121e+00 -2.374252e-01 1.877409e+00 -2.206117e+00 1.456259e+00 -8.789609e-01 -2.632989e-01 9.549747e-01 -2.147462e+00 9.326593e-01 -4.590491e-01 3.314599e-01 6.995162e-02 
-1.270921e+01 3.909328e+00 6.371089e+00 1.313944e+00 8.341434e+00 -1.842587e+00 5.464545e+00 5.949488e+00 2.050004e+00 7.093916e+00 8.554334e+00 4.883262e+00 7.304353e-02 -9.124737e-01 -3.287893e+00 -1.447835e+00 -6.786162e-01 2.446238e+00 7.732662e-01 -2.293334e+00 -7.174609e-01 1.664815e-02 1.201615e+00 -1.617356e+00 -2.224481e-01 1.075398e-01 
-1.331311e+01 2.799104e+00 9.024383e+00 -3.677165e+00 8.776902e+00 -3.102977e+00 7.321047e+00 8.828617e+00 2.193207e+00 8.659801e+00 6.046969e+00 2.636048e+00 1.762210e-01 1.649546e-01 -4.189176e+00 -3.465509e+00 1.243405e+00 3.031207e+00 2.021659e+00 -3.774898e+00 -6.694031e-01 2.277694e+00 1.518486e+00 -9.564241e-01 -1.522115e-01 7.983149e-02 
-1.069798e+01 -1.147900e+01 -9.731246e+00 5.205573e+00 1.538764e+01 7.620485e+00 -2.961166e+00 3.372552e-01 1.292344e+01 8.468921e+00 5.680534e+00 2.679377e+00 3.426780e-01 1.699759e+00 -2.202613e+00 -4.069028e+00 1.435581e+00 1.180526e+00 2.136304e+00 -2.730019e+00 -1.948798e+00 3.499729e+00 6.886834e-01 -1.077425e+00 -1.006539e+00 -1.932496e-02 
-9.353908e+00 -9.411110e+00 -8.340520e+00 7.405890e+00 1.817672e+01 8.383839e+00 -5.323980e+00 2.037613e+00 1.527077e+01 1.324505e+01 8.395642e+00 4.216745e+00 2.256177e-01 1.808185e+00 5.179888e-01 -2.723938e+00 2.326498e-01 -1.464284e+00 1.038179e+00 -8.778434e-01 -1.578089e+00 6.183284e-01 -1.161726e+00 -2.181188e-01 1.871573e-01 -8.861969e-02 
-6.190019e+00 -9.986322e-01 -5.291599e+00 2.950320e+00 9.544155e+00 3.095526e+00 -1.863036e+00 -3.990006e-01 1.300987e+01 8.244708e+00 1.992870e+00 -9.397836e-01 -4.827964e-02 1.342265e+00 3.608406e+00 1.285680e+00 -2.157026e+00 -3.620359e+00 -7.631425e-01 2.903774e+00 -3.138150e-01 -3.172899e+00 -2.243564e+00 4.063755e-01 5.292928e-01 -1.095252e-01 
-6.526159e+00 1.488638e-01 -6.815130e+00 -1.386290e+00 4.377223e+00 4.350396e+00 2.382765e+00 1.306299e+00 5.241637e+00 2.963278e+00 6.800207e+00 5.381414e+00 -7.139874e-02 8.618544e-01 2.383574e+00 1.116972e+00 -1.621064e+00 -3.709251e+00 -7.127566e-01 3.002722e+00 -8.270971e-01 -3.915543e+00 -3.112682e+00 4.449549e-01 7.046543e-01 -5.762272e-02 
-5.400530e+00 1.783041e+00 -4.065541e+00 -1.183466e+00 4.185588e+00 5.821494e+00 7.704330e+00 -8.661630e-01 2.073518e+00 2.391988e+00 8.510130e+00 4.743506e+00 -5.643988e-02 4.942584e-01 1.166239e+00 1.261572e+00 7.967253e-01 -1.722613e+00 -6.447616e-01 9.222377e-01 -9.162782e-01 -3.764595e+00 -2.199629e+00 -2.157910e-01 -2.272329e-01 2.739298e-03 
-5.439380e+00 1.115923e+00 -3.368691e+00 1.367463e+00 2.309743e+00 3.457071e+00 4.905947e+00 -1.864291e+00 1.161233e+00 6.079998e-01 7.361787e+00 4.898372e+00 -5.841577e-02 5.654109e-01 1.797505e+00 2.394798e+00 2.407345e+00 -3.658753e-01 -1.291405e+00 -1.613137e+00 -1.784710e+00 -2.791406e+00 -1.076992e+00 -2.344592e+00 -2.485155e+00 1.349305e-02 
-4.262116e+00 4.349031e+00 -7.069602e-01 5.557071e+00 1.964832e+00 3.183808e-01 1.486561e+00 -3.395096e+00 -3.772907e+00 -1.575798e+00 6.331253e-01 -1.834427e+00 -4.107463e-02 7.994671e-01 1.748330e+00 2.097369e+00 2.316085e+00 9.688729e-02 -8.470502e-02 -1.643310e+00 -1.035740e+00 -3.579091e+00 -2.415712e+00 -3.652238e+00 -3.506924e+00 2.264271e-02 
-4.268312e+00 7.853394e+00 3.479568e+00 7.280168e+00 3.658225e+00 6.449270e-01 -2.574033e+00 -6.352783e+00 -5.792181e+00 -4.377881e-01 -9.842491e-01 -3.755394e+00 -1.161611e-02 2.207351e+00 1.632091e+00 9.597931e-01 4.989614e-01 7.742488e-02 2.099920e-01 -4.737032e-01 -2.200026e+00 -3.665845e+00 -2.266609e+00 -3.675001e+00 -3.475273e+00 6.260429e-02 
-1.988729e+00 7.155956e+00 2.997172e+00 7.440604e+00 3.995784e+00 6.804041e+00 3.227770e+00 -3.800618e+00 -1.234523e+01 -9.163680e+00 -5.578045e+00 -8.464229e+00 3.337383e-02 3.969846e+00 -1.305397e+00 6.921215e-02 -1.675172e+00 6.144019e-02 4.013267e-01 1.023185e+00 -1.720699e+00 -3.145933e+00 -1.083809e+00 -2.389035e+00 -1.230217e+00 1.246797e-01 
4.460682e+00 7.872916e+00 -4.217911e-01 2.920503e+00 1.681392e+00 1.264201e+00 1.666827e+00 -1.266166e+01 -1.288183e+01 -6.931104e+00 -7.907631e+00 -9.163091e+00 2.173815e-01 4.145205e+00 -2.585360e+00 -6.726699e-01 -1.918007e+00 -8.191739e-01 6.208416e-01 2.043259e+00 -4.055441e-01 -1.251730e+00 1.112256e-01 -1.244799e+00 3.699338e-01 1.259011e-01 
1.122261e+01 -2.187717e+00 1.589780e+00 -6.389556e-01 3.260449e+00 2.015377e+00 4.482059e+00 -8.844154e+00 -1.595775e+01 -3.748184e+00 -7.850359e+00 -5.281664e+00 4.678253e-01 3.262769e+00 -3.040887e+00 -3.700135e-01 -2.582792e+00 -1.200266e+00 6.307105e-01 1.059014e+00 -2.360404e-01 3.237806e-01 1.830803e+00 -5.288415e-01 3.058758e-01 1.206893e-01 
9.852047e+00 -4.015715e-01 8.199143e-01 1.729913e+00 -6.997728e-02 6.143467e+00 7.015116e+00 -5.858736e+00 -1.024457e+01 -2.589408e+00 -6.072085e+00 -3.497008e+00 4.006637e-01 1.371762e+00 -2.542353e+00 -9.261338e-02 -2.631704e+00 -1.335423e+00 1.863087e+00 1.056955e+00 5.153189e-01 9.111729e-02 1.900709e+00 -6.476151e-01 -1.231647e+00 8.047591e-02 
1.162943e+01 -3.911238e+00 5.262514e-01 -4.878060e+00 -1.129860e+00 7.517961e+00 5.848695e+00 -8.382282e+00 -1.204495e+01 -2.180511e+00 -9.140025e+00 -9.767891e+00 5.451794e-01 1.389734e-01 -5.786640e-01 -5.237887e-01 -2.324368e+00 -2.016230e+00 9.545285e-01 1.450348e-01 -7.991786e-01 1.402237e-01 9.245309e-01 -5.531495e-01 -2.551665e+00 4.679706e-02 
1.111608e+01 -3.977091e+00 -3.530936e-01 -8.118463e+00 -2.800566e+00 7.828343e+00 6.268284e+00 -1.031600e+01 -1.438264e+01 1.788607e+00 -1.050087e+01 -1.307821e+01 5.810840e-01 2.485008e-01 -7.020712e-01 -1.317223e-02 -2.227847e+00 -1.189647e+00 -1.166590e+00 -3.009350e-01 -2.282229e-02 -7.602089e-01 -5.750513e-03 -5.951759e-01 -1.414409e+00 5.325615e-02 
1.128546e+01 -3.293278e+00 -4.426594e-01 -7.336608e+00 -5.455408e+00 5.945581e+00 5.580649e+00 -1.061141e+01 -1.318760e+01 -1.314537e+00 -8.401712e+00 -1.324939e+01 6.116004e-01 4.175365e-02 -4.551683e-02 4.908825e-01 -4.772486e-01 -1.093411e+00 -2.252143e+00 -4.705366e-01 2.268615e+00 -8.867626e-02 -1.237740e+00 3.311513e-01 1.274112e+00 2.519495e-02 
1.126654e+01 -4.220908e+00 1.238509e+00 -8.180047e+00 -3.855438e+00 1.096705e+00 5.644464e+00 -4.858281e+00 -1.347430e+01 -3.051148e+00 -9.417121e+00 -8.828304e+00 6.337339e-01 -7.146330e-02 1.490230e-01 8.241073e-01 -3.608619e-01 -1.355855e+00 -3.035164e+00 -1.139463e+00 3.056913e+00 5.877876e-01 -3.085071e+00 1.821511e-01 2.282925e+00 1.717430e-02 
1.176298e+01 -4.016914e+00 2.184863e+00 -7.233511e+00 -6.069478e+00 -3.769345e-01 3.807922e+00 2.319341e-01 -1.294251e+01 -5.949332e+00 -8.026145e+00 -5.522287e+00 6.448292e-01 -3.422162e-01 5.836916e-02 4.775686e-01 -9.866670e-01 -1.672701e+00 -2.846719e+00 -2.889946e+00 1.590748e+00 7.293556e-01 -1.789112e+00 -1.490612e+00 1.256010e+00 1.031246e-02 
1.052001e+01 -2.870158e+00 2.453682e+00 -9.974320e+00 -9.272805e+00 -4.186221e+00 1.457331e+00 -4.531085e-01 -1.156625e+01 -1.131935e+01 -9.777902e+00 -5.527138e+00 6.503412e-01 -1.904666e-01 4.660367e-01 1.319520e-01 -7.026733e-01 -1.348811e+00 -1.435083e+00 -3.467154e+00 -3.529392e-01 8.940670e-01 4.162033e-01 -2.685314e-01 2.533846e-01 7.671094e-03 
9.947645e+00 -3.676807e+00 1.337597e+00 -1.137281e+01 -1.111023e+01 -5.646552e+00 -6.775514e+00 -4.860261e+00 -1.049484e+01 -6.125998e+00 -1.567438e+01 -8.619917e+00 6.548591e-01 -1.182467e-01 7.956013e-01 -2.401141e-02 -5.754873e-01 -4.788345e-01 -7.909732e-01 -3.137869e+00 -1.451822e+00 6.578041e-01 2.055543e+00 1.161301e+00 4.454366e-01 1.261097e-02 
1.122187e+01 -2.060778e+00 2.321902e+00 -9.623766e+00 -8.079119e+00 -3.443901e+00 -6.399589e+00 -4.076879e+00 -1.022779e+01 -8.817976e-01 -6.935660e+00 -6.012567e+00 6.670744e-01 -3.947975e-02 1.052026e+00 -5.941967e-01 -2.684479e-02 -5.638913e-01 -3.146276e-01 -2.549495e+00 -1.379522e+00 -4.452038e-03 2.427215e+00 2.224371e+00 1.300402e+00 2.300498e-02 
1.082081e+01 -4.435976e-01 2.130696e+00 -1.028622e+01 -9.060493e+00 -4.702960e+00 -7.952965e+00 -5.215291e+00 -1.032271e+01 -8.903891e-01 -3.640762e+00 -3.052390e+00 6.995174e-01 4.218826e-02 1.733186e+00 -7.018155e-01 5.082782e-01 -5.282132e-01 2.939619e-01 -9.973548e-01 4.982172e-01 3.291397e-02 2.067135e+00 3.193065e+00 3.042867e+00 3.431420e-02 
9.886026e+00 7.733692e-01 -9.138510e-01 -1.065184e+01 -1.311713e+01 -6.231155e+00 -1.070142e+01 -7.173204e+00 -1.167457e+01 -1.801080e+00 -4.672853e+00 -1.808889e+00 7.430369e-01 -1.874264e-01 1.319534e+00 -7.098103e-01 2.850265e-02 -9.571025e-01 4.326631e-01 -1.037219e+00 1.254696e+00 3.995256e-01 2.173940e+00 1.440756e+00 2.817829e+00 3.883620e-02 
1.082651e+01 3.572050e+00 -5.536044e-01 -8.317381e+00 -1.123229e+01 -2.783115e+00 -9.611372e+00 -8.210125e-01 -9.606884e+00 4.669320e+00 -8.404565e-01 4.492580e+00 7.884488e-01 -1.176844e-01 3.654197e-01 -9.998918e-01 -4.872013e-01 -6.977699e-01 8.251327e-01 -8.512352e-01 1.857160e+00 7.305909e-01 1.866364e+00 -1.201394e-01 1.756274e+00 2.971138e-02 
1.028189e+01 2.529068e+00 1.150007e-01 -1.046567e+01 -1.177873e+01 -2.240509e+00 -1.075648e+01 -5.373955e-04 -8.588078e+00 7.208049e+00 -1.132031e+00 4.304093e+00 8.167897e-01 -8.235228e-02 -5.090544e-01 -9.557099e-01 -1.331879e+00 1.979790e-02 1.132511e+00 1.289980e-01 2.364433e+00 9.063928e-01 1.068668e+00 -1.407415e+00 6.537236e-01 1.904060e-02 
1.003446e+01 5.056512e-01 -3.383188e+00 -1.281531e+01 -1.321854e+01 -2.572620e+00 -1.218161e+01 4.841748e-01 -8.213005e+00 3.936865e+00 -6.011870e+00 2.672492e+00 8.111979e-01 -2.014329e-01 -1.312863e+00 -1.404820e+00 -2.141804e+00 -7.292702e-01 6.619223e-01 7.246557e-01 1.289861e+00 8.565906e-01 -1.444433e+00 -2.354599e+00 -1.502164e+00 1.746741e-02 
9.870290e+00 -2.387035e-01 -4.277609e+00 -1.506227e+01 -1.202501e+01 -6.738491e-01 -8.771311e+00 3.996367e+00 -7.839548e+00 3.908489e+00 -9.124221e+00 2.369773e+00 8.268654e-01 -5.819471e-02 -7.622938e-01 -1.978297e+00 -1.405500e+00 -1.091373e+00 9.198939e-01 8.988007e-01 1.921743e+00 6.539132e-01 -1.972678e+00 -2.034400e+00 -1.789771e+00 2.233267e-02 
1.002514e+01 -1.608379e+00 -5.381400e+00 -1.672811e+01 -1.475550e+01 -2.568331e-01 -6.980679e+00 3.629839e+00 -5.698197e+00 -9.030647e-01 -8.617359e+00 -2.051081e+00 8.707480e-01 -1.255379e-02 -1.773392e-01 -1.473423e+00 -6.763855e-01 -3.758627e-01 1.611062e+00 1.221921e+00 2.638969e+00 6.345842e-01 -1.559184e+00 -9.532171e-01 -6.731173e-01 2.534765e-02 
9.995574e+00 -2.253852e-01 -8.777380e+00 -1.553678e+01 -1.646712e+01 1.201067e+00 -8.862944e+00 8.035345e+00 -6.575916e+00 -2.353741e-01 -1.000129e+01 -2.282976e+00 8.986780e-01 6.450119e-02 -3.573776e-01 -1.469482e+00 -3.762957e-01 4.779367e-01 2.361474e+00 1.068301e+00 2.353369e+00 2.315856e-01 -2.343802e+00 -5.271192e-01 2.804119e-01 2.547591e-02 
9.909047e+00 -3.877041e-01 -8.500420e+00 -1.595998e+01 -1.287680e+01 4.545230e+00 -6.026191e+00 1.165953e+01 -5.671899e+00 -1.787122e+00 -1.033942e+01 1.633279e+00 9.020298e-01 7.138161e-02 -8.740182e-01 -1.489825e+00 -7.718462e-01 2.204168e+00 2.720058e+00 1.569410e+00 1.342389e+00 -4.768368e-01 -3.113998e+00 -6.599287e-01 1.599820e+00 2.984300e-02 
1.025084e+01 -2.635929e+00 -1.006551e+01 -1.732780e+01 -1.057468e+01 8.732491e+00 -3.907048e+00 1.174836e+01 -6.694768e+00 -7.368493e+00 -1.089879e+01 1.929653e+00 9.386041e-01 1.406031e-01 -1.230554e+00 -9.358422e-01 -5.861462e-01 3.283202e+00 2.119144e+00 2.064296e+00 -5.206133e-01 -3.988064e-01 -3.290448e+00 3.253573e-01 1.954745e+00 1.502524e-02 
1.025442e+01 -4.773198e+00 -1.218646e+01 -1.969182e+01 -6.680881e+00 9.577744e+00 -1.611576e+00 8.485274e+00 -8.022955e+00 -1.290650e+01 -1.146826e+01 3.841702e+00 1.000000e+00 4.478385e-02 -1.429201e+00 -9.076079e-01 -1.827967e-01 2.768913e+00 7.014015e-01 6.667655e-01 -2.263106e+00 -1.112607e+00 -2.492537e+00 1.006842e+00 9.414917e-01 1.304168e-03 
1.052590e+01 -4.185407e+00 -1.161357e+01 -1.660159e+01 -3.149071e+00 9.280533e+00 -7.487717e-01 7.019408e+00 -7.394420e+00 -1.112792e+01 -7.810087e+00 6.386535e+00 9.248191e-01 -2.336791e-01 -1.177716e+00 -5.212253e-01 4.398144e-01 2.656263e+00 9.679246e-02 -8.626057e-01 -2.522199e+00 -9.456459e-01 -1.113448e+00 1.934953e+00 5.897385e-01 -7.122713e-03 
9.995436e+00 -6.758972e+00 -1.226443e+01 -1.723708e+01 -2.745042e+00 7.778217e+00 -4.271502e+00 2.708482e+00 -1.088511e+01 -1.237009e+01 -6.849562e+00 4.112297e+00 9.154431e-01 -2.372539e-01 -8.648523e-01 5.089779e-02 1.394143e+00 2.225613e+00 4.120660e-01 -1.788127e+00 -1.697641e+00 2.881245e-01 1.664491e-01 2.365256e+00 -3.177826e-01 -1.900459e-02 
9.211939e+00 -7.531623e+00 -1.263265e+01 -1.635611e+01 7.387156e-01 1.011622e+01 -6.890114e+00 2.025763e+00 -9.991922e+00 -1.320394e+01 -3.533367e+00 4.743048e+00 9.452689e-01 -4.711519e-01 -5.625682e-01 -6.545095e-02 1.656844e+00 2.049242e+00 3.722758e-01 -1.460520e+00 -1.651389e+00 1.861150e+00 6.105560e-01 1.525989e+00 -1.084469e+00 -5.738741e-03 
9.725131e+00 -7.424353e+00 -1.142243e+01 -1.284385e+01 2.503292e+00 1.122023e+01 -7.481539e+00 2.493891e+00 -5.283581e+00 -1.103625e+01 -1.780334e+00 3.074533e+00 8.947521e-01 -6.742357e-01 -3.368871e-01 1.268377e-01 1.739317e+00 2.064208e+00 -7.687626e-02 -1.074750e+00 -1.098410e+00 2.697055e+00 1.449437e+00 6.684313e-01 -1.562596e+00 -1.917404e-03 
8.305298e+00 -6.665558e+00 -1.236183e+01 -1.051398e+01 4.472972e+00 9.420904e+00 -6.446351e+00 -1.130241e+00 -8.894315e-01 -8.742066e+00 -2.714754e+00 1.483070e+00 9.064709e-01 -7.042505e-01 -3.491066e-01 8.235667e-01 1.542049e+00 1.642865e+00 -7.528842e-01 -7.752663e-01 -5.745482e-02 2.603572e+00 2.222668e+00 -5.913843e-01 -2.004830e+00 -7.765383e-03 
7.077578e+00 -8.876440e+00 -1.176565e+01 -1.146155e+01 5.708869e+00 7.741492e+00 -9.867132e+00 -1.205566e+00 -1.951079e+00 -7.353841e+00 -3.916712e+00 -2.070695e+00 9.252551e-01 -8.721477e-01 -6.454204e-01 1.524116e+00 6.457988e-01 1.736449e+00 -1.403071e+00 -7.873063e-01 8.237405e-01 1.969623e+00 2.487536e+00 -2.002163e+00 -1.802850e+00 -1.460326e-03 
7.014463e+00 -8.551112e+00 -8.343206e+00 -9.337007e+00 7.350251e+00 8.091166e+00 -9.573648e+00 3.588218e+00 1.359685e+00 -3.931800e+00 -5.422100e+00 -2.708490e+00 8.911905e-01 -8.336686e-01 -7.883692e-01 1.991017e+00 9.784289e-02 1.265755e+00 -1.978420e+00 -2.488918e-01 9.887086e-01 1.826164e+00 1.916320e+00 -3.354280e+00 -1.402623e+00 -9.853905e-03 
6.009809e+00 -9.708677e+00 -5.811157e+00 -1.020334e+01 9.746899e+00 4.869749e+00 -9.854422e+00 4.253365e+00 3.439974e+00 -1.003696e+00 -1.043748e+01 -3.843939e+00 8.950907e-01 -9.015088e-01 -2.507307e-01 1.704345e+00 7.334253e-01 4.459333e-01 -2.157009e+00 9.209222e-01 9.737362e-01 2.221749e+00 1.373953e+00 -3.434705e+00 -7.978176e-01 -1.241248e-02 
4.670839e+00 -1.019129e+01 -5.383988e+00 -1.065388e+01 8.782732e+00 9.646761e-01 -7.697165e+00 1.083837e+00 5.545861e+00 -2.335537e+00 -1.622577e+01 -4.643424e+00 8.722836e-01 -9.644005e-01 3.490414e-01 9.079956e-01 1.363275e+00 -9.104446e-01 -2.047047e+00 1.238332e+00 1.016498e+00 1.381859e+00 1.590762e-01 -2.590799e+00 -2.277651e-01 -1.517059e-02 
3.741846e+00 -9.310007e+00 -4.723536e+00 -7.135991e+00 7.222295e+00 5.196898e-01 -6.200763e+00 4.915306e+00 7.064579e+00 -1.282209e+00 -1.568840e+01 -5.092317e+00 8.726462e-01 -7.331578e-01 6.665176e-01 9.010824e-01 1.739846e+00 -2.125790e+00 -1.859955e+00 1.711152e+00 1.155561e+00 4.741739e-01 -8.480315e-01 -1.087138e+00 4.153770e-01 -2.297100e-02 
3.326443e+00 -7.005240e+00 -4.347039e+00 -4.054306e+00 4.060329e+00 3.096128e-02 -5.208819e+00 8.339737e+00 6.456678e+00 -2.997163e+00 -1.575063e+01 -3.223126e+00 8.265598e-01 -3.857908e-01 5.752261e-01 1.283751e+00 1.739868e+00 -2.541281e+00 -1.311581e+00 6.976901e-01 1.749071e+00 -2.214510e-01 -1.156963e+00 -1.702757e-01 1.103069e+00 -2.490979e-02 
3.016218e+00 -7.969111e+00 -1.824219e+00 -4.803893e+00 1.479148e+00 -3.963170e+00 -2.542833e+00 6.403221e+00 5.355435e+00 -4.913041e+00 -1.611074e+01 -2.477202e+00 8.030975e-01 -1.405288e-01 3.362780e-01 1.919152e+00 6.773756e-01 -2.068500e+00 -1.647509e+00 5.535600e-01 9.471492e-01 -1.046976e+00 -1.192016e+00 5.474691e-01 1.034557e+00 -3.127200e-02 
3.104699e+00 -7.985602e+00 -4.148939e-01 -3.120583e+00 -1.052099e+00 -3.351798e+00 -6.037680e+00 9.085236e+00 5.293178e+00 -6.304939e+00 -1.686598e+01 -4.356354e-01 7.825090e-01 -4.588709e-02 3.173203e-01 2.117124e+00 4.145251e-01 -1.475350e+00 -1.562152e+00 2.365598e-01 5.677274e-01 -1.745326e+00 -7.496486e-02 9.568685e-01 8.292713e-01 -3.040388e-02 
3.150074e+00 -7.138436e+00 2.906150e+00 -4.215975e+00 -5.639920e-01 -6.026475e+00 -3.018533e+00 9.278301e+00 2.411448e+00 -5.588403e+00 -1.239338e+01 -1.313276e+00 7.383116e-01 4.890610e-01 6.423208e-01 2.301854e+00 6.397036e-01 -1.138563e+00 -8.028984e-01 -3.177733e-01 -3.928605e-01 -1.587163e+00 2.051969e-01 1.817883e+00 7.769401e-01 -4.299336e-02 
3.030079e+00 -5.833977e+00 3.873397e+00 -2.275640e+00 -2.294851e+00 -6.748147e+00 -3.788171e+00 9.740833e+00 -7.979603e-01 -3.034306e+00 -1.282497e+01 3.412673e-01 7.069334e-01 1.371557e+00 1.022937e+00 2.505701e+00 2.212433e+00 -1.407611e+00 -9.632042e-01 -7.228906e-01 -2.499013e+00 -1.130256e+00 -1.118743e+00 3.308192e+00 3.051153e-01 -6.548229e-02 
5.498833e+00 -5.833321e+00 7.540905e+00 -2.027847e+00 -3.592293e+00 -6.279488e+00 -5.256454e+00 4.111120e+00 4.651880e-01 -5.522373e+00 -9.041832e+00 1.019047e+00 6.259186e-01 2.193611e+00 1.762628e+00 1.924914e+00 4.669917e+00 -1.729601e+00 -1.561686e+00 -7.679750e-01 -5.230629e+00 -1.547812e+00 9.555902e-01 3.811505e+00 -3.074723e-01 -6.803506e-02 
8.788103e+00 -3.523476e+00 9.796232e+00 6.847519e+00 -6.576003e+00 -8.041313e+00 -8.533172e+00 -8.262396e-01 6.150270e-01 -1.193167e+01 -2.000795e+00 -7.622041e-02 5.112941e-01 2.233752e+00 2.623307e+00 8.784454e-01 5.357239e+00 -1.084308e+00 -1.833416e+00 1.146003e-01 -6.168962e+00 -1.551360e+00 2.314976e+00 4.326701e+00 -1.485700e+00 -5.855900e-02 
1.123912e+01 5.194554e-01 9.569304e+00 1.457203e+01 -7.071420e+00 -1.318832e+01 -4.485908e+00 -1.159131e+01 -6.034103e+00 3.638231e+00 1.252058e+00 -2.641894e+00 4.959560e-01 1.059229e+00 2.837108e+00 6.668863e-01 4.550339e+00 -6.285787e-01 -1.951632e+00 1.222244e+00 -3.700642e+00 -2.376213e+00 2.919296e+00 3.450215e+00 -7.152186e-01 -3.663316e-02 
1.132870e+01 4.106172e+00 7.251425e+00 1.621062e+01 -5.976828e+00 -1.246081e+01 -3.600443e+00 -1.325276e+01 -5.305114e+00 3.960270e+00 3.661594e+00 -5.256764e+00 4.791197e-01 -2.548031e-01 2.441075e+00 1.028722e+00 1.697590e+00 6.708315e-01 1.176968e-02 1.268982e+00 -2.878302e+00 -1.567501e+00 1.869694e+00 1.129130e+00 1.290530e-01 -1.818346e-02 
9.524679e+00 4.537394e+00 1.214774e+01 1.604230e+01 -7.034774e+00 -1.382790e+01 -1.611597e+00 -8.178825e+00 -8.455805e+00 1.128136e+00 5.378047e+00 3.322538e-02 4.588400e-01 -1.112321e+00 1.232139e+00 1.377933e+00 6.519622e-01 1.021694e+00 1.711570e+00 4.353936e-01 -8.843114e-01 -1.166773e+00 -1.896973e+00 -2.769237e-01 5.342233e-01 -2.336035e-02 
8.371306e+00 6.672927e+00 1.365062e+01 1.460034e+01 -3.240169e+00 -7.662675e+00 -3.625417e+00 -1.692399e+01 -6.011629e+00 -1.328151e+00 1.581859e+00 -7.685150e-01 4.389348e-01 -1.434684e+00 -8.775945e-02 1.540924e+00 1.196275e+00 1.093162e+00 1.827961e+00 3.544143e-01 -2.773456e-01 -5.238838e-02 -1.720468e+00 -1.919501e+00 9.451222e-01 -3.831360e-02 
7.156205e+00 5.396775e+00 1.325937e+01 1.863698e+01 -3.331281e+00 -7.029537e+00 -2.296453e+00 -1.417725e+01 -1.151471e+01 -3.202426e+00 9.073074e-01 -2.214901e+00 3.992467e-01 -1.575532e+00 -2.164862e-01 4.825171e-01 1.684981e+00 1.537994e+00 1.368754e+00 3.408688e-01 -5.692090e-01 4.273837e-01 -4.186279e-01 -1.576303e+00 1.252635e-01 -5.846854e-02 
5.339511e+00 3.237683e+00 1.440023e+01 2.089465e+01 -2.362764e+00 -6.720189e+00 -1.485944e+00 -1.164028e+01 -4.037604e+00 -2.476789e+00 -3.700541e+00 5.929111e-01 3.173483e-01 -1.792836e+00 -8.668307e-01 -2.101193e-01 1.909256e+00 1.392144e+00 -1.480496e+00 2.974305e-01 1.436539e+00 -1.454493e-01 -3.218681e-01 -7.396762e-02 1.380293e-01 -7.445498e-02 
3.162918e+00 5.172585e+00 1.418552e+01 2.132005e+01 2.164955e-01 -7.455371e+00 -9.769897e-01 -1.366673e+01 -7.305898e+00 -3.906842e-01 1.377325e-01 -2.117038e-02 2.272905e-01 -1.821384e+00 -9.905589e-01 -1.370141e+00 1.342163e-02 1.773034e+00 -1.204906e+00 5.370026e-01 1.961642e+00 5.473393e-01 -2.475656e-01 4.765404e-01 -1.616717e+00 -8.272902e-02 
1.403771e+00 2.450869e+00 1.213695e+01 2.280508e+01 1.946664e+00 -1.485224e+01 -2.797996e+00 -9.996552e+00 -8.843281e+00 -4.343362e+00 1.596808e+00 -1.175234e+00 1.526380e-01 -1.881651e+00 -1.234935e+00 -2.420901e+00 -2.381471e+00 2.006942e-01 6.018381e-02 9.355939e-01 1.411263e+00 9.058466e-02 -6.126388e-01 3.686793e-01 -1.664980e+00 -7.343952e-02 
1.715517e-02 8.373876e-01 7.540307e+00 1.774887e+01 3.379175e+00 -8.988043e+00 1.044586e+00 -5.190902e+00 -6.375174e+00 -3.506968e+00 6.413345e-01 -9.414412e+00 6.795675e-02 -1.958519e+00 -1.680164e+00 -3.297573e+00 -3.803997e+00 -1.626379e+00 1.624774e+00 1.526032e+00 1.387010e+00 1.310655e+00 -3.015379e-01 -6.348752e-01 1.198467e-01 -5.305506e-02 
-2.495863e+00 -7.693954e-01 5.618336e+00 1.077288e+01 -2.940633e+00 -5.652934e+00 2.181238e+00 -8.821875e+00 -4.050043e+00 -3.981841e+00 -2.108946e+00 -3.035367e+00 2.981758e-02 -1.695094e+00 -7.897115e-01 -2.716342e+00 -2.982419e+00 -1.528204e+00 2.704195e+00 1.605731e+00 1.007213e+00 1.049028e+00 -3.168568e-01 -1.017776e+00 1.048985e+00 -3.404488e-02 
-4.679860e+00 -1.618104e+00 9.569666e-01 8.316161e+00 -5.471750e+00 -3.931155e+00 4.163553e+00 -7.319018e+00 -3.149242e+00 -2.079134e+00 -1.183767e+00 1.508130e+00 2.342546e-02 -1.224689e+00 -4.426507e-01 -2.214984e+00 -2.317069e+00 -9.853656e-01 1.388654e+00 1.150760e+00 1.264910e+00 2.487434e+00 1.132655e+00 2.709158e-01 1.880581e+00 -2.086721e-02 
-4.723188e+00 -2.699432e-01 1.846912e+00 1.260934e+01 -1.268895e+00 -3.859710e+00 3.671174e+00 -3.896431e+00 -5.211105e+00 -6.641563e+00 -2.579521e+00 -1.391579e+00 4.679263e-03 -7.999963e-01 5.998454e-02 -1.075700e+00 -1.084345e+00 1.026945e+00 -4.273352e-01 8.525676e-01 3.308884e+00 2.937689e+00 1.791507e+00 2.188130e+00 1.140329e+00 -1.739157e-02 
-4.992626e+00 -1.625592e+00 -1.648903e+00 5.245298e+00 -2.383522e+00 -2.941387e+00 6.053417e+00 -1.329076e+00 6.642525e+00 3.486168e+00 2.231201e+00 -8.334008e-01 -2.381015e-02 -3.630155e-01 7.228824e-01 3.603323e-01 -6.790139e-01 1.169995e+00 -1.249896e+00 -2.940276e-02 3.316402e+00 3.274142e+00 2.462786e+00 2.490038e+00 2.977912e-01 -2.177295e-02 
-6.339461e+00 -4.657283e-01 1.542771e+00 6.886586e+00 6.499796e-01 -8.284494e+00 5.499144e+00 4.727575e+00 5.742517e+00 2.193044e+00 7.124218e+00 3.837043e+00 -3.352249e-02 -4.690936e-01 8.524934e-01 4.428498e-01 -1.259992e+00 1.326243e-01 -6.333140e-01 -1.304789e-01 2.469787e+00 3.421732e+00 2.320575e+00 1.669496e+00 5.998514e-01 -2.101839e-02 
-5.686801e+00 2.094201e+00 2.910699e+00 7.782467e+00 -5.812130e-01 -7.968244e+00 3.102554e+00 4.950989e+00 7.744658e+00 5.817493e+00 6.414556e+00 3.827745e-01 -6.633842e-02 -5.452834e-01 1.483879e+00 1.187524e+00 -1.104912e-01 9.740028e-01 8.483073e-01 -2.367743e-02 7.427307e-01 1.472978e-01 -4.937113e-01 5.296380e-01 -4.775028e-01 -1.793143e-02 
-6.721569e+00 2.132627e+00 1.781361e+00 5.040792e+00 -1.506928e+00 -4.512851e+00 4.494211e+00 5.312473e+00 1.134649e+01 3.795650e+00 3.676280e+00 9.995906e-01 -7.914853e-02 -6.212496e-01 1.170749e+00 3.542874e-01 -7.663532e-01 2.328738e-01 1.727926e+00 -6.049300e-01 -2.495083e+00 -1.723267e+00 -1.905847e-01 2.788550e-01 1.113418e-01 -1.166191e-02 
-7.527989e+00 4.494627e+00 4.169421e+00 5.615740e+00 3.564946e+00 -5.856719e-01 6.437496e+00 2.092128e+00 4.577028e+00 2.163087e-01 6.603360e+00 -1.802189e+00 -9.065425e-02 -6.356357e-01 6.503707e-01 -7.215863e-01 -8.139154e-01 6.916560e-01 1.099650e+00 -6.154490e-01 -1.322595e+00 -1.664977e+00 8.181609e-01 1.947533e+00 8.642915e-01 -9.454488e-05 
-8.525115e+00 4.187806e+00 2.684847e+00 4.138184e+00 -2.587309e-01 -3.336153e+00 8.070226e-01 -6.318412e+00 -1.290003e+00 4.040712e+00 8.424091e+00 5.486234e+00 -7.967412e-02 -3.185238e-01 4.963387e-01 -6.287462e-01 -3.402529e-01 5.901539e-01 7.507185e-01 -1.141112e+00 1.146005e-01 -8.181821e-01 6.284806e-01 1.391141e+00 4.790471e-01 4.482734e-03 
-7.963206e+00 4.318465e+00 -1.148976e+00 4.164194e+00 2.252969e+00 -3.058346e+00 1.868904e+00 4.153454e+00 5.738017e+00 9.785767e+00 1.377831e+01 2.460911e+00 -6.654835e-02 -2.783443e-01 2.155411e-02 -4.974300e-01 -1.137546e+00 -6.906533e-01 -6.348718e-01 -7.557515e-01 1.428900e+00 1.668143e+00 3.873423e-01 -7.741671e-01 -3.934548e-01 1.723397e-03 
-8.096580e+00 4.702401e+00 1.296828e+00 4.065300e+00 2.099830e+00 4.770782e-01 1.072947e+00 4.854813e+00 6.675084e+00 2.153325e+00 7.044508e+00 1.263277e+00 -6.878781e-02 -9.277420e-02 4.020716e-01 2.685773e-01 -5.364727e-01 -1.970326e-01 3.529002e-01 6.221086e-01 1.195971e+00 2.456605e+00 -8.899457e-01 -2.122351e+00 -1.483667e+00 6.425738e-04 
-9.133979e+00 4.345100e+00 2.376280e+00 -3.554988e-02 -1.067601e+00 -5.666646e+00 2.525776e+00 3.650019e+00 8.935199e+00 3.096714e+00 3.422316e+00 -1.657984e+00 -8.748043e-02 -1.044718e-01 5.207834e-01 1.097271e+00 8.724817e-02 -2.172873e-01 5.441245e-01 -3.437989e-01 -1.780874e+00 1.274748e+00 -6.006821e-01 -2.717150e+00 -6.431682e-01 -2.703714e-03 
-8.403600e+00 6.184846e+00 2.265105e+00 3.555693e+00 4.163909e-01 -2.675014e-01 3.589129e+00 -8.684039e-02 9.394430e+00 2.935510e+00 2.990336e+00 1.273485e-01 -6.599522e-02 -1.743486e-01 1.381075e-01 1.095881e+00 5.792845e-01 1.926278e-01 4.330525e-01 5.374245e-01 -1.386440e+00 -8.368855e-01 3.884068e-01 -3.852517e-01 1.307431e-01 -5.724406e-03 
-8.332055e+00 6.181160e+00 3.853239e+00 4.855239e+00 2.008252e+00 3.456664e-02 -1.108182e+00 -2.280089e+00 1.075208e+01 6.391263e+00 2.219648e+00 -1.869663e-01 -8.146322e-02 1.312418e-01 -3.015254e-01 2.921132e-01 5.585995e-01 6.991785e-01 4.676014e-01 3.372344e-01 -8.422369e-02 -1.847878e+00 -1.088434e+00 3.245219e-01 6.973578e-01 -6.892097e-03 
-9.369285e+00 4.474909e+00 6.037754e+00 4.516329e+00 1.525043e+00 -2.082660e-01 5.577049e+00 8.876661e-01 1.582214e+00 2.448084e+00 5.719584e+00 1.181484e+00 -1.004184e-01 5.722656e-02 -4.135404e-01 -2.466619e-01 -4.549879e-01 3.920508e-01 2.045916e-01 1.167457e+00 5.483833e-01 -8.188149e-01 -3.652980e-01 7.764622e-01 9.283396e-01 -9.022260e-03 
-7.994927e+00 3.692442e+00 1.950522e+00 2.277129e+00 1.873966e+00 -3.358257e+00 3.217988e+00 2.741647e+00 3.601917e+00 -2.101741e+00 3.680302e+00 1.301737e+00 -1.047293e-01 2.153927e-01 -2.242738e-01 -1.146619e+00 -5.790876e-01 1.788852e-01 1.018222e+00 8.335184e-01 4.006075e-02 2.383503e-01 -4.749583e-01 4.896607e-01 9.046246e-01 1.531959e-04 
-8.286031e+00 5.361504e+00 1.983155e+00 2.569808e+00 2.443788e+00 2.451869e+00 7.263329e+00 1.442077e-01 8.875439e+00 5.355522e+00 6.142320e+00 4.024695e+00 -9.947348e-02 2.966762e-01 3.126006e-01 -1.054478e+00 -3.039508e-01 3.191111e-01 1.882842e+00 1.006128e+00 -5.936306e-02 1.448844e+00 9.333032e-01 6.468745e-01 4.034911e-01 8.970094e-03 
-7.796719e+00 4.616494e+00 1.474438e-01 2.933062e+00 2.443305e+00 3.795609e+00 2.216270e+00 -1.708056e+00 8.297223e+00 2.562753e+00 4.456583e+00 2.914551e+00 -8.116972e-02 4.495249e-02 2.857592e-01 -1.524289e-01 8.755282e-02 -1.353518e-01 9.112570e-01 6.007219e-01 5.435997e-01 -1.145601e-04 8.877175e-01 1.531023e+00 1.687109e-01 6.363773e-03 
-7.985008e+00 5.575886e+00 1.666902e+00 2.668609e+00 2.835928e+00 5.629013e+00 1.110855e+01 2.815703e+00 6.478782e+00 4.782353e+00 8.565817e+00 2.392532e+00 -6.734776e-02 6.067514e-02 -2.973602e-02 -7.424199e-03 -7.619926e-03 -4.327472e-01 -9.870979e-01 -3.845961e-01 1.379134e+00 -1.164908e+00 -5.403504e-01 1.362978e+00 -2.079823e-01 1.319683e-03 
-7.920676e+00 5.014047e+00 1.346504e+00 2.665493e+00 1.001136e+00 -3.905447e-01 4.298988e+00 4.123899e+00 4.799673e+00 2.623431e+00 1.012367e+01 2.961373e+00 -8.897328e-02 -1.835833e-02 2.332675e-02 2.077721e-01 -5.382546e-02 -4.719130e-01 -1.439186e+00 -2.644122e-01 1.297210e+00 -8.674209e-01 -2.037565e-01 1.289202e+00 6.624846e-02 -3.723264e-03 
