2.201697e+00 2.700262e+00 -5.404070e+00 3.303713e+00 -1.554600e-01 5.654652e-01 2.853034e+00 -2.852360e+00 2.853739e+00 1.070275e+00 4.959223e-01 -1.216248e+00 -1.512927e-01 1.741213e-01 2.120211e-01 -4.550167e-01 -1.058361e+00 -7.136462e-02 8.116230e-01 2.544502e-01 -1.113418e+00 6.612023e-01 1.348074e+00 -6.523306e-01 1.341370e+00 0.000000e+00 
2.127164e+00 2.465526e+00 -7.219234e+00 -1.739230e+00 -4.826406e-01 6.578638e+00 2.672898e+00 -8.422834e+00 -1.496689e-01 3.952896e+00 4.410952e-01 6.597723e-01 -1.512927e-01 6.312180e-02 2.448236e-01 3.990157e-02 7.553660e-01 1.105922e+00 5.192984e-01 3.600894e-01 2.542135e-01 1.310017e+00 1.145557e+00 5.549148e-01 1.702875e+00 0.000000e+00 
3.109571e+00 3.877736e+00 -6.771572e+00 5.333789e-01 -3.486927e-01 1.616994e+00 4.215353e+00 -5.634212e+00 7.661453e+00 6.369336e+00 -2.738317e+00 4.552591e+00 -1.512927e-01 -1.441344e-01 7.217021e-02 2.898193e-01 1.581481e+00 1.786952e+00 9.246837e-01 5.465472e-01 5.206360e-01 5.957422e-01 -6.593795e-01 -3.457597e-01 5.112783e-01 0.000000e+00 
2.063370e+00 3.335643e+00 -4.520811e+00 8.465710e+00 5.470765e+00 2.636193e+00 3.972322e+00 -1.903658e-01 6.999964e+00 4.148528e+00 4.887617e+00 4.413706e+00 -1.512927e-01 -6.713395e-01 2.723524e-01 8.507209e-01 1.777010e+00 1.781301e+00 5.532013e-01 1.171693e+00 1.119748e+00 -5.813024e-01 -2.403017e+00 -6.605132e-01 -1.044744e+00 0.000000e+00 
1.512922e+00 2.626055e+00 -5.304185e+00 6.108648e+00 5.802596e+00 7.160106e+00 4.936058e+00 -4.365414e+00 2.257633e+00 -2.324439e+00 -3.456137e+00 -5.368226e-01 -1.512927e-01 -9.589647e-01 1.093882e-02 1.159242e+00 9.923832e-01 1.122335e+00 1.935421e+00 1.862349e+00 1.889025e+00 -1.298300e+00 -2.083158e+00 -1.108198e+00 -1.987594e+00 0.000000e+00 
-4.312096e-01 4.453129e+00 -3.699323e+00 4.358184e+00 5.348219e+00 6.573088e+00 8.171008e+00 -3.458495e+00 -3.542707e-01 -3.715299e+00 -2.502561e+00 -2.019238e+00 -1.512927e-01 -8.006099e-01 1.239803e-01 1.230000e+00 4.916587e-02 -3.696995e-02 8.123127e-01 1.337123e+00 1.161107e+00 -1.251801e+00 -3.275917e-01 -1.452203e+00 -9.443640e-01 0.000000e+00 
-4.379635e-01 3.373687e+00 -1.386106e+00 7.549058e+00 5.324257e+00 9.325652e+00 1.142776e+01 5.444979e+00 4.847070e+00 -1.145382e-01 -4.584218e+00 -2.168908e+00 -1.512927e-01 -4.948815e-01 2.416097e-01 1.322625e+00 6.712914e-02 -5.888556e-01 2.491655e-01 1.221874e+00 9.283872e-01 -1.570938e-01 2.379876e+00 1.741928e+00 1.217984e+00 0.000000e+00 
-9.642372e-01 3.581729e+00 -3.298485e-01 7.991334e+00 5.525084e+00 5.614984e+00 7.412089e+00 7.099705e-01 -5.537608e-01 1.405619e+00 -1.809359e+00 5.079287e-01 -1.512927e-01 -3.312996e-01 -5.180978e-02 4.007064e-01 -4.473793e-01 -8.268874e-01 3.518622e-01 -1.497637e-01 -1.314565e+00 -7.777500e-01 2.362508e-01 6.879210e-01 1.738498e+00 0.000000e+00 
-6.949711e-01 4.269803e+00 -3.757961e-01 4.627719e+00 2.769885e+00 8.884986e+00 1.142489e+01 -1.807711e+00 1.571909e+00 7.014480e+00 4.906900e+00 4.289514e+00 -1.512927e-01 -4.648783e-01 -1.077986e-01 2.866914e-01 -1.905727e-01 -3.183829e-01 -2.481610e-01 -9.811040e-01 -2.565444e+00 -2.219357e+00 -2.240798e+00 7.144885e-01 1.704269e+00 0.000000e+00 
-1.959204e+00 3.746022e+00 -2.200946e+00 3.581957e+00 2.490968e+00 8.552732e+00 7.423623e+00 -6.404978e+00 -2.605441e+00 -6.098554e+00 -3.808515e+00 3.444039e+00 -1.512927e-01 -3.350018e-01 -1.046669e-01 1.895927e-01 5.042688e-01 6.664659e-01 9.786965e-01 -3.543081e-01 -2.716493e-01 2.799520e-01 -1.767385e+00 -3.991642e-02 2.420962e-03 0.000000e+00 
-2.264872e+00 2.752548e+00 9.828992e-01 8.800883e+00 5.249401e+00 6.615973e+00 6.516469e+00 -3.824769e+00 -5.223875e+00 -7.566445e+00 -1.219732e-02 4.884382e+00 -1.512927e-01 -5.365219e-02 -2.745637e-01 -7.084658e-02 7.020667e-01 7.447577e-01 -7.602369e-01 -1.044214e+00 8.091424e-01 6.117421e-01 5.787933e-01 5.734196e-01 -5.356719e-02 0.000000e+00 
-1.854296e+00 3.817022e+00 -6.123257e-02 8.426096e+00 7.617656e+00 1.164297e+01 8.094759e+00 3.602533e-01 4.243892e+00 -1.408436e-01 4.506078e-01 2.225993e-01 -1.512927e-01 4.501646e-01 8.611954e-02 -3.847992e-01 1.709073e-01 1.961429e-01 5.933828e-02 4.872574e-01 9.638573e-01 6.102379e-01 2.642750e+00 1.833075e+00 2.084299e-01 0.000000e+00 
-1.015686e+00 2.861485e+00 -1.799886e+00 5.715982e+00 3.930329e+00 3.538682e+00 5.868248e+00 -1.144614e+00 1.205954e+00 6.929591e+00 5.644437e+00 5.632398e+00 -1.512927e-01 9.778805e-02 1.295546e-02 -1.000356e+00 -1.482849e+00 -9.296864e-01 3.734150e-01 7.223623e-01 -8.494978e-01 -4.068846e-01 1.729191e+00 -7.233927e-01 -6.576579e-01 0.000000e+00 
-3.329735e-01 4.122151e+00 -2.733549e+00 5.978944e+00 4.131219e+00 1.038807e+01 1.018402e+01 -2.925769e+00 -2.769166e+00 -1.328228e-01 2.528543e+00 4.112181e+00 -1.512927e-01 4.612541e-03 2.875585e-01 -5.684922e-01 -1.019492e+00 -9.043625e-01 1.395568e-01 7.942683e-01 -1.670555e+00 -1.054980e+00 5.289608e-01 -7.963811e-01 -7.476448e-01 0.000000e+00 
-2.536592e+00 2.664761e+00 -2.682725e+00 2.610215e+00 2.344187e+00 9.110499e+00 9.083649e+00 -6.429247e+00 -3.751770e+00 1.075501e+00 -4.668129e+00 -3.486985e-01 -1.512927e-01 -1.645292e-01 2.086280e-01 -1.250183e-01 -1.636801e-01 -3.018118e-01 1.042172e-01 -6.287314e-01 -1.159696e+00 1.086683e-01 3.696423e-01 -3.018266e-01 -4.363678e-01 0.000000e+00 
-1.070780e+00 5.353177e+00 -2.462274e+00 4.881520e+00 3.888915e+00 9.554848e+00 1.045840e+01 -5.350204e+00 1.447853e+00 5.431005e+00 1.624986e+00 -5.250766e-01 -1.512927e-01 -3.079168e-01 -4.795015e-01 -4.038126e-01 -3.511108e-01 -2.957745e-01 -1.167926e+00 -9.683555e-01 -3.695008e-02 8.721603e-01 1.176324e+00 9.592205e-01 6.173356e-01 0.000000e+00 
-1.469429e+00 3.289112e+00 -2.560615e+00 5.446294e+00 2.542423e+00 4.476378e+00 2.587401e+00 -5.730876e+00 -3.592134e-01 5.995889e+00 4.587083e+00 5.769187e+00 -1.512927e-01 9.461403e-03 -2.704578e-01 -7.908252e-01 -1.285816e-01 -3.594882e-01 -1.782713e+00 -7.508857e-01 1.301979e+00 8.798277e-01 -7.155629e-01 6.649852e-01 8.459791e-01 0.000000e+00 
-2.406139e+00 1.412468e+00 -4.813667e+00 2.805351e+00 2.553229e+00 6.865498e+00 8.590366e+00 -3.459705e+00 -1.046419e-01 3.288602e+00 2.697040e+00 4.139915e+00 -1.512927e-01 -3.206547e-01 -1.195521e+00 -4.831657e-01 -1.446729e-01 -5.218444e-01 -9.777144e-01 -2.413817e-01 1.100579e+00 2.468887e-01 -2.531874e+00 -2.265546e+00 -1.424703e+00 0.000000e+00 
-1.821606e+00 3.282826e+00 -5.461155e+00 3.005392e+00 1.214590e+00 1.541610e+00 6.263237e+00 -8.646035e-01 1.423616e+00 -1.431112e+00 -1.879230e+00 1.548701e+00 -1.512927e-01 6.791516e-02 -3.901680e-01 8.797693e-01 -1.096385e+00 -2.407328e-01 -2.683624e-01 1.099840e+00 1.965631e+00 7.216243e-02 -2.027235e+00 -1.732835e+00 -3.178896e+00 0.000000e+00 
-2.497965e+00 -6.212833e-01 -3.427832e+00 5.378607e+00 1.943609e+00 6.133660e+00 7.413573e+00 -2.280445e+00 1.790881e+00 -3.514864e+00 -6.469586e+00 -5.538348e+00 -1.512927e-01 -3.358774e-01 5.443361e-01 3.967139e+00 -2.165703e+00 1.629292e+00 3.908346e-02 -2.596905e+00 4.235807e-01 -1.248773e+00 -3.536475e+00 -5.614505e-02 -2.628935e+00 8.696926e-02 
-1.083941e+00 2.355147e+00 1.145314e+00 -1.322261e+00 1.643568e+00 3.500485e+00 8.674996e+00 3.507647e+00 -9.461627e-01 -7.385514e-01 5.062227e-01 -5.286163e+00 -1.512927e-01 -1.542069e+00 1.016182e+00 5.841914e+00 -2.971321e+00 2.298398e+00 -7.313212e-01 -5.321809e+00 6.969106e-02 -3.274384e+00 -3.079631e+00 4.544473e-01 -2.078890e+00 1.852334e-01 
-4.454359e+00 4.597988e+00 1.171879e+01 -5.859340e+00 1.048520e+01 6.081478e+00 -5.600036e+00 -3.527926e+00 -5.163615e+00 -1.474005e+01 1.223588e+00 -5.587328e+00 2.835536e-01 -2.988818e+00 7.050284e-01 3.672929e+00 -4.102135e+00 1.407710e+00 -2.326760e+00 -3.990933e+00 1.892122e-01 -1.414538e+00 -6.502905e-02 9.021398e-01 5.118071e-01 2.160105e-01 
-8.553753e+00 5.754101e+00 1.617510e+01 -6.232240e+00 8.435787e+00 -2.088905e+00 -1.383900e+01 1.075926e-01 -1.147106e+01 -1.121667e+01 -3.453581e+00 -8.821259e+00 5.574514e-01 -3.631960e+00 -5.174195e-01 -3.034906e-02 -2.530771e+00 3.389836e-01 -1.762497e+00 -1.079615e+00 -8.668318e-02 -4.630295e-01 1.511854e+00 1.283535e+00 1.669585e+00 1.785659e-01 
-1.370715e+01 1.204382e+00 7.421923e+00 -1.267708e+01 5.586049e+00 -2.705447e+00 -1.284094e+00 3.656435e-01 -1.936281e-02 1.399052e+00 2.101403e-02 -1.211765e+00 5.743877e-01 -2.534557e+00 -1.101722e+00 -3.398772e+00 -8.880620e-01 -5.244566e-01 -1.871871e+00 2.606999e+00 2.193297e+00 9.984940e-01 3.602521e+00 6.472121e-01 1.644969e+00 7.858102e-02 
-1.461735e+01 1.464853e+00 3.142004e+00 -1.056725e+01 5.788061e+00 -9.185386e-01 1.118948e+00 1.127446e+00 -5.833437e+00 -1.248834e+00 7.525183e+00 8.739787e-01 5.961198e-01 -1.455288e+00 -1.146478e+00 -3.564296e+00 -2.025597e-01 -2.034585e-01 3.347871e-01 2.545139e+00 1.274418e+00 2.182004e+00 2.025425e+00 6.582385e-01 1.250616e+00 3.295619e-02 
-1.409535e+01 1.234003e+00 1.241478e+00 -8.132147e+00 9.186778e+00 -3.863060e+00 -4.401541e-02 6.928629e+00 -2.989955e+00 -1.711371e+00 -1.029733e+00 -2.210102e+00 6.571245e-01 -4.318594e-01 -8.847094e-02 -1.352717e+00 5.119944e-01 -1.424251e-02 -2.218457e-01 -1.047327e+00 1.353784e+00 5.074274e-01 -5.196522e-01 -1.037203e+00 4.878370e-01 4.162887e-02 
-1.563610e+01 6.899357e-03 1.443844e+00 -9.517504e+00 5.618130e+00 1.638377e-01 -1.733346e+00 3.198191e+00 9.242601e-01 4.656606e-01 3.629853e-01 -2.069009e+00 6.808640e-01 -2.852411e-01 -2.303787e-02 -2.790900e-01 -2.084718e-01 -1.293265e+00 -8.904500e-01 -4.776453e-01 4.206200e-02 -8.093882e-02 -3.822330e-01 -1.222747e+00 3.922918e-01 4.531901e-02 
-1.535707e+01 1.491004e+00 1.507418e+00 -1.064198e+01 5.599802e+00 -4.355863e+00 -5.094584e+00 6.099191e+00 -8.610742e-01 -2.056457e+00 -1.583899e+00 2.698914e+00 7.401600e-01 -6.283379e-02 4.886990e-01 6.494033e-01 9.724522e-03 -1.255432e+00 -5.911828e-01 5.085353e-01 -5.816077e-01 -4.949528e-01 -1.082392e+00 -1.081586e-01 5.112997e-01 4.960679e-02 
-1.541269e+01 1.221163e+00 1.613585e+00 -1.035469e+01 1.115226e+00 -5.124387e+00 1.256006e+00 1.752475e+00 -7.302571e+00 -2.987456e+00 1.688533e+00 3.809298e-01 7.811971e-01 9.593945e-01 2.124877e-01 -2.531516e-01 -6.359488e-01 -1.357397e+00 -1.752590e+00 4.229125e-01 -7.265465e-01 -1.498518e+00 -7.843682e-01 5.435070e-01 -1.012409e-01 4.615241e-02 
-1.452122e+01 3.070366e+00 4.403625e+00 -7.664930e+00 5.161069e+00 -4.174862e+00 1.003985e+00 4.743449e+00 -1.351303e+00 -5.396774e+00 -2.233300e+00 -8.785727e-01 8.549919e-01 1.296723e+00 2.045912e-02 -1.081252e-01 -3.305010e-01 -9.859843e-01 -1.085349e+00 -5.236027e-02 -6.426908e-01 -1.328975e+00 4.715572e-02 9.417027e-01 -1.497102e+00 2.601834e-02 
-1.125705e+01 2.796565e-01 -1.270017e+00 -1.418577e+01 -9.494889e-01 -8.689611e+00 -2.668068e+00 2.433300e-01 -6.323215e+00 -1.786022e+00 3.405221e+00 -7.864697e-01 8.542101e-01 2.002950e+00 -4.114742e-01 2.065441e-01 5.715436e-01 -6.771790e-01 -1.369628e+00 -7.274065e-01 5.898379e-01 4.656122e-01 1.079424e+00 1.252639e+00 -2.073927e-01 -1.467236e-02 
-1.095128e+01 2.064053e+00 2.408593e+00 -1.037894e+01 1.702238e+00 -7.999997e+00 -3.394349e+00 3.640310e+00 -7.995627e+00 -2.421395e+00 2.266270e+00 -4.202899e+00 8.337452e-01 5.329750e+00 -3.789981e-01 1.112857e+00 2.253393e+00 -1.516197e+00 -1.709099e+00 -1.233195e+00 5.290738e-01 -5.674347e-01 1.651335e+00 8.897265e-01 -1.081426e-01 -5.810432e-02 
-7.182913e+00 -3.330514e-01 3.643821e+00 -6.139967e+00 -5.412539e-01 -1.005996e+01 -1.818600e-01 5.253234e+00 -1.652348e+00 9.219730e-01 5.701941e+00 1.006129e+00 7.184587e-01 7.975445e+00 -2.090773e+00 2.808165e+00 4.434693e+00 -3.388194e+00 -5.642222e-01 -1.811676e+00 9.022695e-01 1.792820e-01 2.819616e+00 -2.506133e+00 -2.010561e-01 -1.477668e-02 
1.009046e+01 1.481730e+00 7.510991e+00 -4.208682e-01 -2.624034e+00 -1.203518e+01 -6.405096e+00 4.883866e+00 -6.523910e+00 1.505906e+00 1.066972e+00 -2.315585e+00 6.323460e-01 7.968513e+00 -3.936179e+00 1.947718e+00 3.626047e+00 -5.350784e+00 -4.424973e-01 -2.569986e+00 8.210768e-01 -5.240802e-01 4.115689e+00 -3.663363e+00 9.620787e-01 4.816476e-02 
1.809930e+01 -9.883045e+00 1.021961e+01 3.008662e+00 -1.572732e+01 -9.493130e+00 -1.022107e+01 4.132900e+00 -6.162664e+00 1.034841e+01 -8.525798e+00 -2.735407e+00 8.810263e-01 5.414070e+00 -4.214386e+00 1.290353e+00 2.301070e+00 -5.132798e+00 3.541706e-01 -2.423569e+00 1.210192e+00 -8.587807e-01 3.448280e+00 -3.709590e+00 1.152300e+00 8.962630e-02 
1.625018e+01 -1.284184e+01 8.859290e+00 3.176977e+00 -1.745865e+01 -1.049590e+01 -1.122467e+01 8.305861e+00 -8.360870e+00 1.344383e+01 -8.936676e+00 2.478262e+00 9.932852e-01 1.095751e+00 -3.560022e+00 -1.691031e-01 6.154175e-01 -3.385409e+00 -1.279645e-01 4.882483e-01 1.177864e+00 8.454194e-01 2.451192e+00 -1.519896e+00 2.074893e+00 8.404022e-02 
1.680758e+01 -1.424319e+01 9.421438e+00 3.566459e+00 -1.878794e+01 -9.058750e+00 -9.889917e+00 9.593197e+00 -5.027771e+00 1.219441e+01 -7.844187e+00 4.370704e+00 9.861206e-01 -1.918988e-01 -1.181694e+00 -1.198258e+00 5.803542e-01 -9.293108e-01 -5.642673e-01 2.067664e+00 7.975146e-01 1.264325e+00 4.808293e-01 -2.647514e-02 1.674537e+00 2.216161e-02 
1.621508e+01 -1.413831e+01 7.064562e+00 2.377320e+00 -1.802077e+01 -1.289219e+01 -4.129432e+00 8.043039e+00 -2.864260e+00 1.283886e+01 -6.873312e+00 4.505822e+00 1.000000e+00 1.132678e-01 -4.904701e-01 -9.350756e-01 4.680974e-01 1.203695e-01 -9.795378e-01 1.750374e+00 3.988581e-01 8.772566e-01 2.149131e-01 -8.801697e-01 7.944890e-01 -4.629821e-03 
1.715736e+01 -1.514329e+01 5.125687e+00 6.310261e+00 -2.009282e+01 -1.111632e+01 -3.430372e+00 8.251884e+00 -2.589345e+00 1.305504e+01 -9.689856e+00 4.623498e+00 9.884769e-01 2.426668e-01 1.822245e-01 -8.745993e-01 5.549130e-01 8.260944e-01 -1.610040e+00 5.916912e-01 8.222553e-01 -2.506391e-01 3.206200e-01 -1.032186e+00 7.039117e-01 -2.075100e-02 
1.664163e+01 -1.484415e+01 6.331788e+00 4.145564e+00 -1.620436e+01 -1.436480e+01 -5.702571e+00 1.097081e+01 -5.193801e+00 1.408808e+01 -1.241469e+01 6.324310e+00 9.689579e-01 4.761434e-01 9.311286e-01 -4.348950e-01 8.402280e-01 9.724630e-01 -1.620258e+00 -1.384183e+00 2.015370e+00 -5.430935e-01 -4.485644e-01 -2.751477e-01 5.549113e-01 -4.669319e-02 
1.780764e+01 -1.297915e+01 5.414829e+00 5.456903e+00 -1.556567e+01 -1.637264e+01 -6.144891e+00 1.224059e+01 -5.116196e+00 1.317290e+01 -1.023443e+01 6.981018e+00 8.978866e-01 5.944625e-02 2.638891e+00 -2.628725e-01 8.320427e-02 2.056282e+00 -9.617302e-01 -2.023060e+00 1.559368e+00 7.280508e-01 -3.427385e+00 1.287028e+00 9.031971e-01 -8.904757e-02 
1.827066e+01 -1.056473e+01 4.745516e+00 7.005139e+00 -1.542203e+01 -1.836532e+01 -9.693087e+00 1.612554e+01 -4.316301e+00 1.053711e+01 -7.976763e+00 6.101619e+00 8.118292e-01 -3.139326e-01 4.253323e+00 -7.610884e-02 1.225057e+00 2.439414e+00 7.568201e-01 -1.308270e+00 9.957056e-01 2.319622e+00 -6.765109e+00 1.889199e+00 -4.017150e-01 -1.458208e-01 
1.664008e+01 -4.088543e+00 4.604460e+00 5.296494e+00 -1.020257e+01 -1.392471e+01 -1.155041e+01 1.347136e+01 6.121593e-01 -2.306400e+00 -5.473677e+00 9.250830e+00 6.218034e-01 -9.577526e-01 5.439836e+00 6.696798e-01 1.943835e+00 3.016352e+00 1.547654e+00 -2.551582e-01 -1.936061e+00 2.106780e+00 -5.606629e+00 3.690088e+00 -3.206406e-01 -2.162771e-01 
1.565575e+01 1.977161e+00 6.356428e+00 1.035105e+01 -6.688843e+00 -1.180467e+01 -9.541162e+00 1.533395e+01 3.540133e+00 -1.199781e+01 -5.349072e+00 3.180830e+00 3.778954e-01 -2.131082e+00 5.483932e+00 3.382552e-01 5.855485e-01 2.517987e+00 2.348956e+00 2.624915e+00 -4.324344e+00 1.510012e+00 -2.106567e+00 5.167998e+00 2.014690e+00 -2.503581e-01 
1.432633e+01 7.949082e+00 7.957771e+00 1.350312e+01 -4.850503e+00 -1.191470e+01 -7.496644e+00 2.956075e+00 1.489485e+00 -3.592788e+00 6.902164e+00 6.838210e+00 3.346813e-02 -2.734441e+00 4.724392e+00 1.042068e-01 -7.680545e-01 1.712404e+00 2.790757e+00 3.422323e+00 -5.324704e+00 5.537356e-01 2.894897e+00 4.599288e+00 8.257680e-01 -2.069881e-01 
8.772120e+00 1.083612e+01 4.760136e+00 5.829567e+00 -5.508134e+00 -7.625545e+00 1.404604e+00 -2.385392e-01 2.795094e+00 6.474671e-01 1.167531e+01 1.738138e+01 -1.457938e-01 -3.023778e+00 2.745320e+00 -4.622802e-01 -1.760013e+00 1.612499e+00 4.285742e+00 2.747051e+00 -4.993560e+00 -4.221249e-01 4.091354e+00 1.996644e+00 7.391824e-01 -1.243137e-01 
6.409684e+00 1.510394e+01 5.923640e+00 3.716964e+00 -2.230905e+00 -2.060491e+00 8.831978e-02 -5.365917e+00 3.753356e+00 5.845447e+00 9.010571e+00 6.279395e+00 -1.512927e-01 -2.211735e+00 -9.001304e-01 -3.040579e+00 -8.160501e-01 2.982113e+00 5.162030e+00 2.452123e+00 -1.065170e+00 -6.851969e-02 1.536141e+00 -1.234478e+00 -1.089188e+00 -3.750205e-02 
4.495180e+00 1.212634e+01 5.062093e+00 6.444065e+00 6.385184e-02 4.696936e+00 4.016089e-01 -5.472854e+00 2.975726e-01 3.739843e+00 3.579947e+00 7.156149e+00 -1.512927e-01 -7.377720e-02 -5.274339e+00 -4.688807e+00 2.908270e-01 1.653460e+00 3.004518e+00 -1.664270e+00 1.710619e-01 4.214357e-01 -6.007290e-01 -1.827370e+00 -3.743112e+00 5.768373e-02 
5.406125e+00 2.803323e+00 -7.396101e+00 9.115623e+00 7.274070e+00 7.734209e+00 5.265470e+00 2.473826e-01 2.395647e+00 2.541731e+00 4.777454e+00 6.504886e+00 -1.512927e-01 2.702025e-01 -6.401726e+00 -4.540929e+00 -8.630469e-02 8.276224e-01 1.144061e+00 -2.746302e+00 1.161397e+00 -2.497323e-01 -8.406650e-01 -9.550314e-02 -3.651402e+00 1.177934e-01 
8.905014e+00 -9.385265e+00 -1.202403e+01 4.584373e+00 -1.993323e+00 2.499696e+00 -9.505320e+00 -2.189879e+00 5.581127e+00 -7.043198e-01 4.655015e+00 -1.446927e+00 1.426249e-01 -1.502090e+00 -4.172316e+00 -3.829881e-01 -2.090795e+00 1.337117e-01 -1.744548e+00 -2.274791e+00 -2.634296e-01 -4.093894e-01 -3.094847e-01 1.316773e+00 -3.777384e+00 1.731218e-01 
5.555779e+00 -6.148891e+00 -8.237944e+00 4.215286e+00 2.935795e+00 4.758434e+00 -8.689726e+00 -1.200418e+00 -1.370829e-01 3.864203e+00 7.995521e+00 -7.676075e+00 2.907156e-01 -4.072647e+00 -1.492999e+00 3.424718e+00 -2.727404e+00 1.279921e-01 -2.551634e+00 -2.134036e+00 -1.177814e+00 -3.270594e-01 4.551358e-01 -2.232354e-01 -3.034222e+00 1.765654e-01 
-3.090099e+00 -4.259137e+00 3.568074e+00 -1.559744e+00 2.901548e+00 -2.537918e+00 -3.994750e+00 -6.066101e+00 -4.830094e-01 1.531184e+00 8.554775e+00 -4.640289e+00 4.933119e-01 -5.665841e+00 1.933703e-01 3.346625e+00 -2.768934e+00 1.885256e+00 -2.360922e+00 1.030661e+00 -6.459093e-03 -2.234002e-01 -3.009304e-01 -8.427047e-01 -3.661698e-01 1.266684e-01 
-8.959555e+00 -7.224736e+00 1.931441e+00 -1.449337e+00 5.466595e+00 -2.505156e+00 -8.159996e+00 -3.703577e+00 3.792419e+00 3.699658e+00 1.711396e+00 -7.069545e+00 5.561908e-01 -4.203058e+00 -4.844771e-02 1.480304e+00 -3.255548e+00 7.550991e-01 -1.281770e+00 5.849408e-01 1.361062e+00 8.660904e-01 -1.734925e+00 -1.616457e+00 7.571176e-01 9.546958e-02 
-1.216652e+01 -7.880491e+00 -3.755959e-01 -6.427984e+00 6.167555e+00 -5.673122e+00 -4.616881e+00 -9.705958e-01 2.499376e+00 -2.126699e+00 3.583554e+00 -3.581041e+00 6.432294e-01 -1.827632e+00 7.293902e-02 -1.727397e+00 -3.505351e+00 -6.859629e-01 -6.794510e-01 -1.119730e+00 2.308692e+00 -1.137867e-01 -1.704508e+00 -1.120821e+00 3.206146e-01 5.639946e-02 
-1.092130e+01 -4.580452e+00 1.135413e+00 -9.628336e+00 5.078287e+00 -8.281565e-02 -5.453957e+00 3.057137e+00 2.702176e+00 -2.981478e+00 2.398848e+00 -4.420112e+00 6.931047e-01 -2.987284e-01 6.588113e-01 -1.429972e+00 -3.126180e+00 -2.039106e+00 -6.864491e-01 -1.584122e+00 8.522264e-01 -1.278249e+00 -2.994580e+00 3.178883e-02 1.177155e-01 3.434350e-02 
-1.124739e+01 -5.216583e+00 -4.670897e+00 -1.499700e+01 -3.341129e-01 -7.146343e+00 -1.094642e+01 2.097004e+00 -5.068214e-01 -3.650788e+00 2.606945e+00 -4.361933e+00 7.068523e-01 3.348259e-01 9.571085e-01 -5.884327e-01 -7.681234e-01 -1.627891e+00 5.470705e-01 -1.410507e+00 3.388641e-01 -3.013370e-01 -1.095091e+00 -3.890888e-01 -8.637726e-01 5.213618e-03 
-1.091277e+01 -5.262633e+00 -3.070770e+00 -1.279573e+01 -1.478100e+00 -5.200791e+00 -1.291584e+01 -9.762440e-01 -1.095725e+00 -1.051120e+01 2.358645e+00 -6.090522e+00 6.960969e-01 -9.093933e-02 9.450420e-01 2.652099e-02 1.267608e+00 4.148437e-01 7.431192e-01 8.627412e-01 1.005719e+00 4.508690e-01 -2.841653e-01 -8.972529e-01 -5.952338e-01 -1.084992e-02 
-1.049666e+01 -2.753858e+00 -1.214669e+00 -8.684904e+00 1.306296e+00 -3.787818e-01 -7.938473e+00 2.740415e+00 2.891641e+00 -3.837291e+00 1.658211e+00 -7.064699e+00 6.678014e-01 6.778107e-02 1.247844e+00 1.197780e+00 2.151761e+00 2.115001e+00 1.020239e+00 1.770104e+00 1.984024e+00 1.665242e+00 1.598888e+00 -2.417051e-01 -1.358694e-01 -1.123148e-02 
-1.175136e+01 -1.086605e+00 -4.600967e-01 -6.446345e+00 6.332301e+00 2.489998e-01 -2.644224e+00 7.764026e+00 3.257290e+00 -4.309053e+00 -1.613050e+00 -6.044898e+00 6.583806e-01 5.218582e-02 1.191137e+00 9.746403e-01 4.453928e-01 1.373661e+00 -5.264724e-01 8.344177e-01 3.651558e-01 9.491282e-01 2.995903e+00 1.553326e+00 -7.176793e-01 -3.285170e-03 
-1.048919e+01 -1.065377e+00 1.266623e-02 -7.412886e+00 6.335692e+00 -4.770042e+00 -7.231709e+00 7.646989e+00 5.642881e+00 1.242581e+00 3.384266e+00 -5.064092e+00 6.695530e-01 1.622234e-01 4.857226e-01 3.991542e-01 -9.618071e-01 -9.397596e-01 -2.319019e+00 -2.660778e-01 -4.611189e-01 -3.348296e-01 1.348453e+00 3.377484e+00 6.457435e-01 -3.679883e-03 
-1.065557e+01 -1.511865e-01 1.188764e+00 -1.120477e+01 2.875506e+00 -5.637523e+00 -9.097134e+00 -1.603752e+00 2.274296e+00 1.928376e+00 9.262245e+00 -1.067922e+01 6.787952e-01 5.738872e-01 -6.101429e-01 7.071812e-01 -6.424025e-01 -1.292172e+00 -8.244284e-01 -1.471676e+00 -1.843185e+00 -2.428959e-01 6.594080e-01 3.259271e+00 1.495858e+00 -1.143630e-02 
-1.023344e+01 -7.929540e-01 -4.332781e-02 -1.111473e+01 -1.664105e+00 -9.030615e+00 -6.042408e+00 5.118710e+00 1.708990e+00 -2.137426e-01 1.310798e+01 -1.518819e+00 6.391947e-01 8.836685e-01 -1.471047e+00 1.175600e-01 -3.979063e-01 -1.382151e+00 2.289638e-01 -1.591894e-01 -4.096877e-01 -1.563173e+00 -6.392154e-01 4.621541e-01 6.336195e-01 -2.708033e-02 
-9.009796e+00 -4.273530e+00 3.103806e+00 -7.807437e+00 3.871340e+00 -1.742856e+00 -1.059726e+01 -1.877618e-01 4.009756e+00 -2.838511e-01 9.821445e+00 -3.382436e-01 6.163783e-01 1.824420e+00 -1.972452e+00 -2.611666e-01 6.042871e-01 -2.387230e-01 6.292289e-01 7.279345e-01 2.539676e-01 -1.405243e+00 -1.813343e+00 -1.621826e+00 4.913994e-01 -4.549120e-02 
-6.893732e+00 -6.359437e+00 -3.570548e-01 -1.110109e+01 -1.072978e+00 -5.572557e+00 -7.277594e+00 4.890556e+00 -3.040716e+00 -8.473818e-01 5.415437e+00 -7.066483e+00 5.653598e-01 2.057961e+00 -1.976723e+00 -1.080298e+00 7.188740e-02 -7.346486e-01 -1.803867e-01 2.276410e-01 -1.416865e+00 -1.064592e-01 -7.682973e-01 -2.738374e+00 -1.327180e+00 -6.119514e-02 
-3.203329e+00 -7.230204e+00 3.979468e-02 -8.190159e+00 1.386328e+00 -4.220407e+00 -4.839867e+00 -2.198372e-01 -2.377068e+00 -6.821522e+00 4.999391e+00 -5.448393e+00 4.882566e-01 2.469069e+00 -1.039874e+00 -9.146429e-01 1.524327e-01 -2.150876e+00 -1.748962e+00 -9.177256e-02 2.573318e-01 1.110861e+00 1.521364e-01 -1.394612e+00 -3.844514e-01 -7.745229e-02 
-2.846865e+00 -9.198235e+00 -3.912814e+00 -1.056393e+01 -4.094841e+00 -8.693773e+00 -7.782897e+00 -1.949575e+00 4.370106e+00 -7.863938e-01 1.827142e+00 -5.599642e+00 3.972798e-01 2.503203e+00 -3.085284e-01 2.424860e-01 1.672622e-01 -1.571780e+00 -6.882668e-01 -9.274591e-01 -2.307901e-01 2.539839e+00 7.587663e-01 -2.724606e-01 4.674743e-01 -8.051512e-02 
1.312114e+00 -8.053505e+00 3.084710e-01 -7.313853e+00 -5.372109e+00 -8.927059e+00 -1.080347e+01 4.518962e+00 5.858649e+00 4.463367e-01 4.642531e+00 -2.993921e+00 3.131569e-01 2.048861e+00 -1.895020e-01 1.798047e-01 -9.066334e-02 -1.332136e+00 -5.330486e-02 -1.333510e+00 4.088806e-01 1.566357e+00 9.777567e-01 -1.121408e+00 6.804624e-01 -8.502712e-02 
3.364563e+00 -7.490429e+00 7.210371e-01 -1.070293e+01 -5.552658e+00 -6.660565e+00 -8.933088e+00 1.367206e+00 5.540620e+00 -6.874799e-01 4.231564e+00 -5.956347e+00 2.503341e-01 2.092165e+00 3.807277e-01 6.742403e-01 1.344938e+00 2.205194e-01 1.939019e+00 -4.700422e-02 5.242084e-01 5.121910e-01 -5.171472e-01 -1.375760e+00 5.332739e-01 -8.757520e-02 
3.935264e+00 -9.031616e+00 -1.378108e+00 -8.573975e+00 -4.545442e+00 -5.503536e+00 -1.093232e+01 1.661754e-01 4.869460e+00 -1.982196e+00 -1.809860e+00 -1.867728e+00 1.365939e-01 1.354178e+00 1.500508e-01 -6.989040e-01 2.493496e+00 7.124106e-01 2.122949e+00 9.835989e-01 -3.092438e-01 7.348271e-02 -1.539449e+00 -2.433016e+00 -1.208987e-02 -7.557374e-02 
6.302383e+00 -6.805540e+00 3.016768e-01 -3.209175e+00 -3.405578e+00 -7.104380e-01 -7.953492e+00 2.847861e+00 7.425655e+00 -2.157863e+00 -1.825462e+00 -3.496369e+00 4.768533e-02 1.463389e+00 2.536282e-01 -9.095626e-01 3.158559e+00 -3.709622e-01 1.017132e+00 2.034408e+00 -1.524855e+00 -1.066446e+00 -1.586788e+00 -2.372859e+00 -1.129189e-01 -5.402110e-02 
6.614093e+00 -7.645695e+00 -2.976369e+00 1.406751e+00 -2.883596e+00 -1.287377e+00 -6.375272e+00 2.232416e+00 5.283545e+00 -6.515716e+00 -4.494039e+00 -4.284359e+00 3.661257e-02 1.637721e+00 8.961094e-01 -5.164537e-01 2.931411e+00 -3.522507e-01 4.196602e-01 2.724411e+00 -2.362880e+00 -1.630771e+00 -1.139906e+00 -8.465015e-01 -1.154226e+00 -2.727530e-02 
9.342092e+00 -6.915249e+00 -3.027645e+00 9.950471e-02 -8.238392e+00 -3.682986e+00 -1.039574e+00 -7.290190e+00 1.345634e-03 -6.354661e+00 -6.290643e+00 -5.312626e+00 3.021926e-02 1.823675e-01 2.758378e+00 -1.002220e+00 1.990991e+00 1.107539e+00 6.324592e-01 2.307574e+00 -2.402227e+00 -1.528404e+00 5.673591e-01 7.430727e-01 1.358806e+00 -4.256182e-02 
1.060401e+01 -4.496215e+00 -2.295715e+00 4.428742e+00 -3.890288e+00 -1.918961e+00 -7.672281e-01 -6.579197e+00 4.277614e-01 -5.583324e+00 -3.809777e+00 -6.730731e+00 8.950412e-03 -1.272886e+00 3.526112e+00 -6.701984e-01 9.306914e-01 2.082074e+00 2.583951e+00 2.675777e+00 4.999829e-03 2.060107e-01 2.522839e+00 1.466851e+00 2.089608e+00 -5.573224e-02 
5.219260e+00 5.411608e+00 -5.049748e+00 5.234782e+00 2.635461e+00 2.767650e+00 7.803564e-01 -4.757468e+00 2.211529e+00 2.127366e-01 1.547771e+00 4.520848e+00 -1.512927e-01 -2.494920e+00 3.224220e+00 -5.964538e-01 1.363932e-01 2.812207e+00 3.270242e+00 2.804658e+00 6.633328e-01 -1.069622e-01 1.166267e+00 -2.926964e-01 2.119291e-01 -5.232670e-02 
2.311080e+00 3.821436e+00 -5.316310e+00 3.492569e+00 2.089846e+00 8.407062e+00 6.093649e+00 9.910541e-01 5.208507e+00 2.814779e+00 -1.078991e+00 1.246944e+00 -1.512927e-01 -2.086659e+00 2.009542e+00 -3.437119e-01 -1.053704e+00 1.404233e+00 2.622661e+00 2.911939e+00 -9.167280e-02 -9.573408e-01 -5.552233e-01 -2.167540e+00 -5.146970e-01 -3.204862e-02 
1.013956e+00 5.047024e+00 -4.499618e+00 1.249557e+00 2.832575e+00 7.505214e+00 9.553281e+00 -7.758652e+00 -2.923838e+00 -4.722375e+00 -9.119518e+00 -8.241819e+00 -1.512927e-01 -9.543157e-01 -8.246396e-02 2.670193e-01 -7.628121e-01 -2.331419e-01 2.531322e-01 1.416916e+00 -6.537867e-01 -6.027951e-01 -1.211597e+00 -1.563384e+00 -1.073340e+00 0.000000e+00 
2.273373e+00 5.733789e+00 -4.289340e+00 1.152835e+00 3.032321e+00 8.825562e+00 9.406007e+00 -5.536969e+00 -1.791260e+00 -5.891886e+00 -9.313832e+00 -2.922883e+00 -1.512927e-01 -2.869894e-01 -3.730576e-02 7.159002e-01 1.729449e-01 -7.637747e-01 -8.315392e-01 -1.941240e-01 -1.080512e+00 -3.455738e-01 -1.644660e-01 4.465324e-01 1.709195e+00 0.000000e+00 
4.665356e-01 4.043111e+00 -4.228137e+00 2.590588e+00 9.985143e-01 3.824060e+00 6.208757e+00 -4.762390e+00 2.697436e+00 -1.491918e+00 -2.151727e+00 1.239061e+00 -1.512927e-01 -1.131994e-01 -1.203298e-01 9.144279e-01 3.646447e-01 -6.903996e-01 -5.028681e-01 -1.086374e+00 8.130358e-01 4.913528e-02 7.998346e-01 1.196743e+00 2.732270e+00 0.000000e+00 
1.149843e+00 4.136864e+00 -1.872549e+00 3.686778e+00 -8.119969e-01 6.089943e+00 6.795290e+00 -5.909636e+00 6.700002e-01 3.772202e-01 -2.330225e+00 5.052481e+00 -1.512927e-01 -3.637770e-01 -2.088952e-03 2.970966e-01 1.936919e-01 -3.897577e-01 2.246583e-01 5.211419e-03 1.409748e-01 -8.923433e-01 2.827770e-01 1.113326e+00 5.745095e-01 0.000000e+00 
1.009724e+00 5.243837e+00 -1.135873e+00 1.805809e+00 1.302736e+00 6.358684e+00 5.426770e+00 -3.507139e+00 -3.908792e+00 -3.857755e+00 -6.627604e+00 1.431848e+00 -1.512927e-01 1.207462e-01 9.478869e-02 -4.309845e-03 -2.315232e-01 -2.242523e-02 8.396515e-01 5.306727e-01 2.618145e-01 -1.139372e+00 1.233624e-01 7.760732e-01 -4.093920e-01 0.000000e+00 
1.828938e-01 5.122981e+00 -4.349989e+00 2.513684e+00 9.314213e-01 8.681542e+00 9.823057e+00 -5.459721e+00 -2.949862e+00 -3.295082e+00 -1.509264e+00 -1.467286e-01 -1.512927e-01 -5.417023e-02 2.131929e-01 1.233619e-01 3.240514e-01 6.707337e-01 4.781619e-01 1.157014e+00 9.105505e-01 3.245210e-01 1.142851e+00 1.973017e+00 -6.413368e-01 0.000000e+00 
1.553741e+00 4.023996e+00 -3.010966e+00 2.019519e+00 1.467904e-02 6.726518e+00 7.348238e+00 -3.678275e+00 -1.189490e+00 9.610453e-01 1.318159e+00 1.791706e+00 -1.512927e-01 -4.829598e-03 5.956386e-01 5.332549e-01 7.932789e-01 2.728010e-01 -2.795756e-01 7.632066e-01 -2.896026e-01 8.647655e-01 8.049618e-01 1.775219e+00 -1.581969e-01 0.000000e+00 
6.069832e-01 5.812749e+00 -3.181928e-01 5.200180e+00 3.185700e+00 8.296835e+00 1.161963e+01 -1.271316e+00 9.329543e-01 3.682073e+00 3.561976e+00 1.665868e+00 -1.512927e-01 -2.844450e-01 2.545167e-01 6.567351e-01 3.214709e-01 -1.341715e-02 -5.070435e-01 -9.093117e-01 -6.838098e-01 2.806709e-01 -7.179647e-01 3.178979e-01 3.745996e-01 0.000000e+00 
7.735310e-01 7.877146e+00 -4.854964e-01 4.428956e+00 1.539601e+00 5.153159e+00 8.344519e+00 -7.049355e+00 -1.526373e+00 -3.321523e+00 -2.871273e-01 -2.654344e-01 -1.512927e-01 -3.021978e-01 3.099442e-01 -1.152438e-01 -3.006315e-02 -4.166690e-01 -1.768428e-01 -1.214359e+00 -1.001674e+00 -1.231711e+00 -2.242034e+00 -1.838603e+00 -4.124056e-01 0.000000e+00 
-8.492260e-01 4.468989e+00 -2.329048e+00 2.916320e+00 1.018745e-01 6.933004e+00 4.778358e+00 -7.193230e+00 -1.378066e+00 -4.743621e+00 8.828689e-01 2.754839e+00 -1.512927e-01 1.653128e-01 -4.289990e-01 -9.229918e-01 -1.409153e+00 -5.260623e-01 -2.504916e-01 -1.770934e+00 -8.313531e-01 -3.147612e-02 -1.792195e+00 -2.685677e+00 -7.196800e-01 0.000000e+00 
7.708569e-01 6.245597e+00 -2.581757e+00 3.011133e+00 -5.267532e-01 6.524220e+00 4.697075e+00 -5.725688e+00 -6.192535e+00 -6.036280e+00 -6.535302e+00 -8.148081e-01 -1.512927e-01 3.280814e-01 -2.522548e-01 1.830456e-01 -5.963354e-01 2.379348e-01 5.317565e-01 -8.858381e-02 1.420832e+00 1.893256e+00 1.006088e+00 -1.083349e+00 -3.360746e-01 0.000000e+00 
1.434884e+00 4.483529e+00 -3.885021e+00 -1.136672e+00 1.588566e+00 6.358848e+00 4.588680e+00 -6.089914e+00 3.108655e+00 -3.921525e+00 -6.742321e+00 -1.657846e+00 -1.512927e-01 -3.422089e-02 -5.509281e-03 7.469770e-01 3.378905e-01 2.425366e-01 -1.050958e-01 1.134514e+00 2.279687e+00 2.095621e+00 1.767936e+00 1.272581e+00 4.429755e-01 0.000000e+00 
1.271883e+00 6.608603e+00 1.207718e+00 3.473775e+00 1.985930e+00 8.099020e+00 7.996439e+00 -4.968500e-01 5.696546e+00 1.297869e+00 -1.891279e+00 2.605351e-01 -1.512927e-01 -2.795300e-01 -2.109689e-01 8.565750e-02 9.214647e-01 7.596116e-01 -7.775413e-01 3.758543e-01 1.112950e+00 3.208034e-01 8.534430e-01 1.608559e+00 1.200477e+00 0.000000e+00 
-1.270844e+00 4.259940e+00 -4.889008e-01 4.374452e+00 5.821580e-02 5.620125e+00 8.801245e+00 1.590786e+00 3.155498e+00 4.289858e-01 4.923764e+00 4.432045e+00 -1.512927e-01 -1.144329e-01 1.986658e-01 1.245079e-01 1.189511e+00 7.188042e-02 -5.048311e-01 2.046031e-01 7.629515e-01 -1.859263e+00 -3.089728e-01 1.105960e+00 1.392400e+00 0.000000e+00 
7.260704e-01 5.302547e+00 -3.851530e+00 4.862895e+00 4.036480e+00 3.005874e+00 4.470064e+00 -4.001290e+00 -4.611939e+00 -3.944320e+00 -4.325551e+00 2.142631e+00 -1.512927e-01 -3.395185e-01 -6.880825e-01 -5.116702e-01 1.218270e-01 1.181321e-01 3.165101e-01 -1.572745e-01 -8.697535e-01 -9.406497e-01 -6.548500e-01 -1.994162e-01 3.043337e-01 0.000000e+00 
1.135626e+00 6.129886e+00 -7.328577e-01 4.116322e+00 9.226928e-01 6.381265e+00 7.374883e+00 -5.229368e-01 -1.033419e+00 -2.845294e+00 4.612029e-03 4.363107e+00 -1.512927e-01 -2.630764e-01 -4.258727e-01 -2.422059e-01 1.427336e-01 6.793564e-01 1.835485e+00 1.905748e-01 -1.670952e+00 6.787893e-01 1.107963e+00 -2.720276e-01 -1.030863e-01 0.000000e+00 
-1.628944e+00 2.233217e+00 -1.228655e+00 4.211975e+00 2.144352e+00 9.301001e+00 7.923247e+00 -3.788756e+00 3.087755e+00 -3.392410e-01 -4.287842e-01 1.816673e+00 -1.512927e-01 -6.540640e-01 -8.449995e-01 3.156242e-01 5.154762e-01 2.325285e-01 1.889286e+00 1.647349e-01 -1.434329e+00 1.168772e+00 1.874924e+00 1.363106e+00 2.128166e-01 0.000000e+00 
-1.408718e+00 3.665242e+00 -3.011368e+00 5.413580e+00 4.401062e+00 1.164999e+01 8.027527e+00 -6.870243e+00 2.699597e+00 4.166260e+00 1.615243e+00 4.079593e+00 -1.512927e-01 -4.458540e-01 -7.563375e-01 -7.080916e-02 7.930322e-01 6.390077e-01 7.390296e-01 -7.770764e-01 -1.916322e+00 -2.924681e-01 1.180339e+00 5.473551e-01 -4.974739e-02 0.000000e+00 
-1.272078e+00 2.309871e+00 -1.134154e+00 6.791646e+00 3.459938e+00 9.817942e+00 4.967417e+00 -7.999283e+00 -6.345883e-01 1.924521e+00 1.684664e+00 3.348471e+00 -1.512927e-01 8.503743e-02 -1.202063e-01 2.066216e-01 6.537410e-01 1.690049e-01 -7.981615e-02 -8.971771e-01 -9.550095e-01 -1.077887e+00 2.285786e-01 4.296316e-01 2.332474e-01 0.000000e+00 
