-4.941292e+00 3.860566e+00 1.753976e+00 -1.226671e+00 -2.803741e+00 6.127067e+00 1.769717e+00 -1.760137e+00 4.697283e+00 4.620831e+00 7.822363e+00 -1.593359e+00 -1.311148e-01 -2.875140e-01 -3.081345e-01 -3.657874e-01 2.089690e-01 1.555507e-01 -3.156771e-01 -5.184725e-01 8.754900e-01 -5.776250e-01 3.609052e-01 1.088623e+00 2.376031e+00 -3.626895e-03 
-5.990113e+00 3.962711e+00 3.360681e+00 -2.861695e+00 -4.698273e+00 6.090260e+00 1.411732e+00 1.221473e+00 3.254993e+00 6.446103e+00 1.339812e+01 4.511319e+00 -1.468691e-01 -4.366969e-01 -7.899169e-01 -5.016282e-01 6.623827e-01 1.137235e+00 -8.087177e-01 -1.056643e+00 8.736070e-01 -7.945184e-02 6.934968e-01 1.098782e+00 2.069050e+00 -4.523051e-03 
-5.854451e+00 2.268821e+00 -8.783131e-01 6.356860e-01 -1.078721e+00 4.567084e+00 -6.436535e-01 1.126508e+00 2.530303e+00 5.512722e+00 1.047760e+01 7.234455e+00 -1.413722e-01 -2.373543e-01 -9.484272e-01 -7.537109e-01 5.908548e-01 6.670944e-01 -8.298286e-01 -1.399254e+00 4.947237e-02 2.222484e-01 -1.988645e-01 -2.238173e-01 1.732530e+00 -4.208803e-03 
-6.668197e+00 7.068542e-01 5.619802e-01 1.154064e+00 2.019925e+00 2.863469e+00 -2.306811e+00 1.164575e+00 5.383513e+00 7.642371e+00 1.198866e+01 4.337985e+00 -1.486014e-01 -3.467922e-01 -7.430857e-01 -5.315651e-01 2.759193e-01 6.447797e-01 -8.100213e-02 -5.107023e-01 -5.855141e-01 1.046672e+00 8.433691e-01 -6.226702e-02 6.028668e-01 2.343452e-03 
-5.789021e+00 7.463582e-01 -6.152277e-01 -2.802768e-01 -2.827367e+00 3.591319e+00 -3.367283e+00 -1.484326e+00 4.744265e+00 3.028375e+00 7.408007e+00 7.155960e+00 -1.512927e-01 -1.722843e-01 -3.143341e-01 3.352709e-01 2.336553e-01 -1.929662e-01 3.845471e-01 7.770018e-02 -6.748545e-01 -3.829678e-01 4.244811e-01 1.024685e-01 1.032805e+00 2.533519e-03 
-7.756789e+00 1.008514e+00 5.713129e-01 -1.024117e+00 -6.000507e-01 6.173132e+00 2.200354e-01 -4.006798e-01 7.381371e+00 1.190512e+01 1.462158e+01 7.564901e+00 -1.301916e-01 3.309824e-01 3.361737e-01 4.568183e-01 -6.652822e-02 -9.433317e-03 3.565469e-01 3.476945e-01 6.142243e-01 -1.508972e+00 -7.876306e-01 -9.912183e-01 4.271711e-01 4.619360e-03 
-6.171576e+00 5.463204e-01 7.933751e-01 2.893053e+00 -7.335639e-01 4.834988e+00 -1.518576e+00 -1.465137e+00 -3.834645e-01 5.503751e+00 9.673485e+00 1.078502e+01 -1.379095e-01 5.485476e-01 7.380281e-01 -9.617043e-03 -2.600576e-02 3.188575e-01 -1.868102e-01 -6.256201e-01 1.948363e+00 -1.015294e+00 -4.791661e-01 -1.102154e+00 -7.891238e-01 1.182375e-02 
-4.822007e+00 2.487741e+00 2.141770e+00 -7.652419e-01 9.258567e-01 4.024369e+00 -1.492692e+00 4.226102e+00 4.025176e-01 2.466530e+00 5.899825e+00 4.659311e+00 -1.321962e-01 4.211052e-01 4.430169e-01 6.211853e-02 1.005510e-01 -9.699253e-02 -6.892024e-01 -1.375848e+00 1.292946e+00 -1.063578e-01 -1.615720e+00 -2.276132e+00 -1.542994e+00 1.495361e-03 
-4.513675e+00 3.696885e+00 -1.448542e+00 -5.397431e-01 -1.996033e+00 3.731649e+00 -5.639019e+00 5.944098e+00 3.157223e+00 5.351840e+00 6.258116e+00 4.663136e+00 -9.117162e-02 -7.318115e-03 3.913759e-01 4.130845e-01 -8.917626e-01 2.225016e-01 -5.981169e-01 -2.388647e-01 9.714014e-01 1.171556e+00 -4.595032e-01 -9.588115e-01 -9.635204e-01 -4.065382e-03 
-6.480214e+00 1.648316e+00 2.002864e+00 1.195036e+00 -4.537786e-01 3.278789e+00 -4.598981e+00 2.359430e+00 5.079238e+00 3.902478e+00 4.948602e+00 2.910872e+00 -1.460837e-01 -5.628242e-02 3.185613e-02 7.162331e-01 4.495870e-01 7.011630e-01 1.204285e-01 8.226736e-01 -1.505550e+00 -9.804767e-02 -5.451043e-01 -7.200074e-01 -1.429991e-01 -9.831404e-03 
-5.379064e+00 2.922913e+00 2.928251e+00 -2.545899e+00 1.068762e+00 2.217194e+00 -1.159755e+00 4.325206e+00 3.135957e+00 2.488261e+00 5.355038e+00 6.841637e+00 -1.512927e-01 4.786822e-01 3.576166e-01 9.807205e-01 5.241668e-01 1.003120e+00 9.691186e-01 1.955140e+00 -1.713041e+00 -6.679922e-01 -1.485509e+00 -1.261853e+00 4.676406e-02 -9.485936e-03 
-4.670725e+00 3.034008e+00 3.534539e+00 2.485771e+00 2.899274e+00 5.383739e+00 3.810436e-01 -2.492200e+00 -7.708785e-02 1.172798e+00 2.751327e+00 2.855064e+00 -1.512927e-01 6.845778e-01 6.158537e-01 1.664572e-01 7.273695e-01 3.708244e-01 1.201906e+00 2.095546e+00 7.412014e-02 -2.235741e-01 5.918206e-01 -4.648591e-01 -3.401550e-01 1.288402e-03 
-3.025008e+00 4.792122e+00 2.689224e+00 1.435723e+00 1.343042e+00 7.524767e+00 1.646667e+00 -1.952914e-01 2.395425e+00 -7.108630e-01 1.047488e+00 4.924860e+00 -1.359968e-01 1.527293e-01 1.593613e-01 -1.824404e-01 6.868531e-01 -1.023165e+00 7.682724e-01 8.785718e-01 1.043264e+00 4.599085e-01 8.866741e-01 7.231665e-03 -1.409706e+00 7.102919e-03 
-4.234353e+00 3.792980e+00 2.954664e+00 2.841073e+00 1.263203e+00 6.634531e+00 4.475536e+00 4.990280e+00 4.331633e+00 8.461143e+00 4.778081e+00 2.168486e+00 -1.472896e-01 -4.708625e-01 -1.664407e-01 -3.243393e-01 -2.534348e-01 -1.355410e+00 -4.284967e-01 1.545238e-01 1.994991e+00 6.910078e-01 2.242702e+00 1.666509e+00 8.594036e-02 1.358815e-02 
-4.833603e+00 3.340233e+00 2.305987e+00 7.107154e-01 -3.229028e+00 5.433159e+00 1.185858e+00 5.800287e+00 3.231139e+00 3.277459e+00 4.377819e+00 1.363990e-01 -1.177796e-01 1.544857e-01 -8.484667e-01 -8.462445e-01 -7.323028e-01 -1.305157e+00 -1.879238e+00 -2.573422e-01 5.901818e-01 -1.197034e+00 6.440707e-01 8.659283e-01 -5.653269e-02 2.423740e-03 
-6.120740e+00 2.927749e+00 2.104461e+00 1.581101e+00 -1.591739e+00 4.287060e+00 1.384067e+00 4.484966e+00 2.960094e+00 1.039215e+01 9.418707e+00 5.678997e+00 -9.246051e-02 1.122965e+00 -1.114676e+00 -1.885553e+00 -1.547722e+00 -1.677305e+00 -2.748243e+00 -1.410477e+00 -1.216050e+00 -2.623388e+00 -3.005442e+00 -7.422162e-01 4.263772e-01 -1.123714e-03 
-1.309386e+00 9.824041e-01 -1.116898e+00 -1.595805e+00 -3.755271e+00 -6.976852e-01 1.905690e+00 3.008274e+00 -2.903976e+00 1.543988e+00 3.056818e+00 2.886940e+00 -1.512927e-01 1.057381e+00 -3.569634e-01 -7.899246e-01 -2.111393e+00 3.698730e-01 -1.894183e+00 -1.292924e+00 -1.653005e+00 -1.699253e+00 -2.823218e+00 -4.004617e-01 7.360527e-01 2.899027e-03 
-3.816357e-01 -6.014870e-01 -4.761659e+00 -3.744278e+00 -6.860198e+00 -4.041260e+00 -2.936768e+00 3.060347e-01 -5.717751e+00 -5.699333e+00 1.727501e+00 2.925101e+00 -1.361517e-01 7.978123e-01 7.125769e-01 -1.299883e-01 -6.796397e-01 1.036975e+00 -5.012401e-02 -2.161699e+00 -7.563590e-01 -4.395283e-01 -2.656017e+00 -2.012818e+00 -7.579518e-01 8.222580e-03 
-2.416249e+00 3.320034e+00 1.789424e+00 -7.183559e+00 1.254567e+00 1.264029e-01 -3.118346e+00 -3.752731e-01 -9.262048e-01 -2.792888e+00 6.221113e+00 5.193610e+00 -8.143890e-02 -9.612818e-01 7.321956e-01 1.490706e+00 5.132944e-01 1.214801e+00 4.672427e-01 -3.673835e-01 -1.452499e-01 1.952064e+00 5.252317e-01 -5.088362e-01 -4.835912e-01 4.310425e-02 
-1.578247e+00 5.321818e+00 1.359224e-03 9.767798e-01 1.088219e+00 3.624396e+00 -6.912410e+00 2.394945e+00 -2.264332e-01 -7.195001e-01 -2.227532e+00 7.359027e-01 -8.627450e-02 -2.353280e+00 4.512691e-01 1.496786e+00 9.064325e-01 6.530401e-01 -9.979568e-01 1.504106e+00 -5.492441e-02 2.292991e+00 1.642129e-01 -2.388606e-01 -5.127825e-01 1.162974e-01 
-5.517489e+00 1.681729e+00 3.955124e+00 -1.389862e+00 -1.655476e+00 -2.194300e+00 2.056594e+00 1.237569e+00 4.110684e+00 1.680230e+00 2.490153e+00 1.563584e+00 3.929001e-02 -3.401889e+00 -4.383332e-01 -8.440304e-01 8.131613e-01 -6.920537e-01 -1.243239e+00 2.679522e+00 -4.032315e-01 1.606354e+00 -1.285360e+00 2.151809e-02 -1.328578e-01 1.728191e-01 
-1.059741e+01 2.474011e+00 1.639424e+00 -2.108964e+00 -2.139977e+00 -7.870692e+00 1.996290e+00 -7.750085e-01 3.228762e+00 -7.114828e+00 2.398678e+00 2.176202e+00 3.849710e-01 -3.218421e+00 -2.946462e-01 -2.558213e+00 3.704611e-01 -1.283036e-01 -4.654915e-01 1.582691e+00 -1.355599e+00 4.350732e-01 -6.816928e-01 1.698014e+00 6.796320e-01 1.905239e-01 
-1.491611e+01 2.552272e+00 -3.249760e+00 -1.574881e+00 -5.916036e-01 -3.422475e-01 5.824913e+00 -8.064541e-01 5.377966e+00 -6.022026e+00 4.015598e+00 3.809172e+00 5.470339e-01 -2.385941e+00 -3.280284e-01 -3.547262e+00 1.247009e+00 -7.806300e-01 1.319981e+00 -1.051311e+00 -1.042899e+00 -1.668915e+00 5.449711e-01 7.159731e-01 -2.129945e-01 1.482441e-01 
-1.297104e+01 3.413316e+00 -9.187266e+00 2.921595e+00 -8.523470e-02 3.709121e-01 -8.831147e-01 -3.361037e+00 1.315292e+00 -2.768361e-01 5.499813e+00 3.011269e+00 6.124732e-01 -1.480816e+00 -9.109933e-01 -2.540366e+00 1.698040e+00 -5.719005e-01 1.709997e+00 -1.405706e+00 6.284471e-02 -1.643599e+00 1.995857e+00 4.720200e-01 -3.324299e-01 7.619727e-02 
-1.626038e+01 -4.280657e-01 -8.367842e+00 2.329905e+00 -6.585997e+00 2.848055e-01 -1.760259e+00 -2.683913e+00 -3.277156e+00 9.860898e-01 4.519451e+00 8.107758e-02 6.667591e-01 -7.626419e-01 -8.619782e-01 -1.255233e+00 1.133777e+00 -6.882541e-01 7.401905e-01 -1.478376e+00 8.469514e-01 -1.759414e+00 4.481467e-01 2.650224e-01 3.080763e-01 4.316304e-02 
-1.732936e+01 -5.907872e-01 -8.503366e+00 4.428843e+00 -2.002283e+00 3.657687e-01 -1.239653e+00 4.779443e-01 -6.616712e-01 -6.396018e-01 4.506851e+00 2.378099e+00 7.060947e-01 -8.380619e-01 -7.983266e-01 -8.662062e-01 1.207654e-01 -1.855087e-03 8.515816e-01 2.620934e-01 1.464285e+00 -1.429038e-02 -4.717529e-01 -2.572341e-01 5.379063e-01 2.588623e-02 
-1.655016e+01 2.444326e-01 -9.867874e+00 3.340378e+00 -3.074350e+00 3.361277e+00 -1.388699e+00 1.508812e+00 -2.430623e+00 -3.599909e+00 5.837191e+00 5.666138e+00 7.160383e-01 -1.264673e-01 1.930158e-01 -7.710100e-01 -8.245225e-02 3.355658e-02 7.964908e-01 9.078749e-01 2.414000e-01 -5.444287e-02 -6.911539e-02 -9.016669e-01 4.950914e-01 2.027317e-02 
-1.701646e+01 -9.145656e-01 -1.276828e+01 3.020185e+00 -1.850334e+00 3.090585e+00 2.415725e-01 1.864024e+00 8.205734e-01 -3.426012e-01 3.554772e+00 2.908270e+00 7.172648e-01 -1.948324e-01 4.157310e-01 -5.214472e-02 -3.014410e-01 -5.666436e-01 1.169188e+00 2.013684e+00 -3.537320e-01 -6.028961e-01 1.049034e+00 -1.211199e+00 -1.577893e-01 1.905808e-02 
-1.704917e+01 6.989024e-01 -1.009043e+01 2.621973e+00 -6.494189e+00 2.904851e+00 2.038504e+00 -2.169952e+00 -4.290493e+00 4.920126e-01 4.871559e-01 2.291450e+00 7.625400e-01 6.890253e-01 5.801486e-01 -5.828284e-01 -2.008275e+00 -1.000358e+00 7.622633e-02 1.853749e+00 -6.645823e-01 -4.192003e-01 7.430183e-01 -2.203250e+00 -1.665811e+00 2.111186e-02 
-1.805402e+01 1.260633e+00 -8.652809e+00 3.280840e+00 -3.125582e+00 6.439920e+00 7.115167e+00 5.486663e-01 -2.746217e+00 2.559606e+00 1.125875e+00 3.276497e+00 7.781343e-01 2.459878e+00 1.823133e-01 -8.198455e-01 -3.544915e+00 -1.305197e+00 -6.306254e-01 7.200503e-01 -3.807573e-01 2.211667e-02 1.763649e-01 -8.304101e-01 -4.717907e-01 1.711390e-02 
-1.258626e+01 2.057576e+00 -1.483975e+01 -6.831321e+00 -7.438516e+00 2.067740e+00 4.443249e+00 -1.156420e+00 -2.743229e+00 -1.335921e+00 -3.964612e+00 -2.847030e+00 7.911628e-01 3.193204e+00 -4.928663e-02 5.035278e-01 -2.902667e+00 -2.948130e-01 -1.157778e+00 -1.133844e+00 4.784095e-01 1.011076e+00 -1.854320e-01 -3.305875e-01 -5.690920e-01 -2.357575e-02 
-6.948524e+00 -6.823360e-01 -1.449285e+01 -9.977742e+00 -7.904156e+00 3.560133e-01 2.639452e+00 -5.465287e-01 1.575252e-01 1.453190e+00 1.628605e+00 3.118556e+00 7.885228e-01 5.188100e+00 2.973485e-02 2.455397e+00 -7.755140e-01 -1.001603e+00 -4.024132e+00 -3.481923e+00 -1.769886e+00 -3.541422e-03 -9.082496e-03 -1.043880e+00 -2.031602e+00 -4.537175e-02 
-6.635892e+00 1.423954e+00 -4.652775e+00 -5.262070e+00 -5.578967e+00 1.579156e-01 -1.392857e+00 7.696925e-01 -6.869831e-01 1.180607e-01 -1.417147e+00 -4.750401e-01 6.394670e-01 4.817431e+00 -1.404185e+00 3.777485e+00 1.558786e+00 -6.420402e-02 -5.048064e+00 -2.334542e+00 -1.569564e+00 3.901459e-01 1.948301e+00 -7.856582e-01 -1.616597e+00 -5.920333e-03 
4.911301e+00 1.726118e+00 -1.469314e+00 -1.381355e+00 -9.063370e+00 -1.272583e+01 -7.376395e+00 -9.263822e+00 -3.792047e+00 1.787203e+00 -5.367259e+00 -8.067510e+00 6.271235e-01 3.744443e+00 -2.424276e+00 1.928902e+00 6.551397e-01 2.976656e-01 -5.185148e+00 -7.143175e-01 -2.414161e-01 7.443494e-01 2.552416e+00 -1.213467e+00 -2.539590e+00 4.975899e-02 
5.570988e+00 -6.167578e+00 -2.464096e+00 -3.335587e+00 -7.179929e+00 -1.663166e+01 -2.221539e+00 -4.645595e+00 1.182286e+00 8.238577e+00 -4.394970e+00 -5.336984e+00 8.422608e-01 3.063424e+00 -4.127366e+00 -5.397143e-01 -1.316727e+00 7.051977e-01 -4.081657e+00 1.697949e+00 1.177169e+00 1.238357e+00 2.086878e+00 -6.746715e-01 -1.846576e+00 9.327561e-02 
5.670251e+00 -9.007949e+00 -5.942680e+00 -7.665285e+00 -5.615347e+00 -1.717494e+01 -5.177951e-01 9.540343e-01 2.944637e+00 1.015501e+01 -2.949820e+00 -7.148423e+00 9.359209e-01 9.464782e-01 -4.329974e+00 -1.284300e+00 -2.370281e+00 1.922673e+00 -6.201004e-01 3.391911e+00 3.138172e+00 1.130522e+00 4.523869e-01 -6.992846e-01 -1.045049e+00 8.549385e-02 
8.301754e+00 -1.384584e+01 -5.114664e+00 -8.703740e+00 -3.776990e+00 -1.802581e+01 3.667588e+00 1.546607e+00 2.136459e+00 6.368545e+00 -5.999224e+00 -1.016747e+01 9.514464e-01 1.048155e+00 -2.457170e+00 -1.284756e+00 -2.270239e+00 2.104251e+00 1.876805e+00 1.237853e+00 2.911671e+00 -5.782682e-01 -2.281212e+00 -9.406473e-01 -1.442550e+00 3.360199e-02 
8.278309e+00 -1.608462e+01 -6.565531e+00 -1.054868e+01 -1.151477e+00 -1.512925e+01 6.638597e+00 3.330937e+00 1.383477e+00 4.984153e+00 -8.061554e+00 -1.087751e+01 1.000000e+00 9.874572e-01 -9.918154e-01 -6.407751e-01 -1.945226e+00 2.017364e+00 3.061289e+00 5.978005e-02 1.550459e+00 -6.852999e-02 -3.603589e+00 -7.540528e-01 -6.442868e-01 8.870279e-03 
9.507731e+00 -1.491509e+01 -8.576451e+00 -1.324508e+01 1.109392e+00 -8.270476e+00 3.895302e-01 8.724310e+00 -9.284745e-01 -5.820557e-01 -6.542340e+00 -1.068519e+01 9.782313e-01 4.805932e-01 5.320983e-01 -3.518701e-01 -1.950178e+00 1.383723e+00 3.378307e+00 -8.981529e-01 7.748331e-01 3.570539e-01 -2.472678e+00 -4.434892e-01 1.613578e-01 -1.404023e-03 
1.000455e+01 -1.343240e+01 -7.415662e+00 -1.512074e+01 2.028284e+00 -6.746165e+00 1.420134e+00 5.117478e+00 4.134454e+00 -4.387633e+00 -6.448526e+00 -1.011100e+01 9.668798e-01 3.289156e-01 1.032116e+00 3.675795e-01 -1.366195e+00 1.107318e-01 2.420047e+00 -9.051838e-01 -4.547440e-01 3.651345e-01 -8.610337e-01 -3.262855e-01 -1.783341e-01 -1.276808e-02 
9.841600e+00 -1.251146e+01 -6.448949e+00 -1.616860e+01 1.551747e+00 -5.325821e+00 1.786055e+00 4.527502e+00 2.546240e+00 -1.308952e+00 -9.023184e+00 -9.743936e+00 9.609863e-01 2.201389e-01 9.440544e-01 9.064360e-01 -7.348050e-01 -6.115810e-01 3.259571e-01 1.163447e+00 -2.135741e+00 4.001651e-02 1.498573e+00 -5.892428e-01 -5.451186e-01 -1.591179e-02 
9.755953e+00 -1.212586e+01 -5.791385e+00 -1.591790e+01 -8.189955e-01 -4.501342e+00 1.414416e+00 3.155621e+00 1.471792e+00 1.042433e+00 -8.452560e+00 -1.223981e+01 9.447821e-01 7.128389e-01 8.928958e-01 1.000228e+00 5.103483e-02 -9.360828e-01 -2.229854e-01 1.545323e+00 -2.074815e+00 -1.322712e+00 3.019712e+00 5.468237e-01 -1.011435e-01 -3.231512e-02 
1.073272e+01 -1.084809e+01 -4.856410e+00 -1.652053e+01 -5.248737e-01 -7.763103e+00 6.209625e+00 -9.734675e-01 6.029389e-01 4.195776e+00 -8.486536e+00 -1.234637e+01 9.097212e-01 9.906471e-01 1.089250e+00 1.343386e+00 1.066621e+00 -4.494747e-01 -1.422205e-01 3.855293e-01 -2.601615e+00 -1.622037e+00 2.437921e+00 2.547851e+00 7.329227e-01 -6.780390e-02 
1.312318e+01 -9.799605e+00 -3.210791e+00 -1.468960e+01 -1.613820e+00 -6.642451e+00 6.934966e+00 -2.506114e+00 -1.507455e+00 7.958565e+00 -3.982731e+00 -9.315494e+00 8.309368e-01 5.815621e-01 1.293058e+00 1.978913e+00 2.426871e+00 1.015216e+00 1.196623e-01 -1.653539e+00 -3.135288e+00 -1.911752e+00 1.693312e+00 3.985310e+00 2.247510e+00 -1.003540e-01 
1.311122e+01 -8.228339e+00 -1.022315e+00 -1.144964e+01 -2.982143e-01 -4.966369e+00 9.534266e-01 -5.649707e+00 -4.074321e+00 7.422587e+00 1.481154e+00 -7.541481e+00 6.788895e-01 5.424664e-02 6.067542e-01 1.937205e+00 3.451025e+00 1.058465e+00 1.075409e+00 -3.591177e+00 -2.610342e+00 -1.686044e+00 7.154559e-01 4.151948e+00 2.585779e+00 -9.870460e-02 
1.147451e+01 -6.970441e+00 2.186133e+00 -6.318990e+00 4.143753e+00 -5.301397e+00 -4.225182e+00 -1.018270e+01 -5.748337e+00 7.895589e+00 6.490145e+00 -3.404708e+00 5.584278e-01 -5.035494e-02 -1.812559e-01 7.801004e-01 3.134104e+00 3.534000e-01 8.903800e-01 -3.101546e+00 -2.078260e+00 -4.670926e-01 -3.237679e-01 2.723820e+00 1.493135e+00 -5.930153e-02 
1.182829e+01 -9.228906e+00 2.131153e+00 -3.450715e+00 1.888667e+00 -3.056583e+00 -6.166187e+00 -1.018688e+01 -5.706840e+00 7.804544e+00 7.036767e+00 -2.372869e+00 5.524527e-01 3.346162e-01 -6.358039e-01 -8.736409e-01 1.823772e+00 -7.141305e-01 -2.687030e-01 -6.625077e-01 -6.804536e-01 1.024993e+00 -3.344783e-01 7.885281e-01 -1.002835e-01 2.860475e-03 
1.351287e+01 -1.020560e+01 -8.870227e-01 -3.018544e+00 -9.402609e-01 -3.145444e+00 -5.012958e+00 -1.062882e+01 -3.026659e+00 6.148747e+00 6.858563e+00 -4.434126e+00 5.976475e-01 7.724980e-01 -4.528474e-01 -2.619145e+00 5.011241e-01 -1.650903e+00 -1.629829e+00 1.341791e+00 1.316630e+00 1.979152e+00 -1.547419e-01 -1.159372e+00 -2.103912e+00 5.010879e-02 
1.376512e+01 -9.789779e+00 -3.853942e+00 -3.981003e+00 -1.326860e+00 -7.387860e+00 -1.965224e+00 -8.828912e+00 -3.101961e-01 6.623617e+00 5.239586e+00 -7.528190e+00 6.735820e-01 4.079937e-01 3.089916e-01 -2.474940e+00 -7.175422e-01 -4.278473e-01 -2.315685e+00 1.532188e+00 2.885710e+00 2.916313e+00 -1.125111e+00 -2.449137e+00 -2.376708e+00 5.679228e-02 
1.436859e+01 -8.954242e+00 -7.917047e+00 -3.548225e+00 -2.502996e+00 -1.128490e+01 3.832909e-01 -4.278534e+00 1.449102e+00 7.712343e+00 1.591878e+00 -1.134661e+01 7.484071e-01 -2.532753e-01 5.381480e-01 -9.324636e-01 -1.672311e+00 6.924702e-01 -7.805960e-01 9.449469e-01 3.837487e+00 2.884744e+00 -2.747241e+00 -3.614651e+00 -1.372814e+00 3.666944e-02 
1.344040e+01 -8.309628e+00 -6.728536e+00 -6.773585e+00 5.307981e-01 -1.056528e+01 -1.203371e+00 1.066519e+00 6.636846e+00 1.397188e+00 -2.575578e+00 -1.080017e+01 7.610343e-01 -4.880807e-01 5.726687e-01 6.793714e-01 -1.567844e+00 7.519608e-01 1.820473e+00 -6.360395e-02 3.961557e+00 1.977403e+00 -3.643691e+00 -4.621527e+00 3.636320e-01 1.867259e-03 
1.240886e+01 -8.254937e+00 -4.112044e+00 -9.983809e+00 1.593261e+00 -5.459715e+00 -6.691500e-01 3.610898e+00 7.923539e+00 -4.974244e+00 -7.307110e+00 -9.662208e+00 7.372686e-01 -5.257598e-01 9.473130e-01 2.144382e+00 -8.798774e-01 -2.280264e-01 3.631261e+00 -1.503122e-01 2.567851e+00 -1.438546e-03 -2.736855e+00 -4.330680e+00 1.701853e+00 -3.335600e-02 
1.230459e+01 -7.276088e+00 -2.359586e+00 -8.602430e+00 3.848154e-01 -1.198089e+00 -1.757023e+00 7.034156e+00 6.339602e+00 -5.251547e+00 -1.341855e+01 -6.552230e+00 6.884875e-01 4.062831e-03 1.378168e+00 2.571193e+00 5.220577e-01 -1.676022e+00 3.271454e+00 6.390654e-01 3.554101e-01 -1.593648e+00 -1.203940e+00 -2.921533e+00 1.604627e+00 -5.172654e-02 
1.230770e+01 -4.734447e+00 6.203861e-01 -7.033190e+00 -3.570137e+00 2.187810e+00 -9.144408e-02 5.576900e+00 1.590531e+00 -2.647562e+00 -1.464003e+01 -4.961311e+00 6.179005e-01 6.041507e-01 2.131208e+00 2.127611e+00 2.062205e+00 -1.592019e+00 1.836151e+00 8.476696e-01 -1.549097e+00 -1.734125e+00 -5.203690e-01 -1.588991e+00 1.379208e+00 -5.959549e-02 
1.351130e+01 -3.179030e+00 3.761213e+00 -5.638606e+00 -5.267612e+00 1.968229e+00 1.703103e+00 1.860568e+00 1.835111e+00 -5.785852e+00 -1.351678e+01 -5.127483e+00 5.620856e-01 1.166367e+00 3.060674e+00 9.790802e-01 3.893389e+00 3.921023e-01 -2.744220e-01 1.691127e-02 -3.354742e+00 -2.164362e+00 -1.457720e+00 6.319973e-01 1.997560e+00 -5.310797e-02 
1.482626e+01 3.525753e-01 3.465612e+00 -1.154695e+00 -3.540621e+00 2.137883e+00 1.839135e+00 -1.547795e+00 1.505160e+00 -7.308936e+00 -1.520295e+01 -3.478540e+00 5.024921e-01 1.161502e+00 3.030486e+00 -1.358063e-01 4.936412e+00 2.350916e+00 -2.161482e+00 -6.501526e-01 -2.347860e+00 -2.826499e+00 -1.956289e+00 1.543669e+00 2.010037e+00 -3.637342e-02 
1.687714e+01 5.483773e+00 1.113201e+00 7.925266e+00 2.330569e+00 -2.545235e+00 -2.637756e+00 -6.177206e+00 -4.439521e+00 -1.020946e+01 -9.977108e+00 2.694183e+00 4.806519e-01 4.252277e-01 2.164740e+00 -3.402773e-01 5.198312e+00 3.074061e+00 -2.792402e+00 -2.144096e-01 -1.231748e+00 -3.367141e+00 -1.390745e+00 1.384266e+00 2.171586e+00 -2.321960e-02 
1.643228e+01 6.086581e+00 1.265360e+00 1.086693e+01 4.385355e+00 -6.362868e+00 -1.171778e+00 -2.143512e+00 -9.404648e+00 -1.021721e+01 -8.691528e+00 1.178040e+00 4.767503e-01 -3.864872e-01 5.677935e-01 6.851991e-01 4.094884e+00 2.309051e+00 -2.017153e+00 7.059641e-01 -7.426379e-01 -2.672877e+00 -4.290690e-01 7.120029e-01 8.422476e-01 -1.610957e-02 
1.483442e+01 4.777669e+00 3.159953e+00 1.434214e+01 6.139704e+00 -7.743402e+00 2.136512e+00 -4.000314e+00 -9.545691e+00 -1.128544e+01 -9.851164e+00 3.402155e+00 4.588585e-01 -1.099632e+00 -6.800405e-01 1.833341e+00 2.284512e+00 6.931577e-01 6.601401e-02 1.522400e+00 -2.405849e-02 -1.352586e+00 5.298200e-01 -1.270287e+00 -4.828706e-01 -2.375813e-02 
1.391518e+01 3.544595e+00 5.868233e+00 1.611129e+01 6.100066e+00 -5.348798e+00 2.981821e+00 -6.349431e+00 -9.306141e+00 -8.916289e+00 -1.170591e+01 3.787113e-01 4.328409e-01 -1.508774e+00 -2.082564e-01 2.417414e+00 8.859501e-01 4.507810e-01 1.221039e+00 1.272822e+00 -3.237738e-02 -7.135051e-01 2.243546e-01 -8.877486e-01 -3.213619e-01 -4.002675e-02 
1.263754e+01 3.354564e+00 7.978472e+00 1.672565e+01 4.939002e+00 -2.722200e+00 2.897447e+00 -4.194539e+00 -1.125170e+01 -8.210815e+00 -1.482135e+01 6.794943e-01 3.838159e-01 -1.315796e+00 7.776643e-01 1.872733e+00 2.801277e-01 -3.123765e-02 1.662858e+00 1.597842e-02 1.405576e+00 -2.814045e-02 -7.746201e-01 5.736046e-02 2.191648e-01 -5.734310e-02 
9.986853e+00 5.756852e+00 1.094317e+01 1.410493e+01 7.239610e+00 -2.768274e+00 4.811863e+00 -2.208286e+00 -1.211917e+01 -1.063274e+01 -1.064518e+01 9.325607e-01 3.141378e-01 -1.396755e+00 1.504200e+00 1.408971e+00 1.338276e-01 4.277883e-01 1.822618e+00 -1.012741e+00 2.109296e+00 8.289345e-01 -1.747025e+00 4.436401e-01 3.834511e-01 -6.995527e-02 
1.021961e+01 7.559862e+00 9.986150e+00 1.674596e+01 5.413743e+00 -7.193761e-01 1.301383e+00 9.569948e-01 -8.279881e+00 -1.430031e+01 -1.009473e+01 4.221054e+00 2.314946e-01 -1.829791e+00 1.479137e+00 1.204541e+00 4.196115e-01 1.195908e+00 1.783293e+00 -1.492720e+00 1.015491e+00 1.619103e+00 -9.289634e-01 1.655496e+00 -4.047263e-02 -8.524951e-02 
8.140368e+00 8.962948e+00 1.190925e+01 1.677027e+01 8.001637e+00 2.762881e+00 -1.283851e+00 1.621283e+00 -6.647380e+00 -1.460666e+01 -1.185102e+01 5.251867e-01 1.592252e-01 -1.668282e+00 6.626655e-01 1.640393e-01 3.111351e-01 1.961117e+00 2.739003e+00 -1.664713e+00 2.571577e-01 2.154919e+00 1.117655e+00 1.716048e+00 -5.168322e-01 -7.894800e-02 
4.411821e+00 9.147202e+00 1.351814e+01 1.749104e+01 1.053753e+01 3.428687e+00 -1.518298e+00 -1.031868e+00 -5.892084e+00 -1.086867e+01 -5.940948e+00 6.808181e-01 3.502470e-02 -1.558881e+00 -8.820848e-02 -2.134046e-01 -8.871216e-01 1.615317e+00 2.212062e+00 -3.385864e-01 -1.660343e-01 2.081397e+00 1.960541e+00 6.619571e-01 -1.497211e+00 -6.567468e-02 
4.549336e+00 8.276509e+00 9.997374e+00 1.528807e+01 1.448330e+01 8.852711e+00 -2.101859e+00 7.193327e-02 -2.538468e+00 -6.760289e+00 -4.141825e+00 1.185179e-01 1.763278e-02 -1.258850e+00 -3.014904e-01 -7.586697e-01 -1.773422e+00 4.788619e-01 1.850492e+00 1.130908e+00 -4.602233e-01 1.853504e-01 1.027762e+00 5.316623e-01 -1.275329e+00 -5.443772e-02 
4.220717e+00 7.462039e+00 9.875065e+00 1.305145e+01 1.024950e+01 7.296020e+00 1.745468e-02 9.014983e-01 7.265019e-02 -8.420794e+00 -1.063954e+01 -3.061667e+00 -2.608263e-02 -1.223167e+00 -8.082539e-01 -1.452332e+00 -2.418172e+00 -1.550765e+00 7.675039e-01 1.669134e+00 7.781118e-01 3.912216e-01 6.673869e-01 -4.681187e-01 -1.147472e+00 -4.294952e-02 
1.941669e+00 8.298078e+00 9.937439e+00 1.012295e+01 1.053996e+01 1.008168e+01 3.602815e+00 -1.646516e+00 -8.702995e+00 -1.069179e+01 -6.843415e+00 -3.980216e+00 -8.240974e-02 -2.174717e+00 -1.493328e+00 -1.735439e+00 -2.833966e+00 -2.780802e+00 -1.027610e+00 3.782757e-01 -3.093910e-01 -5.426395e-02 1.228168e+00 1.278384e+00 3.217286e-02 -4.273117e-02 
-4.001808e-01 5.095149e+00 6.286448e+00 7.982736e+00 4.755374e+00 6.651723e+00 3.975038e+00 3.717916e+00 -8.537121e-01 -5.565986e+00 -6.930747e+00 -3.007176e+00 -1.297016e-01 -2.327298e+00 -1.711487e+00 -2.301348e+00 -3.079134e+00 -2.875087e+00 -9.276821e-01 -7.616950e-01 -5.570270e-01 2.384965e-01 2.087745e+00 3.645324e+00 1.899046e+00 -3.015385e-02 
-4.013800e+00 1.993313e+00 3.114487e+00 3.652594e+00 3.326351e+00 4.036809e+00 -2.189272e+00 -2.883231e+00 -2.346607e+00 -2.046852e+00 3.956966e-01 2.521369e-01 -1.442136e-01 -1.811853e+00 -1.112186e+00 -1.381714e+00 -1.679954e+00 -2.299992e+00 -1.499571e+00 -1.676153e+00 1.013832e+00 2.984368e+00 1.902452e+00 2.643605e+00 2.494441e+00 -1.251167e-02 
-4.438039e+00 2.056984e+00 1.779799e+00 8.909611e-01 -5.191319e-01 5.680043e+00 -8.949770e-01 -1.265280e+00 -1.913061e+00 -2.304541e+00 3.967523e+00 4.317388e+00 -1.459500e-01 -8.904716e-01 6.246448e-02 -8.875339e-02 -8.558426e-01 -1.145935e+00 -2.040055e-01 -3.687608e-01 9.989702e-01 1.607536e+00 5.005679e-01 1.452154e+00 1.583107e+00 -3.175461e-03 
-5.098665e+00 4.256227e+00 5.282193e+00 5.269070e+00 1.677254e+00 3.069663e+00 -2.342942e+00 5.914243e+00 6.748520e+00 -2.810256e+00 9.254742e-01 4.829709e+00 -1.368439e-01 -1.876014e-01 4.974128e-01 3.569805e-01 -1.927960e-01 -3.589001e-01 3.426310e-02 1.379017e+00 1.736505e+00 1.464773e+00 -1.570845e-01 -3.692660e-01 2.635725e-01 -1.133370e-03 
-4.310106e+00 4.276014e+00 4.758828e+00 2.895285e+00 -1.497518e-01 6.115269e+00 2.208069e+00 4.314030e+00 2.636405e+00 -2.681445e+00 6.513262e-02 2.619571e+00 -1.492637e-01 -2.282807e-01 4.092160e-01 2.720275e-01 1.885465e-01 -1.983343e-02 -1.649747e-01 8.783013e-01 6.926493e-01 1.475550e+00 4.568108e-01 3.691770e-01 -2.588793e-01 -2.959609e-04 
-5.015773e+00 3.370862e+00 3.409875e+00 1.686452e+00 1.347160e+00 3.990512e+00 3.154288e+00 3.009639e+00 2.702525e+00 -2.643822e+00 5.005617e-01 2.418908e+00 -1.482235e-01 -1.597447e-01 -1.136121e-01 -6.149834e-01 -2.081018e-01 2.441044e-01 -1.610123e-01 3.745709e-01 -1.160489e+00 -7.506106e-01 1.615774e+00 1.095096e+00 1.266872e-02 -6.382704e-04 
-5.620889e+00 4.545747e+00 4.076096e+00 3.625002e+00 -4.532521e-01 4.394745e+00 7.479141e-01 3.650269e+00 7.487687e+00 -1.037041e-01 6.025864e+00 4.228392e+00 -1.417400e-01 -4.742108e-02 9.130082e-02 -2.821195e-03 8.846402e-03 -1.033374e-01 -4.849451e-01 -3.112895e-01 -2.222125e-01 -1.053821e+00 8.550678e-01 7.437931e-01 -1.873299e-01 7.723439e-03 
-5.241998e+00 3.553301e+00 2.548642e+00 3.863702e+00 3.049526e+00 3.124863e+00 2.599894e-01 4.436766e-01 5.698258e-01 3.979744e+00 3.420589e+00 4.088642e+00 -1.437972e-01 -3.977823e-02 -6.781489e-01 -6.379505e-02 2.212923e-01 6.040141e-01 -1.033056e-01 -1.200332e+00 -1.678401e+00 -1.594380e+00 7.423437e-03 -4.034712e-01 -1.431059e+00 2.274191e-03 
-4.434099e+00 4.641299e+00 5.175338e+00 1.850892e+00 -1.517622e+00 4.123368e+00 2.098771e+00 4.485949e+00 -1.566348e+00 -1.717889e+00 2.324084e+00 8.480543e-01 -1.128597e-01 8.998451e-02 -3.202754e-01 -3.100297e-01 -3.128361e-01 -5.958591e-02 1.139096e-01 -3.920969e-01 -1.032416e+00 -1.153346e+00 -4.165526e-01 -2.123542e-02 -5.936974e-01 4.369772e-03 
-5.808059e+00 -6.765831e-02 2.541278e+00 3.679969e+00 4.899415e+00 3.609672e+00 -3.522800e+00 -5.800208e+00 -7.423586e-01 -1.799613e+00 3.340957e-01 -3.046220e+00 -1.512927e-01 9.515000e-03 8.582163e-02 -4.359049e-01 -4.605793e-01 -9.575657e-01 3.564631e-01 3.806670e-01 2.497932e-01 9.690148e-01 -7.323699e-02 1.058881e+00 8.397387e-01 3.605998e-03 
-4.887936e+00 4.754850e+00 2.529629e+00 2.152689e+00 -1.676126e+00 4.721889e+00 6.788240e-01 1.610129e+00 2.377049e+00 7.032114e-01 7.462934e+00 4.827335e+00 -1.161433e-01 -5.164922e-01 -3.469443e-02 -1.148395e+00 -6.229357e-01 -9.556933e-02 -1.923247e-01 9.441891e-02 5.537935e-01 1.127001e+00 1.826543e+00 1.567623e+00 1.903919e+00 -1.076341e-03 
-4.967505e+00 3.925633e+00 1.691972e+00 1.409907e+00 -1.659050e+00 4.607919e+00 2.873298e+00 3.130553e+00 3.443201e+00 2.403009e+00 6.145571e+00 6.297694e+00 -1.241254e-01 -2.874509e-01 4.878953e-01 -6.766261e-01 -1.217747e+00 -1.443336e+00 -8.038224e-01 4.198707e-01 1.416474e+00 4.271962e-01 1.026771e+00 5.555502e-01 1.519161e+00 4.050732e-05 
-7.436837e+00 2.471181e+00 -1.419821e-01 -1.287556e-01 1.283764e+00 2.662621e+00 -6.271834e-01 2.789536e+00 1.975875e+00 5.313513e+00 7.256464e+00 5.695690e+00 -1.318251e-01 -1.580182e-01 -7.953056e-01 -4.643211e-01 -7.243555e-01 4.033419e-01 -1.026208e+00 -1.124706e+00 -6.354607e-01 -7.823505e-01 -2.857315e-01 -8.210451e-01 -1.492060e-01 -7.521165e-03 
-5.970862e+00 3.513653e+00 4.939535e-01 -1.268046e+00 -3.797209e+00 6.201937e-01 -7.704426e-01 6.924562e-01 1.594209e+00 1.029089e+00 3.215081e+00 4.115408e+00 -1.432493e-01 1.457391e-01 -2.206021e-01 4.930941e-01 -2.751488e-01 -2.060507e-01 -8.530947e-01 -1.984589e+00 -1.321226e+00 -6.939465e-01 -1.115665e+00 -6.029519e-01 -6.536294e-01 -6.004536e-03 
-5.176348e+00 9.843128e-01 8.070332e-01 -1.301121e-01 1.409662e+00 1.584711e+00 -3.122837e+00 -3.481268e-01 -6.102077e-01 -3.848588e-02 4.822952e+00 5.172449e+00 -1.441872e-01 3.117567e-01 -2.816167e-01 2.439731e-01 1.822580e-01 -3.763229e-01 8.670238e-01 -8.138251e-01 -4.321553e-01 2.093783e-01 4.147589e-02 4.826453e-02 -3.641877e-01 -4.365289e-03 
-5.369054e+00 3.566057e+00 3.682935e+00 3.484142e-02 -2.752253e+00 8.814006e-01 -5.801823e+00 -1.906743e+00 1.266509e+00 -4.993156e-01 4.347567e+00 3.291168e+00 -1.479670e-01 -6.484461e-02 -2.218200e-01 2.639289e-01 1.566140e-01 2.614208e-01 1.192557e+00 -5.218425e-02 -2.171388e-01 -2.864539e-01 1.388952e+00 3.043554e-01 -5.465950e-01 -2.319229e-03 
-6.178958e+00 1.036896e+00 -5.166073e-01 1.310904e-01 -1.120328e+00 6.867136e+00 -2.180619e+00 1.928360e+00 3.186617e+00 6.285095e+00 6.931544e+00 4.286872e+00 -1.512927e-01 -5.970764e-01 -1.583251e-01 2.212940e-01 -3.373379e-01 3.966600e-01 1.066750e+00 7.770051e-01 4.191726e-02 2.361548e-01 1.043941e+00 -4.477343e-01 -3.556048e-01 -1.465940e-03 
-5.793780e+00 2.378261e+00 2.475418e+00 -6.155775e-01 -1.225109e+00 3.941767e+00 -1.502473e+00 -1.531481e+00 -1.736472e+00 4.812058e+00 3.682562e+00 1.825221e+00 -1.512927e-01 -5.520455e-01 -3.412475e-01 1.493492e-01 -1.146577e-01 1.202286e+00 -3.327317e-01 5.996972e-01 -5.091578e-01 1.454439e-01 -6.764567e-02 -1.948857e-01 2.772778e-01 -5.212784e-04 
-7.949367e+00 7.865855e-01 2.517262e+00 -1.491592e+00 2.629391e+00 5.388279e+00 -1.387486e+00 -3.261715e-01 2.072057e+00 2.525534e+00 2.916784e+00 4.127398e+00 -1.498541e-01 -3.580534e-01 1.502873e-01 7.296036e-01 1.172079e-01 7.618717e-01 -1.780453e+00 -3.735997e-01 -1.230104e+00 3.016266e-01 -1.425554e+00 -1.404094e-01 3.872916e-01 0.000000e+00 
-7.244077e+00 1.984975e+00 2.912747e+00 2.728940e-01 1.384317e+00 -4.282904e-02 -3.199903e+00 -3.325266e+00 2.551009e+00 1.042237e+00 5.380519e+00 4.757294e+00 -1.512927e-01 -2.195303e-01 4.118173e-02 1.270142e-01 3.541429e-01 3.973778e-01 -1.340030e+00 -5.207278e-01 -6.586666e-01 9.053914e-01 -9.022940e-01 5.859649e-01 6.494040e-01 -1.438618e-04 
