-9.649237e+00 2.974571e+00 2.726915e+00 3.480553e+00 -9.291134e-01 -4.760428e+00 3.573102e+00 -2.431583e+00 3.688576e+00 5.396107e+00 -2.499042e+00 7.113604e+00 1.284060e-01 -1.046738e-01 1.929983e-01 2.116081e-01 2.551546e-02 1.354661e+00 2.728906e-01 -6.619911e-02 1.246657e+00 1.604846e+00 6.729754e-01 -8.327004e-01 -3.494583e-01 -2.039075e-04 
-9.088896e+00 4.493659e+00 3.628142e+00 3.955130e+00 3.143888e+00 -3.080461e+00 3.713258e+00 8.899661e-01 6.300322e+00 6.458756e+00 -8.474431e-01 8.886061e+00 1.321297e-01 2.338486e-02 4.554779e-01 7.621322e-02 -1.862856e-01 7.758528e-01 3.034924e-01 4.401359e-01 1.351551e+00 9.006844e-01 1.994083e-01 -8.013278e-01 -9.633694e-02 1.779109e-03 
-1.045278e+01 3.180019e+00 3.334343e+00 3.370842e+00 3.807692e+00 -4.235959e+00 3.172029e+00 2.140929e+00 1.040693e+01 8.229659e+00 -7.488343e+00 4.480084e+00 1.255247e-01 -1.712835e-01 3.473289e-01 -1.057048e-01 -1.122214e+00 -7.171457e-01 4.092726e-01 1.314243e+00 1.054382e+00 -5.980016e-01 2.651808e-02 6.037396e-01 7.038015e-01 2.817780e-03 
-9.130543e+00 5.149237e+00 2.804268e+00 2.603981e+00 5.817480e-01 -3.505201e+00 5.974319e+00 2.039918e+00 4.832819e+00 4.976373e+00 -4.011031e+00 7.948679e+00 1.387423e-01 -2.780537e-01 -5.096505e-02 -6.623365e-01 -1.376477e+00 -1.909833e+00 -2.105108e-02 3.421798e-02 3.296979e-01 -1.321995e+00 -2.761765e-01 1.214489e+00 9.121176e-01 2.990371e-03 
-1.048483e+01 4.383427e+00 2.610328e+00 -1.454941e+00 -3.233772e+00 -2.501695e+00 9.013788e+00 2.265353e+00 1.432319e+00 6.269889e+00 2.101450e+00 1.110130e+01 1.391886e-01 2.330227e-01 1.808099e-01 2.017866e-01 -7.455613e-01 -6.539043e-01 -1.974121e-01 -7.029864e-01 3.623337e-01 -2.011391e+00 -7.447009e-02 1.489359e+00 1.441417e+00 -1.295114e-03 
-1.046314e+01 3.637130e+00 6.784670e-01 -5.143660e-01 -2.884546e+00 -4.052848e+00 9.634683e-01 2.476244e+00 4.177652e+00 6.057758e+00 4.301028e-01 1.013604e+01 1.402496e-01 2.798806e-01 -2.342592e-01 5.527053e-02 -1.332552e-01 4.514109e-01 -3.510275e-01 -1.333342e+00 -2.801431e-01 -9.801964e-01 -4.530413e-02 -3.432069e-02 -7.361887e-01 -3.258711e-03 
-8.621366e+00 4.840122e+00 5.406176e+00 1.202209e+00 2.271317e+00 -4.949196e+00 2.162522e+00 3.734435e+00 6.775626e-01 7.316616e+00 -2.262116e+00 1.059349e+01 1.182955e-01 -1.584341e-01 -5.027233e-01 8.780380e-01 7.567201e-01 1.345232e-01 1.485479e-02 -1.159308e+00 -2.400367e-01 -5.956294e-01 -2.340889e+00 1.864786e-01 -1.998626e+00 3.029425e-02 
-8.662872e+00 3.749593e+00 1.682697e+00 6.091297e-01 8.625841e-02 -4.036588e+00 2.733243e+00 -9.533817e-02 3.092151e-01 4.226489e+00 -2.000851e+00 4.521641e+00 1.328953e-01 -6.581475e-01 -6.814437e-01 1.795548e+00 1.132306e+00 -1.471269e+00 1.066841e+00 -1.700945e-02 -1.392909e+00 -1.488540e+00 -4.171196e+00 1.520911e+00 -2.081773e+00 8.889007e-02 
-1.217713e+01 1.813579e+00 6.498404e+00 1.766912e+00 -4.046558e+00 -2.435551e+00 2.332361e+00 2.350960e+00 3.883910e-01 -4.518921e+00 4.249320e+00 3.915372e+00 2.943370e-01 -5.813408e-02 -1.375343e+00 2.149619e+00 -4.583537e-01 -3.880657e+00 1.313796e+00 6.443807e-01 -1.184099e+00 3.056669e-03 -2.534081e+00 -1.888177e-01 -1.433753e+00 8.364091e-02 
-1.197599e+01 1.743183e+00 9.110094e+00 4.864811e+00 -7.081956e+00 2.453327e-02 7.935016e-01 -3.796565e+00 -3.120461e+00 -8.880451e+00 4.778942e+00 3.066235e+00 4.966791e-01 7.347100e-01 -1.143568e+00 2.873609e+00 -1.072412e+00 -4.220534e+00 5.706316e-01 9.203346e-01 -4.657786e-01 1.184568e+00 1.218295e-01 -2.706246e+00 -4.516083e-01 4.146966e-02 
-7.255477e+00 -1.033389e+00 1.244057e+01 -3.217401e+00 -1.354786e+01 -4.107749e-01 6.354297e+00 -3.354471e-01 2.407684e+00 1.199683e+00 -6.596101e+00 4.152427e+00 3.546081e-01 8.130912e-01 2.068119e-02 -4.861293e-01 -4.837542e-01 2.142143e-03 -5.826732e-01 7.436638e-02 -5.122596e-01 6.554868e-01 3.136461e+00 -3.537362e+00 1.442193e-01 -4.947291e-02 
-7.450150e+00 -5.447648e-01 1.307966e+01 -2.260776e+00 -1.626576e+01 -2.195818e+00 5.323949e+00 -1.081028e+00 5.222406e+00 1.976334e+00 -1.010937e+01 2.145072e+00 3.101081e-01 2.244069e-01 7.063311e-01 -2.111545e+00 4.007624e-01 3.367775e+00 -1.130555e+00 -1.049746e-01 1.015400e+00 3.056865e-01 3.587406e+00 -9.438019e-01 1.132111e+00 -9.687151e-02 
-1.037460e+01 3.060959e+00 2.082975e+00 2.910934e+00 5.560547e-01 -4.238741e+00 4.389696e-01 -1.568106e+00 -5.056092e-01 5.734991e+00 -5.993330e+00 5.097050e+00 1.402580e-01 -5.545686e-01 1.262161e+00 -2.456910e+00 1.568066e+00 5.254066e+00 -6.545483e-01 -1.378790e+00 1.142848e+00 -7.311087e-01 1.323024e+00 2.353734e+00 2.019742e+00 -6.422786e-02 
-9.294395e+00 3.227665e+00 3.731165e+00 3.804456e+00 2.704961e+00 -3.714258e+00 3.226292e+00 1.896762e+00 -1.353816e-01 6.788923e+00 -2.414522e-01 8.254480e+00 1.194966e-01 -3.977722e-01 1.462413e-01 -1.783393e+00 1.137337e+00 3.692041e+00 -6.459349e-01 -2.180439e+00 1.924351e+00 6.526321e-01 -2.492186e-01 3.370634e+00 1.897386e+00 -3.084151e-02 
-9.106197e+00 3.391202e+00 4.830264e+00 1.590315e+00 3.237106e+00 -2.924297e+00 5.091777e-01 3.889898e+00 1.431034e+00 5.408507e+00 2.386122e-01 1.119643e+01 1.287745e-01 3.145531e-01 -1.062734e-01 -1.514893e-01 -5.471540e-03 1.894245e-01 1.273889e+00 -7.822208e-02 7.224938e-01 1.578656e+00 -5.943754e-01 1.337589e+00 2.743981e-02 1.388097e-03 
-1.007321e+01 2.132010e-02 2.789048e+00 4.086221e+00 8.539156e-01 -6.082715e+00 -5.613348e+00 5.811724e+00 7.517245e+00 8.934826e-01 3.627826e+00 8.582308e+00 1.616423e-01 2.142277e-02 -5.334365e-03 -7.606689e-01 -2.464944e-01 -3.367698e-01 9.096109e-01 2.580018e-01 -1.019025e+00 1.573177e+00 7.146579e-01 7.286401e-02 -9.155930e-01 -1.675367e-03 
-8.412424e+00 4.132764e+00 1.796588e+00 2.742694e+00 2.428700e+00 3.314931e+00 4.467679e+00 8.688188e-02 3.561357e+00 5.710835e+00 -1.240023e+00 5.070335e+00 1.261257e-01 4.113007e-02 -8.338356e-03 -9.747387e-01 1.292703e-02 3.543328e-02 2.145709e-01 5.340586e-01 -2.207972e+00 6.008974e-01 1.947134e+00 -4.467989e-01 -1.001850e+00 -8.095741e-03 
-9.534168e+00 2.830212e+00 1.444659e+00 1.995794e+00 1.425315e+00 -2.285817e+00 2.537051e+00 -1.296853e+00 6.665340e+00 1.021105e+01 8.621855e-01 6.739565e+00 1.124442e-01 -4.406868e-01 3.087116e-01 -5.283763e-01 -7.154322e-01 -1.447554e-02 -1.586599e+00 7.339048e-01 -2.099170e+00 -1.081220e+00 8.933191e-01 -1.403365e+00 -4.233190e-01 -1.408023e-03 
-9.170069e+00 1.945064e+00 6.287649e-01 2.700163e+00 3.128573e+00 -3.749892e+00 -8.957286e-01 -3.595671e+00 4.861474e+00 1.048539e+01 -6.125622e-01 7.108558e+00 1.128948e-01 -5.197201e-01 -6.465580e-02 2.457836e-01 -7.496567e-01 -7.059847e-01 -2.351351e+00 -1.417812e-01 6.163114e-01 -8.407316e-01 -6.771244e-01 -2.908086e-01 -3.802176e-01 9.130877e-03 
-1.189782e+01 2.658728e+00 7.310777e-01 5.303258e-01 4.316015e-01 -1.048330e+01 7.378802e-01 -2.842849e+00 1.461089e+00 2.972799e+00 -3.702733e+00 5.446601e+00 1.612176e-01 1.672774e+00 -2.439342e+00 -8.184468e-01 -5.258451e-01 -1.357439e+00 1.534914e-01 2.408257e-02 3.476705e-01 -3.095768e-01 -4.046371e+00 -6.200725e-01 -2.001060e+00 9.770938e-02 
-9.829197e+00 3.895227e+00 3.382297e+00 -2.728552e-01 -6.043663e-01 -4.343081e+00 4.658358e+00 3.941437e+00 1.959825e+00 5.944337e+00 -4.116073e-01 3.815729e+00 1.473934e-01 3.597338e+00 -3.588432e+00 -1.210638e+00 5.674946e-02 -1.180751e+00 1.876736e+00 5.941721e-01 6.007239e-01 6.410015e-01 -5.130979e+00 -2.967110e-01 -3.285356e+00 1.971155e-01 
-8.407364e-01 -1.034158e+01 -4.024341e+00 8.530781e-01 -3.495412e+00 -1.221765e+00 -1.195798e-01 -3.327055e+00 6.568280e+00 -7.750277e+00 -2.338655e+00 -1.619322e+00 5.837418e-01 5.237722e+00 -3.896927e+00 -1.324559e+00 6.002585e-01 -1.267799e+00 2.408305e+00 -3.395909e-01 -9.349400e-01 1.480475e+00 -4.342696e+00 1.320756e-01 -3.455130e+00 2.385447e-01 
3.288080e+00 -9.496943e+00 -3.046715e+00 2.822535e+00 -8.116770e-01 1.003020e+00 2.503862e+00 -3.499483e-01 5.512885e+00 -9.807966e+00 -2.778156e+00 -5.785260e+00 8.872104e-01 4.266759e+00 -2.832036e+00 -1.132128e+00 4.100534e-01 -1.033386e+00 6.262391e-01 -1.026565e+00 -1.785080e+00 1.257334e+00 -3.342798e+00 -7.574825e-01 -2.296435e+00 2.104218e-01 
7.732146e+00 -1.012982e+01 -2.677211e+00 1.983923e+00 -5.803738e+00 -1.114826e+00 1.171737e-01 -5.371856e+00 7.086931e+00 -1.086453e+01 -1.859080e+00 -7.028553e+00 9.840325e-01 2.030738e+00 2.931561e-01 -1.405976e-01 7.619128e-02 -7.826637e-01 -5.737647e-01 -3.398690e-01 -5.962522e-01 4.499428e-01 -1.284814e-01 -5.079654e-01 -1.069044e+00 9.426924e-02 
7.218159e+00 -1.037083e+01 -2.951906e+00 1.211989e+00 -4.617130e+00 -1.265356e+00 -5.928459e-01 -3.961561e+00 7.987172e+00 -9.212528e+00 -4.438807e+00 -4.961830e+00 9.993571e-01 6.827551e-01 5.629703e-01 -1.998602e-01 -7.051634e-01 -8.464017e-01 -1.549954e+00 1.104455e-01 -4.461736e-01 -5.454492e-01 7.417539e-01 -3.927598e-01 -7.128862e-01 2.405614e-02 
7.347916e+00 -8.438856e+00 -4.774733e+00 2.039307e+00 -5.506003e+00 -2.956401e+00 -2.705708e-01 -4.502509e+00 7.580851e+00 -8.690403e+00 -4.048156e+00 -7.376256e+00 9.990147e-01 -8.455322e-02 1.039790e+00 -4.893165e-01 -8.798199e-01 -8.484936e-02 -3.261829e-01 -5.038044e-01 8.638089e-01 -1.456717e+00 9.970978e-01 -6.270591e-01 -4.407710e-01 3.195190e-03 
6.893970e+00 -7.527575e+00 -2.997255e+00 -7.309743e-01 -5.192553e+00 -5.825961e+00 3.249962e+00 -3.015490e+00 2.538679e+00 -7.186259e+00 -3.647417e+00 -9.175838e+00 1.000000e+00 1.858594e-01 8.933313e-01 -3.722108e-01 -6.521242e-01 -4.359590e-01 3.458373e-01 -1.053239e+00 5.536320e-01 -1.431357e+00 6.725262e-01 -6.835108e-02 -5.719526e-01 3.069639e-05 
7.471475e+00 -6.352499e+00 -5.101119e+00 -1.443694e+00 -5.940273e+00 -4.654377e-01 -4.323252e+00 -1.525847e+00 2.527592e+00 -6.892174e+00 -5.390070e+00 -7.125404e+00 9.996870e-01 2.162019e-01 5.407867e-01 -5.648360e-02 -2.427542e-01 -8.786852e-01 1.099719e+00 -1.619663e+00 5.591558e-01 -6.044807e-01 7.120166e-01 -1.499234e-01 3.263903e-02 -2.115220e-03 
8.085676e+00 -6.947354e+00 -4.649767e+00 -3.071313e-01 -6.579790e+00 -7.816508e-01 -3.832700e+00 -2.681732e+00 3.357016e+00 -6.749012e+00 -4.109605e+00 -7.947019e+00 9.991744e-01 2.558449e-01 1.812177e-01 -3.207088e-02 5.024900e-01 -1.223578e+00 1.151430e+00 -1.787491e+00 4.600519e-01 1.232879e-01 6.956004e-01 4.167932e-01 -1.644071e-01 -2.495885e-03 
7.833073e+00 -6.025033e+00 -4.230895e+00 6.136147e-01 -9.205811e+00 2.004147e-02 -4.827555e+00 -1.873609e+00 4.149279e+00 -5.348943e+00 -4.566679e+00 -7.827471e+00 9.888514e-01 1.650999e-01 -8.504296e-03 5.511053e-01 4.321569e-01 -9.391029e-01 3.100015e-01 -6.869138e-01 3.589700e-01 6.115479e-02 5.849141e-01 1.384380e+00 -1.065717e+00 -3.628594e-03 
7.992395e+00 -6.785220e+00 -3.592722e+00 7.528213e-01 -9.677675e+00 -3.115489e-01 -5.435341e+00 -5.413491e-01 2.344275e+00 -4.479872e+00 -1.975147e+00 -9.646841e+00 9.929384e-01 3.402640e-02 3.300112e-01 2.406723e-01 3.497975e-01 -7.769819e-01 8.609535e-01 -1.220949e+00 3.698882e-01 -9.143231e-02 6.282598e-01 1.546893e+00 -1.241540e+00 -4.036015e-03 
8.343615e+00 -6.476088e+00 -2.874116e+00 1.871142e-01 -9.086845e+00 8.495190e-01 -6.956501e+00 -8.011887e-01 3.339737e+00 -5.102173e+00 4.646020e-01 -1.160408e+01 9.846621e-01 1.715856e-02 2.665384e-01 2.302056e-01 6.567497e-02 -3.183164e-01 9.617910e-01 -1.125586e+00 -5.018572e-01 7.506385e-02 3.552446e-01 1.777660e+00 -1.534425e+00 -3.342628e-03 
8.000538e+00 -5.071771e+00 -4.124795e+00 1.655107e+00 -1.052418e+01 3.108378e+00 -8.872972e+00 -1.368501e+00 3.304626e+00 -3.731097e+00 1.109220e+00 -1.226642e+01 9.810890e-01 -5.084080e-02 4.147216e-01 2.088890e-01 1.081316e-01 1.666164e-03 6.669571e-01 -8.825235e-01 -9.002216e-01 5.443164e-01 4.191686e-01 1.354884e+00 -1.028201e+00 -3.807896e-03 
7.914794e+00 -5.549066e+00 -2.813830e+00 4.908468e-01 -1.037414e+01 3.119034e+00 -8.736670e+00 -3.969319e+00 4.044423e+00 -3.947108e+00 2.779439e+00 -1.418981e+01 9.780629e-01 -9.738696e-02 1.961663e-01 4.690063e-01 -2.217109e-02 -2.242174e-02 4.428085e-01 -9.740881e-01 -3.851321e-01 3.417011e-01 2.896565e-01 1.121819e+00 -4.797279e-01 -3.142428e-03 
7.952602e+00 -5.175123e+00 -2.578419e+00 1.141613e+00 -9.025698e+00 1.888479e+00 -8.957874e+00 -3.458392e+00 4.713514e+00 -2.961562e+00 3.641855e+00 -1.349498e+01 9.771985e-01 -1.369238e-01 8.670697e-02 7.523116e-01 -2.759032e-01 4.687049e-01 -1.169209e-01 -6.720988e-01 -2.560759e-02 3.128195e-01 1.281772e-01 1.242084e+00 6.717034e-02 -2.090579e-03 
7.880648e+00 -5.443581e+00 -1.302272e+00 3.330058e-01 -9.948196e+00 3.673511e+00 -1.178449e+01 -1.681904e+00 4.343798e+00 -4.038659e+00 4.807377e+00 -1.338844e+01 9.708952e-01 -1.608199e-01 3.876062e-01 4.173852e-01 -4.289842e-02 5.532802e-01 -2.683012e-01 -5.643420e-01 2.135510e-02 1.913648e-02 5.112579e-01 1.054890e+00 4.687771e-01 -3.019768e-03 
7.332992e+00 -4.690979e+00 -1.119016e+00 3.545114e-01 -8.393629e+00 2.246535e+00 -1.070956e+01 -2.640247e+00 4.719036e+00 -3.044436e+00 6.305673e+00 -1.233125e+01 9.742200e-01 1.164866e-02 2.944616e-01 3.205544e-01 -4.580486e-02 5.894191e-01 -2.845889e-01 -5.698717e-01 -4.074474e-01 1.730716e-02 5.133960e-01 1.318102e+00 1.460442e-01 -4.225933e-03 
7.420500e+00 -3.853107e+00 -1.456606e+00 6.699054e-01 -7.923772e+00 1.598500e+00 -1.068254e+01 -4.271616e+00 4.137344e+00 -1.349381e+00 6.721982e+00 -1.242779e+01 9.644533e-01 1.552752e-01 2.985582e-01 1.711853e-01 3.263931e-02 6.863392e-01 -7.695187e-01 -1.116140e-01 -6.764745e-01 -1.635993e-01 5.414714e-01 1.369139e+00 2.387997e-01 -7.016897e-03 
8.240919e+00 -4.498052e+00 -8.984802e-01 7.441387e-01 -7.090815e+00 1.503041e+00 -1.235821e+01 -4.200773e+00 4.903276e+00 -1.739221e+00 9.275063e+00 -1.324509e+01 9.592897e-01 2.361440e-01 3.182701e-01 2.001477e-01 1.297805e-01 1.251298e-01 -3.188830e-01 -5.267042e-01 -3.041224e-01 -6.390530e-01 2.009208e-01 1.419130e+00 3.062479e-01 -1.088682e-02 
8.203060e+00 -4.047253e+00 -5.566137e-01 3.013887e-01 -7.167908e+00 1.976645e-01 -1.151823e+01 -4.284013e+00 3.433681e+00 -1.983909e+00 1.016838e+01 -1.173752e+01 9.432758e-01 2.044814e-01 5.620044e-01 1.256954e-01 5.219293e-02 2.214975e-01 -3.158564e-01 -5.263077e-01 -3.429383e-01 -5.964922e-01 -1.383928e-01 1.688908e+00 4.624258e-01 -1.272385e-02 
8.122432e+00 -3.002555e+00 -5.682738e-01 1.187672e+00 -8.145912e+00 1.352537e+00 -1.292523e+01 -4.154660e+00 1.875602e+00 -1.722568e+00 1.167813e+01 -1.114515e+01 9.303746e-01 2.385949e-01 7.687840e-01 6.367950e-02 -5.615667e-02 7.067309e-02 -7.522054e-02 -6.610855e-01 -3.311044e-01 -1.175887e+00 8.716698e-02 1.427883e+00 8.632994e-01 -1.428720e-02 
8.502151e+00 -1.790833e+00 -9.932325e-01 7.091033e-01 -6.288735e+00 9.446979e-02 -1.303057e+01 -6.009364e+00 2.668721e+00 -2.049672e+00 1.396499e+01 -1.116563e+01 9.152917e-01 3.951745e-01 8.346719e-01 1.945276e-01 -3.613188e-01 3.544646e-01 2.935185e-02 -1.015592e+00 -1.479434e-01 -1.597195e+00 -2.376452e-02 1.828947e+00 6.804563e-01 -1.314434e-02 
9.284348e+00 -1.782342e+00 -3.617733e-01 2.594980e-01 -7.177035e+00 1.178535e+00 -1.490747e+01 -4.993620e+00 -5.936766e-01 -1.270504e+00 1.451617e+01 -9.214535e+00 9.018458e-01 5.541194e-01 7.093472e-01 4.127983e-01 -8.478106e-01 7.103842e-01 -2.331867e-02 -9.299982e-01 -3.182635e-01 -2.223847e+00 1.902366e-01 1.889223e+00 8.252009e-01 -1.075519e-02 
9.597975e+00 -4.840004e-01 3.127739e-01 -1.041118e+00 -5.880023e+00 4.314249e-01 -1.560507e+01 -4.604250e+00 -3.317653e+00 -2.328763e+00 1.789409e+01 -9.300545e+00 8.918185e-01 6.923463e-01 7.155753e-01 5.128849e-01 -1.070980e+00 7.417513e-01 2.353219e-01 -8.691036e-01 -3.081615e-02 -3.254908e+00 5.004961e-01 1.450505e+00 1.460904e+00 -8.764100e-03 
1.034512e+01 -1.092350e-01 8.427145e-01 -2.176270e+00 -4.798347e+00 1.067466e+00 -1.628797e+01 -6.448535e+00 -6.250447e+00 -6.318390e-01 1.915969e+01 -7.951684e+00 8.883352e-01 6.500953e-01 1.098315e+00 2.457744e-01 -7.283280e-01 3.583072e-01 5.025950e-01 -5.316599e-01 -5.987336e-02 -2.865912e+00 -5.826383e-02 1.108910e+00 1.581148e+00 -1.217961e-02 
1.143350e+01 9.504904e-01 9.689481e-01 -3.427911e+00 -3.769324e+00 1.326614e+00 -1.668584e+01 -5.435987e+00 -1.077743e+01 1.334763e-01 1.889576e+01 -4.492535e+00 8.782265e-01 6.455842e-01 1.423684e+00 2.417282e-01 -7.665629e-01 -2.559155e-01 5.274325e-01 5.112494e-01 5.125301e-01 -2.964522e+00 -7.395624e-01 -1.382236e-01 2.147636e+00 -1.833695e-02 
1.161706e+01 2.991987e+00 5.390115e-01 -2.188746e+00 -6.440849e+00 3.243916e+00 -1.702539e+01 -4.877118e+00 -1.119335e+01 -2.792943e+00 1.955989e+01 -3.712798e+00 8.477438e-01 6.054180e-01 1.755833e+00 5.024172e-01 -1.297702e+00 -1.613695e-01 -1.738941e-01 2.155534e+00 9.287755e-01 -2.719510e+00 -1.534421e+00 -9.601009e-01 2.412524e+00 -2.522992e-02 
1.218992e+01 5.083810e+00 1.673267e+00 -4.867695e+00 -6.338349e+00 1.980363e+00 -1.268012e+01 -2.827308e+00 -1.566881e+01 -4.946023e+00 1.700287e+01 -6.818099e-01 8.204295e-01 4.274698e-01 2.075215e+00 5.201588e-01 -1.421853e+00 -3.129139e-02 -5.124198e-01 3.220225e+00 1.016171e+00 -2.616502e+00 -1.162020e+00 -1.129204e+00 1.696601e+00 -2.949845e-02 
1.299399e+01 6.603272e+00 3.002641e+00 -7.944889e+00 -4.320682e+00 -1.288786e-01 -7.513158e+00 -3.108997e+00 -1.740231e+01 -5.764192e+00 1.530563e+01 2.205574e+00 7.910841e-01 4.919025e-01 1.954778e+00 5.821822e-01 -1.429440e+00 3.599832e-01 -7.281043e-01 3.759074e+00 6.601456e-01 -2.431411e+00 -1.230638e-01 -1.261038e+00 1.499070e+00 -2.924930e-02 
1.288238e+01 9.520924e+00 2.337927e+00 -7.659106e+00 -4.985865e+00 4.509118e-01 -5.340828e+00 -1.239193e+00 -2.075547e+01 -4.190999e+00 1.537686e+01 1.031285e+00 7.590641e-01 3.095592e-01 1.671180e+00 -2.048471e-01 -2.366765e-01 1.511735e-01 -1.584448e-01 3.623855e+00 1.639381e-01 -1.146625e+00 -2.757615e-01 -1.424810e+00 1.753571e+00 -2.764223e-02 
1.373035e+01 1.054732e+01 3.117592e+00 -7.940240e+00 -5.317176e+00 3.681197e-01 -1.899659e+00 -2.370447e+00 -2.080708e+01 -3.785775e+00 1.406770e+01 2.926005e+00 7.321800e-01 2.104216e-01 -1.946624e-01 -1.089948e+00 1.366009e+00 5.751634e-01 5.663791e-01 2.475712e+00 -6.335586e-01 -1.037800e+00 1.396842e-01 -1.063562e+00 1.165876e+00 -2.016555e-02 
1.336954e+01 1.146768e+01 5.915554e-01 -6.053402e+00 -5.084235e+00 9.396393e-01 2.632408e+00 -2.376892e+00 -1.969955e+01 -7.314040e+00 1.049779e+01 7.725831e+00 7.116704e-01 -4.514540e-01 -6.062693e-01 -8.158945e-01 1.535018e+00 1.858646e+00 1.948653e+00 3.012175e+00 -1.122680e+00 8.354729e-01 1.396168e+00 -1.928583e+00 4.912905e-01 -4.161958e-02 
1.380252e+01 4.656581e+00 -1.573911e+00 -1.917698e+00 -1.395680e+00 2.458653e+00 8.787818e-01 -5.707941e+00 -2.311927e+01 -3.504251e+00 1.242736e+01 4.687680e+00 7.139532e-01 -1.598617e+00 -8.296288e-01 -2.589911e-01 2.174404e+00 4.859831e+00 2.912525e+00 2.725887e+00 1.425173e-01 2.597067e+00 2.338219e+00 -1.997748e+00 -1.314570e+00 -6.605621e-02 
1.058902e+01 9.434948e+00 6.042061e-01 -2.995288e+00 2.346615e+00 9.148912e+00 8.330826e+00 -5.183846e+00 -1.542201e+01 2.649080e+00 6.554122e+00 2.606900e+00 5.600796e-01 -2.099122e+00 -1.189495e+00 -4.759913e-02 1.587182e+00 6.923123e+00 3.251735e+00 1.487962e+00 1.831426e+00 3.382370e+00 3.654182e+00 -1.334961e+00 -3.214507e+00 -6.884313e-02 
7.127520e+00 7.415546e+00 1.816311e+00 1.402721e+00 1.526655e+01 1.082611e+01 8.880568e+00 -2.543833e-01 -9.960513e+00 2.923759e+00 6.050793e+00 -1.087379e+00 4.776944e-01 -2.383704e+00 -1.419515e+00 -5.743957e-03 5.143896e-01 5.801763e+00 2.106279e+00 5.310467e-01 3.142032e+00 3.034395e+00 2.597847e+00 -1.876966e+00 -1.984280e+00 -5.638625e-02 
6.211433e+00 4.140722e+00 -1.341552e+00 2.222979e-01 2.120027e+01 1.301459e+01 6.071324e+00 4.053460e+00 -9.367077e+00 7.742867e+00 7.011265e+00 -5.459177e+00 4.855841e-01 -1.863411e+00 -2.934599e+00 -4.908754e-01 2.206972e-01 3.402475e+00 2.002710e-01 -2.571029e-01 3.350208e+00 1.215364e+00 1.279246e+00 -2.870881e+00 -9.810535e-01 -1.609942e-02 
4.072797e+00 2.061195e-01 -6.297524e-01 -9.545422e-01 1.818631e+01 1.105721e+01 4.663767e+00 5.383569e+00 -1.097476e+01 6.938090e+00 2.813958e+00 -1.200681e+00 4.692696e-01 -1.890647e+00 -2.596983e+00 -1.685482e-01 -7.897421e-01 1.967392e-02 -1.652313e+00 -9.198242e-01 2.267776e+00 2.047023e+00 1.416040e+00 -3.419487e+00 2.977726e-01 2.853841e-03 
2.799331e+00 -1.633333e+00 -6.271393e-01 -7.131701e-01 1.789911e+01 1.003472e+01 9.153711e+00 8.748217e+00 -8.838068e+00 7.038145e+00 -6.181867e+00 -2.241717e+00 4.837949e-01 -1.943918e+00 -1.799466e+00 9.116991e-01 -9.377583e-01 -2.293393e+00 -3.667375e+00 -1.525716e+00 7.010180e-01 2.856550e+00 -1.055981e+00 -4.378442e+00 4.931353e-01 -2.580661e-03 
-6.196656e-01 -2.682341e+00 6.163642e-01 -2.078255e+00 1.701550e+01 4.054479e+00 2.740252e+00 8.737115e+00 1.009947e-02 1.035632e+01 -4.450075e+00 -1.207246e+00 4.928582e-01 -1.707282e+00 -8.318618e-01 7.561059e-01 -1.038489e+00 -2.175506e+00 -3.703347e+00 -5.925629e-01 4.541121e-01 3.954123e+00 -2.399919e+00 -3.158056e+00 5.668135e-01 -6.958210e-03 
-1.161926e+00 -3.412380e+00 2.593886e+00 -3.904637e+00 1.031870e+01 -1.820922e+00 -5.955000e-01 5.881777e+00 -5.767565e-01 7.538453e-01 -1.124893e+01 -2.990219e+00 4.608865e-01 -1.334863e+00 -7.099656e-01 -3.567507e-02 -3.514411e-01 -2.062981e+00 -2.194722e+00 -1.224675e-01 -1.189848e+00 2.602116e+00 -2.979396e+00 -9.926632e-01 7.750925e-01 -2.150962e-02 
-2.482986e+00 -3.063666e+00 1.540265e+00 -4.551253e+00 1.109898e+01 -1.531703e+00 6.575559e+00 9.087349e+00 4.665201e+00 -1.919353e+00 -1.044279e+01 2.007637e+00 4.459327e-01 -1.390181e+00 -7.102841e-01 -1.141642e+00 2.811290e-01 -1.868877e+00 3.179821e-01 3.105913e+00 -1.243045e+00 1.350932e+00 -2.735423e+00 -7.068982e-01 1.232013e+00 -2.885380e-02 
-2.943326e+00 -4.992499e+00 -1.267465e+00 -1.233877e+00 1.054247e+01 1.854194e+00 6.623721e+00 2.623858e+00 1.844961e+00 -1.720997e+00 -8.148823e+00 2.630424e-02 3.997095e-01 -9.621195e-01 -6.794881e-01 -1.612501e+00 6.165447e-01 -5.860724e-01 6.574352e-01 2.613744e+00 6.281252e-01 2.634006e-02 -3.810617e-01 -4.909284e-01 1.581162e+00 -3.437150e-02 
-6.679869e+00 -5.443702e+00 -3.161171e+00 -2.007990e+00 7.559235e+00 3.806831e+00 1.466021e+01 4.150849e+00 5.553901e+00 -2.083374e+00 -9.534619e+00 3.444557e+00 3.791777e-01 -3.184484e-01 -1.973403e-01 -7.581233e-01 1.224550e+00 -6.395530e-01 -4.238915e-01 -4.094016e-01 5.706398e-01 4.378722e-01 1.789963e+00 -1.097413e-01 1.361441e+00 -4.309090e-02 
-3.874083e+00 -5.619802e+00 -3.117899e+00 -2.093544e+00 9.158215e+00 -1.203013e+00 8.430895e+00 1.149065e+01 -8.894063e-01 -1.069453e+00 -1.415766e+01 4.197133e+00 3.224065e-01 2.342068e-01 3.580851e-01 -7.559836e-01 4.150095e-01 -7.202772e-01 -1.272457e+00 -1.597615e+00 2.029537e-01 7.445666e-01 8.480550e-01 -6.594158e-01 2.304548e+00 -3.754789e-02 
-3.609850e+00 -3.736716e+00 -1.325135e+00 2.001333e+00 8.593344e+00 -2.122556e+00 3.624964e+00 7.507151e+00 8.221746e+00 6.704689e+00 -7.987081e+00 6.729425e+00 2.691298e-01 7.619945e-01 1.174758e+00 -9.529781e-01 3.456827e-01 -5.894761e-01 -7.476616e-01 -2.307951e+00 -1.278090e+00 2.029145e-01 6.773020e-01 -1.844459e-01 5.034700e-01 -3.351144e-02 
-3.307302e+00 -4.055566e+00 -5.965401e+00 -1.163491e+00 6.424027e+00 -1.543397e+00 4.153266e+00 1.960476e+00 4.233872e+00 -1.874753e+00 -1.221967e+01 9.906610e+00 2.669941e-01 3.364482e-01 1.564371e+00 -5.925995e-01 6.008795e-01 -1.072284e+00 8.927808e-01 3.199438e-01 -2.743296e+00 -3.845124e-01 -6.210944e-01 5.469338e-01 -1.319565e+00 -2.751533e-02 
-3.153287e+00 -3.520305e-01 -6.502311e+00 -7.446038e-01 5.978948e+00 2.387149e-01 5.259265e+00 2.525487e+00 4.006835e+00 1.705787e+00 -1.142584e+01 3.107168e+00 2.393268e-01 1.027756e-02 8.175716e-01 -4.712854e-01 8.664484e-01 -6.260393e-01 7.064179e-01 1.749912e+00 -6.605751e-01 -1.889203e+00 -7.954152e-01 4.975019e-01 -1.650167e+00 -2.457842e-02 
-2.420123e+00 5.097089e-01 -3.492308e+00 2.283821e+00 5.103991e+00 2.080255e+00 9.213464e+00 2.650044e-01 -7.045125e-01 -1.675474e+00 -9.703609e+00 -5.895653e-01 1.997313e-01 -3.247677e-01 1.143676e+00 8.456978e-01 1.327712e+00 4.247645e-01 1.764405e-01 1.708029e+00 1.289692e+00 -1.013078e+00 1.726894e-01 6.875970e-01 -5.026482e-01 -2.211858e-02 
-4.002051e+00 -1.931496e+00 -4.918108e+00 4.609918e+00 6.123166e+00 -4.022930e-01 9.844422e+00 5.052011e+00 1.244924e+00 2.627973e+00 -6.757602e+00 3.726675e+00 1.798690e-01 -5.356227e-01 5.321386e-01 7.502341e-01 2.898899e-01 -2.262932e-01 -7.889837e-01 3.952215e-01 3.824284e-01 -5.040025e-01 -7.417099e-01 2.708565e-01 1.057204e+00 -1.768264e-02 
-4.506758e+00 2.452545e+00 -2.529013e+00 2.797810e+00 8.475740e+00 -3.406909e-01 1.040083e+01 7.145675e+00 5.494383e-01 -1.472399e+00 -1.111581e+01 7.083615e+00 1.861300e-01 -7.738682e-01 3.374055e-01 -2.365780e-01 -6.951425e-01 2.971251e-01 -6.826650e-01 -9.090899e-01 1.177602e-02 9.500282e-01 -2.814029e-01 1.374879e-01 2.065283e+00 -1.184192e-02 
-4.788083e+00 1.337244e+00 -3.232788e+00 4.478516e-01 3.161606e+00 -2.495730e+00 6.641688e+00 9.972939e-01 8.598467e-01 -2.104300e+00 -9.365462e+00 4.556597e+00 1.577142e-01 -6.429733e-01 1.525625e-01 2.256045e-01 -9.264888e-01 2.785087e-02 -7.431202e-02 -2.069118e+00 -1.684897e+00 3.766589e-01 2.330058e-01 1.304034e+00 1.398989e+00 -8.771974e-03 
-5.896448e+00 5.623664e-01 -5.517859e+00 8.891420e-01 8.070395e+00 -2.863510e-01 6.269381e+00 2.351243e+00 4.238167e+00 -7.163522e-01 -7.712240e+00 9.321891e+00 1.515991e-01 -4.703146e-01 -2.961392e-01 -3.419774e-01 -1.308985e+00 -4.695865e-01 3.908012e-01 -8.918665e-01 -1.798566e+00 2.406237e-01 8.701699e-01 6.764666e-01 -1.197753e-01 -7.569438e-03 
-6.522073e+00 -2.235937e-01 -2.295663e+00 9.318083e-01 6.465093e+00 -8.010230e-01 1.564560e+00 -9.752598e-01 1.283854e+00 3.414978e+00 -1.939213e+00 9.602484e+00 1.532746e-01 -9.234714e-03 7.500092e-01 4.901102e-01 -5.056473e-01 -3.287465e-01 6.937517e-01 5.292022e-01 -2.971236e-01 1.063340e-01 1.117445e+00 -2.237348e-01 -1.193990e+00 -1.385730e-03 
-5.991336e+00 1.752268e+00 -4.707462e+00 -3.989096e+00 4.476065e+00 7.659614e-01 8.480063e+00 -8.608764e-01 1.540553e+00 1.188109e-01 -1.144660e+01 3.961795e+00 1.505027e-01 2.961216e-01 8.992068e-01 8.593572e-01 -2.649543e-01 -9.295026e-01 -1.788882e-01 3.435262e-01 -4.492846e-01 -6.015995e-01 5.128986e-01 -1.500268e+00 -2.474975e+00 -5.245847e-03 
-4.786813e+00 4.492339e+00 -1.187435e+00 3.587343e-01 3.315039e+00 4.468718e-01 8.182358e+00 1.117735e+00 2.740324e+00 3.065344e+00 -8.616957e+00 1.266695e+00 1.513338e-01 6.818495e-02 7.370172e-01 5.134294e-01 -1.367030e-01 -5.631930e-01 -2.896671e-01 5.723970e-02 1.844892e-01 -2.494831e-01 2.260982e-01 -8.716255e-01 -1.551429e+00 -3.125501e-03 
-5.283470e+00 2.700434e+00 -1.775186e+00 -1.490926e-01 4.997910e+00 -1.804740e+00 4.678113e+00 -9.416775e-01 5.019350e-01 2.022958e+00 -1.187471e+01 1.114911e+00 1.263403e-01 -3.212551e-01 6.752874e-01 1.085780e+00 8.426374e-01 2.641785e-03 -5.538385e-02 -1.410085e+00 7.676225e-01 3.560877e-01 1.877231e+00 1.997816e+00 4.626816e-01 4.117489e-04 
-6.535081e+00 2.987409e+00 -1.194654e+00 -1.671708e+00 3.388206e+00 -9.640081e-01 3.751733e+00 -1.241338e-02 5.557480e-01 3.593396e+00 -6.083287e+00 3.268781e+00 1.497283e-01 -6.191190e-01 9.718342e-01 1.312961e+00 5.140330e-01 4.919718e-01 5.011649e-01 -1.376347e+00 9.412794e-01 -5.609523e-01 -6.581259e-03 1.787163e+00 1.123830e+00 7.536578e-03 
-6.723477e+00 5.881171e+00 7.250452e-01 1.239313e+00 4.452691e+00 1.194482e+00 3.644950e+00 3.542310e+00 4.413280e+00 9.240942e+00 -2.724351e+00 5.274160e+00 1.533642e-01 -8.035679e-01 8.784264e-01 1.532859e+00 6.522397e-01 -2.842065e-01 3.576243e-01 1.213094e-01 4.961110e-01 3.881621e-01 -9.241101e-01 1.484707e+00 8.758636e-01 4.437596e-03 
-7.162404e+00 7.761142e+00 4.127254e+00 2.234696e+00 6.047507e+00 1.453085e+00 1.817206e+00 3.582139e+00 -2.020109e+00 -5.765538e-01 -4.256321e+00 4.806219e+00 1.755047e-01 -6.075370e-01 5.008743e-02 4.895393e-01 8.394544e-01 -4.319192e-01 -6.124045e-01 1.312013e+00 7.791391e-01 5.138648e-01 -2.290509e+00 -7.300026e-01 6.788433e-01 -4.949617e-03 
-8.987648e+00 4.705699e+00 3.228157e+00 1.158904e+00 2.247226e+00 -1.225165e+00 6.251924e+00 -2.583987e-01 3.730675e+00 -5.126176e-01 -5.364653e+00 4.725510e+00 1.356400e-01 -4.712683e-01 -8.046738e-01 -5.572884e-01 2.983982e-01 -7.958862e-01 -1.229067e+00 1.791783e+00 6.684151e-01 3.592673e-01 -2.685244e+00 -1.553442e+00 5.457430e-01 -8.070624e-03 
-8.440681e+00 3.825582e+00 1.486778e-03 2.565768e+00 2.331342e+00 -2.816207e+00 9.008312e+00 5.783637e+00 3.466374e+00 -2.982368e+00 -8.413149e+00 6.937324e+00 1.338423e-01 -2.009585e-01 -8.751237e-01 -1.147820e+00 2.069008e-01 -7.348214e-01 -1.012963e+00 1.713860e+00 1.044503e+00 1.070867e+00 -7.281380e-01 -1.136215e+00 6.474022e-01 -8.512264e-03 
