-3.828660e+00 4.256538e+00 -5.042603e+00 -1.811914e+00 1.677777e+00 7.512016e+00 -3.092423e+00 2.124770e+00 8.610809e-01 -1.326788e+00 4.443043e+00 2.328412e+00 -1.108974e-01 7.094631e-02 3.062634e-01 2.447188e-01 5.557606e-01 -9.073583e-01 -1.812194e+00 3.394985e-01 2.061577e-01 -1.404089e-01 2.754807e-01 -9.105026e-01 -2.835600e-01 2.712727e-03 
-4.143426e+00 3.409688e+00 -5.364155e+00 -2.438872e+00 -1.851939e+00 1.191271e+00 -3.827190e+00 2.200782e+00 -8.210204e-01 -1.053141e+00 1.575180e-01 2.387735e+00 -1.042579e-01 1.673739e-01 3.002688e-01 2.438222e-01 7.236509e-01 -6.977553e-01 -1.250087e+00 3.905833e-01 2.039640e-01 -9.989329e-02 6.705070e-01 -8.022227e-01 -5.259553e-01 8.336544e-04 
-3.316545e+00 6.211281e+00 -3.658233e+00 1.280368e+00 -1.094156e+00 1.611419e+00 -1.027547e+00 3.117552e+00 1.000087e+00 -8.620858e-02 2.033293e+00 8.809500e-01 -1.006535e-01 -1.965313e-02 2.708540e-01 5.813462e-01 8.156263e-01 -9.813104e-01 -6.465917e-01 1.363840e+00 3.974305e-01 -1.222513e+00 5.364652e-02 3.957031e-01 -6.038111e-01 -9.201050e-04 
-3.247848e+00 4.780511e+00 -4.515677e+00 2.601992e-01 -4.250327e-01 4.211882e+00 -2.171944e+00 2.648199e+00 2.921115e-01 1.405457e+00 1.636805e+00 4.223658e-01 -1.118511e-01 -2.887473e-01 -3.171380e-01 -9.731753e-02 -3.922447e-01 -1.138489e+00 -4.110996e-01 8.524895e-03 -1.511649e+00 -1.752344e+00 -9.635940e-01 5.374304e-01 -1.459296e+00 -4.166103e-03 
-4.374715e+00 4.925397e+00 -2.560111e+00 9.166818e-01 -3.942228e+00 2.768752e+00 2.899153e+00 3.888214e+00 -5.808050e+00 -2.287854e+00 5.681915e+00 2.920408e-01 -1.117014e-01 -5.710386e-01 -5.727552e-01 -3.814674e-01 -1.235222e+00 -1.234753e+00 -7.694522e-01 -5.197855e-01 -1.729672e+00 -1.297017e+00 -1.144235e+00 -8.514680e-01 -7.742005e-01 -2.042258e-03 
-5.058078e+00 2.466940e+00 -6.399804e+00 -4.218253e+00 -6.120350e+00 -1.442894e+00 -5.747915e+00 -5.742793e+00 -6.178672e+00 -4.770288e+00 1.020359e+00 -4.614290e+00 -1.195645e-01 -7.481924e-01 2.005739e-01 3.550264e-01 -7.786977e-01 -4.425096e-01 -8.101872e-02 -1.646031e-01 -3.064944e-01 2.191058e-01 -9.120825e-01 3.052793e-01 2.288991e-01 4.981041e-03 
-5.266623e+00 4.504291e+00 -4.623507e+00 -2.656514e+00 -4.420261e+00 5.915463e-01 -1.838489e+00 -1.335314e+00 -2.249606e+00 -2.719514e+00 -1.915824e+00 -4.717245e-01 -1.070081e-01 -2.351524e-01 2.793292e-01 7.946648e-02 6.441973e-02 4.906512e-01 7.003049e-01 -7.313446e-01 1.189483e+00 1.414643e+00 7.721419e-01 9.288818e-01 9.801073e-01 7.378769e-03 
-6.542855e+00 5.993934e+00 -1.708847e+00 -1.846691e+00 -2.398564e+00 4.895391e+00 -6.261390e-01 3.727491e+00 -3.915818e-01 -2.939126e+00 6.962071e+00 1.948744e+00 -8.929253e-02 2.694235e-02 3.431918e-01 7.106153e-01 8.862197e-01 8.000870e-01 1.355821e+00 8.126181e-01 2.202840e+00 7.526453e-01 1.565686e+00 2.230504e+00 1.464283e+00 1.647901e-03 
-4.808088e+00 4.558545e+00 -4.508257e+00 5.299973e-02 -3.349865e+00 3.101134e+00 -3.318458e+00 5.100488e+00 -1.628382e+00 6.572745e-01 7.355468e+00 1.911060e+00 -8.994353e-02 3.823865e-01 -1.140880e-01 -1.409711e-01 1.941695e-01 -1.828147e-01 5.426505e-01 2.265332e-01 2.667171e-01 4.249913e-01 7.700707e-01 9.953296e-01 2.005037e-01 -3.367662e-03 
-5.152634e+00 4.155771e+00 -2.904352e+00 -1.141911e+00 -2.655113e+00 4.081416e+00 -9.448404e-01 2.053508e+00 -2.726057e+00 1.369746e+00 7.537231e+00 1.515734e+00 -1.198573e-01 4.850286e-01 -9.828110e-02 -3.660035e-01 3.977575e-02 5.084124e-01 1.620199e-01 -2.432957e-02 -1.687641e+00 1.426551e-01 8.724114e-01 -7.311422e-01 -1.111513e-01 -8.740688e-03 
-4.049802e+00 4.852932e+00 -4.730610e+00 -2.038057e+00 -5.206060e+00 3.711786e+00 -5.464725e-01 8.352632e-01 1.042588e+00 -1.023597e+00 2.773244e+00 7.472987e-01 -1.085640e-01 1.405711e-01 2.397841e-01 3.825608e-01 6.547651e-01 1.466845e+00 -3.552864e-01 -2.702560e-01 -2.637964e+00 6.020174e-01 4.957405e-01 -6.257848e-01 2.831491e-01 -8.266604e-03 
-4.496856e+00 5.355335e+00 -3.427688e+00 -6.022843e-01 1.071596e+00 5.400165e+00 -2.133780e+00 -2.578103e+00 -1.013792e+00 2.263367e+00 5.597472e+00 1.974868e+00 -1.236857e-01 -1.119701e-01 1.272366e-02 5.578928e-02 2.795390e-01 8.956024e-01 -9.778935e-01 -9.561575e-01 -1.502244e+00 9.491630e-01 -2.008198e-01 -8.346074e-01 2.472164e-01 -1.730168e-03 
-4.433122e+00 5.157683e+00 -2.333785e+00 3.057012e+00 2.121003e+00 6.653273e-01 -4.075269e+00 -5.773528e+00 5.255722e-01 2.689167e+00 5.196423e+00 3.097239e+00 -1.293623e-01 -5.640591e-01 -4.659393e-01 6.171783e-01 3.067666e-01 8.932611e-01 -1.237947e+00 -4.390681e-01 1.712641e-01 -4.642978e-01 -4.517611e-01 -2.838901e-01 4.116732e-01 -1.009572e-03 
-5.520824e+00 4.067013e+00 -3.823818e+00 -2.291750e+00 -1.840633e+00 7.151775e-01 -3.961230e+00 -2.153315e+00 2.278266e+00 -1.490734e+00 2.152605e+00 1.576846e+00 -1.181090e-01 -2.507702e-01 -3.460786e-01 5.044073e-01 -1.233822e-01 -5.688254e-01 -9.076462e-01 2.660262e-01 1.201432e+00 -3.582238e-01 -8.570248e-01 -9.557555e-01 -2.520443e-01 5.142808e-03 
-6.358113e+00 3.167396e+00 -1.446653e+00 3.405092e-01 7.163595e-01 -1.354532e-01 -1.828088e+00 1.479190e+00 -2.924929e+00 -1.405351e+00 3.076228e+00 3.004676e+00 -1.164002e-01 2.262057e-01 -8.425309e-02 -3.549772e-01 -3.114088e-01 -1.095338e+00 1.143975e+00 5.097135e-01 2.168133e+00 -9.961497e-01 -3.806711e-01 -8.659568e-01 -6.441966e-01 1.488069e-02 
-4.788211e+00 4.620086e+00 -1.349217e+00 1.390560e-01 -1.070209e+00 1.262324e+00 -1.927239e+00 -1.973042e-01 -1.079660e+00 2.550244e-02 1.878792e+00 7.609283e-01 -1.044527e-01 3.854758e-01 3.597879e-01 -2.326874e-01 2.334019e-01 -4.566511e-01 8.487627e-01 1.074658e+00 1.703647e+00 -6.640143e-01 -9.666668e-02 -3.443528e-01 -4.224052e-01 5.865443e-03 
-3.668400e+00 4.459882e+00 -5.345972e+00 2.845646e-01 -3.740896e+00 6.111631e+00 -2.543696e+00 4.089128e+00 -2.776213e+00 2.769256e-02 1.003545e+00 2.842144e-01 -6.178701e-02 6.279465e-01 5.532017e-01 -6.300927e-01 -6.430594e-01 -9.231368e-01 1.070760e+00 7.514224e-01 1.457062e-02 8.491594e-01 -4.819306e-01 -6.413255e-01 -1.610564e-01 -8.596778e-04 
-4.938302e+00 5.219710e+00 -3.037595e+00 -1.096768e+00 -1.895261e+00 1.835449e+00 1.769866e+00 5.059951e+00 -1.116164e+00 -2.690590e+00 1.467182e+00 8.250514e-01 -1.160884e-01 1.132107e-01 4.095668e-01 -4.090568e-01 2.059705e-02 5.606066e-01 9.735292e-01 6.335205e-01 -4.294985e-01 8.974392e-01 6.443850e-01 -2.619372e-01 5.148768e-01 -4.812849e-03 
-3.143335e+00 5.633593e+00 -3.752927e+00 -2.256876e+00 -3.486799e+00 4.931782e+00 8.047146e-02 -1.076585e+00 1.339119e+00 -2.456958e+00 7.540554e-02 2.167332e+00 -1.148808e-01 -3.337698e-02 -1.449775e-01 -4.099105e-02 3.841685e-01 1.266434e+00 -1.468096e-02 -2.036464e-02 -5.996153e-01 1.058843e+00 1.371530e+00 8.635976e-01 9.585463e-01 -1.052738e-02 
-4.484690e+00 6.081064e+00 -4.191023e+00 1.512761e+00 1.605775e+00 6.719894e+00 -7.172030e-02 2.380601e-01 1.349870e+00 4.489753e+00 1.033176e+00 2.393754e+00 -1.019701e-01 -8.626954e-01 -8.086589e-01 5.116873e-01 -5.129513e-01 1.376113e+00 -3.674969e-01 -9.957730e-01 -1.008688e+00 2.868841e-01 1.853965e+00 3.529154e-01 1.279208e+00 2.553184e-02 
-4.062091e+00 3.304317e+00 -4.974214e+00 9.006425e-01 8.407561e-01 3.596004e+00 -1.724726e+00 3.501998e+00 1.284983e+00 3.295173e+00 5.538536e+00 4.292595e+00 -1.214831e-01 -1.943037e+00 -1.168894e+00 1.886359e+00 -1.238158e+00 1.649833e+00 -1.658668e+00 1.772842e-02 1.043842e-02 6.745747e-01 1.690283e+00 1.654599e-01 1.148883e+00 5.610424e-02 
-8.792401e+00 2.341053e+00 1.314841e-01 -5.240284e+00 2.821528e+00 6.658537e-01 -2.306400e+00 -2.272782e+00 3.453243e-01 3.703167e+00 5.001938e-01 6.158458e+00 1.487195e-02 -3.970913e-01 -2.731706e-01 8.257319e-01 1.128282e-01 -7.648764e-02 -4.858544e-01 7.112535e-01 7.747978e-01 -2.043413e-01 -1.132077e+00 -9.018787e-01 -1.818289e-01 2.657403e-02 
-1.070467e+01 1.659129e+00 3.517612e+00 -5.071140e+00 4.154489e+00 -3.345380e-01 1.286453e+00 2.310282e-01 5.214265e+00 6.387752e+00 1.169196e+00 6.029392e+00 1.072194e-01 4.713160e-01 -1.239660e-01 5.173072e-01 7.832780e-01 7.544283e-01 3.337472e-01 2.246244e+00 9.069666e-01 -3.072990e-01 -2.339903e+00 -1.297051e+00 -2.150173e-02 2.484856e-02 
-3.148858e+00 5.537806e+00 -4.308276e+00 5.062794e+00 -4.335295e-01 6.255893e+00 1.978958e+00 5.747534e+00 -1.636477e+00 -2.716921e+00 -1.291547e+00 6.162103e-01 -8.345115e-02 7.429959e-01 -1.039823e+00 2.281142e-01 1.046217e-01 -4.231333e-01 -1.335037e+00 2.612099e+00 7.800018e-01 -1.536034e+00 -2.274256e+00 -8.957041e-01 -1.299469e+00 5.277506e-02 
-4.527283e+00 1.086111e+00 -1.677977e-01 -3.345063e-01 6.240427e+00 2.469721e+00 7.363814e+00 4.026672e+00 7.393892e-01 -5.194301e+00 -5.084664e-02 6.956210e+00 5.192125e-02 -1.190361e+00 -1.779096e+00 -3.352085e-01 -2.813214e+00 -1.686714e-01 -2.268111e+00 7.722643e-01 -1.352977e+00 -1.418188e+00 -2.065530e+00 -5.896966e-01 -6.180525e-01 1.236171e-01 
-8.166114e+00 -2.571553e+00 3.114760e+00 -7.085493e+00 -3.371074e-01 -7.411463e+00 7.715417e+00 -2.705953e-01 -5.097406e+00 -1.877088e+00 -3.368305e+00 -8.022944e-01 3.063963e-01 -3.998994e+00 -1.360100e+00 7.445894e-01 -4.481635e+00 1.507590e+00 -2.823217e+00 9.948605e-01 -2.659638e+00 -7.451552e-03 1.349851e-01 -1.055665e+00 -7.048786e-02 2.280147e-01 
-1.414785e+01 -3.181672e+00 -1.869949e+00 -1.306306e+01 3.262920e+00 -4.841416e+00 2.279545e+00 -3.524794e+00 -1.462102e-01 -4.359814e+00 -7.409080e-01 3.648382e+00 5.303814e-01 -4.060832e+00 6.557390e-01 1.748085e-01 -2.041231e+00 1.649731e+00 2.878199e-01 5.211970e-01 -9.749126e-01 -6.745790e-01 8.720772e-02 -2.111516e+00 -1.214317e+00 2.082721e-01 
-1.833355e+01 8.711985e-01 2.657467e-01 -1.098110e+01 8.593174e+00 -4.204625e+00 9.495395e+00 -3.774922e+00 -1.230936e+00 -2.459239e+00 -6.224844e+00 1.917685e+00 8.173922e-01 -3.138202e+00 1.191102e+00 2.881364e-01 2.889369e-01 2.021640e+00 3.115465e+00 3.523985e-01 -4.276295e-01 -1.941489e-01 -1.015559e+00 -2.047093e+00 -1.193717e+00 1.240058e-01 
-1.974772e+01 2.643430e+00 2.130751e+00 -8.592855e+00 1.002394e+01 2.305401e+00 9.079810e+00 9.042728e-01 -4.566741e+00 -4.467187e+00 -9.180159e+00 -4.753625e-01 8.377840e-01 -1.868338e+00 7.506480e-01 6.643186e-01 8.206186e-01 6.124539e-02 2.563444e+00 8.627383e-01 -7.323865e-01 -1.317648e+00 1.823591e-01 -2.030984e+00 -1.866066e+00 4.440355e-02 
-2.105719e+01 4.714065e-01 2.555092e+00 -7.875913e+00 6.390582e+00 4.592454e+00 6.077277e+00 -4.623276e+00 -3.857885e+00 -6.901197e+00 -9.384146e+00 -4.709007e+00 7.727242e-01 -6.596979e-01 6.221262e-01 6.235910e-01 3.851611e-01 -7.574570e-01 6.667354e-01 -3.315624e-01 -1.075735e+00 -6.317209e-01 1.359130e-01 -8.945778e-01 -1.115411e+00 -6.304026e-04 
-2.212772e+01 7.714642e-01 3.069718e-01 -1.051257e+01 4.670444e+00 3.577263e+00 8.302296e+00 -6.762549e+00 -5.420976e+00 -1.227039e+00 -9.316175e+00 -2.368599e+00 7.747332e-01 -4.918787e-01 9.247030e-01 -4.093776e-02 -1.388848e-01 7.741634e-01 -1.482827e+00 -5.889312e-01 -1.971745e+00 7.208053e-01 1.893603e+00 6.059669e-01 7.273535e-01 2.987746e-02 
-2.044204e+01 4.917812e+00 4.295591e+00 -8.095442e+00 7.482637e+00 -1.506879e+00 8.226339e+00 -5.320186e+00 -3.962423e+00 -3.399747e+00 -1.062972e+01 -2.712752e+00 8.457656e-01 -4.036987e-01 1.287448e+00 -5.922720e-01 -3.514655e-01 2.249527e+00 -1.719503e+00 -2.215807e-01 8.061557e-01 1.790772e+00 1.174342e+00 2.873867e-01 1.709523e+00 5.772895e-02 
-2.251469e+01 5.043742e+00 1.055813e+00 -9.177515e+00 1.334873e+01 -2.059066e+00 5.060622e+00 -8.605997e+00 -9.104460e-01 3.250104e+00 -5.527534e+00 2.163277e+00 9.506506e-01 5.566178e-02 9.348024e-01 -1.514172e-01 4.758503e-01 2.223417e+00 -9.494759e-01 -9.916767e-01 9.368399e-01 1.917651e+00 2.538300e-01 1.081975e+00 1.205559e+00 4.808115e-02 
-2.288219e+01 4.772506e+00 -7.806886e-01 -1.030077e+01 1.329907e+01 -1.186898e+00 6.590210e+00 3.292265e-01 2.840709e+00 -3.268058e+00 -9.841533e+00 1.572671e+00 9.734102e-01 -3.093943e-01 -4.786865e-01 -1.671201e+00 -3.444191e-01 -8.817854e-02 4.441118e-01 -1.120949e+00 1.392088e+00 2.246533e+00 3.492777e-01 2.013125e+00 -1.001363e-02 7.965547e-03 
-2.062933e+01 5.518129e+00 2.088026e+00 -7.030652e+00 1.287931e+01 -1.330107e+00 4.161977e+00 -4.903056e+00 7.657113e-01 -2.373385e-02 -4.300399e+00 1.516485e+00 9.513167e-01 -4.542694e-01 -1.173697e+00 -1.246459e+00 1.926340e-01 -1.743937e+00 8.868102e-01 -2.626091e-01 1.023353e+00 1.419479e+00 -1.625603e+00 1.203443e+00 -8.505109e-01 -1.432266e-02 
-2.293169e+01 2.287186e+00 -4.576521e+00 -1.089097e+01 7.276454e+00 3.492000e-01 3.070919e+00 -2.112151e-01 6.432163e+00 -1.643991e-02 -1.177666e+00 -2.439424e+00 8.852603e-01 -6.310156e-01 -1.206652e+00 -1.154947e+00 1.532178e-01 -2.111524e+00 9.956015e-01 -8.100113e-01 -4.854165e-01 -2.873607e-01 -8.235901e-01 1.634033e+00 -7.705459e-01 -1.216695e-02 
-2.476129e+01 4.179178e-01 -3.278566e+00 -7.919244e+00 7.640352e+00 1.606936e+00 5.507222e+00 -3.219013e+00 4.391223e+00 -6.503719e+00 -3.842253e+00 -8.322990e-02 9.231123e-01 1.145755e+00 -4.927511e-01 -1.840597e+00 -7.149037e-01 -2.904491e+00 -5.582217e-01 -1.137427e+00 5.705767e-01 1.160720e-01 -1.327161e+00 3.223950e-01 -3.736165e-01 2.406090e-03 
-2.397129e+01 1.289351e+00 -3.872126e+00 -9.090381e+00 5.360932e+00 2.322588e+00 1.867531e+00 -2.939877e+00 -4.088501e-01 -4.146016e+00 -1.900441e+00 -1.480201e+00 9.266777e-01 3.204858e+00 5.047272e-01 -1.916225e+00 6.317730e-02 -2.712886e+00 -1.294356e+00 -1.055086e+00 1.292105e+00 -4.939004e-01 -4.772827e-01 8.888751e-01 3.391718e-01 -9.933472e-03 
-1.438075e+01 3.553292e+00 -7.467158e+00 -1.150546e+01 -6.853845e-01 -5.107909e+00 -9.234647e-01 -6.858413e-01 4.766578e+00 -4.594751e+00 -2.327036e+00 -8.312089e-01 9.426384e-01 3.945184e+00 1.175616e-01 -1.441549e+00 7.692926e-01 -2.316464e+00 -9.783396e-01 -6.536677e-01 1.482068e+00 -1.047223e+00 -5.539740e-02 1.285924e+00 -1.733673e-01 -6.171457e-02 
-1.209767e+01 3.243136e+00 -1.206335e+01 -8.781972e+00 -2.125106e+00 -2.765157e+00 1.010831e+00 4.982726e+00 3.774984e+00 -3.357337e+00 2.509101e+00 -3.695756e-01 8.258299e-01 4.272350e+00 3.652344e-02 9.808731e-03 2.446316e+00 -8.916532e-01 -2.615442e-02 2.132772e-01 9.799548e-01 3.370692e-01 -1.439598e-02 3.742978e-01 -4.964576e-01 -1.155725e-01 
-1.097218e+01 2.883339e-02 -6.390698e+00 -4.226985e+00 -1.989504e-01 -7.408895e-01 2.667234e+00 2.300273e-01 -2.936809e+00 -7.175045e+00 3.825973e-01 -1.505379e+00 6.649634e-01 4.599566e+00 2.742342e-01 3.793605e+00 3.133204e+00 7.437783e-01 2.692057e-01 -4.040668e-01 3.635406e-02 -2.051534e-01 1.056765e+00 -5.285777e-01 -5.441718e-01 -1.266911e-01 
-4.313832e+00 3.234197e+00 -4.361312e+00 -4.980423e-01 6.594493e-01 8.306026e-03 1.138567e+00 1.501962e+00 5.128189e+00 -2.927849e+00 -1.383769e+00 -3.625404e+00 4.876528e-01 6.597409e+00 -1.560318e+00 4.485161e+00 2.226102e+00 -2.728415e-01 -1.065176e+00 -1.642277e+00 -2.043595e+00 5.788076e-01 2.867623e+00 -1.133309e+00 2.784266e-01 -1.725132e-02 
4.725159e+00 4.928932e+00 7.649846e+00 1.858950e-02 1.641229e+00 -5.148612e+00 -3.007667e+00 1.236311e+00 3.064208e+00 4.743307e-01 -3.023490e+00 -1.924154e+00 4.782717e-01 6.699213e+00 -2.787348e+00 2.983526e+00 -5.082086e-01 -9.465866e-01 -2.166441e+00 -1.345726e+00 -2.240626e+00 2.043477e+00 4.457931e+00 -1.362500e+00 1.411692e+00 8.926830e-02 
1.304071e+01 -7.008506e+00 3.342181e+00 2.257509e-01 -4.409403e+00 -5.887176e+00 -4.363105e+00 -5.738391e+00 3.668513e+00 7.156088e+00 -1.454401e+00 1.231945e+00 8.329191e-01 4.605615e+00 -3.575602e+00 1.497737e+00 -2.457526e+00 -2.090813e+00 -1.410143e+00 5.394396e-01 -1.424997e+00 1.208695e+00 3.198939e+00 -1.667938e+00 2.043043e+00 1.312155e-01 
1.384661e+01 -8.786557e+00 4.675185e+00 -7.129925e+00 -2.397457e+00 -8.625356e+00 -1.310561e+00 -7.352925e+00 8.010413e+00 1.007264e+01 -6.394586e+00 3.124405e+00 9.386717e-01 1.955127e+00 -2.799050e+00 -6.251516e-01 -2.370324e+00 -1.822802e+00 -2.459657e-01 1.582632e+00 5.294613e-01 1.165362e+00 1.879596e+00 -1.075106e+00 9.432238e-01 9.375566e-02 
1.415352e+01 -7.786069e+00 4.614705e+00 -9.211415e+00 -7.775272e+00 -5.304039e+00 2.987213e+00 -1.328403e+00 8.698561e+00 8.267691e+00 -8.037910e+00 4.065529e+00 9.135303e-01 1.478694e-01 -1.074728e+00 -4.046917e-04 -1.198556e+00 -5.295852e-01 -1.333057e-01 1.733546e+00 1.978615e+00 4.461669e-01 7.083791e-01 -8.612387e-01 -2.732053e-01 2.128820e-02 
1.394439e+01 -8.677536e+00 3.887826e+00 -7.114445e+00 -5.789845e+00 -6.670009e+00 1.230335e+00 1.678623e+00 6.375995e+00 9.316507e+00 -5.107268e+00 1.375173e+00 9.067444e-01 -6.450422e-02 -1.655762e+00 -1.745600e-01 5.238401e-01 4.354143e-02 -4.293150e-01 8.473557e-01 1.559674e+00 -1.646703e-01 5.972980e-01 8.172689e-02 -1.085097e+00 1.644501e-02 
1.373117e+01 -1.243666e+01 3.733837e+00 -5.774769e+00 -5.361135e+00 -7.531378e+00 3.034178e+00 -3.610923e-01 6.716557e+00 1.107605e+01 -6.404253e+00 7.405341e-01 9.553238e-01 -1.017315e-02 -1.784245e+00 8.117209e-02 6.238762e-01 1.103517e+00 -1.015692e+00 -5.974576e-01 1.262825e+00 -2.931997e-01 8.878881e-01 1.447074e-01 -1.180645e+00 2.151917e-02 
1.373527e+01 -1.474007e+01 4.242819e+00 -6.229047e+00 -3.386819e+00 -9.658261e+00 2.902735e+00 -3.820992e-02 8.178063e+00 1.165495e+01 -6.802780e+00 -6.385800e-01 1.000000e+00 6.054270e-02 -8.380607e-01 3.448885e-01 1.692864e-01 1.665118e-01 -6.915852e-01 2.509168e-01 7.290632e-01 -4.065107e-01 2.295037e-01 -9.762140e-02 -1.024955e-01 1.090913e-02 
1.420721e+01 -1.367603e+01 4.843069e+00 -6.534733e+00 -3.459200e+00 -8.888373e+00 -8.362752e-01 5.844140e+00 6.331528e+00 1.153791e+01 -6.466617e+00 -8.308218e-01 9.744984e-01 3.274072e-01 -1.318028e-01 5.301692e-01 2.541680e-01 -2.740147e-02 -2.217743e-01 -5.015128e-01 1.681846e-01 -7.910316e-01 -1.823469e-01 1.189555e+00 1.771688e-01 -5.682886e-03 
1.400908e+01 -1.224815e+01 5.057652e+00 -5.888031e+00 -5.908254e+00 -9.449437e+00 4.420146e+00 2.221323e+00 4.535955e+00 1.023310e+01 -5.564194e+00 1.648373e+00 9.517027e-01 5.256392e-01 1.416347e-01 4.341601e-01 1.040553e+00 -2.943046e-01 6.000447e-01 -1.576300e+00 -1.117808e+00 -8.079890e-01 -4.467521e-01 1.742214e+00 5.814034e-01 -2.674898e-02 
1.523130e+01 -1.434163e+01 5.977266e+00 -4.674438e+00 -4.237425e+00 -8.744661e+00 -2.320910e-01 -6.499357e-01 4.582453e+00 1.087524e+01 -1.075771e+00 4.829013e-01 9.510580e-01 1.426690e-01 1.119480e+00 -6.957315e-01 2.077449e+00 4.454231e-02 1.167882e+00 -2.223320e+00 -1.909189e+00 -1.064576e+00 -1.120594e+00 1.945854e+00 4.150074e-01 -5.734540e-02 
1.585142e+01 -1.369910e+01 5.846520e+00 -1.956431e+00 -4.469229e+00 -6.729894e+00 -5.280860e+00 -2.380212e+00 5.012655e+00 9.752523e+00 -7.871301e-01 1.611575e+00 8.779753e-01 -6.300246e-01 2.287692e+00 -1.892650e+00 2.256418e+00 9.727775e-01 2.330205e+00 -2.627003e+00 -7.812789e-01 -1.798241e+00 -2.213294e+00 2.129869e+00 -5.945948e-01 -8.774792e-02 
1.399939e+01 -7.353153e+00 9.699770e-01 1.886713e+00 -3.956001e+00 -4.408734e+00 -7.102372e+00 -1.401039e+00 7.702975e-01 6.175226e+00 8.741233e-01 1.262614e+00 7.246351e-01 -1.496247e+00 3.384324e+00 -2.491669e+00 1.946798e+00 1.242425e+00 3.511722e+00 -8.918852e-01 -7.821064e-02 -2.438487e+00 -3.303668e+00 1.752395e+00 -1.089306e+00 -1.077528e-01 
1.147491e+01 -4.303931e+00 -1.901953e+00 2.113483e+00 -1.185078e+00 3.362274e-02 -5.279730e+00 -1.309520e+00 -2.549173e+00 1.516633e+00 4.110205e+00 -1.714458e+00 6.261746e-01 -1.659175e+00 2.848186e+00 -2.079097e+00 8.597323e-01 1.755355e+00 3.033287e+00 8.404455e-01 -1.763795e-01 -2.344865e+00 -2.559642e+00 8.187626e-01 -1.018923e+00 -8.891579e-02 
9.938316e+00 -2.117591e+00 -2.606841e+00 3.024593e+00 3.326257e-01 5.432189e+00 -4.692081e+00 -1.576335e+00 -3.829067e+00 -1.525151e+00 5.237537e+00 -3.300611e+00 5.381947e-01 -9.682819e-01 9.186303e-01 -7.048939e-01 -1.107298e-01 1.107357e+00 1.991073e+00 1.174828e+00 -8.426715e-01 -4.426166e-01 -1.579651e+00 2.058324e-01 -1.335361e-01 -3.850466e-02 
9.586082e+00 -2.075949e+00 -2.760555e+00 1.773290e+00 2.163230e+00 3.516079e+00 -2.283777e+00 -3.174462e+00 -4.411989e+00 8.045020e-01 1.124976e+00 -1.201428e+00 5.266166e-01 3.206477e-01 -9.325760e-01 1.622966e-01 5.233619e-02 -4.992622e-01 -2.468411e-01 1.775313e-01 -4.426410e-01 9.824829e-01 1.788369e-01 -5.321807e-01 1.585345e+00 1.620023e-02 
1.010239e+01 -3.873992e+00 -2.125192e+00 1.503160e+00 -9.337205e-02 3.805403e+00 -2.726210e+00 -4.681926e+00 -5.113773e-01 -1.366963e+00 3.395900e+00 3.384190e-01 5.818908e-01 1.537164e+00 -2.704342e+00 1.525586e+00 -1.506429e+00 -1.479003e+00 -2.608935e+00 -1.347682e-01 4.882707e-01 1.513013e+00 1.880898e+00 -1.073059e+00 1.750797e+00 6.528826e-02 
1.299611e+01 -8.088610e+00 -1.331295e+00 3.135880e+00 -3.468390e+00 -3.871899e-01 -5.375010e+00 -1.969929e+00 7.043970e-01 2.331723e+00 2.370120e+00 4.392751e+00 6.853276e-01 2.032334e+00 -3.426174e+00 1.858828e+00 -1.553344e+00 -2.129872e+00 -3.247680e+00 1.561354e-01 8.019357e-01 2.025647e+00 2.251792e+00 -1.265961e+00 9.187516e-01 8.713310e-02 
1.591912e+01 -1.263297e+01 4.306457e+00 -5.188846e+00 -4.246580e+00 -5.660851e+00 -3.820307e+00 2.627525e-01 1.177807e+00 7.115727e+00 -7.503287e-01 2.656285e+00 7.852804e-01 1.316182e+00 -2.648947e+00 1.907902e+00 -1.743156e+00 -1.357395e+00 -3.409993e+00 1.317982e+00 1.283949e+00 1.476441e+00 2.502652e+00 -2.096367e+00 -1.682449e-01 7.506687e-02 
1.683939e+01 -1.482733e+01 3.317758e+00 -2.647426e+00 -6.409525e+00 -7.989193e+00 -9.560515e-01 -1.637122e+00 4.871653e+00 7.822120e+00 -3.131716e+00 2.233397e+00 8.605873e-01 2.344832e-01 -5.550877e-01 1.102270e+00 -1.622024e+00 -2.189428e-01 -2.105166e+00 2.533247e+00 6.004037e-01 1.791486e+00 1.551966e+00 -2.502549e+00 -7.424569e-01 3.216598e-02 
1.476167e+01 -1.374937e+01 5.089792e+00 -4.320965e+00 -5.409779e+00 -9.443558e+00 1.654222e+00 1.571415e+00 4.787201e+00 8.401098e+00 -4.335017e+00 5.768716e-01 8.695953e-01 -6.020838e-01 1.034130e+00 -6.688528e-02 -4.935391e-02 1.144182e+00 -8.254737e-01 1.285846e+00 7.756960e-01 1.789929e+00 -4.353507e-01 -1.082523e+00 -4.555463e-01 -1.062881e-02 
1.474726e+01 -1.030585e+01 3.788389e+00 -5.408182e+00 -3.981505e+00 -9.021665e+00 4.553963e+00 3.777581e-01 7.857131e+00 9.448869e+00 -8.350279e+00 1.720173e+00 8.040001e-01 -5.088265e-01 1.953353e+00 -2.541037e-01 -1.105982e-01 2.100092e+00 6.752622e-01 -8.506951e-01 1.299112e+00 1.289210e-01 -4.514493e-01 5.379152e-02 -1.020653e+00 -4.482554e-02 
1.395477e+01 -9.723061e+00 3.736715e+00 -4.055237e+00 2.603192e-01 -9.271983e+00 -1.460849e-01 3.133792e+00 8.634715e+00 4.125599e+00 -3.553664e+00 6.351655e-01 7.604300e-01 3.918761e-01 2.643405e+00 -1.021871e+00 3.546067e-01 1.278654e+00 1.856223e+00 -2.452597e+00 9.607522e-01 1.706261e-01 -1.643652e+00 6.940354e-01 -2.653033e-01 -6.017514e-02 
1.469870e+01 -7.073719e+00 2.723778e+00 -3.333281e+00 1.255886e+00 -4.698669e+00 -4.309374e+00 4.077250e+00 3.592500e+00 7.702622e+00 -3.253434e+00 -2.899016e+00 6.910423e-01 8.207351e-01 2.109792e+00 -9.357220e-01 1.415473e+00 7.975757e-01 2.208066e+00 -2.488806e+00 9.250335e-01 -1.424372e+00 -4.199821e+00 3.076820e+00 1.060391e+00 -6.297480e-02 
1.674532e+01 -2.148407e+00 5.127423e-01 -3.585382e+00 -1.635205e+00 -2.323940e+00 -6.177096e+00 4.525430e+00 7.772647e+00 1.055960e+00 -3.413262e+00 1.559949e+00 6.251985e-01 5.863069e-01 1.717584e+00 2.640785e-01 3.635453e+00 -5.789474e-01 2.331715e+00 7.825996e-01 -2.242722e+00 -4.264615e+00 -3.603159e+00 2.994498e+00 2.066760e+00 -5.933945e-02 
1.745565e+01 -3.544215e+00 7.217658e-01 1.434256e+00 9.541356e-01 -1.455355e+00 -4.874562e+00 4.307106e+00 1.166304e+00 -1.001542e+01 6.963618e+00 6.559738e+00 5.567418e-01 6.145420e-02 7.761651e-01 1.309081e+00 4.725427e+00 -1.190763e+00 8.236802e-01 2.365597e+00 -3.850571e+00 -3.374635e+00 -3.506251e+00 2.255723e+00 1.981894e+00 -4.150985e-02 
1.550782e+01 -2.899893e+00 6.058114e+00 1.173826e+01 -2.483542e+00 7.649348e-01 4.049507e+00 -8.194747e+00 -1.147526e+01 -5.031177e+00 6.310297e+00 6.239587e+00 5.308830e-01 -4.403561e-01 -6.434617e-02 1.919067e+00 4.502756e+00 -8.386385e-01 4.199165e-01 2.285631e+00 -3.956920e+00 -3.630897e+00 -9.360409e-01 1.116432e+00 2.289453e-01 -2.315910e-02 
1.562472e+01 -2.817151e+00 6.496497e+00 1.263203e+01 -4.273759e+00 -2.124706e+00 2.405313e+00 -8.815517e+00 -3.656722e+00 -6.785066e+00 3.163398e+00 4.670638e+00 5.306509e-01 -4.829879e-01 -5.192250e-01 1.559010e+00 2.565045e+00 -1.205060e+00 9.785449e-01 1.250623e+00 -2.337283e+00 -1.203450e+00 4.003552e-01 -9.579178e-01 -1.435314e+00 -5.433977e-03 
1.545901e+01 -2.833671e+00 7.220714e+00 1.332951e+01 -3.214450e+00 1.103177e-01 1.611122e+00 -8.697860e+00 -7.970327e+00 -5.239420e+00 4.069010e+00 3.649226e+00 5.224485e-01 -4.581950e-01 -9.934189e-01 1.053102e+00 -4.870958e-02 -6.576589e-01 1.106102e+00 -3.208527e-01 1.038214e+00 1.521867e+00 -5.394766e-01 -9.261590e-01 -1.573213e+00 -6.096006e-04 
1.506512e+01 -6.173451e+00 7.935517e+00 1.346385e+01 -4.705709e+00 3.764678e+00 2.597745e+00 -7.127753e+00 -6.603415e+00 -7.909519e+00 3.294673e+00 6.783501e-01 5.337892e-01 -9.209408e-01 -1.358264e-01 1.486485e+00 -1.656150e-01 2.001013e-01 1.046820e+00 -4.485708e-01 1.901120e+00 1.210385e+00 -7.553855e-01 5.212262e-02 -1.444721e+00 -1.419169e-02 
1.349665e+01 -6.188837e+00 1.060411e+01 1.107880e+01 -5.555861e+00 3.350755e+00 2.349028e+00 -3.847557e+00 -2.392581e+00 -7.166333e+00 1.613865e+00 3.696654e-01 5.262658e-01 -1.263379e+00 6.530889e-01 1.739084e+00 5.659093e-01 1.181677e+00 7.052504e-01 -4.459947e-01 1.407010e+00 1.159071e+00 -1.644696e+00 3.825452e-01 -5.649971e-01 -2.690917e-02 
1.200120e+01 -1.818700e+00 1.223722e+01 1.292931e+01 -2.102547e+00 1.489177e+00 -2.064945e-01 -1.735067e+00 -3.936720e-01 -9.598537e+00 4.651584e+00 -9.131858e-01 4.577838e-01 -8.795978e-01 1.722388e+00 3.420638e-01 3.145859e-01 2.208295e+00 -1.123384e-01 -8.512945e-01 2.714999e+00 1.182215e+00 1.357205e-01 7.595512e-01 1.286593e-01 -4.451919e-02 
1.067408e+01 -1.745602e+00 1.376528e+01 1.642633e+01 1.392356e+00 4.774321e+00 7.832682e-01 -4.359151e+00 -5.279843e+00 -1.261839e+01 5.303281e+00 1.620008e+00 4.259054e-01 -4.472896e-01 2.462772e+00 -5.234253e-01 -7.408152e-02 2.384164e+00 -2.612649e-01 -6.422426e-01 3.246106e+00 1.933223e-01 1.025027e+00 6.686473e-01 -1.287021e+00 -4.836100e-02 
1.207842e+01 2.168725e-01 8.065252e+00 1.236302e+01 2.861656e+00 2.491203e+00 -8.758482e-01 6.703037e+00 7.512908e-01 -4.504888e+00 5.247721e+00 6.964751e-01 3.613734e-01 -4.972368e-01 2.170866e+00 -5.084224e-01 -1.967084e-01 1.634330e+00 -1.743774e-01 -3.174982e-01 2.201752e+00 2.023222e-02 1.682316e+00 9.349055e-01 -1.672254e+00 -4.268491e-02 
1.122159e+01 5.107237e+00 1.007297e+01 1.099154e+01 3.882855e+00 1.543417e+00 -5.275081e-01 8.163922e+00 -1.998451e+00 -4.588025e+00 4.659033e+00 -6.870271e+00 3.326660e-01 -5.791489e-01 1.051556e+00 -1.600831e+00 -2.332173e-01 1.799040e+00 -7.886671e-01 1.185893e-01 6.218518e-01 1.147407e+00 1.684093e+00 3.841186e-02 -2.420190e+00 -3.864338e-02 
9.241256e+00 5.609212e+00 1.154127e+01 1.466316e+01 4.823856e+00 2.232742e+00 -1.138597e+00 3.012157e+00 -1.933207e+00 -5.202141e+00 9.648235e+00 -5.029314e+00 2.909789e-01 -6.447515e-01 -7.204416e-01 -1.867386e+00 1.411439e-01 1.569711e+00 7.745945e-02 9.391057e-02 -1.369157e+00 6.097533e-01 9.230840e-03 -1.483661e+00 -2.292788e+00 -2.392085e-02 
9.196913e+00 8.160071e-01 4.023121e+00 1.411017e+01 9.406454e+00 9.602158e-01 1.507589e+00 5.955484e-01 1.799440e+00 -3.849298e+00 3.295083e+00 -7.618050e+00 2.678857e-01 -9.907093e-01 -1.056324e+00 -2.393018e+00 5.712649e-01 1.027644e+00 5.096067e-01 9.799266e-01 -6.995373e-01 1.245502e+00 8.567174e-01 -2.420038e+00 -1.622379e+00 -5.565172e-02 
9.867002e+00 -1.239720e+00 1.753251e+00 1.150943e+01 7.948414e+00 3.170101e+00 -1.423844e+00 3.641441e+00 1.901112e+00 -4.828097e+00 -1.488609e+00 -1.039357e+01 2.741593e-01 -1.659269e+00 -6.348988e-01 -2.129513e+00 -1.156623e+00 -8.413256e-01 -9.511042e-02 5.308442e-01 9.317868e-01 5.900108e-01 1.180231e+00 -2.318365e+00 -5.445023e-01 -7.848749e-02 
5.955171e+00 3.250084e+00 3.001891e+00 1.542473e+01 7.458795e+00 3.622771e+00 4.514749e+00 4.351594e+00 2.311898e+00 -4.914601e-01 -1.872734e+00 -1.230004e+01 6.281716e-02 -2.365949e+00 3.483019e-01 -1.065243e+00 -1.260506e+00 -2.484868e+00 -1.029246e-01 -3.375365e-01 1.031970e+00 1.031447e+00 1.661995e+00 -9.528276e-01 1.087207e+00 -8.385777e-02 
2.565785e+00 1.217680e+00 1.404315e+00 8.222770e+00 1.591058e+00 4.259124e-01 1.204407e-02 5.793069e+00 7.606184e-01 -9.799055e-01 6.403182e-01 -5.410832e+00 1.075745e-03 -2.219392e+00 5.742068e-01 -9.840263e-01 -1.166848e+00 -2.102024e+00 -3.950652e-01 -1.202464e+00 -1.108145e+00 -7.156545e-01 1.146315e+00 4.527218e-02 1.928516e+00 -6.879714e-02 
1.017775e+00 1.328817e+00 -1.128626e+00 9.450969e+00 1.607929e-01 1.817687e+00 -8.980376e-01 4.679585e+00 7.526920e+00 2.536581e+00 -2.533519e+00 -4.673384e+00 -1.486135e-02 -1.329009e+00 -6.464440e-01 -1.806641e+00 -1.948485e+00 -2.018936e+00 -1.608492e-01 -2.333751e+00 -2.106358e+00 -1.752398e+00 -5.659029e-01 -5.430959e-01 1.995934e+00 -2.744148e-02 
1.238739e+00 2.591947e+00 -1.101622e+00 8.662067e+00 1.087295e+00 2.097317e+00 -4.729769e+00 -2.063278e+00 -4.284672e+00 -6.105416e-01 -9.318556e-01 -4.564318e+00 -3.098714e-02 -9.207389e-01 -1.326040e-01 -1.232080e+00 -1.352060e+00 -1.041935e+00 3.134676e-01 -8.201941e-01 -1.100256e+00 -2.037085e+00 -9.770821e-01 -1.509198e-01 3.014248e-01 -1.795608e-02 
-2.635193e-02 -6.692700e-01 -4.778345e+00 5.462660e+00 -2.384006e+00 1.982822e+00 -4.783099e+00 -2.252020e+00 -3.927447e+00 -3.505657e+00 -3.802127e+00 -2.743627e+00 -5.835879e-02 -7.625778e-01 3.705686e-01 -8.117114e-01 -1.995245e+00 -3.908291e-01 -3.368877e-01 -5.537890e-01 -2.825501e-01 -1.567339e+00 -1.560144e+00 3.994187e-01 8.496805e-01 -2.070019e-02 
-1.515846e+00 1.553703e+00 -2.931223e+00 3.456625e+00 -2.346220e+00 1.910683e+00 -2.146395e+00 3.757591e+00 -3.697623e+00 -2.844197e+00 5.200232e-01 -4.868587e+00 -6.695592e-02 -2.652609e-01 8.010791e-01 -4.380715e-01 -1.181559e+00 -1.746839e-01 -9.189326e-01 7.381051e-01 8.291148e-01 6.697286e-01 -6.314294e-01 -2.715963e-01 -2.784129e-01 -1.692295e-02 
-1.417822e+00 3.700782e+00 -4.272383e+00 2.077464e+00 -7.659513e-02 2.265658e-01 -4.958670e+00 3.564001e-01 -6.032999e-01 -4.147313e+00 -1.262365e+00 -2.728462e-01 -1.003779e-01 2.361031e-01 1.670321e+00 8.582976e-02 6.898594e-02 2.468264e-03 -1.391912e+00 5.028105e-01 -5.201011e-01 -6.450075e-01 -4.745872e-01 -1.228294e-01 -1.283670e+00 -6.054556e-03 
6.081696e-01 4.412316e+00 -3.544961e+00 4.446870e+00 -9.398296e-01 -1.619217e+00 -9.514588e-01 7.780858e-01 -2.598102e+00 -3.446860e+00 -3.559718e+00 -7.191772e+00 -9.459233e-02 -3.956127e-02 8.343612e-01 -1.147814e-01 3.755794e-02 1.553496e-01 -2.133521e-01 5.145337e-02 -3.825446e-01 2.090805e-01 5.663549e-01 -1.000217e+00 -8.383800e-01 -3.037345e-03 
9.215546e-02 6.253027e+00 -4.042327e+00 5.312467e+00 -3.074859e+00 -3.211788e+00 -2.866515e+00 -3.362773e+00 -7.702245e+00 -5.577261e+00 -2.376403e+00 -8.000385e+00 -7.481337e-02 -6.036539e-01 2.989482e-01 6.276048e-01 3.379756e-01 -8.030795e-02 1.054563e+00 1.559006e+00 1.522620e+00 6.420780e-01 1.924999e+00 1.196694e+00 6.732897e-01 2.564931e-03 
-2.468641e+00 4.449386e+00 -3.620157e+00 2.026914e+00 -7.033968e-02 2.563099e+00 -2.935205e+00 3.704455e+00 8.972518e-01 7.025516e-01 -3.924044e+00 -5.196717e+00 -9.492493e-02 -1.147191e+00 3.119721e-01 4.363160e-01 -1.251011e+00 -4.494025e-01 1.758144e+00 9.281594e-01 1.702588e+00 1.164631e+00 2.397609e+00 1.847184e+00 2.100209e+00 -4.054987e-03 
-2.897686e+00 5.176988e+00 -1.096761e+00 4.977321e+00 -9.128799e-01 3.408221e+00 3.828234e+00 6.506315e+00 8.594130e-01 3.402973e+00 4.903268e+00 2.096075e+00 -8.738697e-02 -1.123044e+00 -3.002145e-01 -1.938675e-01 -7.507940e-01 1.152462e+00 1.509607e+00 6.903041e-01 1.486589e+00 8.715061e-01 1.829735e+00 1.851358e+00 1.720700e+00 -5.910432e-03 
-3.632866e+00 6.510197e+00 -2.836164e+00 -1.640610e+00 -4.267832e+00 3.861497e+00 3.419634e-01 4.356482e+00 -1.055777e+00 4.051069e+00 2.036369e+00 -1.738955e+00 -1.085805e-01 -5.101326e-01 -1.224504e-01 -8.210634e-01 -1.095990e-01 4.299298e-01 -5.048581e-01 -5.057849e-01 -1.248835e+00 -1.399058e+00 -4.597018e-01 1.843600e+00 1.066591e+00 -6.245268e-03 
-4.940954e+00 3.721549e+00 -5.403661e+00 3.392259e+00 4.786199e+00 3.687048e+00 -1.053579e+00 3.744157e+00 -2.368200e+00 1.897157e+00 3.900179e+00 -1.125769e+00 -9.753776e-02 -4.354392e-01 -2.754269e-02 -5.729489e-01 -2.848697e-01 -2.324855e-01 -7.477624e-01 -1.090372e+00 -1.682197e+00 -1.464002e+00 -1.076379e+00 -6.075102e-01 4.015742e-01 -3.670156e-03 
-3.997670e+00 4.564853e+00 -5.572024e+00 2.271450e+00 -7.702301e-01 -1.006045e-01 -3.023223e+00 -1.158643e+00 -4.484229e+00 -8.430493e-01 5.795498e+00 1.747159e+00 -1.210759e-01 -3.825072e-01 -1.982002e-01 5.278481e-01 3.356472e-01 -6.401563e-01 -7.140373e-01 -2.606235e-02 -1.640452e+00 -1.484102e+00 -5.207255e-01 -3.100309e-01 9.766454e-01 1.359928e-03 
-4.892480e+00 6.011947e+00 -2.593575e+00 1.596942e+00 -3.824109e+00 1.650460e+00 5.896610e-02 8.528924e-01 -4.746370e+00 4.681377e-01 -1.384759e-02 2.360889e+00 -9.949005e-02 -3.056172e-01 5.129199e-02 1.174524e+00 -5.747359e-01 -1.151651e+00 3.966576e-01 4.955350e-01 -2.600454e-01 -3.006568e-02 4.729845e-02 -4.666195e-01 1.149675e+00 -8.307099e-04 
-5.569639e+00 4.373997e+00 -1.601966e+00 9.352842e-01 -3.163460e+00 1.309605e+00 -3.446209e-01 -2.400147e+00 -7.287200e+00 2.161951e+00 2.443227e+00 1.400943e+00 -1.008047e-01 -3.282132e-01 -1.642993e-01 1.139981e+00 -1.337805e-01 8.913885e-01 1.614354e+00 1.008266e+00 5.139681e-01 3.514261e-01 -5.086273e-01 -5.087569e-01 2.727633e-01 6.096244e-04 
-5.683056e+00 4.073437e+00 -1.516073e+00 1.186662e+00 2.245594e-01 4.965231e+00 8.479452e-02 3.064682e+00 -1.117043e+00 6.311488e-01 3.243217e+00 4.795714e+00 -1.118269e-01 -2.006447e-01 -3.351232e-01 1.881129e-01 -7.171038e-01 5.183858e-01 1.167339e+00 2.529760e-01 5.824795e-01 6.893678e-01 2.175026e-01 6.066041e-01 -7.342478e-01 -5.153310e-03 
-5.243448e+00 4.712611e+00 -4.108693e-01 1.807687e+00 1.662378e+00 6.313777e+00 2.005194e+00 3.053027e-01 -4.541762e+00 -3.467691e+00 1.623181e+00 1.893563e+00 -1.118593e-01 -2.966603e-01 -4.216740e-01 -4.379117e-01 -7.687418e-01 -3.458428e-03 -5.183192e-02 -5.445600e-04 2.983690e-01 7.304837e-01 1.986489e-01 -8.879711e-02 -1.213377e+00 -5.157161e-03 
-6.058799e+00 4.167023e+00 -2.248559e+00 -2.424778e+00 -3.645099e+00 4.985069e+00 1.489385e-01 2.412565e+00 -2.672250e+00 4.370472e+00 3.429196e+00 -1.556660e+00 -1.197293e-01 -4.114669e-01 -8.307577e-01 -9.268152e-01 -3.441451e-01 -3.954234e-01 -1.444805e+00 -8.860924e-01 -1.598546e+00 -3.899635e-01 -5.473499e-02 -4.210583e-02 -1.509690e+00 -4.470455e-03 
-6.865069e+00 2.218834e+00 -3.425282e+00 -1.102705e+00 -1.245923e+00 1.040526e+00 -3.794158e-01 -5.822437e-01 -2.857178e+00 1.285534e+00 1.906252e+00 -1.489754e+00 -1.226393e-01 -2.425411e-01 -3.391955e-01 -6.336500e-01 4.622912e-02 -4.140074e-01 -1.300465e+00 -8.532103e-01 -3.404455e-01 1.123773e+00 -5.781431e-02 2.318881e-01 9.036013e-02 2.237129e-03 
-6.929580e+00 1.166537e+00 -4.642942e+00 9.211319e-01 -2.984067e-01 3.778343e-01 -3.153363e+00 -4.484277e+00 -3.909153e+00 -2.019139e+00 2.891153e+00 -1.061075e+00 -1.287892e-01 7.373762e-02 1.639007e-01 -2.397299e-01 7.794191e-01 6.978673e-01 -3.788366e-01 -1.119284e-01 2.942334e-01 1.062054e+00 -1.138794e+00 -7.359329e-01 2.889346e-01 1.092094e-02 
-6.020763e+00 4.516877e+00 -2.381928e+00 3.658775e-01 -2.081004e+00 2.115067e+00 -6.097068e-01 2.051496e+00 1.695554e+00 -5.619574e-01 3.051644e+00 2.097571e+00 -9.614372e-02 2.322927e-01 5.908311e-01 -4.131518e-02 3.498354e-01 3.575588e-01 5.201960e-01 3.025521e-01 1.334935e+00 1.070847e+00 -1.751186e-01 -9.173151e-01 -1.676365e-01 1.389507e-02 
-6.112264e+00 3.837505e+00 -3.968886e+00 7.380257e-01 2.617782e-01 2.553616e+00 -2.955577e-01 2.566862e+00 3.616538e-01 -3.997521e-01 -8.231646e-01 -1.905650e+00 -7.837236e-02 1.543132e-01 4.662565e-01 -2.388458e-02 5.935848e-04 3.463152e-01 4.790111e-01 6.029758e-01 1.461764e+00 7.207713e-01 3.400978e-01 -1.130344e+00 -5.692371e-01 1.186050e-02 
