-3.487982e+00 6.578937e+00 -8.687080e+00 -4.754335e+00 7.080776e+00 6.729995e+00 1.419433e+00 5.929798e+00 4.769446e+00 -1.314840e+00 -5.243654e-01 9.881513e-01 -1.512927e-01 -7.510549e-01 -3.654836e-01 -4.301152e-02 6.770968e-01 -3.090083e-01 -4.627234e-01 -1.307279e+00 -1.457703e+00 -1.194440e+00 3.143321e-01 2.880169e-01 -6.801690e-01 0.000000e+00 
-5.241817e+00 6.014095e+00 -9.356865e+00 -3.708431e+00 7.694009e+00 8.289092e+00 1.410761e+00 6.338160e+00 -3.172872e-01 -3.482048e+00 -6.408226e-02 -1.778869e+00 -1.512927e-01 -8.620180e-01 -5.937042e-01 -9.009878e-02 7.266147e-01 -4.367824e-01 -1.022022e+00 -1.959029e+00 -1.745357e+00 -5.328978e-01 1.260586e+00 1.739557e-01 -7.971487e-01 0.000000e+00 
-6.366339e+00 5.033939e+00 -8.567245e+00 -1.891804e+00 5.229118e+00 3.636829e+00 -5.112623e+00 -1.562900e+00 1.340612e+00 1.340424e+00 6.855776e-01 -1.029184e+00 -1.512927e-01 -5.879971e-01 -7.051107e-01 -2.901138e-01 7.670650e-01 -9.938350e-02 -6.724665e-01 -8.144266e-01 -1.288328e+00 6.152970e-01 2.489682e+00 6.864474e-01 -3.471747e-01 0.000000e+00 
-6.358893e+00 4.382915e+00 -9.197491e+00 -2.552528e+00 5.822693e+00 3.166469e+00 -5.109684e+00 9.493607e-01 3.819374e+00 3.660456e+00 -2.595584e-01 -1.988925e+00 -1.512927e-01 3.908005e-02 -1.543538e-01 3.814609e-02 7.350565e-01 -1.525407e-01 -1.422923e-01 8.894854e-01 5.820659e-01 1.113281e+00 2.531660e+00 1.114415e+00 3.001836e-01 0.000000e+00 
-5.869429e+00 3.868973e+00 -1.021734e+01 -1.496961e+00 7.519517e+00 5.928975e+00 6.075228e-01 2.182557e+00 5.777600e+00 7.562316e+00 3.005610e+00 -6.426945e-01 -1.512927e-01 3.368204e-01 1.877557e-01 3.551768e-01 3.138942e-01 6.635440e-01 4.008176e-01 1.983554e+00 2.389237e+00 4.190628e-01 6.897753e-01 5.288758e-01 6.370858e-01 0.000000e+00 
-5.294871e+00 5.824809e+00 -8.341089e+00 -2.305691e-01 5.786106e+00 6.431558e+00 2.998114e+00 7.375761e+00 3.030623e+00 6.065305e+00 4.347979e+00 -4.711957e-01 -1.512927e-01 -1.092653e-02 3.402639e-01 7.646505e-01 -6.515662e-02 2.692397e-01 -1.684195e-01 6.400379e-01 9.730002e-01 -1.589659e-01 -1.107097e+00 5.154729e-01 4.076344e-01 0.000000e+00 
-5.214248e+00 5.251771e+00 -7.219563e+00 -1.483312e+00 8.565131e+00 4.008373e+00 7.512487e-01 7.170086e+00 3.830301e+00 3.586876e+00 1.026188e+00 1.397381e+00 -1.512927e-01 -3.324276e-01 4.015855e-01 8.911189e-01 -4.126965e-01 -2.888296e-02 -6.219746e-01 -5.877929e-01 2.931927e-01 4.034862e-01 -6.667033e-01 4.025017e-01 -6.873146e-01 0.000000e+00 
-6.741117e+00 5.392835e+00 -6.873125e+00 -2.885136e+00 6.646084e+00 3.284672e+00 -1.981357e+00 3.320596e+00 3.998194e+00 1.126892e-01 3.307517e+00 -9.707900e-01 -1.512927e-01 5.597099e-01 5.734288e-01 1.918715e-03 -6.749229e-01 -1.381588e-01 5.402801e-03 1.064289e+00 5.536016e-01 1.249090e+00 -6.706847e-01 -1.486419e+00 -1.003622e+00 0.000000e+00 
-6.808444e+00 6.092888e+00 -6.495723e+00 -2.233160e+00 6.945113e+00 4.392544e+00 1.582941e-01 5.676103e+00 7.311246e+00 7.205108e+00 5.538349e+00 -3.829470e+00 -1.512927e-01 1.341882e+00 1.091671e-01 -9.686159e-01 -6.179812e-01 -6.590737e-01 2.809824e-01 1.245609e+00 1.333758e+00 2.135353e+00 -4.272578e-02 -1.596268e+00 -1.796737e+00 0.000000e+00 
-1.699224e+00 8.271395e+00 -8.693415e+00 -3.230259e+00 5.905322e+00 6.266486e+00 8.616036e+00 1.089076e+01 7.535601e+00 9.027658e-01 -5.340197e+00 -2.875881e+00 -1.512927e-01 1.047440e+00 2.327733e-02 -7.334778e-01 -3.436686e-01 -3.266467e-01 3.112823e-01 9.747574e-01 1.742467e+00 5.135025e-01 8.568160e-01 -2.638851e-01 -3.480760e-01 0.000000e+00 
-1.025786e+00 4.358326e+00 -1.115250e+01 -4.400656e+00 5.640144e+00 3.922378e+00 1.680598e+00 1.005379e+01 1.273836e+01 2.978209e+00 -2.631297e+00 -6.633760e+00 -1.512927e-01 6.037264e-02 -4.864489e-01 -3.125463e-01 1.112764e-01 -6.414174e-01 4.540107e-01 -8.389627e-01 -2.747621e-01 -8.319407e-01 -3.764685e-01 3.630684e-01 7.329502e-01 0.000000e+00 
-4.395245e+00 6.376503e+00 -8.212127e+00 -3.519731e+00 5.665335e+00 5.076167e+00 2.131278e+00 9.844086e+00 3.852148e+00 6.510219e+00 6.072914e+00 -1.309025e+00 -1.512927e-01 -1.152371e+00 -5.934414e-01 4.212800e-01 2.160221e-01 -7.984092e-01 4.427162e-01 -2.405626e+00 -2.229144e+00 -1.578479e+00 9.349071e-01 2.624306e+00 7.998513e-01 0.000000e+00 
-5.158570e+00 4.608089e+00 -8.299099e+00 -1.532043e+00 3.858019e+00 7.257757e+00 -7.941401e-01 4.825629e+00 4.993269e+00 2.519038e+00 1.647136e+00 -9.481477e-01 -1.512927e-01 -1.220529e+00 1.205266e-01 1.436364e+00 3.444880e-01 -8.708933e-01 3.960533e-01 -9.361302e-01 -2.112950e+00 -1.577400e+00 9.991913e-02 1.155527e+00 7.015496e-01 0.000000e+00 
-5.394686e+00 5.179307e+00 -8.013715e+00 -3.584455e+00 2.804338e+00 6.812377e+00 -2.174724e+00 2.359122e+00 3.515752e+00 5.806887e+00 5.642119e+00 -1.719431e+00 -1.512927e-01 -5.888160e-01 -6.905953e-01 3.561833e-01 -3.047198e-01 -5.502353e-02 1.970760e-01 -7.297399e-01 -2.264379e+00 -5.288341e-01 -4.580498e-01 -2.564972e-01 1.936028e-01 0.000000e+00 
-6.628711e+00 5.559557e+00 -4.069881e+00 -2.645854e+00 2.716176e+00 5.034539e+00 -8.470524e-01 3.231526e+00 5.019561e+00 3.829471e+00 3.361736e+00 -2.920809e+00 -1.512927e-01 -5.527412e-01 -8.759580e-01 -5.999632e-01 -9.331668e-01 2.018171e-01 -5.968016e-01 -2.972654e-01 -5.384766e-01 -4.759584e-01 1.988099e-01 -2.726187e-01 -3.053370e-02 0.000000e+00 
-6.604255e+00 2.447792e+00 -8.545819e+00 -4.486424e+00 5.961139e+00 7.173157e+00 -1.490966e+00 -6.807590e-01 1.194831e+00 3.564753e+00 3.933128e+00 6.453199e-01 -1.512927e-01 -4.367208e-01 -6.654932e-01 -9.475626e-01 -6.715566e-01 1.938492e-01 -7.151815e-01 -9.040222e-02 -4.332055e-01 -3.773483e-01 -1.490307e-01 -7.894906e-01 -3.167616e-01 0.000000e+00 
-7.317492e+00 1.594057e+00 -1.103286e+01 -5.746892e+00 3.288704e+00 4.093359e+00 -2.622346e+00 3.653187e+00 3.773937e+00 4.634154e+00 1.138537e+00 -2.283192e+00 -1.512927e-01 -4.258461e-02 3.290095e-02 -9.569883e-01 -3.427714e-01 -2.181837e-01 -4.263113e-01 -3.271878e-01 -9.827176e-02 -5.257513e-02 -1.415491e-01 -3.065764e-01 1.639701e-01 0.000000e+00 
-7.233899e+00 3.834590e+00 -9.270037e+00 -5.391719e+00 3.487320e+00 3.707059e+00 -1.739088e+00 -1.773548e-02 2.251822e+00 4.659391e+00 2.806265e+00 -3.622048e+00 -1.512927e-01 1.309280e-01 2.790251e-01 -4.531457e-01 2.995103e-01 -8.611399e-01 -1.508444e+00 -8.140385e-02 7.883080e-01 4.071279e-01 -3.889664e-01 -3.835020e-01 -6.175736e-01 0.000000e+00 
-6.526812e+00 5.030663e+00 -8.492714e+00 -3.907063e+00 2.862167e+00 4.636031e+00 -2.358930e+00 2.408656e+00 4.228190e+00 2.574406e+00 2.392285e+00 3.272510e-02 -1.512927e-01 3.260134e+00 -2.829863e+00 1.725411e+00 -4.924479e-01 -1.819850e+00 -9.069045e-01 3.230393e-01 1.701630e+00 1.455412e+00 -2.482767e+00 -5.976256e-01 7.365878e-01 1.027272e-01 
-6.344954e+00 2.124614e+00 -1.208162e+01 -3.908787e+00 1.868708e+00 -6.404004e-01 -2.029693e+00 3.883046e+00 3.003344e+00 2.649795e+00 1.388744e+00 -3.600507e+00 -1.512927e-01 4.792058e+00 -4.442971e+00 3.032746e+00 -8.425172e-01 -2.964448e+00 -5.472387e-01 3.685366e-01 3.496669e+00 2.468088e+00 -3.301576e+00 -1.994661e+00 1.366617e+00 2.164927e-01 
8.538707e+00 -1.170027e+01 -1.000016e+00 -8.950598e+00 -5.001242e+00 1.732567e+00 -8.618471e-01 1.021095e+01 1.067523e+01 -6.774884e+00 -1.140830e+00 1.388977e+00 3.623435e-01 4.569394e+00 -3.497792e+00 4.156537e+00 7.124477e-01 -3.064938e+00 -1.234326e+00 1.504197e-01 2.077969e-01 1.582632e+00 -1.093830e+00 -3.122643e+00 1.812139e+00 2.547674e-01 
9.193632e+00 -1.001480e+01 2.147342e+00 -7.082538e+00 -7.403218e+00 2.422598e+00 -6.449469e-01 1.356446e+01 1.136874e+01 -7.173842e+00 -5.400484e+00 2.532911e+00 6.743528e-01 2.833775e+00 -1.060806e+00 4.486217e+00 2.712392e+00 -2.730651e+00 -1.795423e+00 -4.962428e-01 -1.708632e+00 6.451834e-01 1.322169e+00 -3.059762e+00 3.237043e+00 2.210658e-01 
8.550866e+00 -6.388595e+00 5.175490e+00 1.242051e+00 -7.826558e+00 -3.067098e+00 -2.299205e+00 -1.393068e+00 7.958653e+00 2.017073e+00 -9.826319e+00 6.026711e+00 7.097214e-01 -2.343935e-01 1.459067e+00 2.302020e+00 3.964768e+00 -1.284468e+00 -2.209823e+00 -1.820516e+00 -2.871874e+00 -5.089198e-01 2.822196e+00 -1.386914e+00 1.564693e+00 9.945536e-02 
7.817842e+00 -5.835257e+00 7.261713e+00 4.556850e+00 -1.037189e+01 -7.217685e+00 -3.792228e+00 1.141894e+00 7.587552e+00 4.864663e+00 -9.567326e+00 1.026584e+01 7.803476e-01 -4.086677e-01 9.351929e-01 1.564037e+00 2.021124e+00 -1.792702e-01 -1.880203e+00 -9.843251e-01 -1.738157e+00 -1.635747e+00 2.603930e+00 -3.704958e-02 9.068907e-01 3.791531e-02 
8.054634e+00 -6.494709e+00 7.952899e+00 5.053547e+00 -9.939248e+00 -4.496408e+00 -8.390786e+00 2.062863e+00 1.002123e+01 1.316842e+00 -5.991977e+00 5.345978e+00 8.066229e-01 -5.064936e-01 6.919207e-01 5.761389e-01 -1.572463e-01 2.689535e-01 -1.343334e+00 6.411492e-01 8.736631e-01 -1.539207e+00 1.704204e+00 7.756645e-01 -1.502375e-01 3.015700e-02 
7.398409e+00 -5.285775e+00 8.578821e+00 1.117334e+00 -7.243224e+00 -6.263762e+00 -2.520781e+00 3.145714e+00 2.158715e+00 6.195926e+00 -7.502903e+00 7.407731e+00 8.154787e-01 -5.221643e-01 7.641312e-01 -1.025558e-01 -7.854084e-01 3.299643e-01 -4.408496e-01 2.100222e+00 -5.306917e-01 -1.468771e+00 1.089462e+00 1.316103e+00 -5.057096e-02 2.198428e-02 
6.228115e+00 -3.203732e+00 7.397631e+00 2.175578e+00 -8.046123e+00 -1.026073e+01 2.708182e-01 1.973338e+00 2.977036e+00 9.872459e+00 -6.980207e+00 6.704579e+00 8.429409e-01 -5.865861e-01 -4.403548e-02 4.611616e-02 -4.146293e-01 3.100893e-01 -7.826527e-01 2.817858e+00 -8.366879e-01 -1.303402e+00 8.517739e-01 5.304186e-01 7.816284e-01 3.114909e-02 
6.120280e+00 -3.660089e+00 7.026568e+00 2.068793e+00 -9.668630e+00 -6.539772e+00 2.378082e+00 -1.466803e+00 3.765794e+00 6.034162e+00 -2.492694e+00 9.333688e+00 8.721100e-01 -4.455244e-01 -9.181347e-01 9.891278e-01 5.300694e-01 -6.748804e-01 -1.464002e-01 6.962413e-01 -1.865611e+00 6.529974e-01 -1.006754e+00 1.280006e+00 1.088681e-01 4.262909e-02 
5.760768e+00 -7.527730e+00 8.959606e+00 2.504671e+00 -7.176099e+00 -8.271667e+00 3.249073e+00 1.856818e-01 2.700677e+00 5.656593e+00 -5.844988e+00 8.291142e+00 9.340526e-01 -2.391169e-01 -1.433647e+00 1.870658e+00 5.554925e-01 -1.178134e+00 8.174317e-01 -7.366222e-01 -1.764511e+00 3.278400e-01 -1.962835e+00 1.234531e+00 3.711640e-01 4.215891e-02 
5.404460e+00 -7.714449e+00 1.274347e+01 3.603134e+00 -1.105264e+01 -7.990294e+00 -5.287024e-01 -5.288513e+00 5.561881e+00 3.270089e+00 -1.670482e+00 7.158791e+00 9.830683e-01 -1.634784e-01 -9.151773e-01 1.902795e+00 1.069847e+00 -1.133595e+00 4.335513e-01 -7.594047e-01 -2.129538e+00 -7.357761e-01 -8.716100e-01 5.484689e-01 5.107088e-01 3.145737e-02 
5.390441e+00 -8.344789e+00 1.389247e+01 4.185870e+00 -1.324479e+01 -5.448309e+00 -1.958900e+00 -4.938364e+00 3.718193e+00 1.440321e+00 -1.218659e+00 9.647848e+00 9.982563e-01 2.334521e-01 -2.140720e-01 1.545740e+00 6.483642e-01 -1.292815e+00 3.814808e-01 -3.724099e-01 -2.434121e+00 -1.038891e+00 -6.858932e-01 4.414031e-01 6.746291e-01 1.461214e-02 
5.488052e+00 -7.827446e+00 1.407411e+01 6.577426e+00 -1.230226e+01 -5.783694e+00 1.185046e+00 -9.552467e+00 -4.218442e-01 3.784248e+00 -2.063514e+00 1.120888e+01 9.972950e-01 6.490287e-01 -2.556621e-01 1.353787e+00 2.027664e-02 -8.755692e-01 4.257587e-01 7.549374e-02 -1.562878e+00 -1.408022e+00 -6.281020e-01 -4.596246e-01 6.458108e-01 -4.196167e-06 
6.886233e+00 -8.541591e+00 1.602298e+01 4.259346e+00 -1.301536e+01 -7.467563e+00 5.301497e-01 -9.852943e+00 4.980862e-01 1.970048e+00 -3.441457e+00 9.639243e+00 1.000000e+00 4.826580e-01 1.200328e-01 1.538510e+00 -3.635913e-01 -9.377020e-01 5.030724e-01 5.077726e-01 -1.543583e+00 -9.376293e-01 -6.431379e-01 -7.684870e-01 -1.277276e-01 -5.712664e-03 
7.901707e+00 -8.894359e+00 1.844715e+01 3.667779e+00 -1.554520e+01 -4.851874e+00 -1.395759e+00 -1.064561e+01 1.318254e-01 -1.352841e-01 -2.857206e+00 1.039215e+01 9.821755e-01 9.096269e-02 5.599754e-01 1.470898e+00 -6.403126e-01 -6.701639e-01 1.019180e+00 2.650219e-01 -7.824872e-01 -1.500575e-01 -1.644863e+00 -6.189844e-01 -9.227128e-01 -1.496240e-02 
6.596903e+00 -7.211169e+00 1.939850e+01 3.822737e+00 -1.631183e+01 -3.398857e+00 1.870365e+00 -1.210971e+01 -1.246789e+00 1.843975e-01 -4.664248e+00 9.417576e+00 9.772528e-01 -5.234501e-01 9.457258e-01 1.670879e+00 -3.185664e-01 4.562559e-01 4.784372e-01 7.394077e-01 -7.185567e-01 -5.709456e-01 -9.229389e-01 -7.887393e-01 -1.212352e+00 -1.921673e-02 
6.087530e+00 -5.692780e+00 1.974084e+01 3.594168e+00 -1.400485e+01 -2.722147e+00 1.840048e+00 -1.233652e+01 -2.996941e-01 -3.547240e+00 -4.547040e+00 6.706148e+00 9.338566e-01 -7.652117e-01 1.021460e+00 1.692223e+00 -4.606698e-01 1.706985e+00 -1.478891e-02 5.332410e-01 -1.939498e-01 -9.072238e-01 -7.263147e-01 -1.175167e+00 -1.975157e+00 -2.334754e-02 
5.176071e+00 -5.413752e+00 2.373053e+01 2.703320e+00 -1.150426e+01 -6.140241e+00 2.609285e+00 -1.260027e+01 -2.140882e+00 -9.386685e-01 -6.540236e+00 5.420481e+00 9.280758e-01 -1.636232e-01 7.085730e-01 1.607906e+00 -8.834966e-01 2.192712e+00 -5.547813e-01 -3.496437e-01 7.542785e-01 -1.398188e+00 -6.130079e-01 -1.142662e+00 -1.096567e+00 -3.967078e-02 
4.786065e+00 -4.685769e+00 2.474225e+01 1.924139e+00 -9.414054e+00 -3.555127e+00 9.009858e-01 -1.137008e+01 -3.957247e+00 -3.205325e+00 -7.795048e+00 2.514910e+00 8.900263e-01 -1.097953e-01 6.574034e-01 1.236910e+00 -9.791918e-01 1.735931e+00 3.337860e-02 -3.138646e-01 5.481101e-01 -2.332305e+00 7.551229e-02 -6.262751e-01 -4.832697e-02 -4.460160e-02 
6.429520e+00 -4.171810e+00 2.493733e+01 2.402680e-01 -7.643662e+00 -5.756273e+00 5.916772e-01 -8.821535e+00 -6.408954e+00 -3.051600e+00 -8.753553e+00 6.030362e+00 8.008140e-01 -1.115482e-02 4.509861e-01 1.758585e-01 -5.420308e-01 7.790254e-01 1.191029e+00 -5.583099e-01 2.841102e-01 -1.585170e+00 -1.263757e+00 8.013832e-01 2.134089e-01 -4.915019e-02 
4.911829e+00 -3.026734e+00 2.532199e+01 -7.026529e-02 -7.255490e+00 -2.747237e+00 1.279529e+00 -1.148534e+01 -9.827185e+00 -2.113213e+00 -6.571757e+00 6.159573e+00 7.744795e-01 -1.292282e-01 6.907392e-02 -2.396379e-01 -4.149766e-01 8.785295e-01 7.110683e-01 -1.091118e+00 9.593247e-01 -1.211277e+00 -1.688986e+00 1.992761e+00 -7.022790e-01 -5.296218e-02 
5.057415e+00 -3.988338e+00 2.431995e+01 9.903679e-01 -8.688413e+00 -5.890388e-01 -3.715355e-01 -1.112209e+01 -7.131765e+00 -7.803509e+00 -3.144966e+00 4.665194e+00 7.400982e-01 -6.258351e-01 4.987252e-01 -3.689434e-01 4.639196e-03 1.042670e+00 -5.103890e-01 -1.110852e+00 1.921483e+00 -1.569841e+00 -1.733325e+00 2.696056e+00 -2.703088e+00 -6.242310e-02 
4.825976e+00 -4.432135e+00 2.385275e+01 -5.257945e-01 -4.499031e+00 -2.583403e+00 -4.072998e+00 -5.423179e+00 -9.652225e+00 -9.274299e+00 -6.355364e-01 -3.139014e-01 6.555732e-01 -5.846857e-01 8.341696e-01 -1.240788e+00 1.758892e-01 2.059725e+00 -2.587008e+00 -7.027534e-01 1.442486e+00 -2.265449e+00 -3.897359e-01 1.584554e+00 -2.335146e+00 -7.394782e-02 
3.343270e+00 -9.754833e-01 2.382723e+01 4.912286e-01 -3.808543e+00 -8.390136e+00 -2.286322e+00 -2.245202e+00 -1.434564e+01 -8.137683e+00 1.758615e+00 -4.248341e+00 5.481517e-01 -8.497123e-01 1.569137e+00 -1.122044e+00 1.028391e+00 1.509528e+00 -2.853518e+00 -7.774779e-01 9.217464e-01 -4.721452e+00 4.511905e-01 1.063436e+00 -2.184271e+00 -9.358953e-02 
2.845473e+00 -3.623142e-01 1.936442e+01 1.058750e+00 6.032019e-01 -1.178173e+01 -1.276845e+00 -8.711357e+00 -1.754749e+01 -3.894805e+00 -1.100776e+00 -1.059389e+00 5.007137e-01 -9.663515e-01 2.756020e+00 -4.893151e+00 2.057584e+00 1.755042e+00 -1.012216e+00 2.880691e-01 6.092791e-01 -2.162435e+00 2.303712e-01 8.286155e-01 -7.952994e-01 -1.660196e-01 
1.799105e+00 1.822437e+00 2.095390e+01 5.340050e+00 -3.691889e+00 -1.025747e+01 -5.657001e+00 -4.869271e+00 -2.679139e+01 -8.237303e+00 2.404836e+00 -5.883419e+00 3.495803e-01 -1.439839e+00 2.672112e+00 -7.512364e+00 1.164756e+00 3.116921e+00 2.943877e+00 -1.409290e-01 1.113839e+00 2.502511e+00 2.787975e-01 1.004968e-01 -1.548231e-01 -1.974842e-01 
7.663012e-01 7.949006e+00 8.236618e-01 7.337714e+00 4.217854e+00 -6.710816e+00 -9.473130e-01 -1.064749e+00 -1.424152e+01 -8.072633e+00 3.184430e+00 -3.472859e+00 -7.523906e-02 -1.859119e+00 2.276586e+00 -7.547215e+00 -6.654693e-01 3.180267e+00 5.206752e+00 -1.326073e-01 3.123645e+00 6.499001e+00 2.501825e+00 3.023955e-01 -4.953524e-01 -1.804886e-01 
-2.816340e+00 8.229417e+00 -4.464209e+00 3.175524e+00 9.968738e+00 3.793797e+00 -3.155733e+00 -4.993100e-01 -3.486068e+00 -4.654781e+00 1.184952e-01 -3.815721e+00 -1.512927e-01 -1.713858e+00 2.324270e-01 -6.573709e+00 -2.179053e+00 3.095858e+00 3.976878e+00 1.825345e-01 2.006258e+00 6.444192e+00 3.015589e+00 -7.988570e-01 1.434458e-01 -1.077800e-01 
-4.142402e+00 7.817124e+00 -5.662603e+00 -1.186333e+00 9.674226e+00 7.226404e+00 -3.190516e+00 4.721887e+00 3.294847e+00 6.823059e+00 1.554372e+00 -4.569999e+00 -1.512927e-01 -9.872741e-01 -7.109696e-01 -1.916094e+00 -2.208386e+00 -1.085730e-01 1.549867e+00 -1.157059e-01 1.763561e+00 3.648295e+00 1.972159e+00 -5.209264e-01 1.683231e-01 -1.521072e-02 
-4.315832e+00 3.050513e+00 -8.671517e+00 -1.293190e+00 9.059215e+00 2.658314e+00 -3.622727e+00 2.268705e+00 -3.338615e+00 -6.071998e-01 -7.744195e-01 -4.617620e+00 -1.512927e-01 8.608077e-01 -3.182958e-01 3.604770e-01 -2.923328e-01 -1.651768e+00 -1.694653e+00 4.832518e-01 3.659795e-01 -6.370234e-01 2.367649e-02 6.722153e-01 9.213991e-02 0.000000e+00 
-3.420323e+00 6.983610e+00 -6.653155e+00 -1.469861e+00 4.129750e+00 1.606259e+00 -1.292345e+00 6.369046e+00 3.926225e+00 -2.356281e-01 1.026256e+00 -2.230294e+00 -1.512927e-01 3.234391e+00 -1.019652e-01 1.190077e+00 2.779456e+00 -2.378031e+00 -2.839346e+00 1.504770e+00 -2.032193e+00 -2.876977e+00 -2.740231e+00 1.777249e+00 -1.861371e-01 6.122428e-02 
1.126659e+00 7.054695e+00 -2.166548e+00 1.855624e+00 4.482135e+00 -1.869398e+00 -1.688559e+00 5.070077e-01 -6.986875e+00 -1.007056e+00 3.743630e+00 -4.524874e+00 -1.512927e-01 2.710660e+00 1.050529e+00 1.791561e+00 3.609980e+00 -1.313425e+00 -1.609216e+00 3.184900e+00 -3.647387e+00 -2.902097e+00 -2.365110e+00 2.551087e+00 -8.061084e-01 6.894144e-02 
9.308309e+00 5.305208e+00 -2.964706e+00 1.113654e+01 7.260799e-02 -4.706470e+00 3.366252e+00 -4.558230e+00 -9.265907e+00 -6.678168e+00 8.181593e+00 -5.547058e+00 1.548287e-01 -1.236113e-01 -1.488556e+00 -9.912117e-01 1.445946e+00 -1.566427e+00 -1.402746e+00 3.305238e+00 -4.842692e+00 -3.018433e+00 -1.789262e+00 2.242178e+00 -3.907486e-01 5.523100e-02 
2.873151e+00 9.142359e+00 -1.557938e+00 1.045351e+01 4.520660e+00 -2.231403e+00 9.972471e+00 -1.050459e+01 -1.125303e+01 -9.211478e+00 8.403348e+00 -6.989780e+00 4.035383e-02 -2.421506e+00 -2.653162e+00 -2.933790e+00 -1.287073e+00 -1.569118e+00 -1.397821e-01 2.725058e+00 -2.250869e+00 1.082792e+00 -1.894844e-01 -3.432820e-02 6.202698e-01 1.704209e-02 
-4.911626e+00 -1.503000e+00 -1.191352e+01 1.460926e+00 -3.721645e+00 -5.226467e+00 9.403331e+00 -1.233861e+01 -9.032860e+00 -5.079729e+00 9.907290e+00 -2.951584e+00 2.903908e-02 -3.180353e+00 -2.983074e+00 -2.800926e+00 -2.606412e+00 2.989431e-01 1.610730e+00 4.426417e-02 -1.023031e+00 1.501225e+00 1.231252e+00 -1.163838e+00 1.377382e+00 -4.085004e-02 
-3.870907e+00 -2.807014e+00 -1.236109e+01 2.580657e-01 -1.466331e+00 -2.308310e+00 8.918191e+00 -6.857147e+00 -1.689440e+00 -2.753697e+00 2.709141e+00 -2.721262e+00 -3.187418e-03 -1.076971e+00 -2.713214e+00 -1.630177e+00 -1.687638e+00 -1.212864e-01 1.784357e+00 -1.402408e+00 3.042004e-01 1.685121e+00 2.301558e+00 -1.007614e+00 8.188859e-01 -2.261055e-02 
-3.221429e+00 -3.635477e+00 -1.156776e+01 3.202200e+00 4.560819e+00 3.385631e+00 4.114713e+00 -1.149711e+01 -6.541577e+00 -3.750797e+00 5.209508e+00 -7.944088e-01 -2.765083e-02 5.111672e-01 -5.921693e-01 5.433311e-01 -6.603127e-01 7.850197e-01 2.194726e+00 -7.752627e-01 1.116831e+00 8.654333e-01 1.466945e+00 -1.597114e+00 -8.003787e-01 -1.895333e-02 
-3.356801e+00 -3.357471e+00 -9.881701e+00 1.144685e+00 -2.270041e-01 2.384334e+00 5.604739e+00 -9.404343e+00 -4.073072e+00 1.631846e+00 5.714169e+00 -3.973938e+00 -4.435396e-02 1.319791e-01 -5.229456e-01 9.593467e-01 -4.855275e-02 5.432537e-01 1.206408e+00 -2.066671e-01 1.197843e+00 2.306219e-01 9.556099e-01 -1.281986e+00 -1.298901e+00 -1.398127e-02 
-2.612843e+00 -4.188618e+00 -1.043656e+01 -2.283947e+00 -4.162102e-01 3.400843e+00 7.183744e+00 -5.480862e+00 -3.513877e+00 6.222379e-02 4.192036e-01 -6.327139e+00 -4.514432e-02 -7.046747e-02 -3.399746e-01 1.028148e-01 -3.207087e-01 -1.206614e-01 -1.655489e-01 2.390470e-01 1.802635e+00 5.738592e-02 4.543747e-01 -1.972038e+00 -2.413519e+00 -1.529555e-02 
-3.515305e+00 -5.145172e+00 -8.129959e+00 2.758376e+00 3.738452e+00 3.716125e+00 6.350340e+00 -3.876058e+00 -2.050181e+00 1.178428e-01 -1.305634e+00 -6.449403e+00 -6.434703e-02 -7.909374e-02 -5.310774e-02 1.463590e-02 4.396218e-01 8.570701e-01 2.219331e-01 -1.376256e+00 1.475282e+00 2.246590e-01 1.724632e+00 1.124818e+00 -1.304415e-01 -1.924785e-02 
-3.494514e+00 -4.441500e+00 -1.192956e+01 7.918110e-01 1.974784e+00 1.891991e+00 4.937147e+00 -5.248078e+00 -7.266093e+00 -7.219212e-01 -1.140781e+00 -1.162427e+01 -9.413207e-02 3.200657e-01 6.919062e-01 1.278449e+00 1.591938e+00 1.034214e-01 -9.286327e-01 -8.395708e-01 1.593495e+00 -1.336376e+00 1.394030e+00 3.157344e+00 7.309566e-01 1.207447e-03 
-3.311434e+00 -3.496569e+00 -9.062022e+00 1.804914e+00 2.862850e+00 4.248426e+00 -1.532439e-01 -2.144325e+00 -1.073669e+00 1.064708e+01 1.211825e+01 -1.977581e+00 -1.160994e-01 1.530164e+00 8.481510e-01 2.404668e+00 -1.770931e-01 -7.269913e-01 -3.585898e-01 -1.941923e+00 2.790805e+00 -7.441010e-01 -5.159212e-01 2.159874e+00 3.598940e-01 3.187209e-02 
-1.114450e+00 -1.553388e+00 -3.578281e+00 6.152474e+00 5.386982e-01 -1.508471e+00 6.237682e+00 1.620748e+00 -1.068401e+01 1.767757e+00 9.493980e+00 -4.908267e+00 -1.323092e-02 1.648891e+00 -1.307318e-01 3.169888e+00 -1.715413e+00 2.919359e-01 -6.646584e-01 -2.696178e+00 3.993189e+00 2.091505e-01 -2.323320e+00 -3.370079e-01 1.364617e+00 6.169397e-02 
2.945482e+00 -2.348472e+00 -2.822566e-01 -8.074214e-01 8.215389e-01 3.623407e+00 -4.009545e+00 6.643552e+00 -4.061728e+00 -3.706602e+00 4.176354e+00 -8.007935e+00 5.456287e-02 8.743347e-01 1.988309e-01 8.271790e-01 -1.715784e+00 1.279465e+00 -1.382870e+00 -3.066222e+00 3.216344e+00 1.315490e+00 -3.973269e+00 -3.650967e+00 5.797811e-01 1.817705e-02 
1.621485e+00 -5.669208e+00 -4.700012e-01 -6.479088e+00 4.455119e+00 -1.118792e+00 -6.615590e+00 1.032393e+01 -4.726312e+00 -5.161678e+00 1.145127e+00 -1.786008e+00 1.290067e-01 -1.166162e-01 8.278559e-01 -2.427462e+00 -9.862255e-01 3.037106e+00 -8.400509e-01 -2.763139e+00 1.451720e+00 3.867116e+00 -1.852975e+00 -3.069025e+00 3.884149e-01 -4.270193e-02 
-3.077278e-01 -4.445051e-01 -6.480268e+00 -4.582243e-01 7.301965e+00 -2.860763e+00 -9.057720e+00 9.585805e+00 2.524931e+00 -5.754548e+00 -1.962155e+00 -6.398051e-01 -9.633291e-02 -1.285337e+00 1.082468e+00 -3.785327e+00 8.185126e-01 2.475180e+00 -6.222547e-01 1.188462e+00 7.729098e-01 3.413749e+00 2.631826e-01 -1.060681e+00 7.600413e-01 -6.920104e-02 
-7.092571e-02 1.633908e+00 -1.261659e+01 1.046748e+00 1.248402e+01 -2.466640e+00 -5.053926e+00 7.408219e+00 5.358242e+00 -6.473145e+00 -2.781892e+00 -6.650257e+00 -1.512927e-01 -7.643682e-01 1.908499e+00 -2.986440e+00 3.322192e-01 1.122903e+00 1.540043e+00 2.335928e+00 3.560987e-01 3.408822e+00 1.214040e-01 -9.075946e-01 -9.355851e-02 -6.155585e-02 
-2.634999e+00 -5.876914e-01 -1.313560e+01 -4.777768e-01 9.182990e+00 1.186057e+00 1.151931e+00 1.196596e+01 7.964742e+00 -1.734956e+00 8.364609e-01 -1.775603e+00 -1.512927e-01 -3.840379e-01 8.140857e-01 -1.209556e+00 -1.233453e+00 -1.375503e+00 1.926659e+00 1.677730e+00 -3.627592e-01 1.030027e+00 1.566781e+00 7.708621e-01 3.719303e-01 -1.099196e-02 
-1.036720e+00 3.944880e+00 -1.207454e+01 -4.808216e+00 9.129122e+00 4.558014e+00 -4.077567e-02 1.091434e+01 9.597891e+00 -6.564454e+00 -4.792153e+00 -1.685901e+00 -1.512927e-01 -3.498389e-01 7.940311e-01 2.247958e-02 -1.240870e+00 -2.412100e+00 1.557604e+00 1.856985e-01 -7.785354e-01 -5.414187e-01 2.047902e+00 6.558506e-01 1.234025e+00 0.000000e+00 
-1.745020e+00 2.470437e+00 -1.279907e+01 -3.698009e+00 2.101898e+00 3.260206e+00 -3.175644e+00 6.018946e+00 5.555243e+00 2.125011e+00 2.897286e+00 -1.262331e+00 -1.512927e-01 -2.461218e-01 1.522683e+00 1.080537e+00 -4.228929e-01 -3.196030e-01 1.590421e+00 6.165776e-01 -1.128400e+00 -1.068027e+00 1.614313e+00 1.576996e-01 4.575447e-01 0.000000e+00 
-2.265110e+00 4.075000e+00 -1.267245e+01 -3.547486e+00 3.964063e+00 4.284306e+00 -1.961647e+00 6.489047e+00 3.855898e+00 1.836380e+00 -5.330515e-01 -7.367699e-01 -1.512927e-01 -7.644522e-01 9.213755e-01 1.369730e+00 2.481761e-01 7.050610e-03 2.351414e-01 3.191661e-01 -1.087858e+00 -1.787187e+00 7.813168e-01 8.322340e-01 2.291288e-01 0.000000e+00 
-3.251413e+00 6.960662e+00 -7.433956e+00 -3.222606e+00 1.016750e+01 9.275019e+00 5.195254e+00 8.536604e+00 5.495605e+00 2.136192e+00 -5.045919e-01 3.755522e-02 -1.512927e-01 -6.562203e-01 9.904062e-01 1.454526e+00 -4.716061e-02 7.226855e-01 -2.625773e-01 4.217523e-02 -5.878259e-01 -1.289106e+00 -1.407678e+00 -2.051654e-01 -3.091687e-02 0.000000e+00 
-4.105784e+00 6.306645e+00 -7.908444e+00 -3.805037e+00 5.131571e+00 2.726315e+00 -2.630394e+00 4.216227e+00 6.917763e-01 -2.663461e+00 1.069956e+00 -1.190200e+00 -1.512927e-01 -4.535720e-01 3.809273e-01 9.053527e-01 -1.097533e-01 -2.700917e-01 -9.664685e-01 -9.163143e-01 -8.866018e-01 -1.113207e+00 -1.379933e+00 4.780563e-01 -2.134617e-01 0.000000e+00 
