-1.252165e+01 5.377890e+00 2.177677e+00 4.861513e+00 8.244538e+00 -1.586975e+00 -1.216498e+01 3.638804e+00 4.363083e+00 2.212888e+00 -1.188465e+00 -4.661200e+00 -1.512927e-01 -3.632143e-01 -1.548602e+00 1.694108e+00 -7.761551e-01 -1.582469e+00 2.918425e+00 -1.488201e-01 1.581332e+00 1.306468e-01 -1.026414e+00 4.075681e-01 -2.045828e-01 4.086199e-02 
-1.389757e+01 2.799181e+00 6.668523e+00 2.552947e+00 1.145061e+00 3.323290e+00 -9.303582e+00 4.417651e+00 3.972660e+00 -2.030890e+00 1.713383e+00 -4.894503e+00 -1.327469e-01 -3.393822e-02 -5.480163e-01 2.134432e+00 6.750519e-01 -2.349027e-01 2.459873e+00 1.063492e+00 1.896560e+00 4.695468e-01 -1.380343e-02 1.050458e+00 -9.562647e-01 2.502050e-02 
-1.364976e+01 -1.075764e+00 8.402793e+00 2.135021e+00 3.881933e+00 1.055002e+01 -1.433978e+01 1.115604e+01 5.211528e+00 -7.972924e-01 -6.015494e-01 -5.567462e+00 4.374439e-02 3.429890e-03 3.305936e-01 8.996380e-01 9.273546e-01 7.098606e-01 -1.412750e-01 9.053060e-01 8.815138e-01 3.068171e-01 5.199046e-01 2.230727e-01 -3.023538e-01 9.038210e-04 
-1.212729e+01 5.864635e+00 9.737280e+00 9.600019e+00 9.251328e+00 4.643892e+00 -5.760123e+00 9.362987e+00 6.286594e+00 3.648960e+00 3.770368e+00 -8.989392e+00 -1.237087e-01 5.314019e-01 1.369962e+00 -1.584395e+00 1.550690e+00 1.459711e+00 -1.458971e+00 8.937082e-01 9.838009e-02 2.582627e-01 4.844004e-01 -1.402323e+00 1.915735e-01 -1.899008e-02 
-1.338965e+01 5.498131e+00 5.141489e+00 5.974751e+00 7.740708e+00 -2.953651e+00 -9.410183e+00 5.573705e+00 4.740201e+00 1.972485e+00 -1.101594e+00 -4.125525e+00 -1.512927e-01 6.189179e-01 1.609071e+00 -2.592523e+00 2.720927e-01 -3.045172e-01 -3.077607e+00 1.652854e+00 -9.196573e-01 -1.449726e+00 9.657983e-02 -5.262492e-01 9.018714e-01 -3.965442e-02 
-1.137062e+01 6.362043e+00 3.772018e-01 8.386530e+00 6.514229e+00 2.780269e+00 -7.299842e+00 7.700719e+00 5.499637e+00 -9.937770e-01 -5.048206e+00 -4.657605e+00 -1.301788e-01 1.462138e-01 4.193629e-01 -2.171066e+00 -1.178801e+00 -8.148801e-01 -1.621937e+00 -9.067075e-01 -7.466472e-01 -2.022995e+00 -2.715544e-01 -1.999497e-01 1.132159e+00 -5.516791e-03 
-1.093351e+01 6.720886e+00 1.202185e-01 4.102229e+00 3.727896e+00 -3.906206e+00 -5.305654e+00 7.388888e+00 -1.643622e+00 2.006975e+00 1.176492e+00 -3.223999e+00 -1.512927e-01 2.473816e-01 5.146800e-01 -7.876265e-01 -5.558699e-01 -1.457752e-01 1.278579e-01 -1.101387e+00 -1.019447e+00 -1.931695e+00 3.925013e-01 8.739241e-01 -2.350756e-01 -1.555014e-03 
-1.262429e+01 7.350072e+00 1.392587e+00 4.642276e+00 7.183333e+00 -2.989518e+00 -1.234593e+01 4.722158e+00 -6.364678e-01 2.273943e+00 1.631577e+00 -3.779358e+00 -1.512927e-01 -1.586879e-01 1.808056e-01 3.629166e-01 2.140582e-01 2.037320e-01 2.670402e-01 -1.546372e+00 -1.326785e+00 -1.848298e-01 3.308250e-01 4.759441e-01 7.019516e-01 -3.944588e-03 
-1.152591e+01 7.577517e+00 6.956637e-01 5.067527e+00 6.677280e+00 5.705311e-01 -1.239408e+01 1.965749e+00 -1.850223e+00 2.301131e+00 -7.186610e-02 -5.740026e+00 -1.485108e-01 -5.021101e-01 -5.470878e-01 1.049819e-01 -4.754856e-01 -4.677291e-01 6.037523e-01 -6.299664e-01 -1.297439e+00 1.104092e+00 -1.226331e+00 -1.470457e+00 1.917353e-02 0.000000e+00 
-1.186786e+01 6.837756e+00 1.904062e+00 8.974172e+00 6.058197e+00 1.877101e+00 -1.148749e+01 3.778362e+00 4.678789e+00 5.132704e-01 -2.044307e+00 1.101665e-01 -1.512927e-01 -8.331345e-01 -1.336935e+00 -4.920318e-01 -1.451279e+00 -1.638975e+00 -3.629255e-01 4.855793e-01 -7.487395e-01 6.884586e-01 -1.413322e+00 -3.950435e-01 6.766657e-02 -2.781868e-04 
-1.382227e+01 4.241605e+00 3.893905e-01 -4.411469e-01 1.951819e+00 -3.320754e+00 -8.884703e+00 1.373589e+00 1.219209e+00 -3.244341e+00 -4.337852e+00 -5.072894e+00 -1.512927e-01 -8.903691e-01 -9.385406e-01 -1.165068e-01 -1.659034e+00 -1.255135e+00 -1.332296e+00 3.696092e-01 9.236223e-01 5.650072e-02 -9.525181e-01 5.264407e-01 2.299752e-01 -5.563736e-04 
-1.564178e+01 2.333354e+00 -9.144354e-01 1.402190e-01 1.351189e+00 -2.858502e+00 -1.167272e+01 1.274541e+00 1.271109e+00 -2.019933e+00 1.789352e+00 -3.774591e+00 -1.512927e-01 -3.889070e-01 -4.860893e-01 3.382164e-02 -4.675274e-01 4.513143e-02 -7.285652e-01 -2.303740e-02 3.607232e-01 -1.279727e+00 -4.490414e-01 1.172100e+00 -2.795429e-01 0.000000e+00 
-1.409079e+01 5.137014e+00 1.522378e+00 1.189336e+00 2.755111e+00 -3.723148e+00 -1.045342e+01 7.835771e+00 1.361203e-01 -1.194858e+00 6.435077e-01 -2.647770e+00 -1.512927e-01 -8.892898e-02 2.647004e-01 5.460597e-01 1.398280e+00 1.081205e+00 -4.548919e-01 -5.921893e-01 9.879854e-01 -6.071749e-01 1.928986e-01 1.069453e+00 9.967660e-01 4.862785e-04 
-1.367814e+01 3.959605e+00 1.506677e+00 5.821293e+00 5.882208e+00 -1.564528e+00 -1.081832e+01 2.350888e+00 -1.178302e+00 -2.756678e+00 1.325511e+00 -2.500110e+00 -1.512927e-01 3.828419e-01 7.051221e-01 -1.467371e-01 2.214094e-01 1.465246e+00 -1.713502e-01 6.941811e-01 8.349715e-01 2.305935e-01 -6.548218e-01 -3.461048e-01 1.489696e+00 2.431393e-04 
-1.524874e+01 4.751982e+00 1.909133e+00 3.709716e+00 5.092332e+00 -6.242201e+00 -1.227285e+01 5.775343e+00 -5.919594e-01 -1.911476e+00 1.241336e+00 -7.263048e-01 -1.488613e-01 1.041506e-01 4.309751e-01 -3.141792e-01 2.351394e-01 5.285323e-01 -1.812027e-01 1.098760e+00 -1.001375e+00 1.728062e-01 -5.677484e-01 -4.874737e-01 8.378905e-01 0.000000e+00 
-1.314860e+01 6.051481e+00 -1.841498e+00 -1.292396e-02 7.508808e+00 -2.455727e+00 -7.292098e+00 6.479612e+00 2.788116e+00 -4.935732e+00 -2.400854e-01 2.713153e+00 -1.512927e-01 3.312988e-01 6.873126e-01 3.200800e-01 5.384296e-01 3.105144e-01 -2.015860e-01 8.935534e-01 2.265530e-01 5.693383e-01 -2.679444e-02 -5.822075e-01 -1.314404e-01 -2.431393e-04 
-1.383481e+01 6.245952e+00 1.625570e+00 5.282141e+00 4.584473e+00 -4.183562e+00 -6.722733e+00 7.645350e-01 -9.830580e-01 -2.944072e+00 -1.011062e+00 -1.064949e+00 -1.512927e-01 5.657132e-01 1.872493e-01 -1.271503e-01 1.140595e+00 5.781582e-01 4.215133e-03 -2.084409e-01 -5.097481e-01 -2.627162e-02 6.858370e-01 3.923012e-01 -4.418425e-01 -4.862785e-04 
-1.272861e+01 6.649183e+00 3.248858e+00 7.727228e+00 7.688710e+00 -3.601778e+00 -9.125611e+00 5.989057e+00 1.863938e+00 -2.374352e+00 -4.593272e-01 -2.987990e+00 -1.512927e-01 -1.391552e-01 -6.196829e-01 -3.101261e-01 2.661405e-01 -7.099212e-01 -9.489273e-01 -1.509302e+00 -1.045997e+00 -4.785065e-01 9.312397e-01 7.172816e-02 -8.501841e-01 0.000000e+00 
-1.263017e+01 5.389378e+00 -1.271797e+00 5.542615e+00 7.893172e+00 -5.648100e+00 -1.239829e+01 3.471880e+00 -2.612284e-01 2.370191e-01 3.312463e+00 -8.494592e-02 -1.512927e-01 3.849643e+00 -1.465221e+00 -2.136963e+00 -3.524169e+00 5.526865e-01 5.950730e-02 -1.018889e+00 -9.284735e-02 8.406540e-01 -9.001689e-01 4.944761e-01 -2.371532e-01 1.006421e-01 
-1.444670e+01 3.381354e+00 -1.943446e+00 1.187541e+00 2.304852e+00 -6.468094e+00 -1.200083e+01 -1.040444e-01 3.466916e-02 -1.870080e+00 -2.043207e+00 -2.027769e+00 -1.512927e-01 6.047315e+00 -2.483025e+00 -1.983413e+00 -4.524985e+00 5.185617e-01 1.076624e+00 1.483991e+00 -1.102638e+00 1.104417e+00 -1.300207e+00 -2.749939e-01 -1.124496e+00 2.123032e-01 
6.272449e+00 5.537610e-01 -6.463096e+00 -9.068859e+00 1.003983e+01 -2.452867e+00 -1.037957e+01 3.346848e+00 4.134847e+00 -7.697053e+00 2.253258e+00 -2.730825e+00 3.519178e-01 6.727496e+00 -4.330125e+00 1.081333e-01 -2.403586e+00 -5.635669e-01 2.379812e+00 3.314556e+00 -1.892426e+00 1.523203e+00 -9.820263e-01 -1.423849e+00 -1.675712e-01 2.773502e-01 
8.056662e+00 -3.348136e+00 -4.072559e+00 -7.591956e+00 9.208187e+00 1.837279e-01 -2.715016e+00 5.383837e-01 5.187986e+00 -4.908351e+00 -1.304694e+00 -7.287531e+00 6.586182e-01 5.173474e+00 -4.473443e+00 1.328215e+00 -3.549189e-01 -1.803870e+00 1.489145e+00 3.232708e+00 -1.661414e+00 1.289303e+00 1.976366e-01 -1.193727e+00 1.214813e+00 2.613429e-01 
9.755638e+00 -1.289651e+01 3.334267e-01 -2.085566e+00 1.623670e+00 2.925048e+00 -4.684205e-01 -6.311463e+00 4.778126e+00 -3.153977e+00 -4.176040e+00 1.707079e+00 8.305031e-01 1.084459e+00 -3.321751e+00 2.096094e+00 1.149915e+00 -3.963791e+00 -5.856107e-01 3.248063e+00 -2.000883e+00 6.796778e-01 1.101213e+00 -1.908601e+00 2.047539e+00 1.483986e-01 
9.679081e+00 -1.226073e+01 1.299367e+00 -4.078700e+00 -2.506418e+00 -1.711326e+00 -7.928619e-01 -3.581958e+00 6.159546e+00 -3.153435e+00 -4.797192e+00 1.827343e+00 9.161293e-01 7.438937e-01 -1.495282e+00 7.779603e-01 2.002531e-01 -2.929526e+00 -1.316468e+00 2.907619e+00 -1.700990e+00 1.149383e-01 9.246061e-01 -9.131302e-01 2.372943e+00 8.065500e-02 
1.088353e+01 -1.159870e+01 1.331412e+00 -5.075913e+00 -3.921818e+00 -4.433393e+00 4.899668e+00 -4.597396e+00 7.047455e+00 -3.068446e+00 -5.543499e+00 2.949432e+00 9.651552e-01 3.491006e-01 3.403893e-01 -3.266039e-01 -1.758999e-01 -1.577857e+00 -6.921328e-01 2.436150e+00 -6.231586e-01 -4.092090e-01 7.291993e-01 2.541408e-01 3.072824e-01 4.174316e-02 
1.121218e+01 -1.147345e+01 -6.817508e-01 -5.095517e+00 -2.666696e+00 -2.719394e+00 9.139035e+00 -8.823602e+00 4.628013e+00 -3.280854e-01 -5.186615e+00 3.956010e+00 9.945671e-01 1.444686e-01 2.498687e-01 -3.217494e-01 6.842532e-01 -6.047050e-01 6.480397e-01 1.897852e+00 -1.159934e+00 -1.688459e+00 1.495637e+00 9.446958e-01 -5.630136e-02 1.635282e-02 
1.073459e+01 -1.158820e+01 -3.090339e-01 -2.456657e+00 -6.185477e+00 -3.158188e-02 6.746381e+00 -6.806435e+00 3.497848e+00 -9.206548e-01 -2.710624e+00 2.179157e+00 1.000000e+00 -1.792870e-01 4.519249e-01 2.800291e-02 7.403101e-01 5.340751e-01 1.631279e-01 3.606996e-01 -4.833195e-01 -1.419583e+00 1.542198e+00 8.388304e-01 -7.160882e-01 -4.460686e-03 
1.047590e+01 -1.101663e+01 5.108433e-01 -1.967062e+00 -4.398114e+00 -6.720330e-01 7.773039e+00 -8.277110e+00 -5.079461e-01 3.250852e+00 -1.490150e+00 1.930974e+00 9.804710e-01 -2.672570e-01 8.249679e-01 1.157703e-01 7.040315e-01 2.933124e-01 -6.952704e-01 -2.150037e-01 4.617473e-01 -5.307390e-01 1.281376e+00 -3.506443e-01 -7.201108e-01 -1.395224e-02 
1.035524e+01 -9.567484e+00 8.751298e-01 -2.938591e+00 -3.857336e-01 -4.641435e+00 7.386164e+00 -7.287239e+00 2.517520e+00 2.853073e+00 -3.197579e+00 3.815091e-01 9.498999e-01 -1.620234e-01 8.794581e-01 -3.020334e-02 8.191200e-02 2.196593e-01 -1.293500e+00 7.041128e-01 -5.074882e-03 2.650319e-01 1.022349e+00 -1.393742e+00 1.351036e-01 -1.088319e-02 
1.006557e+01 -8.358967e+00 -6.949811e-01 -1.334393e+00 -4.100006e+00 -3.890820e+00 7.744125e+00 -6.274463e+00 2.464481e+00 4.191929e+00 -6.696359e+00 1.254280e+00 9.498560e-01 -4.555321e-03 2.526680e-01 -1.140237e-01 2.086277e-02 -9.760138e-01 -5.895392e-01 6.971431e-01 -9.048929e-02 1.018093e+00 4.976239e-02 -9.852846e-01 5.524292e-01 -1.666546e-05 
1.012963e+01 -8.519739e+00 1.428616e-01 -2.363432e+00 -5.236234e+00 -4.889688e+00 1.028140e+01 -7.833133e+00 3.336794e+00 3.720552e+00 -7.076230e+00 3.193022e+00 9.608915e-01 5.204182e-02 -2.279339e-01 -1.284584e-01 1.664793e-01 -1.747017e+00 -1.037078e-01 1.082518e+00 -7.771587e-03 -6.948475e-02 1.433482e-02 1.706944e-01 4.171580e-01 8.389438e-03 
1.056592e+01 -1.027716e+01 3.068590e-01 -2.150328e+00 -6.852932e+00 -3.495603e+00 9.811135e+00 -8.456610e+00 4.172884e+00 3.065925e+00 -4.477248e+00 3.287363e+00 9.748918e-01 1.873388e-02 -4.881336e-01 2.969186e-01 -3.136818e-01 -7.025365e-01 -5.139595e-01 9.894701e-01 -1.385360e-01 -6.799940e-01 5.478469e-01 7.095451e-01 -1.681762e-02 8.638531e-03 
1.036528e+01 -9.748055e+00 -2.680821e-01 -1.698227e+00 -7.744355e+00 -5.357582e+00 1.176525e+01 -6.235023e+00 1.315895e+00 3.487749e+00 -3.453663e+00 1.450758e+00 9.793291e-01 -4.856110e-02 -3.386430e-01 1.542245e-01 9.026561e-02 -7.503389e-01 -1.342172e-01 2.808077e-01 -7.790051e-02 -5.910761e-01 6.060379e-01 8.494353e-01 -4.260967e-01 5.743426e-03 
1.004142e+01 -1.018548e+01 9.950839e-01 -3.235405e+00 -6.358628e+00 -6.226669e+00 1.194955e+01 -7.766197e+00 7.496071e-02 7.047565e+00 -4.959917e+00 2.041324e+00 9.838299e-01 -1.661414e-01 3.285871e-01 -9.975743e-02 -3.098788e-02 -5.003908e-01 1.621974e-02 1.427034e-01 -2.794972e-01 -4.115034e-01 7.670286e-01 4.512792e-01 -5.748907e-01 -7.217527e-05 
1.014908e+01 -1.025880e+01 5.698719e-01 -1.369565e+00 -9.235081e+00 -4.195240e+00 1.061623e+01 -8.567842e+00 2.430375e+00 4.759921e+00 -2.587719e+00 1.685558e+00 9.851397e-01 8.733320e-02 -7.308865e-02 3.013195e-01 -2.404586e-01 -3.175336e-01 5.815676e-01 -3.089846e-01 -1.012038e+00 6.364741e-01 2.738442e-01 9.987434e-01 -2.669949e-01 -1.826608e-03 
9.843313e+00 -8.378859e+00 -6.109052e-01 -2.469598e+00 -8.609524e+00 -3.995675e+00 1.109916e+01 -8.687687e+00 1.558127e+00 6.264981e+00 -2.653824e+00 2.955096e-01 9.716257e-01 2.026281e-01 5.041075e-02 2.153457e-01 -3.641907e-01 -5.563394e-01 8.560969e-01 -7.139069e-01 -1.337752e-01 1.002270e-01 -2.248580e-01 1.573868e+00 -2.438009e-01 -1.198292e-03 
1.090100e+01 -1.101681e+01 2.041510e+00 -3.283423e+00 -8.206575e+00 -3.565241e+00 1.064552e+01 -1.083447e+01 3.756682e+00 5.248261e+00 3.870071e-01 9.886906e-01 9.762982e-01 1.644270e-01 -6.578894e-02 2.972175e-01 -4.899882e-01 -2.447425e-01 2.405394e-01 -5.745935e-01 1.692000e-01 -7.085896e-01 2.107393e-01 1.242782e+00 -1.950719e-01 2.014518e-04 
1.067860e+01 -9.554419e+00 1.335993e+00 -4.099429e+00 -9.654577e+00 -2.261184e+00 8.365375e+00 -7.301761e+00 -8.705759e-02 5.679105e+00 1.422060e+00 1.170754e+00 9.822592e-01 3.461521e-01 -3.916435e-01 6.046265e-01 -1.885152e-01 -6.591907e-01 -1.957521e-02 5.436039e-02 -3.369862e-01 -5.559987e-01 1.521152e-01 8.829986e-01 2.286395e-01 5.017698e-04 
1.055357e+01 -9.999962e+00 1.082510e+00 -3.004591e+00 -9.936266e+00 -3.859788e+00 9.110156e+00 -8.414804e+00 -2.899801e-01 6.106556e+00 1.588248e+00 2.725766e-01 9.808302e-01 3.620036e-01 2.077303e-02 1.578975e-01 -2.127628e-02 -1.215012e+00 6.922563e-02 8.302429e-01 -5.678460e-01 -6.984633e-01 -1.166014e-01 7.956592e-01 2.171329e-01 -2.120078e-03 
1.174779e+01 -1.084550e+01 2.891727e+00 -3.551590e+00 -1.104063e+01 -3.946277e+00 1.213864e+01 -1.158245e+01 8.014647e-01 6.596410e+00 1.160549e+00 1.796764e+00 9.718685e-01 3.909208e-01 4.452166e-01 5.370551e-03 7.285790e-02 -8.997694e-01 1.341377e-01 7.893862e-01 -5.023268e-01 -6.661952e-01 -6.747675e-03 8.469810e-01 -7.399368e-02 -8.786219e-03 
1.217642e+01 -1.026740e+01 2.053130e+00 -3.663724e+00 -1.358861e+01 -2.376567e+00 1.291010e+01 -1.153335e+01 -1.798953e-01 4.206602e+00 4.496058e+00 1.761350e+00 9.708931e-01 3.647255e-01 9.333841e-01 -1.145686e-01 -2.514756e-01 -6.292597e-01 -6.208277e-03 7.960690e-01 6.853380e-02 -1.041039e+00 -1.464141e-01 6.676100e-01 2.535241e-01 -1.335047e-02 
1.182178e+01 -7.194616e+00 8.775361e-01 -3.405573e+00 -1.232725e+01 -2.332107e+00 1.041233e+01 -8.254121e+00 -3.473076e+00 6.595344e+00 4.203060e+00 5.639863e-02 9.432966e-01 1.122281e-01 1.079544e+00 -2.863981e-01 -6.173817e-01 -1.233156e-01 -1.384771e-01 3.135563e-01 4.856524e-01 -1.178959e+00 -7.396851e-02 4.194605e-01 3.347979e-01 -1.158668e-02 
1.234020e+01 -7.158482e+00 1.516763e+00 -4.334977e+00 -1.243925e+01 -4.697915e+00 1.395366e+01 -9.736300e+00 -3.357907e+00 5.375019e+00 3.405042e+00 2.410380e+00 9.283638e-01 3.641129e-02 5.790420e-01 2.588801e-01 -8.245295e-01 -4.340782e-02 -4.566214e-01 4.914980e-01 2.535893e-01 -8.477961e-01 -1.315823e-02 -3.322004e-01 1.069692e+00 -8.123070e-03 
1.222704e+01 -7.002240e+00 1.727920e+00 -6.302872e+00 -1.223189e+01 -3.477989e+00 1.318465e+01 -1.005271e+01 -3.504324e+00 5.642359e+00 3.803359e+00 3.146239e+00 9.351997e-01 2.561975e-01 -8.635922e-02 6.688343e-01 -6.253807e-01 -7.494000e-01 -2.089415e-01 2.902044e-01 2.631138e-01 -2.553413e-01 -8.086311e-01 -4.227881e-01 1.213508e+00 -5.606758e-03 
1.215585e+01 -7.468380e+00 2.922339e+00 -6.337722e+00 -1.385333e+01 -4.086733e+00 1.398143e+01 -9.366110e+00 -4.403252e+00 4.617303e+00 3.034906e+00 5.564892e+00 9.343262e-01 1.899642e-01 5.882587e-02 5.740269e-01 -5.587588e-02 -6.313543e-01 -3.009129e-01 -1.594030e-01 3.537311e-01 -1.832581e-01 -2.222219e-01 -5.540302e-01 5.222235e-01 -8.878231e-03 
1.319494e+01 -7.471463e+00 3.518919e+00 -5.531104e+00 -1.536721e+01 -3.682406e+00 1.184947e+01 -7.123647e+00 -4.227110e+00 2.931046e+00 2.274187e+00 4.546684e+00 9.122816e-01 2.028950e-01 4.945697e-01 3.310728e-01 5.458328e-01 -5.469990e-01 -8.424300e-01 -8.657436e-02 5.384631e-01 -3.318473e-01 2.545462e-02 -6.716133e-01 2.121971e-01 -1.475882e-02 
1.280607e+01 -6.629741e+00 3.491398e+00 -5.000240e+00 -1.402836e+01 -6.100271e+00 1.382423e+01 -9.432178e+00 -3.912805e+00 5.619566e+00 1.399477e+00 4.321274e+00 8.954317e-01 4.023096e-01 6.375640e-01 3.504991e-01 5.294167e-01 -6.776911e-01 -7.749336e-01 -8.615055e-02 5.464618e-01 -4.814977e-01 1.803786e-01 -6.147774e-01 3.216930e-01 -1.607363e-02 
1.291640e+01 -4.948711e+00 3.098755e+00 -4.242449e+00 -1.487937e+01 -6.683370e+00 1.283038e+01 -7.327364e+00 -5.408784e+00 5.268500e+00 1.263007e+00 4.829033e+00 8.808529e-01 2.873400e-01 1.201882e+00 1.881194e-01 4.413390e-01 -4.868315e-01 -8.602953e-01 -3.133215e-01 9.076452e-01 -7.042460e-01 -1.411227e-01 -2.138889e-01 7.357769e-01 -1.797652e-02 
1.430667e+01 -5.541936e+00 4.884916e+00 -4.334967e+00 -1.748571e+01 -6.460919e+00 1.306023e+01 -6.531942e+00 -6.219903e+00 4.350469e+00 4.666088e-01 7.032183e+00 8.696724e-01 2.683697e-01 1.432342e+00 6.428222e-02 4.101250e-01 1.638063e-01 -4.138735e-01 -2.084917e+00 1.698612e+00 -3.654206e-01 -8.584552e-01 -3.740080e-01 7.392497e-01 -2.333326e-02 
1.388134e+01 -2.005956e+00 3.762757e+00 -3.657047e+00 -1.607270e+01 -7.803558e+00 1.066486e+01 -4.035539e+00 -6.594790e+00 2.859981e+00 1.671177e+00 6.870114e+00 8.352787e-01 7.026920e-02 1.751958e+00 9.522438e-04 -6.533532e-02 1.253909e+00 2.338190e-01 -2.827011e+00 9.985086e-01 5.393953e-02 -8.505709e-01 1.428778e-01 5.477239e-01 -3.105388e-02 
1.366545e+01 -9.394102e-01 3.480808e+00 -3.242316e+00 -1.261266e+01 -7.609544e+00 4.482402e+00 -2.585030e+00 -5.146904e+00 2.531550e+00 -6.746476e-01 6.996982e+00 8.015525e-01 -1.793493e-01 1.735719e+00 -1.584863e-01 -5.352953e-01 2.480408e+00 1.150194e+00 -2.956208e+00 -4.652228e-02 1.138607e-01 -7.811779e-01 8.504845e-01 2.027236e-01 -3.830662e-02 
1.358836e+01 1.509814e+00 3.805571e+00 -5.115450e+00 -1.104635e+01 -4.939962e+00 2.984235e+00 -4.308277e+00 -5.675586e+00 1.925105e+00 2.548024e+00 7.585253e+00 7.596434e-01 3.900909e-03 1.274296e+00 3.310905e-01 -7.730808e-01 1.885148e+00 2.029241e+00 -2.600343e+00 -7.032692e-01 6.262000e-01 -9.334442e-01 1.367241e+00 -8.849624e-01 -4.095529e-02 
1.355641e+01 1.378773e+00 4.071078e+00 -6.282241e+00 -7.596843e+00 -2.141749e+00 2.119498e+00 -6.628184e+00 -6.110202e+00 9.120171e-01 4.280608e+00 7.688231e+00 7.159569e-01 -1.070117e-01 9.269832e-01 1.063061e-01 -7.185432e-01 1.938289e+00 2.047143e+00 -9.424073e-01 -2.874498e-02 1.880669e-01 -2.374098e+00 7.566407e-01 5.290823e-02 -4.324505e-02 
1.395537e+01 3.206431e+00 5.123075e+00 -6.002488e+00 -9.154867e+00 -3.912485e-01 -1.155402e+00 -5.530307e+00 -2.982141e+00 -9.974736e-01 6.029753e+00 2.099677e+00 6.733000e-01 -5.556432e-01 1.071019e+00 1.549387e-01 -4.540811e-01 1.992926e+00 2.053760e+00 1.700363e-01 1.950185e+00 -6.974443e-01 -3.442970e+00 8.126409e-02 8.689394e-02 -5.266577e-02 
1.294689e+01 2.847198e+00 3.353586e+00 -6.391513e+00 -3.866958e+00 3.518149e-01 1.840184e+00 -2.117740e+00 -5.553292e+00 -7.877652e+00 1.367692e+00 1.000431e+01 6.284989e-01 -9.201918e-01 8.880795e-01 -6.628772e-01 6.531368e-01 2.027465e+00 2.761696e+00 1.873409e+00 3.971112e+00 -1.691823e-02 -2.339963e+00 -7.735996e-01 3.545642e-01 -5.552803e-02 
1.111491e+01 6.130694e+00 4.939010e+00 -7.331220e+00 -2.946658e+00 4.082053e+00 3.974073e+00 3.187424e+00 -9.441263e+00 -1.089491e+01 4.410803e+00 6.861683e+00 5.400436e-01 -1.529219e+00 1.780116e-01 -1.185603e+00 2.544615e+00 3.533454e+00 2.976709e+00 2.105636e+00 3.482463e+00 1.089849e+00 1.446567e-01 -1.520921e+00 7.150106e-02 -5.947099e-02 
1.037568e+01 4.357038e+00 8.487247e-01 -2.352191e+00 -5.636244e-01 9.430079e+00 8.921807e+00 8.868511e+00 -2.965233e+00 -5.839083e+00 1.222085e+00 7.080050e+00 5.049450e-01 -1.258439e+00 4.073623e-01 -1.454795e+00 2.439849e+00 1.896144e+00 1.486532e+00 9.866649e-01 1.384227e+00 2.310493e+00 1.861172e+00 -7.834966e-01 -1.881615e+00 -5.518907e-02 
7.594874e+00 3.341569e+00 4.474893e-01 4.700926e+00 6.860736e+00 9.953162e+00 5.831965e+00 6.388882e+00 1.173072e+00 -1.293475e+00 -1.502047e+00 3.919313e+00 4.377220e-01 -6.290298e-01 -4.631807e-01 -2.467687e+00 1.375013e+00 7.304343e-01 -8.100619e-01 -6.427523e-01 8.788408e-01 1.365556e+00 1.496596e+00 -5.053170e-01 -1.567746e+00 -4.037198e-02 
8.414709e+00 6.278572e+00 -1.674626e+00 -2.083421e-01 7.100658e-01 4.848923e+00 5.844563e+00 3.202666e+00 6.920072e-01 -3.372509e+00 4.066337e-01 2.067420e+00 4.037144e-01 -1.275556e+00 -2.840144e-01 -1.246158e+00 1.120243e+00 1.073801e+00 -8.538609e-01 -4.307228e-01 5.265800e-01 -3.110002e-01 4.165227e-02 5.651818e-01 -1.860571e+00 -7.044759e-02 
8.950247e+00 2.854024e+00 -6.137750e+00 -1.528078e+00 6.866884e-02 2.322322e+00 2.298934e+00 1.041455e+01 -4.442104e+00 -4.645219e+00 2.291944e+00 1.529267e+00 3.887990e-01 -1.408294e+00 -4.559970e-01 -9.506788e-01 2.390568e-01 6.218994e-01 3.877886e-01 1.674322e+00 2.533108e+00 -4.978485e-01 -8.716453e-01 3.974574e-01 -1.350929e+00 -7.449009e-02 
3.320214e+00 3.180738e+00 -2.089445e+00 6.363524e+00 8.201413e+00 8.976194e+00 8.534709e+00 9.488577e+00 -1.712646e+00 -3.954950e+00 2.150998e+00 -1.027782e+00 1.771685e-01 -1.939972e+00 -9.577206e-01 -8.962843e-01 6.244848e-01 2.250931e+00 2.440649e+00 7.166160e-01 2.075569e+00 1.630166e+00 1.293305e+00 -6.015307e-01 -1.303488e+00 -7.884275e-02 
3.100651e+00 2.610501e+00 -4.098495e+00 2.610277e+00 6.224559e+00 9.828469e+00 1.285850e+01 1.591147e+01 -1.138444e-01 -5.360481e+00 -3.869422e-01 -1.287730e+00 1.785445e-01 -1.743909e+00 -4.631205e-01 -1.124378e-01 -4.193087e-02 8.840189e-01 1.833677e+00 -1.396217e-01 -8.549079e-01 1.754256e+00 8.064533e-01 -6.930076e-01 -9.378834e-01 -6.742725e-02 
1.639648e+00 1.611730e+00 -7.175674e+00 8.449044e-01 8.886776e+00 1.329909e+01 4.147859e+00 1.083205e+01 6.678710e+00 3.451647e+00 -1.261577e+00 -3.041524e+00 1.146278e-01 -7.694002e-01 -5.795328e-01 -9.791870e-01 -9.886864e-01 -2.987309e-01 -3.166419e-01 -2.925565e+00 -1.650477e+00 -2.324241e-01 -7.905850e-01 -1.357718e+00 4.085119e-01 -2.867859e-02 
1.070985e+00 1.322925e+00 -4.156824e+00 1.021577e+00 4.146081e+00 9.329256e+00 3.794250e+00 5.468273e+00 1.334965e-01 -4.316250e+00 5.331939e-01 -2.153279e+00 8.293313e-02 -1.088561e+00 -9.617356e-01 -8.030203e-01 -4.450306e-01 -1.045283e+00 -9.866365e-01 -3.059533e+00 -3.129604e+00 -2.020219e+00 -1.603497e+00 -4.977043e-01 1.222197e+00 -2.281044e-02 
4.880468e-01 9.268620e-01 -6.956216e+00 2.214442e+00 7.746997e+00 7.642591e+00 -1.560988e+00 6.457787e+00 -2.998436e+00 -8.429990e+00 -5.097658e+00 1.447552e+00 8.158129e-02 -9.975584e-01 -6.937898e-01 -3.170918e-01 -4.015735e-01 -8.504013e-01 -9.970889e-01 -9.894769e-01 -2.109159e+00 -2.976422e+00 -1.433714e+00 5.289778e-01 1.416656e+00 -1.176236e-02 
-1.766351e+00 -1.855743e+00 -8.223326e+00 -2.996454e-01 1.568032e+00 7.723536e+00 4.152632e-01 2.450578e+00 -5.376368e+00 -7.437147e+00 -9.574232e-01 2.578717e+00 8.101559e-02 -1.186948e+00 -2.461430e-01 -5.028909e-01 -7.604237e-01 -4.294406e-01 -5.588322e-01 -1.188845e+00 -1.036034e+00 -1.641130e+00 2.457215e-01 1.283209e+00 1.096469e+00 -2.041341e-02 
-1.929476e+00 -2.678847e-01 -6.727882e+00 -5.023515e-01 5.923795e+00 9.116507e+00 8.899679e-01 1.795104e+00 -5.448468e+00 -2.156474e+00 2.128620e+00 1.675759e+00 5.677480e-02 -8.138660e-01 7.744656e-01 3.008138e-01 -3.114124e-01 -4.290830e-01 -1.953801e-01 1.369708e-01 -1.193109e+00 -8.956550e-01 1.904465e-01 4.228716e-01 -7.563645e-01 -2.764814e-02 
-3.654994e+00 6.895840e-01 -6.785445e+00 -1.422144e+00 2.910480e+00 5.798138e+00 -3.375454e+00 2.619447e+00 -6.847138e+00 -6.224401e+00 3.336099e+00 3.214963e+00 -6.730676e-03 -4.448206e-01 1.217013e+00 1.884687e-01 -4.469268e-02 1.162583e+00 2.039194e-02 2.823192e-01 -1.163836e+00 -5.816727e-01 -4.144968e-01 -1.456027e+00 -1.911076e+00 -3.161653e-02 
-2.636962e+00 3.526526e+00 -6.171087e+00 1.218630e+00 4.930358e+00 7.628390e+00 1.019224e+00 4.078052e-01 -6.741327e+00 -8.084130e+00 -5.130061e+00 -2.652393e+00 -1.278627e-02 5.747161e-02 1.559060e+00 2.328088e-01 2.696389e-01 1.259658e+00 2.852859e-01 2.589990e-01 -6.164075e-01 7.991234e-01 -4.921096e-01 -1.654461e+00 -1.920706e+00 -2.901894e-02 
-3.636711e+00 2.332118e+00 -7.559380e+00 -1.383600e+00 7.877666e+00 8.569554e+00 1.762231e+00 -2.674951e+00 -7.638302e+00 -6.545803e+00 -4.608216e+00 -4.812586e+00 -4.228652e-02 -7.955122e-03 1.450981e+00 4.070517e-01 5.444031e-01 1.445846e+00 7.557548e-01 -5.490912e-01 1.101990e+00 3.147305e+00 2.002308e+00 1.014911e+00 -6.221164e-01 -2.804761e-02 
-1.651259e+00 6.706149e+00 -5.176871e+00 8.265705e-01 9.738491e+00 9.157228e+00 -3.838797e-01 1.360265e+00 -1.057269e+00 -4.456321e+00 -2.171526e+00 -3.913995e+00 -7.054198e-02 -7.437602e-01 6.623813e-01 1.245387e-01 1.410799e-01 7.871386e-01 -6.922016e-02 -2.142657e+00 5.005875e-01 1.995141e+00 2.124894e+00 2.501480e+00 9.998379e-02 -2.517184e-02 
-4.187621e+00 6.354680e+00 -5.247294e+00 1.495901e+00 7.735641e+00 8.812493e+00 -5.419358e+00 7.653167e+00 6.047356e+00 1.973236e+00 6.931386e+00 7.351816e-01 -1.180909e-01 -1.105399e+00 1.588556e-01 -2.746038e-01 1.023448e-01 2.677504e-01 -4.579335e-01 -6.340183e-01 2.077554e+00 1.949586e+00 1.020703e+00 1.294593e+00 5.079553e-01 -1.970888e-02 
-6.080308e+00 4.827151e+00 -6.704436e+00 4.842792e-01 8.937063e+00 7.160820e+00 -6.103267e+00 -2.253316e+00 -3.608451e+00 -1.719182e+00 1.607539e+00 -4.926358e+00 -1.007433e-01 -1.760000e+00 -8.629599e-01 -4.081966e-01 -4.882526e-01 -4.952185e-01 -5.531351e-01 2.695228e-01 8.871880e-01 -3.519859e-01 -3.735419e-01 -9.782314e-03 4.438446e-01 -1.691408e-02 
-6.949181e+00 4.065895e+00 -8.168616e+00 -7.007301e-01 9.617132e+00 7.278090e+00 1.451833e+00 9.519609e+00 3.385219e+00 -2.810856e+00 -2.478421e-02 -1.766628e+00 -1.257303e-01 -9.048879e-01 -5.719376e-03 1.482677e-01 -2.243738e-01 1.760435e-01 -2.525985e-01 -5.464243e-01 -3.323042e-01 -1.807653e+00 -1.482857e+00 -1.624967e+00 -8.400577e-01 -1.090592e-02 
-9.070478e+00 3.535742e+00 -5.757194e+00 -5.163772e-01 6.321653e+00 7.158753e+00 -2.471861e+00 4.862983e+00 -1.486130e+00 -3.931984e+00 1.257647e+00 -4.438667e-01 -1.512927e-01 -7.739497e-01 2.020943e-01 1.160322e+00 6.316441e-01 -1.325870e-01 -2.269890e-01 -4.157318e-01 3.183055e-02 -4.332306e-01 -6.748251e-01 -5.722882e-01 4.354692e-01 -1.115649e-02 
-7.216975e+00 6.971788e+00 -4.979578e+00 8.743601e-01 9.923565e+00 7.550534e+00 -9.967182e+00 2.433496e+00 -4.052070e+00 -4.334650e+00 -1.018504e+00 -5.706353e+00 -1.473458e-01 -3.566709e-01 8.391517e-01 1.947029e+00 1.524211e+00 -4.713513e-01 -7.454580e-01 -1.197239e+00 -1.438250e+00 -7.126166e-01 1.127209e+00 3.990937e-01 1.017761e-03 -2.986503e-03 
-9.816159e+00 4.384676e+00 -2.497344e+00 2.854954e+00 8.120913e+00 5.889653e+00 -2.472418e+00 1.448894e+00 -2.055960e+00 -4.331410e+00 -7.570413e-01 -7.791493e-01 -1.457180e-01 -5.075615e-01 7.678742e-01 1.746848e+00 9.662544e-01 -9.723505e-01 -1.918470e+00 -5.029159e-01 6.355457e-02 6.300613e-01 1.762606e+00 5.348195e-01 -1.157684e+00 3.895640e-04 
-8.359694e+00 7.837186e+00 -6.339717e-02 5.234661e+00 6.360745e+00 4.185350e+00 -4.534084e+00 4.035404e+00 1.070509e-01 3.024901e+00 2.978029e+00 -1.593898e+00 -1.434501e-01 -1.027064e+00 3.804834e-01 1.581075e+00 7.124821e-01 -2.160561e+00 -2.915031e+00 -8.975872e-01 -1.667285e-01 7.226671e-01 8.623764e-01 6.503654e-03 -1.428177e-01 -6.569863e-04 
-1.103693e+01 6.942414e+00 5.189583e-01 2.134744e+00 3.241310e+00 -7.510023e-01 -7.702990e+00 4.379801e+00 -4.153841e-01 1.201270e+00 1.933479e+00 -8.288516e+00 -1.512927e-01 -7.122210e-01 6.682879e-01 8.443531e-01 4.634625e-01 -1.692493e+00 -2.765296e+00 -2.353831e+00 -3.522356e-01 7.722502e-01 2.111380e-01 -1.067111e+00 -6.127554e-01 4.194153e-03 
-1.174191e+01 7.595336e+00 1.417648e+00 4.796876e+00 1.560559e+00 -3.704294e+00 -1.183983e+01 1.343989e-01 -1.259022e+00 -2.789108e+00 -2.331246e+00 -2.665758e+00 -1.478434e-01 -8.936244e-01 -2.300428e-01 -1.133116e-01 7.486455e-02 -7.795193e-01 -2.413732e+00 -4.724081e-01 -5.952961e-02 4.489582e-01 -7.703974e-01 -1.223977e+00 6.190243e-01 1.305699e-03 
-1.168616e+01 7.847041e+00 9.838986e-01 5.391160e+00 2.058540e+00 -3.992003e+00 -1.058870e+01 1.638218e+00 2.488327e+00 -3.687162e-01 -3.437959e+00 -3.306996e+00 -1.225506e-01 -2.678856e-01 1.965609e-01 -1.770725e-01 3.123240e-01 7.672157e-01 -4.791734e-01 1.960336e-01 8.426100e-01 1.250614e+00 4.199442e-01 7.931783e-01 1.900769e+00 -3.449321e-04 
-1.250320e+01 6.234659e+00 -8.624251e-01 3.980776e+00 3.054533e+00 -6.262811e+00 -5.453271e+00 5.108548e+00 8.999860e-01 -4.209304e-02 -4.561355e-01 -9.895363e-01 -1.512927e-01 -2.593104e-01 -3.017987e-01 1.353098e-01 -4.358101e-01 9.238386e-01 7.455350e-01 5.737301e-01 9.910301e-01 5.815916e-01 1.686546e+00 1.769885e+00 7.803953e-01 -3.564072e-03 
-1.199571e+01 8.605556e+00 7.736324e-01 4.104414e+00 6.330401e+00 -1.867611e+00 -9.916102e+00 6.105777e+00 4.758181e+00 1.927484e+00 4.961815e+00 3.772180e-01 -1.512927e-01 -3.781776e-01 -6.328686e-01 3.770117e-01 -3.995099e-01 1.051370e+00 9.903114e-01 -2.982617e-01 2.758384e-02 1.707924e-01 1.180120e+00 8.661181e-01 1.295530e-01 -5.748415e-03 
-1.288369e+01 5.707085e+00 2.199330e+00 3.261198e+00 4.043822e+00 -1.038815e+00 -9.307481e+00 2.855770e+00 5.140089e-01 4.495522e+00 2.318292e+00 -6.058884e-01 -1.512927e-01 1.186587e-01 -3.620198e-01 2.091465e-01 1.842654e-01 5.781077e-01 2.764535e-01 -1.484205e+00 -9.569104e-01 7.074038e-01 7.334329e-01 -1.292653e-01 -1.742706e+00 0.000000e+00 
-1.338680e+01 4.946485e+00 1.338079e+00 3.753399e+00 6.820747e+00 -1.652444e+00 -1.015290e+01 2.902526e+00 3.535278e+00 3.263078e+00 -4.945826e-01 -2.851055e+00 -1.512927e-01 -1.454466e-01 -7.198365e-01 6.349096e-02 2.662319e-01 -9.197944e-01 -3.271091e-01 -4.008695e-01 -9.994586e-01 3.316478e-01 3.769457e-01 -4.366852e-01 -8.644289e-01 0.000000e+00 
-1.121436e+01 6.254096e+00 -9.891629e-02 5.077610e+00 5.699899e+00 -4.988127e+00 -1.275590e+01 1.925621e+00 5.048456e+00 2.957274e+00 1.625737e+00 -8.088928e+00 -1.512927e-01 -2.272183e-01 3.414519e-02 1.407826e-01 3.836811e-01 -9.469370e-01 1.144773e-01 2.277057e-01 -1.244313e-01 5.386358e-01 3.062406e-01 2.767036e-01 -4.022953e-01 0.000000e+00 
-1.355760e+01 4.732869e+00 2.240211e+00 4.527367e+00 9.033899e-01 -1.528501e+00 -1.019624e+01 1.573558e+00 4.149196e+00 4.581337e+00 3.124666e+00 -2.034063e-01 -1.512927e-01 -3.815165e-01 1.806791e-01 4.779291e-01 1.793451e-01 -1.253795e+00 6.707814e-01 8.619855e-01 9.636190e-02 -3.418325e-01 6.619357e-01 5.039985e-01 1.967470e-01 0.000000e+00 
-1.393438e+01 5.984619e+00 2.452178e+00 4.792620e+00 2.267816e+00 -5.284000e-01 -8.147283e+00 2.898098e+00 2.900229e+00 5.367596e+00 1.892186e+00 -3.941189e+00 -1.512927e-01 -5.816804e-01 7.127951e-02 5.314156e-01 -3.047285e-02 -5.499741e-01 9.919554e-01 1.126619e+00 3.269492e-01 -5.545422e-01 5.606903e-01 -6.995837e-02 4.557694e-01 0.000000e+00 
