-6.765784e+00 6.967714e+00 -7.846740e-01 -3.643968e+00 3.691562e+00 -4.024893e+00 1.880896e+00 3.818564e+00 5.306070e+00 8.189818e+00 3.798703e-01 -5.129023e-01 -8.105206e-02 3.782067e-01 -2.704818e-02 -5.796427e-01 9.200449e-01 1.345087e+00 2.786372e-01 6.178555e-01 7.229019e-01 -1.545643e+00 -4.666547e-01 9.600810e-01 -2.805883e-01 2.602458e-04 
-5.593498e+00 7.298094e+00 -9.746616e-01 -2.084865e+00 4.433670e+00 -5.805120e+00 -2.068487e+00 4.158139e+00 5.709498e-01 1.022741e+01 2.342837e+00 -9.575909e-01 -6.672537e-02 4.213620e-01 -3.168361e-01 -1.273241e+00 9.212762e-01 1.097259e+00 -2.285850e-01 8.278297e-01 4.428275e-01 -1.123796e+00 -1.250917e+00 1.047049e+00 -1.571068e-01 -4.757988e-03 
-5.460894e+00 6.667283e+00 -3.587893e+00 1.767056e-01 1.004594e+01 -1.741593e+00 6.944865e+00 7.263286e+00 -5.458391e-02 4.837747e+00 4.198792e+00 -1.693500e+00 -8.691418e-02 3.319484e-01 -9.556562e-01 -4.370579e-01 1.430133e+00 -5.244128e-01 -1.582845e-01 1.895655e+00 2.634842e-01 -5.849643e-01 3.057311e-01 1.263899e+00 1.979913e-01 -2.922964e-03 
-5.311419e+00 5.533749e+00 -5.749271e+00 -9.479232e-01 6.000667e+00 -6.309468e+00 3.488060e+00 4.310340e+00 2.367419e+00 3.611268e+00 3.705655e+00 -7.081378e-01 -1.019109e-01 -1.488415e-01 -8.108813e-01 1.546433e-01 1.841576e-01 -1.355678e+00 6.071532e-01 1.496856e+00 -9.031036e-01 -3.423733e-01 9.095693e-01 6.316953e-01 4.881241e-01 -2.704048e-03 
-5.247082e+00 3.071605e+00 -5.826585e-01 2.938228e+00 2.859998e-01 -4.564142e+00 8.580896e+00 5.059884e+00 1.483014e+00 1.302655e+01 6.017956e+00 3.523278e-01 -7.807410e-02 -1.378870e-01 -2.779144e-01 5.238838e-02 -1.093894e+00 -1.698438e+00 9.607487e-01 -7.510137e-01 -2.380622e+00 -9.661673e-01 1.629772e+00 3.615614e-01 -9.058563e-02 4.052520e-03 
-6.444612e+00 5.041527e+00 -1.704063e+00 -2.544838e+00 2.535250e+00 -1.358080e+00 4.597779e+00 7.443211e-01 -1.909716e+00 1.068086e+01 4.591732e+00 4.601157e-01 -8.466566e-02 -3.005184e-01 -2.244879e-01 -1.797066e-01 -8.676475e-01 6.798603e-01 1.481640e+00 -8.294794e-01 -6.114743e-01 -1.298013e+00 -8.341938e-01 -3.462806e-02 1.528606e-01 3.189814e-03 
-5.583733e+00 5.523822e+00 -5.348556e+00 -4.494308e+00 3.286461e+00 5.864557e-01 2.634937e+00 -2.856815e+00 -2.746853e+00 9.451810e+00 5.563560e+00 -2.730555e+00 -7.527423e-02 -6.589107e-02 -1.260006e-01 -1.176231e+00 -9.093928e-01 1.302327e+00 3.078784e-02 -7.789258e-01 5.553709e-01 -3.651198e-01 -2.976084e+00 -5.897108e-01 2.134752e-01 -5.167448e-03 
-6.645686e+00 3.185201e+00 -4.264856e+00 -1.569893e+00 7.899738e+00 -1.476568e+00 2.313642e+00 5.211318e+00 -2.007713e+00 1.227667e+00 3.759712e+00 1.597607e+00 -8.736181e-02 1.424654e-01 -2.855335e-01 -1.186592e-01 9.820454e-01 8.985194e-01 -1.474450e+00 5.287609e-02 2.397418e+00 3.999867e-01 -2.075662e+00 -5.185099e-01 7.478392e-01 -5.770576e-03 
-5.476000e+00 3.369766e+00 -5.183417e+00 -2.096209e+00 4.115392e+00 -4.350958e+00 5.828336e+00 5.603240e+00 -2.935858e-01 2.872725e+00 3.485412e+00 8.509581e-01 -1.025633e-01 5.733623e-02 2.181918e-01 1.758340e-01 6.817846e-01 5.690545e-02 -9.734865e-01 -1.784301e-02 2.312949e+00 1.393235e+00 4.824837e-01 -1.304559e+00 -4.176267e-02 -1.577663e-03 
-5.786151e+00 4.690887e+00 -2.379928e+00 1.166339e+00 6.613382e+00 -6.261625e+00 3.265460e+00 8.501385e+00 -1.136416e+00 3.592093e+00 3.038256e+00 2.408555e+00 -9.987402e-02 1.967713e-01 8.816944e-01 -3.221075e-01 -4.237912e-01 -3.285669e-01 9.029237e-01 -1.970561e-01 -4.544590e-01 4.732329e-01 1.365277e+00 -1.322674e+00 -2.066548e-01 4.999816e-03 
-5.726819e+00 5.861938e+00 -5.411850e+00 -2.453501e+00 4.214167e+00 -1.888449e+00 2.069813e+00 7.062894e+00 3.783673e+00 1.068202e+01 -5.985057e-01 -3.344842e+00 -7.690644e-02 -1.014496e-01 1.592217e-01 -5.030261e-01 -1.395423e+00 -4.421166e-01 1.390045e+00 -6.604387e-01 -1.351254e+00 -2.726037e-01 1.151130e+00 1.920863e-01 4.087716e-01 4.725683e-03 
-5.536420e+00 6.347587e+00 -5.761177e+00 -3.510202e+00 6.207516e+00 1.806796e+00 3.207623e+00 2.209197e+00 -1.680178e+00 4.149409e+00 -8.117003e-01 2.662233e+00 -7.519114e-02 4.751091e-02 -7.955647e-01 -2.252280e-01 -1.400024e+00 3.546581e-02 1.576434e+00 1.289456e+00 -2.949665e-01 -5.959220e-01 -7.932484e-02 1.233263e+00 -1.023588e-01 4.853547e-03 
-6.108113e+00 3.337524e+00 -6.007923e+00 -6.735050e+00 2.107742e+00 -1.434944e+00 2.555061e+00 1.993066e+00 -1.384724e+00 8.349717e+00 6.370821e+00 2.767977e+00 -9.127629e-02 5.190315e-02 -1.321205e+00 9.030110e-01 -2.615370e-01 6.534967e-01 2.204688e-01 1.963320e+00 7.387089e-01 -1.104270e+00 -9.048480e-01 1.996320e+00 5.341487e-01 4.195631e-03 
-5.357949e+00 1.975271e+00 -3.208032e+00 -3.693008e+00 7.843923e+00 1.393795e+00 9.470118e+00 9.561466e+00 -1.531827e+00 4.361618e+00 5.719906e+00 -1.159649e+00 -6.842136e-02 7.312584e-02 -6.016824e-01 1.484968e+00 4.283369e-01 1.916975e-01 5.720601e-02 1.468018e+00 3.113754e-01 -2.075903e-01 -1.080374e+00 4.326909e-02 8.793960e-02 1.138897e-02 
-5.556539e+00 1.442071e+00 -2.173367e+00 -3.669783e+00 6.663446e+00 -5.796043e-01 8.755165e+00 7.080304e+00 -1.811850e+00 6.051672e+00 6.117291e+00 1.236842e+00 -5.931318e-02 -4.012083e-01 2.097593e-01 1.433999e+00 -2.156966e-01 1.310361e+00 7.475121e-01 2.195604e+00 2.295483e+00 -6.271369e-01 -5.945037e-01 -1.653429e+00 -6.873859e-01 4.455470e-02 
-5.446578e+00 4.286902e+00 -2.536144e-01 -2.901151e+00 4.888151e+00 1.665156e+00 7.447660e+00 1.222454e+00 -2.504566e+00 -1.034400e-01 -4.685899e-01 3.867498e+00 -3.422785e-02 -1.666254e+00 5.138243e-01 2.152701e+00 -2.545283e-01 1.093651e+00 -3.657716e-01 4.609443e-01 2.244947e-01 -1.258613e+00 1.716879e+00 -2.422645e+00 -1.312466e+00 7.457770e-02 
-8.069840e+00 3.230505e+00 -3.151373e-01 -8.209462e+00 1.013743e+01 2.166936e+00 1.454431e+01 1.763999e+01 -4.034039e+00 7.609728e+00 1.197927e+00 -3.182526e+00 1.144004e-01 -2.239556e+00 -1.966324e-01 1.741010e+00 -2.596088e-01 8.063806e-01 -1.568406e-01 -1.534202e+00 -8.893771e-02 -5.731371e-01 9.303697e-01 -1.094849e+00 -5.161909e-01 7.975706e-02 
-1.243257e+01 3.650175e+00 6.626357e+00 -2.695810e+00 1.157518e+01 -1.808333e+00 8.880268e+00 5.404098e+00 -6.713797e+00 1.216699e+01 -3.933636e+00 -5.512292e+00 2.176104e-01 -1.931734e+00 -1.563983e+00 -6.786418e-02 5.396870e-01 -1.926945e-01 -2.482871e+00 -2.178407e+00 -9.429397e-02 1.369229e-01 2.175863e+00 1.244332e+00 -5.646104e-01 6.920741e-02 
-1.326132e+01 7.772722e-01 3.091698e+00 -5.070498e+00 7.351833e+00 3.729372e-01 3.678513e-01 4.544794e+00 -2.572920e+00 4.568307e+00 2.375567e+00 3.345783e+00 2.135530e-01 -1.046494e+00 -2.065238e+00 -2.043283e+00 3.411987e-01 -1.216933e+00 -2.343100e+00 -2.203341e+00 -2.535707e+00 8.712015e-01 8.380264e-01 6.425790e-01 1.611070e+00 5.117585e-02 
-1.250951e+01 -2.306398e+00 -2.296353e+00 -1.772198e+00 5.317479e+00 -9.852197e+00 3.643850e+00 7.298582e+00 -2.550511e+00 1.229659e+01 5.164252e+00 -2.219708e+00 2.622330e-01 -3.999889e-01 -1.653558e+00 -3.052647e+00 -7.782655e-01 -1.536146e+00 -5.219097e-02 1.071879e+00 4.040987e-01 1.871497e+00 -8.171590e-01 -4.897952e-02 1.015877e+00 4.922729e-02 
-1.326384e+01 -4.117399e+00 -6.070199e+00 -6.965275e+00 7.181622e+00 -5.526634e+00 6.145809e+00 4.014209e+00 -1.759674e+00 1.173506e+01 -1.381221e-01 3.226531e+00 3.479684e-01 5.395613e-01 -8.026918e-01 -2.281020e+00 -1.571660e+00 -9.533058e-01 8.866184e-01 2.574547e+00 -1.379399e+00 4.873210e-01 5.804430e-01 -1.848106e+00 -5.533522e-01 5.767035e-02 
-1.443125e+01 -2.170278e+00 -4.055930e+00 -5.639749e+00 3.979561e+00 8.804982e-01 1.135069e+01 7.689883e+00 2.237065e+00 4.497815e+00 -2.921689e+00 -3.732820e-01 3.965391e-01 6.619898e-01 -1.928001e-01 -1.048449e+00 -1.642482e+00 2.277565e-01 1.861232e+00 2.717075e+00 -2.092339e+00 -5.397320e-01 9.262686e-01 -1.803953e+00 -4.650784e-01 5.076144e-02 
-9.602643e+00 -3.304247e+00 -7.433614e+00 -1.099502e+01 3.254263e+00 -5.603182e-01 9.387167e+00 -2.547851e+00 -2.530103e+00 1.136991e+01 -2.821993e+00 -3.441911e-01 4.347517e-01 1.036169e+00 -1.077761e-01 -5.864560e-01 5.968189e-03 1.796927e-02 7.730899e-02 1.630725e-01 -1.983053e+00 -2.228371e+00 1.974843e+00 -2.480553e-01 -2.043717e+00 3.014551e-02 
-1.103016e+01 -3.676974e+00 -6.856893e+00 -7.969737e+00 8.419941e+00 -3.029194e+00 1.560855e+01 1.179175e-01 -4.863956e+00 1.711051e+01 -2.513579e+00 -2.759739e+00 4.726485e-01 8.918787e-01 -1.970995e-01 -9.184488e-01 1.226245e+00 8.825957e-01 -9.423696e-01 -1.549577e+00 -5.936555e-01 -2.968678e+00 2.438839e+00 2.248879e+00 -1.409614e+00 2.187260e-02 
-9.783545e+00 -3.902931e+00 -7.601998e+00 -5.770440e+00 5.051278e+00 -3.185243e+00 4.832240e+00 -2.115074e+00 -9.351017e+00 1.530293e+01 -1.582453e+00 -5.798823e+00 4.606413e-01 1.264405e+00 6.443415e-01 8.001758e-01 1.593837e+00 -1.342609e+00 -2.755839e-02 -2.547855e+00 9.079833e-01 -1.665719e+00 -1.026825e+00 3.910779e+00 3.686478e-01 -2.177090e-02 
-9.881408e+00 -2.856433e+00 -8.563982e+00 -2.120814e+00 7.494032e+00 -2.518888e+00 5.880263e+00 4.505217e+00 -9.195868e+00 1.472550e+01 7.702939e+00 -4.694037e+00 4.929573e-01 1.866957e+00 -2.650094e-03 1.515836e+00 2.747972e+00 -2.729916e+00 -5.569374e-01 -2.666635e+00 1.904203e+00 2.236552e+00 -3.450822e+00 2.575782e+00 2.714057e+00 -3.756371e-02 
-3.854995e+00 -4.928105e-01 -2.579190e+00 -5.950296e+00 -2.995827e+00 -9.532633e-01 1.512035e+00 -2.015843e-01 -8.692742e+00 7.428287e+00 1.162365e+01 2.466197e+00 3.157428e-01 3.129186e+00 3.134477e-01 2.021648e+00 3.811153e+00 -1.159074e+00 -1.640368e+00 -1.725239e+00 1.930373e+00 4.789933e+00 -4.757506e+00 -1.637633e+00 2.427627e+00 -1.937966e-02 
-4.659652e+00 -5.395285e+00 -1.789115e+00 5.860050e+00 -1.206087e+00 -6.929871e+00 3.935476e+00 8.682190e+00 5.989664e+00 3.793719e+00 3.762280e+00 6.678038e+00 3.572792e-01 6.239373e+00 5.850738e-01 -5.686024e-01 1.322387e+00 -4.438577e-01 1.120472e+00 -2.402648e+00 -2.765749e+00 3.274788e+00 -3.734975e+00 -4.489237e+00 8.792615e-01 4.064909e-02 
3.251508e+00 -1.066267e+00 -8.811917e-01 9.294890e+00 3.605970e+00 -9.181590e+00 -2.821562e+00 5.448304e+00 7.005881e+00 -3.018711e+00 -7.800289e+00 6.532750e-01 4.315820e-01 6.990077e+00 8.869461e-01 -3.736004e+00 -6.624942e-01 3.970933e-01 4.462259e+00 -1.500058e+00 -6.762859e+00 2.152637e+00 -2.151330e+00 -3.897676e+00 -1.052360e+00 1.135505e-01 
1.776221e+01 3.556640e-01 -1.225599e+01 -3.131472e+00 1.973845e+00 7.197635e+00 -3.966177e+00 -1.214847e+01 -6.712407e-01 1.274119e+00 -5.031280e+00 6.087315e-01 6.382831e-01 6.753159e+00 2.263928e+00 -4.580070e+00 -4.657934e+00 -4.439643e-01 7.512748e+00 -1.060441e+00 -9.785756e+00 -1.425176e+00 -7.924743e-01 -9.126002e-01 -1.035311e+00 1.097007e-01 
1.988446e+01 1.066446e+00 -1.602577e+01 -4.767006e+00 -2.600327e+00 1.429428e+01 -2.037426e+00 -2.360055e+01 5.400892e+00 -2.068564e+00 -3.467953e+00 2.390506e-01 7.429931e-01 3.986993e+00 1.810661e+00 -3.707103e+00 -4.844810e+00 -8.169237e-01 7.038785e+00 5.197886e-01 -8.052781e+00 -1.849120e+00 4.017910e-01 9.870044e-01 2.425257e-01 7.381167e-02 
2.078967e+01 4.857998e+00 -1.711717e+01 -1.039867e+01 -3.227606e-01 1.889594e+01 -1.758795e+00 -2.572216e+01 -3.337199e-01 -6.437256e-01 -2.966889e+00 1.708593e+00 7.500771e-01 9.415207e-01 1.530256e+00 -1.029078e+00 -2.146161e+00 2.259419e-01 2.580246e+00 7.779201e-01 -3.503535e+00 -6.641186e-01 -6.975158e-01 1.383525e-01 6.260370e-01 2.198517e-02 
2.167274e+01 5.735869e+00 -1.698612e+01 -1.129556e+01 6.696544e-01 2.016319e+01 -1.326310e+00 -2.802875e+01 -2.408478e+00 -5.083346e-02 -3.897463e+00 1.315973e+00 7.447433e-01 4.890160e-01 6.318599e-01 -5.166785e-01 -4.093114e-01 1.294065e+00 -1.047491e-01 -2.771889e-01 -9.292034e-01 -5.010591e-01 -4.995859e-01 2.209394e-02 2.295045e-01 5.571628e-03 
2.157567e+01 5.672230e+00 -1.692121e+01 -1.059800e+01 1.468565e+00 1.716441e+01 -4.321346e-01 -2.745204e+01 -8.714879e-02 -3.222325e+00 -4.124763e+00 3.200455e+00 7.473339e-01 1.005284e-01 -8.402704e-01 -4.568263e-01 2.018347e+00 6.936980e-01 -1.798038e+00 -1.749631e+00 -9.702160e-01 2.267205e+00 -6.570224e-01 4.532016e-01 -1.471549e-01 1.528952e-02 
2.193653e+01 3.818629e+00 -1.870714e+01 -6.713900e+00 2.974336e+00 1.463630e+01 -4.086701e+00 -2.738163e+01 2.772311e+00 -3.277194e+00 -2.778547e+00 6.406419e-01 7.722229e-01 -3.268482e-01 -1.833802e+00 -5.954383e-01 3.519832e+00 6.445093e-01 -2.974241e+00 -3.574947e+00 -6.928743e-01 3.679722e+00 -7.162778e-01 1.419909e+00 -4.906530e-02 3.248791e-02 
2.116041e+01 1.615266e+00 -1.854079e+01 -2.597765e+00 1.993389e+00 1.266919e+01 -9.126752e+00 -3.089681e+01 8.411908e+00 -2.315657e+00 -1.260339e+00 1.310484e+00 8.127850e-01 -7.422779e-01 -2.677862e+00 2.832188e-01 4.688418e+00 -5.193548e-02 -4.016397e+00 -5.024553e+00 7.043301e-01 4.106868e+00 -3.582905e-01 1.740268e+00 -5.107754e-01 3.770955e-02 
2.024613e+01 -1.404656e+00 -1.915352e+01 2.303484e+00 3.629789e+00 7.539591e+00 -1.485373e+01 -2.977074e+01 1.174060e+01 -4.085556e+00 1.769871e+00 2.015632e+00 8.744574e-01 -1.145556e+00 -3.071895e+00 1.550799e+00 5.516396e+00 -1.436247e+00 -5.177998e+00 -5.094105e+00 3.483528e+00 3.337244e+00 -1.615665e-01 4.940473e-01 -4.183405e-01 4.046050e-02 
1.870948e+01 -5.105437e+00 -1.528193e+01 8.335402e+00 8.811607e-01 6.307807e-01 -2.017138e+01 -2.273583e+01 1.596305e+01 -4.609596e+00 2.302370e+00 -4.091716e-02 8.847644e-01 -1.326583e+00 -3.163026e+00 3.752836e+00 5.151395e+00 -3.259152e+00 -5.410537e+00 -3.912707e+00 6.924652e+00 9.409877e-01 -1.144186e+00 -8.482491e-01 6.404241e-01 3.165144e-02 
1.743422e+01 -8.180496e+00 -1.258258e+01 1.540150e+01 -3.650783e+00 -5.234489e+00 -2.403491e+01 -1.404447e+01 1.568296e+01 -2.938057e+00 -2.089664e+00 -7.753601e-01 9.385357e-01 -1.442695e+00 -2.808187e+00 6.106669e+00 3.626535e+00 -5.394266e+00 -4.279108e+00 -4.218599e-01 6.651994e+00 -1.441410e+00 -1.680018e+00 -1.389748e+00 2.096541e+00 1.796528e-02 
1.593345e+01 -1.081194e+01 -3.062082e+00 1.661020e+01 -1.066209e+01 -7.996455e+00 -2.409970e+01 -4.136678e+00 1.114567e+01 -8.610337e+00 -3.571817e+00 5.908101e+00 9.390030e-01 -1.772320e+00 -1.860830e+00 7.440890e+00 5.568005e-01 -5.235394e+00 -2.035797e+00 2.547970e+00 4.187050e+00 -3.309606e+00 -2.181060e+00 -3.793730e-01 2.248118e+00 1.241726e-02 
1.442067e+01 -1.259234e+01 5.269905e+00 1.629876e+01 -1.756992e+01 -9.542331e+00 -1.499888e+01 -5.810349e+00 6.942246e+00 -1.048528e+01 -2.241774e+00 9.523829e+00 9.371644e-01 -2.115342e+00 -7.576173e-01 7.371023e+00 -1.766393e+00 -4.155951e+00 4.713104e-01 3.756460e+00 1.487401e+00 -3.157838e+00 -2.521467e+00 1.380536e+00 9.883331e-01 7.607132e-03 
1.135466e+01 -1.220366e+01 1.299628e+01 1.067077e+01 -1.833624e+01 -7.394284e+00 -1.194955e+01 -5.917645e+00 3.785374e+00 -1.174129e+01 4.815595e-01 6.050080e+00 9.475363e-01 -2.110820e+00 7.665062e-02 5.504030e+00 -2.454175e+00 -2.132933e+00 1.826920e+00 3.103332e+00 -5.540455e-01 -1.613119e+00 -2.019026e+00 1.941788e+00 -1.358985e+00 1.438137e-02 
9.146913e+00 -1.127272e+01 1.624335e+01 9.539245e+00 -2.059346e+01 -3.179023e+00 -1.132769e+01 -5.716986e+00 3.573920e+00 -1.397992e+01 2.786328e+00 4.095316e+00 9.723047e-01 -1.660264e+00 3.005176e-01 3.871020e+00 -2.062837e+00 -7.993854e-01 2.633686e+00 7.354307e-01 2.487712e-01 -9.934686e-01 -1.990613e+00 1.675557e+00 -2.356324e+00 1.714746e-02 
8.016232e+00 -1.108850e+01 1.897134e+01 7.719087e+00 -1.981498e+01 -2.043508e+00 -1.041863e+01 -6.953587e+00 4.764235e+00 -1.695815e+01 3.623070e+00 1.827432e+00 9.933397e-01 -1.152123e+00 7.188419e-01 2.248298e+00 -7.339282e-01 -5.389433e-01 2.452802e+00 -1.966650e-01 4.722289e-01 -1.040667e+00 -1.121256e+00 6.498240e-01 -1.801083e+00 1.036501e-02 
7.788566e+00 -1.164734e+01 2.163747e+01 7.460413e+00 -2.082747e+01 9.507118e-01 -1.208718e+01 -4.048522e+00 1.485472e+00 -1.782991e+01 4.565258e+00 -1.464674e-01 1.000000e+00 -6.335374e-01 1.081797e+00 1.489276e+00 -1.724511e-01 -5.053350e-01 2.392924e+00 -7.104223e-01 2.842998e-01 -9.394375e-01 -6.652699e-01 -1.599850e-01 -1.021910e+00 -3.329343e-03 
6.273212e+00 -8.422148e+00 2.154071e+01 8.040548e+00 -2.091395e+01 2.804861e+00 -1.255313e+01 -4.390733e+00 -3.737359e-01 -1.542257e+01 2.841215e+00 -8.344451e-01 9.855137e-01 -4.176295e-01 1.404199e+00 1.328152e+00 -3.672014e-01 -1.467655e-01 2.289479e+00 -1.112793e+00 5.166650e-01 -1.056688e+00 7.870674e-03 -1.006663e+00 -7.555485e-02 -1.393639e-02 
6.850735e+00 -7.196913e+00 2.240505e+01 8.516258e+00 -2.257065e+01 6.361412e+00 -1.381255e+01 -5.576914e+00 1.445718e+00 -1.807405e+01 2.377330e+00 3.167026e-01 9.595710e-01 -5.938975e-01 1.588939e+00 1.130837e+00 -9.560423e-02 1.883003e-01 1.522608e+00 -6.698536e-01 -7.990084e-02 8.364169e-02 -8.202085e-01 -7.701402e-01 1.483347e-01 -1.650036e-02 
6.396999e+00 -6.292712e+00 2.522832e+01 5.355157e+00 -1.967722e+01 6.698535e+00 -1.511991e+01 -3.606066e+00 -4.993290e-01 -1.679672e+01 -3.162793e-01 1.218072e+00 9.438723e-01 -3.591108e-01 1.005720e+00 1.638777e+00 -8.839884e-02 7.633060e-01 4.547995e-01 -1.313799e-01 -3.823230e-01 4.320397e-01 -8.507298e-01 -7.732121e-01 7.012672e-01 -2.150250e-02 
4.757185e+00 -4.767360e+00 2.544786e+01 8.325088e+00 -2.050434e+01 6.616912e+00 -1.415306e+01 -4.840360e+00 1.966477e+00 -2.124388e+01 2.293304e+00 -4.310524e-01 9.383189e-01 -1.778847e-01 6.391653e-01 1.768837e+00 6.734973e-01 1.157831e+00 -4.000932e-01 1.947680e-01 -7.000499e-01 5.198514e-02 1.467194e-01 -4.644504e-01 8.653604e-01 -3.323592e-02 
5.524434e+00 -4.608326e+00 2.821319e+01 7.694139e+00 -1.813058e+01 4.951108e+00 -1.303977e+01 -6.670625e+00 1.526083e+00 -1.809131e+01 -9.828323e-01 3.045769e+00 8.886272e-01 1.132147e-02 3.016944e-01 9.527887e-01 1.249850e+00 7.574762e-01 2.187744e-01 4.780478e-01 -8.518119e-01 1.573312e-01 3.017511e-01 -8.477054e-02 7.721256e-01 -2.732316e-02 
6.397594e+00 -4.843279e+00 2.975680e+01 1.071425e+01 -1.755482e+01 5.234660e+00 -1.387878e+01 -7.544884e+00 6.929376e-01 -1.669317e+01 3.883550e-01 3.729656e+00 8.210139e-01 -2.260815e-01 5.210791e-01 4.468449e-01 1.077130e+00 3.552729e-01 8.981347e-01 1.832190e-01 -6.529284e-02 -1.383297e-02 2.848421e-01 3.636010e-01 9.762251e-01 -1.942596e-02 
5.633401e+00 -4.746280e+00 2.783779e+01 1.040982e+01 -1.736460e+01 8.483534e+00 -1.286681e+01 -6.512863e+00 9.240969e-01 -1.756332e+01 2.123424e-01 2.998346e+00 8.659090e-01 -6.868309e-01 1.943979e+00 -5.055687e-01 2.711238e-01 8.606316e-01 5.325888e-01 5.615352e-01 2.061987e+00 -1.407044e+00 6.973530e-01 8.527666e-01 2.886241e-01 -5.278411e-02 
3.572293e+00 -2.092988e+00 2.786978e+01 1.235289e+01 -1.911097e+01 9.341373e+00 -1.332344e+01 -5.245705e+00 2.198306e+00 -2.008366e+01 3.513721e+00 4.473784e+00 8.525482e-01 -1.491623e+00 2.688560e+00 -1.570617e+00 -2.002297e+00 4.040934e+00 -4.480829e-02 3.183043e+00 2.647347e+00 -2.311931e+00 3.619592e+00 6.946711e-02 -1.028428e+00 -9.181359e-02 
3.502930e+00 3.736422e+00 2.662886e+01 8.230438e+00 -1.304935e+01 5.560695e+00 -1.050977e+01 2.489721e+00 -6.261820e+00 -1.290930e+01 1.718318e+00 4.116825e+00 6.089395e-01 -2.121209e+00 1.363866e+00 -3.770270e+00 -3.599574e+00 6.157842e+00 -4.896398e-01 5.585556e+00 3.499789e+00 -1.452447e+00 5.705250e+00 -3.721519e-01 -1.309016e+00 -1.083543e-01 
4.714966e-03 4.358167e+00 2.250818e+01 1.792461e+00 4.922242e-01 6.472038e+00 8.579092e-01 1.190560e+00 -7.273759e+00 -9.222209e-01 -1.729712e-02 -1.971725e+00 4.904307e-01 -2.998614e+00 -4.924476e-01 -4.559732e+00 -4.154722e+00 5.157006e+00 -5.116333e-01 5.775359e+00 2.467752e+00 -9.324757e-01 6.360652e+00 -5.177482e-01 -1.835181e+00 -7.474767e-02 
-3.188856e+00 -1.152527e+00 1.166724e+01 -2.307830e+00 3.623022e+00 7.470002e+00 7.970292e+00 7.767950e+00 -1.602106e+00 1.382206e+00 1.170920e-01 -3.239794e-01 5.051963e-01 -2.291806e+00 -2.386328e+00 -4.625964e+00 -3.356388e+00 1.086797e+00 -2.163461e+00 2.786117e+00 4.393353e-01 -2.157790e-01 3.347486e+00 -5.356756e-01 -1.479841e+00 -1.172030e-02 
-8.074882e+00 -2.110751e+00 1.255193e+01 -3.151584e+00 -1.662120e+00 5.828553e+00 6.313323e+00 4.453940e+00 -4.793930e+00 4.573851e+00 1.725593e+00 -2.481718e+00 5.306815e-01 -6.289585e-01 -2.162133e+00 -2.758531e+00 -9.679059e-01 -2.239150e+00 -4.135831e+00 -5.903271e-01 -5.891099e-01 -1.251929e+00 -6.358185e-01 -1.193532e+00 -9.398646e-01 -3.714639e-03 
-3.916304e+00 -4.960759e+00 8.477160e+00 -6.079480e+00 -6.538188e+00 -4.934868e+00 6.931119e-01 3.054707e+00 -8.580629e+00 1.080099e+00 -1.831505e+00 -3.027385e+00 5.302126e-01 4.940358e-01 -1.613708e+00 -1.714177e+00 6.085528e-01 -2.171288e+00 -4.618575e+00 -1.648241e+00 -1.097544e+00 -6.993218e-01 -6.156201e-01 -8.043455e-01 -1.093183e+00 -4.027767e-02 
-2.776354e+00 -4.548382e+00 1.031056e+01 -1.161244e+00 -5.622919e+00 -8.004681e+00 1.544864e+00 6.016321e-01 -1.004414e+01 -3.950259e+00 -5.010660e+00 -5.319345e+00 4.593493e-01 1.323262e+00 -1.291835e+00 -2.211679e+00 2.014576e+00 -7.595684e-01 -3.482253e+00 -1.316718e+00 8.862588e-02 8.999656e-01 -8.430020e-01 2.166510e-01 3.792147e-01 -7.026084e-02 
-3.367941e+00 -8.002251e+00 4.217038e+00 -2.602358e-01 -5.253016e+00 -8.706253e+00 2.113318e+00 4.206385e+00 -2.473608e+00 2.566161e+00 -5.365090e-01 -4.371079e+00 3.394740e-01 1.068130e+00 -1.844590e-01 -2.074275e+00 3.390203e+00 9.662379e-01 -7.398920e-02 1.538423e+00 2.330654e+00 1.542436e+00 -1.130569e+00 8.950166e-02 -7.646523e-02 -8.210784e-02 
-1.732753e+00 -7.049178e+00 3.623596e+00 4.011675e+00 -6.102548e+00 -9.697017e+00 -9.803696e-01 4.321231e+00 -3.347613e+00 -3.841901e-01 2.161350e+00 8.620262e-02 2.747466e-01 1.253027e+00 8.944808e-01 -2.188029e+00 1.972975e+00 8.804210e-01 5.235704e-01 1.825680e+00 3.338306e+00 2.085376e+00 -1.540511e+00 -4.970024e-01 -6.525487e-02 -7.892815e-02 
9.025478e-01 -4.632656e+00 1.449265e+00 8.285074e+00 -1.467184e+00 -4.458646e+00 9.647843e+00 1.284818e+01 -4.216717e+00 -6.355780e+00 -4.970002e+00 -6.112485e+00 2.119748e-01 7.843919e-01 1.923059e+00 -1.356738e+00 1.648180e+00 2.114992e+00 6.071191e-01 5.157758e-01 1.469973e+00 1.032759e+00 -1.704295e+00 -1.422991e+00 4.392510e-02 -7.301650e-02 
1.353539e+00 -1.760775e+00 7.543051e-01 4.430978e+00 -3.113730e+00 -7.510633e+00 6.905999e+00 1.297226e+01 1.254288e+00 -7.191842e+00 -5.278925e+00 -4.774917e+00 1.284582e-01 1.575320e-01 2.011757e+00 -1.554419e+00 1.431979e-01 2.578840e+00 4.689436e-01 -7.775170e-01 6.994478e-01 1.377079e+00 -1.376414e-01 -1.300682e+00 1.877536e-01 -6.365056e-02 
-9.891272e-01 -1.031154e+00 -1.132004e+00 7.771013e+00 3.827533e+00 -6.763850e+00 7.490129e-01 7.230734e+00 3.892386e-01 -2.551491e+00 -3.931326e+00 -1.720894e+00 4.753572e-02 -7.625729e-01 1.061486e+00 -1.794081e+00 -4.358990e-01 3.038837e+00 3.926331e-01 -2.291007e+00 -1.104523e+00 1.138808e+00 2.260880e+00 5.881842e-01 2.107737e+00 -4.814173e-02 
7.448196e-04 1.208857e+00 -2.857863e+00 4.984694e+00 4.144293e+00 -6.199697e+00 -4.185395e-01 1.062719e+01 1.234803e+00 -2.974541e+00 -4.861400e+00 -1.170825e+00 3.871334e-02 -8.019739e-01 4.049955e-01 -1.720988e+00 -7.054284e-01 2.578697e+00 6.860551e-01 -1.036714e+00 -1.233627e+00 9.373234e-02 1.872570e+00 -5.857047e-01 3.670810e-01 -3.408378e-02 
-2.233920e+00 -8.100395e-01 -5.715058e+00 5.828721e+00 1.009799e+01 -3.150948e+00 1.855080e+00 8.498101e+00 1.487063e+00 2.839968e+00 -2.237843e+00 2.624155e+00 1.613861e-02 -1.819119e-01 4.137294e-01 -1.196164e+00 -1.164960e+00 1.278334e+00 1.227711e+00 9.792740e-01 1.751344e-01 3.584220e-01 -4.415802e-01 -2.004145e+00 -1.230087e+00 -2.196394e-02 
-2.033935e+00 1.536453e-01 -5.559110e+00 1.874982e+00 6.644527e+00 -5.886808e+00 1.169397e+00 6.170445e+00 1.174038e+00 -5.247219e-01 -9.054191e+00 -5.112036e+00 -2.626216e-02 -2.806684e-01 5.072894e-02 -1.065178e+00 -1.615690e+00 -8.689889e-01 5.001899e-01 5.991319e-01 3.083653e-02 4.245183e-01 -7.206589e-01 -1.028571e+00 -4.947329e-02 -1.771125e-02 
-8.813467e-01 1.565099e+00 -5.762199e+00 3.501069e+00 8.969086e+00 -7.817399e-01 4.851415e+00 1.033478e+01 2.211731e+00 -5.984302e+00 -1.185566e+01 -5.900724e+00 -2.979624e-02 -4.878531e-02 7.139229e-01 -3.882350e-01 -1.745455e+00 -1.908866e+00 -2.312106e-01 4.562750e-02 -5.387133e-01 -7.250926e-01 -6.322812e-01 2.616568e-01 -7.284556e-02 -1.415448e-02 
-2.078884e+00 2.749324e-01 -8.160181e+00 -1.929930e+00 3.638015e-01 -4.883352e+00 1.078953e+00 9.863036e+00 2.995060e+00 -2.165701e+00 -5.195349e+00 2.844248e+00 -2.687550e-02 -1.593703e-01 1.114254e+00 -3.857439e-01 -1.206869e+00 -4.805225e-01 -4.167121e-01 -9.879030e-01 -7.085788e-01 -6.609551e-01 1.019306e+00 2.153759e+00 2.767932e-01 -6.919146e-03 
-2.455372e+00 2.698931e+00 -6.355698e+00 -9.960994e-01 3.694025e+00 -4.808730e+00 2.128440e+00 3.958240e+00 -3.048912e+00 4.990516e-01 -2.858980e+00 -1.718215e+00 -5.432713e-02 -3.544520e-01 1.056479e+00 5.057864e-02 -2.111817e+00 2.405911e-02 1.318525e-01 -1.090799e+00 -1.944589e+00 -1.845646e+00 1.371882e+00 1.146399e+00 -5.281881e-01 -9.154474e-03 
-2.043774e+00 5.158000e+00 -7.191080e+00 -1.910781e+00 6.879445e+00 -5.956874e+00 -2.408630e+00 5.815822e+00 4.995836e-01 1.330133e+00 -2.783734e+00 -5.819324e+00 -4.859245e-02 -5.333122e-01 7.681825e-01 -1.676773e-01 -1.875605e+00 1.359944e+00 2.411307e+00 6.013719e-01 -1.640856e+00 -1.035271e+00 5.103242e-01 -6.998109e-01 -2.158397e+00 -6.044781e-03 
-2.671162e+00 4.405960e+00 -5.993856e+00 -7.067589e+00 5.831559e+00 4.142838e-01 1.141212e+00 2.635442e+00 -5.768761e+00 -8.728094e-01 -7.329468e+00 -4.209878e+00 -6.471014e-02 -3.918430e-01 2.542806e-01 -4.115185e-01 -1.189844e+00 1.621534e+00 3.191696e+00 1.812917e+00 6.632886e-01 1.423512e+00 5.021424e-01 -6.625516e-01 -6.067153e-01 -5.010271e-03 
-4.637550e+00 3.262330e+00 -9.179487e+00 -8.272208e+00 6.094757e+00 4.561677e+00 4.579426e+00 2.320153e+00 -8.213698e-01 1.071850e+00 -6.459159e+00 -6.701904e+00 -5.190790e-02 -5.422783e-01 -4.539588e-01 -5.718309e-01 -5.805585e-01 4.892309e-01 1.660932e+00 1.459757e+00 4.960722e-01 2.089440e+00 2.279336e+00 1.143290e+00 6.059034e-01 -7.210791e-03 
-3.117699e+00 4.918169e+00 -7.419086e+00 -3.764608e+00 1.219404e+01 5.890476e+00 7.698997e+00 9.022516e+00 4.729124e+00 3.138905e+00 -4.334025e+00 -4.310502e+00 -7.772076e-02 -5.310594e-01 -1.166760e-02 2.116015e-01 1.222257e+00 6.856253e-01 -7.553949e-01 -3.543031e-01 -5.918999e-01 1.258575e+00 3.113327e+00 3.172179e+00 8.305815e-01 -3.964448e-03 
-4.531897e+00 2.632102e+00 -9.337620e+00 -6.465064e+00 6.144359e+00 -3.903103e-01 1.611261e+00 5.102645e+00 5.697840e+00 1.072096e+01 1.434995e+00 -2.739496e+00 -7.814109e-02 -2.071686e-02 7.538697e-01 1.290591e+00 1.170018e+00 -4.631981e-01 -1.694590e+00 -8.744101e-02 -5.919095e-01 -9.911848e-01 7.891535e-01 2.266449e+00 1.479061e+00 -4.005504e-03 
-5.379286e+00 4.662736e+00 -4.856783e+00 -1.859877e+00 9.234885e+00 -8.866972e-01 8.537793e-01 -1.715303e+00 -2.735493e+00 9.869271e+00 4.584350e+00 -2.038174e+00 -7.141578e-02 -2.984115e-01 5.108555e-01 1.144992e+00 3.326386e-01 -1.475392e+00 -1.683915e+00 3.403711e-02 -1.629127e+00 -2.724206e+00 -1.261719e+00 1.313644e+00 2.177394e+00 3.280640e-04 
-3.610341e+00 7.159395e+00 -4.007687e+00 -3.374482e+00 5.258344e+00 -5.226865e-01 7.564830e+00 4.729515e+00 -2.044985e+00 1.652434e+00 4.138985e-01 -4.427609e-01 -7.508790e-02 1.967539e-01 6.055570e-01 8.925396e-01 5.671323e-01 -9.921086e-02 -5.364341e-01 1.469174e+00 5.463689e-01 -1.793214e+00 -2.945830e+00 -1.520181e+00 1.030675e+00 -1.935244e-04 
-5.070534e+00 5.208800e+00 -4.359091e+00 -3.646707e+00 5.260090e+00 -2.462910e+00 4.892398e+00 1.063449e+00 -5.020496e+00 1.364569e+00 2.744745e+00 5.428100e+00 -7.760704e-02 9.421015e-02 -2.185374e-01 -4.238944e-01 -8.095406e-01 -2.191076e-01 -1.073323e-01 1.292606e+00 2.367854e+00 4.235533e-01 -1.032291e+00 -9.129480e-01 1.167793e+00 -2.248228e-03 
-3.702503e+00 5.386855e+00 -5.123768e+00 -2.735988e+00 7.635702e+00 -2.284374e+00 6.937821e+00 6.445113e+00 -2.125731e+00 2.441573e-01 -5.246108e+00 -1.319259e+00 -7.601309e-02 -5.565786e-01 -9.514157e-01 -9.131514e-01 -3.047388e-01 6.034190e-01 8.900470e-01 1.266391e+00 1.221296e+00 4.103354e-01 1.035530e+00 -1.882585e-01 -3.637179e-01 -5.900502e-04 
-4.862154e+00 4.456320e+00 -6.418215e+00 -6.226827e+00 6.950668e+00 -5.425150e-01 7.630315e+00 9.266168e+00 -5.773541e-01 5.411955e+00 2.849613e+00 4.239040e+00 -8.219433e-02 -1.379365e-01 -1.897779e-01 -4.534287e-01 3.847566e-02 8.191782e-01 1.477550e+00 1.718184e+00 1.346853e+00 1.257964e-02 8.566706e-01 -1.490850e-02 -1.847243e+00 -1.013553e-03 
-6.497424e+00 2.778557e+00 -7.543882e+00 -3.608116e+00 7.430150e+00 2.967351e+00 1.252783e+01 6.734635e+00 -2.214880e+00 4.806394e+00 -5.798277e-01 -1.666821e+00 -7.574451e-02 -3.306077e-01 -1.219335e-01 3.308392e-02 -2.530406e-01 -8.160105e-02 9.026148e-02 -4.252865e-01 -1.258651e+00 -7.378815e-01 -6.144106e-02 7.811507e-01 -8.292135e-01 -1.681674e-03 
-4.362756e+00 5.564060e+00 -5.416178e+00 -3.018264e+00 9.458757e+00 2.298978e+00 1.068832e+01 7.652954e+00 -4.913024e+00 3.366804e+00 3.370627e-01 -3.634332e+00 -8.280909e-02 -9.302864e-02 1.326801e-01 7.670825e-01 4.139318e-01 -2.509653e-01 -4.748725e-01 -1.320513e+00 -1.720154e+00 1.428117e-01 -1.656465e-01 -4.374101e-01 -4.693314e-01 1.834238e-03 
-5.605241e+00 4.223318e+00 -5.459367e+00 -5.605472e+00 5.973652e+00 -3.253813e+00 3.282388e+00 9.584668e-01 -3.647303e+00 9.595275e-01 -8.407933e-02 -1.528640e+00 -8.411407e-02 -3.257370e-03 2.953781e-02 1.190271e+00 3.139997e-01 -8.239365e-01 -1.107991e+00 -2.207087e+00 -5.887716e-01 2.269353e+00 1.017743e+00 6.844648e-01 1.282637e+00 -3.009439e-04 
-5.773389e+00 4.397340e+00 -3.625060e+00 -3.158490e+00 6.424091e+00 1.937043e-01 5.650470e+00 3.553482e+00 8.529161e-01 6.507155e+00 4.146880e-01 1.823293e+00 -6.883836e-02 -3.521704e-01 -7.938334e-02 7.985981e-01 1.035835e-01 -1.612535e+00 -8.516734e-01 -3.542435e-01 4.206134e-01 1.426692e+00 2.161312e-02 1.260898e+00 2.412771e+00 -5.948544e-06 
-5.808394e+00 3.509606e+00 -2.488087e+00 -1.968004e+00 4.827801e+00 -1.519970e+00 4.011318e+00 5.840513e+00 6.248914e+00 8.324935e+00 2.803683e+00 2.017550e+00 -8.423460e-02 -1.082222e-01 3.728022e-01 5.817311e-01 1.412192e-01 -1.246437e+00 -2.165011e-01 1.344265e+00 1.647458e+00 -1.741321e-01 -9.049713e-01 1.534649e+00 2.120327e+00 -1.126921e-03 
-6.022031e+00 5.523999e+00 -2.908827e+00 -4.319080e+00 1.969007e+00 -2.826311e+00 8.552633e+00 7.314998e+00 -2.727670e+00 -2.078340e-01 5.197673e+00 6.656426e+00 -8.277857e-02 -7.109203e-02 4.267711e-01 1.011724e-01 -4.672257e-01 -1.176896e+00 -7.346371e-01 1.034564e+00 8.997515e-01 -1.613776e+00 -2.196275e+00 1.195996e+00 1.430514e+00 -2.642441e-03 
